true_labels,predictions,mse,anomalies
0.0,0.51981264,0.2742126,0
0.0,0.5198225,0.27428323,0
0.0,0.51987964,0.27433425,0
0.0,0.519884,0.2744046,0
0.0,0.5199412,0.2744893,0
0.0,0.5199392,0.2744829,0
0.0,0.5200056,0.2745684,0
0.0,0.5200166,0.2745175,0
0.0,0.52004635,0.2745946,0
0.0,0.5199856,0.27457765,0
0.0,0.519981,0.27446142,0
0.0,0.519985,0.2744502,0
0.0,0.5199938,0.27453524,0
0.0,0.51990926,0.2744044,0
0.0,0.5198917,0.27436864,0
0.0,0.5199371,0.2744904,0
0.0,0.51999736,0.27458638,0
0.0,0.5199785,0.27470154,0
0.0,0.52001435,0.27487677,0
0.0,0.52007484,0.2749978,0
0.0,0.52023536,0.27531075,0
0.0,0.52020085,0.27535993,0
0.0,0.5203843,0.27551168,0
0.0,0.52039385,0.27559036,0
0.0,0.5205109,0.27583557,0
0.0,0.5204005,0.27566004,0
0.0,0.5205597,0.27601123,0
0.0,0.52072906,0.27632022,0
0.0,0.520775,0.27605873,0
0.0,0.52069634,0.27582842,0
0.0,0.5210063,0.27594748,0
0.0,0.5209351,0.2757517,0
0.0,0.5205889,0.2754534,0
0.0,0.5204252,0.27529752,0
0.0,0.52093816,0.2759797,0
0.0,0.5211124,0.27612102,0
0.0,0.52064216,0.2756908,0
0.0,0.520687,0.2758786,0
0.0,0.52117604,0.2766077,0
0.0,0.521552,0.27736774,0
0.0,0.52092963,0.27672583,0
0.0,0.5210036,0.27699697,0
0.0,0.5215188,0.2778612,0
0.0,0.52203554,0.27860227,0
0.0,0.5213549,0.27802905,0
0.0,0.5216085,0.27811235,0
0.0,0.5220074,0.27836964,0
0.0,0.52244085,0.27869874,0
0.0,0.52159667,0.27770507,0
0.0,0.5214839,0.277472,0
0.0,0.52190065,0.2776603,0
0.0,0.5221177,0.27777207,0
0.0,0.52154905,0.27718046,0
0.0,0.52134615,0.27689204,0
0.0,0.52167255,0.27722642,0
0.0,0.5219298,0.27780777,0
0.0,0.5218892,0.2781608,0
0.0,0.5220166,0.27860352,0
0.0,0.5225566,0.2791178,0
0.0,0.52261424,0.2792254,0
0.0,0.5230181,0.28017014,0
0.0,0.52307844,0.2802233,0
0.0,0.52356213,0.2808743,0
0.0,0.5231228,0.28080028,0
0.0,0.5232328,0.28058743,0
0.0,0.52304083,0.28020155,0
0.0,0.5233232,0.28034925,0
0.0,0.5225275,0.27919778,0
0.0,0.52243674,0.27900714,0
0.0,0.5222547,0.27793774,0
0.0,0.52236176,0.27691758,0
0.0,0.52124906,0.27536032,0
0.0,0.5208336,0.2747548,0
0.0,0.5208085,0.27489772,0
0.0,0.52167195,0.2756525,0
0.0,0.5203388,0.2733489,0
0.0,0.52009344,0.27295095,0
0.0,0.5197724,0.2730631,0
0.0,0.5212767,0.27460074,0
0.0,0.5195035,0.27274042,0
0.0,0.51882166,0.27239132,0
0.0,0.5184126,0.272141,0
0.0,0.5201166,0.2740221,0
0.0,0.51835334,0.2724988,0
0.0,0.5177003,0.27137482,0
0.0,0.51758385,0.27037674,0
0.0,0.51948494,0.27198398,0
0.0,0.5176376,0.26969868,0
0.0,0.5164738,0.26791045,0
0.0,0.51666033,0.26722962,0
0.0,0.51848835,0.2684055,0
0.0,0.5167074,0.2658785,0
0.0,0.5156016,0.26343983,0
0.0,0.5159962,0.26347023,0
0.0,0.51740533,0.26479045,0
0.0,0.515534,0.2617101,0
0.0,0.5144575,0.25991696,0
0.0,0.5147009,0.26002544,0
0.0,0.5151598,0.26113677,0
0.0,0.51420367,0.26040423,0
0.0,0.5130461,0.2589232,0
0.0,0.5138633,0.2603894,0
0.0,0.5138933,0.2605028,0
0.0,0.5136654,0.26014507,0
0.0,0.5125559,0.2585736,0
0.0,0.51295155,0.25760776,0
0.0,0.5116731,0.25564653,0
0.0,0.51126593,0.2548038,0
0.0,0.50959814,0.25256613,0
0.0,0.50947666,0.25127918,0
0.0,0.50774294,0.24808517,0
0.0,0.5076375,0.24744017,0
0.0,0.5066611,0.24545002,0
0.0,0.50630224,0.24386314,0
0.0,0.5049519,0.24183741,0
0.0,0.5049563,0.24100459,0
0.0,0.5042821,0.23978487,0
0.0,0.5037924,0.23941126,0
0.0,0.50266165,0.23881322,0
0.0,0.50332993,0.23917654,0
0.0,0.50302124,0.2389183,0
0.0,0.50352466,0.2400881,0
0.0,0.50275695,0.23853004,0
0.0,0.50343734,0.23926795,0
0.0,0.50311667,0.24019517,0
0.0,0.50375855,0.2395052,0
0.0,0.50198996,0.23631185,0
0.0,0.502146,0.23670286,0
0.0,0.50083023,0.23433791,0
0.0,0.50095683,0.23211782,0
0.0,0.49985054,0.22871777,0
0.0,0.4998761,0.22731781,0
0.0,0.49873233,0.22520071,0
0.0,0.4993093,0.22515602,0
0.0,0.49885014,0.225211,0
0.0,0.4993231,0.22396812,0
0.0,0.4975377,0.2208355,0
0.0,0.49844417,0.22318646,0
0.0,0.49817988,0.22324851,0
0.0,0.49852404,0.2237346,0
0.0,0.4968026,0.22224158,0
0.0,0.49782193,0.2231212,0
0.0,0.4984925,0.22457945,0
0.0,0.4983602,0.22442754,0
0.0,0.49746767,0.22315754,0
0.0,0.49715024,0.22211272,0
0.0,0.4973393,0.22106007,0
0.0,0.49577323,0.21920034,0
0.0,0.49456233,0.21794721,0
0.0,0.49330986,0.2149319,0
0.0,0.49443716,0.21456474,0
0.0,0.49281535,0.2126389,0
0.0,0.49242854,0.2096824,0
0.0,0.49128047,0.20691949,0
0.0,0.4927704,0.20795782,0
0.0,0.49099424,0.20482191,0
0.0,0.49072477,0.20382896,0
0.0,0.48979315,0.20443219,0
0.0,0.49170503,0.2090463,0
0.0,0.4922646,0.21101433,0
0.0,0.49335897,0.21369217,0
0.0,0.49446392,0.21721041,0
0.0,0.49669674,0.21891156,0
0.0,0.49949035,0.2220706,0
0.0,0.4977456,0.22244206,0
0.0,0.4976774,0.22191586,0
0.0,0.49700475,0.22060022,0
0.0,0.50145197,0.22610834,0
0.0,0.4979818,0.22370832,0
0.0,0.49882337,0.22235957,0
0.0,0.49852765,0.22006732,0
0.0,0.5046707,0.22472148,0
0.0,0.50027466,0.21973751,0
0.0,0.500162,0.21910073,0
0.0,0.49872017,0.21759593,0
0.0,0.50497675,0.22386548,0
0.0,0.50073445,0.22110577,0
0.0,0.5020972,0.22555164,0
0.0,0.5022913,0.22829132,0
0.0,0.50989795,0.23681134,0
0.0,0.5073454,0.23511435,0
0.0,0.5095634,0.23940459,0
0.0,0.50966895,0.2409608,0
0.0,0.5136719,0.24501124,0
0.0,0.5095232,0.24356045,0
0.0,0.5090932,0.24563155,0
0.0,0.509643,0.24894524,0
0.0,0.51290053,0.25411466,0
0.0,0.5107419,0.2517296,0
0.0,0.5125422,0.25257993,0
0.0,0.51637006,0.25282806,0
0.0,0.5173908,0.2529926,0
0.0,0.5151108,0.25139278,0
0.0,0.51507396,0.25126177,0
0.0,0.52017415,0.25982594,0
0.0,0.5210905,0.26152107,0
0.0,0.5198726,0.261329,0
0.0,0.5224791,0.2689258,0
0.0,0.5289534,0.27628767,0
0.0,0.53085697,0.27975607,0
0.0,0.5290885,0.28241903,0
0.0,0.53160584,0.28897297,0
0.0,0.5372451,0.301458,0
0.0,0.53870046,0.30800444,0
0.0,0.5364421,0.30847794,0
0.0,0.53977567,0.31530735,0
0.0,0.5452827,0.32160604,0
0.0,0.5483119,0.32535595,0
0.0,0.54718655,0.32318285,0
0.0,0.5495966,0.32152313,0
0.0,0.55037105,0.32156646,0
0.0,0.55132705,0.32660472,0
0.0,0.5526352,0.331909,0
0.0,0.5572878,0.33762825,0
0.0,0.5582007,0.3405016,0
0.0,0.5603465,0.3477848,0
0.0,0.5667926,0.35641408,0
0.0,0.57157993,0.36626518,0
0.0,0.5694904,0.36754465,0
0.0,0.56984806,0.368878,0
0.0,0.5743093,0.38088888,0
0.0,0.57785046,0.38970482,0
0.0,0.5762379,0.39047253,0
0.0,0.5755942,0.39186215,0
0.0,0.58112466,0.39772972,0
0.0,0.5813073,0.40069503,0
0.0,0.5796581,0.4019456,0
0.0,0.575959,0.39769652,0
0.0,0.5811207,0.40149632,0
0.0,0.5790471,0.39528963,0
0.0,0.5779692,0.39567402,0
0.0,0.573744,0.3888675,0
0.0,0.5770935,0.3906273,0
0.0,0.57568884,0.388232,0
0.0,0.5775412,0.38693875,0
0.0,0.5747972,0.39025435,0
0.0,0.581586,0.40570107,0
0.0,0.57888615,0.40157813,0
0.0,0.5826292,0.41309062,0
0.0,0.58190244,0.42129648,0
0.0,0.59039164,0.43694863,0
0.0,0.587345,0.43917808,0
0.0,0.59107804,0.4476324,0
0.0,0.5913254,0.44639152,0
0.0,0.5999156,0.46283442,0
0.0,0.5965063,0.467634,0
0.0,0.59839785,0.47194296,0
0.0,0.5993603,0.47005236,0
0.0,0.60834724,0.48149142,0
0.0,0.6088053,0.4750682,0
0.0,0.60991496,0.47092515,0
0.0,0.6119403,0.47767973,0
0.0,0.61442006,0.47558883,0
0.0,0.6147657,0.47359687,0
0.0,0.61404335,0.47842202,0
0.0,0.6148014,0.4833703,0
0.0,0.61742604,0.49430138,0
0.0,0.61980885,0.49944985,0
0.0,0.6201259,0.5020455,0
0.0,0.6220914,0.512311,0
0.0,0.6190478,0.51286376,0
0.0,0.6212527,0.5186959,0
0.0,0.6184473,0.5189451,0
0.0,0.61741227,0.5257317,0
0.0,0.61068505,0.51879996,0
0.0,0.6121952,0.52460235,0
0.0,0.6109916,0.52540326,0
0.0,0.61148286,0.5145908,0
0.0,0.6072328,0.49933967,0
0.0,0.6115344,0.504622,0
0.0,0.6085872,0.49430323,0
0.0,0.6071332,0.4870155,0
0.0,0.6011684,0.48323178,0
0.0,0.60676795,0.48812962,0
0.0,0.60197663,0.47822002,0
0.0,0.6019398,0.48395595,0
0.0,0.60296565,0.48119712,0
0.0,0.612243,0.48582697,0
0.0,0.60715526,0.47663242,0
0.0,0.60821474,0.48221743,0
0.0,0.60673,0.4893134,0
0.0,0.6163168,0.51260996,0
0.0,0.6100775,0.51084954,0
0.0,0.6098378,0.5104643,0
0.0,0.60963887,0.51644355,0
0.0,0.619844,0.5342741,0
0.0,0.6149729,0.5225382,0
0.0,0.6160077,0.5196827,0
0.0,0.61413187,0.5099697,0
0.0,0.62035686,0.51776206,0
0.0,0.61506516,0.5098131,0
0.0,0.6133462,0.5057794,0
0.0,0.6141286,0.5054344,0
0.0,0.61701643,0.5125872,0
0.0,0.6153666,0.510918,0
0.0,0.61723673,0.5058061,0
0.0,0.6172063,0.51141,0
0.0,0.61816716,0.5141405,0
0.0,0.61440164,0.51044637,0
0.0,0.6180398,0.53187656,0
0.0,0.6132402,0.52894264,0
0.0,0.6142712,0.53510314,0
0.0,0.6117973,0.54539484,0
0.0,0.617384,0.55515563,0
0.0,0.6164531,0.5461332,0
0.0,0.6175308,0.55440176,0
0.0,0.61653775,0.5611142,0
0.0,0.6220302,0.5626595,0
0.0,0.62160337,0.5612471,0
0.0,0.6220827,0.56344926,0
0.0,0.6191386,0.5588902,0
0.0,0.62114286,0.5549842,0
0.0,0.6214176,0.54263973,0
0.0,0.6206915,0.5399772,0
0.0,0.6194679,0.5384541,0
0.0,0.62290186,0.54724866,0
0.0,0.62974787,0.56537974,0
0.0,0.63190514,0.57148665,0
0.0,0.63044864,0.57743967,0
0.0,0.63518745,0.5974403,0
0.0,0.6453088,0.61712873,0
0.0,0.6444235,0.61490774,0
0.0,0.64262325,0.6173693,0
0.0,0.641885,0.6197798,0
0.0,0.6523733,0.6377865,0
0.0,0.6502236,0.62753725,0
0.0,0.65028465,0.62103224,0
0.0,0.6483472,0.6208743,0
0.0,0.65493524,0.6198785,0
0.0,0.6537606,0.61040866,0
0.0,0.646835,0.59394646,0
0.0,0.64227384,0.5698126,0
0.0,0.6432675,0.56962633,0
0.0,0.6405993,0.56294096,0
0.0,0.63154644,0.54002106,0
0.0,0.6323913,0.5431093,0
0.0,0.6334378,0.5459152,0
0.0,0.6351305,0.54271644,0
0.0,0.6276168,0.52827644,0
0.0,0.63170844,0.5318632,0
0.0,0.6228949,0.5159487,0
0.0,0.6202638,0.5166644,0
0.0,0.61015177,0.50377584,0
0.0,0.6133511,0.5147008,0
0.0,0.60499525,0.51002616,0
0.0,0.6027509,0.49535248,0
0.0,0.6049758,0.48762712,0
0.0,0.6151808,0.49404195,0
0.0,0.6083752,0.4709446,0
0.0,0.6064142,0.45799947,0
0.0,0.60186166,0.43926746,0
0.0,0.6101521,0.4340663,0
0.0,0.59688854,0.40883207,0
0.0,0.5892479,0.39284813,0
0.0,0.58468825,0.37219432,0
0.0,0.5943041,0.37837723,0
0.0,0.5913643,0.37935692,0
0.0,0.5940096,0.38381484,0
0.0,0.60089004,0.39407405,0
0.0,0.604703,0.394758,0
0.0,0.60634637,0.3965798,0
0.0,0.60902095,0.39977926,0
0.0,0.60562754,0.3928727,0
0.0,0.5991275,0.38782546,0
0.0,0.5975041,0.3801352,0
0.0,0.59330106,0.36828882,0
0.0,0.591418,0.36548963,0
0.0,0.5833578,0.3454756,0
0.0,0.5908667,0.34257215,0
0.0,0.60824794,0.35413748,0
0.0,0.6028252,0.3427288,0
0.0,0.5941837,0.3303197,0
0.0,0.60115033,0.33197415,0
0.0,0.6068137,0.32325584,0
0.0,0.59312606,0.30138528,0
0.0,0.58041394,0.2808482,0
0.0,0.5908389,0.2791072,0
0.0,0.600581,0.2909916,0
0.0,0.5955089,0.29215914,0
0.0,0.58472604,0.2794971,0
0.0,0.60151637,0.2981305,0
0.0,0.6091877,0.3065408,0
0.0,0.5910067,0.28517503,0
0.0,0.58849317,0.27889776,0
0.0,0.5998785,0.2856237,0
0.0,0.6073583,0.28932866,0
0.0,0.60624236,0.29009384,0
0.0,0.6025294,0.27473396,0
0.0,0.61373955,0.26994056,0
0.0,0.6206414,0.26889867,0
0.0,0.6045903,0.24035399,0
0.0,0.6072073,0.23500448,0
0.0,0.6169269,0.23648113,0
0.0,0.6138068,0.22578287,0
0.0,0.5930202,0.20663604,0
0.0,0.5894026,0.19968554,0
0.0,0.6010268,0.215501,0
0.0,0.6353121,0.24769568,0
0.0,0.6113619,0.21216558,0
0.0,0.6385917,0.2339758,0
0.0,0.63961446,0.2368514,0
0.0,0.66730946,0.26016638,0
0.0,0.6254903,0.21593836,0
0.0,0.66574043,0.25230774,0
0.0,0.6381441,0.22265622,0
0.0,0.673987,0.25367847,0
0.0,0.616288,0.19712505,0
0.0,0.64809877,0.21750909,0
0.0,0.62318254,0.1941182,0
0.0,0.6560157,0.21594849,0
0.0,0.59561175,0.15367852,0
0.0,0.626545,0.16946301,0
0.0,0.6082289,0.14926773,0
0.0,0.6383391,0.16507456,0
0.0,0.59363943,0.12839727,0
0.0,0.6169947,0.14177066,0
0.0,0.5995472,0.13091987,0
0.0,0.6138505,0.14613956,0
0.0,0.58034575,0.12156803,0
0.0,0.6016748,0.13656451,0
0.0,0.5877024,0.12782848,0
0.0,0.5827831,0.12523037,0
0.0,0.56800324,0.11811951,0
0.0,0.5639123,0.115312845,0
0.0,0.5704528,0.11935864,0
0.0,0.56127775,0.11212747,0
0.0,0.5498269,0.10182984,0
0.0,0.52981937,0.08642324,0
0.0,0.5535093,0.08848329,0
0.0,0.53386974,0.07501502,0
0.0,0.54256874,0.07910557,0
0.0,0.53098345,0.06981627,0
0.0,0.56585664,0.08519907,0
0.0,0.5608478,0.083009556,0
0.0,0.56749463,0.08226864,0
0.0,0.55733633,0.07239888,0
0.0,0.59029967,0.094807334,0
0.0,0.6013984,0.111537784,0
0.0,0.6699252,0.16255954,0
0.0,0.6629629,0.15824819,0
0.0,0.70867485,0.19738066,0
0.0,0.7235136,0.21285641,0
0.0,0.73492247,0.23400605,0
0.0,0.6846835,0.19483697,0
0.0,0.70886815,0.20836821,0
0.0,0.7144607,0.21660295,0
0.0,0.72469336,0.23064475,0
0.0,0.6816783,0.19058317,0
0.0,0.7089246,0.21061122,0
0.0,0.7431714,0.2320321,0
0.0,0.74948573,0.22900516,0
0.0,0.7102079,0.19049028,0
0.0,0.73028266,0.20978624,0
0.0,0.76115507,0.24341555,0
0.0,0.76272684,0.247216,0
0.0,0.74729264,0.23587576,0
0.0,0.7502267,0.25054967,0
0.0,0.77004904,0.28344235,0
0.0,0.764721,0.28251794,0
0.0,0.75305986,0.2857656,0
0.0,0.74135077,0.2857691,0
0.0,0.75868195,0.3073996,0
0.0,0.7012846,0.25742006,0
0.0,0.7028014,0.26143566,0
0.0,0.6810467,0.25007647,0
0.0,0.70558846,0.2869703,0
0.0,0.68174034,0.26791018,0
0.0,0.7125857,0.30482405,0
0.0,0.6940736,0.2769725,0
0.0,0.71787256,0.28946626,0
0.0,0.69733614,0.2628396,0
0.0,0.7269316,0.29020083,0
0.0,0.7048879,0.28060248,0
0.0,0.71159744,0.29548714,0
0.0,0.669644,0.24984625,0
0.0,0.7316603,0.316908,0
0.0,0.7182693,0.31816995,0
0.0,0.7458186,0.36546856,0
0.0,0.7122948,0.3311061,0
0.0,0.75392926,0.39567387,0
0.0,0.7394222,0.4078771,0
0.0,0.7383628,0.4115721,0
0.0,0.711393,0.38717633,0
0.0,0.76611334,0.47092968,0
0.0,0.7688085,0.47110763,0
0.0,0.7592843,0.45743638,0
0.0,0.7447379,0.447784,0
0.0,0.783259,0.50590485,0
0.0,0.78382134,0.49602067,0
0.0,0.7516938,0.4412409,0
0.0,0.74741924,0.4354757,0
0.0,0.776602,0.46015072,0
0.0,0.78658056,0.46606767,0
0.0,0.745065,0.40904015,0
0.0,0.73259866,0.4026586,0
0.0,0.75327545,0.4633175,0
0.0,0.7757579,0.50243723,0
0.0,0.7474607,0.4661494,0
0.0,0.7561028,0.48977047,0
0.0,0.74835104,0.49471563,0
0.0,0.7864249,0.57037336,0
0.0,0.73450375,0.5147307,0
0.0,0.7384178,0.5449841,0
0.0,0.71875197,0.5297412,0
0.0,0.7526457,0.5783254,0
0.0,0.72428113,0.54222924,0
0.0,0.72683287,0.55402166,0
0.0,0.7069724,0.52645326,0
0.0,0.7354512,0.55954367,0
0.0,0.7118501,0.521365,0
0.0,0.70882475,0.51813793,0
0.0,0.69411707,0.4851242,0
0.0,0.72055435,0.5009723,0
0.0,0.7113253,0.49272835,0
0.0,0.70256454,0.49427158,0
0.0,0.6963843,0.49608392,0
0.0,0.7161702,0.54485846,0
0.0,0.73442,0.60215855,0
0.0,0.74063814,0.61646277,0
0.0,0.73347765,0.61416364,0
0.0,0.7481796,0.6558878,0
0.0,0.7386631,0.6489335,0
0.0,0.72338027,0.6523255,0
0.0,0.71036536,0.6540179,0
0.0,0.706638,0.6547292,0
0.0,0.72528714,0.7147111,0
0.0,0.71519816,0.6981263,0
0.0,0.72692204,0.68559366,0
0.0,0.7483418,0.7139689,0
0.0,0.77761936,0.76389784,0
0.0,0.7682696,0.74977624,0
0.0,0.783079,0.77667344,0
0.0,0.78802544,0.7889255,0
0.0,0.8184855,0.8533795,0
0.0,0.79724234,0.8135483,0
0.0,0.80278176,0.83519006,0
0.0,0.8024062,0.8520583,0
0.0,0.82415134,0.90014154,0
0.0,0.80064076,0.8720151,0
0.0,0.7991041,0.90577126,0
0.0,0.7985609,0.946213,0
0.0,0.8079786,0.9877146,0
0.0,0.7815757,0.96621644,0
0.0,0.78171736,0.9988514,0
0.0,0.7755346,1.0083779,0
0.0,0.79149884,1.0723827,0
0.0,0.77734566,1.0677464,0
0.0,0.78063774,1.0725461,0
0.0,0.778991,1.0709753,0
0.0,0.790895,1.0963428,0
0.0,0.77829444,1.092571,0
0.0,0.78084946,1.1116388,0
0.0,0.77431786,1.0992246,0
0.0,0.7742373,1.1362853,0
0.0,0.7602743,1.1217352,0
0.0,0.7499508,1.1246873,0
0.0,0.7671581,1.2388389,0
0.0,0.76240546,1.2626114,0
0.0,0.7710321,1.3318869,0
0.0,0.77080745,1.3991251,0
0.0,0.78808653,1.4878526,0
0.0,0.79542637,1.5901551,0
0.0,0.8180627,1.682167,0
0.0,0.82194453,1.692884,0
0.0,0.8349148,1.7767522,0
0.0,0.8418632,1.8140161,0
0.0,0.8513275,1.8610055,0
0.0,0.86455995,1.9596767,0
0.0,0.86807185,1.9955809,0
0.0,0.878483,2.0485098,0
0.0,0.8805721,2.0742326,0
0.0,0.8819847,2.0843067,0
0.0,0.88527834,2.1034179,0
0.0,0.8946301,2.1509764,0
0.0,0.89942706,2.2010975,0
0.0,0.901119,2.261589,0
0.0,0.9044025,2.3469002,0
0.0,0.9147137,2.420249,0
0.0,0.9186304,2.484005,0
0.0,0.92111653,2.5694582,0
0.0,0.9208999,2.62747,0
0.0,0.92981845,2.7218356,0
0.0,0.9325301,2.7891319,0
0.0,0.93336564,2.8663306,0
0.0,0.9339186,2.9454842,0
0.0,0.9391378,3.0156083,0
0.0,0.9392702,3.048482,0
0.0,0.942179,3.0520878,0
0.0,0.94103533,3.0317209,0
0.0,0.9459591,3.0352898,0
0.0,0.946679,3.0153613,0
0.0,0.94393694,3.0398831,0
0.0,0.9452416,3.0719714,0
0.0,0.94753146,3.0572624,0
0.0,0.95176184,3.1358967,0
0.0,0.95147663,3.193693,0
0.0,0.95298797,3.2248,0
0.0,0.95476097,3.3239007,0
0.0,0.9571333,3.3827574,0
0.0,0.9585513,3.4405527,0
0.0,0.95923567,3.504835,0
0.0,0.9601517,3.5321574,0
0.0,0.9615493,3.6246462,0
0.0,0.96202713,3.685309,0
0.0,0.9629332,3.73803,0
0.0,0.96318924,3.7806115,0
0.0,0.96339434,3.775515,0
0.0,0.9640008,3.78493,0
0.0,0.96363187,3.753105,0
0.0,0.96304035,3.7448227,0
0.0,0.96336526,3.7241373,0
0.0,0.96306896,3.6842382,0
0.0,0.9632231,3.6906133,0
0.0,0.96193993,3.6447196,0
0.0,0.9614149,3.642387,0
0.0,0.96214813,3.6723185,0
0.0,0.9621081,3.6683574,0
0.0,0.9620352,3.6971397,0
0.0,0.9621324,3.7482636,0
0.0,0.96298915,3.8140187,0
0.0,0.965131,3.853429,0
0.0,0.96487033,3.8915548,0
0.0,0.9650218,3.9691465,0
0.0,0.9652373,4.0197377,0
0.0,0.96685123,4.0180054,0
0.0,0.96695274,3.982006,0
0.0,0.96664286,3.9373574,0
0.0,0.9670255,3.9225545,0
0.0,0.96627396,3.8965487,0
0.0,0.9667345,3.8356678,0
0.0,0.96587354,3.7923782,0
0.0,0.9657289,3.7328472,0
0.0,0.9649092,3.6890213,0
0.0,0.9634601,3.6849077,0
0.0,0.9599215,3.6493433,0
0.0,0.96159065,3.6493244,0
0.0,0.96185005,3.6132507,0
0.0,0.96298647,3.61538,0
0.0,0.9612762,3.649501,0
0.0,0.9623944,3.644823,0
0.0,0.96372664,3.6662254,0
0.0,0.96436477,3.6707976,0
0.0,0.96191007,3.7135274,0
0.0,0.9651953,3.8199353,0
0.0,0.9656882,3.8259962,0
0.0,0.9672203,3.853438,0
0.0,0.9656939,3.8169012,0
0.0,0.96773326,3.7555184,0
0.0,0.96691394,3.739071,0
0.0,0.9678481,3.6536808,0
0.0,0.9646886,3.575667,0
0.0,0.96591973,3.587616,0
0.0,0.9650845,3.5397043,0
0.0,0.9632459,3.5274725,0
0.0,0.9602896,3.4929247,0
0.0,0.9596563,3.4028335,0
0.0,0.961774,3.4280348,0
0.0,0.96103114,3.4654856,0
0.0,0.9615169,3.4760473,0
0.0,0.96084994,3.5173054,0
0.0,0.961709,3.5420864,0
0.0,0.96097904,3.559001,0
0.0,0.96230894,3.6195931,0
0.0,0.96148175,3.6148496,0
0.0,0.9627546,3.6066456,0
0.0,0.961774,3.5989752,0
0.0,0.96374303,3.5509152,0
0.0,0.96101946,3.5454082,0
0.0,0.9632188,3.5634832,0
0.0,0.9605353,3.488933,0
0.0,0.9631438,3.4705458,0
0.0,0.95884424,3.421168,0
0.0,0.959267,3.3715155,0
0.0,0.95619076,3.365581,0
0.0,0.95995337,3.3605556,0
0.0,0.957273,3.296543,0
0.0,0.9595809,3.2781777,0
0.0,0.95725006,3.2474327,0
0.0,0.9588309,3.2625463,0
0.0,0.9572854,3.2771463,0
0.0,0.95880306,3.2750182,0
0.0,0.95861447,3.3243124,0
0.0,0.9581629,3.323532,0
0.0,0.95740837,3.2519727,0
0.0,0.95766956,3.2863293,0
0.0,0.9560102,3.2430563,0
0.0,0.9545212,3.1806712,0
0.0,0.9539824,3.2196593,0
0.0,0.9540997,3.1628742,0
0.0,0.95345545,3.0804806,0
0.0,0.9509645,3.0511315,0
0.0,0.95094776,2.99142,0
0.0,0.9470303,2.908678,0
0.0,0.9516188,2.8931322,0
0.0,0.94312143,2.7899966,0
0.0,0.94734263,2.7794852,0
0.0,0.9411049,2.7676854,0
0.0,0.94385177,2.7582402,0
0.0,0.9310232,2.7365036,0
0.0,0.9331962,2.6905801,0
0.0,0.9259108,2.637938,0
0.0,0.9296825,2.6498008,0
0.0,0.9142461,2.5570588,0
0.0,0.91941404,2.5954013,0
0.0,0.90714586,2.5381038,0
0.0,0.90982,2.4961894,0
0.0,0.89081365,2.393302,0
0.0,0.9000269,2.3379183,0
0.0,0.8854678,2.2529323,0
0.0,0.8953337,2.250651,0
0.0,0.87468064,2.143659,0
0.0,0.8856709,2.1157389,0
0.0,0.8681465,2.011106,0
0.0,0.8763303,2.021989,0
0.0,0.8543815,1.9531429,0
0.0,0.86500096,1.9492439,0
0.0,0.8568829,1.8748603,0
0.0,0.8518664,1.8662517,0
0.0,0.83859295,1.8328148,0
0.0,0.85228616,1.8242338,0
0.0,0.8531562,1.8473191,0
0.0,0.85377514,1.8850492,0
0.0,0.84746194,1.8350579,0
0.0,0.85326606,1.8259065,0
0.0,0.84850717,1.8222239,0
0.0,0.84818316,1.7742466,0
0.0,0.8450751,1.7512684,0
0.0,0.8464766,1.7459155,0
0.0,0.84053445,1.6734408,0
0.0,0.8423702,1.63954,0
0.0,0.84045327,1.566233,0
0.0,0.83672106,1.5082374,0
0.0,0.83245236,1.4731148,0
0.0,0.83701634,1.4790413,0
0.0,0.83742607,1.4664867,0
0.0,0.83241624,1.3938446,0
0.0,0.8309758,1.4044356,0
0.0,0.8338127,1.4224594,0
0.0,0.83328295,1.3865833,0
0.0,0.8317731,1.3984964,0
0.0,0.8216236,1.3747582,0
0.0,0.8215331,1.3510625,0
0.0,0.8195685,1.3287497,0
0.0,0.804443,1.2954922,0
0.0,0.7920632,1.2514615,0
0.0,0.79450214,1.1924824,0
0.0,0.7907879,1.1737814,0
0.0,0.78563595,1.1604246,0
0.0,0.785121,1.1257843,0
0.0,0.80104995,1.110245,0
0.0,0.79654104,1.0523181,0
0.0,0.80246687,1.0052767,0
0.0,0.80836296,0.9654028,0
0.0,0.8340701,0.9897802,0
0.0,0.8231677,0.9497793,0
0.0,0.83018863,0.9431685,0
0.0,0.8327768,0.94387335,0
0.0,0.8450209,0.9784463,0
0.0,0.83845866,0.95172536,0
0.0,0.8504298,0.94282746,0
0.0,0.85792106,0.95065224,0
0.0,0.86112314,0.95808405,0
0.0,0.8455628,0.94225526,0
0.0,0.8518789,0.96490866,0
0.0,0.8590274,0.974591,0
0.0,0.8633857,0.96510506,0
0.0,0.8427766,0.908144,0
0.0,0.853568,0.9122263,0
0.0,0.86359674,0.8905879,0
0.0,0.8738359,0.8613832,0
0.0,0.86459655,0.81026727,0
0.0,0.867949,0.7881446,0
0.0,0.8740001,0.79830676,0
0.0,0.8785253,0.810407,0
0.0,0.87030727,0.7841847,0
0.0,0.8553482,0.73475486,0
0.0,0.86526334,0.7534558,0
0.0,0.85852796,0.75820476,0
0.0,0.8489916,0.7051412,0
0.0,0.82806766,0.66514415,0
0.0,0.84449536,0.7164606,0
0.0,0.8483704,0.73116744,0
0.0,0.84666127,0.7578782,0
0.0,0.81483513,0.7229238,0
0.0,0.838054,0.76339966,0
0.0,0.8493397,0.7748665,0
0.0,0.8447634,0.75203896,0
0.0,0.8216973,0.7100203,0
0.0,0.8539521,0.7282027,0
0.0,0.86855143,0.7267514,0
0.0,0.8686767,0.73487794,0
0.0,0.8415701,0.67735857,0
0.0,0.8522243,0.68809646,0
0.0,0.84248966,0.6642279,0
0.0,0.8212469,0.61321187,0
0.0,0.79036885,0.5600964,0
0.0,0.80869097,0.5845604,0
0.0,0.8069582,0.6028535,0
0.0,0.7955045,0.6013861,0
0.0,0.79014784,0.60247445,0
0.0,0.79969674,0.6347406,0
0.0,0.8070672,0.6637933,0
0.0,0.79838485,0.6707363,0
0.0,0.7990025,0.691895,0
0.0,0.7982369,0.68505836,0
0.0,0.7934989,0.66984713,0
0.0,0.7753585,0.64732546,0
0.0,0.7831345,0.6559033,0
0.0,0.79400027,0.66362095,0
0.0,0.8123181,0.6740579,0
0.0,0.81898373,0.6713538,0
0.0,0.81181556,0.6585881,0
0.0,0.8078418,0.6388356,0
0.0,0.81218815,0.6268832,0
0.0,0.8119661,0.61782455,0
0.0,0.8122099,0.63190746,0
0.0,0.8219393,0.6415856,0
0.0,0.843005,0.6695864,0
0.0,0.8479453,0.705812,0
0.0,0.8450148,0.72169834,0
0.0,0.84889233,0.73788357,0
0.0,0.8648907,0.7666298,0
0.0,0.867881,0.76378155,0
0.0,0.85660243,0.75995576,0
0.0,0.8482421,0.7578381,0
0.0,0.8487716,0.7611836,0
0.0,0.8528618,0.77787715,0
0.0,0.8391104,0.75379,0
0.0,0.8320791,0.724089,0
0.0,0.83383226,0.6900924,0
0.0,0.8536761,0.69769555,0
0.0,0.8398886,0.66988266,0
0.0,0.82812685,0.6344035,0
0.0,0.8046464,0.5880245,0
0.0,0.81766355,0.6290523,0
0.0,0.81401575,0.62322307,0
0.0,0.80770594,0.60162705,0
0.0,0.8170156,0.6230049,0
0.0,0.8264818,0.6419723,0
0.0,0.83250606,0.66099954,0
0.0,0.8061615,0.6375272,0
0.0,0.7975793,0.6553892,0
0.0,0.80705285,0.69947267,0
0.0,0.8144701,0.7123537,0
0.0,0.80879617,0.70536107,0
0.0,0.8037253,0.71473813,0
0.0,0.80389327,0.71002996,0
0.0,0.8216031,0.7117292,0
0.0,0.8291028,0.71304774,0
0.0,0.8425721,0.7282048,0
0.0,0.84626305,0.7234248,0
0.0,0.8572492,0.73881626,0
0.0,0.86340976,0.7613254,0
0.0,0.8732414,0.79703045,0
0.0,0.87229246,0.79447854,0
0.0,0.87025344,0.770936,0
0.0,0.8784518,0.78269863,0
0.0,0.8871512,0.8113936,0
0.0,0.88390386,0.81833905,0
0.0,0.8706773,0.8105935,0
0.0,0.8766588,0.8474367,0
0.0,0.8820979,0.9088874,0
0.0,0.877675,0.92168635,0
0.0,0.860429,0.8976644,0
0.0,0.88004285,0.9570757,0
0.0,0.8865998,0.9701493,0
0.0,0.8697121,0.9060741,0
0.0,0.8637958,0.87314063,0
0.0,0.8738111,0.89024293,0
0.0,0.8870248,0.91889596,0
0.0,0.8673492,0.8833993,0
0.0,0.8555981,0.86993134,0
0.0,0.8531561,0.8600435,0
0.0,0.85613143,0.8295609,0
0.0,0.83482635,0.7735897,0
0.0,0.8185538,0.7567456,0
0.0,0.8188645,0.76728106,0
0.0,0.8159478,0.7749797,0
0.0,0.78889215,0.7480031,0
0.0,0.7941017,0.8037808,0
0.0,0.7817273,0.81910574,0
0.0,0.80689216,0.8679664,0
0.0,0.79343766,0.84031624,0
0.0,0.8162401,0.87020916,0
0.0,0.78488296,0.802853,0
0.0,0.8106087,0.86199844,0
0.0,0.79763055,0.8485265,0
0.0,0.8223924,0.89892954,0
0.0,0.7887852,0.83101296,0
0.0,0.8135542,0.8544531,0
0.0,0.8145845,0.83017915,0
0.0,0.83335406,0.84968305,0
0.0,0.8197485,0.8168094,0
0.0,0.83367765,0.8047886,0
0.0,0.8455065,0.8232608,0
0.0,0.8637553,0.8869698,0
0.0,0.8534986,0.88815916,0
0.0,0.8704325,0.9225147,0
0.0,0.87996435,0.94528294,0
0.0,0.89549315,1.0006536,0
0.0,0.8804671,0.9938285,0
0.0,0.88370496,1.0286529,0
0.0,0.8895638,1.0488684,0
0.0,0.90191424,1.0681746,0
0.0,0.8901395,1.063842,0
0.0,0.8865814,1.0690969,0
0.0,0.8810852,1.051543,0
0.0,0.89746267,1.0667541,0
0.0,0.8890859,1.0228281,0
0.0,0.8740179,0.9735497,0
0.0,0.8759521,0.95607686,0
0.0,0.88621277,0.92719746,0
0.0,0.8813886,0.8886306,0
0.0,0.8546719,0.84721154,0
0.0,0.8563243,0.864006,0
0.0,0.86683637,0.91119635,0
0.0,0.858316,0.9128783,0
0.0,0.83961976,0.8617477,0
0.0,0.8355036,0.8684815,0
0.0,0.84901315,0.9210191,0
0.0,0.83763975,0.91838527,0
0.0,0.8094101,0.88580215,0
0.0,0.7952261,0.8722333,0
0.0,0.8073292,0.9049021,0
0.0,0.8063245,0.9019923,0
0.0,0.78178585,0.8597935,0
0.0,0.7644679,0.8444535,0
0.0,0.7774497,0.83522755,0
0.0,0.7832864,0.80715483,0
0.0,0.7631091,0.78228736,0
0.0,0.76888067,0.7816608,0
0.0,0.7619079,0.7390615,0
0.0,0.7882814,0.7653946,0
0.0,0.7762194,0.7115699,0
0.0,0.7825133,0.7200304,0
0.0,0.797623,0.78653514,0
0.0,0.81151503,0.81220937,0
0.0,0.8123696,0.8043928,0
0.0,0.8224697,0.8510699,0
0.0,0.83720684,0.90369254,0
0.0,0.8423551,0.9192389,0
0.0,0.8382865,0.9249975,0
0.0,0.8373412,0.9282702,0
0.0,0.84292316,0.95471066,0
0.0,0.8474933,0.9807216,0
0.0,0.84064937,0.96471155,0
0.0,0.8374188,0.9489901,0
0.0,0.8461909,0.93158853,0
0.0,0.84753114,0.9092765,0
0.0,0.8408312,0.8975094,0
0.0,0.8380025,0.87363356,0
0.0,0.84630847,0.86819446,0
0.0,0.8496296,0.85544455,0
0.0,0.8289728,0.81021523,0
0.0,0.8200772,0.8034866,0
0.0,0.8264402,0.8087341,0
0.0,0.8160498,0.80489635,0
0.0,0.7916795,0.781527,0
0.0,0.7868876,0.756333,0
0.0,0.78712267,0.7753068,0
0.0,0.78635347,0.8015737,0
0.0,0.76283115,0.7518854,0
0.0,0.75321525,0.73662317,0
0.0,0.7519524,0.74573535,0
0.0,0.7502843,0.74534243,0
0.0,0.73074996,0.7073066,0
0.0,0.73105913,0.70644605,0
0.0,0.7332441,0.67025703,0
0.0,0.73357576,0.64537054,0
0.0,0.7223545,0.636769,0
0.0,0.7234479,0.6070744,0
0.0,0.73786813,0.60232544,0
0.0,0.75103974,0.63470423,0
0.0,0.741022,0.6066643,0
0.0,0.7409275,0.60775566,0
0.0,0.7801684,0.6728344,0
0.0,0.7711187,0.65198374,0
0.0,0.78394175,0.67244816,0
0.0,0.7862308,0.6770079,0
0.0,0.8156984,0.759096,0
0.0,0.8028862,0.7659707,0
0.0,0.79730374,0.75622773,0
0.0,0.7920961,0.7550895,0
0.0,0.8228025,0.80963504,0
0.0,0.81538767,0.79837036,0
0.0,0.8087636,0.789521,0
0.0,0.80726177,0.7688287,0
0.0,0.83302397,0.7944246,0
0.0,0.8237598,0.7568412,0
0.0,0.8107317,0.7218448,0
0.0,0.8110321,0.72451663,0
0.0,0.83671635,0.75177157,0
0.0,0.822887,0.69919384,0
0.0,0.8087673,0.6642618,0
0.0,0.81597227,0.69909495,0
0.0,0.84069335,0.7644589,0
0.0,0.822212,0.73990417,0
0.0,0.8132263,0.7351649,0
0.0,0.8332977,0.7670479,0
0.0,0.839797,0.78794354,0
0.0,0.8327457,0.7953507,0
0.0,0.81398034,0.7748467,0
0.0,0.8239401,0.8086917,0
0.0,0.8167742,0.8162267,0
0.0,0.80745274,0.81845087,0
0.0,0.79962444,0.813416,0
0.0,0.820229,0.8354899,0
0.0,0.8273938,0.82787776,0
0.0,0.82714456,0.82531226,0
0.0,0.8181471,0.79921365,0
0.0,0.8454499,0.82731116,0
0.0,0.84435046,0.80247605,0
0.0,0.84194154,0.7763475,0
0.0,0.8363811,0.7571669,0
0.0,0.860809,0.82240665,0
0.0,0.8503699,0.81699854,0
0.0,0.85644054,0.82749426,0
0.0,0.864601,0.8506872,0
0.0,0.8842434,0.9043201,0
0.0,0.8750808,0.9111165,0
0.0,0.8706057,0.9202718,0
0.0,0.8606888,0.90605754,0
0.0,0.8678764,0.95008206,0
0.0,0.8606334,0.98670167,0
0.0,0.85191,0.9955355,0
0.0,0.84894454,1.0115982,0
0.0,0.86482394,1.0369977,0
0.0,0.8725798,1.0185864,0
0.0,0.86817706,0.99659115,0
0.0,0.8788403,1.0135411,0
0.0,0.8867634,1.0205162,0
0.0,0.8878559,1.0233085,0
0.0,0.8746232,0.9912518,0
0.0,0.8815064,1.0111026,0
0.0,0.87553716,1.0304797,0
0.0,0.8659372,1.0084996,0
0.0,0.85377103,0.9613353,0
0.0,0.8644458,0.9781159,0
0.0,0.85448766,0.9842928,0
0.0,0.8432766,1.0075674,0
0.0,0.8302201,1.0122635,0
0.0,0.83463144,1.063245,0
0.0,0.8292199,1.0736619,0
0.0,0.81998324,1.0578117,0
0.0,0.82575214,1.0807533,0
0.0,0.8387189,1.1067357,0
0.0,0.8368748,1.0809705,0
0.0,0.82765263,1.0542464,0
0.0,0.82538164,1.0470052,0
0.0,0.8367854,1.0596026,0
0.0,0.83006406,1.0479882,0
0.0,0.80701953,1.0012541,0
0.0,0.8031155,0.983925,0
0.0,0.79220635,0.9676091,0
0.0,0.79327166,0.9359582,0
0.0,0.75947845,0.83612716,0
0.0,0.76833326,0.8899413,0
0.0,0.76463544,0.8925407,0
0.0,0.76962346,0.90236187,0
0.0,0.75466305,0.93088245,0
0.0,0.7637296,0.9998919,0
0.0,0.7714031,1.0250661,0
0.0,0.7891477,1.0626047,0
0.0,0.7874758,1.0760908,0
0.0,0.7956149,1.1112361,0
0.0,0.7909365,1.0893952,0
0.0,0.8088112,1.1187823,0
0.0,0.79642797,1.0855706,0
0.0,0.805232,1.0852007,0
0.0,0.79762,1.0805296,0
0.0,0.81019306,1.08737,0
0.0,0.8078649,1.0337372,0
0.0,0.8334417,1.0679268,0
0.0,0.8276596,1.0565717,0
0.0,0.8514103,1.1228255,0
0.0,0.85427004,1.1409323,0
0.0,0.86579573,1.1672015,0
0.0,0.85039455,1.159998,0
0.0,0.8724343,1.2269937,0
0.0,0.867365,1.2355824,0
0.0,0.87649506,1.2842374,0
0.0,0.856213,1.2573606,0
0.0,0.87331927,1.3125712,0
0.0,0.86725456,1.3028858,0
0.0,0.8742447,1.3158343,0
0.0,0.8492386,1.2666328,0
0.0,0.8612193,1.2995553,0
0.0,0.84514827,1.2472925,0
0.0,0.8507387,1.2154273,0
0.0,0.8288498,1.1678923,0
0.0,0.83162266,1.169198,0
0.0,0.83380526,1.1360804,0
0.0,0.831205,1.0892359,0
0.0,0.8161098,1.0453309,0
0.0,0.82102543,1.069811,0
0.0,0.81771034,1.0601751,0
0.0,0.80358446,1.0287108,0
0.0,0.7826385,1.0123073,0
0.0,0.7791724,1.0115855,0
0.0,0.76659805,0.99890673,0
0.0,0.76056284,1.0280429,0
0.0,0.7581462,1.0392786,0
0.0,0.7406366,1.0141681,0
0.0,0.75055164,1.0465679,0
0.0,0.7487364,1.0342654,0
0.0,0.75710946,1.0246456,0
0.0,0.7529302,0.986303,0
0.0,0.7658495,1.0039035,0
0.0,0.7680201,0.9986108,0
0.0,0.7683398,0.974155,0
0.0,0.7705282,0.955827,0
0.0,0.7652325,0.910655,0
0.0,0.7549525,0.88627815,0
0.0,0.75069296,0.8782078,0
0.0,0.76137173,0.86646736,0
0.0,0.7528009,0.8859949,0
0.0,0.7547632,0.9123866,0
0.0,0.7496013,0.88707995,0
0.0,0.78432643,0.970626,0
0.0,0.77971536,0.98129475,0
0.0,0.7879675,1.0068313,0
0.0,0.7779137,0.9724221,0
0.0,0.7934848,1.0137153,0
0.0,0.78504765,1.018929,0
0.0,0.7813669,1.0057194,0
0.0,0.7697251,0.99643666,0
0.0,0.7865964,1.014726,0
0.0,0.77399397,0.9661471,0
0.0,0.7743873,0.9590877,0
0.0,0.763783,0.90376234,0
0.0,0.77282137,0.8967664,0
0.0,0.7573744,0.8707681,0
0.0,0.7482655,0.82765216,0
0.0,0.7462838,0.7937885,0
0.0,0.74833727,0.7967681,0
0.0,0.746868,0.79917073,0
0.0,0.7451808,0.7915633,0
0.0,0.74392307,0.8073669,0
0.0,0.74818885,0.85120094,0
0.0,0.73952025,0.8336279,0
0.0,0.73585695,0.8484924,0
0.0,0.739407,0.91103333,0
0.0,0.72240245,0.87715244,0
0.0,0.7346596,0.91299194,0
0.0,0.727434,0.9061172,0
0.0,0.7476985,0.92410195,0
0.0,0.7373552,0.9133251,0
0.0,0.7598129,0.90703046,0
0.0,0.7678653,0.88466823,0
0.0,0.77654815,0.9004379,0
0.0,0.77183455,0.87109625,0
0.0,0.7825285,0.87332344,0
0.0,0.77910596,0.84553635,0
0.0,0.7783604,0.8514112,0
0.0,0.77469856,0.835852,0
0.0,0.78792816,0.8168607,0
0.0,0.7906157,0.82718635,0
0.0,0.7907175,0.87068665,0
0.0,0.80250967,0.9434453,0
0.0,0.81844133,0.9936956,0
0.0,0.841576,1.0390154,0
0.0,0.84355325,1.057662,0
0.0,0.859288,1.0967667,0
0.0,0.8628288,1.1204956,0
0.0,0.87855333,1.1615347,0
0.0,0.86904114,1.1522467,0
0.0,0.8697429,1.1826295,0
0.0,0.86088324,1.1615951,0
0.0,0.8689023,1.180145,0
0.0,0.8455025,1.1113429,0
0.0,0.8605721,1.0969527,0
0.0,0.8374211,1.0563399,0
0.0,0.85136956,1.0680859,0
0.0,0.823867,0.9547951,0
0.0,0.8510953,1.0376232,0
0.0,0.8382506,1.03135,0
0.0,0.85593253,1.0447247,0
0.0,0.8357009,1.0241773,0
0.0,0.85718745,1.089153,0
0.0,0.84844726,1.0802286,0
0.0,0.86099756,1.132328,0
0.0,0.840163,1.1313592,0
0.0,0.85402584,1.2039702,0
0.0,0.83955383,1.1990787,0
0.0,0.8470268,1.2253461,0
0.0,0.8295703,1.1927315,0
0.0,0.83540654,1.2075899,0
0.0,0.8253168,1.1946355,0
0.0,0.8276871,1.1901777,0
0.0,0.8109797,1.119875,0
0.0,0.8296636,1.138676,0
0.0,0.8254493,1.1160417,0
0.0,0.834689,1.1421161,0
0.0,0.8242055,1.134368,0
0.0,0.83185065,1.1456164,0
0.0,0.8331919,1.1300933,0
0.0,0.82831806,1.1215782,0
0.0,0.8211611,1.1430004,0
0.0,0.8202544,1.146698,0
0.0,0.81619006,1.144788,0
0.0,0.82009685,1.189743,0
0.0,0.80811626,1.2057235,0
0.0,0.8150912,1.2672116,0
0.0,0.81026226,1.2636234,0
0.0,0.8254577,1.2833809,0
0.0,0.8177636,1.287108,0
0.0,0.82659,1.2840519,0
0.0,0.8147238,1.2450963,0
0.0,0.8328045,1.3289158,0
0.0,0.8128718,1.2722316,0
0.0,0.8257788,1.2819602,0
0.0,0.8098153,1.2520372,0
0.0,0.8167233,1.2463095,0
0.0,0.7979164,1.1812732,0
0.0,0.81395966,1.1950386,0
0.0,0.798144,1.1620772,0
0.0,0.8105073,1.2261686,0
0.0,0.7982645,1.2338991,0
0.0,0.8146956,1.3008919,0
0.0,0.8012573,1.2777805,0
0.0,0.8187062,1.3291056,0
0.0,0.81624496,1.3398747,0
0.0,0.8309951,1.3738247,0
0.0,0.830234,1.4079415,0
0.0,0.8429815,1.4459677,0
0.0,0.83962435,1.4355819,0
0.0,0.8484356,1.4671147,0
0.0,0.8375279,1.4356884,0
0.0,0.838056,1.4232695,0
0.0,0.8351823,1.367743,0
0.0,0.83728486,1.3463607,0
0.0,0.83362174,1.343487,0
0.0,0.8229046,1.3136042,0
0.0,0.8365563,1.3460307,0
0.0,0.8329049,1.3166769,0
0.0,0.8408838,1.327798,0
0.0,0.83011824,1.3337212,0
0.0,0.84731597,1.3802372,0
0.0,0.83825165,1.37024,0
0.0,0.8518804,1.4293015,0
0.0,0.8326423,1.3778616,0
0.0,0.8477697,1.4438014,0
0.0,0.8376146,1.4502195,0
0.0,0.84579515,1.4712918,0
0.0,0.8225695,1.4425591,0
0.0,0.83330774,1.4782879,0
0.0,0.82175916,1.4318936,0
0.0,0.82060313,1.4207559,0
0.0,0.78725415,1.3165603,0
0.0,0.8023512,1.3020198,0
0.0,0.78658277,1.2351544,0
0.0,0.79391295,1.2603315,0
0.0,0.76869345,1.2182885,0
0.0,0.78891957,1.2513287,0
0.0,0.77640164,1.2000306,0
0.0,0.7841381,1.2063601,0
0.0,0.7597189,1.1546557,0
0.0,0.77091724,1.1642132,0
0.0,0.758708,1.1570537,0
0.0,0.76402086,1.200082,0
0.0,0.7403861,1.1840657,0
0.0,0.75463444,1.2582965,0
0.0,0.7441865,1.2384534,0
0.0,0.7474908,1.2428141,0
0.0,0.7364792,1.2054589,0
0.0,0.7477689,1.2093359,0
0.0,0.7536018,1.2284786,0
0.0,0.7551558,1.2346141,0
0.0,0.7467657,1.213398,0
0.0,0.75009644,1.200757,0
0.0,0.7523249,1.1859463,0
0.0,0.7460893,1.1474631,0
0.0,0.74551314,1.1088202,0
0.0,0.7440387,1.0840493,0
0.0,0.7572865,1.1002204,0
0.0,0.74488246,1.0802373,0
0.0,0.7566307,1.1150618,0
0.0,0.7488292,1.0888735,0
0.0,0.7619877,1.1403193,0
0.0,0.74902064,1.1429746,0
0.0,0.760131,1.1649342,0
0.0,0.75233763,1.1754742,0
0.0,0.7651048,1.2292411,0
0.0,0.751652,1.1919973,0
0.0,0.7642312,1.2131374,0
0.0,0.75540596,1.2000539,0
0.0,0.76769316,1.229337,0
0.0,0.7516723,1.1957893,0
0.0,0.758883,1.2131093,0
0.0,0.75443846,1.1868316,0
0.0,0.7604253,1.1684806,0
0.0,0.7518154,1.1229005,0
0.0,0.75961924,1.1054192,0
0.0,0.77214086,1.1122165,0
0.0,0.77166986,1.1024663,0
0.0,0.7764235,1.1201034,0
0.0,0.77483624,1.1276352,0
0.0,0.7813451,1.1305819,0
0.0,0.7691077,1.1148891,0
0.0,0.77544284,1.143511,0
0.0,0.7672793,1.1221763,0
0.0,0.77404875,1.1327579,0
0.0,0.76563233,1.1390638,0
0.0,0.7747732,1.226505,0
0.0,0.7763398,1.2528105,0
0.0,0.7905424,1.2865505,0
0.0,0.7922462,1.283828,0
0.0,0.8074279,1.289979,0
0.0,0.8041641,1.2643366,0
0.0,0.81731457,1.2901937,0
0.0,0.81667185,1.2500647,0
0.0,0.8254879,1.2268252,0
0.0,0.81845933,1.2068785,0
0.0,0.8290364,1.2203751,0
0.0,0.8242956,1.2022916,0
0.0,0.8260832,1.2273622,0
0.0,0.8229243,1.2202408,0
0.0,0.8168742,1.1901972,0
0.0,0.8197467,1.2057986,0
0.0,0.80967945,1.1796143,0
0.0,0.81264913,1.1949742,0
0.0,0.8140315,1.2193816,0
0.0,0.8185863,1.2270584,0
0.0,0.8122433,1.2386088,0
0.0,0.8165549,1.2612532,0
0.0,0.81896615,1.2440532,0
0.0,0.8309851,1.2832446,0
0.0,0.82267344,1.242862,0
0.0,0.81927985,1.2065806,0
0.0,0.8130904,1.1874204,0
0.0,0.81434995,1.1581357,0
0.0,0.79264605,1.1077969,0
0.0,0.790671,1.0982738,0
0.0,0.7726774,1.0633309,0
0.0,0.77572757,1.0671725,0
0.0,0.754473,0.9696452,0
0.0,0.7591174,0.9876089,0
0.0,0.74795014,0.9783889,0
0.0,0.74879926,0.9848118,0
0.0,0.74258333,1.005779,0
0.0,0.7425409,1.0146023,0
0.0,0.73634166,0.997701,0
0.0,0.73457104,1.00916,0
0.0,0.72741526,1.0205781,0
0.0,0.73125476,1.0257276,0
0.0,0.7250688,0.9950716,0
0.0,0.72975814,1.0061198,0
0.0,0.7246771,0.9786516,0
0.0,0.72641206,0.96601206,0
0.0,0.730659,0.966372,0
0.0,0.7369717,0.9502467,0
0.0,0.73542064,0.9203886,0
0.0,0.7405412,0.919509,0
0.0,0.7510875,0.9491636,0
0.0,0.7637993,0.9796332,0
0.0,0.7781312,0.98227537,0
0.0,0.7765826,0.98526496,0
0.0,0.78481144,1.0130762,0
0.0,0.78568083,1.0130845,0
0.0,0.7982703,1.073755,0
0.0,0.7896297,1.0666043,0
0.0,0.7866297,1.074121,0
0.0,0.78502125,1.106235,0
0.0,0.7982369,1.125124,0
0.0,0.79040086,1.1118025,0
0.0,0.79244673,1.1166044,0
0.0,0.7871147,1.0927811,0
0.0,0.8006721,1.1225917,0
0.0,0.7850064,1.0529461,0
0.0,0.7919413,1.0416756,0
0.0,0.78860533,1.032321,0
0.0,0.80386233,1.0393648,0
0.0,0.7915843,0.9991244,0
0.0,0.80276203,1.0352418,0
0.0,0.78967464,1.0229305,0
0.0,0.8119394,1.0389736,0
0.0,0.7944275,1.0086473,0
0.0,0.7944643,1.02842,0
0.0,0.7723933,0.9846777,0
0.0,0.7840036,1.0258033,0
0.0,0.76750255,1.0054995,0
0.0,0.7698113,1.0553414,0
0.0,0.75345427,1.066497,0
0.0,0.7683688,1.1117921,0
0.0,0.7611623,1.0887735,0
0.0,0.7810034,1.1140949,0
0.0,0.76832706,1.092431,0
0.0,0.78386116,1.1162336,0
0.0,0.77869654,1.0731639,0
0.0,0.7999434,1.1297148,0
0.0,0.7915055,1.131073,0
0.0,0.8062126,1.1249328,0
0.0,0.8137452,1.1426345,0
0.0,0.82685274,1.1802156,0
0.0,0.8200191,1.1354938,0
0.0,0.8309745,1.1596565,0
0.0,0.82530206,1.1567256,0
0.0,0.8297291,1.17586,0
0.0,0.82046485,1.1803687,0
0.0,0.82118803,1.197827,0
0.0,0.8151041,1.2203815,0
0.0,0.81939214,1.2674295,0
0.0,0.8144912,1.2863126,0
0.0,0.81386286,1.3081467,0
0.0,0.8142754,1.3149648,0
0.0,0.8202747,1.3184137,0
0.0,0.8175071,1.292984,0
0.0,0.8144115,1.2880919,0
0.0,0.8191534,1.3216058,0
0.0,0.8184859,1.3188292,0
0.0,0.8216402,1.2897925,0
0.0,0.82259,1.277612,0
0.0,0.82408357,1.2815881,0
0.0,0.8174864,1.2301006,0
0.0,0.8262394,1.2270641,0
0.0,0.8172298,1.1972246,0
0.0,0.8073888,1.1914701,0
0.0,0.7967999,1.1896331,0
0.0,0.7981716,1.2204845,0
0.0,0.7857922,1.2522616,0
0.0,0.7876987,1.2683587,0
0.0,0.7828424,1.2573452,0
0.0,0.7978242,1.312026,0
0.0,0.79830015,1.3263772,0
0.0,0.81455684,1.3782463,0
0.0,0.8098605,1.3565404,0
0.0,0.82016134,1.3874333,0
0.0,0.81565464,1.3832223,0
0.0,0.816726,1.3594096,0
0.0,0.8061952,1.3333293,0
0.0,0.8104291,1.320295,0
0.0,0.8018481,1.269031,0
0.0,0.8003857,1.2763212,0
0.0,0.79045177,1.2361732,0
0.0,0.7934865,1.2154564,0
0.0,0.7849379,1.1977768,0
0.0,0.7879983,1.211199,0
0.0,0.7767014,1.2288485,0
0.0,0.7778388,1.2679114,0
0.0,0.7738213,1.2756795,0
0.0,0.78135556,1.2967334,0
0.0,0.778339,1.2856169,0
0.0,0.78140736,1.3276236,0
0.0,0.78933924,1.3947,0
0.0,0.79596466,1.4190028,0
0.0,0.793019,1.4202797,0
0.0,0.7896989,1.4257195,0
0.0,0.78872633,1.42844,0
0.0,0.78491694,1.3918436,0
0.0,0.78141993,1.3599116,0
0.0,0.7857611,1.3360636,0
0.0,0.7790848,1.283592,0
0.0,0.7886131,1.3321607,0
0.0,0.785968,1.3183825,0
0.0,0.7964315,1.3053083,0
0.0,0.7941906,1.3060716,0
0.0,0.7977843,1.307112,0
0.0,0.7916472,1.3313127,0
0.0,0.8043968,1.3904091,0
0.0,0.8000422,1.381064,0
0.0,0.80584353,1.4220724,0
0.0,0.8041051,1.4257336,0
0.0,0.81225944,1.4541364,0
0.0,0.813553,1.4646671,0
0.0,0.81474626,1.4395323,0
0.0,0.80496997,1.4237325,0
0.0,0.8084492,1.4301968,0
0.0,0.7945831,1.3793409,0
0.0,0.79373777,1.373923,0
0.0,0.77794254,1.2815489,0
0.0,0.7820143,1.2705903,0
0.0,0.77437204,1.2593694,0
0.0,0.7717051,1.2098532,0
0.0,0.7609834,1.1865164,0
0.0,0.7638064,1.1760869,0
0.0,0.7570257,1.1055036,0
0.0,0.76481074,1.1406662,0
0.0,0.7546368,1.1398327,0
0.0,0.76389736,1.162724,0
0.0,0.76559097,1.1974348,0
0.0,0.7786897,1.2845826,0
0.0,0.7720769,1.2939708,0
0.0,0.78262025,1.3138931,0
0.0,0.78897274,1.3350422,0
0.0,0.8001859,1.3485706,0
0.0,0.7837929,1.3022354,0
0.0,0.7987976,1.3305371,0
0.0,0.78972924,1.3011597,0
0.0,0.80365384,1.3190935,0
0.0,0.78617305,1.2329088,0
0.0,0.79270357,1.2145488,0
0.0,0.78289866,1.171592,0
0.0,0.7976524,1.1987046,0
0.0,0.78847903,1.2122717,0
0.0,0.7954813,1.2392958,0
0.0,0.7881723,1.236177,0
0.0,0.8140884,1.3098259,0
0.0,0.7996761,1.2742561,0
0.0,0.8129019,1.3265252,0
0.0,0.80590326,1.3376243,0
0.0,0.82597,1.40243,0
0.0,0.80294424,1.385679,0
0.0,0.8133864,1.4003198,0
0.0,0.79711545,1.3640239,0
0.0,0.8152874,1.4468043,0
0.0,0.7919084,1.3848791,0
0.0,0.80366784,1.4243691,0
0.0,0.7769347,1.3848169,0
0.0,0.7915861,1.3841121,0
0.0,0.7763263,1.31704,0
0.0,0.77372664,1.2876084,0
0.0,0.7595995,1.2192136,0
0.0,0.7691831,1.194605,0
0.0,0.76340634,1.1778207,0
0.0,0.77307534,1.2087823,0
0.0,0.7662539,1.1836386,0
0.0,0.7804357,1.2234582,0
0.0,0.76670575,1.2125227,0
0.0,0.7750058,1.2416708,0
0.0,0.7615831,1.2422087,0
0.0,0.767308,1.2897234,0
0.0,0.7538003,1.2720544,0
0.0,0.7537422,1.2753162,0
0.0,0.74630755,1.2758399,0
0.0,0.74732554,1.2866144,0
0.0,0.75082266,1.2493292,0
0.0,0.75577605,1.2395113,0
0.0,0.7493922,1.2342604,0
0.0,0.754949,1.2280889,0
0.0,0.75564814,1.2125783,0
0.0,0.7581753,1.1876547,0
0.0,0.7540505,1.146102,0
0.0,0.7585689,1.1310074,0
0.0,0.75814986,1.109468,0
0.0,0.75925624,1.1141981,0
0.0,0.75433433,1.1001463,0
0.0,0.7598301,1.0993026,0
0.0,0.75801027,1.1005285,0
0.0,0.7550922,1.097842,0
0.0,0.7494456,1.0843709,0
0.0,0.75261015,1.1307105,0
0.0,0.75680685,1.1642139,0
0.0,0.75509435,1.1611059,0
0.0,0.75583035,1.1840047,0
0.0,0.76376194,1.1916646,0
0.0,0.75905883,1.1737862,0
0.0,0.7704249,1.1891699,0
0.0,0.7614489,1.1444682,0
0.0,0.7656207,1.157733,0
0.0,0.7519435,1.1153864,0
0.0,0.7534011,1.0941217,0
0.0,0.7637516,1.0905925,0
0.0,0.76092035,1.0504507,0
0.0,0.757803,1.0368193,0
0.0,0.75462013,1.020858,0
0.0,0.7534504,1.0115893,0
0.0,0.75602394,1.0152831,0
0.0,0.743564,1.0018432,0
0.0,0.75155234,1.0438268,0
0.0,0.7471237,1.026664,0
0.0,0.7505122,1.045252,0
0.0,0.7461689,1.0657458,0
0.0,0.75647813,1.079212,0
0.0,0.75758094,1.0829973,0
0.0,0.7644312,1.1072395,0
0.0,0.75617427,1.0718758,0
0.0,0.76293373,1.1043389,0
0.0,0.77063304,1.1256394,0
0.0,0.7668335,1.0868323,0
0.0,0.78209656,1.1094985,0
0.0,0.7773817,1.0717274,0
0.0,0.78939664,1.0638766,0
0.0,0.79702497,1.0398778,0
0.0,0.8076145,1.0481174,0
0.0,0.8117078,1.0728711,0
0.0,0.8156948,1.0791342,0
0.0,0.81990564,1.1316179,0
0.0,0.8155962,1.1329123,0
0.0,0.8226433,1.1490037,0
0.0,0.8351244,1.2051392,0
0.0,0.8353293,1.1875198,0
0.0,0.82880133,1.1904233,0
0.0,0.8373011,1.2360821,0
0.0,0.8447217,1.2492046,0
0.0,0.8503267,1.269563,0
0.0,0.83645785,1.2245991,0
0.0,0.8401354,1.2350578,0
0.0,0.8404691,1.2373871,0
0.0,0.8397923,1.2048573,0
0.0,0.8235579,1.1542238,0
0.0,0.8276223,1.140703,0
0.0,0.8212747,1.1136867,0
0.0,0.82691616,1.1084967,0
0.0,0.7974097,1.0268292,0
0.0,0.8047353,1.0702096,0
0.0,0.7964557,1.0621474,0
0.0,0.79471624,1.0446434,0
0.0,0.7627069,1.014756,0
0.0,0.7692315,1.0201803,0
0.0,0.7570244,0.97775716,0
0.0,0.76558036,1.0508327,0
0.0,0.7482844,1.0515045,0
0.0,0.7523063,1.0707481,0
0.0,0.74565154,1.074595,0
0.0,0.7588287,1.087574,0
0.0,0.76059455,1.0636983,0
0.0,0.7631805,1.0591036,0
0.0,0.7695664,1.0644686,0
0.0,0.7769213,1.0504746,0
0.0,0.78388757,1.0481349,0
0.0,0.78948826,1.0517783,0
0.0,0.79134107,1.0356587,0
0.0,0.7932018,1.0135717,0
0.0,0.80288005,0.9988407,0
0.0,0.8163914,1.0273296,0
0.0,0.81903476,1.04299,0
0.0,0.82096654,1.0582931,0
0.0,0.84776103,1.1458766,0
0.0,0.8546981,1.1807578,0
0.0,0.8548383,1.2097356,0
0.0,0.8576987,1.219208,0
0.0,0.8746853,1.2432294,0
0.0,0.87728685,1.2736875,0
0.0,0.87093455,1.2701802,0
0.0,0.86922663,1.2618978,0
0.0,0.89493895,1.337427,0
0.0,0.89587814,1.3233905,0
0.0,0.8942564,1.2981806,0
0.0,0.88981354,1.2846026,0
0.0,0.9017822,1.2736082,0
0.0,0.89987135,1.2259659,0
0.0,0.8908535,1.1947271,0
0.0,0.8852859,1.1449978,0
0.0,0.8986242,1.144474,0
0.0,0.90119445,1.1810733,0
0.0,0.8991484,1.1968806,0
0.0,0.89201933,1.2045584,0
0.0,0.90865886,1.2570174,0
0.0,0.9088689,1.2413747,0
0.0,0.90395945,1.2408936,0
0.0,0.89346445,1.2278324,0
0.0,0.8950579,1.2407146,0
0.0,0.89506793,1.2885033,0
0.0,0.8920242,1.3059304,0
0.0,0.880944,1.2993958,0
0.0,0.8831639,1.3296572,0
0.0,0.8833598,1.3100957,0
0.0,0.8870436,1.2833,0
0.0,0.88156515,1.2369149,0
0.0,0.87197256,1.2044874,0
0.0,0.87770045,1.1947304,0
0.0,0.8792647,1.1492444,0
0.0,0.8776874,1.168565,0
0.0,0.8687526,1.1584464,0
0.0,0.8717137,1.1242994,0
0.0,0.872129,1.1327312,0
0.0,0.86512667,1.119938,0
0.0,0.85652804,1.101956,0
0.0,0.8562514,1.1240745,0
0.0,0.8447812,1.1275895,0
0.0,0.8497282,1.1929891,0
0.0,0.83253396,1.1743262,0
0.0,0.8362694,1.2055523,0
0.0,0.82578003,1.1946688,0
0.0,0.8430981,1.2101707,0
0.0,0.82739854,1.1690245,0
0.0,0.84132886,1.1596825,0
0.0,0.8208573,1.0862292,0
0.0,0.84297407,1.1211915,0
0.0,0.82069534,1.0614209,0
0.0,0.8383903,1.0960355,0
0.0,0.8078792,1.0045915,0
0.0,0.81510156,0.98734784,0
0.0,0.78655124,0.91881824,0
0.0,0.8100424,0.93498427,0
0.0,0.77987754,0.89463985,0
0.0,0.7900577,0.9248208,0
0.0,0.7746139,0.8895807,0
0.0,0.8025496,0.94901735,0
0.0,0.78442854,0.93219423,0
0.0,0.7990299,0.9831604,0
0.0,0.776606,0.93761563,0
0.0,0.7978377,0.97540474,0
0.0,0.7759928,0.9523266,0
0.0,0.78657746,0.97597194,0
0.0,0.7692477,0.9420829,0
0.0,0.7918515,0.9840644,0
0.0,0.77945226,0.935951,0
0.0,0.7872796,0.94252384,0
0.0,0.767775,0.8756677,0
0.0,0.77723455,0.85434026,0
0.0,0.7770169,0.8267151,0
0.0,0.77586716,0.7804781,0
0.0,0.76711977,0.774315,0
0.0,0.7724454,0.77465785,0
0.0,0.7803667,0.7786677,0
0.0,0.7925342,0.8285754,0
0.0,0.7894985,0.84319586,0
0.0,0.80492353,0.8875487,0
0.0,0.8021647,0.90373623,0
0.0,0.8060653,0.9330564,0
0.0,0.7866322,0.91132987,0
0.0,0.79841137,0.94271266,0
0.0,0.78064746,0.9360152,0
0.0,0.79075795,0.9796325,0
0.0,0.77701604,0.9540142,0
0.0,0.7896674,0.9728093,0
0.0,0.77802515,0.9312397,0
0.0,0.790133,0.9327588,0
0.0,0.77747595,0.89769435,0
0.0,0.7860212,0.8984346,0
0.0,0.7671255,0.85820127,0
0.0,0.780178,0.8951709,0
0.0,0.7645595,0.8573755,0
0.0,0.7719862,0.8730674,0
0.0,0.7510531,0.8438655,0
0.0,0.7767828,0.87714183,0
0.0,0.7587333,0.86628854,0
0.0,0.7804756,0.9656705,0
0.0,0.75882703,0.9627348,0
0.0,0.7830299,1.0340791,0
0.0,0.76943886,1.025233,0
0.0,0.7825674,1.0609754,0
0.0,0.7687692,1.0570481,0
0.0,0.7887747,1.0934567,0
0.0,0.7876419,1.0597473,0
0.0,0.7899437,1.0965564,0
0.0,0.78374475,1.1069492,0
0.0,0.79448766,1.1041539,0
0.0,0.8060977,1.097791,0
0.0,0.815393,1.0875465,0
0.0,0.8125986,1.0712842,0
0.0,0.82805413,1.0873977,0
0.0,0.8318053,1.0800703,0
0.0,0.8318324,1.0890989,0
0.0,0.8336286,1.0909808,0
0.0,0.84214383,1.12858,0
0.0,0.84304816,1.1658893,0
0.0,0.8402045,1.1667144,0
0.0,0.846759,1.2001836,0
0.0,0.84811425,1.2374958,0
0.0,0.84839624,1.2511373,0
0.0,0.8422049,1.252649,0
0.0,0.8471753,1.2778187,0
0.0,0.8442968,1.2494173,0
0.0,0.8394376,1.2338712,0
0.0,0.8214334,1.2199484,0
0.0,0.82892907,1.2525437,0
0.0,0.8177564,1.2205027,0
0.0,0.8165221,1.2002195,0
0.0,0.812313,1.1256363,0
0.0,0.83102566,1.1067221,0
0.0,0.82965815,1.09356,0
0.0,0.8334565,1.0941243,0
0.0,0.8239278,1.088219,0
0.0,0.8502265,1.171268,0
0.0,0.84255606,1.188175,0
0.0,0.84462714,1.2332029,0
0.0,0.83116686,1.1889982,0
0.0,0.85011023,1.2165079,0
0.0,0.8448283,1.2218934,0
0.0,0.8416316,1.2405415,0
0.0,0.82950103,1.2390491,0
0.0,0.8387441,1.2618382,0
0.0,0.8381637,1.2550466,0
0.0,0.8383884,1.2560561,0
0.0,0.82294583,1.2345878,0
0.0,0.8315356,1.2435269,0
0.0,0.83149123,1.1961942,0
0.0,0.8382879,1.1706667,0
0.0,0.83238715,1.1327236,0
0.0,0.8339452,1.1055388,0
0.0,0.84480655,1.109502,0
0.0,0.83911675,1.1003978,0
0.0,0.84059083,1.1165688,0
0.0,0.832865,1.1048396,0
0.0,0.84081686,1.1256478,0
0.0,0.8238587,1.0925285,0
0.0,0.8263363,1.0737095,0
0.0,0.80926096,1.0072715,0
0.0,0.80734164,1.0106255,0
0.0,0.78706837,0.9943066,0
0.0,0.7993918,1.0648015,0
0.0,0.78175396,1.0652444,0
0.0,0.7858876,1.0746405,0
0.0,0.78104293,1.046516,0
0.0,0.81219983,1.076361,0
0.0,0.8127875,1.031055,0
0.0,0.84064144,1.0323272,0
0.0,0.8461978,0.99872196,0
0.0,0.868106,1.0402087,0
0.0,0.8691672,1.026397,0
0.0,0.8839885,1.0487281,0
0.0,0.88068914,1.0203173,0
0.0,0.8686589,0.9695001,0
0.0,0.88030237,0.9704437,0
0.0,0.88520986,0.96545994,0
0.0,0.8867246,0.9716583,0
0.0,0.8644635,0.91948783,0
0.0,0.8704817,0.93401366,0
0.0,0.8824779,0.95795834,0
0.0,0.8853828,0.97301537,0
0.0,0.8606732,0.9355707,0
0.0,0.8821889,0.9573818,0
0.0,0.8933159,0.9709387,0
0.0,0.89769924,0.9606019,0
0.0,0.8667804,0.8649161,0
0.0,0.8831463,0.87585276,0
0.0,0.8877648,0.8653626,0
0.0,0.89008284,0.8518482,0
0.0,0.8319838,0.7392601,0
0.0,0.8582878,0.76008564,0
0.0,0.8490148,0.714013,0
0.0,0.8607487,0.69475824,0
0.0,0.7684824,0.5063844,0
0.0,0.8051662,0.5268357,0
0.0,0.7863918,0.49144572,0
0.0,0.78959125,0.5033678,0
0.0,0.74512666,0.4514568,0
0.0,0.76008284,0.46578532,0
0.0,0.7679408,0.49413705,0
0.0,0.7718368,0.5082445,0
0.0,0.72842705,0.4269982,0
0.0,0.73887765,0.43833703,0
0.0,0.73405683,0.41981485,0
0.0,0.7370042,0.4133894,0
0.0,0.6933079,0.3566191,0
0.0,0.6908275,0.3498391,0
0.0,0.69236904,0.34807166,0
0.0,0.69977176,0.33944672,0
0.0,0.67923224,0.29061073,0
0.0,0.6823444,0.27589437,0
0.0,0.70139086,0.28525507,0
0.0,0.7222808,0.28892878,0
0.0,0.70636755,0.2626472,0
0.0,0.67599374,0.23978959,0
0.0,0.7143825,0.26958883,0
0.0,0.7300013,0.2717241,0
0.0,0.7019595,0.24224588,0
0.0,0.6904533,0.21828546,0
0.0,0.71375185,0.22885227,0
0.0,0.7125991,0.23052719,0
0.0,0.6917276,0.21091977,0
0.0,0.66336507,0.18911737,0
0.0,0.6913363,0.21188495,0
0.0,0.69282997,0.20955426,0
0.0,0.68884766,0.20022726,0
0.0,0.70583713,0.21090896,0
0.0,0.76419944,0.24896172,0
0.0,0.78155726,0.25109306,0
0.0,0.76516753,0.2244739,0
0.0,0.7711077,0.23821023,0
0.0,0.77402776,0.22177127,0
0.0,0.7170225,0.1638327,0
0.0,0.67300016,0.12854491,0
0.0,0.68372744,0.12736389,0
0.0,0.7009014,0.1331819,0
0.0,0.63897324,0.10442656,0
0.0,0.61256737,0.09493616,0
0.0,0.6886859,0.1332703,0
0.0,0.73920345,0.17027909,0
0.0,0.697023,0.1468063,0
0.0,0.6642548,0.12711436,0
0.0,0.7662745,0.1817267,0
0.0,0.7885865,0.19565105,0
0.0,0.77046734,0.18331091,0
0.0,0.7265146,0.15235844,0
0.0,0.82497466,0.20419186,0
0.0,0.84138376,0.20518282,0
0.0,0.81010145,0.17943664,0
0.0,0.72929144,0.12516397,0
0.0,0.7986024,0.15530011,0
0.0,0.809118,0.15685517,0
0.0,0.7729922,0.125988,0
0.0,0.70746434,0.09756792,0
0.0,0.76662755,0.113100186,0
0.0,0.8187202,0.14299706,0
0.0,0.8471636,0.15621123,0
0.0,0.8110829,0.1351718,0
0.0,0.8544532,0.16085652,0
0.0,0.89046305,0.18157288,0
0.0,0.8909173,0.18178037,0
0.0,0.8280773,0.14318614,0
0.0,0.8392858,0.12924129,0
0.0,0.84293115,0.13465649,0
0.0,0.8358597,0.13262017,0
0.0,0.7604033,0.09383883,0
0.0,0.75645244,0.09164409,0
0.0,0.7897844,0.10149452,0
0.0,0.7539776,0.07857097,0
0.0,0.68879914,0.0604469,0
0.0,0.6937527,0.054055642,0
0.0,0.7544236,0.052280314,0
0.0,0.7448225,0.04650032,0
0.0,0.72340894,0.047978044,0
0.0,0.75245637,0.05749756,0
0.0,0.797445,0.070648275,0
0.0,0.765765,0.054934535,0
0.0,0.77660286,0.054172043,0
0.0,0.7529659,0.05223873,0
0.0,0.7476345,0.051866062,0
0.0,0.671885,0.040091366,0
0.0,0.69972813,0.046217117,0
0.0,0.692945,0.052320678,0
0.0,0.7251145,0.058506478,0
0.0,0.6786216,0.0482696,0
0.0,0.74997777,0.06278603,0
0.0,0.7102252,0.051950995,0
0.0,0.71844375,0.047634378,0
0.0,0.67981386,0.03967162,0
0.0,0.75648874,0.054939173,0
0.0,0.71578205,0.045123525,0
0.0,0.70544904,0.043510817,0
0.0,0.6570069,0.039355148,0
0.0,0.70163035,0.04218055,0
0.0,0.65475917,0.039663974,0
0.0,0.6373006,0.041743822,0
0.0,0.62540984,0.043499712,0
0.0,0.7125234,0.06209611,0
0.0,0.727156,0.07383993,0
0.0,0.7167597,0.06988727,0
0.0,0.7391948,0.07506965,0
0.0,0.7945092,0.09586707,0
0.0,0.7835773,0.09439271,0
0.0,0.7360487,0.07895872,0
0.0,0.7764336,0.09628467,0
0.0,0.8075877,0.10699256,0
0.0,0.807977,0.102100134,0
0.0,0.72550964,0.07032395,0
0.0,0.77995616,0.08993555,0
0.0,0.8280366,0.11230597,0
0.0,0.844551,0.11962559,0
0.0,0.7812258,0.094258465,0
0.0,0.819731,0.11085021,0
0.0,0.83592176,0.11221491,0
0.0,0.82498366,0.103118956,0
0.0,0.7483221,0.07644151,0
0.0,0.81158656,0.10549387,0
0.0,0.8242663,0.112175494,0
0.0,0.8344076,0.11640822,0
0.0,0.7599007,0.08742803,0
0.0,0.7839595,0.11133955,0
0.0,0.76352453,0.10713558,0
0.0,0.7327056,0.09401947,0
0.0,0.6367125,0.064810485,0
0.0,0.6717661,0.072863966,0
0.0,0.6377017,0.06367307,0
0.0,0.6776623,0.07487531,0
0.0,0.65688354,0.065439515,0
0.0,0.6744942,0.06793358,0
0.0,0.6629707,0.054452576,0
0.0,0.69544107,0.05564172,0
0.0,0.6789179,0.05446787,0
0.0,0.67814374,0.054636512,0
0.0,0.6275082,0.04467728,0
0.0,0.6357976,0.044449188,0
0.0,0.6309336,0.041865587,0
0.0,0.6225907,0.040990047,0
0.0,0.59547216,0.044070512,0
0.0,0.637833,0.051114272,0
0.0,0.64840454,0.052458674,0
0.0,0.65904874,0.05924681,0
0.0,0.64135706,0.05044675,0
0.0,0.6749879,0.05964367,0
0.0,0.70169693,0.06655119,0
0.0,0.69020617,0.062385634,0
0.0,0.6707179,0.05537971,0
0.0,0.6806344,0.055320136,0
0.0,0.719049,0.068672426,0
0.0,0.69135016,0.055774286,0
0.0,0.6578285,0.04529054,0
0.0,0.6614429,0.04632149,0
0.0,0.66226536,0.04450894,0
0.0,0.63430136,0.029564368,0
0.0,0.6122747,0.026834834,0
0.0,0.6198686,0.02868448,0
0.0,0.6751323,0.04204624,0
0.0,0.70868576,0.05529872,0
0.0,0.673032,0.044052362,0
0.0,0.70593446,0.0598706,0
0.0,0.734532,0.07680012,0
0.0,0.76703024,0.09417695,0
0.0,0.69339436,0.06669695,0
0.0,0.7096825,0.07280512,0
0.0,0.7129602,0.070666924,0
0.0,0.73137975,0.07805672,0
0.0,0.6890017,0.060588934,0
0.0,0.7197628,0.07258327,0
0.0,0.74998456,0.08596708,0
0.0,0.76026493,0.08994284,0
0.0,0.7258879,0.06532253,0
0.0,0.7408975,0.06533368,0
0.0,0.7573747,0.06890538,0
0.0,0.74612135,0.058289986,0
0.0,0.7270477,0.05437151,0
0.0,0.7398068,0.059303794,0
0.0,0.7740842,0.06875313,0
0.0,0.72545743,0.05064694,0
0.0,0.7287947,0.052415006,0
0.0,0.720082,0.059646428,0
0.0,0.7677961,0.0842694,0
0.0,0.7093775,0.064338215,0
0.0,0.7026095,0.06307116,0
0.0,0.7107175,0.065303735,0
0.0,0.7502047,0.08319421,0
0.0,0.67350626,0.05869472,0
0.0,0.70939463,0.06863734,0
0.0,0.7421561,0.07584953,0
0.0,0.77532697,0.08053114,0
0.0,0.7094274,0.05737702,0
0.0,0.70466214,0.058290243,0
0.0,0.69170266,0.052052803,0
0.0,0.6847706,0.046472605,0
0.0,0.64143455,0.044197287,0
0.0,0.61794186,0.046266183,0
0.0,0.6333086,0.045105793,0
0.0,0.6238396,0.047664467,0
0.0,0.6061499,0.04956246,0
0.0,0.59261435,0.05285632,0
0.0,0.6147316,0.05571709,0
0.0,0.59959793,0.0557953,0
0.0,0.60734105,0.053422183,0
0.0,0.5870988,0.05330827,0
0.0,0.62265,0.052606717,0
0.0,0.55703086,0.054637782,0
0.0,0.54584926,0.05444523,0
0.0,0.5535787,0.05383589,0
0.0,0.57032484,0.053333133,0
0.0,0.5277976,0.062292665,0
0.0,0.5436654,0.06530897,0
0.0,0.53486264,0.07158687,0
0.0,0.542249,0.065063104,0
0.0,0.5154371,0.06981227,0
0.0,0.53380024,0.065593846,0
0.0,0.6029398,0.05235273,0
0.0,0.6685546,0.05113825,0
0.0,0.6704879,0.050532375,0
0.0,0.66725445,0.051751778,0
0.0,0.75377005,0.06600896,0
0.0,0.74223596,0.07853462,0
0.0,0.6933753,0.069024086,0
0.0,0.67959005,0.07567771,0
0.0,0.7589339,0.099378675,0
0.0,0.7374822,0.0924377,0
0.0,0.6951632,0.08637129,0
0.0,0.6816304,0.0819869,0
0.0,0.79066443,0.11946088,0
0.0,0.7835941,0.115903914,0
0.0,0.76862943,0.106098555,0
0.0,0.73670006,0.09908283,0
0.0,0.83446324,0.13646962,0
0.0,0.81641066,0.11808928,0
0.0,0.7884066,0.10862953,0
0.0,0.7760194,0.106468044,0
0.0,0.84302706,0.1374813,0
0.0,0.84628123,0.14038739,0
0.0,0.80410194,0.13035965,0
0.0,0.7721068,0.14465937,0
0.0,0.81602794,0.1753052,0
0.0,0.8275773,0.18705729,0
0.0,0.756638,0.15747505,0
0.0,0.75513124,0.15649077,0
0.0,0.7565379,0.17086911,0
0.0,0.8206838,0.23493418,0
0.0,0.7622913,0.1888197,0
0.0,0.7697514,0.20580412,0
0.0,0.7604264,0.2037144,0
0.0,0.83436435,0.2540745,0
0.0,0.77278435,0.21397012,0
0.0,0.7823561,0.22151153,0
0.0,0.7439101,0.18538079,0
0.0,0.78464895,0.20178306,0
0.0,0.6880997,0.14792386,0
0.0,0.70061296,0.15298101,0
0.0,0.6723129,0.13579051,0
0.0,0.7524378,0.19846177,0
0.0,0.7017105,0.17323802,0
0.0,0.71365565,0.18240623,0
0.0,0.7257689,0.20397457,0
0.0,0.7637012,0.25855398,0
0.0,0.7347799,0.24032708,0
0.0,0.7223818,0.23268113,0
0.0,0.7377805,0.25900155,0
0.0,0.746851,0.29051596,0
0.0,0.7406557,0.29794756,0
0.0,0.70447624,0.26741537,0
0.0,0.7476505,0.3194751,0
0.0,0.7563642,0.34416065,0
0.0,0.75380045,0.3358642,0
0.0,0.7161349,0.27134722,0
0.0,0.7964783,0.3506291,0
0.0,0.7947663,0.36180705,0
0.0,0.7930793,0.35565102,0
0.0,0.7412986,0.31178877,0
0.0,0.80278563,0.37976795,0
0.0,0.79841,0.36686605,0
0.0,0.8218107,0.4304328,0
0.0,0.80191165,0.41572016,0
0.0,0.8330997,0.464687,0
0.0,0.8226914,0.48099253,0
0.0,0.8180209,0.48146677,0
0.0,0.797853,0.46923023,0
0.0,0.8142262,0.5135096,0
0.0,0.8052167,0.5170729,0
0.0,0.8083383,0.5384408,0
0.0,0.80845016,0.5456493,0
0.0,0.8055076,0.5470989,0
0.0,0.80010766,0.54692006,0
0.0,0.79683155,0.54013157,0
0.0,0.8201982,0.571369,0
0.0,0.8325008,0.5758319,0
0.0,0.84600765,0.5868696,0
0.0,0.8299385,0.58487034,0
0.0,0.8513179,0.62460834,0
0.0,0.8285394,0.5894198,0
0.0,0.8457218,0.62661433,0
0.0,0.83241606,0.6106272,0
0.0,0.8637447,0.6818954,0
0.0,0.8420568,0.66547,0
0.0,0.86067975,0.7066885,0
0.0,0.820776,0.67679346,0
0.0,0.82681143,0.72509307,0
0.0,0.8149193,0.73841095,0
0.0,0.82983893,0.7708217,0
0.0,0.81374055,0.75337684,0
0.0,0.8196161,0.7657043,0
0.0,0.8145203,0.754552,0
0.0,0.83004826,0.78392184,0
0.0,0.82089216,0.75290203,0
0.0,0.8191573,0.75505877,0
0.0,0.8240629,0.7708175,0
0.0,0.8365729,0.79263437,0
0.0,0.82666487,0.7831649,0
0.0,0.81126887,0.7572145,0
0.0,0.8129525,0.7598638,0
0.0,0.81248343,0.76036304,0
0.0,0.79842716,0.73758376,0
0.0,0.76837367,0.69629955,0
0.0,0.77477074,0.7423343,0
0.0,0.78091866,0.79823446,0
0.0,0.7540743,0.7740729,0
0.0,0.72441113,0.7528583,0
0.0,0.74583024,0.81532013,0
0.0,0.76012313,0.83999383,0
0.0,0.7499544,0.8130198,0
0.0,0.7496617,0.8310424,0
0.0,0.76985544,0.8826432,0
0.0,0.77947843,0.8862575,0
0.0,0.76982987,0.8683014,0
0.0,0.7615973,0.84451026,0
0.0,0.7704098,0.8598254,0
0.0,0.77123004,0.85830116,0
0.0,0.75684357,0.8100898,0
0.0,0.7520585,0.80002177,0
0.0,0.75776196,0.8102601,0
0.0,0.7579638,0.81713295,0
0.0,0.7519455,0.8450523,0
0.0,0.7514018,0.87476313,0
0.0,0.751335,0.90568066,0
0.0,0.75744516,0.9651927,0
0.0,0.7609061,0.98387927,0
0.0,0.7634525,0.99549234,0
0.0,0.7687537,1.0199835,0
0.0,0.7672026,1.0072131,0
0.0,0.76935786,1.0135796,0
0.0,0.7635627,1.0325365,0
0.0,0.76678425,1.0643889,0
0.0,0.7576114,1.0416405,0
0.0,0.7686455,1.0561081,0
0.0,0.76365125,1.0495555,0
0.0,0.76296204,1.0322725,0
0.0,0.76271313,0.9927715,0
0.0,0.7750574,1.0058872,0
0.0,0.7664547,0.99237907,0
0.0,0.7744844,1.0083714,0
0.0,0.7706179,1.0086771,0
0.0,0.777287,1.02534,0
0.0,0.767706,1.0060691,0
0.0,0.7779481,1.0631046,0
0.0,0.7769188,1.0805712,0
0.0,0.78098315,1.1073378,0
0.0,0.77986366,1.1513863,0
0.0,0.7879523,1.1910536,0
0.0,0.7865272,1.2107229,0
0.0,0.79076594,1.226567,0
0.0,0.79134077,1.2171186,0
0.0,0.7969489,1.2382653,0
0.0,0.79251224,1.2257657,0
0.0,0.80106175,1.2268999,0
0.0,0.80187076,1.2199821,0
0.0,0.8024144,1.1959298,0
0.0,0.79979604,1.1617908,0
0.0,0.7918318,1.142443,0
0.0,0.77903914,1.1066566,0
0.0,0.7846028,1.1389781,0
0.0,0.7757099,1.1479367,0
0.0,0.7670193,1.1498975,0
0.0,0.7630273,1.1640253,0
0.0,0.7707769,1.1654806,0
0.0,0.77242,1.1903563,0
0.0,0.7756888,1.2472638,0
0.0,0.7825708,1.2653174,0
0.0,0.78765845,1.2746878,0
0.0,0.7875193,1.3037021,0
0.0,0.7921271,1.3425678,0
0.0,0.7946526,1.3448086,0
0.0,0.8033875,1.3752503,0
0.0,0.79810536,1.3644545,0
0.0,0.80248666,1.3688779,0
0.0,0.79407066,1.3511546,0
0.0,0.7996604,1.3138087,0
0.0,0.78953356,1.2811242,0
0.0,0.79551667,1.3171861,0
0.0,0.78041774,1.2443929,0
0.0,0.7930903,1.2608277,0
0.0,0.7802465,1.2486185,0
0.0,0.7944951,1.2993098,0
0.0,0.7927241,1.3233249,0
0.0,0.8014265,1.3417494,0
0.0,0.7905476,1.3286135,0
0.0,0.7993634,1.3850147,0
0.0,0.8000911,1.4287424,0
0.0,0.8118254,1.4857656,0
0.0,0.80342984,1.4744375,0
0.0,0.8154275,1.5146295,0
0.0,0.81363165,1.5104733,0
0.0,0.82449406,1.5189519,0
0.0,0.8183029,1.4900703,0
0.0,0.82279205,1.4852879,0
0.0,0.8128412,1.448422,0
0.0,0.81133085,1.4344113,0
0.0,0.80915344,1.4053357,0
0.0,0.80868745,1.3753386,0
0.0,0.8090331,1.3787091,0
0.0,0.8063501,1.3864272,0
0.0,0.8279902,1.4418533,0
0.0,0.81308544,1.4196594,0
0.0,0.83102524,1.4760921,0
0.0,0.82037306,1.4560628,0
0.0,0.83954847,1.5263351,0
0.0,0.8223478,1.5054054,0
0.0,0.83343613,1.5397666,0
0.0,0.8260153,1.5417789,0
0.0,0.837322,1.5961237,0
0.0,0.8250774,1.5628289,0
0.0,0.83277035,1.5860811,0
0.0,0.8253777,1.5644093,0
0.0,0.83336145,1.5573051,0
0.0,0.81331694,1.4969225,0
0.0,0.8209795,1.5009553,0
0.0,0.80927813,1.46333,0
0.0,0.81164473,1.4481647,0
0.0,0.7941678,1.3728335,0
0.0,0.8032193,1.3583934,0
0.0,0.7958121,1.312807,0
0.0,0.8032251,1.3314817,0
0.0,0.7905761,1.3014953,0
0.0,0.8002406,1.3425943,0
0.0,0.7946253,1.3357568,0
0.0,0.78152573,1.2942145,0
0.0,0.7739539,1.3065081,0
0.0,0.7725678,1.3054194,0
0.0,0.7708376,1.3059444,0
0.0,0.76912147,1.3211503,0
0.0,0.76532185,1.31177,0
0.0,0.76720524,1.3171772,0
0.0,0.76531285,1.2922677,0
0.0,0.763196,1.2516665,0
0.0,0.75957197,1.2155817,0
0.0,0.7623904,1.1990726,0
0.0,0.75639445,1.1611831,0
0.0,0.7514701,1.1216177,0
0.0,0.74701047,1.1058432,0
0.0,0.7515279,1.1149521,0
0.0,0.7443207,1.102104,0
0.0,0.74518573,1.0875766,0
0.0,0.74293214,1.067452,0
0.0,0.74938667,1.1100256,0
0.0,0.7478048,1.1055646,0
0.0,0.74567014,1.1004122,0
0.0,0.74461424,1.1219091,0
0.0,0.7510492,1.1219313,0
0.0,0.74511606,1.1017293,0
0.0,0.7489561,1.1430985,0
0.0,0.7518942,1.1552017,0
0.0,0.7567845,1.1467187,0
0.0,0.7622704,1.1618979,0
0.0,0.75278896,1.121484,0
0.0,0.759738,1.1169798,0
0.0,0.75216794,1.0849497,0
0.0,0.757401,1.0699277,0
0.0,0.7430192,1.0471795,0
0.0,0.74927217,1.0443916,0
0.0,0.74250424,0.99062407,0
0.0,0.74965054,0.9972325,0
0.0,0.7441286,0.9978312,0
0.0,0.76262903,1.0300969,0
0.0,0.7547709,1.0071609,0
0.0,0.77216774,1.0682645,0
0.0,0.76215076,1.0660561,0
0.0,0.7794274,1.1182988,0
0.0,0.76984227,1.1272058,0
0.0,0.78168297,1.153873,0
0.0,0.7681883,1.1447014,0
0.0,0.78400636,1.1767737,0
0.0,0.7730021,1.12494,0
0.0,0.7926155,1.1543567,0
0.0,0.77845186,1.1053634,0
0.0,0.7845151,1.1121627,0
0.0,0.7791992,1.0793363,0
0.0,0.7799993,1.0580463,0
0.0,0.7743992,1.034089,0
0.0,0.7736725,1.007859,0
0.0,0.77147543,1.0010602,0
0.0,0.7779181,1.0135291,0
0.0,0.77431744,0.99896264,0
0.0,0.77939403,1.0059725,0
0.0,0.77909195,1.005954,0
0.0,0.7856404,1.0366694,0
0.0,0.77928424,1.0491109,0
0.0,0.78054345,1.0600097,0
0.0,0.77662176,1.054091,0
0.0,0.7738919,1.0854121,0
0.0,0.77055913,1.0958307,0
0.0,0.76828194,1.0744286,0
0.0,0.76967037,1.0990072,0
0.0,0.77146316,1.0980775,0
0.0,0.7777654,1.0771811,0
0.0,0.7778529,1.0714272,0
0.0,0.7905157,1.0777072,0
0.0,0.77711034,1.0247753,0
0.0,0.78920394,1.0213966,0
0.0,0.78285253,0.96863234,0
0.0,0.794122,0.9649609,0
0.0,0.7799368,0.92125314,0
0.0,0.77843004,0.89567935,0
0.0,0.77094245,0.8808415,0
0.0,0.78636885,0.92534584,0
0.0,0.76991355,0.9067273,0
0.0,0.7784638,0.92785436,0
0.0,0.7642359,0.8951663,0
0.0,0.78780895,0.93151814,0
0.0,0.77561057,0.91047466,0
0.0,0.78684837,0.930207,0
0.0,0.76608443,0.8978394,0
0.0,0.7813734,0.92508465,0
0.0,0.7673177,0.88740623,0
0.0,0.78173536,0.88655406,0
0.0,0.765056,0.8223511,0
0.0,0.7776766,0.8312838,0
0.0,0.7650103,0.7842586,0
0.0,0.7697035,0.75538754,0
0.0,0.73892224,0.7012301,0
0.0,0.74079114,0.7005964,0
0.0,0.7256776,0.63193333,0
0.0,0.72926736,0.62531555,0
0.0,0.71625954,0.6154328,0
0.0,0.7264833,0.6084259,0
0.0,0.73002785,0.63220215,0
0.0,0.74431956,0.66796803,0
0.0,0.73750997,0.6502647,0
0.0,0.74922293,0.7063129,0
0.0,0.743234,0.7010431,0
0.0,0.7577655,0.7178184,0
0.0,0.74940383,0.7059696,0
0.0,0.7612242,0.72037727,0
0.0,0.74117506,0.7005521,0
0.0,0.75910115,0.73195493,0
0.0,0.7452081,0.7002344,0
0.0,0.7628526,0.7073861,0
0.0,0.74753463,0.6470084,0
0.0,0.77086806,0.66414213,0
0.0,0.7759702,0.64656025,0
0.0,0.79695666,0.66151345,0
0.0,0.78465295,0.665086,0
0.0,0.8036583,0.70850056,0
0.0,0.83303094,0.7385083,0
0.0,0.85161847,0.7775175,0
0.0,0.8478939,0.785475,0
0.0,0.86556566,0.8085468,0
0.0,0.88235766,0.8397945,0
0.0,0.88513356,0.8528815,0
0.0,0.86847466,0.8152451,0
0.0,0.8731697,0.8313039,0
0.0,0.888934,0.86287916,0
0.0,0.89191276,0.84012413,0
0.0,0.8755406,0.8196715,0
0.0,0.86933625,0.7898545,0
0.0,0.89181054,0.78446436,0
0.0,0.8903622,0.77389085,0
0.0,0.89224005,0.7437649,0
0.0,0.87644917,0.70337915,0
0.0,0.90624785,0.7420027,0
0.0,0.89820397,0.6761241,0
0.0,0.88886046,0.6552199,0
0.0,0.8523047,0.5975112,0
0.0,0.8918514,0.64420664,0
0.0,0.88243973,0.62163746,0
0.0,0.8734695,0.60622954,0
0.0,0.83046466,0.56265223,0
0.0,0.8756414,0.6372685,0
0.0,0.85759884,0.6280836,0
0.0,0.8445684,0.6281159,0
0.0,0.7908812,0.54782176,0
0.0,0.861467,0.6552738,0
0.0,0.83872056,0.6278837,0
0.0,0.84851235,0.6149959,0
0.0,0.80014384,0.5205878,0
0.0,0.8702731,0.62954324,0
0.0,0.8526469,0.5853524,0
0.0,0.86056805,0.5709409,0
0.0,0.81954885,0.50932604,0
0.0,0.8754761,0.58394563,0
0.0,0.8526062,0.5423027,0
0.0,0.83507407,0.5246783,0
0.0,0.79066694,0.46867502,0
0.0,0.8496794,0.55224687,0
0.0,0.8524039,0.5706867,0
0.0,0.85323995,0.5709933,0
0.0,0.8302348,0.53851455,0
0.0,0.8781115,0.6171626,0
0.0,0.86933166,0.62578285,0
0.0,0.85650855,0.63858074,0
0.0,0.8231945,0.5922191,0
0.0,0.8645937,0.67112637,0
0.0,0.86462736,0.695892,0
0.0,0.84530765,0.64832115,0
0.0,0.8297672,0.6144757,0
0.0,0.8600298,0.66105694,0
0.0,0.8796532,0.6809504,0
0.0,0.853395,0.6248899,0
0.0,0.8471807,0.59813315,0
0.0,0.87255746,0.6297031,0
0.0,0.8931793,0.645298,0
0.0,0.8671111,0.59850353,0
0.0,0.86549306,0.6121091,0
0.0,0.8829306,0.6489727,0
0.0,0.89892584,0.6809491,0
0.0,0.8722215,0.6688787,0
0.0,0.87502795,0.7105497,0
0.0,0.888439,0.7284965,0
0.0,0.89747554,0.7466682,0
0.0,0.8822291,0.73323286,0
0.0,0.88167745,0.73744595,0
0.0,0.88332945,0.7623161,0
0.0,0.9018844,0.8003267,0
0.0,0.8793115,0.7581082,0
0.0,0.88687235,0.76551986,0
0.0,0.87544465,0.7205502,0
0.0,0.89041597,0.72958,0
0.0,0.8779892,0.6980065,0
0.0,0.87524945,0.69513935,0
0.0,0.8605013,0.6898204,0
0.0,0.85687137,0.6864603,0
0.0,0.847256,0.6576047,0
0.0,0.849834,0.66292524,0
0.0,0.84437704,0.65327096,0
0.0,0.8367895,0.6328948,0
0.0,0.8431472,0.6627019,0
0.0,0.8400646,0.6948884,0
0.0,0.8221148,0.7175591,0
0.0,0.8130736,0.7479414,0
0.0,0.8398982,0.8153566,0
0.0,0.8460358,0.8670996,0
0.0,0.8337641,0.8460357,0
0.0,0.8306354,0.8324381,0
0.0,0.84982467,0.882109,0
0.0,0.86017925,0.91529584,0
0.0,0.8470437,0.89933395,0
0.0,0.84426814,0.8890845,0
0.0,0.8616111,0.8914498,0
0.0,0.8727711,0.8847796,0
0.0,0.860332,0.8579288,0
0.0,0.85101986,0.84918207,0
0.0,0.858741,0.88553095,0
0.0,0.8651194,0.9160196,0
0.0,0.8467104,0.88792825,0
0.0,0.84476113,0.89536,0
0.0,0.8363915,0.9146595,0
0.0,0.84202987,0.9703233,0
0.0,0.8185335,0.9599726,0
0.0,0.8203411,1.0122564,0
0.0,0.8041439,1.0112054,0
0.0,0.82435066,1.0785009,0
0.0,0.8142569,1.0819217,0
0.0,0.8249727,1.0785081,0
0.0,0.81974244,1.0689592,0
0.0,0.84197587,1.1340933,0
0.0,0.828803,1.0970786,0
0.0,0.83691645,1.1456294,0
0.0,0.8182454,1.1094341,0
0.0,0.82788885,1.1113648,0
0.0,0.81547314,1.0645096,0
0.0,0.7991183,0.9973936,0
0.0,0.78070194,0.97001153,0
0.0,0.7880866,0.9825784,0
0.0,0.78610003,1.0097823,0
0.0,0.7892206,1.0514163,0
0.0,0.7904239,1.0498476,0
0.0,0.8017261,1.0851336,0
0.0,0.805181,1.1070759,0
0.0,0.8002397,1.1116388,0
0.0,0.8142572,1.1706715,0
0.0,0.8048089,1.1788785,0
0.0,0.81195897,1.232569,0
0.0,0.7959549,1.2098503,0
0.0,0.8125551,1.2419491,0
0.0,0.8028478,1.2132183,0
0.0,0.8123079,1.2210703,0
0.0,0.79832894,1.1920068,0
0.0,0.8092572,1.1902735,0
0.0,0.7855425,1.105624,0
0.0,0.7950388,1.1229918,0
0.0,0.76926726,1.0680962,0
0.0,0.7789124,1.0923254,0
0.0,0.7530179,1.0507829,0
0.0,0.76747316,1.0977474,0
0.0,0.7539204,1.0972052,0
0.0,0.77632135,1.1557004,0
0.0,0.75794476,1.1296988,0
0.0,0.7775675,1.2174064,0
0.0,0.7686406,1.2015781,0
0.0,0.7885036,1.2626423,0
0.0,0.7672577,1.2402042,0
0.0,0.781467,1.2674158,0
0.0,0.773715,1.2761512,0
0.0,0.7762834,1.276609,0
0.0,0.76634157,1.2176934,0
0.0,0.77268326,1.2134701,0
0.0,0.77128583,1.1955583,0
0.0,0.7716623,1.2050478,0
0.0,0.76742464,1.1940489,0
0.0,0.7636822,1.1680434,0
0.0,0.76555705,1.1746163,0
0.0,0.7596163,1.1504347,0
0.0,0.7567056,1.1206445,0
0.0,0.7544792,1.1251504,0
0.0,0.75786227,1.1533728,0
0.0,0.757169,1.1794934,0
0.0,0.76233476,1.2314901,0
0.0,0.76851517,1.2728242,0
0.0,0.7713281,1.3064352,0
0.0,0.7723226,1.3319118,0
0.0,0.7746326,1.3349943,0
0.0,0.7833015,1.3378043,0
0.0,0.7711201,1.3076911,0
0.0,0.7688342,1.2934022,0
0.0,0.7769223,1.2768242,0
0.0,0.7834941,1.2651403,0
0.0,0.78239226,1.2535608,0
0.0,0.78328854,1.2443054,0
0.0,0.7892684,1.2348906,0
0.0,0.7835758,1.1854889,0
0.0,0.78152186,1.1571745,0
0.0,0.7821685,1.1348152,0
0.0,0.78133637,1.1333053,0
0.0,0.7837336,1.1698081,0
0.0,0.7774725,1.1523967,0
0.0,0.786142,1.1704856,0
0.0,0.7916135,1.2078935,0
0.0,0.7926729,1.2166753,0
0.0,0.7939646,1.2118516,0
0.0,0.79758865,1.2115493,0
0.0,0.8040652,1.221214,0
0.0,0.79198986,1.2010405,0
0.0,0.79453945,1.2145348,0
0.0,0.7884954,1.2029665,0
0.0,0.7991226,1.2149701,0
0.0,0.7815323,1.1374792,0
0.0,0.7920066,1.1105247,0
0.0,0.7953282,1.0610857,0
0.0,0.82153594,1.0763655,0
0.0,0.8072395,1.0329392,0
0.0,0.8138087,1.0145998,0
0.0,0.8280266,1.0291065,0
0.0,0.84625727,1.0871345,0
0.0,0.835664,1.0766027,0
0.0,0.843652,1.0687509,0
0.0,0.85631305,1.0897031,0
0.0,0.86919564,1.1480428,0
0.0,0.8525685,1.1179134,0
0.0,0.84880066,1.1010942,0
0.0,0.8614216,1.1402547,0
0.0,0.8732472,1.168161,0
0.0,0.86012894,1.1275064,0
0.0,0.85479975,1.1108137,0
0.0,0.86732376,1.1335602,0
0.0,0.8675692,1.1131511,0
0.0,0.85588014,1.0479573,0
0.0,0.83527446,0.9770221,0
0.0,0.85149443,1.0011923,0
0.0,0.85241175,0.99416536,0
0.0,0.8461176,0.9694704,0
0.0,0.8262352,0.9402814,0
0.0,0.84297293,0.96446586,0
0.0,0.83019465,0.9325571,0
0.0,0.82010996,0.91593325,0
0.0,0.793408,0.8425197,0
0.0,0.798757,0.8564198,0
0.0,0.7748046,0.83537185,0
0.0,0.76713336,0.82836914,0
0.0,0.73136157,0.78908676,0
0.0,0.7386183,0.835646,0
0.0,0.72413605,0.8200828,0
0.0,0.7368952,0.8286742,0
0.0,0.72362137,0.802312,0
0.0,0.7321932,0.80927694,0
0.0,0.72006106,0.7556094,0
0.0,0.7314241,0.764934,0
0.0,0.7209385,0.7471961,0
0.0,0.71295375,0.72271466,0
0.0,0.7140811,0.69852996,0
0.0,0.7137754,0.66474295,0
0.0,0.7126043,0.6590295,0
0.0,0.69787097,0.6433807,0
0.0,0.72017366,0.6850883,0
0.0,0.71811664,0.69260454,0
0.0,0.74312365,0.75287956,0
0.0,0.7300654,0.75138605,0
0.0,0.756205,0.79499733,0
0.0,0.7545261,0.8105513,0
0.0,0.77385014,0.8699923,0
0.0,0.7605926,0.8438096,0
0.0,0.7681846,0.84140384,0
0.0,0.7628559,0.82038736,0
0.0,0.7807035,0.8560749,0
0.0,0.76879066,0.82885873,0
0.0,0.7774221,0.8253937,0
0.0,0.7756569,0.81404525,0
0.0,0.79091215,0.8258599,0
0.0,0.77431756,0.77314925,0
0.0,0.77489805,0.76132387,0
0.0,0.7644351,0.73551595,0
0.0,0.778953,0.7436894,0
0.0,0.76920265,0.7027978,0
0.0,0.75962746,0.69342345,0
0.0,0.7798939,0.7493298,0
0.0,0.8011775,0.77863145,0
0.0,0.8079367,0.80100083,0
0.0,0.7923469,0.79930556,0
0.0,0.8165289,0.82649386,0
0.0,0.8098175,0.8136524,0
0.0,0.81822354,0.8643747,0
0.0,0.8005635,0.8403764,0
0.0,0.81767,0.8875469,0
0.0,0.81730247,0.8853209,0
0.0,0.8268661,0.8689163,0
0.0,0.8226428,0.850258,0
0.0,0.8421014,0.86589307,0
0.0,0.85142475,0.8458346,0
0.0,0.8575587,0.8410237,0
0.0,0.85198736,0.82348543,0
0.0,0.8688716,0.8285012,0
0.0,0.86944467,0.8095356,0
0.0,0.85768956,0.7778404,0
0.0,0.8509447,0.76534796,0
0.0,0.8683042,0.81177473,0
0.0,0.8669672,0.82480514,0
0.0,0.8511338,0.8065594,0
0.0,0.8533366,0.82395923,0
0.0,0.8590185,0.8505684,0
0.0,0.86530006,0.87644535,0
0.0,0.83395547,0.84694904,0
0.0,0.8406288,0.86873186,0
0.0,0.8434861,0.8569974,0
0.0,0.85349447,0.88225514,0
0.0,0.82072467,0.828155,0
0.0,0.8238514,0.7959976,0
0.0,0.83789086,0.797119,0
0.0,0.8455158,0.79715514,0
0.0,0.8087674,0.7056794,0
0.0,0.80783015,0.7002201,0
0.0,0.822607,0.7334626,0
0.0,0.8096081,0.70040154,0
0.0,0.77531606,0.6209843,0
0.0,0.77907073,0.6277276,0
0.0,0.81227356,0.6939893,0
0.0,0.81528044,0.730039,0
0.0,0.81012887,0.7348559,0
0.0,0.8163407,0.743297,0
0.0,0.8338685,0.80940485,0
0.0,0.82780284,0.8217361,0
0.0,0.82345414,0.81424505,0
0.0,0.8231744,0.8280178,0
0.0,0.83812064,0.85829556,0
0.0,0.8230328,0.82856596,0
0.0,0.8211394,0.8300717,0
0.0,0.82564324,0.8331187,0
0.0,0.8339186,0.8239442,0
0.0,0.8217803,0.77152836,0
0.0,0.8108624,0.7368939,0
0.0,0.810687,0.7307313,0
0.0,0.8127115,0.74346054,0
0.0,0.8004188,0.72551095,0
0.0,0.7828698,0.6722671,0
0.0,0.8007994,0.6899974,0
0.0,0.80808693,0.7217823,0
0.0,0.8158481,0.7359626,0
0.0,0.7924082,0.71540666,0
0.0,0.8057611,0.7562379,0
0.0,0.7912564,0.72450244,0
0.0,0.77849966,0.73133135,0
0.0,0.76715016,0.73089325,0
0.0,0.7765422,0.7278913,0
0.0,0.7905524,0.75185156,0
0.0,0.7938715,0.7609895,0
0.0,0.77788764,0.7224618,0
0.0,0.7921859,0.72721756,0
0.0,0.7967804,0.7131407,0
0.0,0.79715127,0.68342686,0
0.0,0.77001315,0.62283915,0
0.0,0.7702176,0.6100036,0
0.0,0.7648226,0.56975824,0
0.0,0.76225764,0.552139,0
0.0,0.7295163,0.5120142,0
0.0,0.74257356,0.5232991,0
0.0,0.752049,0.5510738,0
0.0,0.7834351,0.61103785,0
0.0,0.75218827,0.5509881,0
0.0,0.788525,0.6024128,0
0.0,0.79063594,0.61989945,0
0.0,0.8038198,0.64963126,0
0.0,0.7862604,0.6435036,0
0.0,0.80593437,0.6728781,0
0.0,0.8251417,0.68821853,0
0.0,0.8365087,0.7034054,0
0.0,0.8006222,0.6535337,0
0.0,0.8234323,0.68276334,0
0.0,0.82837033,0.6630787,0
0.0,0.83557165,0.65625286,0
0.0,0.82646906,0.6090784,0
0.0,0.84807533,0.62913775,0
0.0,0.8677925,0.6775975,0
0.0,0.8690089,0.6603288,0
0.0,0.8701848,0.64644843,0
0.0,0.8737071,0.65334594,0
0.0,0.8971073,0.705343,0
0.0,0.8958373,0.70418775,0
0.0,0.8938427,0.72160923,0
0.0,0.888485,0.7737416,0
0.0,0.89534545,0.80186296,0
0.0,0.88856196,0.8118834,0
0.0,0.89957887,0.8455064,0
0.0,0.8884717,0.8339696,0
0.0,0.9023949,0.88352716,0
0.0,0.8851931,0.84881216,0
0.0,0.88467383,0.843444,0
0.0,0.8690761,0.8188399,0
0.0,0.8695199,0.7972634,0
0.0,0.86036086,0.7775016,0
0.0,0.86681473,0.7943422,0
0.0,0.8535178,0.77203715,0
0.0,0.85358256,0.77663183,0
0.0,0.8448857,0.7573773,0
0.0,0.8390929,0.7390124,0
0.0,0.8242274,0.72308,0
0.0,0.8127056,0.7058461,0
0.0,0.82064277,0.72860205,0
0.0,0.80306345,0.70155513,0
0.0,0.8011934,0.70509756,0
0.0,0.7801914,0.69051313,0
0.0,0.7871643,0.7123864,0
0.0,0.7607081,0.6830553,0
0.0,0.77282244,0.7091509,0
0.0,0.7511206,0.6664914,0
0.0,0.7534657,0.6757578,0
0.0,0.71388793,0.6246052,0
0.0,0.72099423,0.6368129,0
0.0,0.7009881,0.5839282,0
0.0,0.7334727,0.6246806,0
0.0,0.70534414,0.5655674,0
0.0,0.73168993,0.5532794,0
0.0,0.7216294,0.52979535,0
0.0,0.74742126,0.5698912,0
0.0,0.74003637,0.5570156,0
0.0,0.75796956,0.57782674,0
0.0,0.74783134,0.5730002,0
0.0,0.775279,0.6292697,0
0.0,0.7732118,0.6205556,0
0.0,0.77400035,0.6389698,0
0.0,0.77017474,0.64895606,0
0.0,0.780394,0.6687986,0
0.0,0.7885676,0.6986582,0
0.0,0.7865399,0.7063557,0
0.0,0.7860762,0.6984013,0
0.0,0.79213923,0.7032845,0
0.0,0.8027625,0.71994525,0
0.0,0.7972756,0.69849974,0
0.0,0.7952599,0.67543125,0
0.0,0.8013728,0.6777976,0
0.0,0.80893856,0.68210137,0
0.0,0.79934746,0.659223,0
0.0,0.7880485,0.64413583,0
0.0,0.7684536,0.61241233,0
0.0,0.77140427,0.6167247,0
0.0,0.7571129,0.60004544,0
0.0,0.7413467,0.58061576,0
0.0,0.73824155,0.593106,0
0.0,0.73183566,0.5937029,0
0.0,0.7163824,0.5892031,0
0.0,0.707639,0.5973724,0
0.0,0.7052713,0.6027611,0
0.0,0.70089626,0.61479867,0
0.0,0.6911615,0.60783136,0
0.0,0.6783682,0.5911771,0
0.0,0.68339026,0.60272527,0
0.0,0.6720538,0.582072,0
0.0,0.6794462,0.5939895,0
0.0,0.6712754,0.55795217,0
0.0,0.693411,0.5760921,0
0.0,0.68003494,0.5516783,0
0.0,0.6954028,0.54554546,0
0.0,0.68316996,0.5221546,0
0.0,0.70753044,0.5576592,0
0.0,0.68274003,0.51470983,0
0.0,0.70455086,0.5434642,0
0.0,0.6908235,0.52307487,0
0.0,0.7272895,0.58970773,0
0.0,0.69984615,0.5633621,0
0.0,0.7158608,0.60441434,0
0.0,0.70187134,0.6187384,0
0.0,0.72633255,0.6727946,0
0.0,0.7010747,0.6521533,0
0.0,0.7204372,0.7023443,0
0.0,0.7102867,0.67517304,0
0.0,0.73850167,0.7231336,0
0.0,0.7256752,0.70244646,0
0.0,0.75751257,0.732408,0
0.0,0.773996,0.74035174,0
0.0,0.81102914,0.7874601,0
0.0,0.8008162,0.75028753,0
0.0,0.8240455,0.76624537,0
0.0,0.8247542,0.7740106,0
0.0,0.8345198,0.7946756,0
0.0,0.8192952,0.748457,0
0.0,0.8409255,0.8062817,0
0.0,0.84714544,0.8157122,0
0.0,0.8602377,0.8161285,0
0.0,0.8441674,0.8099636,0
0.0,0.8564308,0.84264576,0
0.0,0.8607165,0.86641055,0
0.0,0.8704832,0.9078542,0
0.0,0.8576417,0.88788664,0
0.0,0.869086,0.9172224,0
0.0,0.8650152,0.91248703,0
0.0,0.8718264,0.9101797,0
0.0,0.8557907,0.87540853,0
0.0,0.862542,0.89479995,0
0.0,0.859193,0.8823924,0
0.0,0.86093676,0.8673669,0
0.0,0.8464902,0.8205012,0
0.0,0.8490023,0.7979146,0
0.0,0.832196,0.7322222,0
0.0,0.8235329,0.69877356,0
0.0,0.79226345,0.63567054,0
0.0,0.7956608,0.63446796,0
0.0,0.7849075,0.6320519,0
0.0,0.7871136,0.6490983,0
0.0,0.75781333,0.61481607,0
0.0,0.74731654,0.62094283,0
0.0,0.7501639,0.64059985,0
0.0,0.7389555,0.62257653,0
0.0,0.71857333,0.62521195,0
0.0,0.7243924,0.675998,0
0.0,0.7442339,0.7020303,0
0.0,0.7509369,0.7049718,0
0.0,0.7585536,0.7091927,0
0.0,0.7804508,0.7120638,0
0.0,0.8155258,0.7647073,0
0.0,0.8299582,0.80419314,0
0.0,0.8274568,0.7834914,0
0.0,0.8351768,0.78378123,0
0.0,0.8555735,0.816806,0
0.0,0.8546957,0.80468535,0
0.0,0.8360476,0.77973765,0
0.0,0.84263563,0.79680157,0
0.0,0.8586882,0.81989694,0
0.0,0.8575218,0.8405918,0
0.0,0.84073704,0.8316535,0
0.0,0.8473485,0.8449925,0
0.0,0.85779953,0.8929687,0
0.0,0.8575228,0.9336693,0
0.0,0.82962483,0.89386725,0
0.0,0.8385537,0.94035864,0
0.0,0.8446918,0.96441716,0
0.0,0.8544012,0.9678873,0
0.0,0.83413744,0.93729097,0
0.0,0.8498021,0.9542531,0
0.0,0.8533134,0.94852984,0
0.0,0.8645521,0.97924334,0
0.0,0.82989746,0.9023758,0
0.0,0.8415508,0.9178221,0
0.0,0.83025765,0.89337045,0
0.0,0.8124148,0.8651121,0
0.0,0.7658137,0.77387655,0
0.0,0.7787739,0.76019096,0
0.0,0.76959354,0.746535,0
0.0,0.7612702,0.76306146,0
0.0,0.73778063,0.7645494,0
0.0,0.7598937,0.8612181,0
0.0,0.7603653,0.8838797,0
0.0,0.76482725,0.8906012,0
0.0,0.76884544,0.9168886,0
0.0,0.79198766,0.9771688,0
0.0,0.78100663,0.9747157,0
0.0,0.79348505,1.0125155,0
0.0,0.781773,0.9929892,0
0.0,0.80574536,1.0646594,0
0.0,0.7868116,1.0264555,0
0.0,0.78539175,1.0243065,0
0.0,0.7670924,0.9911015,0
0.0,0.78754354,1.0100296,0
0.0,0.771834,0.9698215,0
0.0,0.7636082,0.9414652,0
0.0,0.7485753,0.92441756,0
0.0,0.77964854,0.993868,0
0.0,0.7586466,0.96781045,0
0.0,0.77791005,1.0667733,0
0.0,0.7478336,1.0239353,0
0.0,0.7833734,1.1182749,0
0.0,0.7589853,1.0870264,0
0.0,0.7850235,1.1328404,0
0.0,0.75285304,1.1164947,0
0.0,0.78948003,1.2165109,0
0.0,0.7633526,1.1944252,0
0.0,0.7889444,1.2746491,0
0.0,0.76371616,1.186677,0
0.0,0.7873706,1.2575278,0
0.0,0.77629024,1.2297337,0
0.0,0.7879554,1.2186717,0
0.0,0.79042417,1.2322863,0
0.0,0.80194485,1.2257912,0
0.0,0.805188,1.2186193,0
0.0,0.82218975,1.2647189,0
0.0,0.81306815,1.2309891,0
0.0,0.8189316,1.245263,0
0.0,0.81308717,1.2344155,0
0.0,0.824232,1.2901124,0
0.0,0.8187106,1.3022599,0
0.0,0.80632985,1.2745037,0
0.0,0.8153605,1.3167309,0
0.0,0.8177353,1.3304251,0
0.0,0.8177045,1.3577383,0
0.0,0.8131889,1.3665231,0
0.0,0.8247731,1.3810202,0
0.0,0.8234364,1.3662934,0
0.0,0.8266853,1.3575382,0
0.0,0.8103208,1.3053792,0
0.0,0.82986784,1.3271462,0
0.0,0.8188521,1.2604921,0
0.0,0.8271322,1.2690609,0
0.0,0.8052882,1.2163051,0
0.0,0.8186931,1.2446452,0
0.0,0.80449927,1.1978652,0
0.0,0.7978969,1.1352532,0
0.0,0.78313047,1.1130143,0
0.0,0.7902658,1.1291606,0
0.0,0.77800983,1.0930455,0
0.0,0.79299605,1.1487269,0
0.0,0.7818967,1.1267372,0
0.0,0.79740363,1.1590173,0
0.0,0.7798326,1.1394889,0
0.0,0.79288715,1.153873,0
0.0,0.78342426,1.1323028,0
0.0,0.7846516,1.1468034,0
0.0,0.769541,1.1051986,0
0.0,0.77731746,1.117285,0
0.0,0.76473475,1.095396,0
0.0,0.7625168,1.068082,0
0.0,0.75254416,1.0021622,0
0.0,0.76312995,0.98574114,0
0.0,0.7576874,0.94039446,0
0.0,0.7409729,0.89513516,0
0.0,0.7469006,0.8854083,0
0.0,0.743239,0.8448609,0
0.0,0.75400525,0.8646327,0
0.0,0.7393897,0.8406141,0
0.0,0.7534704,0.89024997,0
0.0,0.7496108,0.8961623,0
0.0,0.76110435,0.9145826,0
0.0,0.7446698,0.8977158,0
0.0,0.7432276,0.89600146,0
0.0,0.72923875,0.86270803,0
0.0,0.7411605,0.8766562,0
0.0,0.7208579,0.82864374,0
0.0,0.72269565,0.83293504,0
0.0,0.7054688,0.7931608,0
0.0,0.71503776,0.7784935,0
0.0,0.69999254,0.7412024,0
0.0,0.7012412,0.7218667,0
0.0,0.6924283,0.6829371,0
0.0,0.7156503,0.70460445,0
0.0,0.71267635,0.6880985,0
0.0,0.7064007,0.6720347,0
0.0,0.7113476,0.6627189,0
0.0,0.7073858,0.6470862,0
0.0,0.73368657,0.6804621,0
0.0,0.70582354,0.62472475,0
0.0,0.7185726,0.65623474,0
0.0,0.7072327,0.6439459,0
0.0,0.737525,0.69912237,0
0.0,0.7068169,0.658762,0
0.0,0.7178241,0.68090403,0
0.0,0.7011569,0.6732888,0
0.0,0.73776513,0.71716404,0
0.0,0.71898836,0.67599034,0
0.0,0.7409814,0.7277627,0
0.0,0.71766776,0.66829705,0
0.0,0.7584999,0.7194986,0
0.0,0.75093555,0.68980324,0
0.0,0.7792765,0.70183045,0
0.0,0.74410367,0.62957364,0
0.0,0.7783564,0.67420083,0
0.0,0.7492936,0.6129681,0
0.0,0.7803955,0.64782727,0
0.0,0.73974216,0.5813417,0
0.0,0.76577747,0.6373017,0
0.0,0.7537323,0.6328554,0
0.0,0.790377,0.6886899,0
0.0,0.76464474,0.6519523,0
0.0,0.7852201,0.67934287,0
0.0,0.77468854,0.67032063,0
0.0,0.8031199,0.7250751,0
0.0,0.7837942,0.6991712,0
0.0,0.80572164,0.74080443,0
0.0,0.7935016,0.7144477,0
0.0,0.8184537,0.7500023,0
0.0,0.80431885,0.706085,0
0.0,0.83178985,0.72300184,0
0.0,0.82774335,0.70952797,0
0.0,0.8497043,0.7196416,0
0.0,0.8370304,0.6761512,0
0.0,0.8540492,0.6941102,0
0.0,0.8435081,0.6578493,0
0.0,0.8553698,0.6675881,0
0.0,0.8472162,0.63346535,0
0.0,0.8687599,0.66670334,0
0.0,0.8680362,0.6747654,0
0.0,0.86829174,0.65662295,0
0.0,0.8458738,0.6487012,0
0.0,0.8677502,0.69377613,0
0.0,0.85842764,0.6676389,0
0.0,0.84573066,0.6736622,0
0.0,0.82647914,0.6477494,0
0.0,0.8386189,0.65770334,0
0.0,0.83696824,0.65799177,0
0.0,0.8245159,0.63319564,0
0.0,0.788517,0.57534456,0
0.0,0.79909724,0.5639952,0
0.0,0.7995662,0.53567445,0
0.0,0.8051317,0.5346435,0
0.0,0.7690205,0.47713158,0
0.0,0.77605075,0.46485648,0
0.0,0.7560505,0.43221003,0
0.0,0.7509374,0.42345524,0
0.0,0.70293707,0.36061314,0
0.0,0.74140865,0.4132235,0
0.0,0.737551,0.4116846,0
0.0,0.74686337,0.42177916,0
0.0,0.7192043,0.3975396,0
0.0,0.73714346,0.45613533,0
0.0,0.7074954,0.44315267,0
0.0,0.7325275,0.48571855,0
0.0,0.7455494,0.5212674,0
0.0,0.7670406,0.5400917,0
0.0,0.75531006,0.5271233,0
0.0,0.77390325,0.5780843,0
0.0,0.7854761,0.5876382,0
0.0,0.81446075,0.6203898,0
0.0,0.81092876,0.61022776,0
0.0,0.8271643,0.62319106,0
0.0,0.8381457,0.6255646,0
0.0,0.8607421,0.6736244,0
0.0,0.8388497,0.6335294,0
0.0,0.8296978,0.6001035,0
0.0,0.833695,0.6154426,0
0.0,0.85187775,0.6409813,0
0.0,0.8309447,0.6181611,0
0.0,0.8273893,0.65442383,0
0.0,0.8330897,0.6728885,0
0.0,0.8432178,0.70585454,0
0.0,0.8242647,0.69957167,0
0.0,0.82249457,0.7077833,0
0.0,0.84479403,0.7450491,0
0.0,0.8572036,0.7583242,0
0.0,0.85481507,0.7562837,0
0.0,0.84443617,0.7424897,0
0.0,0.84975284,0.7450225,0
0.0,0.8625992,0.775226,0
0.0,0.85107607,0.7500346,0
0.0,0.82839125,0.69855356,0
0.0,0.8355937,0.71163106,0
0.0,0.84127855,0.6939414,0
0.0,0.8144728,0.62754333,0
0.0,0.7902643,0.5959588,0
0.0,0.791985,0.5822538,0
0.0,0.8100668,0.6118196,0
0.0,0.7927614,0.599372,0
0.0,0.7830959,0.581517,0
0.0,0.7839612,0.60126525,0
0.0,0.8052011,0.66200554,0
0.0,0.79231185,0.6530555,0
0.0,0.78209114,0.65378934,0
0.0,0.7785752,0.6650691,0
0.0,0.79121727,0.6683262,0
0.0,0.7741842,0.6450674,0
0.0,0.7611783,0.64707834,0
0.0,0.73710555,0.6035575,0
0.0,0.76095957,0.63571995,0
0.0,0.7531098,0.6060083,0
0.0,0.7547199,0.56940806,0
0.0,0.7437352,0.55029356,0
0.0,0.77204496,0.5771951,0
0.0,0.76682925,0.56558776,0
0.0,0.782584,0.5992083,0
0.0,0.76592916,0.5830047,0
0.0,0.79142207,0.6399493,0
0.0,0.7918949,0.64523137,0
0.0,0.7982204,0.6661218,0
0.0,0.7926038,0.65870166,0
0.0,0.7875964,0.6465341,0
0.0,0.7859084,0.67277133,0
0.0,0.79101896,0.7034962,0
0.0,0.7896999,0.7177681,0
0.0,0.7880135,0.72504973,0
0.0,0.7853778,0.7291748,0
0.0,0.79228324,0.73766184,0
0.0,0.78801936,0.7191416,0
0.0,0.79454833,0.7257353,0
0.0,0.79145515,0.7086264,0
0.0,0.79730177,0.69853187,0
0.0,0.7958409,0.69792616,0
0.0,0.79794663,0.6944726,0
0.0,0.77808017,0.6479986,0
0.0,0.78163373,0.6664528,0
0.0,0.77497524,0.65652215,0
0.0,0.7808531,0.676675,0
0.0,0.77370816,0.6834242,0
0.0,0.77736276,0.6789845,0
0.0,0.76187307,0.6699703,0
0.0,0.7569678,0.6834973,0
0.0,0.7454543,0.6958984,0
0.0,0.75312203,0.7425951,0
0.0,0.73783296,0.717507,0
0.0,0.7592705,0.7616118,0
0.0,0.7588168,0.76063704,0
0.0,0.7674279,0.76471996,0
0.0,0.7613665,0.7441709,0
0.0,0.7826097,0.7779082,0
0.0,0.7775902,0.76120514,0
0.0,0.7786233,0.7473314,0
0.0,0.77014047,0.7591593,0
0.0,0.7735736,0.75954825,0
0.0,0.75582784,0.7036272,0
0.0,0.7710909,0.7345388,0
0.0,0.7668416,0.7123339,0
0.0,0.7735803,0.73781234,0
0.0,0.7675561,0.76401734,0
0.0,0.7760079,0.7821884,0
0.0,0.7779674,0.8308896,0
0.0,0.7748598,0.870371,0
0.0,0.7685177,0.8704971,0
0.0,0.78446907,0.91907007,0
0.0,0.78379506,0.90950185,0
0.0,0.7894186,0.9221227,0
0.0,0.7831737,0.93582904,0
0.0,0.7893445,0.9311843,0
0.0,0.7936376,0.9327433,0
0.0,0.7917935,0.9225665,0
0.0,0.78403044,0.8896562,0
0.0,0.7838313,0.8856195,0
0.0,0.77268195,0.8488215,0
0.0,0.7729991,0.8473892,0
0.0,0.76361173,0.8233298,0
0.0,0.77076405,0.83161116,0
0.0,0.7684312,0.8519978,0
0.0,0.7736445,0.8717865,0
0.0,0.7757304,0.8790837,0
0.0,0.77586514,0.90330493,0
0.0,0.7751093,0.9347021,0
0.0,0.77045155,0.9334595,0
0.0,0.7667839,0.96186054,0
0.0,0.76830876,0.99989295,0
0.0,0.76825523,0.9818696,0
0.0,0.76866496,0.9893117,0
0.0,0.7621588,0.99000335,0
0.0,0.7557266,0.966847,0
0.0,0.76159185,0.9751163,0
0.0,0.7517483,0.9416851,0
0.0,0.7460668,0.9075633,0
0.0,0.74238217,0.8858136,0
0.0,0.7611818,0.87866473,0
0.0,0.7643651,0.86484736,0
0.0,0.75960827,0.85368425,0
0.0,0.773402,0.8772645,0
0.0,0.79960364,0.95495427,0
0.0,0.7945734,0.9488756,0
0.0,0.79367846,0.9388404,0
0.0,0.7985445,0.95805067,0
0.0,0.81140405,0.99816924,0
0.0,0.7987781,0.98669446,0
0.0,0.7893362,0.96751165,0
0.0,0.7862776,0.97259647,0
0.0,0.799531,1.0240326,0
0.0,0.79740345,1.0472401,0
0.0,0.7943465,1.0448505,0
0.0,0.80199,1.0383233,0
0.0,0.81847465,1.0450617,0
0.0,0.8162641,1.0175495,0
0.0,0.81509376,1.0014215,0
0.0,0.8376892,1.0201358,0
0.0,0.84628785,1.003494,0
0.0,0.8450242,0.99536854,0
0.0,0.8436048,0.98823106,0
0.0,0.8625967,1.0144778,0
0.0,0.8622215,1.0056021,0
0.0,0.8534659,0.9795459,0
0.0,0.8537226,0.97476643,0
0.0,0.86566883,1.0113143,0
0.0,0.85021234,0.99998564,0
0.0,0.839803,0.978243,0
0.0,0.8323225,0.9731934,0
0.0,0.8463286,1.0176309,0
0.0,0.8318027,0.9946735,0
0.0,0.82924867,0.99638873,0
0.0,0.82955384,1.0022552,0
0.0,0.84777576,1.0216174,0
0.0,0.8379894,0.9694897,0
0.0,0.8383729,0.95105886,0
0.0,0.8286898,0.9169498,0
0.0,0.84960216,0.930099,0
0.0,0.8330462,0.86726534,0
0.0,0.824827,0.8475729,0
0.0,0.80992883,0.8349688,0
0.0,0.8156556,0.8337632,0
0.0,0.7924913,0.7723607,0
0.0,0.79049003,0.74073464,0
0.0,0.7829728,0.7172262,0
0.0,0.7965643,0.7669037,0
0.0,0.7729564,0.74982756,0
0.0,0.78159124,0.77720416,0
0.0,0.77172005,0.7703471,0
0.0,0.78400445,0.7902403,0
0.0,0.7755289,0.77989876,0
0.0,0.790448,0.80288625,0
0.0,0.7860618,0.7692082,0
0.0,0.793845,0.76850665,0
0.0,0.7828672,0.74467295,0
0.0,0.7911298,0.74220395,0
0.0,0.7876361,0.7180103,0
0.0,0.8025206,0.7174391,0
0.0,0.8013472,0.6982635,0
0.0,0.8048065,0.6992068,0
0.0,0.797852,0.66075015,0
0.0,0.79988855,0.6504647,0
0.0,0.7970286,0.6518786,0
0.0,0.8011004,0.6409944,0
0.0,0.80148846,0.6334011,0
0.0,0.80224353,0.64369625,0
0.0,0.8063317,0.6557455,0
0.0,0.8051744,0.6664729,0
0.0,0.7945566,0.6630491,0
0.0,0.7865827,0.66414,0
0.0,0.7937525,0.6877626,0
0.0,0.78482044,0.6739129,0
0.0,0.7698668,0.635895,0
0.0,0.7665185,0.62078226,0
0.0,0.7909356,0.6441785,0
0.0,0.7911713,0.619393,0
0.0,0.7934734,0.6070636,0
0.0,0.8014746,0.57890594,0
0.0,0.8212553,0.5657091,0
0.0,0.8241262,0.56394196,0
0.0,0.81006205,0.5511371,0
0.0,0.8056578,0.5490188,0
0.0,0.8165065,0.5545898,0
0.0,0.812558,0.5337517,0
0.0,0.819252,0.53520346,0
0.0,0.7990403,0.50365627,0
0.0,0.80296504,0.52159435,0
0.0,0.7944078,0.5306418,0
0.0,0.8110965,0.5718468,0
0.0,0.81383425,0.59726113,0
0.0,0.8207503,0.6134895,0
0.0,0.83285177,0.6149316,0
0.0,0.86282873,0.6533147,0
0.0,0.8602111,0.65369475,0
0.0,0.85424984,0.63735104,0
0.0,0.8681687,0.6507611,0
0.0,0.88382274,0.65956366,0
0.0,0.8766357,0.63103855,0
0.0,0.84085095,0.560954,0
0.0,0.8360997,0.5322296,0
0.0,0.8458033,0.5310147,0
0.0,0.8459014,0.5194196,0
0.0,0.7957691,0.44636714,0
0.0,0.81378263,0.47071558,0
0.0,0.8387041,0.5093683,0
0.0,0.85057336,0.54940104,0
0.0,0.8092464,0.51696074,0
0.0,0.8299391,0.5519159,0
0.0,0.8528234,0.593758,0
0.0,0.87467414,0.6517887,0
0.0,0.82911456,0.5908343,0
0.0,0.84179604,0.60680723,0
0.0,0.8623961,0.6355032,0
0.0,0.87024677,0.6409974,0
0.0,0.83511233,0.5898099,0
0.0,0.8251071,0.57747316,0
0.0,0.8430046,0.5906277,0
0.0,0.84611964,0.5845889,0
0.0,0.82087696,0.5468663,0
0.0,0.80103284,0.5125455,0
0.0,0.83512926,0.56163365,0
0.0,0.85421073,0.56767577,0
0.0,0.82692593,0.51974565,0
0.0,0.825172,0.5415541,0
0.0,0.84542364,0.5951843,0
0.0,0.8538547,0.6318836,0
0.0,0.83414537,0.61739415,0
0.0,0.8333035,0.6345677,0
0.0,0.84731334,0.67412347,0
0.0,0.8614371,0.69855595,0
0.0,0.83347017,0.6676308,0
0.0,0.8366147,0.68836707,0
0.0,0.8251958,0.6770919,0
0.0,0.84376526,0.72009945,0
0.0,0.8165324,0.66874325,0
0.0,0.8290507,0.6717843,0
0.0,0.80574316,0.6298474,0
0.0,0.8358073,0.65385807,0
0.0,0.8050737,0.5928824,0
0.0,0.8358265,0.6548406,0
0.0,0.79463005,0.58642393,0
0.0,0.8328526,0.63621455,0
0.0,0.7906245,0.59301454,0
0.0,0.81881243,0.6521381,0
0.0,0.8037678,0.63935,0
1.0,0.8274666,0.6943902,0
1.0,0.818391,0.68546665,0
1.0,0.8312787,0.72447205,0
1.0,0.8163888,0.7372017,0
1.0,0.82890284,0.7697463,0
1.0,0.82461816,0.769263,0
1.0,0.83001876,0.77579296,0
1.0,0.81483155,0.73922414,0
1.0,0.8166707,0.76786727,0
1.0,0.8026888,0.74741906,0
1.0,0.8140675,0.748955,0
1.0,0.8206846,0.7372824,0
1.0,0.82755613,0.71581566,0
1.0,0.8169638,0.6759452,0
1.0,0.8356148,0.6787969,0
1.0,0.8352605,0.6712848,0
1.0,0.83328795,0.67852545,0
1.0,0.81170577,0.6391185,0
1.0,0.82559305,0.66866624,0
1.0,0.841317,0.7055787,0
1.0,0.8377216,0.68917,0
1.0,0.82291555,0.6753556,0
1.0,0.839579,0.714588,0
1.0,0.8349198,0.7121034,0
1.0,0.81024873,0.70709026,0
1.0,0.7842638,0.6765464,0
1.0,0.8029883,0.703568,0
1.0,0.81369156,0.74340683,0
1.0,0.80235034,0.71512127,0
1.0,0.79198676,0.6724307,0
1.0,0.82242393,0.69957274,0
1.0,0.8459218,0.7013712,0
1.0,0.843587,0.67603993,0
1.0,0.83928394,0.6947025,0
1.0,0.85013574,0.698994,0
1.0,0.8615257,0.6858537,0
1.0,0.84644574,0.6714953,0
1.0,0.8304344,0.6279098,0
1.0,0.8407737,0.6443391,0
1.0,0.8664326,0.70953846,0
1.0,0.8501257,0.67330354,0
1.0,0.84596676,0.67964673,0
1.0,0.8459401,0.69938827,0
1.0,0.8610841,0.73222876,0
1.0,0.84775615,0.72238195,0
1.0,0.8369232,0.7223527,0
1.0,0.8345205,0.7164216,0
1.0,0.85680276,0.7455099,0
1.0,0.8551523,0.75895035,0
1.0,0.852929,0.75630033,0
1.0,0.84672195,0.7346527,0
1.0,0.87444985,0.75728095,0
1.0,0.8597599,0.71856225,0
1.0,0.85083854,0.7038362,0
1.0,0.831442,0.66003346,0
1.0,0.8524297,0.67786163,0
1.0,0.82610184,0.6124451,0
1.0,0.80875266,0.5881336,0
1.0,0.80290586,0.60550344,0
1.0,0.8466492,0.66389585,0
1.0,0.82754797,0.6414174,0
1.0,0.8331645,0.66316175,0
1.0,0.83100957,0.65565836,0
1.0,0.85818255,0.7194292,0
1.0,0.8405378,0.7172465,0
1.0,0.84387046,0.7012409,0
1.0,0.845131,0.73390293,0
1.0,0.8847102,0.8170432,0
1.0,0.85661656,0.74785024,0
1.0,0.86323863,0.75617456,0
1.0,0.8693475,0.7445251,0
1.0,0.90274394,0.7668708,0
1.0,0.8964124,0.7451342,0
1.0,0.8933853,0.717088,0
1.0,0.8997729,0.7162779,0
1.0,0.92029774,0.7759404,0
1.0,0.9173572,0.7977462,0
1.0,0.91616565,0.7816795,0
1.0,0.92126834,0.80162394,0
1.0,0.94112486,0.84117794,0
1.0,0.93879026,0.807475,0
1.0,0.92706805,0.82217747,0
1.0,0.9225071,0.83674204,0
1.0,0.9313207,0.87900627,0
1.0,0.93461794,0.91408485,0
1.0,0.9268928,0.8872602,0
1.0,0.9201749,0.88074684,0
1.0,0.9352312,0.90842026,0
1.0,0.9352765,0.9090325,0
1.0,0.92937195,0.88569045,0
1.0,0.9176634,0.81543523,0
1.0,0.92980224,0.8371868,0
1.0,0.93520755,0.8476913,0
1.0,0.9235416,0.81650543,0
1.0,0.9051714,0.7959417,0
1.0,0.91207975,0.8031975,0
1.0,0.9099576,0.78558946,0
1.0,0.8964624,0.75120914,0
1.0,0.8661136,0.6773405,0
1.0,0.87337154,0.7041894,0
1.0,0.87027115,0.71414995,0
1.0,0.8397574,0.69427717,0
1.0,0.8128924,0.6810403,0
1.0,0.80510855,0.68636394,0
1.0,0.8296984,0.7515805,0
1.0,0.8167993,0.7339975,0
1.0,0.8054907,0.7162216,0
1.0,0.8015627,0.72075486,0
1.0,0.8041297,0.69087946,0
1.0,0.8135114,0.6945461,0
1.0,0.8060689,0.6835009,0
1.0,0.80024636,0.673857,0
1.0,0.8034266,0.6909882,0
1.0,0.7971644,0.64654076,0
1.0,0.78659886,0.6013082,0
1.0,0.76823026,0.5692705,0
1.0,0.7838838,0.59348005,0
1.0,0.7999453,0.6382692,0
1.0,0.80001605,0.6479508,0
1.0,0.79345775,0.65213895,0
1.0,0.8065686,0.70520496,0
1.0,0.82802427,0.753313,0
1.0,0.8368224,0.78344506,0
1.0,0.83733666,0.794062,0
1.0,0.836057,0.7871156,0
1.0,0.8306932,0.78810644,0
1.0,0.83352476,0.81136954,0
1.0,0.8362249,0.8135606,0
1.0,0.8210061,0.7912333,0
1.0,0.82715553,0.8142172,0
1.0,0.8152088,0.7865292,0
1.0,0.81698626,0.7716824,0
1.0,0.7932221,0.7140658,0
1.0,0.7979174,0.694167,0
1.0,0.7711175,0.64963156,0
1.0,0.7708378,0.65008694,0
1.0,0.748721,0.601109,0
1.0,0.7657436,0.64351964,0
1.0,0.7694312,0.67482376,0
1.0,0.79568034,0.7031405,0
1.0,0.78005356,0.7013442,0
1.0,0.7985417,0.75560546,0
1.0,0.78883463,0.751526,0
1.0,0.7905768,0.7872598,0
1.0,0.75674564,0.7399808,0
1.0,0.7703216,0.7903427,0
1.0,0.7590611,0.8034851,0
1.0,0.76530606,0.807794,0
1.0,0.739373,0.75580883,0
1.0,0.77755874,0.8091934,0
1.0,0.76377034,0.7738171,0
1.0,0.7817049,0.7959376,0
1.0,0.76073515,0.7291042,0
1.0,0.79070556,0.7832984,0
1.0,0.7876988,0.787791,0
1.0,0.8034295,0.80151,0
1.0,0.7863919,0.7788682,0
1.0,0.79696107,0.8148214,0
1.0,0.79999536,0.82217383,0
1.0,0.81031,0.85483944,0
1.0,0.79138976,0.85129106,0
1.0,0.7915139,0.8634223,0
1.0,0.7841163,0.8672966,0
1.0,0.7843564,0.91690475,0
1.0,0.76984805,0.9116787,0
1.0,0.76554656,0.9198117,0
1.0,0.77217305,0.978083,0
1.0,0.78824234,1.0227623,0
1.0,0.7832303,1.0138205,0
1.0,0.7872357,1.0387261,0
1.0,0.792829,1.0302753,0
1.0,0.8057591,1.0382278,0
1.0,0.8006287,1.0208162,0
1.0,0.8003751,1.0072914,0
1.0,0.79505587,1.0037992,0
1.0,0.79931027,1.0226119,0
1.0,0.79018223,1.0017776,0
1.0,0.7930564,1.0010247,0
1.0,0.7893921,1.010398,0
1.0,0.7963079,1.0648764,0
1.0,0.7897066,1.0602707,0
1.0,0.8013274,1.1010406,0
1.0,0.7936309,1.1182108,0
1.0,0.79725933,1.1349056,0
1.0,0.79058737,1.155412,0
1.0,0.8078044,1.2158206,0
1.0,0.80145913,1.2018895,0
1.0,0.81083274,1.2597187,0
1.0,0.8011651,1.2582963,0
1.0,0.8133028,1.2717569,0
1.0,0.8070241,1.2406034,0
1.0,0.8180789,1.2510759,0
1.0,0.8079195,1.2043447,0
1.0,0.82048345,1.2173481,0
1.0,0.80730915,1.1975836,0
1.0,0.82402027,1.2242467,0
1.0,0.81257474,1.1997633,0
1.0,0.82414883,1.2461724,0
1.0,0.81130767,1.2031957,0
1.0,0.82125795,1.2229651,0
1.0,0.81668955,1.2321482,0
1.0,0.8218483,1.2409799,0
1.0,0.80809355,1.2252843,0
1.0,0.81626654,1.2704673,0
1.0,0.804404,1.2682445,0
1.0,0.8130257,1.3387164,0
1.0,0.79403996,1.3132856,0
1.0,0.806932,1.3082747,0
1.0,0.80286187,1.2950639,0
1.0,0.80890965,1.3097532,0
1.0,0.79532856,1.2560585,0
1.0,0.8158423,1.2786131,0
1.0,0.80963445,1.2590978,0
1.0,0.8182797,1.2798641,0
1.0,0.80221933,1.264976,0
1.0,0.8107722,1.2884238,0
1.0,0.79795176,1.2275319,0
1.0,0.8032694,1.231808,0
1.0,0.8007138,1.2411116,0
1.0,0.7989606,1.2461321,0
1.0,0.8082908,1.3029162,0
1.0,0.80396867,1.3173578,0
1.0,0.8192453,1.4001658,0
1.0,0.8162065,1.4294224,0
1.0,0.81574136,1.4455464,0
1.0,0.81506294,1.4957368,0
1.0,0.8220726,1.4957297,0
1.0,0.8243561,1.4635473,0
1.0,0.8260399,1.4931762,0
1.0,0.8305102,1.494353,0
1.0,0.83971107,1.5206335,0
1.0,0.8505669,1.5561569,0
1.0,0.8493944,1.5331495,0
1.0,0.8505707,1.5384324,0
1.0,0.85140806,1.5204489,0
1.0,0.8401723,1.4782047,0
1.0,0.8469967,1.5138035,0
1.0,0.84574,1.4979367,0
1.0,0.8516549,1.5205395,0
1.0,0.8520643,1.551633,0
1.0,0.8586255,1.5984861,0
1.0,0.8590773,1.6366217,0
1.0,0.8564995,1.6682405,0
1.0,0.85966355,1.6981975,0
1.0,0.84863746,1.6889441,0
1.0,0.8467685,1.7272773,0
1.0,0.83772725,1.6941651,0
1.0,0.84695405,1.7211523,0
1.0,0.8451095,1.7561997,0
1.0,0.84682477,1.7525426,0
1.0,0.83929765,1.7224865,0
1.0,0.85011774,1.7314126,0
1.0,0.8451675,1.6698424,0
1.0,0.8454747,1.659134,0
1.0,0.832211,1.609065,0
1.0,0.82554054,1.5897975,0
1.0,0.824217,1.6036016,0
1.0,0.81882346,1.5567391,0
1.0,0.81614757,1.577361,0
1.0,0.82045144,1.6635027,0
1.0,0.81886536,1.6746337,0
1.0,0.821346,1.7069628,0
1.0,0.8237108,1.6974685,0
1.0,0.8222484,1.7005607,0
1.0,0.83511597,1.7910413,0
1.0,0.8278912,1.7591717,0
1.0,0.8409118,1.815297,0
1.0,0.82582784,1.8236718,0
1.0,0.83901626,1.8480431,0
1.0,0.83306956,1.81911,0
1.0,0.8540289,1.8304329,0
1.0,0.8372469,1.7606647,0
1.0,0.8494398,1.7911655,0
1.0,0.84363,1.7382692,0
1.0,0.8686336,1.7649024,0
1.0,0.84932613,1.7008129,0
1.0,0.86546737,1.7706974,0
1.0,0.855965,1.7325251,0
1.0,0.8770896,1.7554221,0
1.0,0.8570995,1.7398129,0
1.0,0.8752827,1.8001425,0
1.0,0.8667225,1.7709577,0
1.0,0.891257,1.8874843,0
1.0,0.8741581,1.8713326,0
1.0,0.8891429,1.9614255,0
1.0,0.8791291,1.9559481,0
1.0,0.8958386,1.9684598,0
1.0,0.87817585,1.9197131,0
1.0,0.89122254,1.9305894,0
1.0,0.87977123,1.8809849,0
1.0,0.90008414,1.9224542,0
1.0,0.8813659,1.7954818,0
1.0,0.8951859,1.7999091,0
1.0,0.8836447,1.7720001,0
1.0,0.8864143,1.7665846,0
1.0,0.8719653,1.7076423,0
1.0,0.88127375,1.7155408,0
1.0,0.87253886,1.7169878,0
1.0,0.87133545,1.7185557,0
1.0,0.85872823,1.6759894,0
1.0,0.8683224,1.7109985,0
1.0,0.8632259,1.7141693,0
1.0,0.8682256,1.7455657,0
1.0,0.86020505,1.7232354,0
1.0,0.86880386,1.7427361,0
1.0,0.8647304,1.7682517,0
1.0,0.87122625,1.7985933,0
1.0,0.86223197,1.758425,0
1.0,0.8744002,1.7505467,0
1.0,0.8648097,1.6950605,0
1.0,0.8670127,1.7048639,0
1.0,0.85064113,1.6261392,0
1.0,0.85651755,1.6143835,0
1.0,0.85059935,1.6168834,0
1.0,0.8355738,1.5194743,0
1.0,0.8293972,1.4568388,0
1.0,0.8254377,1.4255085,0
1.0,0.8287365,1.4160357,0
1.0,0.8303247,1.4487264,0
1.0,0.833649,1.4651012,0
1.0,0.827536,1.4641929,0
1.0,0.83078575,1.4972684,0
1.0,0.8252338,1.4866781,0
1.0,0.8207713,1.5044094,0
1.0,0.8128716,1.4895763,0
1.0,0.81411654,1.472141,0
1.0,0.81237686,1.4649605,0
1.0,0.80792594,1.4434173,0
1.0,0.80170673,1.4094851,0
1.0,0.79948944,1.3683567,0
1.0,0.7950188,1.3231072,0
1.0,0.79915243,1.2871435,0
1.0,0.80023825,1.2295661,0
1.0,0.7927429,1.1729138,0
1.0,0.8034451,1.1982689,0
1.0,0.8091311,1.2044781,0
1.0,0.8158934,1.2073185,0
1.0,0.8207229,1.2066755,0
1.0,0.8168226,1.1703329,0
1.0,0.82995105,1.1801226,0
1.0,0.83994037,1.2110538,0
1.0,0.84956306,1.2286901,0
1.0,0.84101045,1.1978046,0
1.0,0.8493172,1.2326171,0
1.0,0.8536823,1.231156,0
1.0,0.86252284,1.2097971,0
1.0,0.856601,1.1867726,0
1.0,0.86567974,1.1900864,0
1.0,0.86802846,1.1529548,0
1.0,0.87624675,1.1366174,0
1.0,0.8654147,1.0800844,0
1.0,0.8689528,1.0360276,0
1.0,0.86871505,0.9844507,0
1.0,0.8775437,0.9722414,0
1.0,0.85420734,0.8935376,0
1.0,0.8433623,0.82874197,0
1.0,0.83579445,0.78413546,0
1.0,0.85052323,0.76264095,0
1.0,0.80866313,0.6817266,0
1.0,0.80249685,0.6815233,0
1.0,0.78956,0.6249213,0
1.0,0.79466057,0.62771636,0
1.0,0.75761026,0.5860622,0
1.0,0.74474096,0.5577565,0
1.0,0.7400827,0.5559019,0
1.0,0.7379955,0.55568355,0
1.0,0.7105288,0.49070215,0
1.0,0.6784636,0.43999493,0
1.0,0.67055476,0.4209531,0
1.0,0.6536863,0.3611253,0
1.0,0.62441546,0.31995246,0
1.0,0.6132829,0.30484605,0
1.0,0.62851477,0.2902128,0
1.0,0.61862725,0.26646632,0
1.0,0.6127188,0.25561446,0
1.0,0.631651,0.24204063,0
1.0,0.6324113,0.24932715,0
1.0,0.67136097,0.29985565,0
1.0,0.70756364,0.34208304,0
1.0,0.7658366,0.41287845,0
1.0,0.7597161,0.3951237,0
1.0,0.80817693,0.4559902,0
1.0,0.80952483,0.46666196,0
1.0,0.8226345,0.49763042,0
1.0,0.8072726,0.49297193,0
1.0,0.84343576,0.55405915,0
1.0,0.86083025,0.5967969,0
1.0,0.86509746,0.61422974,0
1.0,0.8437396,0.58122444,0
1.0,0.88170666,0.6352246,0
1.0,0.8952863,0.63599515,0
1.0,0.90756166,0.623189,0
1.0,0.9034387,0.61305237,0
1.0,0.9264809,0.654497,0
1.0,0.9331304,0.6696676,0
1.0,0.9378947,0.6842143,0
1.0,0.93087476,0.6825999,0
1.0,0.94642514,0.7198967,0
1.0,0.94802994,0.72035617,0
1.0,0.9533898,0.7254592,0
1.0,0.94765747,0.72475666,0
1.0,0.94786465,0.7601171,0
1.0,0.9366302,0.77053046,0
1.0,0.93864083,0.8071722,0
1.0,0.9403022,0.8551392,0
1.0,0.93662184,0.85128534,0
1.0,0.9384552,0.8511574,0
1.0,0.94672316,0.8915396,0
1.0,0.9485682,0.86944884,0
1.0,0.9408661,0.83250415,0
1.0,0.93423647,0.83014464,0
1.0,0.9447205,0.8439786,0
1.0,0.94992703,0.8699276,0
1.0,0.93836147,0.85608006,0
1.0,0.9222497,0.80725586,0
1.0,0.9317911,0.8327929,0
1.0,0.93421435,0.84716654,0
1.0,0.9163456,0.8093033,0
1.0,0.8926067,0.7704185,0
1.0,0.9110221,0.8115464,0
1.0,0.9073878,0.85013074,0
1.0,0.8801011,0.83598936,0
1.0,0.85037935,0.8162483,0
1.0,0.87157285,0.90036166,0
1.0,0.8680873,0.90926933,0
1.0,0.8513617,0.8829527,0
1.0,0.8417349,0.86432576,0
1.0,0.8525619,0.8853214,0
1.0,0.8378957,0.8657857,0
1.0,0.81670326,0.80916095,0
1.0,0.79754114,0.7809722,0
1.0,0.8008973,0.80116266,0
1.0,0.789983,0.7533454,0
1.0,0.77379584,0.69466794,0
1.0,0.7714765,0.6812787,0
1.0,0.7803679,0.6930405,0
1.0,0.78202754,0.68667096,0
1.0,0.77923715,0.7064843,0
1.0,0.79971915,0.75453454,0
1.0,0.80097026,0.7371167,0
1.0,0.8250838,0.7762402,0
1.0,0.8222439,0.78850675,0
1.0,0.83252984,0.836187,0
1.0,0.8277065,0.84493524,0
1.0,0.84116906,0.86449075,0
1.0,0.8447128,0.88585436,0
1.0,0.8528248,0.92562664,0
1.0,0.83906317,0.89971745,0
1.0,0.8568517,0.90768003,0
1.0,0.87170917,0.91898024,0
1.0,0.8736881,0.90916073,0
1.0,0.8624745,0.8611995,0
1.0,0.877183,0.8560188,0
1.0,0.89411706,0.87989736,0
1.0,0.8865232,0.8425658,0
1.0,0.88459086,0.8192364,0
1.0,0.8887122,0.8254911,0
1.0,0.8924174,0.8164649,0
1.0,0.8853531,0.8007972,0
1.0,0.88075024,0.7910471,0
1.0,0.8775793,0.7921383,0
1.0,0.87608314,0.82520735,0
1.0,0.86250705,0.80934155,0
1.0,0.8700414,0.83731735,0
1.0,0.85170984,0.82997024,0
1.0,0.86840856,0.8634419,0
1.0,0.8567094,0.85256773,0
1.0,0.85178614,0.8416424,0
1.0,0.8395858,0.7972126,0
1.0,0.85633874,0.7967998,0
1.0,0.8574169,0.7943416,0
1.0,0.85516816,0.7934468,0
1.0,0.8517442,0.7905797,0
1.0,0.8472405,0.7731245,0
1.0,0.83690435,0.7043736,0
1.0,0.82278603,0.67394835,0
1.0,0.8164002,0.68915737,0
1.0,0.81011367,0.67220724,0
1.0,0.8260069,0.7212793,0
1.0,0.8130174,0.7279937,0
1.0,0.8146979,0.75071895,0
1.0,0.83697015,0.8176671,0
1.0,0.83987767,0.84247696,0
1.0,0.84111506,0.8720222,0
1.0,0.836021,0.8793159,0
1.0,0.8471641,0.90338564,0
1.0,0.84332234,0.9125248,0
1.0,0.83723336,0.9031406,0
1.0,0.8277157,0.88652515,0
1.0,0.8268473,0.893268,0
1.0,0.82389355,0.88194954,0
1.0,0.81960964,0.86864376,0
1.0,0.80105656,0.81725603,0
1.0,0.7887717,0.7597419,0
1.0,0.77375865,0.729914,0
1.0,0.77317625,0.73481345,0
1.0,0.7481587,0.6851185,0
1.0,0.7448311,0.68943584,0
1.0,0.76834065,0.73250616,0
1.0,0.77683014,0.7374285,0
1.0,0.7773954,0.76986486,0
1.0,0.7759137,0.8121598,0
1.0,0.7881178,0.8393531,0
1.0,0.77848715,0.8450051,0
1.0,0.7635419,0.84329796,0
1.0,0.74476194,0.81874835,0
1.0,0.76952493,0.8894073,0
1.0,0.75748,0.8704762,0
1.0,0.75455636,0.84843796,0
1.0,0.7406459,0.821666,0
1.0,0.7669841,0.8362131,0
1.0,0.7578519,0.7774326,0
1.0,0.7582697,0.7614443,0
1.0,0.74678105,0.74132675,0
1.0,0.77196735,0.7835293,0
1.0,0.76478165,0.77176565,0
1.0,0.78061235,0.8047784,0
1.0,0.77193755,0.7854575,0
1.0,0.7892607,0.82905734,0
1.0,0.79313666,0.84090805,0
1.0,0.7963259,0.8482283,0
1.0,0.78641236,0.8560176,0
1.0,0.7695427,0.8535854,0
1.0,0.7741352,0.8848114,0
1.0,0.76449025,0.88841856,0
1.0,0.760613,0.9062995,0
1.0,0.7433747,0.87291884,0
1.0,0.7676564,0.88974154,0
1.0,0.77695626,0.92956096,0
1.0,0.7869665,0.95355976,0
1.0,0.76586664,0.8938379,0
1.0,0.7962751,0.97261137,0
1.0,0.80492806,0.96497583,0
1.0,0.8187762,0.933712,0
1.0,0.8041684,0.90332687,0
1.0,0.83601826,0.9642327,0
1.0,0.8375609,0.9442748,0
1.0,0.8548081,0.98006606,0
1.0,0.83838814,0.95431656,0
1.0,0.86245084,1.01774,0
1.0,0.85134345,1.0170528,0
1.0,0.8612684,1.0444613,0
1.0,0.85277534,1.0552864,0
1.0,0.86216867,1.0958071,0
1.0,0.8450459,1.0670325,0
1.0,0.8514476,1.0722761,0
1.0,0.8552092,1.0796325,0
1.0,0.8680432,1.1271852,0
1.0,0.86170727,1.0900686,0
1.0,0.8651483,1.0802008,0
1.0,0.8714382,1.0942538,0
1.0,0.871766,1.0709329,0
1.0,0.86777335,1.0399415,0
1.0,0.8810539,1.0323029,0
1.0,0.8954625,1.0253199,0
1.0,0.88606644,0.9904306,0
1.0,0.8894101,0.9893172,0
1.0,0.8833543,0.96588254,0
1.0,0.89362955,1.0054551,0
1.0,0.88302,1.0064757,0
1.0,0.88251615,0.97890973,0
1.0,0.8792857,0.97335815,0
1.0,0.88312376,0.99655366,0
1.0,0.8621692,0.92517763,0
1.0,0.8502431,0.9066445,0
1.0,0.85121846,0.9514121,0
1.0,0.8568313,0.9630523,0
1.0,0.8469783,0.9300988,0
1.0,0.85063756,0.93291503,0
1.0,0.8628273,0.9263516,0
1.0,0.86653876,0.9049655,0
1.0,0.8627224,0.8559817,0
1.0,0.8792162,0.8397839,0
1.0,0.89621305,0.8682387,0
1.0,0.89156336,0.82838064,0
1.0,0.8900353,0.79940414,0
1.0,0.895116,0.8104973,0
1.0,0.8781543,0.75829625,0
1.0,0.86583036,0.7109904,0
1.0,0.8689241,0.67311734,0
1.0,0.86884993,0.6690656,0
1.0,0.85358787,0.66370845,0
1.0,0.8393824,0.6266431,0
1.0,0.8339979,0.62766415,0
1.0,0.84610206,0.6521915,0
1.0,0.81927747,0.61535573,0
1.0,0.8244285,0.61598265,0
1.0,0.8436328,0.6209556,0
1.0,0.87591267,0.65448576,0
1.0,0.8648655,0.61799353,0
1.0,0.85235476,0.5706632,0
1.0,0.8722123,0.57730865,0
1.0,0.8869627,0.574113,0
1.0,0.8668593,0.5187932,0
1.0,0.8311967,0.45668992,0
1.0,0.8411481,0.4716162,0
1.0,0.8400451,0.46074188,0
1.0,0.81831646,0.40290347,0
1.0,0.78424025,0.3636762,0
1.0,0.8270234,0.40938646,0
1.0,0.8340973,0.42142257,0
1.0,0.8515622,0.45403713,0
1.0,0.8256397,0.41130206,0
1.0,0.8596322,0.45243645,0
1.0,0.8234918,0.41918483,0
1.0,0.8604161,0.45966187,0
1.0,0.8454257,0.43072674,0
1.0,0.8680789,0.45156273,0
1.0,0.830581,0.39764097,0
1.0,0.848038,0.41330314,0
1.0,0.8302349,0.3835341,0
1.0,0.8647544,0.41091186,0
1.0,0.85221213,0.3768001,0
1.0,0.8670394,0.36512223,0
1.0,0.8580794,0.33359218,0
1.0,0.88448745,0.35363322,0
1.0,0.87503153,0.34413567,0
1.0,0.8975681,0.3525883,0
1.0,0.8949368,0.34590262,0
1.0,0.91715914,0.3786124,0
1.0,0.91589916,0.36683583,0
1.0,0.91421556,0.3638296,0
1.0,0.8941933,0.35961118,0
1.0,0.89558345,0.3657484,0
1.0,0.8941164,0.3680619,0
1.0,0.8941933,0.37456885,0
1.0,0.8642488,0.32649225,0
1.0,0.86912173,0.3137048,0
1.0,0.8810237,0.3274004,0
1.0,0.88330704,0.3199358,0
1.0,0.8397728,0.25541818,0
1.0,0.8543652,0.2504619,0
1.0,0.8640639,0.23276567,0
1.0,0.8744712,0.22543898,0
1.0,0.82875824,0.18782237,0
1.0,0.83324814,0.19394016,0
1.0,0.8114594,0.16920698,0
1.0,0.8343777,0.16924834,0
1.0,0.8166633,0.16868502,0
1.0,0.8447607,0.19388197,0
1.0,0.8386348,0.1837126,0
1.0,0.8483911,0.19104451,0
1.0,0.8497266,0.19393216,0
1.0,0.83519864,0.19264837,0
1.0,0.7842468,0.16051972,0
1.0,0.8090096,0.17970476,0
1.0,0.84281766,0.20969419,0
1.0,0.8430392,0.19827065,0
1.0,0.79460084,0.15613902,0
1.0,0.81435853,0.1710189,0
1.0,0.8526629,0.19378641,0
1.0,0.8481821,0.18265784,0
1.0,0.81604564,0.15501979,0
1.0,0.81665957,0.15174912,0
1.0,0.8507976,0.15586314,0
1.0,0.8501089,0.14051773,0
1.0,0.8066717,0.11433939,0
1.0,0.80524975,0.11206071,0
1.0,0.8512796,0.13999268,0
1.0,0.85136884,0.14564091,0
1.0,0.8173605,0.12469853,0
1.0,0.80265105,0.115473054,0
1.0,0.82096976,0.13185635,0
1.0,0.78787166,0.11829648,0
1.0,0.7499587,0.097961485,0
1.0,0.71179885,0.08033892,0
1.0,0.72428304,0.08746624,0
1.0,0.7379614,0.09167616,0
1.0,0.7492521,0.09617485,0
1.0,0.70457125,0.07089845,0
1.0,0.7314064,0.069933504,0
1.0,0.7390942,0.0678005,0
1.0,0.7693952,0.07547632,0
1.0,0.74251986,0.06346124,0
1.0,0.7568299,0.068125725,0
1.0,0.73808205,0.05508828,0
1.0,0.7361152,0.05114851,0
1.0,0.6710355,0.03676737,0
1.0,0.6876104,0.035432708,0
1.0,0.66809624,0.03469988,0
1.0,0.73364675,0.053949725,0
1.0,0.71245146,0.04736423,0
1.0,0.7207332,0.04946545,0
1.0,0.72408825,0.051662758,0
1.0,0.7704972,0.06817992,0
1.0,0.7183911,0.05322958,0
1.0,0.6917932,0.04655356,0
1.0,0.7017761,0.049314037,0
1.0,0.74642414,0.0623551,0
1.0,0.70783705,0.04687263,0
1.0,0.69034135,0.043934576,0
1.0,0.708624,0.046204746,0
1.0,0.7793372,0.05685536,0
1.0,0.7354449,0.044052407,0
1.0,0.72397745,0.03760474,0
1.0,0.7333838,0.035533667,0
1.0,0.76204133,0.04041872,0
1.0,0.6878612,0.031492658,0
1.0,0.67788005,0.031154279,0
1.0,0.73594266,0.038347043,0
1.0,0.7916651,0.053132296,0
1.0,0.73436314,0.040339172,0
1.0,0.75721323,0.04380373,0
1.0,0.7844133,0.051640876,0
1.0,0.7602836,0.045677092,0
1.0,0.6637658,0.03556337,0
1.0,0.71235317,0.048730556,0
1.0,0.72762525,0.052600157,0
1.0,0.71863794,0.050959717,0
1.0,0.6192392,0.042572472,0
1.0,0.6933952,0.054859586,0
1.0,0.7063708,0.052957825,0
1.0,0.7137982,0.050799023,0
1.0,0.6377472,0.055933278,0
1.0,0.69978553,0.051770918,0
1.0,0.69541895,0.05073772,0
1.0,0.6605105,0.05843889,0
1.0,0.6453948,0.062996805,0
1.0,0.761743,0.0674973,0
1.0,0.7463926,0.06553019,0
1.0,0.78762823,0.074838474,0
1.0,0.77021396,0.07394556,0
1.0,0.7706293,0.07889552,0
1.0,0.708987,0.07051891,0
1.0,0.74439156,0.074896395,0
1.0,0.7344553,0.0745858,0
1.0,0.758523,0.0806461,0
1.0,0.6812769,0.06986308,0
1.0,0.77013594,0.08452248,0
1.0,0.74878097,0.07931728,0
1.0,0.7806728,0.083810136,0
1.0,0.6968796,0.06990597,0
1.0,0.7889559,0.0791597,0
1.0,0.7701362,0.07548369,0
1.0,0.78960216,0.07941884,0
1.0,0.69082564,0.06748318,0
1.0,0.7537051,0.07161846,0
1.0,0.713609,0.062430397,0
1.0,0.753271,0.057219595,0
1.0,0.6415293,0.057146326,0
1.0,0.7144017,0.062393107,0
1.0,0.65284693,0.065307334,0
1.0,0.67711496,0.055939753,0
1.0,0.5783499,0.06003423,0
1.0,0.63739103,0.050427176,0
1.0,0.5904184,0.04819178,0
1.0,0.66765934,0.049462676,0
1.0,0.5861213,0.048720665,0
1.0,0.6478461,0.043299995,0
1.0,0.6105311,0.0418977,0
1.0,0.6751746,0.03992907,0
1.0,0.6006621,0.05168716,0
1.0,0.62122035,0.044944033,0
1.0,0.5852258,0.05137512,0
1.0,0.61931664,0.04591953,0
1.0,0.5633741,0.056479298,0
1.0,0.5895216,0.05264286,0
1.0,0.56624305,0.058130596,0
1.0,0.63253725,0.04867862,0
1.0,0.62357336,0.046707332,0
1.0,0.69952,0.047462694,0
1.0,0.649656,0.045237765,0
1.0,0.7507178,0.053483322,0
1.0,0.71594715,0.048892267,0
1.0,0.73645407,0.053807255,0
1.0,0.63226724,0.04311774,0
1.0,0.70911294,0.052787334,0
1.0,0.68865806,0.05011862,0
1.0,0.71096545,0.053994194,0
1.0,0.61047244,0.048713416,0
1.0,0.7294334,0.062423445,0
1.0,0.7159049,0.06005969,0
1.0,0.7282138,0.053834904,0
1.0,0.6389788,0.04316167,0
1.0,0.73945713,0.04875221,0
1.0,0.73622286,0.049003713,0
1.0,0.77021474,0.057881247,0
1.0,0.6996637,0.045632746,0
1.0,0.76809263,0.055918396,0
1.0,0.7890233,0.06576688,0
1.0,0.78305495,0.06695185,0
1.0,0.7187166,0.050072968,0
1.0,0.7675004,0.07226686,0
1.0,0.7736497,0.071217895,0
1.0,0.7309281,0.057068013,0
1.0,0.7002385,0.04951591,0
1.0,0.7201083,0.05497331,0
1.0,0.72635037,0.057235606,0
1.0,0.7196533,0.05485604,0
1.0,0.72866327,0.056657463,0
1.0,0.73754656,0.056231946,0
1.0,0.76191604,0.062923655,0
1.0,0.7277715,0.051525228,0
1.0,0.7404021,0.056133427,0
1.0,0.733832,0.05501572,0
1.0,0.72438806,0.055694792,0
1.0,0.67638355,0.048322313,0
1.0,0.6749099,0.049131762,0
1.0,0.681477,0.06259638,0
1.0,0.7462663,0.079363436,0
1.0,0.73122525,0.077913254,0
1.0,0.69447726,0.06730327,0
1.0,0.74024427,0.078425765,0
1.0,0.7363947,0.08211215,0
1.0,0.69850683,0.070184365,0
1.0,0.67180353,0.06448154,0
1.0,0.71939343,0.08527262,0
1.0,0.7227585,0.092259616,0
1.0,0.72266114,0.08997354,0
1.0,0.65172154,0.06917828,0
1.0,0.7312219,0.09318349,0
1.0,0.7297037,0.0895836,0
1.0,0.72480756,0.0860225,0
1.0,0.67397773,0.070998475,0
1.0,0.7620585,0.085802995,0
1.0,0.7517047,0.09684589,0
1.0,0.7860277,0.11228879,0
1.0,0.7385649,0.09231466,0
1.0,0.7736293,0.114853926,0
1.0,0.779804,0.119834095,0
1.0,0.79963624,0.13127996,0
1.0,0.77249396,0.12100136,0
1.0,0.7930114,0.12807274,0
1.0,0.7351557,0.11273826,0
1.0,0.7293879,0.11114663,0
1.0,0.7154313,0.103531495,0
1.0,0.7028578,0.10739876,0
1.0,0.6899744,0.099111415,0
1.0,0.7192105,0.11171073,0
1.0,0.6975112,0.10355034,0
1.0,0.6636372,0.0762084,0
1.0,0.659581,0.07175867,0
1.0,0.6546114,0.0732553,0
1.0,0.66992575,0.07879725,0
1.0,0.6170505,0.064538,0
1.0,0.6124996,0.061254755,0
1.0,0.5974828,0.06016753,0
1.0,0.560493,0.056563117,0
1.0,0.5186111,0.05406648,0
1.0,0.5273691,0.053728268,0
1.0,0.52661645,0.054015238,0
1.0,0.56667686,0.06418221,0
1.0,0.5844966,0.06808936,0
1.0,0.60977256,0.07172415,0
1.0,0.6378649,0.09196307,0
1.0,0.6142726,0.08356998,0
1.0,0.5972437,0.07803233,0
1.0,0.63811195,0.08240174,0
1.0,0.6749467,0.100820825,0
1.0,0.6516715,0.09660417,0
1.0,0.6622681,0.09863023,0
1.0,0.6827185,0.110553764,0
1.0,0.70603156,0.122224316,0
1.0,0.6944447,0.11462588,0
1.0,0.69574386,0.12016013,0
1.0,0.7216837,0.12389268,0
1.0,0.76796144,0.1523073,0
1.0,0.74487406,0.1630986,0
1.0,0.7432134,0.1583527,0
1.0,0.7840153,0.19856164,0
1.0,0.8235481,0.24951985,0
1.0,0.7842684,0.21457112,0
1.0,0.8169797,0.24607645,0
1.0,0.81873804,0.26293468,0
1.0,0.8227447,0.2882682,0
1.0,0.7417364,0.23222212,0
1.0,0.762839,0.2577312,0
1.0,0.76294255,0.2641505,0
1.0,0.76819825,0.2754945,0
1.0,0.7232842,0.23310345,0
1.0,0.7902823,0.28963947,0
1.0,0.8198846,0.31105053,0
1.0,0.8394568,0.3242051,0
1.0,0.7993448,0.2807723,0
1.0,0.84331673,0.33040106,0
1.0,0.86872196,0.36420438,0
1.0,0.88674295,0.3908602,0
1.0,0.85443074,0.3588987,0
1.0,0.8835801,0.40118396,0
1.0,0.9003897,0.43698397,0
1.0,0.8997739,0.4425122,0
1.0,0.85834295,0.3973835,0
1.0,0.87386394,0.43149847,0
1.0,0.87389064,0.44999143,0
1.0,0.88108355,0.48034492,0
1.0,0.85656095,0.46009278,0
1.0,0.8549775,0.45819193,0
1.0,0.8736346,0.4903734,0
1.0,0.8846219,0.5071678,0
1.0,0.86230046,0.45595694,0
1.0,0.8657083,0.45773494,0
1.0,0.8772316,0.46434107,0
1.0,0.88666576,0.46374345,0
1.0,0.8524616,0.42892823,0
1.0,0.8347835,0.41149086,0
1.0,0.8215039,0.38284057,0
1.0,0.82041043,0.3635983,0
1.0,0.777579,0.30782294,0
1.0,0.74596995,0.279345,0
1.0,0.7441714,0.2862452,0
1.0,0.7409119,0.28385383,0
1.0,0.68887734,0.24557088,0
1.0,0.66639733,0.23800792,0
1.0,0.65678555,0.23613775,0
1.0,0.6617935,0.2525248,0
1.0,0.6425639,0.23805198,0
1.0,0.63460785,0.23153025,0
1.0,0.63029885,0.23944356,0
1.0,0.6327733,0.23318799,0
1.0,0.62692714,0.22521554,0
1.0,0.6249477,0.22148168,0
1.0,0.6305903,0.2154333,0
1.0,0.66430855,0.24027203,0
1.0,0.6708447,0.24088264,0
1.0,0.666042,0.22685532,0
1.0,0.6751523,0.2207508,0
1.0,0.7031656,0.23503707,0
1.0,0.692511,0.22856972,0
1.0,0.6979015,0.22974634,0
1.0,0.71848947,0.25257838,0
1.0,0.73696655,0.28053904,0
1.0,0.7186431,0.259069,0
1.0,0.71786636,0.276964,0
1.0,0.74287784,0.30944294,0
1.0,0.7466349,0.31106803,0
1.0,0.73283863,0.29601848,0
1.0,0.7127875,0.2713706,0
1.0,0.7537755,0.32010007,0
1.0,0.7475663,0.31147325,0
1.0,0.7534154,0.30709195,0
1.0,0.7316881,0.27799743,0
1.0,0.7827761,0.3156045,0
1.0,0.77508885,0.29669788,0
1.0,0.77536875,0.28558373,0
1.0,0.73889846,0.23529111,0
1.0,0.7503705,0.23920971,0
1.0,0.7325988,0.21513481,0
1.0,0.72377664,0.19430749,0
1.0,0.70093715,0.17687115,0
1.0,0.7324884,0.19171427,0
1.0,0.73759663,0.18773504,0
1.0,0.76245344,0.2200194,0
1.0,0.7535037,0.21565342,0
1.0,0.7737371,0.23287624,0
1.0,0.7701919,0.23984328,0
1.0,0.77030504,0.23883072,0
1.0,0.7665981,0.22656514,0
1.0,0.7801058,0.23617598,0
1.0,0.79583025,0.24809648,0
1.0,0.7927307,0.22989121,0
1.0,0.79668957,0.23046601,0
1.0,0.82045245,0.24468938,0
1.0,0.8270253,0.23089181,0
1.0,0.8125765,0.2148048,0
1.0,0.8063707,0.18586308,0
1.0,0.80347896,0.17034973,0
1.0,0.8070422,0.17153072,0
1.0,0.79236776,0.15095319,0
1.0,0.77738196,0.14897925,0
1.0,0.7952414,0.16358225,0
1.0,0.80805314,0.1668427,0
1.0,0.8180741,0.1836407,0
1.0,0.77918655,0.15561077,0
1.0,0.7948647,0.17065859,0
1.0,0.783048,0.16488999,0
1.0,0.806694,0.17783871,0
1.0,0.76776314,0.15020311,0
1.0,0.7831737,0.16500193,0
1.0,0.780586,0.16303797,0
1.0,0.82152367,0.19029951,0
1.0,0.7699039,0.14348444,0
1.0,0.76158243,0.12753774,0
1.0,0.73432744,0.10934835,0
1.0,0.7813828,0.12152948,0
1.0,0.7455392,0.096090086,0
1.0,0.73646337,0.092343755,0
1.0,0.69359225,0.067141324,0
1.0,0.7834515,0.10749748,0
1.0,0.7857552,0.11499411,0
1.0,0.8137427,0.13448988,0
1.0,0.77984464,0.11473133,0
1.0,0.8650193,0.17459854,0
1.0,0.8545999,0.18002823,0
1.0,0.84779626,0.18237935,0
1.0,0.7567216,0.12161715,0
1.0,0.8290958,0.1740827,0
1.0,0.8303121,0.173502,0
1.0,0.81342375,0.16727719,0
1.0,0.73453456,0.120971926,0
1.0,0.79994357,0.16324316,0
1.0,0.80243015,0.15458766,0
1.0,0.7775051,0.12603685,0
1.0,0.70941204,0.088067934,0
1.0,0.7772801,0.11491728,0
1.0,0.8169692,0.13332134,0
1.0,0.79825187,0.12970877,0
1.0,0.7675862,0.114577666,0
1.0,0.8410083,0.16748187,0
1.0,0.8685238,0.19208604,0
1.0,0.8317013,0.15744582,0
1.0,0.83528155,0.1740288,0
1.0,0.8469053,0.18857235,0
1.0,0.8475241,0.19066703,0
1.0,0.7646461,0.15044928,0
1.0,0.77805316,0.18042752,0
1.0,0.79209673,0.19564214,0
1.0,0.8120151,0.21004029,0
1.0,0.769558,0.18397972,0
1.0,0.79461324,0.20327272,0
1.0,0.80229414,0.20356897,0
1.0,0.82381827,0.2139144,0
1.0,0.814182,0.20355889,0
1.0,0.82389635,0.20874487,0
1.0,0.83760095,0.21783698,0
1.0,0.83180445,0.2076664,0
1.0,0.7913475,0.16818067,0
1.0,0.7909652,0.16776241,0
1.0,0.8020292,0.17859405,0
1.0,0.7706818,0.15642563,0
1.0,0.7503013,0.14748731,0
1.0,0.72856814,0.14615808,0
1.0,0.7431737,0.16433278,0
1.0,0.7365199,0.16889173,0
1.0,0.7107579,0.15381409,0
1.0,0.7166216,0.15754262,0
1.0,0.75895166,0.1870425,0
1.0,0.7429959,0.18226252,0
1.0,0.74659085,0.17982787,0
1.0,0.76954496,0.19144562,0
1.0,0.790713,0.20231874,0
1.0,0.7761839,0.18912262,0
1.0,0.73078334,0.15625927,0
1.0,0.76611274,0.1605004,0
1.0,0.81356627,0.1870139,0
1.0,0.8141463,0.18826485,0
1.0,0.7362012,0.124729365,0
1.0,0.7907305,0.14551133,0
1.0,0.82911885,0.18407814,0
1.0,0.8648345,0.21870142,0
1.0,0.85224175,0.21113679,0
1.0,0.8820654,0.23559755,0
1.0,0.9103683,0.2674558,0
1.0,0.9226883,0.28729892,0
1.0,0.89610916,0.2664698,0
1.0,0.8905715,0.27768892,0
1.0,0.8968111,0.28765625,0
1.0,0.89488477,0.27825114,0
1.0,0.8763616,0.26485682,0
1.0,0.85135347,0.24625333,0
1.0,0.8668885,0.2541387,0
1.0,0.8777028,0.26537663,0
1.0,0.8515259,0.23510104,0
1.0,0.8100285,0.1784243,0
1.0,0.8385807,0.18782924,0
1.0,0.8423663,0.18384363,0
1.0,0.83513486,0.1756557,0
1.0,0.7917227,0.15240112,0
1.0,0.8016041,0.16580799,0
1.0,0.8044111,0.16887301,0
1.0,0.83827734,0.21331751,0
1.0,0.82228833,0.20415032,0
1.0,0.81005955,0.20065816,0
1.0,0.819207,0.22777773,0
1.0,0.80023843,0.21497439,0
1.0,0.7625281,0.18721472,0
1.0,0.7248018,0.16684936,0
1.0,0.76560616,0.19941984,0
1.0,0.76555705,0.20874771,0
1.0,0.7881053,0.23228128,0
1.0,0.7351767,0.17398489,0
1.0,0.77770835,0.20723751,0
1.0,0.76927865,0.19184864,0
1.0,0.81272733,0.22003567,0
1.0,0.76274633,0.18324208,0
1.0,0.83083016,0.232851,0
1.0,0.7863761,0.19442342,0
1.0,0.84214956,0.24618308,0
1.0,0.78111595,0.20250161,0
1.0,0.8694352,0.29956573,0
1.0,0.85662323,0.29543465,0
1.0,0.8938114,0.33793184,0
1.0,0.8676853,0.3149354,0
1.0,0.90741295,0.3599121,0
1.0,0.85737574,0.3166266,0
1.0,0.8524445,0.3341477,0
1.0,0.821272,0.31263787,0
1.0,0.85671157,0.35360685,0
1.0,0.8108406,0.30574566,0
1.0,0.82213366,0.31206864,0
1.0,0.8106823,0.29581454,0
1.0,0.85680276,0.33368987,0
1.0,0.8561488,0.30721626,0
1.0,0.8564596,0.30445385,0
1.0,0.8599059,0.30522853,0
1.0,0.8968242,0.3349018,0
1.0,0.88334167,0.3179621,0
1.0,0.8445177,0.2788387,0
1.0,0.8395363,0.27122697,0
1.0,0.86596054,0.3047232,0
1.0,0.8676556,0.32071286,0
1.0,0.83345616,0.27844566,0
1.0,0.82469046,0.2807718,0
1.0,0.8479007,0.31658983,0
1.0,0.83798844,0.31015816,0
1.0,0.8141022,0.297228,0
1.0,0.7912748,0.2756186,0
1.0,0.8181243,0.30301166,0
1.0,0.8183004,0.30425662,0
1.0,0.8106995,0.28656048,0
1.0,0.80749434,0.27305025,0
1.0,0.8288388,0.2772679,0
1.0,0.8498627,0.28807425,0
1.0,0.8370954,0.26758426,0
1.0,0.8340572,0.26616728,0
1.0,0.82090557,0.25781813,0
1.0,0.79834473,0.22792926,0
1.0,0.79166114,0.21179713,0
1.0,0.82253075,0.23263337,0
1.0,0.81070447,0.22725086,0
1.0,0.79692215,0.22262901,0
1.0,0.81898296,0.24452046,0
1.0,0.8378406,0.28601885,0
1.0,0.80442935,0.26925033,0
1.0,0.77742153,0.24707863,0
1.0,0.7894909,0.26724,0
1.0,0.8243123,0.3033988,0
1.0,0.78829426,0.2614143,0
1.0,0.7479097,0.22894463,0
1.0,0.7640203,0.24413694,0
1.0,0.79989964,0.27388844,0
1.0,0.7762905,0.23978776,0
1.0,0.7613573,0.20294942,0
1.0,0.79377306,0.22440885,0
1.0,0.82706064,0.2455013,0
1.0,0.81022173,0.22136259,0
1.0,0.79365486,0.20814523,0
1.0,0.83685136,0.23908061,0
1.0,0.84940815,0.24506798,0
1.0,0.84242356,0.23939088,0
1.0,0.84787405,0.24657923,0
1.0,0.84703374,0.24349938,0
1.0,0.81863326,0.22326538,0
1.0,0.7994773,0.22541648,0
1.0,0.8377301,0.27370954,0
1.0,0.8492581,0.28766423,0
1.0,0.8301184,0.2641452,0
1.0,0.8458231,0.27653491,0
1.0,0.8651429,0.2949969,0
1.0,0.85621524,0.2781602,0
1.0,0.8420089,0.26023942,0
1.0,0.8565074,0.25991252,0
1.0,0.8765801,0.26863593,0
1.0,0.8675861,0.2598374,0
1.0,0.84803945,0.21745688,0
1.0,0.8447622,0.20103362,0
1.0,0.84617823,0.19531438,0
1.0,0.81407964,0.1594508,0
1.0,0.776048,0.13233763,0
1.0,0.7774594,0.13395143,0
1.0,0.77277625,0.13295315,0
1.0,0.75794035,0.12935206,0
1.0,0.7714562,0.14825314,0
1.0,0.8143774,0.18309705,0
1.0,0.78462106,0.16144034,0
1.0,0.8408875,0.20516238,0
1.0,0.82877225,0.19744568,0
1.0,0.8331152,0.20085059,0
1.0,0.7702595,0.1564727,0
1.0,0.82978743,0.20590757,0
1.0,0.8303509,0.20459473,0
1.0,0.80490077,0.18214715,0
1.0,0.77271813,0.15303768,0
1.0,0.85641646,0.20397685,0
1.0,0.8709648,0.20674205,0
1.0,0.86082065,0.17657267,0
1.0,0.82004666,0.13910139,0
1.0,0.8945097,0.1908844,0
1.0,0.9064597,0.21466903,0
1.0,0.9050343,0.21114498,0
1.0,0.86779714,0.17673863,0
1.0,0.9305878,0.24201761,0
1.0,0.9332505,0.24713331,0
1.0,0.925733,0.2447511,0
1.0,0.876457,0.21325275,0
1.0,0.92612654,0.2520895,0
1.0,0.9043427,0.23856607,0
1.0,0.8846809,0.22337449,0
1.0,0.81126994,0.16806632,0
1.0,0.86926275,0.21678674,0
1.0,0.8553874,0.20121627,0
1.0,0.85241157,0.1894066,0
1.0,0.7901834,0.14092028,0
1.0,0.8567119,0.17816788,0
1.0,0.83259153,0.147333,0
1.0,0.8530235,0.15493122,0
1.0,0.7633493,0.10841338,0
1.0,0.8116782,0.13773146,0
1.0,0.7541725,0.10504635,0
1.0,0.78535974,0.11306168,0
1.0,0.65518016,0.06064471,0
1.0,0.72721666,0.07941076,0
1.0,0.63103986,0.06791675,0
1.0,0.695783,0.08616236,0
1.0,0.56701535,0.0541101,0
1.0,0.6386444,0.06772907,0
1.0,0.5537685,0.05090694,0
1.0,0.63939065,0.068326965,0
1.0,0.5574776,0.0502048,0
1.0,0.65667135,0.070608154,0
1.0,0.58526444,0.047998607,0
1.0,0.6741124,0.06621277,0
1.0,0.59383124,0.049261745,0
1.0,0.65715563,0.05400175,0
1.0,0.5965056,0.04513869,0
1.0,0.659545,0.05311572,0
1.0,0.5731022,0.041781697,0
1.0,0.6212562,0.04487168,0
1.0,0.5796771,0.041715764,0
1.0,0.6716966,0.05328741,0
1.0,0.6837856,0.057341523,0
1.0,0.71551573,0.06804882,0
1.0,0.7026052,0.06838894,0
1.0,0.7540819,0.08621678,0
1.0,0.7647519,0.09120433,0
1.0,0.7395842,0.0840131,0
1.0,0.70808786,0.07657496,0
1.0,0.72731274,0.08816372,0
1.0,0.7720236,0.11284629,0
1.0,0.72239125,0.0854782,0
1.0,0.725251,0.08582551,0
1.0,0.7573613,0.10194044,0
1.0,0.8142649,0.12998909,0
1.0,0.7652755,0.10453553,0
1.0,0.76994985,0.08934879,0
1.0,0.7783762,0.09049669,0
1.0,0.8396487,0.13603619,0
1.0,0.82957506,0.13381661,0
1.0,0.83978695,0.13995275,0
1.0,0.8491727,0.1539807,0
1.0,0.8949205,0.19243461,0
1.0,0.88462234,0.20565885,0
1.0,0.8657555,0.20503382,0
1.0,0.8404248,0.19172317,0
1.0,0.86454165,0.23212945,0
1.0,0.85449666,0.22685058,0
1.0,0.83409315,0.2098341,0
1.0,0.81981385,0.20313036,0
1.0,0.86719376,0.24997312,0
1.0,0.8678987,0.26219174,0
1.0,0.8564616,0.25032872,0
1.0,0.83772784,0.22672282,0
1.0,0.86282456,0.25052464,0
1.0,0.8545631,0.23527774,0
1.0,0.85849774,0.23106924,0
1.0,0.8593462,0.23022982,0
1.0,0.9024793,0.2675553,0
1.0,0.85772604,0.2302725,0
1.0,0.8767478,0.25155145,0
1.0,0.88548046,0.26603466,0
1.0,0.9200635,0.31827608,0
1.0,0.8977417,0.29439718,0
1.0,0.8938599,0.2974668,0
1.0,0.9063909,0.3341915,0
1.0,0.91397375,0.34380582,0
1.0,0.87812227,0.30438635,0
1.0,0.89657664,0.34675086,0
1.0,0.9129558,0.37671563,0
1.0,0.9294116,0.3868975,0
1.0,0.89365786,0.3440948,0
1.0,0.89861387,0.3459134,0
1.0,0.9106646,0.35354888,0
1.0,0.90719646,0.3499334,0
1.0,0.87813854,0.30298597,0
1.0,0.878192,0.29569522,0
1.0,0.8928391,0.31143704,0
1.0,0.9090961,0.31256497,0
1.0,0.88090634,0.28384742,0
1.0,0.86361194,0.27806333,0
1.0,0.87399095,0.29584205,0
1.0,0.8650549,0.29111627,0
1.0,0.83966106,0.2748739,0
1.0,0.8197639,0.26868132,0
1.0,0.8367736,0.30034673,0
1.0,0.82033026,0.2929334,0
1.0,0.7676096,0.25631568,0
1.0,0.7595102,0.26117578,0
1.0,0.741169,0.251988,0
1.0,0.73355186,0.25583142,0
1.0,0.7110559,0.23676032,0
1.0,0.7067313,0.22735317,0
1.0,0.71548474,0.23477662,0
1.0,0.6821038,0.19457728,0
1.0,0.69462496,0.20714882,0
1.0,0.7063985,0.21756262,0
1.0,0.72326887,0.21921128,0
1.0,0.68130475,0.19614837,0
1.0,0.68420553,0.22108826,0
1.0,0.6891121,0.21929687,0
1.0,0.7258726,0.25534058,0
1.0,0.681879,0.23224175,0
1.0,0.734543,0.3009199,0
1.0,0.73868597,0.32308576,0
1.0,0.78137344,0.38756457,0
1.0,0.7548427,0.36263913,0
1.0,0.7783985,0.40152368,0
1.0,0.72568786,0.36848775,0
1.0,0.7558833,0.41896752,0
1.0,0.7281554,0.39061207,0
1.0,0.76907325,0.45575863,0
1.0,0.724305,0.3975284,0
1.0,0.78581655,0.46838582,0
1.0,0.78789043,0.47811028,0
1.0,0.83966535,0.53554225,0
1.0,0.7937678,0.46260667,0
1.0,0.8342374,0.5332643,0
1.0,0.8276701,0.5283092,0
1.0,0.86658174,0.59370816,0
1.0,0.8365905,0.55654275,0
1.0,0.852,0.5810496,0
1.0,0.8572437,0.6109357,0
1.0,0.8756959,0.65189195,0
1.0,0.8515887,0.62665105,0
1.0,0.84613043,0.6415647,0
1.0,0.8393666,0.6572943,0
1.0,0.84433216,0.69631195,0
1.0,0.8303394,0.69157505,0
1.0,0.8115435,0.68867624,0
1.0,0.81679845,0.70633084,0
1.0,0.8280401,0.7049416,0
1.0,0.8360763,0.7263222,0
1.0,0.81971514,0.7060825,0
1.0,0.8184535,0.69100136,0
1.0,0.8290636,0.68833864,0
1.0,0.8385568,0.6994913,0
1.0,0.80758977,0.6597766,0
1.0,0.8081217,0.65354645,0
1.0,0.7957863,0.6378486,0
1.0,0.82078934,0.6956871,0
1.0,0.7838556,0.63330185,0
1.0,0.81459516,0.6930332,0
1.0,0.80740225,0.71538997,0
1.0,0.81309265,0.74140656,0
1.0,0.788997,0.74290913,0
1.0,0.8010525,0.8080788,0
1.0,0.80828303,0.8336732,0
1.0,0.8154496,0.88255346,0
1.0,0.80214113,0.8548392,0
1.0,0.8219273,0.88475096,0
1.0,0.82817036,0.91748816,0
1.0,0.82749736,0.90924597,0
1.0,0.82731074,0.9040336,0
1.0,0.8396526,0.9215052,0
1.0,0.8502068,0.94562006,0
1.0,0.8456308,0.9457669,0
1.0,0.8495674,0.9445021,0
1.0,0.8483163,0.9308651,0
1.0,0.84891117,0.92433065,0
1.0,0.8348618,0.8947845,0
1.0,0.8426413,0.90448266,0
1.0,0.8339457,0.90531945,0
1.0,0.84043485,0.9595592,0
1.0,0.82465285,0.97947,0
1.0,0.8356607,1.0206347,0
1.0,0.82427895,1.0051877,0
1.0,0.83276176,1.043778,0
1.0,0.8300384,1.0477734,0
1.0,0.8339515,1.0375056,0
1.0,0.8378755,1.0582918,0
1.0,0.8343545,1.062854,0
1.0,0.8335478,1.0294232,0
1.0,0.84334046,1.0564121,0
1.0,0.8368677,1.0297034,0
1.0,0.8291871,0.9694694,0
1.0,0.8312406,0.9773023,0
1.0,0.840425,0.9636021,0
1.0,0.83176416,0.899927,0
1.0,0.8225015,0.898893,0
1.0,0.8271212,0.9158972,0
1.0,0.8454148,0.97514904,0
1.0,0.8488528,0.99587756,0
1.0,0.84474784,0.98250407,0
1.0,0.85416645,1.0284791,0
1.0,0.8643182,1.0668113,0
1.0,0.86155397,1.0816679,0
1.0,0.8565497,1.0777106,0
1.0,0.86083245,1.0754567,0
1.0,0.86916584,1.1194217,0
1.0,0.8621,1.1153032,0
1.0,0.85104346,1.0721347,0
1.0,0.8572329,1.0836911,0
1.0,0.87367284,1.1003253,0
1.0,0.8484655,1.0163455,0
1.0,0.8504097,0.9783435,0
1.0,0.85280085,0.9207459,0
1.0,0.87294966,0.94826484,0
1.0,0.85367507,0.9142063,0
1.0,0.85602564,0.9196471,0
1.0,0.85322344,0.92099917,0
1.0,0.8715791,0.95727295,0
1.0,0.85615337,0.9430668,0
1.0,0.8543862,0.9418106,0
1.0,0.8462695,0.9365014,0
1.0,0.84199333,0.93608356,0
1.0,0.82106555,0.9159867,0
1.0,0.8222336,0.9525696,0
1.0,0.8123033,0.92369366,0
1.0,0.81093305,0.92708886,0
1.0,0.80703145,0.93061393,0
1.0,0.807049,0.9141872,0
1.0,0.79797554,0.88901293,0
1.0,0.7948419,0.8550969,0
1.0,0.79111224,0.83446985,0
1.0,0.7981186,0.8195768,0
1.0,0.7953555,0.77838546,0
1.0,0.7825554,0.7481432,0
1.0,0.8037963,0.75624156,0
1.0,0.7945261,0.74134296,0
1.0,0.8075223,0.78707135,0
1.0,0.80676526,0.7582079,0
1.0,0.8170625,0.7579974,0
1.0,0.81228083,0.7641798,0
1.0,0.825264,0.80876046,0
1.0,0.8168815,0.815812,0
1.0,0.8173922,0.8404578,0
1.0,0.80490994,0.84419215,0
1.0,0.8259661,0.8925058,0
1.0,0.8310734,0.87836266,0
1.0,0.84554195,0.89858025,0
1.0,0.8369615,0.8838098,0
1.0,0.861891,0.9054173,0
1.0,0.8610332,0.90299916,0
1.0,0.86472136,0.896289,0
1.0,0.8583172,0.8596567,0
1.0,0.87933576,0.8775447,0
1.0,0.8706127,0.8324601,0
1.0,0.8637333,0.7964148,0
1.0,0.85262984,0.75213075,0
1.0,0.8675226,0.78507745,0
1.0,0.8516261,0.76831126,0
1.0,0.8344283,0.7430347,0
1.0,0.8430701,0.7693447,0
1.0,0.8590798,0.78736824,0
1.0,0.83531857,0.7503332,0
1.0,0.8348523,0.75410056,0
1.0,0.8500162,0.7822364,0
1.0,0.855702,0.8038412,0
1.0,0.82480556,0.76124847,0
1.0,0.8255804,0.76349235,0
1.0,0.8467517,0.77779084,0
1.0,0.85310525,0.7547552,0
1.0,0.82061136,0.6826938,0
1.0,0.8136732,0.6751155,0
1.0,0.83755875,0.70383286,0
1.0,0.83557034,0.6621713,0
1.0,0.7922302,0.58216417,0
1.0,0.78772634,0.5680456,0
1.0,0.8164629,0.5799927,0
1.0,0.8084505,0.5522527,0
1.0,0.77436316,0.5105399,0
1.0,0.7794747,0.5275903,0
1.0,0.81201386,0.57794136,0
1.0,0.82417995,0.616485,0
1.0,0.7961798,0.57858825,0
1.0,0.79818976,0.58387077,0
1.0,0.8222772,0.6343123,0
1.0,0.83676785,0.6472745,0
1.0,0.813422,0.612849,0
1.0,0.81056255,0.6262225,0
1.0,0.81504905,0.6277699,0
1.0,0.82782847,0.6312372,0
1.0,0.81913114,0.5992575,0
1.0,0.80770564,0.56236017,0
1.0,0.81404436,0.5490128,0
1.0,0.81913054,0.5266876,0
1.0,0.81976736,0.50727844,0
1.0,0.80990905,0.48890147,0
1.0,0.8071534,0.48425776,0
1.0,0.7925436,0.46410054,0
1.0,0.7970163,0.46256757,0
1.0,0.78857523,0.45401326,0
1.0,0.81006163,0.51401603,0
1.0,0.81980467,0.545464,0
1.0,0.8290132,0.5637766,0
1.0,0.842836,0.5826896,0
1.0,0.8586335,0.5992661,0
1.0,0.83291906,0.5695063,0
1.0,0.8523158,0.6044744,0
1.0,0.8591689,0.59142,0
1.0,0.8647675,0.6018207,0
1.0,0.8308982,0.5656384,0
1.0,0.8305219,0.5511763,0
1.0,0.83027583,0.5292501,0
1.0,0.84985185,0.52564365,0
1.0,0.8466585,0.49043858,0
1.0,0.8450801,0.49176538,0
1.0,0.8580153,0.49729928,0
1.0,0.8655113,0.4927733,0
1.0,0.8733831,0.5237182,0
1.0,0.8712048,0.51743215,0
1.0,0.8868771,0.53302926,0
1.0,0.8914255,0.5442271,0
1.0,0.90572214,0.56313133,0
1.0,0.89488834,0.56374025,0
1.0,0.89050597,0.56010497,0
1.0,0.87044996,0.538201,0
1.0,0.87626714,0.56504107,0
1.0,0.86235553,0.5416143,0
1.0,0.8620062,0.5367497,0
1.0,0.8432754,0.5081986,0
1.0,0.87680084,0.53778744,0
1.0,0.85741705,0.49763444,0
1.0,0.86496794,0.49352908,0
1.0,0.8449425,0.42967394,0
1.0,0.8832079,0.4582154,0
1.0,0.8640852,0.4342407,0
1.0,0.8562409,0.4127179,0
1.0,0.83238757,0.37977853,0
1.0,0.8614546,0.42443964,0
1.0,0.8361935,0.38489968,0
1.0,0.8163832,0.36908275,0
1.0,0.8068293,0.367957,0
1.0,0.8428203,0.4077342,0
1.0,0.82090026,0.41959468,0
1.0,0.79717964,0.40004784,0
1.0,0.7966487,0.39948267,0
1.0,0.84284544,0.48723525,0
1.0,0.821957,0.45173767,0
1.0,0.7898009,0.4130833,0
1.0,0.81668097,0.45797125,0
1.0,0.8513531,0.4807794,0
1.0,0.846669,0.471777,0
1.0,0.79603565,0.39657342,0
1.0,0.8256426,0.42205548,0
1.0,0.84281975,0.44478428,0
1.0,0.82822746,0.4167345,0
1.0,0.7489615,0.33626774,0
1.0,0.8104232,0.39494038,0
1.0,0.8063614,0.3842363,0
1.0,0.8172762,0.4367943,0
1.0,0.76692754,0.3838476,0
1.0,0.82169074,0.457463,0
1.0,0.8134431,0.4632042,0
1.0,0.8314497,0.50448465,0
1.0,0.7939878,0.47005826,0
1.0,0.8355992,0.5288712,0
1.0,0.80643797,0.50920635,0
1.0,0.81851125,0.5456513,0
1.0,0.7593243,0.466302,0
1.0,0.80757284,0.5408486,0
1.0,0.7767104,0.5005777,0
1.0,0.8084316,0.5369189,0
1.0,0.7767457,0.48901173,0
1.0,0.8102557,0.5297245,0
1.0,0.79232705,0.506267,0
1.0,0.81170946,0.50569844,0
1.0,0.7706249,0.4470569,0
1.0,0.7691589,0.4541139,0
1.0,0.74194753,0.41012502,0
1.0,0.77397865,0.47095913,0
1.0,0.7565922,0.4582617,0
1.0,0.73723215,0.42909858,0
1.0,0.74394155,0.47118008,0
1.0,0.7721076,0.5378152,0
1.0,0.76898724,0.55356205,0
1.0,0.7458746,0.535791,0
1.0,0.7608592,0.56598955,0
1.0,0.77602786,0.59629476,0
1.0,0.7699272,0.5795407,0
1.0,0.7463828,0.55110157,0
1.0,0.7771874,0.5937356,0
1.0,0.7913739,0.5869773,0
1.0,0.7897928,0.583622,0
1.0,0.7582337,0.54044724,0
1.0,0.76238453,0.5436168,0
1.0,0.7576988,0.52293533,0
1.0,0.7440921,0.48756975,0
1.0,0.7015955,0.43715397,0
1.0,0.7177857,0.4746177,0
1.0,0.7181549,0.48293176,0
1.0,0.73525745,0.5304412,0
1.0,0.75763524,0.5894068,0
1.0,0.7846633,0.6332823,0
1.0,0.7888971,0.6498602,0
1.0,0.8053197,0.68252987,0
1.0,0.81595904,0.6954314,0
1.0,0.81933063,0.7077882,0
1.0,0.8014559,0.70567966,0
1.0,0.80581063,0.7319069,0
1.0,0.8226346,0.7707732,0
1.0,0.82664734,0.7721211,0
1.0,0.81455827,0.7214608,0
1.0,0.8363393,0.74252856,0
1.0,0.8571424,0.7665878,0
1.0,0.8632974,0.7400015,0
1.0,0.853805,0.71327496,0
1.0,0.87024873,0.7428628,0
1.0,0.88737273,0.7650182,0
1.0,0.89695966,0.7898187,0
1.0,0.8887791,0.7890511,0
1.0,0.9032631,0.80983335,0
1.0,0.91936815,0.8464642,0
1.0,0.92497456,0.88763666,0
1.0,0.9116091,0.870118,0
1.0,0.9056112,0.8740623,0
1.0,0.9109161,0.9054946,0
1.0,0.91196066,0.91467,0
1.0,0.900314,0.9083251,0
1.0,0.885989,0.8917153,0
1.0,0.8972209,0.905148,0
1.0,0.90130055,0.87572944,0
1.0,0.89227706,0.82541573,0
1.0,0.87879014,0.7759499,0
1.0,0.88673764,0.75966954,0
1.0,0.89108354,0.754595,0
1.0,0.8856901,0.7323638,0
1.0,0.84578884,0.66515696,0
1.0,0.8468079,0.6776913,0
1.0,0.8453218,0.66027254,0
1.0,0.84242195,0.64418364,0
1.0,0.8022979,0.5861957,0
1.0,0.80914927,0.59137934,0
1.0,0.8194921,0.6398127,0
1.0,0.81325114,0.6507283,0
1.0,0.77977777,0.6069984,0
1.0,0.7793573,0.637751,0
1.0,0.7847533,0.65811706,0
1.0,0.7793329,0.6471894,0
1.0,0.77113545,0.6408115,0
1.0,0.7650217,0.63210243,0
1.0,0.7839961,0.65454584,0
1.0,0.76864254,0.6055361,0
1.0,0.77423215,0.61306936,0
1.0,0.7599511,0.59852344,0
1.0,0.7747674,0.5910251,0
1.0,0.7501724,0.54461676,0
1.0,0.76346374,0.55953693,0
1.0,0.74281466,0.53455997,0
1.0,0.78178835,0.614423,0
1.0,0.767616,0.60079014,0
1.0,0.81343186,0.6816019,0
1.0,0.7958354,0.6542123,0
1.0,0.8389393,0.74241364,0
1.0,0.8178256,0.766721,0
1.0,0.84147406,0.8237909,0
1.0,0.82510483,0.7983043,0
1.0,0.84006834,0.86273503,0
1.0,0.8290203,0.8888449,0
1.0,0.8508017,0.936341,0
1.0,0.834905,0.9001833,0
1.0,0.8650739,0.9634048,0
1.0,0.85947347,0.9436271,0
1.0,0.86912525,0.9518256,0
1.0,0.8550064,0.91993785,0
1.0,0.87002313,0.9189996,0
1.0,0.8666353,0.9264339,0
1.0,0.87238896,0.9683801,0
1.0,0.85683864,0.938612,0
1.0,0.8714842,0.9895641,0
1.0,0.86945194,1.0047781,0
1.0,0.8779817,1.029139,0
1.0,0.8644512,1.0274751,0
1.0,0.8671288,1.0450413,0
1.0,0.85587746,1.0696952,0
1.0,0.853947,1.115062,0
1.0,0.8410972,1.1021845,0
1.0,0.83638376,1.1344707,0
1.0,0.83230937,1.1590139,0
1.0,0.8364827,1.1793369,0
1.0,0.8232807,1.1465766,0
1.0,0.820417,1.1240644,0
1.0,0.8116031,1.1035552,0
1.0,0.80212295,1.0795755,0
1.0,0.7816299,1.0530105,0
1.0,0.759947,1.0081257,0
1.0,0.75133425,0.9511001,0
1.0,0.7530799,0.9856391,0
1.0,0.7432295,0.9972458,0
1.0,0.7308361,0.9606372,0
1.0,0.73540825,0.9804151,0
1.0,0.7404917,1.0182915,0
1.0,0.7408872,1.0492451,0
1.0,0.7328782,1.0708523,0
1.0,0.7353009,1.1061809,0
1.0,0.73256946,1.1262741,0
1.0,0.7314652,1.1502192,0
1.0,0.7236078,1.1567066,0
1.0,0.73312134,1.1759026,0
1.0,0.73153824,1.1702592,0
1.0,0.74114734,1.2080569,0
1.0,0.7281821,1.1744684,0
1.0,0.7390394,1.1909518,0
1.0,0.7350526,1.1695768,0
1.0,0.7396323,1.1649275,0
1.0,0.72570044,1.1332251,0
1.0,0.73689693,1.127672,0
1.0,0.7323474,1.1096333,0
1.0,0.74817175,1.1565386,0
1.0,0.7324908,1.1301911,0
1.0,0.74996424,1.1962874,0
1.0,0.745585,1.1991079,0
1.0,0.75868726,1.225491,0
1.0,0.7561779,1.211545,0
1.0,0.76757574,1.2467451,0
1.0,0.76751995,1.3071439,0
1.0,0.78946304,1.3869705,0
1.0,0.7818391,1.3977073,0
1.0,0.8103759,1.494463,0
1.0,0.806294,1.4526739,0
1.0,0.8251375,1.4746144,0
1.0,0.8134835,1.4374549,0
1.0,0.83162737,1.4394084,0
1.0,0.82690036,1.4064653,0
1.0,0.8334933,1.4177866,0
1.0,0.82437474,1.3788724,0
1.0,0.8409286,1.3859202,0
1.0,0.83465105,1.3506162,0
1.0,0.83876437,1.3613434,0
1.0,0.8289336,1.3168067,0
1.0,0.84162074,1.3405616,0
1.0,0.837576,1.3614515,0
1.0,0.8355941,1.3349047,0
1.0,0.8333002,1.3327812,0
1.0,0.8446538,1.3965204,0
1.0,0.8411006,1.3898554,0
1.0,0.8387832,1.3978693,0
1.0,0.8337004,1.4038614,0
1.0,0.8435831,1.4183488,0
1.0,0.8390893,1.3786412,0
1.0,0.8247002,1.3218262,0
1.0,0.8179762,1.2700235,0
1.0,0.80689794,1.2067599,0
1.0,0.80620784,1.1954806,0
1.0,0.78505003,1.1327449,0
1.0,0.7878697,1.1352302,0
1.0,0.77836055,1.1027393,0
1.0,0.7771698,1.0512252,0
1.0,0.76973397,1.0020475,0
1.0,0.7720924,0.9726461,0
1.0,0.76761734,0.9497337,0
1.0,0.77098817,0.96590096,0
1.0,0.77216506,0.9902729,0
1.0,0.7748057,0.99853945,0
1.0,0.7695914,0.99851,0
1.0,0.76946104,1.0131743,0
1.0,0.7726562,0.99676526,0
1.0,0.7642954,0.98115396,0
1.0,0.759653,0.98106253,0
1.0,0.7514852,0.9580406,0
1.0,0.7539863,0.9474366,0
1.0,0.7396209,0.91282874,0
1.0,0.7330563,0.89139664,0
1.0,0.7228274,0.8164214,0
1.0,0.7372758,0.8149195,0
1.0,0.7353788,0.7898271,0
1.0,0.74212205,0.75404745,0
1.0,0.7317014,0.7330903,0
1.0,0.74940294,0.7521876,0
1.0,0.74835193,0.7327926,0
1.0,0.7675274,0.7809055,0
1.0,0.76376176,0.77455574,0
1.0,0.77767533,0.793839,0
1.0,0.7792784,0.8080979,0
1.0,0.7851306,0.8101897,0
1.0,0.7643475,0.764174,0
1.0,0.76631963,0.78824294,0
1.0,0.7734367,0.8178432,0
1.0,0.7861418,0.83541095,0
1.0,0.76894253,0.7886789,0
1.0,0.7736345,0.78910923,0
1.0,0.7912994,0.8085182,0
1.0,0.79990983,0.79886067,0
1.0,0.79643047,0.7675325,0
1.0,0.79118836,0.72041297,0
1.0,0.80638325,0.731686,0
1.0,0.80775976,0.7252667,0
1.0,0.7936494,0.67654455,0
1.0,0.77477175,0.64309,0
1.0,0.7886615,0.6489283,0
1.0,0.7845738,0.623286,0
1.0,0.7726494,0.6011934,0
1.0,0.74617034,0.5596386,0
1.0,0.7565446,0.5817167,0
1.0,0.7320348,0.5609902,0
1.0,0.72709495,0.56272084,0
1.0,0.6912832,0.52192295,0
1.0,0.7153953,0.56964433,0
1.0,0.7055806,0.55276024,0
1.0,0.73128384,0.57829785,0
1.0,0.7136703,0.537621,0
1.0,0.74217314,0.56268317,0
1.0,0.72140473,0.51403844,0
1.0,0.7477007,0.53985095,0
1.0,0.71325964,0.48129538,0
1.0,0.7265719,0.4870419,0
1.0,0.67460096,0.4084373,0
1.0,0.68525606,0.40690863,0
1.0,0.65935427,0.36050436,0
1.0,0.677813,0.36511463,0
1.0,0.6425448,0.31738418,0
1.0,0.6694664,0.36014545,0
1.0,0.66065127,0.3590238,0
1.0,0.68143845,0.38748306,0
1.0,0.67396873,0.3956167,0
1.0,0.6936623,0.43633068,0
1.0,0.7038144,0.4495019,0
1.0,0.74183595,0.49869335,0
1.0,0.7448035,0.5059593,0
1.0,0.7480294,0.5064207,0
1.0,0.7519778,0.5076071,0
1.0,0.770122,0.5285517,0
1.0,0.77123463,0.527915,0
1.0,0.7669394,0.5149771,0
1.0,0.7589014,0.48942533,0
1.0,0.76715636,0.48228133,0
1.0,0.7866316,0.47616962,0
1.0,0.78666437,0.46751103,0
1.0,0.79067093,0.47638577,0
1.0,0.7926628,0.48390836,0
1.0,0.8388728,0.55274844,0
1.0,0.84237915,0.5595652,0
1.0,0.85120326,0.58160394,0
1.0,0.85300136,0.5838728,0
1.0,0.8889801,0.6376765,0
1.0,0.8798563,0.6357391,0
1.0,0.874115,0.6436117,0
1.0,0.8517533,0.63235426,0
1.0,0.89025563,0.7051649,0
1.0,0.8800328,0.6916387,0
1.0,0.8728267,0.6713118,0
1.0,0.8519864,0.63553596,0
1.0,0.88093364,0.68704426,0
1.0,0.8774003,0.65929914,0
1.0,0.8579422,0.6079571,0
1.0,0.8389549,0.5779821,0
1.0,0.8612036,0.59479153,0
1.0,0.85824275,0.57842916,0
1.0,0.82563674,0.54662764,0
1.0,0.8221912,0.5371052,0
1.0,0.8371465,0.5430263,0
1.0,0.83938,0.55814904,0
1.0,0.7941419,0.49782646,0
1.0,0.793341,0.50488406,0
1.0,0.7854078,0.51440907,0
1.0,0.77804697,0.513513,0
1.0,0.7293896,0.46223632,0
1.0,0.71741664,0.45289934,0
1.0,0.7265749,0.46621472,0
1.0,0.74633205,0.49801254,0
1.0,0.72759295,0.4578871,0
1.0,0.7402226,0.45112157,0
1.0,0.74681306,0.45667362,0
1.0,0.7651042,0.46814817,0
1.0,0.7540539,0.4471881,0
1.0,0.73863965,0.437613,0
1.0,0.7394802,0.43042994,0
1.0,0.7270772,0.4000348,0
1.0,0.7470126,0.4104327,0
1.0,0.7251336,0.3676878,0
1.0,0.74595463,0.3869686,0
1.0,0.74758947,0.40576482,0
1.0,0.78420323,0.45331353,0
1.0,0.7535843,0.4117968,0
1.0,0.79007226,0.462393,0
1.0,0.78806317,0.4522978,0
1.0,0.8186825,0.49438,0
1.0,0.79995155,0.46909028,0
1.0,0.81635815,0.47657573,0
1.0,0.8082533,0.45337915,0
1.0,0.8279749,0.462789,0
1.0,0.8049856,0.42718813,0
1.0,0.79487544,0.40214473,0
1.0,0.80258495,0.3877445,0
1.0,0.8325572,0.40692332,0
1.0,0.82888937,0.37778068,0
1.0,0.809144,0.33308637,0
1.0,0.81940824,0.3258231,0
1.0,0.8412059,0.337855,0
1.0,0.85168064,0.35414132,0
1.0,0.85940176,0.35992718,0
1.0,0.8699515,0.3596693,0
1.0,0.88860434,0.38310412,0
1.0,0.89518553,0.38813466,0
1.0,0.875386,0.34953266,0
1.0,0.8675647,0.3518438,0
1.0,0.8753285,0.3678779,0
1.0,0.88477254,0.35657984,0
1.0,0.84323,0.31060803,0
1.0,0.829203,0.3012449,0
1.0,0.8416876,0.30087566,0
1.0,0.8520358,0.28618386,0
1.0,0.83942515,0.2617505,0
1.0,0.8459935,0.23686546,0
1.0,0.84815824,0.2216069,0
1.0,0.872086,0.23778073,0
1.0,0.84463185,0.19483462,0
1.0,0.8133902,0.16689658,0
1.0,0.7850816,0.14515723,0
1.0,0.80398613,0.14541115,0
1.0,0.7743775,0.12496632,0
1.0,0.73351806,0.10662412,0
1.0,0.7109701,0.09183961,0
1.0,0.74155945,0.10456461,0
1.0,0.72443587,0.10133079,0
1.0,0.66134584,0.079069674,0
1.0,0.65908736,0.07843479,0
1.0,0.68178344,0.08402301,0
1.0,0.71426153,0.09106827,0
1.0,0.6616185,0.075242385,0
1.0,0.70776397,0.07803184,0
1.0,0.707007,0.06786156,0
1.0,0.7682554,0.08381412,0
1.0,0.7000938,0.06259985,0
1.0,0.73155314,0.06559775,0
1.0,0.6919632,0.06176572,0
1.0,0.7075314,0.061414067,0
1.0,0.6202148,0.057177365,0
1.0,0.68114793,0.040919445,0
1.0,0.61596155,0.048988294,0
1.0,0.6737193,0.041250832,0
1.0,0.6237382,0.046333916,0
1.0,0.6836501,0.03524927,0
1.0,0.62569135,0.040994167,0
1.0,0.67062837,0.03397034,0
1.0,0.62198657,0.039183777,0
1.0,0.67859447,0.03192716,0
1.0,0.6082519,0.04368189,0
1.0,0.61404926,0.043234907,0
1.0,0.5898449,0.05289436,0
1.0,0.63498455,0.046519287,0
1.0,0.59506243,0.05994521,0
1.0,0.6083231,0.05942201,0
1.0,0.57365596,0.072564095,0
1.0,0.5676401,0.0794511,0
1.0,0.5540927,0.09366256,0
1.0,0.529434,0.11232436,0
1.0,0.52004015,0.12888569,0
1.0,0.52299285,0.14402884,0
1.0,0.5366495,0.13504076,0
1.0,0.51898336,0.14590189,0
1.0,0.50365764,0.15777338,0
1.0,0.5309258,0.14203542,0
1.0,0.5226882,0.14738557,0
1.0,0.5173833,0.14640354,0
1.0,0.48073277,0.17463134,0
1.0,0.51232654,0.1552284,0
1.0,0.49467573,0.159033,0
1.0,0.4950359,0.16204304,0
1.0,0.46557596,0.1901334,0
1.0,0.4944434,0.17655994,0
1.0,0.49618083,0.18846488,0
1.0,0.49513355,0.2012482,0
1.0,0.4735258,0.22709814,0
1.0,0.4912662,0.217994,0
1.0,0.47146633,0.24979271,0
1.0,0.45620608,0.27139774,0
1.0,0.44102028,0.2863005,0
1.0,0.4531042,0.27561834,0
1.0,0.45605183,0.2798987,0
1.0,0.44626713,0.29059628,0
1.0,0.44790062,0.28183934,0
1.0,0.4489459,0.2726329,0
1.0,0.45117867,0.26565215,0
1.0,0.4387369,0.27154768,0
1.0,0.44954652,0.2594701,0
1.0,0.43529978,0.2651233,0
1.0,0.454085,0.23651622,0
1.0,0.43449423,0.27245307,0
1.0,0.4566959,0.2443529,0
1.0,0.4302823,0.2561983,0
1.0,0.46087828,0.24374014,0
1.0,0.4349613,0.26488698,0
1.0,0.45894212,0.25914964,0
1.0,0.4136322,0.31558436,0
1.0,0.42102128,0.3016783,0
1.0,0.39091346,0.3467205,0
1.0,0.4030267,0.34110808,0
1.0,0.3635607,0.37233102,0
1.0,0.37179515,0.36190102,0
1.0,0.35234082,0.37729377,0
1.0,0.365471,0.3572168,0
1.0,0.33726442,0.37704536,0
1.0,0.3586044,0.3436272,0
1.0,0.34375122,0.34212947,0
1.0,0.35178283,0.31822944,0
1.0,0.33833098,0.3279941,0
1.0,0.35586095,0.30015436,0
1.0,0.34300113,0.31121033,0
1.0,0.34709114,0.31195098,0
1.0,0.33431858,0.32936808,0
1.0,0.35672525,0.3016544,0
1.0,0.35722747,0.3023053,0
1.0,0.3603966,0.30889216,0
1.0,0.35967702,0.31255278,0
1.0,0.37181708,0.30128646,0
1.0,0.36828408,0.3163699,0
1.0,0.36953732,0.32142654,0
1.0,0.3848782,0.31414232,0
1.0,0.39908293,0.3017875,0
1.0,0.409651,0.26282138,0
1.0,0.42599872,0.24142939,0
1.0,0.49126884,0.18161774,0
1.0,0.49987224,0.16209465,0
1.0,0.51713574,0.1560982,0
1.0,0.5108956,0.14485234,0
1.0,0.5265737,0.119854935,0
1.0,0.5036966,0.1372049,0
1.0,0.5226459,0.11549247,0
1.0,0.51778936,0.10664293,0
1.0,0.53348684,0.10050155,0
1.0,0.5060008,0.13172968,0
1.0,0.5305897,0.12017398,0
1.0,0.5199771,0.12954217,0
1.0,0.55107653,0.12031849,0
1.0,0.51545125,0.13864078,0
1.0,0.53409564,0.12914397,0
1.0,0.51916194,0.14254099,0
1.0,0.54404205,0.12595564,0
1.0,0.49877384,0.14957345,0
1.0,0.53287596,0.12181223,0
1.0,0.54169124,0.11581249,0
1.0,0.5659568,0.09836456,0
1.0,0.53143114,0.11029511,0
1.0,0.5560749,0.09275274,0
1.0,0.52769196,0.100997835,0
1.0,0.5231872,0.10157372,0
1.0,0.4947015,0.11386122,0
1.0,0.50867426,0.096441135,0
1.0,0.49592447,0.10273046,0
1.0,0.5197026,0.089296624,0
1.0,0.5059002,0.09513675,0
1.0,0.52190256,0.09464484,0
1.0,0.5051574,0.11383124,0
1.0,0.55013376,0.103099294,0
1.0,0.53902686,0.112162136,0
1.0,0.5542114,0.09969304,0
1.0,0.5341761,0.110061005,0
1.0,0.564276,0.09359041,0
1.0,0.57684046,0.08585273,0
1.0,0.597651,0.07711017,0
1.0,0.5947041,0.079239726,0
1.0,0.6295623,0.06470212,0
1.0,0.6476299,0.049588412,0
1.0,0.6302805,0.051968575,0
1.0,0.58738226,0.06109472,0
1.0,0.6154822,0.043701954,0
1.0,0.63154256,0.039953284,0
1.0,0.6201819,0.0433843,0
1.0,0.59951454,0.049970146,0
1.0,0.6380618,0.04057664,0
1.0,0.67804396,0.036011502,0
1.0,0.6659611,0.04215439,0
1.0,0.64763874,0.047954444,0
1.0,0.68239164,0.043050107,0
1.0,0.70213515,0.043325298,0
1.0,0.66951597,0.050147355,0
1.0,0.63962823,0.058728736,0
1.0,0.6536123,0.054868776,0
1.0,0.69168925,0.046771828,0
1.0,0.63951355,0.06034877,0
1.0,0.6266532,0.060222525,0
1.0,0.6150799,0.06209466,0
1.0,0.64276385,0.05485048,0
1.0,0.5809911,0.07296723,0
1.0,0.5827673,0.069574445,0
1.0,0.61694616,0.050539583,0
1.0,0.656892,0.04261682,0
1.0,0.61572355,0.04780987,0
1.0,0.6340747,0.048415557,0
1.0,0.62233716,0.050541967,0
1.0,0.67417467,0.04557626,0
1.0,0.66151035,0.046101827,0
1.0,0.6689499,0.045970105,0
1.0,0.6449288,0.048018165,0
1.0,0.6499356,0.04685998,0
1.0,0.61022466,0.06103161,0
1.0,0.6121219,0.060529105,0
1.0,0.59540844,0.06524724,0
1.0,0.60994565,0.061761502,0
1.0,0.5967818,0.07001047,0
1.0,0.6624888,0.06350246,0
1.0,0.66440165,0.06333491,0
1.0,0.68105847,0.06403186,0
1.0,0.6636559,0.059071373,0
1.0,0.7358312,0.07076657,0
1.0,0.7028537,0.061794057,0
1.0,0.7041441,0.063474074,0
1.0,0.671288,0.060175296,0
1.0,0.7325939,0.07580313,0
1.0,0.68450546,0.0705451,0
1.0,0.6910557,0.07948598,0
1.0,0.6688557,0.072813526,0
1.0,0.7338884,0.093669444,0
1.0,0.7216587,0.08892338,0
1.0,0.7086298,0.084033154,0
1.0,0.65313536,0.06455161,0
1.0,0.72646457,0.079233885,0
1.0,0.6959393,0.071645215,0
1.0,0.7325201,0.09218456,0
1.0,0.7516048,0.113159835,0
1.0,0.8307621,0.1703184,0
1.0,0.8046263,0.15333566,0
1.0,0.85103846,0.18898973,0
1.0,0.83675367,0.19027951,0
1.0,0.8256174,0.1866715,0
1.0,0.74442124,0.14778474,0
1.0,0.7966956,0.18448278,0
1.0,0.78181636,0.17180991,0
1.0,0.76785845,0.16768521,0
1.0,0.71524465,0.13117564,0
1.0,0.79279375,0.1865652,0
1.0,0.80126375,0.17889954,0
1.0,0.79817224,0.16881846,0
1.0,0.7348236,0.12684509,0
1.0,0.814075,0.17900406,0
1.0,0.8024315,0.1693326,0
1.0,0.7807035,0.15694156,0
1.0,0.6989627,0.10958704,0
1.0,0.7917353,0.16303146,0
1.0,0.79430985,0.17008552,0
1.0,0.77065915,0.15867135,0
1.0,0.71563673,0.119993374,0
1.0,0.78571576,0.17540462,0
1.0,0.7661929,0.17437923,0
1.0,0.73746717,0.1701476,0
1.0,0.7101376,0.15802829,0
1.0,0.7728171,0.20570505,0
1.0,0.7879421,0.22872911,0
1.0,0.7591977,0.22121902,0
1.0,0.7390348,0.20540634,0
1.0,0.7848943,0.2450817,0
1.0,0.8063835,0.26552448,0
1.0,0.7851368,0.23607573,0
1.0,0.7726957,0.22896963,0
1.0,0.8123101,0.26795205,0
1.0,0.81756437,0.26836365,0
1.0,0.77469224,0.247897,0
1.0,0.7659435,0.2513966,0
1.0,0.81122243,0.3073852,0
1.0,0.842727,0.36069986,0
1.0,0.8398351,0.37525383,0
1.0,0.83009046,0.38199073,0
1.0,0.86058444,0.4419499,0
1.0,0.86814004,0.4819106,0
1.0,0.84727055,0.47906664,0
1.0,0.81993026,0.46413136,0
1.0,0.8440093,0.5200418,0
1.0,0.8529271,0.5611429,0
1.0,0.8268461,0.55278957,0
1.0,0.797836,0.53462267,0
1.0,0.8216875,0.57495975,0
1.0,0.83601415,0.59443957,0
1.0,0.8441601,0.6177356,0
1.0,0.824945,0.5944773,0
1.0,0.8483156,0.6283941,0
1.0,0.85249984,0.6383415,0
1.0,0.85394746,0.6352709,0
1.0,0.8231889,0.6081892,0
1.0,0.83579546,0.67633283,0
1.0,0.8370241,0.7075989,0
1.0,0.8437203,0.7218639,0
1.0,0.82468575,0.7207588,0
1.0,0.82345575,0.7445619,0
1.0,0.8154843,0.7377022,0
1.0,0.7920424,0.74397516,0
1.0,0.77825665,0.7578131,0
1.0,0.7635754,0.75503004,0
1.0,0.77347517,0.81513065,0
1.0,0.77000767,0.8114335,0
1.0,0.77646005,0.8198242,0
1.0,0.77463835,0.8203366,0
1.0,0.79490614,0.8437393,0
1.0,0.7903625,0.84234214,0
1.0,0.8059547,0.8750341,0
1.0,0.7911758,0.8457099,0
1.0,0.80601317,0.8889861,0
1.0,0.78603727,0.85812074,0
1.0,0.7995303,0.8899994,0
1.0,0.7723253,0.84523535,0
1.0,0.79133356,0.88947093,0
1.0,0.77407765,0.8613887,0
1.0,0.78714114,0.8891138,0
1.0,0.76713216,0.9192221,0
1.0,0.7877901,1.0333456,0
1.0,0.77331465,1.0356469,0
1.0,0.79263544,1.1001065,0
1.0,0.7842792,1.0926036,0
1.0,0.80219066,1.1368581,0
1.0,0.8041319,1.1537155,0
1.0,0.8128326,1.1804743,0
1.0,0.81064725,1.1613154,0
1.0,0.81680304,1.1503999,0
1.0,0.818918,1.1631663,0
1.0,0.821797,1.1520417,0
1.0,0.8125785,1.1042376,0
1.0,0.81517065,1.1200893,0
1.0,0.82148147,1.1092528,0
1.0,0.8131088,1.0799305,0
1.0,0.8205075,1.1224686,0
1.0,0.8041592,1.0721254,0
1.0,0.8244113,1.1077429,0
1.0,0.8112894,1.0845213,0
1.0,0.8230082,1.1318858,0
1.0,0.81148225,1.1398077,0
1.0,0.8280167,1.1660149,0
1.0,0.822434,1.161468,0
1.0,0.83203727,1.2037675,0
1.0,0.8211561,1.1562152,0
1.0,0.83362556,1.174515,0
1.0,0.8204776,1.1404165,0
1.0,0.83169353,1.1396549,0
1.0,0.8089007,1.0686889,0
1.0,0.82355493,1.0781574,0
1.0,0.8057354,1.0225695,0
1.0,0.816492,0.9854505,0
1.0,0.80305654,0.89689803,0
1.0,0.816419,0.897928,0
1.0,0.80359447,0.85273767,0
1.0,0.81169444,0.8486531,0
1.0,0.8090025,0.8340244,0
1.0,0.8145422,0.8506794,0
1.0,0.8013627,0.82827425,0
1.0,0.79074574,0.7884694,0
1.0,0.8007897,0.80333847,0
1.0,0.7960155,0.7917195,0
1.0,0.79104906,0.7787271,0
1.0,0.77548075,0.76023185,0
1.0,0.7967287,0.78132224,0
1.0,0.7973037,0.761605,0
1.0,0.7873441,0.72212684,0
1.0,0.7823399,0.66899234,0
1.0,0.81136256,0.6844832,0
1.0,0.82027924,0.68890595,0
1.0,0.807447,0.65685344,0
1.0,0.78691584,0.5879686,0
1.0,0.80845225,0.58616936,0
1.0,0.78605103,0.55094874,0
1.0,0.7621656,0.50590974,0
1.0,0.7477589,0.45092818,0
1.0,0.7803286,0.49445534,0
1.0,0.7664699,0.48536614,0
1.0,0.75965923,0.473018,0
1.0,0.790287,0.52968127,0
1.0,0.7977946,0.54503334,0
1.0,0.7969791,0.545359,0
1.0,0.78999114,0.533636,0
1.0,0.8145659,0.5603553,0
1.0,0.80097663,0.52957594,0
1.0,0.80289495,0.5093208,0
1.0,0.78063774,0.47850263,0
1.0,0.8138224,0.5198327,0
1.0,0.783298,0.4652673,0
1.0,0.78460747,0.44949508,0
1.0,0.76379526,0.38900065,0
1.0,0.78747195,0.41106954,0
1.0,0.7398819,0.36031225,0
1.0,0.73668724,0.33398515,0
1.0,0.7223773,0.31714803,0
1.0,0.7509039,0.3453207,0
1.0,0.7034503,0.28995615,0
1.0,0.7352916,0.3362922,0
1.0,0.73137856,0.34230477,0
1.0,0.74743026,0.36090812,0
1.0,0.7066038,0.31947756,0
1.0,0.7290651,0.34910744,0
1.0,0.6994302,0.31057274,0
1.0,0.6838634,0.29770732,0
1.0,0.6474315,0.26830393,0
1.0,0.66390777,0.27260512,0
1.0,0.6377027,0.2486659,0
1.0,0.6332365,0.2504554,0
1.0,0.6059693,0.21328427,0
1.0,0.6236598,0.21016178,0
1.0,0.6183007,0.19535775,0
1.0,0.6350732,0.19480813,0
1.0,0.6181359,0.1706984,0
1.0,0.65052676,0.18561544,0
1.0,0.6261359,0.17217943,0
1.0,0.6731787,0.2067666,0
1.0,0.66348815,0.1940968,0
1.0,0.69944644,0.23576453,0
1.0,0.68032604,0.22108418,0
1.0,0.7326063,0.2757979,0
1.0,0.72248805,0.27253228,0
1.0,0.74670875,0.2893973,0
1.0,0.7279287,0.2765125,0
1.0,0.73664373,0.28780633,0
1.0,0.723838,0.25911987,0
1.0,0.74763286,0.28595552,0
1.0,0.74656117,0.2864685,0
1.0,0.73454976,0.26611274,0
1.0,0.72968376,0.254382,0
1.0,0.7426036,0.252493,0
1.0,0.7602207,0.25363082,0
1.0,0.75478935,0.23738018,0
1.0,0.7656431,0.24301328,0
1.0,0.7740976,0.24425477,0
1.0,0.7771244,0.24895537,0
1.0,0.77069557,0.25489166,0
1.0,0.8224267,0.3111285,0
1.0,0.83191174,0.33299023,0
1.0,0.85103476,0.36028174,0
1.0,0.83944136,0.35210526,0
1.0,0.8677707,0.40511602,0
1.0,0.8639305,0.40775806,0
1.0,0.86250323,0.413213,0
1.0,0.8406035,0.40729752,0
1.0,0.8687991,0.45443776,0
1.0,0.8631342,0.44721758,0
1.0,0.86522126,0.441727,0
1.0,0.8599553,0.43648267,0
1.0,0.88808954,0.46655077,0
1.0,0.88600576,0.44644812,0
1.0,0.8966225,0.4504511,0
1.0,0.88996196,0.4280061,0
1.0,0.90498906,0.43790686,0
1.0,0.8976636,0.4333083,0
1.0,0.89308804,0.4335017,0
1.0,0.8832733,0.4236878,0
1.0,0.90701765,0.4586527,0
1.0,0.89097834,0.44346684,0
1.0,0.89193135,0.4451484,0
1.0,0.86354727,0.4125448,0
1.0,0.8708532,0.4336139,0
1.0,0.8242475,0.3955778,0
1.0,0.81063414,0.39588416,0
1.0,0.75091773,0.3398775,0
1.0,0.7692584,0.3600883,0
1.0,0.7564628,0.3389995,0
1.0,0.77088875,0.35425502,0
1.0,0.76208717,0.3281272,0
1.0,0.79212517,0.34613672,0
1.0,0.79040027,0.34141022,0
1.0,0.78350425,0.31761208,0
1.0,0.7855598,0.30915534,0
1.0,0.80000335,0.3175483,0
1.0,0.76440036,0.27210638,0
1.0,0.74883866,0.25550526,0
1.0,0.7366562,0.24215254,0
1.0,0.7382551,0.23949952,0
1.0,0.70883375,0.22538288,0
1.0,0.7317634,0.25141817,0
1.0,0.71261066,0.23113512,0
1.0,0.71067977,0.25202203,0
1.0,0.6766825,0.23161945,0
1.0,0.70965475,0.26036534,0
1.0,0.6958838,0.2571423,0
1.0,0.68981075,0.25507617,0
1.0,0.65967655,0.22891621,0
1.0,0.7046551,0.27237695,0
1.0,0.7032342,0.26607522,0
1.0,0.70319366,0.2614111,0
1.0,0.6703396,0.22303563,0
1.0,0.72841245,0.2676167,0
1.0,0.7205278,0.25817776,0
1.0,0.72669595,0.2607905,0
1.0,0.69078106,0.22267091,0
1.0,0.7699439,0.289003,0
1.0,0.7664045,0.28556094,0
1.0,0.7816357,0.3079582,0
1.0,0.77057433,0.29991862,0
1.0,0.8246612,0.3856742,0
1.0,0.8179094,0.39186957,0
1.0,0.8144387,0.38944104,0
1.0,0.7930963,0.37194103,0
1.0,0.8410607,0.43529385,0
1.0,0.84114754,0.4380908,0
1.0,0.8370715,0.430135,0
1.0,0.8207319,0.4121434,0
1.0,0.86046714,0.46176818,0
1.0,0.8439622,0.43046895,0
1.0,0.8362891,0.4250597,0
1.0,0.80553114,0.37335604,0
1.0,0.8382509,0.39865255,0
1.0,0.82298386,0.3806513,0
1.0,0.80871975,0.3440082,0
1.0,0.766898,0.289438,0
1.0,0.7912777,0.31706208,0
1.0,0.7621722,0.28793085,0
1.0,0.74824697,0.2826156,0
1.0,0.74177414,0.27430344,0
1.0,0.749524,0.2829497,0
1.0,0.7119667,0.26330006,0
1.0,0.6965592,0.25835547,0
1.0,0.6967529,0.26464447,0
1.0,0.6773504,0.2560643,0
1.0,0.66169333,0.25226465,0
1.0,0.6680426,0.2602202,0
1.0,0.68831974,0.2797923,0
1.0,0.66283554,0.25752044,0
1.0,0.6466963,0.23726356,0
1.0,0.6419569,0.23232743,0
1.0,0.66235113,0.24995908,0
1.0,0.64468104,0.20860462,0
1.0,0.65348977,0.20636277,0
1.0,0.6596991,0.21039645,0
1.0,0.6841501,0.22166471,0
1.0,0.6881067,0.22326998,0
1.0,0.6803524,0.22339484,0
1.0,0.70985514,0.2630177,0
1.0,0.74533695,0.30505943,0
1.0,0.74209666,0.30019656,0
1.0,0.7555681,0.31693977,0
1.0,0.75891995,0.3282926,0
1.0,0.7322646,0.3037367,0
1.0,0.70700544,0.2827484,0
1.0,0.71384674,0.29540515,0
1.0,0.7130587,0.304476,0
1.0,0.7148345,0.3067503,0
1.0,0.6946793,0.27790827,0
1.0,0.7438319,0.31801063,0
1.0,0.7557701,0.31819153,0
1.0,0.76934505,0.32665768,0
1.0,0.74721384,0.29528752,0
1.0,0.78982055,0.32479405,0
1.0,0.7933204,0.32697445,0
1.0,0.82121116,0.35223904,0
1.0,0.76912135,0.285576,0
1.0,0.8109895,0.31284302,0
1.0,0.8004496,0.29025757,0
1.0,0.79996616,0.29764003,0
1.0,0.72367764,0.22873273,0
1.0,0.7783544,0.281174,0
1.0,0.7925763,0.31252724,0
1.0,0.8125426,0.34169975,0
1.0,0.75721186,0.2859261,0
1.0,0.8107851,0.3486278,0
1.0,0.8339962,0.37383795,0
1.0,0.8495812,0.3880932,0
1.0,0.8138354,0.34641188,0
1.0,0.84966815,0.37316245,0
1.0,0.8749511,0.38327473,0
1.0,0.87704486,0.37723017,0
1.0,0.83333826,0.32870704,0
1.0,0.83033097,0.31204876,0
1.0,0.85060793,0.3087402,0
1.0,0.86335015,0.31735745,0
1.0,0.837283,0.28468412,0
1.0,0.8270117,0.26681423,0
1.0,0.8450574,0.2980068,0
1.0,0.8500452,0.3131362,0
1.0,0.86442274,0.3406853,0
1.0,0.86300427,0.34720695,0
1.0,0.8760743,0.36785552,0
1.0,0.90909266,0.41197383,0
1.0,0.9092946,0.4087286,0
1.0,0.894671,0.3924551,0
1.0,0.87420154,0.3632534,0
1.0,0.8854239,0.38068122,0
1.0,0.8866067,0.39639062,0
1.0,0.8554162,0.3600114,0
1.0,0.8230871,0.32214412,0
1.0,0.8547427,0.3343019,0
1.0,0.85806876,0.32089582,0
1.0,0.8446691,0.30084124,0
1.0,0.82841295,0.25766593,0
1.0,0.85284734,0.27169457,0
1.0,0.87221724,0.29549086,0
1.0,0.8695164,0.2849251,0
1.0,0.86674494,0.3000865,0
1.0,0.886884,0.33531833,0
1.0,0.89061826,0.330634,0
1.0,0.90290743,0.3435321,0
1.0,0.8922219,0.3395404,0
1.0,0.88956654,0.35171297,0
1.0,0.8455204,0.3115558,0
1.0,0.8378009,0.31411093,0
1.0,0.8273371,0.3111692,0
1.0,0.8146846,0.29532653,0
1.0,0.7889583,0.27047735,0
1.0,0.82145834,0.29773933,0
1.0,0.84744877,0.2922813,0
1.0,0.8617723,0.29163915,0
1.0,0.83398646,0.25284654,0
1.0,0.8659423,0.27152586,0
1.0,0.8871389,0.28972578,0
1.0,0.877741,0.27671298,0
1.0,0.82896274,0.23067474,0
1.0,0.854547,0.25924748,0
1.0,0.8872289,0.29101145,0
1.0,0.8854507,0.28177923,0
1.0,0.8388769,0.23017965,0
1.0,0.8644408,0.25799266,0
1.0,0.86814725,0.26900595,0
1.0,0.8271933,0.25102383,0
1.0,0.7687813,0.2022044,0
1.0,0.7877871,0.21504496,0
1.0,0.8085926,0.24149662,0
1.0,0.7854314,0.21900928,0
1.0,0.7636255,0.1956321,0
1.0,0.79645765,0.22853415,0
1.0,0.8113037,0.22492763,0
1.0,0.78562164,0.18973427,0
1.0,0.7515313,0.16306582,0
1.0,0.7659964,0.16913818,0
1.0,0.7519048,0.14949927,0
1.0,0.7252618,0.122947834,0
1.0,0.67781496,0.0940754,0
1.0,0.7218382,0.11657996,0
1.0,0.75283706,0.13724197,0
1.0,0.76306856,0.14804888,0
1.0,0.75200766,0.14215478,0
1.0,0.7852236,0.17211929,0
1.0,0.80124813,0.19536309,0
1.0,0.7805309,0.1799164,0
1.0,0.73047507,0.1456818,0
1.0,0.7400988,0.16099688,0
1.0,0.7815918,0.19591379,0
1.0,0.7874576,0.21174684,0
1.0,0.74743176,0.17870852,0
1.0,0.7450809,0.16685432,0
1.0,0.7949239,0.1994234,0
1.0,0.78571916,0.19136757,0
1.0,0.7686328,0.17007701,0
1.0,0.7725924,0.17218477,0
1.0,0.81717515,0.20251611,0
1.0,0.815097,0.18456693,0
1.0,0.8196479,0.19138083,0
1.0,0.7924755,0.17494795,0
1.0,0.8353104,0.20964159,0
1.0,0.8113417,0.20775062,0
1.0,0.83888406,0.23059769,0
1.0,0.80212706,0.19776963,0
1.0,0.82271314,0.2346228,0
1.0,0.79054147,0.20699893,0
1.0,0.79918593,0.21801724,0
1.0,0.757172,0.19937822,0
1.0,0.7759785,0.21719676,0
1.0,0.76093996,0.2046065,0
1.0,0.79651433,0.2330655,0
1.0,0.7646577,0.201541,0
1.0,0.7916221,0.21607745,0
1.0,0.78799355,0.20534971,0
1.0,0.8361939,0.24308501,0
1.0,0.8347059,0.23956315,0
1.0,0.83738536,0.2310483,0
1.0,0.8366326,0.23195654,0
1.0,0.8434318,0.24495816,0
1.0,0.8359967,0.23213279,0
1.0,0.84889853,0.2441321,0
1.0,0.85047275,0.2371028,0
1.0,0.84555966,0.23626651,0
1.0,0.8617631,0.2719886,0
1.0,0.848976,0.26565388,0
1.0,0.84021723,0.26447484,0
1.0,0.82663137,0.27705523,0
1.0,0.84160054,0.29021668,0
1.0,0.82544273,0.27166706,0
1.0,0.83334655,0.28120637,0
1.0,0.8378059,0.28023177,0
1.0,0.8610301,0.29811433,0
1.0,0.84659153,0.27767864,0
1.0,0.8673623,0.2913959,0
1.0,0.86441034,0.28455842,0
1.0,0.88534886,0.29765958,0
1.0,0.84447956,0.25062776,0
1.0,0.8430602,0.24993655,0
1.0,0.82051027,0.22257811,0
1.0,0.84434396,0.22991355,0
1.0,0.8005459,0.19643554,0
1.0,0.7881725,0.19084682,0
1.0,0.78698945,0.20398046,0
1.0,0.8287078,0.24769086,0
1.0,0.7896011,0.22753613,0
1.0,0.8099455,0.26598164,0
1.0,0.80670226,0.2623139,0
1.0,0.87597555,0.3297487,0
1.0,0.8465207,0.31409344,0
1.0,0.84306365,0.3075488,0
1.0,0.831319,0.2861589,0
1.0,0.9011757,0.35727555,0
1.0,0.87445426,0.32636154,0
1.0,0.87243867,0.3184725,0
1.0,0.8434558,0.2819087,0
1.0,0.8844662,0.30687195,0
1.0,0.8365072,0.25909576,0
1.0,0.83685327,0.253677,0
1.0,0.8058521,0.21110018,0
1.0,0.84912974,0.25052515,0
1.0,0.8289682,0.23514089,0
1.0,0.84460413,0.24853665,0
1.0,0.8055958,0.22279781,0
1.0,0.831765,0.29324898,0
1.0,0.82319593,0.3221781,0
1.0,0.86876273,0.3666585,0
1.0,0.8398526,0.3450318,0
1.0,0.85490716,0.3664213,0
1.0,0.84834665,0.35088092,0
1.0,0.85433275,0.36188662,0
1.0,0.8533808,0.36976978,0
1.0,0.83432555,0.35366425,0
1.0,0.8388855,0.363136,0
1.0,0.8494945,0.37925142,0
1.0,0.83454025,0.34038347,0
1.0,0.78633004,0.28150296,0
1.0,0.8142562,0.30376494,0
1.0,0.8164887,0.29188833,0
1.0,0.8173318,0.30427155,0
1.0,0.79934275,0.30751032,0
1.0,0.84822357,0.36758173,0
1.0,0.8732577,0.41449922,0
1.0,0.88998425,0.46189934,0
1.0,0.8717107,0.45589545,0
1.0,0.90983796,0.5090693,0
1.0,0.9122324,0.5305005,0
1.0,0.9067183,0.5456724,0
1.0,0.8686,0.51023257,0
1.0,0.8908566,0.5512837,0
1.0,0.8845479,0.55346745,0
1.0,0.8795681,0.5509887,0
1.0,0.8224009,0.4709645,0
1.0,0.8536244,0.5188485,0
1.0,0.8558969,0.5357143,0
1.0,0.8256582,0.48886642,0
1.0,0.75183845,0.35734025,0
1.0,0.8011705,0.3987152,0
1.0,0.805809,0.41258243,0
1.0,0.81268495,0.41597962,0
1.0,0.750988,0.3580801,0
1.0,0.7856301,0.42685536,0
1.0,0.8090176,0.47352558,0
1.0,0.8526615,0.5528183,0
1.0,0.7963205,0.5057772,0
1.0,0.81916195,0.5504854,0
1.0,0.8055272,0.5270013,0
1.0,0.8172631,0.5709758,0
1.0,0.7541084,0.5021927,0
1.0,0.7538542,0.50699234,0
1.0,0.7627652,0.5311849,0
1.0,0.8101643,0.5996024,0
1.0,0.77696425,0.548627,0
1.0,0.7818661,0.5454916,0
1.0,0.7853962,0.5458441,0
1.0,0.81948805,0.5900893,0
1.0,0.79003507,0.5301891,0
1.0,0.7872381,0.5282686,0
1.0,0.7919747,0.55239606,0
1.0,0.8120891,0.587538,0
1.0,0.79532975,0.56392336,0
1.0,0.80467135,0.57668793,0
1.0,0.79753274,0.591002,0
1.0,0.8291681,0.678298,0
1.0,0.81772125,0.67157066,0
1.0,0.8411362,0.7229544,0
1.0,0.81975424,0.70755684,0
1.0,0.80899584,0.7060363,0
1.0,0.79607576,0.7137144,0
1.0,0.81930715,0.75705147,0
1.0,0.79156154,0.71822417,0
1.0,0.7944562,0.74283004,0
1.0,0.78041065,0.7099676,0
1.0,0.81160945,0.74547493,0
1.0,0.7795001,0.6819987,0
1.0,0.78633726,0.6849201,0
1.0,0.7729376,0.6551591,0
1.0,0.7986414,0.6860696,0
1.0,0.784609,0.6696076,0
1.0,0.7877904,0.679647,0
1.0,0.7730958,0.66227317,0
1.0,0.8014861,0.71375114,0
1.0,0.7896752,0.704097,0
1.0,0.7845252,0.71019673,0
1.0,0.77009225,0.7002845,0
1.0,0.7787432,0.7410656,0
1.0,0.77499604,0.7445963,0
1.0,0.7396192,0.71606076,0
1.0,0.72640765,0.7188108,0
1.0,0.7403745,0.73393506,0
1.0,0.7544597,0.73951435,0
1.0,0.7582986,0.74225974,0
1.0,0.75199556,0.7242296,0
1.0,0.7823535,0.77519417,0
1.0,0.7833659,0.75802773,0
1.0,0.7967514,0.7443317,0
1.0,0.7774007,0.70651424,0
1.0,0.7875899,0.7260912,0
1.0,0.76745254,0.6845745,0
1.0,0.79079306,0.71893096,0
1.0,0.77518666,0.68765473,0
1.0,0.79599035,0.7218909,0
1.0,0.77714926,0.7027294,0
1.0,0.8118829,0.7687038,0
1.0,0.79560953,0.7476171,0
1.0,0.80936664,0.7856811,0
1.0,0.7760761,0.74800354,0
1.0,0.8021899,0.80686736,0
1.0,0.78780186,0.7841921,0
1.0,0.8009975,0.81132376,0
1.0,0.777518,0.7650824,0
1.0,0.8132679,0.80671954,0
1.0,0.80198574,0.7758837,0
1.0,0.8148752,0.79196537,0
1.0,0.7774572,0.7079908,0
1.0,0.78950983,0.7116424,0
1.0,0.77298933,0.6783946,0
1.0,0.76573676,0.64001894,0
1.0,0.7277194,0.5738515,0
1.0,0.73637605,0.58166534,0
1.0,0.74898475,0.58820105,0
1.0,0.7834366,0.65964526,0
1.0,0.7787407,0.6702897,0
1.0,0.7834025,0.6727633,0
1.0,0.7846413,0.708953,0
1.0,0.79982394,0.7554723,0
1.0,0.79260606,0.74280745,0
1.0,0.7870636,0.752915,0
1.0,0.78666866,0.7604441,0
1.0,0.80000913,0.7759032,0
1.0,0.7994586,0.77033854,0
1.0,0.7994244,0.77270824,0
1.0,0.7936197,0.75401103,0
1.0,0.8056765,0.75264275,0
1.0,0.7952513,0.7096939,0
1.0,0.7822338,0.6743938,0
1.0,0.7756507,0.6576178,0
1.0,0.7752165,0.64408636,0
1.0,0.76605946,0.6135015,0
1.0,0.7352108,0.54534686,0
1.0,0.73356795,0.5296221,0
1.0,0.73279375,0.5274912,0
1.0,0.7381437,0.5397766,0
1.0,0.7079362,0.53178996,0
1.0,0.71933943,0.5594945,0
1.0,0.7093423,0.54669774,0
1.0,0.7327457,0.59760225,0
1.0,0.7018889,0.5530367,0
1.0,0.7382494,0.5929106,0
1.0,0.72804207,0.5793421,0
1.0,0.7540348,0.61700034,0
1.0,0.7090285,0.5360584,0
1.0,0.7381075,0.58261484,0
1.0,0.7239086,0.55238485,0
1.0,0.7315901,0.53444695,0
1.0,0.70927316,0.49495682,0
1.0,0.75766915,0.52966946,0
1.0,0.7617451,0.51265204,0
1.0,0.77437705,0.5329953,0
1.0,0.75006884,0.48860732,0
1.0,0.7983957,0.5659642,0
1.0,0.8113032,0.6052972,0
1.0,0.8278012,0.6339056,0
1.0,0.8212421,0.62258816,0
1.0,0.85725605,0.6788336,0
1.0,0.86083245,0.69508594,0
1.0,0.8514458,0.6937469,0
1.0,0.8393895,0.6912352,0
1.0,0.8614159,0.74320614,0
1.0,0.8674154,0.75386655,0
1.0,0.8431332,0.7118767,0
1.0,0.83309394,0.69933736,0
1.0,0.8479504,0.7142283,0
1.0,0.85936445,0.7253919,0
1.0,0.8343006,0.68629843,0
1.0,0.8302378,0.64653224,0
1.0,0.84400535,0.6569991,0
1.0,0.86126596,0.7025496,0
1.0,0.84386134,0.6699816,0
1.0,0.83177435,0.65540713,0
1.0,0.8473708,0.68870604,0
1.0,0.85895276,0.709561,0
1.0,0.8321547,0.67956185,0
1.0,0.81328654,0.6588971,0
1.0,0.8132631,0.6609335,0
1.0,0.81936586,0.69891083,0
1.0,0.7794444,0.66696507,0
1.0,0.7608821,0.6528919,0
1.0,0.7587722,0.6710725,0
1.0,0.77994233,0.7023107,0
1.0,0.7829781,0.6936408,0
1.0,0.78073376,0.70607495,0
1.0,0.7925376,0.7232801,0
1.0,0.8036689,0.71225226,0
1.0,0.8220038,0.7327219,0
1.0,0.8060406,0.7036327,0
1.0,0.8142797,0.71189785,0
1.0,0.8109459,0.7065767,0
1.0,0.80601084,0.6945616,0
1.0,0.7861193,0.65257037,0
1.0,0.8016783,0.6820942,0
1.0,0.8017293,0.70212173,0
1.0,0.80142295,0.7058128,0
1.0,0.784281,0.6972989,0
1.0,0.8024037,0.7603288,0
1.0,0.8030749,0.76610994,0
1.0,0.8063064,0.77910376,0
1.0,0.7991704,0.77445245,0
1.0,0.81241477,0.7978902,0
1.0,0.8134311,0.7921014,0
1.0,0.80789065,0.7747594,0
1.0,0.80044705,0.77129334,0
1.0,0.80418354,0.7794699,0
1.0,0.79799676,0.7608304,0
1.0,0.784111,0.7189406,0
1.0,0.7819038,0.6837678,0
1.0,0.7854012,0.6835387,0
1.0,0.7938539,0.6794131,0
1.0,0.7663403,0.6192523,0
1.0,0.7840683,0.66191876,0
1.0,0.79673445,0.6790259,0
1.0,0.80602974,0.69843876,0
1.0,0.80211663,0.7105272,0
1.0,0.82791144,0.74560875,0
1.0,0.8300522,0.7368032,0
1.0,0.8195038,0.73184437,0
1.0,0.80642897,0.7228261,0
1.0,0.83082706,0.7819488,0
1.0,0.83635634,0.82047445,0
1.0,0.829232,0.8177482,0
1.0,0.8146877,0.79857045,0
1.0,0.8325036,0.82821476,0
1.0,0.83818555,0.8280866,0
1.0,0.8203614,0.77414244,0
1.0,0.81441474,0.75007164,0
1.0,0.8341314,0.76874524,0
1.0,0.84597296,0.77557945,0
1.0,0.8375644,0.76523304,0
1.0,0.82513165,0.74307215,0
1.0,0.84371555,0.763608,0
1.0,0.83842355,0.7495122,0
1.0,0.8209091,0.737038,0
1.0,0.81494963,0.7588407,0
1.0,0.8256039,0.8035275,0
1.0,0.8074368,0.78255796,0
1.0,0.7954558,0.77249706,0
1.0,0.78884697,0.78432083,0
1.0,0.8047834,0.8304893,0
1.0,0.78840524,0.79913414,0
1.0,0.8132119,0.83499616,0
1.0,0.8042526,0.81816864,0
1.0,0.8172395,0.83373743,0
1.0,0.7915443,0.777765,0
1.0,0.8079338,0.8003411,0
1.0,0.80534863,0.7809483,0
1.0,0.8207586,0.7853902,0
1.0,0.80016696,0.7487284,0
1.0,0.82497954,0.79583275,0
1.0,0.81119657,0.7672866,0
1.0,0.8198846,0.76664376,0
1.0,0.80720264,0.73034513,0
1.0,0.82425714,0.7661955,0
1.0,0.81727695,0.75411177,0
1.0,0.82592994,0.76552474,0
1.0,0.8249656,0.7636714,0
1.0,0.8322612,0.8019071,0
1.0,0.8122606,0.7980968,0
1.0,0.8205999,0.81221604,0
1.0,0.8227796,0.82176685,0
1.0,0.82921505,0.8450892,0
1.0,0.80426943,0.7895998,0
1.0,0.80470043,0.8025779,0
1.0,0.8149043,0.8253951,0
1.0,0.8085062,0.7791029,0
1.0,0.7943957,0.720793,0
1.0,0.8098446,0.709339,0
1.0,0.8191524,0.707056,0
1.0,0.82939667,0.7223809,0
1.0,0.8040734,0.66410875,0
1.0,0.8141645,0.67929924,0
1.0,0.8059997,0.6783547,0
1.0,0.81367564,0.7008248,0
1.0,0.79471534,0.6709341,0
1.0,0.8017297,0.6734282,0
1.0,0.78383607,0.65778863,0
1.0,0.78778166,0.68682706,0
1.0,0.76361734,0.6659176,0
1.0,0.7661775,0.6831828,0
1.0,0.7530395,0.6648363,0
1.0,0.77410233,0.6843902,0
1.0,0.76941746,0.6687128,0
1.0,0.7738227,0.6847022,0
1.0,0.7638167,0.65540946,0
1.0,0.7690311,0.64114577,0
1.0,0.764377,0.61697876,0
1.0,0.7569129,0.59162855,0
1.0,0.75185543,0.570086,0
1.0,0.7469674,0.53347373,0
1.0,0.749426,0.5226321,0
1.0,0.7187673,0.47782916,0
1.0,0.72651625,0.46882236,0
1.0,0.7100419,0.4584791,0
1.0,0.75722784,0.5329135,0
1.0,0.73901063,0.48808658,0
1.0,0.7829914,0.552399,0
1.0,0.7697229,0.5371724,0
1.0,0.78886795,0.5714861,0
1.0,0.759617,0.557323,0
1.0,0.78732616,0.5874418,0
1.0,0.786385,0.5777329,0
1.0,0.80144906,0.60386354,0
1.0,0.7796354,0.5566132,0
1.0,0.8082706,0.5745944,0
1.0,0.81678146,0.5699365,0
1.0,0.8248079,0.572124,0
1.0,0.8007224,0.52210987,0
1.0,0.8096699,0.5251745,0
1.0,0.8127212,0.5063206,0
1.0,0.79701513,0.46015406,0
1.0,0.78153986,0.4417587,0
1.0,0.78409433,0.43624878,0
1.0,0.7973054,0.4491082,0
1.0,0.77770346,0.4287416,0
1.0,0.76875097,0.41178632,0
1.0,0.77730256,0.4343629,0
1.0,0.8160061,0.49511185,0
1.0,0.7742556,0.45777315,0
1.0,0.7758253,0.48214832,0
1.0,0.76825416,0.49102724,0
1.0,0.8188205,0.5602641,0
1.0,0.80433476,0.5263949,0
1.0,0.8064566,0.54041755,0
1.0,0.78976536,0.5134902,0
1.0,0.8369524,0.5443214,0
1.0,0.83368725,0.5383238,0
1.0,0.82382435,0.53284746,0
1.0,0.81633484,0.5126692,0
1.0,0.8392642,0.5391792,0
1.0,0.815084,0.49411404,0
1.0,0.808796,0.46377128,0
1.0,0.8029037,0.46435556,0
1.0,0.8334754,0.52432245,0
1.0,0.83268344,0.5432608,0
1.0,0.8354754,0.57657593,0
1.0,0.8509722,0.6387029,0
1.0,0.86868495,0.67490286,0
1.0,0.877895,0.69570434,0
1.0,0.88393223,0.7227885,0
1.0,0.8789048,0.69815123,0
1.0,0.8648249,0.6875297,0
1.0,0.87214845,0.72970796,0
1.0,0.87476116,0.7351103,0
1.0,0.87618047,0.76280606,0
1.0,0.85588723,0.73992074,0
1.0,0.8480874,0.7082808,0
1.0,0.86261225,0.7205249,0
1.0,0.8729444,0.7285022,0
1.0,0.8599341,0.6933887,0
1.0,0.85455287,0.6816007,0
1.0,0.8693364,0.72073376,0
1.0,0.88213825,0.73871195,0
1.0,0.87807393,0.75456274,0
1.0,0.8820183,0.78630435,0
1.0,0.88923156,0.8006758,0
1.0,0.90474427,0.8634511,0
1.0,0.89253587,0.85448617,0
1.0,0.8860525,0.84140694,0
1.0,0.87913394,0.85714513,0
1.0,0.87972397,0.885146,0
1.0,0.8693666,0.88217527,0
1.0,0.8613803,0.8682039,0
1.0,0.8627539,0.8639902,0
1.0,0.8779564,0.88607156,0
1.0,0.86887974,0.85679173,0
1.0,0.8695493,0.83573604,0
1.0,0.8625563,0.79397357,0
1.0,0.87643445,0.8195103,0
1.0,0.8644539,0.81398785,0
1.0,0.86804193,0.8222032,0
1.0,0.85455096,0.8035022,0
1.0,0.8701881,0.8308148,0
1.0,0.85973597,0.8121896,0
1.0,0.8550307,0.8015201,0
1.0,0.83959115,0.7995028,0
1.0,0.85361,0.8765004,0
1.0,0.83023393,0.8473628,0
1.0,0.8443384,0.8912717,0
1.0,0.8367769,0.9025395,0
1.0,0.85335106,0.93142974,0
1.0,0.84749705,0.92404604,0
1.0,0.8712362,0.9690342,0
1.0,0.8698238,0.94136286,0
1.0,0.8767487,0.94039655,0
1.0,0.8714579,0.9235413,0
1.0,0.88051236,0.93586516,0
1.0,0.8643245,0.8858119,0
1.0,0.86302817,0.8505307,0
1.0,0.8619706,0.8473525,0
1.0,0.8615021,0.8345815,0
1.0,0.85707843,0.80765533,0
1.0,0.8500433,0.79471946,0
1.0,0.85861814,0.81328356,0
1.0,0.8691463,0.87010676,0
1.0,0.8627375,0.88332903,0
1.0,0.8630854,0.8898245,0
1.0,0.8713778,0.9077523,0
1.0,0.8871971,0.9398702,0
1.0,0.8740738,0.9416238,0
1.0,0.869603,0.9146772,0
1.0,0.8673627,0.89711434,0
1.0,0.8781462,0.9348371,0
1.0,0.85883087,0.89209807,0
1.0,0.84357375,0.85922223,0
1.0,0.84750533,0.8557257,0
1.0,0.8557133,0.8567162,0
1.0,0.8367006,0.77677774,0
1.0,0.8341924,0.70315194,0
1.0,0.8390372,0.70392025,0
1.0,0.85927844,0.7263882,0
1.0,0.84354585,0.68798715,0
1.0,0.83630574,0.68389916,0
1.0,0.8304889,0.6752565,0
1.0,0.85689884,0.70264953,0
1.0,0.84367573,0.67219806,0
1.0,0.8302461,0.6630351,0
1.0,0.8170626,0.6445641,0
1.0,0.8259546,0.6574827,0
1.0,0.8135621,0.6485978,0
1.0,0.79384804,0.62248987,0
1.0,0.77225286,0.5893404,0
1.0,0.7942837,0.6240586,0
1.0,0.79660714,0.6137728,0
1.0,0.7751287,0.5540571,0
1.0,0.7575297,0.51369655,0
1.0,0.7661906,0.49297988,0
1.0,0.77744764,0.48012066,0
1.0,0.74204326,0.42479652,0
1.0,0.6991364,0.36212388,0
1.0,0.6839974,0.33656687,0
1.0,0.6899407,0.3219331,0
1.0,0.640145,0.25751927,0
1.0,0.6150034,0.22996826,0
1.0,0.60277164,0.2041825,0
1.0,0.63144994,0.22688091,0
1.0,0.6089128,0.21236674,0
1.0,0.5920761,0.19726148,0
1.0,0.5787797,0.18213661,0
1.0,0.6009107,0.20125607,0
1.0,0.5952412,0.19156869,0
1.0,0.5855258,0.17358032,0
1.0,0.59469247,0.18146881,0
1.0,0.6010856,0.18014833,0
1.0,0.6005052,0.1670251,0
1.0,0.57629985,0.1442807,0
1.0,0.57607603,0.14113052,0
1.0,0.60240227,0.15540405,0
1.0,0.62843895,0.16064134,0
1.0,0.65391,0.16039386,0
1.0,0.65745586,0.14788482,0
1.0,0.6869147,0.16999608,0
1.0,0.7266072,0.19315356,0
1.0,0.7678496,0.21666385,0
1.0,0.75514865,0.2025175,0
1.0,0.78502136,0.22231758,0
1.0,0.8236591,0.24852297,0
1.0,0.8370721,0.26820296,0
1.0,0.7935954,0.23405948,0
1.0,0.7977764,0.23568912,0
1.0,0.84118295,0.2858266,0
1.0,0.86494493,0.30773383,0
1.0,0.82602805,0.2659369,0
1.0,0.8275277,0.263986,0
1.0,0.87948567,0.3057743,0
1.0,0.886235,0.3023336,0
1.0,0.8621574,0.26546854,0
1.0,0.85396653,0.24446674,0
1.0,0.89916694,0.27556193,0
1.0,0.9057446,0.27027255,0
1.0,0.8714698,0.22883609,0
1.0,0.8348207,0.19373912,0
1.0,0.8691075,0.22227734,0
1.0,0.8604222,0.21575499,0
1.0,0.83641446,0.20080179,0
1.0,0.8317709,0.1978527,0
1.0,0.88802326,0.25088465,0
1.0,0.8783012,0.25689617,0
1.0,0.8675107,0.25195342,0
1.0,0.87157077,0.2584666,0
1.0,0.8932027,0.28582725,0
1.0,0.8681168,0.26839113,0
1.0,0.86321014,0.26960042,0
1.0,0.8753149,0.2641213,0
1.0,0.8889977,0.26920563,0
1.0,0.85543597,0.23787738,0
1.0,0.8506307,0.22718023,0
1.0,0.86590225,0.2386228,0
1.0,0.8708105,0.24579024,0
1.0,0.8332799,0.20564178,0
1.0,0.79111016,0.16628203,0
1.0,0.8381857,0.19785795,0
1.0,0.81981516,0.16884302,0
1.0,0.784313,0.14471567,0
1.0,0.7481218,0.136197,0
1.0,0.81741065,0.19760369,0
1.0,0.81999135,0.20547962,0
1.0,0.7924021,0.19510522,0
1.0,0.7665569,0.17842256,0
1.0,0.8024737,0.20864516,0
1.0,0.7724713,0.19268161,0
1.0,0.72612846,0.15894061,0
1.0,0.7018081,0.14636283,0
1.0,0.71460724,0.16499504,0
1.0,0.70948625,0.15960988,0
1.0,0.6983201,0.15015824,0
1.0,0.6922367,0.1350985,0
1.0,0.71031016,0.13781202,0
1.0,0.7188617,0.14080825,0
1.0,0.72977245,0.14007139,0
1.0,0.73797613,0.14708954,0
1.0,0.74391556,0.16039184,0
1.0,0.7687392,0.18278706,0
1.0,0.7934382,0.20549949,0
1.0,0.81465316,0.22930008,0
1.0,0.78632605,0.21308056,0
1.0,0.8452102,0.27086315,0
1.0,0.84764135,0.2801202,0
1.0,0.84450835,0.29520297,0
1.0,0.7895904,0.26421428,0
1.0,0.8319504,0.32846606,0
1.0,0.8493709,0.3473516,0
1.0,0.8358416,0.32770962,0
1.0,0.79669136,0.28961113,0
1.0,0.8422289,0.33503085,0
1.0,0.88396925,0.37378514,0
1.0,0.8969617,0.385717,0
1.0,0.85927266,0.34194875,0
1.0,0.89679396,0.3888676,0
1.0,0.9265571,0.42072612,0
1.0,0.91353786,0.40168554,0
1.0,0.8806467,0.35931674,0
1.0,0.91032386,0.3834806,0
1.0,0.93272305,0.42168513,0
1.0,0.9113825,0.4065956,0
1.0,0.88281864,0.37591803,0
1.0,0.90044636,0.41798282,0
1.0,0.9310187,0.48266366,0
1.0,0.9188346,0.48151857,0
1.0,0.8905068,0.4550634,0
1.0,0.91828835,0.49513054,0
1.0,0.9383416,0.5236317,0
1.0,0.9206658,0.5149489,0
1.0,0.9027345,0.4943555,0
1.0,0.92492855,0.5107856,0
1.0,0.9414934,0.5347878,0
1.0,0.9237975,0.5090015,0
1.0,0.90143985,0.4666151,0
1.0,0.9154,0.48864794,0
1.0,0.92929053,0.501657,0
1.0,0.87097543,0.41477337,0
1.0,0.856888,0.3863263,0
1.0,0.86351544,0.37826332,0
1.0,0.88317835,0.4325897,0
1.0,0.8435724,0.4103037,0
1.0,0.84956014,0.42171273,0
1.0,0.8640216,0.45610452,0
1.0,0.89131117,0.5185208,0
1.0,0.8626169,0.47378764,0
1.0,0.8576829,0.45674205,0
1.0,0.86865443,0.4854094,0
1.0,0.8611776,0.4778656,0
1.0,0.8138043,0.42063534,0
1.0,0.8156297,0.44329274,0
1.0,0.7961211,0.4266532,0
1.0,0.8092013,0.43982023,0
1.0,0.7906753,0.409445,0
1.0,0.78592056,0.4016698,0
1.0,0.78537434,0.39391795,0
1.0,0.79420066,0.3850029,0
1.0,0.77711207,0.36691815,0
1.0,0.7613777,0.3624602,0
1.0,0.7591628,0.36807036,0
1.0,0.74752825,0.35857928,0
1.0,0.73936373,0.35582826,0
1.0,0.7129062,0.34729433,0
1.0,0.744548,0.4092381,0
1.0,0.7590239,0.44869983,0
1.0,0.7373967,0.42716777,0
1.0,0.69322616,0.39189905,0
1.0,0.73939997,0.46807548,0
1.0,0.7225017,0.4531792,0
1.0,0.7221827,0.45778304,0
1.0,0.6991719,0.42758417,0
1.0,0.71844906,0.45913422,0
1.0,0.70999897,0.43087828,0
1.0,0.71308446,0.41727954,0
1.0,0.6984561,0.40579885,0
1.0,0.73079276,0.4434653,0
1.0,0.7127765,0.4094947,0
1.0,0.7060476,0.41439316,0
1.0,0.69321907,0.41009665,0
1.0,0.7215436,0.44813827,0
1.0,0.72536623,0.4648182,0
1.0,0.72834426,0.47920924,0
1.0,0.7282609,0.4972229,0
1.0,0.7438881,0.5349988,0
1.0,0.7601081,0.56500256,0
1.0,0.7570816,0.5798212,0
1.0,0.74833494,0.58579254,0
1.0,0.7393379,0.5874516,0
1.0,0.7560397,0.63184136,0
1.0,0.7433795,0.6151725,0
1.0,0.7470094,0.6118628,0
1.0,0.7260995,0.57839286,0
1.0,0.76465327,0.64039695,0
1.0,0.7497581,0.60671604,0
1.0,0.7490161,0.5783869,0
1.0,0.7302997,0.5294983,0
1.0,0.76613164,0.5731189,0
1.0,0.74825937,0.55385286,0
1.0,0.74643135,0.54698336,0
1.0,0.74040574,0.5484189,0
1.0,0.79524076,0.6409209,0
1.0,0.7893101,0.636513,0
1.0,0.8002866,0.6798423,0
1.0,0.78945845,0.66714877,0
1.0,0.8167868,0.7136053,0
1.0,0.7931537,0.7080262,0
1.0,0.786968,0.7020143,0
1.0,0.77843225,0.69141513,0
1.0,0.8044583,0.7574904,0
1.0,0.7883079,0.70676017,0
1.0,0.8051518,0.7202719,0
1.0,0.814009,0.7452076,0
1.0,0.8378878,0.77010775,0
1.0,0.8204771,0.7460935,0
1.0,0.83422667,0.7490321,0
1.0,0.81553596,0.6885218,0
1.0,0.82990044,0.7055415,0
1.0,0.80566746,0.6440628,0
1.0,0.8350284,0.6623646,0
1.0,0.82935905,0.6583138,0
1.0,0.8442896,0.6723551,0
1.0,0.83843535,0.6750359,0
1.0,0.8795004,0.769491,0
1.0,0.88044816,0.76542896,0
1.0,0.8827187,0.78190935,0
1.0,0.88528675,0.79359996,0
1.0,0.8977165,0.8085779,0
1.0,0.88589007,0.8125956,0
1.0,0.8844021,0.8128139,0
1.0,0.8878448,0.8134916,0
1.0,0.9151384,0.8683864,0
1.0,0.899031,0.80391216,0
1.0,0.89774776,0.78446484,0
1.0,0.8975693,0.7656877,0
1.0,0.9192863,0.7576884,0
1.0,0.90881485,0.72292304,0
1.0,0.91201836,0.7220429,0
1.0,0.9123735,0.70720804,0
1.0,0.93274885,0.76044524,0
1.0,0.9368781,0.7723234,0
1.0,0.9331605,0.73610723,0
1.0,0.9347466,0.7511793,0
1.0,0.94949466,0.7778865,0
1.0,0.94798183,0.7395246,0
1.0,0.9429407,0.7538311,0
1.0,0.93763846,0.7528449,0
1.0,0.9397015,0.76696825,0
1.0,0.94064456,0.79699636,0
1.0,0.9337065,0.7834283,0
1.0,0.9233123,0.77911115,0
1.0,0.936529,0.7997601,0
1.0,0.9402204,0.7658322,0
1.0,0.939485,0.7655992,0
1.0,0.93363667,0.7354202,0
1.0,0.9367345,0.7031021,0
1.0,0.9500647,0.734421,0
1.0,0.94275165,0.70822227,0
1.0,0.9306667,0.6783808,0
1.0,0.9293834,0.67668205,0
1.0,0.93889034,0.6626225,0
1.0,0.9253434,0.6256341,0
1.0,0.90687174,0.59714985,0
1.0,0.8942785,0.5898427,0
1.0,0.90711504,0.62124765,0
1.0,0.89108175,0.6053145,0
1.0,0.8867604,0.6231073,0
1.0,0.86743426,0.60375154,0
1.0,0.9045598,0.6680915,0
1.0,0.8935799,0.6507492,0
1.0,0.8897899,0.61956775,0
1.0,0.8564957,0.54671574,0
1.0,0.87993807,0.574798,0
1.0,0.8777067,0.5729499,0
1.0,0.87532526,0.55953836,0
1.0,0.818205,0.47356033,0
1.0,0.8588468,0.52931964,0
1.0,0.84106135,0.47515738,0
1.0,0.8437686,0.44972634,0
1.0,0.7932703,0.38806668,0
1.0,0.8305544,0.42049772,0
1.0,0.8555372,0.4569939,0
1.0,0.87827927,0.4929461,0
1.0,0.8364092,0.44311988,0
1.0,0.86818117,0.5068557,0
1.0,0.88207644,0.52208745,0
1.0,0.89953893,0.54609054,0
1.0,0.86391896,0.5118546,0
1.0,0.86665094,0.508629,0
1.0,0.8681483,0.5155313,0
1.0,0.87253344,0.52574944,0
1.0,0.83044827,0.4676447,0
1.0,0.82591456,0.46118426,0
1.0,0.8439163,0.475474,0
1.0,0.8568734,0.48051172,0
1.0,0.8323125,0.41359147,0
1.0,0.8306184,0.39352328,0
1.0,0.84555066,0.41908783,0
1.0,0.8634529,0.42368448,0
1.0,0.84495306,0.40236026,0
1.0,0.83022135,0.38666362,0
1.0,0.82230854,0.36700827,0
1.0,0.8558084,0.4116136,0
1.0,0.825789,0.36474472,0
1.0,0.8134429,0.3507948,0
1.0,0.7669416,0.31689444,0
1.0,0.78772616,0.34702647,0
1.0,0.76051897,0.33839592,0
1.0,0.75696903,0.33308816,0
1.0,0.71414435,0.28869835,0
1.0,0.7716062,0.3581977,0
1.0,0.762602,0.32174146,0
1.0,0.7877178,0.33905396,0
1.0,0.7887621,0.34459,0
1.0,0.82313836,0.37252086,0
1.0,0.8202267,0.36041224,0
1.0,0.80890805,0.33133835,0
1.0,0.7535373,0.26250842,0
1.0,0.77342284,0.27267635,0
1.0,0.7628687,0.256457,0
1.0,0.7531368,0.24271058,0
1.0,0.70999414,0.19994812,0
1.0,0.74478835,0.2409055,0
1.0,0.77387816,0.27369967,0
1.0,0.7842692,0.2880286,0
1.0,0.75232583,0.25941095,0
1.0,0.78805137,0.28704935,0
1.0,0.7950088,0.30043894,0
1.0,0.7791832,0.30014205,0
1.0,0.7581352,0.2687121,0
1.0,0.7829071,0.29010838,0
1.0,0.7913709,0.29644802,0
1.0,0.7598569,0.25296557,0
1.0,0.7473412,0.24119514,0
1.0,0.76528156,0.2555224,0
1.0,0.80317307,0.28703627,0
1.0,0.76084375,0.24101248,0
1.0,0.7104678,0.18343678,0
1.0,0.7457692,0.20443615,0
1.0,0.7781737,0.22297688,0
1.0,0.75318295,0.2007536,0
1.0,0.7460517,0.20735265,0
1.0,0.7856323,0.24221802,0
1.0,0.8243827,0.28364876,0
1.0,0.80861443,0.2939798,0
1.0,0.7975088,0.28499395,0
1.0,0.8125571,0.29506314,0
1.0,0.8181167,0.31284505,0
1.0,0.7847414,0.28437006,0
1.0,0.78175384,0.28603232,0
1.0,0.77353525,0.28972825,0
1.0,0.80079013,0.3070327,0
1.0,0.7889961,0.2909814,0
1.0,0.79207546,0.29095718,0
1.0,0.8070188,0.28054804,0
1.0,0.82824117,0.2937169,0
1.0,0.83177197,0.29477757,0
1.0,0.8220298,0.28531703,0
1.0,0.82757133,0.3002975,0
1.0,0.8348365,0.30742508,0
1.0,0.8281472,0.29209042,0
1.0,0.8240776,0.29857475,0
1.0,0.8296806,0.30758438,0
1.0,0.83647317,0.31497312,0
1.0,0.8320841,0.3309483,0
1.0,0.8125477,0.32142046,0
1.0,0.7929039,0.31127253,0
1.0,0.8115372,0.35049906,0
1.0,0.8025184,0.34642747,0
1.0,0.79435205,0.3406086,0
1.0,0.77639544,0.32548168,0
1.0,0.80032057,0.3503127,0
1.0,0.7944057,0.3448881,0
1.0,0.7767693,0.31490391,0
1.0,0.767481,0.296547,0
1.0,0.78529394,0.31344786,0
1.0,0.7792401,0.2890145,0
1.0,0.74645644,0.24800156,0
1.0,0.7220515,0.23550408,0
1.0,0.75388324,0.2649992,0
1.0,0.7504687,0.25941893,0
1.0,0.737772,0.25495702,0
1.0,0.713961,0.23501927,0
1.0,0.72563,0.26118922,0
1.0,0.70983285,0.25436148,0
1.0,0.69724524,0.24230695,0
1.0,0.6697161,0.23401305,0
1.0,0.6601131,0.24625859,0
1.0,0.65946645,0.25246072,0
1.0,0.6748046,0.2707762,0
1.0,0.6812329,0.27886647,0
1.0,0.6747396,0.27922252,0
1.0,0.67642015,0.28413916,0
1.0,0.68577975,0.27750114,0
1.0,0.7170162,0.30610195,0
1.0,0.70449746,0.29291365,0
1.0,0.7061453,0.28203136,0
1.0,0.70859915,0.28317258,0
1.0,0.72965294,0.29922354,0
1.0,0.7043213,0.27375704,0
1.0,0.7398104,0.3264106,0
1.0,0.762448,0.35500652,0
1.0,0.7960047,0.4108889,0
1.0,0.77468354,0.39811033,0
1.0,0.79674464,0.4341233,0
1.0,0.80181205,0.46309894,0
1.0,0.8127438,0.4985088,0
1.0,0.7851232,0.48588097,0
1.0,0.8132389,0.54337156,0
1.0,0.820282,0.5593039,0
1.0,0.83266735,0.57687414,0
1.0,0.8215082,0.5510424,0
1.0,0.8524868,0.59138274,0
1.0,0.86762345,0.60831034,0
1.0,0.8843582,0.6178552,0
1.0,0.8707493,0.60205877,0
1.0,0.8877772,0.63611495,0
1.0,0.8853745,0.6278354,0
1.0,0.88096744,0.61554253,0
1.0,0.8537006,0.56110567,0
1.0,0.87942016,0.59859306,0
1.0,0.8804525,0.5999658,0
1.0,0.8705325,0.5959506,0
1.0,0.8484836,0.5877484,0
1.0,0.85282636,0.5904871,0
1.0,0.84138894,0.5976338,0
1.0,0.8292638,0.61471486,0
1.0,0.8026964,0.5854455,0
1.0,0.82240206,0.6283249,0
1.0,0.8242239,0.6303957,0
1.0,0.8392426,0.6543379,0
1.0,0.81589484,0.61746895,0
1.0,0.8335884,0.62461185,0
1.0,0.8316375,0.61241,0
1.0,0.84492993,0.60993135,0
1.0,0.8079878,0.54035366,0
1.0,0.82122797,0.5524336,0
1.0,0.785692,0.48096246,0
1.0,0.78727335,0.46761367,0
1.0,0.73539233,0.39156622,0
1.0,0.75729513,0.41024572,0
1.0,0.75106347,0.40097117,0
1.0,0.77326655,0.42793465,0
1.0,0.73204607,0.39083812,0
1.0,0.7538793,0.42829123,0
1.0,0.74012774,0.42818898,0
1.0,0.76178473,0.47287193,0
1.0,0.7210351,0.40954226,0
1.0,0.74835163,0.4400558,0
1.0,0.72992545,0.42615935,0
1.0,0.7505722,0.4375129,0
1.0,0.73058295,0.40213752,0
1.0,0.76194185,0.44362432,0
1.0,0.7510855,0.42597586,0
1.0,0.74694574,0.40970233,0
1.0,0.7386697,0.3806948,0
1.0,0.747774,0.38684595,0
1.0,0.7300334,0.34533358,0
1.0,0.7237668,0.3098487,0
1.0,0.74364865,0.3284456,0
1.0,0.73960465,0.3208753,0
1.0,0.7285015,0.31001902,0
1.0,0.7203845,0.29973066,0
1.0,0.75267637,0.33500218,0
1.0,0.7773407,0.39001393,0
1.0,0.7664056,0.38810027,0
1.0,0.76580393,0.39048597,0
1.0,0.8070169,0.4467143,0
1.0,0.8037917,0.44935203,0
1.0,0.7654762,0.40420854,0
1.0,0.77057534,0.41057834,0
1.0,0.8165199,0.4611529,0
1.0,0.8161147,0.44678208,0
1.0,0.77783936,0.3940456,0
1.0,0.7702356,0.37310094,0
1.0,0.7917743,0.38735113,0
1.0,0.77975214,0.3607065,0
1.0,0.7251252,0.28303224,0
1.0,0.72682875,0.2918875,0
1.0,0.75310546,0.31039095,0
1.0,0.7567939,0.307868,0
1.0,0.70757306,0.26637936,0
1.0,0.70292985,0.26302087,0
1.0,0.7261037,0.2918916,0
1.0,0.7298647,0.29276735,0
1.0,0.6888521,0.26355997,0
1.0,0.6854396,0.2707068,0
1.0,0.7236992,0.3033888,0
1.0,0.6736756,0.26416343,0
1.0,0.64563644,0.24138506,0
1.0,0.6346906,0.23092715,0
1.0,0.67598057,0.2638924,0
1.0,0.666829,0.24753632,0
1.0,0.67777103,0.2544009,0
1.0,0.6614503,0.23930718,0
1.0,0.68001986,0.24910572,0
1.0,0.6790128,0.22421452,0
1.0,0.6759736,0.21162198,0
1.0,0.6590675,0.1932171,0
1.0,0.69460034,0.21906061,0
1.0,0.68398297,0.20664832,0
1.0,0.6718197,0.20118508,0
1.0,0.6512191,0.19094019,0
1.0,0.7004955,0.2394597,0
1.0,0.73458606,0.28737226,0
1.0,0.7283552,0.28275174,0
1.0,0.71613413,0.27630568,0
1.0,0.7582403,0.3286123,0
1.0,0.7664477,0.3410795,0
1.0,0.72801846,0.30073988,0
1.0,0.7192179,0.2736671,0
1.0,0.7435205,0.30164617,0
1.0,0.77154666,0.3302322,0
1.0,0.72125113,0.26434535,0
1.0,0.71472335,0.25681996,0
1.0,0.7356504,0.26838818,0
1.0,0.74940926,0.27717358,0
1.0,0.6937721,0.21785909,0
1.0,0.69271475,0.20149972,0
1.0,0.72100586,0.2263557,0
1.0,0.72827667,0.23082471,0
1.0,0.7124187,0.22278412,0
1.0,0.7499286,0.2776621,0
1.0,0.76270634,0.29653415,0
1.0,0.78155047,0.32019648,0
1.0,0.7891752,0.3326462,0
1.0,0.7847923,0.3276656,0
1.0,0.75723666,0.3083569,0
1.0,0.74056715,0.29698026,0
1.0,0.74043614,0.30144495,0
1.0,0.732136,0.30446935,0
1.0,0.6978563,0.26806816,0
1.0,0.7156935,0.28092676,0
1.0,0.7505336,0.30720857,0
1.0,0.76117295,0.3021867,0
1.0,0.76471055,0.29081783,0
1.0,0.79457563,0.30820692,0
1.0,0.82660544,0.35074854,0
1.0,0.8295428,0.34562367,0
1.0,0.8296331,0.3350952,0
1.0,0.80462646,0.3106231,0
1.0,0.83737624,0.34036878,0
1.0,0.8332346,0.3378346,0
1.0,0.8469678,0.35530615,0
1.0,0.8162013,0.32514963,0
1.0,0.8274547,0.3400341,0
1.0,0.79667455,0.3203414,0
1.0,0.8261919,0.37395257,0
1.0,0.77346134,0.3098577,0
1.0,0.80335325,0.33521777,0
1.0,0.79626024,0.32513094,0
1.0,0.84902954,0.3706874,0
1.0,0.8106377,0.32153898,0
1.0,0.85799223,0.3609932,0
1.0,0.83944345,0.31942824,0
1.0,0.89122903,0.37731063,0
1.0,0.85145473,0.32705182,0
1.0,0.8647649,0.3277164,0
1.0,0.81497747,0.2718677,0
1.0,0.8630118,0.30244988,0
1.0,0.7746725,0.20520324,0
1.0,0.7872423,0.22981438,0
1.0,0.722928,0.18471052,0
1.0,0.82164985,0.2748811,0
1.0,0.8306941,0.2984969,0
1.0,0.83920604,0.31220695,0
1.0,0.8115925,0.29001242,0
1.0,0.88344455,0.37635306,0
1.0,0.8742341,0.36123854,0
1.0,0.86561316,0.33408186,0
1.0,0.85179126,0.32573688,0
1.0,0.9024782,0.39423394,0
1.0,0.8987635,0.3919425,0
1.0,0.8869873,0.38572967,0
1.0,0.8486402,0.32962167,0
1.0,0.890166,0.36438677,0
1.0,0.8788335,0.34313238,0
1.0,0.8609673,0.32438743,0
1.0,0.84380955,0.3021473,0
1.0,0.8766135,0.3279009,0
1.0,0.89215803,0.35782123,0
1.0,0.90542495,0.37730637,0
1.0,0.89138275,0.36537528,0
1.0,0.90735257,0.40059578,0
1.0,0.92939955,0.44475818,0
1.0,0.92590094,0.45059076,0
1.0,0.8916055,0.42014715,0
1.0,0.8846001,0.42078823,0
1.0,0.8934659,0.4369021,0
1.0,0.8903245,0.4463421,0
1.0,0.8505618,0.40221065,0
1.0,0.83433974,0.38268822,0
1.0,0.877564,0.4406317,0
1.0,0.8780012,0.4154705,0
1.0,0.82861465,0.33900225,0
1.0,0.82004666,0.32669395,0
1.0,0.8670567,0.35981965,0
1.0,0.86813563,0.3712105,0
1.0,0.8438289,0.35303202,0
1.0,0.8213625,0.32269496,0
1.0,0.8689654,0.3932221,0
1.0,0.861225,0.3997382,0
1.0,0.8321697,0.36760437,0
1.0,0.8037481,0.34834564,0
1.0,0.83811736,0.39618397,0
1.0,0.8026434,0.36102098,0
1.0,0.7800528,0.3578776,0
1.0,0.75877583,0.34927323,0
1.0,0.79265237,0.40732402,0
1.0,0.7855413,0.4171127,0
1.0,0.8004724,0.44042224,0
1.0,0.7829355,0.41384488,0
1.0,0.81933993,0.45168084,0
1.0,0.8120368,0.44475275,0
1.0,0.81667215,0.45597836,0
1.0,0.8057746,0.43782592,0
1.0,0.8226672,0.4530968,0
1.0,0.80124354,0.4311353,0
1.0,0.7912573,0.43163162,0
1.0,0.7818564,0.4219365,0
1.0,0.80376136,0.4578945,0
1.0,0.79360276,0.46050233,0
1.0,0.78878886,0.4566335,0
1.0,0.8004565,0.48167688,0
1.0,0.79690146,0.5040952,0
1.0,0.78739,0.5145887,0
1.0,0.76646155,0.5029102,0
1.0,0.8001854,0.5708501,0
1.0,0.7795904,0.5569816,0
1.0,0.7836904,0.5563003,0
1.0,0.7675904,0.54171073,0
1.0,0.8037598,0.6127585,0
1.0,0.7787344,0.56883943,0
1.0,0.7880173,0.5824768,0
1.0,0.7689779,0.5502862,0
1.0,0.8085389,0.59152126,0
1.0,0.7619619,0.51934934,0
1.0,0.7628316,0.5192478,0
1.0,0.73073864,0.47390398,0
1.0,0.7687337,0.5333572,0
1.0,0.73119146,0.48673362,0
1.0,0.7527601,0.5070696,0
1.0,0.7288212,0.4822143,0
1.0,0.7610163,0.5517219,0
1.0,0.72377545,0.51752424,0
1.0,0.739074,0.55997586,0
1.0,0.7045283,0.525687,0
1.0,0.7307365,0.5760348,0
1.0,0.7113427,0.56076646,0
1.0,0.72909147,0.6040641,0
1.0,0.70826703,0.5587925,0
1.0,0.7328968,0.58073497,0
1.0,0.73512834,0.59220403,0
1.0,0.75126845,0.60293436,0
1.0,0.7334379,0.57221246,0
1.0,0.7651787,0.6206121,0
1.0,0.76456887,0.60142505,0
1.0,0.7907136,0.6384405,0
1.0,0.7760254,0.6090299,0
1.0,0.7706364,0.5952718,0
1.0,0.774929,0.61459976,0
1.0,0.8010747,0.67001045,0
1.0,0.7995093,0.6852846,0
1.0,0.7904758,0.6793529,0
1.0,0.7988786,0.6998958,0
1.0,0.80701786,0.7221321,0
1.0,0.79862535,0.7239037,0
1.0,0.7783264,0.7171545,0
1.0,0.7904832,0.75127214,0
1.0,0.7978182,0.76914555,0
1.0,0.7975608,0.77072686,0
1.0,0.7790927,0.7265533,0
1.0,0.79075325,0.73548514,0
1.0,0.7999154,0.75754905,0
1.0,0.7955102,0.7363484,0
1.0,0.7609427,0.6593524,0
1.0,0.76317936,0.6634758,0
1.0,0.76477,0.6599347,0
1.0,0.7659433,0.6581166,0
1.0,0.7141386,0.5826761,0
1.0,0.7197232,0.58032435,0
1.0,0.71683145,0.56463516,0
1.0,0.7285912,0.6030318,0
1.0,0.71587837,0.6031513,0
1.0,0.71260464,0.6213853,0
1.0,0.707285,0.63369906,0
1.0,0.7174483,0.65566504,0
1.0,0.7177082,0.67157936,0
1.0,0.7135152,0.6763199,0
1.0,0.7053214,0.6731951,0
1.0,0.74080986,0.74708915,0
1.0,0.7279682,0.7259201,0
1.0,0.73328865,0.72612274,0
1.0,0.7214005,0.6897316,0
1.0,0.7573051,0.7249343,0
1.0,0.7555015,0.7020087,0
1.0,0.77304983,0.71638346,0
1.0,0.76595014,0.71558607,0
1.0,0.7922189,0.751407,0
1.0,0.79076594,0.7284849,0
1.0,0.8133955,0.7676922,0
1.0,0.78788143,0.7252197,0
1.0,0.8148339,0.787389,0
1.0,0.8093756,0.7931,0
1.0,0.82995474,0.8430548,0
1.0,0.80312073,0.80937326,0
1.0,0.8159896,0.83788097,0
1.0,0.81072813,0.8413772,0
1.0,0.83727866,0.8777037,0
1.0,0.8137488,0.8238419,0
1.0,0.8246663,0.8459326,0
1.0,0.8072132,0.7963321,0
1.0,0.825217,0.83034915,0
1.0,0.80124575,0.78417444,0
1.0,0.7918918,0.73916745,0
1.0,0.786684,0.7146012,0
1.0,0.8044603,0.69812,0
1.0,0.7848677,0.64338803,0
1.0,0.78359216,0.6554927,0
1.0,0.7618343,0.61406356,0
1.0,0.784683,0.6477237,0
1.0,0.77323097,0.631097,0
1.0,0.785965,0.65614164,0
1.0,0.7759689,0.64620125,0
1.0,0.7956591,0.67916733,0
1.0,0.8039501,0.7033438,0
1.0,0.7918525,0.69602114,0
1.0,0.7609384,0.6861174,0
1.0,0.7771096,0.7332417,0
1.0,0.7923017,0.74683404,0
1.0,0.8060671,0.78317857,0
1.0,0.7852889,0.74301636,0
1.0,0.80166405,0.75412095,0
1.0,0.8189061,0.7776973,0
1.0,0.82925,0.76969266,0
1.0,0.81188655,0.7311106,0
1.0,0.8183586,0.7314012,0
1.0,0.8283736,0.7242842,0
1.0,0.8298456,0.7217097,0
1.0,0.79635596,0.6682409,0
1.0,0.7972428,0.67984277,0
1.0,0.8142436,0.7252886,0
1.0,0.81899804,0.73905313,0
1.0,0.7901976,0.69622266,0
1.0,0.7879156,0.70150715,0
1.0,0.7896452,0.7199907,0
1.0,0.7782668,0.7283192,0
1.0,0.7398608,0.68732774,0
1.0,0.7319292,0.699311,0
1.0,0.7411533,0.729172,0
1.0,0.7458155,0.7233148,0
1.0,0.7266855,0.69677246,0
1.0,0.7290558,0.6875266,0
1.0,0.7484854,0.69497967,0
1.0,0.7530153,0.6954557,0
1.0,0.7451143,0.66793454,0
1.0,0.7345779,0.655061,0
1.0,0.7643694,0.71391034,0
1.0,0.73278207,0.6479712,0
1.0,0.7361844,0.64014965,0
1.0,0.72875994,0.6319925,0
1.0,0.7708172,0.6878022,0
1.0,0.75583893,0.6631354,0
1.0,0.7710808,0.7100235,0
1.0,0.75910485,0.70828295,0
1.0,0.80052817,0.8060941,0
1.0,0.7745262,0.78730965,0
1.0,0.79323983,0.8372525,0
1.0,0.77237594,0.8000752,0
1.0,0.81179893,0.8705042,0
1.0,0.78626823,0.8503324,0
1.0,0.80109596,0.8879138,0
1.0,0.78733766,0.8462659,0
1.0,0.8324576,0.90397274,0
1.0,0.8214138,0.87684715,0
1.0,0.8344421,0.9016179,0
1.0,0.82526034,0.8712335,0
1.0,0.85727805,0.9274896,0
1.0,0.8310432,0.8700218,0
1.0,0.8480248,0.9055134,0
1.0,0.8295515,0.85988563,0
1.0,0.84500754,0.8849379,0
1.0,0.83555186,0.9163927,0
1.0,0.8453927,0.9457061,0
1.0,0.8273124,0.94531846,0
1.0,0.8378301,0.9962376,0
1.0,0.8325791,0.9830817,0
1.0,0.8475719,1.036262,0
1.0,0.8331487,1.0045501,0
1.0,0.8367359,1.0044241,0
1.0,0.830344,1.0049051,0
1.0,0.8324481,0.99551696,0
1.0,0.8145833,0.9477366,0
1.0,0.8130525,0.95674044,0
1.0,0.8045343,0.9288711,0
1.0,0.80987215,0.9188169,0
1.0,0.78874713,0.88926315,0
1.0,0.77940756,0.8448622,0
1.0,0.75823635,0.780075,0
1.0,0.77130824,0.8043033,0
1.0,0.748147,0.76933813,0
1.0,0.74908745,0.79763085,0
1.0,0.7483951,0.7890335,0
1.0,0.7318805,0.74546576,0
1.0,0.72463113,0.7805941,0
1.0,0.7337988,0.8299389,0
1.0,0.73715883,0.84372574,0
1.0,0.7307971,0.8589494,0
1.0,0.731474,0.87134993,0
1.0,0.74190956,0.889058,0
1.0,0.7448676,0.8900261,0
1.0,0.734767,0.8455554,0
1.0,0.7461043,0.864498,0
1.0,0.75175333,0.8703954,0
1.0,0.752822,0.8340038,0
1.0,0.7470024,0.818797,0
1.0,0.7558247,0.8153481,0
1.0,0.7674437,0.81243485,0
1.0,0.76418537,0.79226077,0
1.0,0.76375985,0.7794815,0
1.0,0.77104586,0.81454736,0
1.0,0.79074454,0.8692459,0
1.0,0.78754705,0.8848785,0
1.0,0.79633206,0.9338155,0
1.0,0.7986134,0.9430493,0
1.0,0.80790186,0.96013343,0
1.0,0.8062072,0.9904578,0
1.0,0.8142836,1.0170435,0
1.0,0.80836195,0.99246776,0
1.0,0.814998,1.057623,0
1.0,0.8086809,1.064091,0
1.0,0.8254256,1.0747702,0
1.0,0.82182026,1.0612729,0
1.0,0.8355824,1.0660616,0
1.0,0.82552195,1.0262487,0
1.0,0.84513617,1.0604169,0
1.0,0.827967,1.0080113,0
1.0,0.8403312,1.0027784,0
1.0,0.8301936,0.9782444,0
1.0,0.85186917,1.0224391,0
1.0,0.82639545,0.9539039,0
1.0,0.84177065,0.9974159,0
1.0,0.8367769,1.0276463,0
1.0,0.85881025,1.0871773,0
1.0,0.837609,1.0576094,0
1.0,0.84386575,1.0771142,0
1.0,0.8399831,1.070575,0
1.0,0.85252327,1.0952802,0
1.0,0.824531,1.0355577,0
1.0,0.8336071,1.055596,0
1.0,0.8150138,1.0431874,0
1.0,0.8336164,1.086617,0
1.0,0.80598205,1.0002728,0
1.0,0.8188329,0.99938715,0
1.0,0.81522197,0.95663434,0
1.0,0.82540816,0.93522555,0
1.0,0.80470246,0.8896199,0
1.0,0.8096596,0.89131534,0
1.0,0.8047626,0.863932,0
1.0,0.8057923,0.877221,0
1.0,0.79251933,0.85469747,0
1.0,0.7938995,0.82206124,0
1.0,0.7958127,0.8065829,0
1.0,0.8061227,0.8266791,0
1.0,0.80844486,0.8530502,0
1.0,0.8004625,0.8461494,0
1.0,0.80178416,0.8707117,0
1.0,0.8091227,0.9133016,0
1.0,0.8139497,0.9113394,0
1.0,0.81481045,0.913761,0
1.0,0.81225574,0.88668203,0
1.0,0.82643014,0.8780107,0
1.0,0.8415351,0.90535223,0
1.0,0.83908,0.86466396,0
1.0,0.8452021,0.829134,0
1.0,0.84996784,0.82359916,0
1.0,0.8665319,0.84083533,0
1.0,0.8546901,0.8146132,0
1.0,0.8313062,0.75652766,0
1.0,0.84132606,0.74549085,0
1.0,0.8574647,0.77217007,0
1.0,0.84717315,0.7706561,0
1.0,0.8237475,0.72534186,0
1.0,0.84097487,0.75524175,0
1.0,0.86503243,0.82180667,0
1.0,0.8672011,0.8320601,0
1.0,0.84817034,0.80172694,0
1.0,0.8742457,0.8619255,0
1.0,0.8849586,0.8842013,0
1.0,0.87747,0.8731561,0
1.0,0.850313,0.83539724,0
1.0,0.8674316,0.8513501,0
1.0,0.88385177,0.86160606,0
1.0,0.8726225,0.82498527,0
1.0,0.84831613,0.77743196,0
1.0,0.8563885,0.7820569,0
1.0,0.8694098,0.7711276,0
1.0,0.85464644,0.726615,0
1.0,0.8236267,0.6560579,0
1.0,0.8415586,0.6545987,0
1.0,0.8515207,0.66015625,0
1.0,0.83837795,0.6590842,0
1.0,0.84234786,0.6912349,0
1.0,0.8591735,0.7353231,0
1.0,0.86660624,0.7672585,0
1.0,0.8579183,0.762609,0
1.0,0.86131394,0.7724247,0
1.0,0.863104,0.77212137,0
1.0,0.8557193,0.75164336,0
1.0,0.8297694,0.7243666,0
1.0,0.8348856,0.7477104,0
1.0,0.82116324,0.74247575,0
1.0,0.83883923,0.7831459,0
1.0,0.81579506,0.7252133,0
1.0,0.8352912,0.73169184,0
1.0,0.83610076,0.7033269,0
1.0,0.8528952,0.6965494,0
1.0,0.84546024,0.6762905,0
1.0,0.85594165,0.70485234,0
1.0,0.84848094,0.6887078,0
1.0,0.86235976,0.7064633,0
1.0,0.84869146,0.6946372,0
1.0,0.86348957,0.70636046,0
1.0,0.86006933,0.69617814,0
1.0,0.8790485,0.7444594,0
1.0,0.8656215,0.73166335,0
1.0,0.8577255,0.742837,0
1.0,0.8388433,0.741038,0
1.0,0.8585609,0.783566,0
1.0,0.84756136,0.78537375,0
1.0,0.8410299,0.7790604,0
1.0,0.833297,0.75362,0
1.0,0.85876316,0.79679966,0
1.0,0.85058355,0.76724297,0
1.0,0.84122986,0.73611414,0
1.0,0.8393588,0.7129993,0
1.0,0.8480103,0.7003455,0
1.0,0.8476776,0.70691484,0
1.0,0.82990026,0.680887,0
1.0,0.8152733,0.6664421,0
1.0,0.82581764,0.7132322,0
1.0,0.83457243,0.7324667,0
1.0,0.83194995,0.7308769,0
1.0,0.83018386,0.72936094,0
1.0,0.8329158,0.74278015,0
1.0,0.8428932,0.7663534,0
1.0,0.8285203,0.75476533,0
1.0,0.817077,0.7635373,0
1.0,0.81204396,0.77267665,0
1.0,0.82984185,0.82729864,0
1.0,0.8288776,0.8183688,0
1.0,0.82847255,0.8085476,0
1.0,0.8292195,0.82364285,0
1.0,0.8459873,0.83256125,0
1.0,0.84899807,0.813382,0
1.0,0.8586389,0.8122685,0
1.0,0.86057526,0.8008279,0
1.0,0.86821437,0.8263022,0
1.0,0.87443507,0.8161429,0
1.0,0.8734104,0.79339886,0
1.0,0.8694142,0.7921108,0
1.0,0.8760594,0.7880232,0
1.0,0.88483906,0.81174994,0
1.0,0.88766414,0.8514328,0
1.0,0.8769061,0.8515893,0
1.0,0.87221557,0.8603706,0
1.0,0.8589112,0.8544613,0
1.0,0.862108,0.88908505,0
1.0,0.8536808,0.892066,0
1.0,0.8544672,0.88523686,0
1.0,0.85205096,0.87316287,0
1.0,0.86430764,0.88613284,0
1.0,0.8563129,0.85435796,0
1.0,0.8575248,0.83390284,0
1.0,0.84588313,0.8034933,0
1.0,0.8640878,0.8353025,0
1.0,0.85352314,0.8017713,0
1.0,0.8493914,0.7849766,0
1.0,0.8352753,0.7466185,0
1.0,0.84736323,0.7652893,0
1.0,0.82908475,0.74716914,0
1.0,0.8285646,0.7343763,0
1.0,0.816078,0.7375716,0
1.0,0.85236526,0.8480966,0
1.0,0.84804034,0.8697716,0
1.0,0.85060686,0.8886887,0
1.0,0.8423826,0.8907178,0
1.0,0.8680003,0.9625081,0
1.0,0.8633323,0.9512391,0
1.0,0.85373926,0.9363845,0
1.0,0.8628386,0.9864795,0
1.0,0.87908804,1.0128165,0
1.0,0.8805469,1.0067767,0
1.0,0.87206274,0.9870435,0
1.0,0.8775271,0.9770223,0
1.0,0.88654333,0.96979743,0
1.0,0.88950086,0.9497234,0
1.0,0.874974,0.9102803,0
1.0,0.88504434,0.92773366,0
1.0,0.8901434,0.93024844,0
1.0,0.89044553,0.9360708,0
1.0,0.8787471,0.92269707,0
1.0,0.88755685,0.9535332,0
1.0,0.890719,0.9770237,0
1.0,0.8828667,0.9741808,0
1.0,0.86815524,0.9622153,0
1.0,0.86890423,0.9737259,0
1.0,0.8642903,0.98478365,0
1.0,0.8466023,0.96412337,0
1.0,0.82590866,0.9357283,0
1.0,0.8246188,0.95171535,0
1.0,0.82145554,0.9248704,0
1.0,0.8101784,0.880507,0
1.0,0.8020805,0.8827848,0
1.0,0.7961738,0.8543426,0
1.0,0.7998815,0.8071338,0
1.0,0.79324514,0.7538768,0
1.0,0.7890926,0.74113613,0
1.0,0.78524286,0.7389897,0
1.0,0.79726213,0.77838624,0
1.0,0.7773195,0.7684954,0
1.0,0.78330153,0.76736796,0
1.0,0.7861547,0.7530879,0
1.0,0.791924,0.7758831,0
1.0,0.7920551,0.77716553,0
1.0,0.78830594,0.77690256,0
1.0,0.7903219,0.8186047,0
1.0,0.7860074,0.8525159,0
1.0,0.7997227,0.8951285,0
1.0,0.8101562,0.8978277,0
1.0,0.8286523,0.9052975,0
1.0,0.8387966,0.91092694,0
1.0,0.8522189,0.92518,0
1.0,0.864831,0.9362503,0
1.0,0.86743194,0.93236166,0
1.0,0.86195767,0.914781,0
1.0,0.87312245,0.9209544,0
1.0,0.8666376,0.8887576,0
1.0,0.8587171,0.85856557,0
1.0,0.85742867,0.8351566,0
1.0,0.86483884,0.8235345,0
1.0,0.8528232,0.7965187,0
1.0,0.8436462,0.80522954,0
1.0,0.8425713,0.8185305,0
1.0,0.85960865,0.8508811,0
1.0,0.8526568,0.81814337,0
1.0,0.8252614,0.77092123,0
1.0,0.8479656,0.81886405,0
1.0,0.84414905,0.8142993,0
1.0,0.84795433,0.8483629,0
1.0,0.8121966,0.7739895,0
1.0,0.8373071,0.7812451,0
1.0,0.8332414,0.7583592,0
1.0,0.84136003,0.75329685,0
1.0,0.7899086,0.65685505,0
1.0,0.8226032,0.68617713,0
1.0,0.8172485,0.66900134,0
1.0,0.80902815,0.6685033,0
1.0,0.75209236,0.5509765,0
1.0,0.7880083,0.5591929,0
1.0,0.7849438,0.54460216,0
1.0,0.79568005,0.57364863,0
1.0,0.7877426,0.57171947,0
1.0,0.81599295,0.6247266,0
1.0,0.8152072,0.63945377,0
1.0,0.8303438,0.6799741,0
1.0,0.8070206,0.6578634,0
1.0,0.8250658,0.68499863,0
1.0,0.82538635,0.68260527,0
1.0,0.8297524,0.687821,0
1.0,0.81821823,0.66840076,0
1.0,0.8205216,0.6655019,0
1.0,0.83360857,0.6817784,0
1.0,0.8281891,0.6685614,0
1.0,0.8271271,0.6247051,0
1.0,0.8268247,0.6013098,0
1.0,0.83682346,0.62158567,0
1.0,0.8253637,0.59965897,0
1.0,0.81847966,0.57772106,0
1.0,0.80504924,0.56423247,0
1.0,0.8117642,0.5779396,0
1.0,0.819485,0.5738546,0
1.0,0.8264762,0.5987922,0
1.0,0.8156185,0.5876154,0
1.0,0.83009166,0.6150285,0
1.0,0.8285634,0.6496004,0
1.0,0.804095,0.6295196,0
1.0,0.78919816,0.62597024,0
1.0,0.8169999,0.68210804,0
1.0,0.82078755,0.6706028,0
1.0,0.81740385,0.6672349,0
1.0,0.80257547,0.65713274,0
1.0,0.82427526,0.68011814,0
1.0,0.8189783,0.65321547,0
1.0,0.8063555,0.6337079,0
1.0,0.7823467,0.57843876,0
1.0,0.7969079,0.5798048,0
1.0,0.8013664,0.57478046,0
1.0,0.77817684,0.5146651,0
1.0,0.75981873,0.4932914,0
1.0,0.77832514,0.5199019,0
1.0,0.77226293,0.5122198,0
1.0,0.77653825,0.54302585,0
1.0,0.76593137,0.5352607,0
1.0,0.77730787,0.5597107,0
1.0,0.75615484,0.5517617,0
1.0,0.743281,0.55380327,0
1.0,0.7457639,0.57815135,0
1.0,0.74615073,0.5852025,0
1.0,0.7402912,0.57452524,0
1.0,0.7388195,0.5834733,0
1.0,0.7463225,0.5801772,0
1.0,0.76359516,0.58708,0
1.0,0.7768815,0.59375894,0
1.0,0.79887867,0.6110189,0
1.0,0.8011722,0.6045133,0
1.0,0.8138561,0.6089494,0
1.0,0.8122122,0.580122,0
1.0,0.82905984,0.586584,0
1.0,0.83106154,0.5833552,0
1.0,0.836398,0.5981339,0
1.0,0.83222103,0.5908133,0
1.0,0.84960043,0.62049437,0
1.0,0.8404757,0.6103411,0
1.0,0.84198827,0.6241896,0
1.0,0.84741896,0.65757775,0
1.0,0.85328305,0.6833099,0
1.0,0.8451557,0.6743474,0
1.0,0.8570818,0.6888006,0
1.0,0.8610301,0.6911975,0
1.0,0.8661753,0.7020211,0
1.0,0.8575341,0.6780761,0
1.0,0.8719626,0.6906171,0
1.0,0.8701269,0.68455446,0
1.0,0.87770045,0.6750741,0
1.0,0.8529396,0.6161748,0
1.0,0.8449129,0.59118384,0
1.0,0.82774466,0.5383453,0
1.0,0.8257519,0.51609254,0
1.0,0.79533905,0.45934892,0
1.0,0.7756972,0.4164984,0
1.0,0.7676371,0.41809762,0
1.0,0.7786704,0.43746978,0
1.0,0.75813454,0.4134742,0
1.0,0.73535967,0.39244527,0
1.0,0.7554262,0.4165925,0
1.0,0.7598115,0.4164816,0
1.0,0.73931706,0.40348595,0
1.0,0.72513986,0.391739,0
1.0,0.7280904,0.39053088,0
1.0,0.7485581,0.4168167,0
1.0,0.7092775,0.36101934,0
1.0,0.6853745,0.32154262,0
1.0,0.6818396,0.3093804,0
1.0,0.71983045,0.3352263,0
1.0,0.6898731,0.2863288,0
1.0,0.69967455,0.27966332,0
1.0,0.6910481,0.25057083,0
1.0,0.7364983,0.27655905,0
1.0,0.7098829,0.24491692,0
1.0,0.73031414,0.26296788,0
1.0,0.7065117,0.24300368,0
1.0,0.75266606,0.28905648,0
1.0,0.7339517,0.26489574,0
1.0,0.75638556,0.2955221,0
1.0,0.7359982,0.27985278,0
1.0,0.756737,0.2955016,0
1.0,0.72549117,0.2732167,0
1.0,0.744454,0.29340613,0
1.0,0.71586436,0.26245773,0
1.0,0.73544246,0.28139424,0
1.0,0.7258205,0.26923376,0
1.0,0.740867,0.27778977,0
1.0,0.73576874,0.25396475,0
1.0,0.73934776,0.23420861,0
1.0,0.7502399,0.23825713,0
1.0,0.75791496,0.24260466,0
1.0,0.74274254,0.2201597,0
1.0,0.72455615,0.2032744,0
1.0,0.7176638,0.20231779,0
1.0,0.71187675,0.18831745,0
1.0,0.74893445,0.22007531,0
1.0,0.7617106,0.23402786,0
1.0,0.76365495,0.23457642,0
1.0,0.7916812,0.26620448,0
1.0,0.809133,0.29719508,0
1.0,0.80117005,0.29683167,0
1.0,0.76572096,0.26599213,0
1.0,0.7856285,0.29604077,0
1.0,0.8011085,0.31036395,0
1.0,0.81407356,0.31316963,0
1.0,0.78536344,0.2882998,0
1.0,0.82016885,0.3227661,0
1.0,0.8273668,0.31817275,0
1.0,0.83110523,0.32719144,0
1.0,0.7922963,0.28483832,0
1.0,0.8088931,0.2822949,0
1.0,0.79154754,0.25348783,0
1.0,0.797518,0.25753164,0
1.0,0.7608131,0.2236146,0
1.0,0.7788964,0.23758785,0
1.0,0.76724654,0.23279001,0
1.0,0.78360087,0.26637256,0
1.0,0.7667928,0.24869564,0
1.0,0.7888453,0.28419268,0
1.0,0.74675804,0.27520365,0
1.0,0.73749286,0.27141154,0
1.0,0.737337,0.2767306,0
1.0,0.74708146,0.2882091,0
1.0,0.7317394,0.2790847,0
1.0,0.7392506,0.29956737,0
1.0,0.75744694,0.30526528,0
1.0,0.7672311,0.30956587,0
1.0,0.74989784,0.28412992,0
1.0,0.7333225,0.26151034,0
1.0,0.7565104,0.2807427,0
1.0,0.76079535,0.27204895,0
1.0,0.7758387,0.27611357,0
1.0,0.7485172,0.24904346,0
1.0,0.7872732,0.2952549,0
1.0,0.80164313,0.30505824,0
1.0,0.8082901,0.31436142,0
1.0,0.78985006,0.321632,0
1.0,0.8260678,0.3685357,0
1.0,0.846604,0.39354384,0
1.0,0.8531319,0.4052862,0
1.0,0.828725,0.37089652,0
1.0,0.8285194,0.38280153,0
1.0,0.8365013,0.40202165,0
1.0,0.8251944,0.39511448,0
1.0,0.79395324,0.3744207,0
1.0,0.78790456,0.35288873,0
1.0,0.8110677,0.37299645,0
1.0,0.7989769,0.3636772,0
1.0,0.7960201,0.33701187,0
1.0,0.7877187,0.32406223,0
1.0,0.8215472,0.34580386,0
1.0,0.80638593,0.30068293,0
1.0,0.8194602,0.32364377,0
1.0,0.81219,0.31721956,0
1.0,0.8009511,0.29880437,0
1.0,0.7590679,0.2520125,0
1.0,0.78858757,0.27280068,0
1.0,0.7333342,0.22595581,0
1.0,0.71068746,0.21663159,0
1.0,0.71323264,0.24002941,0
1.0,0.7730442,0.3064633,0
1.0,0.7715812,0.30988336,0
1.0,0.73025364,0.27263936,0
1.0,0.77471876,0.3159344,0
1.0,0.8027377,0.34298936,0
1.0,0.816315,0.33768618,0
1.0,0.7911426,0.30288583,0
1.0,0.83003867,0.34410185,0
1.0,0.8642334,0.3594625,0
1.0,0.87019974,0.35298574,0
1.0,0.8349591,0.32203186,0
1.0,0.85098046,0.33618695,0
1.0,0.8659012,0.34599227,0
1.0,0.87270856,0.34126198,0
1.0,0.8449671,0.3067218,0
1.0,0.8507283,0.31279823,0
1.0,0.84121096,0.2941631,0
1.0,0.8380134,0.3263743,0
1.0,0.86075974,0.37213096,0
1.0,0.8605429,0.3608857,0
1.0,0.8663621,0.36964965,0
1.0,0.8829892,0.39522725,0
1.0,0.89156437,0.41815624,0
1.0,0.8697327,0.39944395,0
1.0,0.85017526,0.37635976,0
1.0,0.8480935,0.37333798,0
1.0,0.8573407,0.38625652,0
1.0,0.8065638,0.3395013,0
1.0,0.80396086,0.3260243,0
1.0,0.8119471,0.3245818,0
1.0,0.82300013,0.33455342,0
1.0,0.780777,0.26508367,0
1.0,0.76628417,0.24517801,0
1.0,0.7991705,0.28520945,0
1.0,0.8047633,0.2933219,0
1.0,0.7883309,0.28551278,0
1.0,0.7803355,0.29082844,0
1.0,0.82077366,0.3558726,0
1.0,0.8163326,0.3624186,0
1.0,0.8171232,0.3678002,0
1.0,0.8187339,0.38699132,0
1.0,0.832371,0.4113677,0
1.0,0.78744394,0.35847676,0
1.0,0.78854394,0.3681387,0
1.0,0.78158003,0.36229897,0
1.0,0.7826748,0.37574324,0
1.0,0.7578781,0.35345766,0
1.0,0.7588332,0.347304,0
1.0,0.761802,0.34701002,0
1.0,0.7646883,0.3202235,0
1.0,0.7575872,0.30213726,0
1.0,0.7612777,0.31629944,0
1.0,0.7620757,0.3233387,0
1.0,0.7347036,0.31853238,0
1.0,0.7390727,0.3350352,0
1.0,0.7649868,0.37374127,0
1.0,0.8081453,0.4536135,0
1.0,0.7742389,0.41419125,0
1.0,0.8175498,0.48033255,0
1.0,0.822844,0.52027905,0
1.0,0.8257601,0.5331342,0
1.0,0.7843513,0.49433142,0
1.0,0.82944095,0.5798084,0
1.0,0.83818346,0.6001965,0
1.0,0.8507317,0.6177573,0
1.0,0.8277896,0.5741172,0
1.0,0.86928093,0.6513217,0
1.0,0.872863,0.6570445,0
1.0,0.878661,0.6442932,0
1.0,0.8652644,0.6091466,0
1.0,0.8871314,0.6492455,0
1.0,0.89075303,0.65834755,0
1.0,0.8880227,0.6494393,0
1.0,0.85771775,0.59585905,0
1.0,0.8700575,0.61861205,0
1.0,0.8734083,0.62210613,0
1.0,0.87608594,0.6304389,0
1.0,0.83665746,0.5907628,0
1.0,0.8352317,0.5956058,0
1.0,0.8291509,0.613457,0
1.0,0.8480185,0.65926665,0
1.0,0.8045347,0.60917795,0
1.0,0.8039667,0.6322643,0
1.0,0.80292165,0.6254504,0
1.0,0.83815217,0.6900417,0
1.0,0.7821916,0.59743387,0
1.0,0.7794453,0.5685984,0
1.0,0.7800832,0.5521112,0
1.0,0.832574,0.59744346,0
1.0,0.7853812,0.5228931,0
1.0,0.7906823,0.5208864,0
1.0,0.8028147,0.51915175,0
1.0,0.8453069,0.5805987,0
1.0,0.80882883,0.51510763,0
1.0,0.8076706,0.49748725,0
1.0,0.7895771,0.4788589,0
1.0,0.84034896,0.5621763,0
1.0,0.8398669,0.5867792,0
1.0,0.8392005,0.58060855,0
1.0,0.822249,0.55420625,0
1.0,0.8567977,0.62393355,0
1.0,0.861649,0.6505803,0
1.0,0.84468734,0.63030046,0
1.0,0.8222448,0.60537255,0
1.0,0.8328637,0.6286639,0
1.0,0.84232813,0.6584941,0
1.0,0.81410676,0.6128779,0
1.0,0.797032,0.58955204,0
1.0,0.81799716,0.61817473,0
1.0,0.8446957,0.62801665,0
1.0,0.81553113,0.57899046,0
1.0,0.8007084,0.54409623,0
1.0,0.79939437,0.5250844,0
1.0,0.8248942,0.5593663,0
1.0,0.7787501,0.50255847,0
1.0,0.77143764,0.51146483,0
1.0,0.80334586,0.5615122,0
1.0,0.82919854,0.60878384,0
1.0,0.80223686,0.5908657,0
1.0,0.826521,0.6389766,0
1.0,0.8315049,0.65228605,0
1.0,0.8230905,0.65683293,0
1.0,0.80255604,0.6383262,0
1.0,0.8124913,0.6462927,0
1.0,0.8123803,0.6456758,0
1.0,0.810889,0.6444917,0
1.0,0.7984573,0.61901885,0
1.0,0.8106916,0.636822,0
1.0,0.8118982,0.6246138,0
1.0,0.80148834,0.58466184,0
1.0,0.78584176,0.55320823,0
1.0,0.7760729,0.54421234,0
1.0,0.77594155,0.54057455,0
1.0,0.7520411,0.49289477,0
1.0,0.726342,0.44613868,0
1.0,0.7186279,0.4284547,0
1.0,0.7238878,0.4316879,0
1.0,0.70237494,0.40061066,0
1.0,0.6771435,0.37512237,0
1.0,0.660373,0.36721343,0
1.0,0.64467925,0.36212027,0
1.0,0.63365704,0.374083,0
1.0,0.6219772,0.37151903,0
1.0,0.60032856,0.34679234,0
1.0,0.6225147,0.39145577,0
1.0,0.6315862,0.40461975,0
1.0,0.6340231,0.38145918,0
1.0,0.6477836,0.3859773,0
1.0,0.6901831,0.42013434,0
1.0,0.6981762,0.4067404,0
1.0,0.71273935,0.41218522,0
1.0,0.7197402,0.40631604,0
1.0,0.7524205,0.4409414,0
1.0,0.7550892,0.44018728,0
1.0,0.74922067,0.43282995,0
1.0,0.7596116,0.4506765,0
1.0,0.7921791,0.50192213,0
1.0,0.80615455,0.556862,0
1.0,0.8114695,0.5974456,0
1.0,0.8151615,0.6223814,0
1.0,0.8416145,0.67511284,0
1.0,0.85089046,0.6971925,0
1.0,0.8582394,0.7195654,0
1.0,0.8515551,0.70804846,0
1.0,0.8701918,0.7449477,0
1.0,0.8687265,0.7436321,0
1.0,0.8618389,0.7398385,0
1.0,0.8532023,0.7332121,0
1.0,0.8581014,0.7197664,0
1.0,0.8539806,0.7122096,0
1.0,0.8458623,0.68790156,0
1.0,0.84147495,0.654078,0
1.0,0.8365245,0.65798426,0
1.0,0.8404127,0.6466471,0
1.0,0.82302296,0.61891836,0
1.0,0.85149163,0.7011798,0
1.0,0.8564366,0.6957097,0
1.0,0.86439973,0.71506786,0
1.0,0.87127167,0.74753195,0
1.0,0.8819935,0.7705699,0
1.0,0.87005585,0.7794754,0
1.0,0.85483265,0.77446866,0
1.0,0.84766334,0.780209,0
1.0,0.8634871,0.8463979,0
1.0,0.8468378,0.8287193,0
1.0,0.8335814,0.79636085,0
1.0,0.83622795,0.789473,0
1.0,0.8693524,0.8352531,0
1.0,0.85931295,0.8063182,0
1.0,0.8517714,0.77486134,0
1.0,0.858418,0.7775682,0
1.0,0.88988113,0.8266513,0
1.0,0.8918698,0.82952654,0
1.0,0.87637776,0.801596,0
1.0,0.8819625,0.81472373,0
1.0,0.9023251,0.86759907,0
1.0,0.8943603,0.8574616,0
1.0,0.87293124,0.8466822,0
1.0,0.87685364,0.89579666,0
1.0,0.88211715,0.93904877,0
1.0,0.871598,0.9593392,0
1.0,0.8547416,0.94091386,0
1.0,0.8508972,0.94948995,0
1.0,0.87042856,0.99414635,0
1.0,0.86679,0.9620342,0
1.0,0.8693848,0.9771849,0
1.0,0.87021834,0.97219723,0
1.0,0.88903403,0.97589743,0
1.0,0.8901273,0.9712757,0
1.0,0.8823151,0.93316483,0
1.0,0.8711878,0.903507,0
1.0,0.8764611,0.9149301,0
1.0,0.8731669,0.89781094,0
1.0,0.8540481,0.8685875,0
1.0,0.84864587,0.85117614,0
1.0,0.8550924,0.8603573,0
1.0,0.8456241,0.88430727,0
1.0,0.8396758,0.9042325,0
1.0,0.8452112,0.9289578,0
1.0,0.855194,0.96423095,0
1.0,0.85620016,0.9980322,0
1.0,0.85213846,0.9937817,0
1.0,0.8572471,0.9904424,0
1.0,0.86427766,1.0115281,0
1.0,0.86225426,1.0264814,0
1.0,0.853325,1.0463316,0
1.0,0.85033256,1.053071,0
1.0,0.8436048,1.020569,0
1.0,0.84425646,1.0072428,0
1.0,0.8300374,0.9520337,0
1.0,0.83707374,0.9306059,0
1.0,0.84759045,0.9364151,0
1.0,0.84959793,0.95677257,0
1.0,0.8568788,0.98701286,0
1.0,0.87160355,1.0162568,0
1.0,0.8733872,1.0387295,0
1.0,0.8719846,1.0767245,0
1.0,0.8747175,1.0954373,0
1.0,0.8814602,1.1172336,0
1.0,0.8730855,1.133498,0
1.0,0.85982734,1.1454492,0
1.0,0.86475736,1.1971624,0
1.0,0.86558557,1.2267442,0
1.0,0.85738975,1.2223225,0
1.0,0.85067713,1.2239239,0
1.0,0.8575601,1.2430012,0
1.0,0.84851795,1.2361877,0
1.0,0.83680546,1.211433,0
1.0,0.8293911,1.1621182,0
1.0,0.8436542,1.1727864,0
1.0,0.83816934,1.1652254,0
1.0,0.830936,1.1587157,0
1.0,0.81715685,1.1121998,0
1.0,0.82912475,1.1507816,0
1.0,0.8198186,1.1468983,0
1.0,0.7980392,1.0988841,0
1.0,0.7819179,1.083875,0
1.0,0.7787729,1.062688,0
1.0,0.75532806,1.0330808,0
1.0,0.744784,1.0543916,0
1.0,0.7291215,1.0417002,0
1.0,0.7297874,1.0826399,0
1.0,0.7172068,1.0700228,0
1.0,0.71082234,1.0545635,0
1.0,0.71458197,1.0602705,0
1.0,0.71394014,1.0406666,0
1.0,0.7180017,1.0395443,0
1.0,0.72685874,1.0468318,0
1.0,0.7344797,1.0382514,0
1.0,0.73760825,1.0321157,0
1.0,0.7476302,1.048521,0
1.0,0.75010294,1.0360396,0
1.0,0.7668685,1.0546039,0
1.0,0.7564856,1.0250252,0
1.0,0.75860465,1.0174675,0
1.0,0.7547166,1.0176877,0
1.0,0.76994956,1.056932,0
1.0,0.7526128,1.0179816,0
1.0,0.7519324,1.029248,0
1.0,0.7488006,1.036562,0
1.0,0.7638982,1.0766175,0
1.0,0.75146115,1.078837,0
1.0,0.7534113,1.1039487,0
1.0,0.75148964,1.0992761,0
1.0,0.76595616,1.1295333,0
1.0,0.7564621,1.0920033,0
1.0,0.7569285,1.086455,0
1.0,0.75620085,1.0842805,0
1.0,0.7654089,1.0688343,0
1.0,0.7567401,1.0347772,0
1.0,0.7622329,1.0045434,0
1.0,0.75079924,0.9456649,0
1.0,0.76219565,0.98306,0
1.0,0.75397336,0.94142973,0
1.0,0.7517172,0.91763556,0
1.0,0.7576678,0.92994595,0
1.0,0.75951433,0.9221291,0
1.0,0.76485443,0.93068224,0
1.0,0.7689273,0.9582366,0
1.0,0.7796237,1.0300802,0
1.0,0.780731,1.0442091,0
1.0,0.7839749,1.0500942,0
1.0,0.7964592,1.0854862,0
1.0,0.8048486,1.0885229,0
1.0,0.8068984,1.0790532,0
1.0,0.8074536,1.0660872,0
1.0,0.8113401,1.0711267,0
1.0,0.80957645,1.0484488,0
1.0,0.80393195,0.9939489,0
1.0,0.80312157,0.98320943,0
1.0,0.8067963,0.9723233,0
1.0,0.81260306,0.93790466,0
1.0,0.813437,0.9134679,0
1.0,0.8194583,0.8994006,0
1.0,0.8155239,0.8840226,0
1.0,0.8398895,0.9459782,0
1.0,0.828543,0.9283931,0
1.0,0.83291095,0.9458062,0
1.0,0.8272805,0.9309544,0
1.0,0.8456524,0.95025814,0
1.0,0.8312958,0.9325539,0
1.0,0.8254109,0.9324485,0
1.0,0.8205358,0.93383074,0
1.0,0.83176684,0.96677554,0
1.0,0.8138831,0.9101624,0
1.0,0.8107793,0.88907135,0
1.0,0.8052307,0.8685804,0
1.0,0.83646756,0.88851553,0
1.0,0.83232325,0.8434552,0
1.0,0.848427,0.8646802,0
1.0,0.8443414,0.83797956,0
1.0,0.8744144,0.8535644,0
1.0,0.8774906,0.8434466,0
1.0,0.8791001,0.8231449,0
1.0,0.8606365,0.7635803,0
1.0,0.89152575,0.807145,0
1.0,0.887025,0.78691506,0
1.0,0.87810975,0.7793673,0
1.0,0.8547016,0.75393736,0
1.0,0.8749702,0.79205936,0
1.0,0.8900886,0.83505136,0
1.0,0.88596696,0.834444,0
1.0,0.8702906,0.80675334,0
1.0,0.8911419,0.8378507,0
1.0,0.9087919,0.85760546,0
1.0,0.90884525,0.86082506,0
1.0,0.8966864,0.80216175,0
1.0,0.91306007,0.7805935,0
1.0,0.9300663,0.79436755,0
1.0,0.9273451,0.755508,0
1.0,0.9135386,0.7086139,0
1.0,0.9129108,0.71703714,0
1.0,0.9144779,0.70609105,0
1.0,0.9009652,0.6691811,0
1.0,0.8869775,0.66092193,0
1.0,0.8949292,0.6816641,0
1.0,0.9023079,0.70226455,0
1.0,0.8924768,0.69753766,0
1.0,0.9006639,0.7171596,0
1.0,0.9029191,0.7513675,0
1.0,0.90608585,0.7880103,0
1.0,0.8931631,0.7731074,0
1.0,0.9058005,0.8067144,0
1.0,0.9027149,0.7877306,0
1.0,0.8974678,0.7636691,0
1.0,0.8866078,0.7532598,0
1.0,0.89720047,0.77275884,0
1.0,0.89097244,0.75427806,0
1.0,0.8835547,0.74115837,0
1.0,0.8568607,0.6765157,0
1.0,0.8708994,0.66795856,0
1.0,0.8619189,0.6458448,0
1.0,0.8439253,0.61062425,0
1.0,0.81276643,0.55396545,0
1.0,0.8381274,0.58655065,0
1.0,0.84510684,0.6094272,0
1.0,0.8408177,0.61356497,0
1.0,0.80844116,0.5763743,0
1.0,0.81795573,0.62656605,0
1.0,0.8190656,0.6504818,0
1.0,0.79915524,0.6239294,0
1.0,0.7644646,0.5910361,0
1.0,0.78303903,0.63716626,0
1.0,0.7776032,0.61607,0
1.0,0.7750388,0.61436874,0
1.0,0.7571495,0.5989784,0
1.0,0.76528007,0.5917796,0
1.0,0.76433396,0.57266235,0
1.0,0.75376093,0.54287714,0
1.0,0.7354555,0.49840304,0
1.0,0.75029385,0.5195037,0
1.0,0.74507296,0.5124074,0
1.0,0.73272264,0.49036783,0
1.0,0.7330132,0.5079763,0
1.0,0.7643036,0.5550245,0
1.0,0.77104145,0.57362753,0
1.0,0.7789121,0.6127261,0
1.0,0.7887007,0.6548366,0
1.0,0.8067633,0.706174,0
1.0,0.79743665,0.71308446,0
1.0,0.78442585,0.7279614,0
1.0,0.78405166,0.7648332,0
1.0,0.8056356,0.8377235,0
1.0,0.79753584,0.8516415,0
1.0,0.78647715,0.84629667,0
1.0,0.78130054,0.8462038,0
1.0,0.8005174,0.8827269,0
1.0,0.7914974,0.867331,0
1.0,0.78760964,0.85589075,0
1.0,0.7875141,0.83071256,0
1.0,0.8107906,0.85959655,0
1.0,0.8067727,0.87362325,0
1.0,0.812331,0.8974587,0
1.0,0.8174343,0.9396408,0
1.0,0.84085757,1.016922,0
1.0,0.82651824,0.99963945,0
1.0,0.834515,1.0272702,0
1.0,0.8337964,1.0360878,0
1.0,0.83983374,1.0648029,0
1.0,0.813092,1.0348526,0
1.0,0.8140434,1.0897299,0
1.0,0.816902,1.1595552,0
1.0,0.82511467,1.210141,0
1.0,0.81681347,1.1977232,0
1.0,0.8317905,1.2333848,0
1.0,0.84301156,1.2479745,0
1.0,0.8480922,1.2418456,0
1.0,0.8383374,1.225903,0
1.0,0.84382695,1.2360997,0
1.0,0.85029745,1.2251058,0
1.0,0.85359645,1.2400584,0
1.0,0.84409016,1.2157456,0
1.0,0.8401598,1.179682,0
1.0,0.84389675,1.1678233,0
1.0,0.844347,1.1424563,0
1.0,0.8307326,1.1021231,0
1.0,0.823921,1.0896362,0
1.0,0.8166052,1.095181,0
1.0,0.80762523,1.1082537,0
1.0,0.79545325,1.0879623,0
1.0,0.7783674,1.0738969,0
1.0,0.77951825,1.1198162,0
1.0,0.78114986,1.1117394,0
1.0,0.79484046,1.1021736,0
1.0,0.7935632,1.1115799,0
1.0,0.79986954,1.1051883,0
1.0,0.80226284,1.0826735,0
1.0,0.81224304,1.1164017,0
1.0,0.80681694,1.0855594,0
1.0,0.8082238,1.0684432,0
1.0,0.80618227,1.0588658,0
1.0,0.80472356,1.0270221,0
1.0,0.8050481,0.9873803,0
1.0,0.8072578,0.9762145,0
1.0,0.81023806,0.98714066,0
1.0,0.818785,1.0225637,0
1.0,0.82720697,1.0549353,0
1.0,0.82432544,1.0551131,0
1.0,0.83632696,1.094197,0
1.0,0.8403987,1.097674,0
1.0,0.8412048,1.098103,0
1.0,0.83906615,1.130115,0
1.0,0.8452174,1.149189,0
1.0,0.8509052,1.1743529,0
1.0,0.8539759,1.2099118,0
1.0,0.8478423,1.1854297,0
1.0,0.8560083,1.1867694,0
1.0,0.86021775,1.1803377,0
1.0,0.8645114,1.1704175,0
1.0,0.8530524,1.1147442,0
1.0,0.86362714,1.1091863,0
1.0,0.85376096,1.0928229,0
1.0,0.8709968,1.1309335,0
1.0,0.85141015,1.0703692,0
1.0,0.8489816,1.0670329,0
1.0,0.8480179,1.0808171,0
1.0,0.8634929,1.1122032,0
1.0,0.8476808,1.0702907,0
1.0,0.8362561,1.0575519,0
1.0,0.8287502,1.0642904,0
1.0,0.842875,1.1074482,0
1.0,0.8374292,1.1178322,0
1.0,0.8189481,1.0903044,0
1.0,0.820977,1.0905696,0
1.0,0.8392738,1.1206387,0
1.0,0.83880913,1.0918831,0
1.0,0.8208169,1.0229286,0
1.0,0.82589144,1.0071274,0
1.0,0.83641946,0.99920595,0
1.0,0.8392287,0.98781925,0
1.0,0.8064861,0.919492,0
1.0,0.7984996,0.8939752,0
1.0,0.79625875,0.86823606,0
1.0,0.8035849,0.8407159,0
1.0,0.7524959,0.72598845,0
1.0,0.75285685,0.7127556,0
1.0,0.73475426,0.6657977,0
1.0,0.7556001,0.70899284,0
1.0,0.72666365,0.6831052,0
1.0,0.7283103,0.69257647,0
1.0,0.71536905,0.6724374,0
1.0,0.75396883,0.74810886,0
1.0,0.73016775,0.6989869,0
1.0,0.73868537,0.69656944,0
1.0,0.7271147,0.67503405,0
1.0,0.76469404,0.7163943,0
1.0,0.7443251,0.6692867,0
1.0,0.75490516,0.67957205,0
1.0,0.7433403,0.6310611,0
1.0,0.7659469,0.6432098,0
1.0,0.756156,0.59869206,0
1.0,0.76321226,0.56405985,0
1.0,0.75728506,0.54188395,0
1.0,0.7849081,0.5579941,0
1.0,0.7686673,0.5252899,0
1.0,0.77630246,0.5504097,0
1.0,0.7915047,0.5654021,0
1.0,0.8217471,0.62003744,0
1.0,0.80746967,0.59661186,0
1.0,0.83018714,0.61116874,0
1.0,0.83916694,0.61909527,0
1.0,0.8459321,0.6285749,0
1.0,0.81924736,0.587342,0
1.0,0.83785146,0.59800386,0
1.0,0.8409578,0.5980216,0
1.0,0.8378623,0.6111879,0
1.0,0.8138369,0.56104344,0
1.0,0.8258526,0.5595327,0
1.0,0.8333706,0.55666906,0
1.0,0.81685746,0.51276493,0
1.0,0.80030406,0.46383074,0
1.0,0.8070281,0.46069196,0
1.0,0.7976993,0.45640522,0
1.0,0.7818694,0.41619182,0
1.0,0.7612112,0.3840537,0
1.0,0.75450665,0.39379123,0
1.0,0.7553794,0.37647122,0
1.0,0.74693877,0.36457816,0
1.0,0.755388,0.39898074,0
1.0,0.75405574,0.3947193,0
1.0,0.73428905,0.3736782,0
1.0,0.7086571,0.3564074,0
1.0,0.7261769,0.38152164,0
1.0,0.7005924,0.35568303,0
1.0,0.6754127,0.32347465,0
1.0,0.66988975,0.3144251,0
1.0,0.70409906,0.3357255,0
1.0,0.6744936,0.28895712,0
1.0,0.6704791,0.2799345,0
1.0,0.67840487,0.2617782,0
1.0,0.7172613,0.28923488,0
1.0,0.69183064,0.26602572,0
1.0,0.6938607,0.26377237,0
1.0,0.6986715,0.2710673,0
1.0,0.7384725,0.30477852,0
1.0,0.7341836,0.3123665,0
1.0,0.7917187,0.39436615,0
1.0,0.7975402,0.38442576,0
1.0,0.83014804,0.4287176,0
1.0,0.8335537,0.44823617,0
1.0,0.842452,0.46452096,0
1.0,0.806719,0.42521048,0
1.0,0.82756513,0.45655864,0
1.0,0.82954925,0.45896566,0
1.0,0.83853585,0.4610026,0
1.0,0.8076543,0.4167841,0
1.0,0.833092,0.44596428,0
1.0,0.848588,0.44058228,0
1.0,0.86415815,0.44661346,0
1.0,0.83925813,0.4095462,0
1.0,0.85914916,0.40612954,0
1.0,0.8640623,0.405972,0
1.0,0.87600726,0.42114168,0
1.0,0.8505595,0.38275215,0
1.0,0.8724668,0.40739572,0
1.0,0.88695306,0.41852498,0
1.0,0.8924214,0.43901718,0
1.0,0.8749265,0.4474985,0
1.0,0.88336974,0.46939757,0
1.0,0.88349617,0.4675966,0
1.0,0.8642858,0.45294183,0
1.0,0.82895184,0.43079978,0
1.0,0.8277115,0.43742612,0
1.0,0.8319182,0.4436624,0
1.0,0.841783,0.46574703,0
1.0,0.82918406,0.44086787,0
1.0,0.8305219,0.429628,0
1.0,0.835585,0.42816204,0
1.0,0.8487357,0.42766878,0
1.0,0.84554136,0.41292718,0
1.0,0.83375025,0.39287773,0
1.0,0.8381359,0.39218783,0
1.0,0.83178777,0.38786012,0
1.0,0.83829916,0.3957637,0
1.0,0.8254752,0.38988996,0
1.0,0.826351,0.4013092,0
1.0,0.82698274,0.39785182,0
1.0,0.8428941,0.43345994,0
1.0,0.83008343,0.43237925,0
1.0,0.8129987,0.42008656,0
1.0,0.7855616,0.4063018,0
1.0,0.7974061,0.42809454,0
1.0,0.7966469,0.44819397,0
1.0,0.7923229,0.4497611,0
1.0,0.7619048,0.40386155,0
1.0,0.80510443,0.47030577,0
1.0,0.80675626,0.4717807,0
1.0,0.7984214,0.45613855,0
1.0,0.77280027,0.4134934,0
1.0,0.82306874,0.449921,0
1.0,0.8144859,0.4329216,0
1.0,0.8141049,0.4376475,0
1.0,0.764253,0.37972763,0
1.0,0.784157,0.39696586,0
1.0,0.7817535,0.39602995,0
1.0,0.77802587,0.4017197,0
1.0,0.73893625,0.34994662,0
1.0,0.7489121,0.3639723,0
1.0,0.7312059,0.3573274,0
1.0,0.7365485,0.36609903,0
1.0,0.664922,0.29780865,0
1.0,0.6614095,0.31806096,0
1.0,0.6485339,0.3158179,0
1.0,0.6920282,0.36451095,0
1.0,0.6605947,0.32028046,0
1.0,0.69278157,0.35282797,0
1.0,0.6904379,0.33782947,0
1.0,0.7596094,0.39680874,0
1.0,0.7610481,0.40196842,0
1.0,0.7843233,0.42004615,0
1.0,0.7699899,0.391837,0
1.0,0.8194564,0.4743776,0
1.0,0.8074651,0.44692034,0
1.0,0.8042855,0.43837562,0
1.0,0.80081296,0.4282512,0
1.0,0.8406286,0.47765437,0
1.0,0.8381148,0.49153137,0
1.0,0.8312316,0.48772618,0
1.0,0.81790847,0.48779035,0
1.0,0.85565275,0.56551266,0
1.0,0.86310285,0.5983084,0
1.0,0.855965,0.5972241,0
1.0,0.8567899,0.59882015,0
1.0,0.8922166,0.65212953,0
1.0,0.8926729,0.64957166,0
1.0,0.8829636,0.6542104,0
1.0,0.8788154,0.6488408,0
1.0,0.90036094,0.6781824,0
1.0,0.9012139,0.69313675,0
1.0,0.87944824,0.64777017,0
1.0,0.87680554,0.62964934,0
1.0,0.8937057,0.6520443,0
1.0,0.8932632,0.64389634,0
1.0,0.8579196,0.5766843,0
1.0,0.85546666,0.57886183,0
1.0,0.88298285,0.64144266,0
1.0,0.8822258,0.6448569,0
1.0,0.85975885,0.6321683,0
1.0,0.8601403,0.667498,0
1.0,0.882618,0.7177783,0
1.0,0.88302696,0.731399,0
1.0,0.86677366,0.7222103,0
1.0,0.8690437,0.7187946,0
1.0,0.8901942,0.7331257,0
1.0,0.8973521,0.76754606,0
1.0,0.88396025,0.74601984,0
1.0,0.8769128,0.73360765,0
1.0,0.8908093,0.7557775,0
1.0,0.8889651,0.7277455,0
1.0,0.8665392,0.67429554,0
1.0,0.85893023,0.6399754,0
1.0,0.88687384,0.65420693,0
1.0,0.8942975,0.65892255,0
1.0,0.8753352,0.64163214,0
1.0,0.8754561,0.660678,0
1.0,0.90471375,0.71973825,0
1.0,0.91129684,0.73264563,0
1.0,0.8918848,0.68794096,0
1.0,0.9047236,0.7091319,0
1.0,0.91070503,0.72244126,0
1.0,0.8994099,0.7063122,0
1.0,0.8676468,0.6700003,0
1.0,0.8693745,0.6787932,0
1.0,0.8772962,0.70260465,0
1.0,0.8677966,0.687062,0
1.0,0.84335935,0.6336452,0
1.0,0.85700995,0.637149,0
1.0,0.8650946,0.6183032,0
1.0,0.84912956,0.5795218,0
1.0,0.82606715,0.52601993,0
1.0,0.8415628,0.5173325,0
1.0,0.8493968,0.53847134,0
1.0,0.85168326,0.5488324,0
1.0,0.833742,0.50358194,0
1.0,0.84634614,0.5326227,0
1.0,0.8556138,0.56010544,0
1.0,0.8519333,0.5346747,0
1.0,0.8375096,0.51581794,0
1.0,0.83541685,0.5199969,0
1.0,0.8132465,0.5010886,0
1.0,0.7887963,0.47891665,0
1.0,0.78805846,0.48863393,0
1.0,0.761383,0.45842037,0
1.0,0.7781346,0.48353922,0
1.0,0.78349453,0.48040557,0
1.0,0.8043117,0.48440683,0
1.0,0.8002682,0.4640975,0
1.0,0.8246648,0.49303007,0
1.0,0.8138075,0.46695495,0
1.0,0.8238778,0.46691898,0
1.0,0.7931284,0.41437465,0
1.0,0.7941542,0.40484852,0
1.0,0.76687306,0.3613251,0
1.0,0.7815291,0.3662995,0
1.0,0.73731196,0.31666964,0
1.0,0.7491277,0.32168186,0
1.0,0.72188497,0.29884243,0
1.0,0.7678049,0.37406987,0
1.0,0.75446784,0.36753106,0
1.0,0.73801804,0.3563578,0
1.0,0.738069,0.3655853,0
1.0,0.7816591,0.416853,0
1.0,0.7613331,0.39460194,0
1.0,0.7454285,0.36560574,0
1.0,0.76352674,0.38197225,0
1.0,0.7944227,0.43385515,0
1.0,0.77883667,0.40123454,0
1.0,0.7376227,0.33682448,0
1.0,0.75498587,0.3483541,0
1.0,0.8035527,0.39444357,0
1.0,0.812708,0.38296783,0
1.0,0.80937487,0.35525873,0
1.0,0.82097906,0.36832142,0
1.0,0.86274666,0.4123134,0
1.0,0.8783851,0.4222537,0
1.0,0.86798084,0.41316307,0
1.0,0.872371,0.41487435,0
1.0,0.89884704,0.4567271,0
1.0,0.91040605,0.4800455,0
1.0,0.9004724,0.46988848,0
1.0,0.8875839,0.4626984,0
1.0,0.890719,0.4783839,0
1.0,0.89636344,0.4937831,0
1.0,0.89821756,0.49804193,0
1.0,0.87090236,0.47403622,0
1.0,0.86917233,0.47413775,0
1.0,0.873518,0.47458765,0
1.0,0.8827275,0.4755684,0
1.0,0.85882264,0.4211026,0
1.0,0.87183845,0.40715146,0
1.0,0.88159996,0.40044382,0
1.0,0.90830576,0.43534195,0
1.0,0.88635385,0.4297714,0
1.0,0.9012587,0.4458164,0
1.0,0.88599205,0.421874,0
1.0,0.8896925,0.4212028,0
1.0,0.87347484,0.38190055,0
1.0,0.86637646,0.3675448,0
1.0,0.8191915,0.33016855,0
1.0,0.8276014,0.34458518,0
1.0,0.8181646,0.35564524,0
1.0,0.8476542,0.40316892,0
1.0,0.79842824,0.3509934,0
1.0,0.8295681,0.39614725,0
1.0,0.8386207,0.40333775,0
1.0,0.8631028,0.41684076,0
1.0,0.820868,0.3620981,0
1.0,0.8497488,0.39174074,0
1.0,0.85675,0.40324503,0
1.0,0.88133657,0.42710534,0
1.0,0.84586763,0.3678714,0
1.0,0.8447196,0.34829968,0
1.0,0.8214993,0.30814144,0
1.0,0.83764523,0.31286424,0
1.0,0.7904071,0.26504052,0
1.0,0.7827142,0.26742536,0
1.0,0.78461856,0.27207768,0
1.0,0.8188235,0.3030452,0
1.0,0.7881645,0.27858207,0
1.0,0.80171853,0.3108452,0
1.0,0.786647,0.3078897,0
1.0,0.8231136,0.3526462,0
1.0,0.79610556,0.33587128,0
1.0,0.8136544,0.3587035,0
1.0,0.77620065,0.28914464,0
1.0,0.8026012,0.31363216,0
1.0,0.7903248,0.30642217,0
1.0,0.81335866,0.32797053,0
1.0,0.782291,0.2961267,0
1.0,0.8163918,0.32386833,0
1.0,0.77895945,0.27222854,0
1.0,0.7850886,0.272897,0
1.0,0.734953,0.21797326,0
1.0,0.75542104,0.23154481,0
1.0,0.73774517,0.22122233,0
1.0,0.78851753,0.26715654,0
1.0,0.76947284,0.25698125,0
1.0,0.7968723,0.30817032,0
1.0,0.7837728,0.3030452,0
1.0,0.82799095,0.36560547,0
1.0,0.7963353,0.350985,0
1.0,0.7435809,0.29984248,0
1.0,0.7483824,0.3118852,0
1.0,0.79950696,0.37295604,0
1.0,0.79107034,0.36518788,0
1.0,0.75623447,0.33433324,0
1.0,0.7817275,0.36476338,0
1.0,0.8282772,0.4078588,0
1.0,0.82296586,0.37764382,0
1.0,0.77459645,0.31921923,0
1.0,0.7836181,0.32484508,0
1.0,0.813374,0.34115148,0
1.0,0.8221922,0.34041303,0
1.0,0.7695762,0.28822654,0
1.0,0.7854459,0.29514092,0
1.0,0.8336598,0.3360731,0
1.0,0.8551237,0.3791202,0
1.0,0.82158977,0.34482688,0
1.0,0.8264931,0.34665734,0
1.0,0.85659176,0.38740724,0
1.0,0.8591657,0.3864695,0
1.0,0.79454374,0.32319897,0
1.0,0.79265565,0.33755106,0
1.0,0.8221683,0.36463547,0
1.0,0.82671463,0.36251193,0
1.0,0.7736456,0.3018422,0
1.0,0.77856237,0.29599127,0
1.0,0.79732466,0.30806798,0
1.0,0.8161829,0.31227362,0
1.0,0.7580634,0.23190771,0
1.0,0.76833606,0.23329887,0
1.0,0.77921224,0.23410946,0
1.0,0.80698204,0.23257735,0
1.0,0.73607594,0.16680896,0
1.0,0.7476329,0.1752116,0
1.0,0.752792,0.17737138,0
1.0,0.7811241,0.2005777,0
1.0,0.71917194,0.15127379,0
1.0,0.726823,0.1623352,0
1.0,0.72703123,0.18979818,0
1.0,0.7924838,0.2584858,0
1.0,0.7294623,0.20745596,0
1.0,0.7598838,0.2371499,0
1.0,0.7547132,0.23256347,0
1.0,0.80385286,0.27592012,0
1.0,0.7881781,0.25162673,0
1.0,0.8386015,0.2977625,0
1.0,0.8276083,0.2896436,0
1.0,0.8700525,0.31658018,0
1.0,0.84336597,0.28318164,0
1.0,0.84637105,0.2845753,0
1.0,0.82156277,0.25192857,0
1.0,0.8448039,0.27374664,0
1.0,0.81888014,0.23885873,0
1.0,0.8401039,0.24140406,0
1.0,0.799852,0.22359768,0
1.0,0.8525306,0.28411117,0
1.0,0.8554147,0.28853756,0
1.0,0.8682459,0.31371593,0
1.0,0.82838076,0.28468126,0
1.0,0.88165826,0.35010156,0
1.0,0.8725189,0.35288918,0
1.0,0.88463557,0.37036246,0
1.0,0.83180153,0.30543265,0
1.0,0.8490315,0.32608634,0
1.0,0.8419571,0.32364112,0
1.0,0.8499494,0.32228112,0
1.0,0.81838095,0.28456926,0
1.0,0.8496854,0.31420562,0
1.0,0.8191256,0.2712713,0
1.0,0.80282336,0.24105357,0
1.0,0.7924278,0.20273589,0
1.0,0.8184263,0.20819789,0
1.0,0.80882096,0.20194522,0
1.0,0.84112626,0.2372486,0
1.0,0.85386,0.25994647,0
1.0,0.88804907,0.3044295,0
1.0,0.87845147,0.2934165,0
1.0,0.89832574,0.31128252,0
1.0,0.906481,0.319026,0
1.0,0.8833902,0.31545296,0
1.0,0.83231664,0.27331057,0
1.0,0.85296065,0.2976252,0
1.0,0.8602971,0.32676393,0
1.0,0.8540473,0.32239774,0
1.0,0.81083924,0.27711436,0
1.0,0.8653681,0.33050752,0
1.0,0.8902999,0.3352238,0
1.0,0.89939666,0.3299149,0
1.0,0.86131954,0.29067975,0
1.0,0.8955435,0.31347984,0
1.0,0.897706,0.31209752,0
1.0,0.9056606,0.31878465,0
1.0,0.8777882,0.28231424,0
1.0,0.9068509,0.313186,0
1.0,0.90640837,0.3082727,0
1.0,0.9161734,0.312974,0
1.0,0.867956,0.2756979,0
1.0,0.881576,0.29778057,0
1.0,0.87246174,0.3054269,0
1.0,0.8780679,0.32147828,0
1.0,0.8395731,0.29387105,0
1.0,0.8457188,0.30744922,0
1.0,0.8477615,0.3020237,0
1.0,0.9023215,0.3618856,0
1.0,0.87357056,0.32972693,0
1.0,0.87771976,0.31835887,0
1.0,0.87222713,0.2960071,0
1.0,0.911114,0.32297364,0
1.0,0.88328815,0.2912867,0
1.0,0.87068266,0.27879208,0
1.0,0.83854467,0.2430397,0
1.0,0.86517566,0.24232258,0
1.0,0.8237575,0.19748093,0
1.0,0.80667037,0.18207213,0
1.0,0.77504057,0.15171607,0
1.0,0.82129425,0.18651226,0
1.0,0.79578257,0.17673878,0
1.0,0.7807453,0.18558085,0
1.0,0.7813155,0.19902286,0
1.0,0.8158271,0.22967577,0
1.0,0.8489095,0.25469226,0
1.0,0.8555596,0.26625055,0
1.0,0.8265069,0.2359379,0
1.0,0.8159033,0.219926,0
1.0,0.85225976,0.24908093,0
1.0,0.8579785,0.24691784,0
1.0,0.8273591,0.21961886,0
1.0,0.8091741,0.20398976,0
1.0,0.8530318,0.22604378,0
1.0,0.852374,0.21465522,0
1.0,0.81976455,0.18431275,0
1.0,0.7935418,0.15482119,0
1.0,0.8365462,0.17451525,0
1.0,0.8541263,0.559949,0
1.0,0.7686254,0.62856156,0
1.0,0.74739206,0.6283057,0
1.0,0.80240303,0.6681583,0
1.0,0.8014611,0.66405535,0
1.0,0.7763113,0.6583864,0
1.0,0.7646716,0.65335584,0
1.0,0.8108303,0.693901,0
1.0,0.8162383,0.7222397,0
1.0,0.76360595,0.7184406,0
1.0,0.7372396,0.7433169,0
1.0,0.76166195,0.8259529,0
1.0,0.76013047,0.89779794,0
1.0,0.76671845,0.9753225,0
1.0,0.76271117,1.0999715,0
1.0,0.7664116,1.2129889,0
1.0,0.75891143,1.3205025,0
1.0,0.7684889,1.4388,0
1.0,0.75532013,1.5731308,0
1.0,0.7935314,1.6759827,0
1.0,0.80164784,1.8380668,0
1.0,0.8168556,1.9505978,0
1.0,0.8124065,2.0571437,0
1.0,0.85359985,2.1564078,0
1.0,0.8589972,2.3170974,0
1.0,0.87652874,2.4743514,0
1.0,0.8769598,2.6741223,0
1.0,0.9050294,2.8069358,0
1.0,0.91511655,3.0179734,0
1.0,0.92823744,3.2189555,0
1.0,0.92463696,3.4789414,0
1.0,0.91839087,3.7913568,0
1.0,0.9214054,3.6620502,0
1.0,0.93202657,3.7343228,0
1.0,0.9386218,4.0169826,0
1.0,0.943062,4.3455806,0
1.0,0.9461526,4.674902,0
1.0,0.9483756,4.978632,0
1.0,0.9499384,5.3061543,0
1.0,0.95109034,5.620631,0
1.0,0.9522318,5.943309,0
1.0,0.95298004,6.2858496,0
1.0,0.95330423,6.5380664,0
1.0,0.95380706,6.8270283,0
1.0,0.95428026,7.1616125,0
1.0,0.9551939,7.3827534,0
1.0,0.95590234,7.6210976,0
1.0,0.95703816,7.81752,0
1.0,0.95804,7.9976816,0
1.0,0.9592623,8.284082,0
1.0,0.9599685,8.521622,0
1.0,0.9608483,8.764093,0
1.0,0.9615462,9.029655,0
1.0,0.96192473,9.268267,0
1.0,0.96274686,9.589897,0
1.0,0.9633211,9.90127,0
1.0,0.9638614,10.146492,0
1.0,0.9641392,10.408466,0
1.0,0.96449494,10.6164875,0
1.0,0.96451193,10.7584305,0
1.0,0.9647468,10.865822,0
1.0,0.9648009,11.018325,0
1.0,0.9645658,11.141504,0
1.0,0.9639524,11.220557,0
1.0,0.96375984,11.323317,0
1.0,0.9638121,11.371712,0
1.0,0.9634735,11.4091015,0
1.0,0.9633126,11.415397,0
1.0,0.96315765,11.449886,0
1.0,0.96354705,11.563812,0
1.0,0.96345323,11.582716,0
1.0,0.96367645,11.609432,0
1.0,0.9637964,11.647011,0
1.0,0.9643426,11.644138,0
1.0,0.9645537,11.761164,0
1.0,0.9646977,11.823742,0
1.0,0.96479166,11.828691,0
1.0,0.9651209,11.898647,0
1.0,0.96493053,11.862323,0
1.0,0.9648771,11.852577,0
1.0,0.9649315,11.894337,0
1.0,0.9649971,11.76087,0
1.0,0.9642704,11.663942,0
1.0,0.9636134,11.617463,0
1.0,0.9631685,11.48933,0
1.0,0.96293306,11.358094,0
1.0,0.96242106,11.198532,0
1.0,0.9620317,11.075817,0
1.0,0.9614793,10.914049,0
1.0,0.96148634,10.689264,0
1.0,0.961274,10.560396,0
1.0,0.9609785,10.50783,0
1.0,0.9606471,10.421486,0
1.0,0.96054316,10.2432995,0
1.0,0.9604916,10.186395,0
1.0,0.9601675,10.114918,0
1.0,0.96018517,9.954005,0
1.0,0.96008277,9.894623,0
1.0,0.95987505,9.768669,0
1.0,0.95966285,9.625528,0
1.0,0.9594225,9.432566,0
1.0,0.95895946,9.1840315,0
1.0,0.95851225,9.044935,0
1.0,0.9577011,8.833021,0
1.0,0.9567896,8.593878,0
1.0,0.9561387,8.408627,0
1.0,0.95504075,8.191866,0
1.0,0.9542897,7.959256,0
1.0,0.95327353,7.704832,0
1.0,0.9524943,7.468324,0
1.0,0.95221496,7.3161325,0
1.0,0.95158875,7.2096934,0
1.0,0.9511875,7.052457,0
1.0,0.9507421,6.949747,0
1.0,0.9506738,6.8980722,0
1.0,0.9508799,6.745225,0
1.0,0.95178634,6.5595026,0
1.0,0.9513095,6.4358783,0
1.0,0.9517306,6.2952013,0
1.0,0.95137614,6.0810857,0
1.0,0.94992596,5.94227,0
1.0,0.9484494,5.826845,0
1.0,0.9477371,5.634245,0
1.0,0.9458233,5.463664,0
1.0,0.94320357,5.325594,0
1.0,0.9406391,5.179555,0
1.0,0.9380216,4.958734,0
1.0,0.93576026,4.7681,0
1.0,0.9331234,4.632023,0
1.0,0.93034744,4.476427,0
1.0,0.9293779,4.3368216,0
1.0,0.9273136,4.1982718,0
1.0,0.9257042,4.0970607,0
1.0,0.92369163,3.9771886,0
1.0,0.9229783,3.8269253,0
1.0,0.92143947,3.7654397,0
1.0,0.91942424,3.6819367,0
1.0,0.91664207,3.5694757,0
1.0,0.9151933,3.454525,0
1.0,0.9114672,3.3277297,0
1.0,0.90581805,3.2351274,0
1.0,0.9012339,3.1366434,0
1.0,0.8969048,3.017402,0
1.0,0.89025515,2.87555,0
1.0,0.88197887,2.7346833,0
1.0,0.87401754,2.6092982,0
1.0,0.86439,2.447743,0
1.0,0.85347885,2.32259,0
1.0,0.83966017,2.2751174,0
1.0,0.82580805,2.2194347,0
1.0,0.8111597,2.1525505,0
1.0,0.79520464,2.0857909,0
1.0,0.77629393,2.0436907,0
1.0,0.7587133,2.0251927,0
1.0,0.74106383,2.0115623,0
1.0,0.7233233,1.9819388,0
1.0,0.70275354,1.9514275,0
1.0,0.6837951,1.944177,0
1.0,0.6679506,1.8971889,0
1.0,0.64824027,1.8295968,0
1.0,0.63760376,1.7769109,0
1.0,0.621121,1.7088845,0
1.0,0.5963812,1.6573807,0
1.0,0.5754671,1.6255056,0
1.0,0.55168414,1.5819108,0
1.0,0.533448,1.5422401,0
1.0,0.49284428,1.5557448,0
1.0,0.46802288,1.5024123,0
1.0,0.45894,1.4306169,0
1.0,0.4551365,1.3462367,0
1.0,0.43092874,1.3190007,0
1.0,0.41950917,1.269319,0
1.0,0.4222752,1.2049012,0
1.0,0.42663798,1.1714717,0
1.0,0.40830854,1.1547558,0
1.0,0.40402883,1.1113405,0
1.0,0.4056943,1.0777848,0
1.0,0.41224238,1.0153816,0
1.0,0.39079404,1.0235696,0
1.0,0.3854351,0.9952652,0
1.0,0.39220107,0.9136217,0
1.0,0.40452677,0.85315,0
1.0,0.38232678,0.84839034,0
1.0,0.38294685,0.79853296,0
1.0,0.37829673,0.7666651,0
1.0,0.39024588,0.6742494,0
1.0,0.3945323,0.60274017,0
1.0,0.40439233,0.53095645,0
1.0,0.41633046,0.45605117,0
1.0,0.4301536,0.40257144,0
1.0,0.44038072,0.35433763,0
1.0,0.45169526,0.32160023,0
1.0,0.45248693,0.3033586,0
1.0,0.46007702,0.28061372,0
1.0,0.46096864,0.2713276,0
1.0,0.46903425,0.25124568,0
1.0,0.47027224,0.23679185,0
1.0,0.48931804,0.2057045,0
1.0,0.48598057,0.18699898,0
1.0,0.5460156,0.14437923,0
1.0,0.5534429,0.1376972,0
1.0,0.5554745,0.12604167,0
1.0,0.5591526,0.1087749,0
1.0,0.61448044,0.09021333,0
1.0,0.62055737,0.082882464,0
1.0,0.62461627,0.07349439,0
1.0,0.6442884,0.074464105,0
1.0,0.70971954,0.085112005,0
1.0,0.71519876,0.08903709,0
1.0,0.7201924,0.08679248,0
1.0,0.7247361,0.08556623,0
1.0,0.7391694,0.099337205,0
1.0,0.7569197,0.11081777,0
1.0,0.7606767,0.11286265,0
1.0,0.7568114,0.124301314,0
1.0,0.7704869,0.13919389,0
1.0,0.78153455,0.1451221,0
1.0,0.7743517,0.14617553,0
1.0,0.7680834,0.15382004,0
1.0,0.77739125,0.16737938,0
1.0,0.78665906,0.18301475,0
1.0,0.7783998,0.19552511,0
1.0,0.78174007,0.21409386,0
1.0,0.78686535,0.23064509,0
1.0,0.8047102,0.26625234,0
1.0,0.8050397,0.27441943,0
1.0,0.8090293,0.29133645,0
1.0,0.7947567,0.29282242,0
1.0,0.7777667,0.28337327,0
1.0,0.7737526,0.2835402,0
1.0,0.7672575,0.28094566,0
1.0,0.7512939,0.27454653,0
1.0,0.735308,0.26600182,0
1.0,0.72521734,0.25319993,0
1.0,0.7361569,0.26383516,0
1.0,0.7335906,0.26672095,0
1.0,0.7000043,0.24112034,0
1.0,0.68229073,0.24298349,0
1.0,0.7237255,0.28155935,0
1.0,0.69328624,0.2447526,0
1.0,0.6873099,0.24860433,0
1.0,0.6730933,0.24615376,0
1.0,0.71446526,0.29645586,0
1.0,0.6870531,0.29480904,0
1.0,0.7062739,0.33796716,0
1.0,0.70641404,0.35324714,0
1.0,0.7617879,0.41984916,0
1.0,0.7002211,0.3533474,0
1.0,0.74151564,0.41162285,0
1.0,0.71682304,0.38693672,0
1.0,0.75076026,0.44492653,0
1.0,0.7044994,0.40256238,0
1.0,0.7569807,0.46391824,0
1.0,0.74649495,0.43611863,0
1.0,0.7832594,0.47086057,0
1.0,0.76882964,0.4444509,0
1.0,0.8133349,0.5028188,0
1.0,0.8194135,0.51817006,0
1.0,0.8246414,0.52915776,0
1.0,0.83252406,0.5456206,0
1.0,0.8512856,0.58146083,0
1.0,0.8538761,0.5809181,0
1.0,0.852407,0.57784545,0
1.0,0.8613122,0.6051431,0
1.0,0.84434694,0.5954163,0
1.0,0.8391847,0.6094209,0
1.0,0.8481253,0.66089857,0
1.0,0.87686646,0.72554004,0
1.0,0.86158377,0.6961005,0
1.0,0.85992837,0.66462964,0
1.0,0.869249,0.6765507,0
1.0,0.8875412,0.71398026,0
1.0,0.8660766,0.6687496,0
1.0,0.86309886,0.67786264,0
1.0,0.876069,0.7005853,0
1.0,0.89377373,0.6855532,0
1.0,0.86954015,0.62253934,0
1.0,0.85951555,0.59567195,0
1.0,0.87561584,0.60413027,0
1.0,0.8888331,0.62284076,0
1.0,0.8674907,0.59538597,0
1.0,0.8357768,0.5651868,0
1.0,0.8921413,0.67181563,0
1.0,0.8878386,0.6545138,0
1.0,0.8719692,0.6298808,0
1.0,0.8589878,0.6317822,0
1.0,0.8984898,0.7061541,0
1.0,0.88860047,0.68857205,0
1.0,0.90092903,0.7136287,0
1.0,0.8925274,0.71209085,0
1.0,0.9210478,0.7609059,0
1.0,0.9111768,0.7391821,0
1.0,0.9046499,0.71732146,0
1.0,0.8876567,0.6882701,0
1.0,0.9053856,0.71503633,0
1.0,0.8940675,0.6737789,0
1.0,0.8800805,0.6411163,0
1.0,0.87472636,0.6220012,0
1.0,0.8903708,0.6143909,0
1.0,0.8933912,0.6048007,0
1.0,0.8646851,0.55910826,0
1.0,0.8694023,0.5862267,0
1.0,0.87971455,0.6094359,0
1.0,0.8835668,0.62120736,0
1.0,0.84572,0.6039009,0
1.0,0.86128974,0.6120875,0
1.0,0.84801775,0.5895593,0
1.0,0.8524797,0.63466495,0
1.0,0.81241816,0.5848067,0
1.0,0.8194721,0.6080348,0
1.0,0.81373125,0.6086322,0
1.0,0.84989303,0.651319,0
1.0,0.7851081,0.5448077,0
1.0,0.811437,0.5720284,0
1.0,0.8023989,0.528538,0
1.0,0.8406628,0.57660025,0
1.0,0.80596167,0.5348692,0
1.0,0.8213945,0.5466029,0
1.0,0.8018594,0.51089776,0
1.0,0.83081585,0.5769314,0
1.0,0.7943661,0.5250777,0
1.0,0.7998199,0.5203519,0
1.0,0.7945901,0.5263687,0
1.0,0.8206672,0.5644449,0
1.0,0.8115552,0.5788791,0
1.0,0.82177025,0.6167842,0
1.0,0.8165823,0.60885584,0
1.0,0.84537226,0.6843963,0
1.0,0.82817006,0.6553798,0
1.0,0.83708376,0.66265106,0
1.0,0.82601506,0.6851447,0
1.0,0.8493811,0.7232079,0
1.0,0.82703847,0.688774,0
1.0,0.84405416,0.71263474,0
1.0,0.8186126,0.65570545,0
1.0,0.83537513,0.67427844,0
1.0,0.79964256,0.5895701,0
1.0,0.82240015,0.6196301,0
1.0,0.77876866,0.5761191,0
1.0,0.8142792,0.61138165,0
1.0,0.78779304,0.5742936,0
1.0,0.82316375,0.6271977,0
1.0,0.79343253,0.58008176,0
1.0,0.8405082,0.6660457,0
1.0,0.8149815,0.6359579,0
1.0,0.8337199,0.67687297,0
1.0,0.7896822,0.63174355,0
1.0,0.83513075,0.73189735,0
1.0,0.8246038,0.7456956,0
1.0,0.8457223,0.7798928,0
1.0,0.8107587,0.7222477,0
1.0,0.862393,0.78721106,0
1.0,0.86055154,0.7625102,0
1.0,0.8818698,0.7899529,0
1.0,0.8545975,0.72108513,0
1.0,0.8873887,0.7876801,0
1.0,0.8893623,0.77535677,0
1.0,0.9001142,0.77170295,0
1.0,0.87071854,0.74020433,0
1.0,0.8895795,0.7414659,0
1.0,0.8962064,0.751225,0
1.0,0.8959916,0.7758147,0
1.0,0.8734592,0.70202625,0
1.0,0.8753033,0.72898614,0
1.0,0.88876355,0.7776706,0
1.0,0.8817782,0.760954,0
1.0,0.87082595,0.76328,0
1.0,0.86264485,0.7485718,0
1.0,0.89248544,0.79566526,0
1.0,0.8971789,0.8209987,0
1.0,0.8916302,0.7894198,0
1.0,0.8744145,0.7556926,0
1.0,0.89525074,0.7902433,0
1.0,0.89069736,0.7801485,0
1.0,0.8792054,0.76683456,0
1.0,0.8384341,0.6854855,0
1.0,0.8750247,0.74211085,0
1.0,0.8568321,0.69202584,0
1.0,0.83628446,0.6231731,0
1.0,0.78084606,0.5243211,0
1.0,0.83059496,0.5563018,0
1.0,0.8041655,0.5178099,0
1.0,0.78851306,0.5188358,0
1.0,0.7456538,0.47234824,0
1.0,0.8077231,0.57928586,0
1.0,0.8005571,0.58060205,0
1.0,0.78917885,0.5786536,0
1.0,0.77560115,0.56322336,0
1.0,0.81832325,0.6334471,0
1.0,0.8159796,0.63953733,0
1.0,0.79399115,0.59158456,0
1.0,0.7785812,0.56514525,0
1.0,0.812794,0.6114061,0
1.0,0.8199627,0.6171684,0
1.0,0.8029481,0.5910373,0
1.0,0.8015255,0.5592868,0
1.0,0.82637185,0.57505023,0
1.0,0.83634174,0.5783984,0
1.0,0.81426954,0.5284208,0
1.0,0.8249533,0.55521,0
1.0,0.8268719,0.5769665,0
1.0,0.8444722,0.6122386,0
1.0,0.82194436,0.6018843,0
1.0,0.85753316,0.64932144,0
1.0,0.85606337,0.655414,0
1.0,0.88560337,0.70240134,0
1.0,0.875763,0.6790123,0
1.0,0.8968372,0.75571877,0
1.0,0.87602997,0.7220461,0
1.0,0.87527615,0.7308961,0
1.0,0.87439054,0.77709246,0
1.0,0.8869517,0.7857255,0
1.0,0.8745858,0.7699059,0
1.0,0.8762869,0.771369,0
1.0,0.88645285,0.75551116,0
1.0,0.8935997,0.7417273,0
1.0,0.8913686,0.7091424,0
1.0,0.8894875,0.6970211,0
1.0,0.89693743,0.7280861,0
1.0,0.90668696,0.7420366,0
1.0,0.9083767,0.73333436,0
1.0,0.9114459,0.7517022,0
1.0,0.9294236,0.79839134,0
1.0,0.9331745,0.81028026,0
1.0,0.94192374,0.83172077,0
1.0,0.93750656,0.83027756,0
1.0,0.9419983,0.85099447,0
1.0,0.92501384,0.8393086,0
1.0,0.93786156,0.884219,0
1.0,0.93050987,0.8837794,0
1.0,0.9320315,0.89413816,0
1.0,0.9231906,0.86997515,0
1.0,0.94150645,0.86607844,0
1.0,0.9452666,0.8339942,0
1.0,0.9479654,0.8141991,0
1.0,0.9418568,0.7955706,0
1.0,0.9546782,0.8132162,0
1.0,0.9584978,0.8400948,0
1.0,0.95134735,0.8267876,0
1.0,0.9409325,0.7764683,0
1.0,0.95092064,0.79055077,0
1.0,0.9541953,0.78183657,0
1.0,0.9445448,0.7351848,0
1.0,0.9269738,0.72169733,0
1.0,0.93206143,0.7456192,0
1.0,0.9342573,0.77993906,0
1.0,0.9205674,0.77998596,0
1.0,0.8968222,0.7545449,0
1.0,0.9061394,0.7899914,0
1.0,0.91951555,0.8122394,0
1.0,0.90912104,0.75347483,0
1.0,0.89602697,0.7255175,0
1.0,0.8978716,0.74434686,0
1.0,0.9123904,0.741746,0
1.0,0.911801,0.7284228,0
1.0,0.8837325,0.6875508,0
1.0,0.8827537,0.6779135,0
1.0,0.8878927,0.66137606,0
1.0,0.8799847,0.6209462,0
1.0,0.85046446,0.56686693,0
1.0,0.83976346,0.53863597,0
1.0,0.84766114,0.5555668,0
1.0,0.8510979,0.5831226,0
1.0,0.83678246,0.58121,0
1.0,0.8380418,0.61003804,0
1.0,0.84040165,0.6309166,0
1.0,0.8629632,0.6759511,0
1.0,0.8552414,0.69307613,0
1.0,0.8505431,0.682461,0
1.0,0.8295957,0.6220281,0
1.0,0.8490128,0.6564722,0
1.0,0.8491448,0.66371286,0
1.0,0.8284044,0.6516572,0
1.0,0.8135633,0.6365149,0
1.0,0.8313559,0.64499265,0
1.0,0.82390827,0.6248754,0
1.0,0.80708987,0.5789081,0
1.0,0.8014948,0.5420262,0
1.0,0.834464,0.5920651,0
1.0,0.8514286,0.60527015,0
1.0,0.8218303,0.56294715,0
1.0,0.8251101,0.6037523,0
1.0,0.8341901,0.6324549,0
1.0,0.86383486,0.6775782,0
1.0,0.8573704,0.6564188,0
1.0,0.85580766,0.65817064,0
1.0,0.86658585,0.68482804,0
1.0,0.86223716,0.69445646,0
1.0,0.8359806,0.6653824,0
1.0,0.8289643,0.6617123,0
1.0,0.8302853,0.6738,0
1.0,0.8294864,0.66782427,0
1.0,0.81926996,0.64372104,0
1.0,0.82524174,0.6359591,0
1.0,0.82082754,0.61174357,0
1.0,0.809092,0.5947832,0
1.0,0.79726833,0.5694423,0
1.0,0.79508996,0.56711364,0
1.0,0.79968077,0.56434166,0
1.0,0.78179055,0.52027184,0
1.0,0.781377,0.52244675,0
1.0,0.7736681,0.5132229,0
1.0,0.7746553,0.51768196,0
1.0,0.73285264,0.4719488,0
1.0,0.73921245,0.47119185,0
1.0,0.7249442,0.46211785,0
1.0,0.7575721,0.5375141,0
1.0,0.68117976,0.4341135,0
1.0,0.6978176,0.46205914,0
1.0,0.7026559,0.47743326,0
1.0,0.7291102,0.500002,0
1.0,0.68249,0.45572054,0
1.0,0.71838355,0.50599444,0
1.0,0.7129361,0.47240695,0
1.0,0.7681851,0.5582508,0
1.0,0.7178039,0.4716506,0
1.0,0.7508923,0.50633234,0
1.0,0.7488355,0.5060122,0
1.0,0.794961,0.56134415,0
1.0,0.73898655,0.4818401,0
1.0,0.78039646,0.5669191,0
1.0,0.77577513,0.5799961,0
1.0,0.83121395,0.6734283,0
1.0,0.7969883,0.6288327,0
1.0,0.81978786,0.67307556,0
1.0,0.8247434,0.700003,0
1.0,0.8474045,0.75633323,0
1.0,0.818021,0.71911347,0
1.0,0.8325926,0.7614213,0
1.0,0.8371978,0.77824825,0
1.0,0.850999,0.8097001,0
1.0,0.83015096,0.7696333,0
1.0,0.8387312,0.76609063,0
1.0,0.8470665,0.7759042,0
1.0,0.8610819,0.808155,0
1.0,0.8471662,0.7747784,0
1.0,0.84382075,0.7688572,0
1.0,0.8700298,0.83760875,0
1.0,0.87290424,0.8222864,0
1.0,0.85574317,0.788302,0
1.0,0.86389863,0.8146528,0
1.0,0.8817027,0.8644216,0
1.0,0.87951016,0.8984601,0
1.0,0.87270916,0.8940977,0
1.0,0.87129205,0.9064875,0
1.0,0.89326453,0.98550916,0
1.0,0.87591845,0.9620582,0
1.0,0.8648554,0.9642763,0
1.0,0.86217034,0.9828579,0
1.0,0.87568384,1.0136038,0
1.0,0.86284274,0.99971384,0
1.0,0.85038537,0.9728286,0
1.0,0.8554673,0.9421274,0
1.0,0.87481457,0.95541596,0
1.0,0.86787885,0.9428402,0
1.0,0.8560856,0.9091439,0
1.0,0.849594,0.88777393,0
1.0,0.8644325,0.91750157,0
1.0,0.8404863,0.8568593,0
1.0,0.82940984,0.8132769,0
1.0,0.830106,0.8052508,0
1.0,0.82828426,0.7957462,0
1.0,0.80106926,0.75863147,0
1.0,0.80730987,0.79442126,0
1.0,0.7934992,0.80881083,0
1.0,0.7984351,0.837533,0
1.0,0.78774345,0.8102629,0
1.0,0.7951759,0.8250382,0
1.0,0.78828657,0.8148638,0
1.0,0.7771796,0.7647153,0
1.0,0.7817837,0.77574474,0
1.0,0.7824774,0.812509,0
1.0,0.78926677,0.82114804,0
1.0,0.77220416,0.76310205,0
1.0,0.7905599,0.77762115,0
1.0,0.79784125,0.7689434,0
1.0,0.8021926,0.74860716,0
1.0,0.799838,0.711938,0
1.0,0.81584394,0.70823973,0
1.0,0.8191472,0.711752,0
1.0,0.8257036,0.7157222,0
1.0,0.8016366,0.67597556,0
1.0,0.83026505,0.7670554,0
1.0,0.8239432,0.7630781,0
1.0,0.8399803,0.7948374,0
1.0,0.82904327,0.80288994,0
1.0,0.8464634,0.8447442,0
1.0,0.83522075,0.8474231,0
1.0,0.8518036,0.8961424,0
1.0,0.8436426,0.8744384,0
1.0,0.857925,0.90907514,0
1.0,0.8422967,0.87271047,0
1.0,0.8534745,0.8709307,0
1.0,0.8523989,0.8628902,0
1.0,0.85823816,0.8571489,0
1.0,0.8508415,0.81912005,0
1.0,0.84857416,0.78589755,0
1.0,0.85049367,0.7846402,0
1.0,0.8549868,0.80719244,0
1.0,0.8448129,0.77664137,0
1.0,0.83898264,0.754089,0
1.0,0.8360164,0.7730617,0
1.0,0.8339701,0.78765404,0
1.0,0.8258969,0.76042,0
1.0,0.83036804,0.7718653,0
1.0,0.84153146,0.817209,0
1.0,0.8359122,0.8272432,0
1.0,0.83392084,0.837902,0
1.0,0.82781184,0.853353,0
1.0,0.83677995,0.87938714,0
1.0,0.8180211,0.8554627,0
1.0,0.8105649,0.85597897,0
1.0,0.79664636,0.8283293,0
1.0,0.8158343,0.8511596,0
1.0,0.8069483,0.7836347,0
1.0,0.8178234,0.7872468,0
1.0,0.7963194,0.7584448,0
1.0,0.81604165,0.77484155,0
1.0,0.79087776,0.72155774,0
1.0,0.81193227,0.75319386,0
1.0,0.7891766,0.7128624,0
1.0,0.8064,0.7406165,0
1.0,0.7836663,0.704556,0
1.0,0.7966453,0.75882584,0
1.0,0.78134024,0.7724231,0
1.0,0.7849331,0.8046621,0
1.0,0.7780099,0.8078714,0
1.0,0.8002722,0.8569927,0
1.0,0.78440577,0.82699776,0
1.0,0.796786,0.83807707,0
1.0,0.7787571,0.8035226,0
1.0,0.8054092,0.877741,0
1.0,0.7816164,0.8591359,0
1.0,0.8005603,0.87149024,0
1.0,0.7916508,0.82465714,0
1.0,0.82089543,0.8624717,0
1.0,0.8072846,0.82609695,0
1.0,0.818121,0.827222,0
1.0,0.80960286,0.7842473,0
1.0,0.8164851,0.79600286,0
1.0,0.8120983,0.7983757,0
1.0,0.8124445,0.8066897,0
1.0,0.8093495,0.81440926,0
1.0,0.81368387,0.8243432,0
1.0,0.81275135,0.8437425,0
1.0,0.82957405,0.8972161,0
1.0,0.8175199,0.8837994,0
1.0,0.82486075,0.9000716,0
1.0,0.8231546,0.89897627,0
1.0,0.8409799,0.926935,0
1.0,0.8283924,0.8918223,0
1.0,0.82981753,0.9068131,0
1.0,0.81897736,0.8814168,0
1.0,0.83045894,0.8873581,0
1.0,0.8189906,0.8565483,0
1.0,0.8163704,0.81824434,0
1.0,0.8051781,0.76412594,0
1.0,0.82425904,0.76717293,0
1.0,0.8066806,0.72299236,0
1.0,0.8105238,0.73942494,0
1.0,0.7945058,0.72073007,0
1.0,0.81553304,0.76885426,0
1.0,0.7922545,0.7364184,0
1.0,0.80779386,0.7628211,0
1.0,0.7937645,0.738891,0
1.0,0.8121094,0.7742826,0
1.0,0.7950128,0.77140665,0
1.0,0.7983199,0.7829658,0
1.0,0.7917691,0.7674462,0
1.0,0.80603486,0.8022796,0
1.0,0.802504,0.8043085,0
1.0,0.8000576,0.7873039,0
1.0,0.8085088,0.7748469,0
1.0,0.8147067,0.7627258,0
1.0,0.8147117,0.73156,0
1.0,0.8089979,0.68664753,0
1.0,0.8165278,0.6772103,0
1.0,0.8285236,0.68569136,0
1.0,0.82959473,0.6843713,0
1.0,0.81746083,0.66327536,0
1.0,0.8248548,0.67032146,0
1.0,0.8213744,0.6580987,0
1.0,0.83476967,0.6868274,0
1.0,0.8226545,0.6687658,0
1.0,0.81948507,0.65388995,0
1.0,0.809195,0.6579116,0
1.0,0.8214414,0.70635426,0
1.0,0.82403964,0.7116,0
1.0,0.8298002,0.7306926,0
1.0,0.8261391,0.72731966,0
1.0,0.8551042,0.7600647,0
1.0,0.8590356,0.74642944,0
1.0,0.8582726,0.7405916,0
1.0,0.84328204,0.7088933,0
1.0,0.8579321,0.71053565,0
1.0,0.8547083,0.67295194,0
1.0,0.83737314,0.623469,0
1.0,0.8121885,0.5768932,0
1.0,0.8285102,0.57912296,0
1.0,0.8231163,0.5667242,0
1.0,0.80903226,0.5547752,0
1.0,0.77518564,0.5083755,0
1.0,0.79797375,0.540463,0
1.0,0.7886397,0.53756964,0
1.0,0.7766492,0.5364562,0
1.0,0.7361317,0.48556066,0
1.0,0.77273923,0.5473764,0
1.0,0.75917107,0.55426157,0
1.0,0.7595263,0.5566303,0
1.0,0.7225197,0.5034226,0
1.0,0.7707737,0.5879368,0
1.0,0.74590105,0.5518641,0
1.0,0.74967,0.5448256,0
1.0,0.7302647,0.5113146,0
1.0,0.7783681,0.5642487,0
1.0,0.7727374,0.53244686,0
1.0,0.77090794,0.52693546,0
1.0,0.7530373,0.48560682,0
1.0,0.7925082,0.51067924,0
1.0,0.7840209,0.5065123,0
1.0,0.7872765,0.50553906,0
1.0,0.79778856,0.5211712,0
1.0,0.8187608,0.56798697,0
1.0,0.8241892,0.5875399,0
1.0,0.8225784,0.6182656,0
1.0,0.8334187,0.6364933,0
1.0,0.85273385,0.66676795,0
1.0,0.865621,0.69780505,0
1.0,0.8524834,0.6707229,0
1.0,0.8543701,0.6857171,0
1.0,0.8660661,0.71458673,0
1.0,0.86931425,0.7287128,0
1.0,0.86548877,0.7264153,0
1.0,0.8544873,0.6835748,0
1.0,0.87109524,0.69076455,0
1.0,0.8814565,0.69151986,0
1.0,0.87856865,0.67061543,0
1.0,0.86504745,0.65418184,0
1.0,0.85362613,0.6342025,0
1.0,0.8635754,0.6399987,0
1.0,0.85731405,0.62398267,0
1.0,0.8474093,0.60919946,0
1.0,0.845017,0.603011,0
1.0,0.865736,0.6247848,0
1.0,0.8713998,0.6486796,0
1.0,0.8373778,0.62930137,0
1.0,0.8411368,0.6513859,0
1.0,0.8531596,0.68262196,0
1.0,0.8751248,0.7291658,0
1.0,0.8373825,0.6774434,0
1.0,0.83651495,0.6911486,0
1.0,0.83638316,0.68382716,0
1.0,0.8690362,0.72391397,0
1.0,0.84563965,0.6765393,0
1.0,0.84016585,0.65734977,0
1.0,0.85032123,0.6523503,0
1.0,0.8801757,0.6509197,0
1.0,0.86978406,0.64352,0
1.0,0.86086565,0.6490421,0
1.0,0.8698768,0.6559367,0
1.0,0.8931425,0.70737946,0
1.0,0.866348,0.6899214,0
1.0,0.87215686,0.69856906,0
1.0,0.87534183,0.689768,0
1.0,0.90001684,0.728503,0
1.0,0.8822473,0.7174748,0
1.0,0.8690713,0.71549517,0
1.0,0.86574656,0.7153982,0
1.0,0.89218175,0.74889153,0
1.0,0.88832766,0.73505235,0
1.0,0.88003093,0.73511815,0
1.0,0.8768315,0.722615,0
1.0,0.8847839,0.72012377,0
1.0,0.8905259,0.7134367,0
1.0,0.8740303,0.6599843,0
1.0,0.884063,0.6690073,0
1.0,0.88809896,0.66327167,0
1.0,0.9008706,0.6599076,0
1.0,0.8729701,0.61430705,0
1.0,0.8984152,0.6561006,0
1.0,0.9087317,0.67162573,0
1.0,0.90948296,0.66719574,0
1.0,0.88829166,0.6270028,0
1.0,0.9063315,0.6531408,0
1.0,0.9112791,0.66820157,0
1.0,0.90807796,0.6659868,0
1.0,0.8687578,0.6064495,0
1.0,0.87480927,0.65436566,0
1.0,0.8811087,0.68740433,0
1.0,0.87174284,0.6564304,0
1.0,0.8596084,0.63143915,0
1.0,0.8697085,0.63806653,0
1.0,0.89297193,0.6509427,0
1.0,0.8868385,0.59444886,0
1.0,0.8963023,0.5850063,0
1.0,0.90440667,0.59311664,0
1.0,0.924006,0.6079521,0
1.0,0.91176695,0.5791895,0
1.0,0.9134821,0.5688344,0
1.0,0.9047041,0.54860586,0
1.0,0.92130286,0.572526,0
1.0,0.90028626,0.5415898,0
1.0,0.9044457,0.54301167,0
1.0,0.8725925,0.49665087,0
1.0,0.8839364,0.5336275,0
1.0,0.8713474,0.52730954,0
1.0,0.86752135,0.52599955,0
1.0,0.83260673,0.49373996,0
1.0,0.8459047,0.517247,0
1.0,0.8368076,0.5139457,0
1.0,0.8355542,0.5027224,0
1.0,0.79704183,0.42530024,0
1.0,0.8204802,0.44438916,0
1.0,0.82881933,0.44310692,0
1.0,0.850483,0.44979197,0
1.0,0.84255576,0.43375325,0
1.0,0.84925216,0.43740147,0
1.0,0.8378656,0.4231536,0
1.0,0.8436872,0.43406093,0
1.0,0.8196352,0.3716984,0
1.0,0.8279529,0.36290163,0
1.0,0.8258728,0.3731689,0
1.0,0.8509593,0.38708997,0
1.0,0.8361763,0.37371874,0
1.0,0.8397131,0.4079095,0
1.0,0.8196846,0.39556462,0
1.0,0.85134786,0.44285673,0
1.0,0.86199623,0.46335077,0
1.0,0.8541458,0.4572615,0
1.0,0.83901703,0.43340886,0
1.0,0.86166227,0.45233727,0
1.0,0.86852264,0.4683273,0
1.0,0.86264753,0.45770872,0
1.0,0.8544425,0.4306204,0
1.0,0.87258536,0.43632674,0
1.0,0.8804875,0.43273357,0
1.0,0.8764572,0.40923774,0
1.0,0.8554406,0.3757419,0
1.0,0.84672636,0.36160615,0
1.0,0.84374183,0.3600636,0
1.0,0.86219686,0.38573724,0
1.0,0.84712535,0.35643446,0
1.0,0.82678103,0.3446998,0
1.0,0.8288942,0.36005482,0
1.0,0.8511136,0.39828396,0
1.0,0.82471997,0.39835966,0
1.0,0.7904597,0.36474305,0
1.0,0.8166821,0.39839363,0
1.0,0.8509366,0.45576265,0
1.0,0.8335307,0.42893076,0
1.0,0.79949814,0.38401645,0
1.0,0.82952994,0.42117697,0
1.0,0.8564202,0.44962844,0
1.0,0.83278984,0.4055484,0
1.0,0.79454905,0.35603088,0
1.0,0.80638695,0.36495042,0
1.0,0.83696884,0.37210733,0
1.0,0.8112638,0.33083063,0
1.0,0.77659136,0.30280143,0
1.0,0.7921134,0.31858936,0
1.0,0.81924886,0.35063356,0
1.0,0.80782086,0.34209234,0
1.0,0.7969756,0.3343777,0
1.0,0.8073452,0.34970427,0
1.0,0.80754477,0.35657763,0
1.0,0.7827711,0.35216945,0
1.0,0.75314426,0.34859952,0
1.0,0.76085114,0.371256,0
1.0,0.7947364,0.42508754,0
1.0,0.79806477,0.43538842,0
1.0,0.79751235,0.43361875,0
1.0,0.8017486,0.42303395,0
1.0,0.84795505,0.46891445,0
1.0,0.86038446,0.48570228,0
1.0,0.8596037,0.47127306,0
1.0,0.84755313,0.45678964,0
1.0,0.8836071,0.49593472,0
1.0,0.8817042,0.46929526,0
1.0,0.87354946,0.46196863,0
1.0,0.8713745,0.45289382,0
1.0,0.8958591,0.48606023,0
1.0,0.88431066,0.488931,0
1.0,0.8633342,0.4667227,0
1.0,0.86498064,0.49800438,0
1.0,0.90046906,0.5715431,0
1.0,0.8870098,0.5610714,0
1.0,0.86800563,0.5466918,0
1.0,0.8703645,0.55881757,0
1.0,0.90762186,0.62780905,0
1.0,0.88561094,0.6000178,0
1.0,0.86649114,0.5669496,0
1.0,0.8645531,0.56741405,0
1.0,0.8935533,0.6034506,0
1.0,0.870426,0.56637216,0
1.0,0.8408262,0.5233538,0
1.0,0.8322409,0.5026909,0
1.0,0.8593869,0.5326693,0
1.0,0.8121613,0.45810604,0
1.0,0.76426727,0.39628923,0
1.0,0.75778204,0.3724044,0
1.0,0.7901987,0.39949203,0
1.0,0.74010515,0.36609587,0
1.0,0.7010545,0.32958946,0
1.0,0.7167042,0.3575626,0
1.0,0.74893284,0.41461116,0
1.0,0.7204357,0.3964072,0
1.0,0.725229,0.41393524,0
1.0,0.7521182,0.440979,0
1.0,0.7549343,0.45994276,0
1.0,0.723667,0.42752817,0
1.0,0.701792,0.39918718,0
1.0,0.7147928,0.42259902,0
1.0,0.7282133,0.42707276,0
1.0,0.70430493,0.39288646,0
1.0,0.71296793,0.3958305,0
1.0,0.7126691,0.37017667,0
1.0,0.73776853,0.3874219,0
1.0,0.7101205,0.34032458,0
1.0,0.7234286,0.3625528,0
1.0,0.709117,0.36577672,0
1.0,0.7308857,0.39173827,0
1.0,0.72843105,0.4090389,0
1.0,0.7747996,0.4658677,0
1.0,0.7398907,0.42164612,0
1.0,0.7978741,0.52138484,0
1.0,0.7768573,0.4979114,0
1.0,0.8177064,0.5714568,0
1.0,0.7543253,0.5011865,0
1.0,0.78898066,0.55440235,0
1.0,0.77242297,0.5425575,0
1.0,0.8046092,0.5693444,0
1.0,0.735341,0.48923957,0
1.0,0.7695386,0.55128646,0
1.0,0.74263626,0.47723064,0
1.0,0.7988824,0.5507751,0
1.0,0.7467591,0.47268236,0
1.0,0.7750157,0.49168763,0
1.0,0.76390105,0.48652974,0
1.0,0.8035921,0.5519943,0
1.0,0.79069877,0.5409845,0
1.0,0.83506113,0.6041716,0
1.0,0.8342576,0.6192614,0
1.0,0.85804254,0.6737987,0
1.0,0.8550179,0.6997633,0
1.0,0.87252134,0.7744286,0
1.0,0.8470901,0.7449582,0
1.0,0.8363687,0.7477852,0
1.0,0.8416607,0.7637156,0
1.0,0.8538881,0.78305244,0
1.0,0.8550618,0.8164532,0
1.0,0.8529396,0.8082895,0
1.0,0.8660805,0.81060815,0
1.0,0.88141125,0.84529924,0
1.0,0.8788676,0.8253117,0
1.0,0.8759826,0.81121004,0
1.0,0.8732215,0.80113554,0
1.0,0.8874264,0.8147135,0
1.0,0.88625747,0.8213714,0
1.0,0.8758565,0.8012954,0
1.0,0.870137,0.7924406,0
1.0,0.878396,0.83259755,0
1.0,0.8773685,0.8363954,0
1.0,0.8664441,0.83364654,0
1.0,0.85402423,0.82914555,0
1.0,0.84388834,0.80998516,0
1.0,0.8326101,0.8138343,0
1.0,0.8116469,0.8047358,0
1.0,0.787776,0.78600144,0
1.0,0.7944883,0.8220964,0
1.0,0.7957248,0.8092828,0
1.0,0.7885347,0.790894,0
1.0,0.7740605,0.77874005,0
1.0,0.76572126,0.7510849,0
1.0,0.76266134,0.7314744,0
1.0,0.74482524,0.6928391,0
1.0,0.73973477,0.6524849,0
1.0,0.7292987,0.6136137,0
1.0,0.74288654,0.6235002,0
1.0,0.71844494,0.5730071,0
1.0,0.733266,0.6124369,0
1.0,0.7152011,0.6019726,0
1.0,0.7383435,0.6404289,0
1.0,0.7361238,0.6596843,0
1.0,0.7521715,0.7102589,0
1.0,0.7422052,0.69371223,0
1.0,0.7509501,0.7213841,0
1.0,0.7486563,0.752591,0
1.0,0.75175893,0.7567282,0
1.0,0.7466914,0.75370276,0
1.0,0.76166296,0.79250944,0
1.0,0.7748141,0.7997012,0
1.0,0.7723542,0.8000754,0
1.0,0.77732205,0.8025372,0
1.0,0.79024076,0.8019065,0
1.0,0.8085123,0.81801325,0
1.0,0.80400866,0.7804565,0
1.0,0.81059784,0.78122866,0
1.0,0.8145073,0.7885115,0
1.0,0.81880164,0.7858992,0
1.0,0.8048972,0.76018083,0
1.0,0.8186083,0.7806893,0
1.0,0.8238811,0.79951394,0
1.0,0.83384275,0.8175274,0
1.0,0.82514757,0.78822273,0
1.0,0.84089434,0.82892966,0
1.0,0.8353484,0.8521021,0
1.0,0.82616884,0.8588196,0
1.0,0.8141134,0.8479136,0
1.0,0.8356181,0.8810156,0
1.0,0.8361026,0.89000845,0
1.0,0.83052903,0.8859477,0
1.0,0.8257782,0.85663193,0
1.0,0.84876204,0.8855102,0
1.0,0.84310764,0.8580694,0
1.0,0.82593673,0.7965019,0
1.0,0.817981,0.7616967,0
1.0,0.82665294,0.77300096,0
1.0,0.8128754,0.73625076,0
1.0,0.7913763,0.68238044,0
1.0,0.78797966,0.6970967,0
1.0,0.8015513,0.7195548,0
1.0,0.78697366,0.687742,0
1.0,0.77120143,0.6936954,0
1.0,0.7761983,0.70467687,0
1.0,0.7768976,0.6942382,0
1.0,0.7517645,0.6736303,0
1.0,0.7345933,0.6735072,0
1.0,0.7345852,0.6961336,0
1.0,0.74901885,0.7490123,0
1.0,0.7396922,0.7416959,0
1.0,0.7400677,0.72778475,0
1.0,0.7577358,0.741172,0
1.0,0.77078646,0.7529837,0
1.0,0.76596004,0.73288065,0
1.0,0.7717059,0.73121923,0
1.0,0.7695979,0.723962,0
1.0,0.773278,0.7351068,0
1.0,0.7704202,0.71161306,0
1.0,0.76773536,0.6835011,0
1.0,0.76414627,0.6747159,0
1.0,0.7890006,0.718606,0
1.0,0.7948244,0.73050416,0
1.0,0.79047877,0.74428123,0
1.0,0.7888454,0.80582464,0
1.0,0.8147822,0.9045796,0
1.0,0.82782066,0.93749624,0
1.0,0.8337691,0.97512966,0
1.0,0.8365717,0.9969782,0
1.0,0.8565712,1.030982,0
1.0,0.86091185,1.0456214,0
1.0,0.86709356,1.0500138,0
1.0,0.8595011,1.0147011,0
1.0,0.8718293,1.0387657,0
1.0,0.86897206,1.0466597,0
1.0,0.87253255,1.0341413,0
1.0,0.85517883,0.979025,0
1.0,0.8589353,0.9922873,0
1.0,0.84939575,0.9542695,0
1.0,0.8481201,0.9188881,0
1.0,0.8410662,0.90652066,0
1.0,0.8482716,0.91643655,0
1.0,0.8417824,0.9164057,0
1.0,0.85823977,0.9842465,0
1.0,0.8559077,1.0059316,0
1.0,0.8589286,1.0337901,0
1.0,0.86110336,1.0498872,0
1.0,0.8751401,1.0841079,0
1.0,0.8644377,1.0779748,0
1.0,0.85313743,1.0505695,0
1.0,0.8406638,1.0335063,0
1.0,0.854592,1.0833441,0
1.0,0.83335054,1.0512133,0
1.0,0.8166514,1.0229845,0
1.0,0.806275,0.9810399,0
1.0,0.82137835,0.9858687,0
1.0,0.81339675,0.9181785,0
1.0,0.81047684,0.8461103,0
1.0,0.80847466,0.84270656,0
1.0,0.8342816,0.8887402,0
1.0,0.8312072,0.87437606,0
1.0,0.84639037,0.9253535,0
1.0,0.83630764,0.89817363,0
1.0,0.85562927,0.92579556,0
1.0,0.856555,0.9384227,0
1.0,0.8504525,0.93589073,0
1.0,0.83748347,0.94307554,0
1.0,0.851154,1.0208399,0
1.0,0.85812604,1.0495948,0
1.0,0.87074494,1.0738401,0
1.0,0.85627705,1.058793,0
1.0,0.8718756,1.0987256,0
1.0,0.8762699,1.089241,0
1.0,0.8948846,1.0924616,0
1.0,0.88034356,1.0366251,0
1.0,0.889855,1.029172,0
1.0,0.89487314,1.0026903,0
1.0,0.9078556,1.0030568,0
1.0,0.8929265,0.97597754,0
1.0,0.8950536,0.9782411,0
1.0,0.901232,0.9770868,0
1.0,0.90473735,0.98178995,0
1.0,0.8837605,0.9335108,0
1.0,0.8864658,0.9408084,0
1.0,0.89704293,0.9882852,0
1.0,0.88147813,0.97633016,0
1.0,0.8669564,0.9832864,0
1.0,0.8696784,0.99488795,0
1.0,0.8819855,1.0084832,0
1.0,0.8855752,1.0353923,0
1.0,0.8774245,1.0082731,0
1.0,0.8742694,0.98213685,0
1.0,0.8738434,0.9888724,0
1.0,0.8663571,0.9671073,0
1.0,0.8532299,0.9407385,0
1.0,0.83693177,0.90887123,0
1.0,0.8450916,0.9026089,0
1.0,0.83846474,0.85386264,0
1.0,0.8541366,0.8225072,0
1.0,0.8571807,0.7808516,0
1.0,0.86690617,0.799531,0
1.0,0.87659293,0.85227364,0
1.0,0.8964001,0.90941846,0
1.0,0.8980854,0.91554207,0
1.0,0.8982524,0.9178277,0
1.0,0.91151154,0.9500525,0
1.0,0.92313355,0.97651184,0
1.0,0.9141568,0.956439,0
1.0,0.901376,0.95052373,0
1.0,0.9148839,1.0279737,0
1.0,0.9254166,1.0479677,0
1.0,0.92149127,1.0420096,0
1.0,0.9093761,1.0401448,0
1.0,0.9189682,1.0324197,0
1.0,0.93108183,1.0304258,0
1.0,0.9267936,1.0052174,0
1.0,0.9228551,0.94451594,0
1.0,0.9315268,0.92315793,0
1.0,0.9428418,0.9156501,0
1.0,0.94044316,0.9320515,0
1.0,0.93336827,0.9498773,0
1.0,0.93501526,0.93440455,0
1.0,0.93961436,0.95236516,0
1.0,0.9355821,0.95243275,0
1.0,0.9277605,0.92507803,0
1.0,0.92280585,0.9426885,0
1.0,0.9177878,0.9633598,0
1.0,0.9093378,0.99645954,0
1.0,0.90124583,1.0347971,0
1.0,0.8949521,1.0459912,0
1.0,0.8962372,1.0554725,0
1.0,0.9050383,1.0600147,0
1.0,0.9051576,1.0410484,0
1.0,0.90672463,0.99520206,0
1.0,0.905267,0.95941,0
1.0,0.9139474,0.9827326,0
1.0,0.912836,0.9771395,0
1.0,0.9108053,0.979259,0
1.0,0.8948597,0.95865524,0
1.0,0.89119595,0.957537,0
1.0,0.8865854,0.9551891,0
1.0,0.8842302,0.9101219,0
1.0,0.8645944,0.88732547,0
1.0,0.86703205,0.92507887,0
1.0,0.85783726,0.9074509,0
1.0,0.8545869,0.95299244,0
1.0,0.8418926,0.97179496,0
1.0,0.8397306,0.977018,0
1.0,0.8388001,1.0086267,0
1.0,0.8387004,1.0235881,0
1.0,0.8294087,1.0121483,0
1.0,0.82261354,0.9961303,0
1.0,0.8150283,0.98322475,0
1.0,0.8144207,1.0139735,0
1.0,0.80327654,1.0004671,0
1.0,0.79167837,0.9684837,0
1.0,0.7996001,0.9650086,0
1.0,0.7969138,0.92184764,0
1.0,0.8063061,0.92780185,0
1.0,0.8088362,0.89253986,0
1.0,0.81764877,0.90182793,0
1.0,0.8316482,0.965308,0
1.0,0.84762233,1.0085771,0
1.0,0.84834176,1.0327868,0
1.0,0.83987755,1.0236688,0
1.0,0.85483944,1.06176,0
1.0,0.86612904,1.0966808,0
1.0,0.85856986,1.1019529,0
1.0,0.8543762,1.1446953,0
1.0,0.8659455,1.1718245,0
1.0,0.8833557,1.2121619,0
1.0,0.87966335,1.2188104,0
1.0,0.87331533,1.1932782,0
1.0,0.8820425,1.2147919,0
1.0,0.8929441,1.1965715,0
1.0,0.8936742,1.1490307,0
1.0,0.8868261,1.1424534,0
1.0,0.8982488,1.1389835,0
1.0,0.9062092,1.1415136,0
1.0,0.914712,1.1644628,0
1.0,0.9007702,1.1160331,0
1.0,0.9036849,1.114415,0
1.0,0.9080074,1.1181922,0
1.0,0.905835,1.1113824,0
1.0,0.888181,1.0850815,0
1.0,0.8798755,1.0857897,0
1.0,0.8805368,1.1052614,0
1.0,0.8815132,1.1332648,0
1.0,0.8686422,1.1478217,0
1.0,0.86373687,1.1477959,0
1.0,0.8661741,1.1448886,0
1.0,0.8832122,1.1885433,0
1.0,0.86361074,1.113779,0
1.0,0.8529434,1.059797,0
1.0,0.8496266,1.0455242,0
1.0,0.8698783,1.0665324,0
1.0,0.85238594,1.0413387,0
1.0,0.84090316,1.0232921,0
1.0,0.83181626,0.9986266,0
1.0,0.8449908,1.004319,0
1.0,0.82372826,0.9277691,0
1.0,0.806042,0.90003526,0
1.0,0.80111665,0.89654785,0
1.0,0.7963196,0.9019474,0
1.0,0.7825005,0.89242154,0
1.0,0.7660395,0.8614054,0
1.0,0.7626167,0.911489,0
1.0,0.76931685,0.9497715,0
1.0,0.7723583,0.9294882,0
1.0,0.7700684,0.9538603,0
1.0,0.7677387,0.9424204,0
1.0,0.75966716,0.91061103,0
1.0,0.77463543,0.96144676,0
1.0,0.76162946,0.9434793,0
1.0,0.7612288,0.9482543,0
1.0,0.7524884,0.9156909,0
1.0,0.7576473,0.8975996,0
1.0,0.753343,0.8702376,0
1.0,0.7495543,0.8453615,0
1.0,0.75293773,0.8398334,0
1.0,0.7503289,0.8307203,0
1.0,0.75322837,0.8675612,0
1.0,0.7572682,0.89325213,0
1.0,0.76144207,0.916611,0
1.0,0.76116395,0.9490795,0
1.0,0.7646095,0.97089744,0
1.0,0.7638184,0.99516666,0
1.0,0.76881415,1.0262616,0
1.0,0.7651773,1.030972,0
1.0,0.76546836,1.0545919,0
1.0,0.7629266,1.0508736,0
1.0,0.76110595,1.047797,0
1.0,0.7597265,1.0489552,0
1.0,0.75804335,1.0295643,0
1.0,0.75452954,1.0079988,0
1.0,0.76295924,0.9990722,0
1.0,0.74406505,0.9484308,0
1.0,0.75851077,1.0104325,0
1.0,0.75040597,0.982177,0
1.0,0.75838107,0.9834775,0
1.0,0.75640506,0.99430877,0
1.0,0.77364624,1.0017586,0
1.0,0.7730213,0.996125,0
1.0,0.77761894,1.0348709,0
1.0,0.78052336,1.0439868,0
1.0,0.7921466,1.0788596,0
1.0,0.78533226,1.1156614,0
1.0,0.7923967,1.1493367,0
1.0,0.7914624,1.1439726,0
1.0,0.8005214,1.1764123,0
1.0,0.80548394,1.1808441,0
1.0,0.7994752,1.162702,0
1.0,0.81031466,1.1722741,0
1.0,0.8082582,1.1284282,0
1.0,0.8163379,1.1481367,0
1.0,0.8088077,1.1265268,0
1.0,0.81060225,1.1007481,0
1.0,0.8063639,1.0718848,0
1.0,0.8140417,1.0562608,0
1.0,0.8004457,1.0148449,0
1.0,0.8091554,1.0170245,0
1.0,0.7904508,0.9716675,0
1.0,0.8037481,1.0248492,0
1.0,0.7888842,1.0090137,0
1.0,0.79051256,1.0374032,0
1.0,0.7683277,1.0378649,0
1.0,0.7804798,1.0664837,0
1.0,0.77621067,1.0561795,0
1.0,0.78096855,1.0909233,0
1.0,0.76452076,1.037023,0
1.0,0.7872667,1.0607295,0
1.0,0.78139836,1.0806818,0
1.0,0.789046,1.1038778,0
1.0,0.77676183,1.0697315,0
1.0,0.7856885,1.0903593,0
1.0,0.78169554,1.0536027,0
1.0,0.7697499,1.001028,0
1.0,0.7795453,0.9978923,0
1.0,0.77875465,0.94194984,0
1.0,0.7798487,0.93838483,0
1.0,0.7754638,0.9363726,0
1.0,0.7856379,0.9425263,0
1.0,0.7812516,0.948929,0
1.0,0.7791165,0.9408247,0
1.0,0.7782694,0.9404802,0
1.0,0.7950824,0.99187523,0
1.0,0.7877062,0.96266234,0
1.0,0.78451896,0.9686525,0
1.0,0.78231347,0.993544,0
1.0,0.7977501,1.038055,0
1.0,0.792713,1.0450664,0
1.0,0.7829048,1.0287603,0
1.0,0.7734455,1.0125852,0
1.0,0.7883797,1.0180769,0
1.0,0.78869855,0.97630405,0
1.0,0.7898985,0.9486094,0
1.0,0.79844326,0.9253232,0
1.0,0.8084261,0.9134306,0
1.0,0.81724036,0.9310432,0
1.0,0.8227681,0.94486046,0
1.0,0.83889115,0.9537544,0
1.0,0.82089585,0.89994335,0
1.0,0.82958007,0.92977065,0
1.0,0.8322841,0.8954126,0
1.0,0.85130334,0.903247,0
1.0,0.8287595,0.89641696,0
1.0,0.8334397,0.90092254,0
1.0,0.8390338,0.92506564,0
1.0,0.8640573,1.0013791,0
1.0,0.841359,0.96233094,0
1.0,0.850616,1.0025734,0
1.0,0.8513434,0.9837352,0
1.0,0.87117714,1.0039446,0
1.0,0.85111445,0.96114266,0
1.0,0.8555762,0.93882936,0
1.0,0.85783106,0.93533844,0
1.0,0.88545793,0.9706614,0
1.0,0.86642045,0.9010874,0
1.0,0.8675925,0.88966453,0
1.0,0.8600427,0.84733504,0
1.0,0.8699355,0.8420115,0
1.0,0.840588,0.77757657,0
1.0,0.8444954,0.7676915,0
1.0,0.8420107,0.7829697,0
1.0,0.85204226,0.8017713,0
1.0,0.8348835,0.77311504,0
1.0,0.84905165,0.81881255,0
1.0,0.84474087,0.82154214,0
1.0,0.84034526,0.82129395,0
1.0,0.83984923,0.84050256,0
1.0,0.85393775,0.8632437,0
1.0,0.85565954,0.85377634,0
1.0,0.8361617,0.8204278,0
1.0,0.8432353,0.834647,0
1.0,0.8423072,0.8113158,0
1.0,0.8508799,0.8198063,0
1.0,0.8340231,0.7863149,0
1.0,0.8306242,0.76371175,0
1.0,0.83459246,0.76913404,0
1.0,0.8485082,0.78018546,0
1.0,0.8338502,0.75707597,0
1.0,0.8311613,0.75995594,0
1.0,0.8450484,0.7799137,0
1.0,0.8579586,0.847837,0
1.0,0.8540911,0.86860025,0
1.0,0.85525167,0.8638991,0
1.0,0.8495067,0.8626254,0
1.0,0.8472158,0.8730587,0
1.0,0.83740336,0.8805345,0
1.0,0.8377962,0.9161198,0
1.0,0.83086044,0.9307132,0
1.0,0.83462185,0.95097375,0
1.0,0.8400124,0.9681831,0
1.0,0.83253497,0.9480146,0
1.0,0.82990086,0.92687786,0
1.0,0.8325902,0.9004415,0
1.0,0.8529005,0.9185544,0
1.0,0.84468406,0.90338635,0
1.0,0.85293424,0.9406225,0
1.0,0.8476067,0.9507278,0
1.0,0.8694642,0.98998976,0
1.0,0.8653175,0.97580373,0
1.0,0.8633101,0.9818499,0
1.0,0.8661544,0.97903013,0
1.0,0.88301396,1.004935,0
1.0,0.88160497,1.0132545,0
1.0,0.86910594,0.99194735,0
1.0,0.86539304,1.0254931,0
1.0,0.8819925,1.0928696,0
1.0,0.8830915,1.0794916,0
1.0,0.8794318,1.0784017,0
1.0,0.8759971,1.0623093,0
1.0,0.89480823,1.0599504,0
1.0,0.8952559,1.0543787,0
1.0,0.8921072,1.0226431,0
1.0,0.88441956,0.96368587,0
1.0,0.9026809,1.0028069,0
1.0,0.90508455,1.0030818,0
1.0,0.8994765,0.9789475,0
1.0,0.88298625,0.9439159,0
1.0,0.89722973,0.9641769,0
1.0,0.897503,0.9364684,0
1.0,0.8858397,0.8954878,0
1.0,0.8694176,0.89144576,0
1.0,0.88289183,0.9302503,0
1.0,0.8879079,0.98211455,0
1.0,0.8845562,1.0343769,0
1.0,0.8684766,1.0132018,0
1.0,0.8825365,1.052079,0
1.0,0.8898958,1.0812851,0
1.0,0.87746394,1.0351453,0
1.0,0.8633404,0.99607944,0
1.0,0.86955047,1.0205052,0
1.0,0.87349397,1.0178106,0
1.0,0.8646779,0.9806299,0
1.0,0.846314,0.955972,0
1.0,0.84219587,0.95311505,0
1.0,0.84238786,0.92704284,0
1.0,0.8416413,0.9055651,0
1.0,0.8385346,0.8745041,0
1.0,0.8399792,0.87381864,0
1.0,0.8457463,0.9058921,0
1.0,0.85642743,0.94869804,0
1.0,0.86541146,1.0047234,0
1.0,0.8648921,1.0324404,0
1.0,0.8729925,1.052635,0
1.0,0.883844,1.0946888,0
1.0,0.88535196,1.1182497,0
1.0,0.8725643,1.0843487,0
1.0,0.86249167,1.0856866,0
1.0,0.8671856,1.1147702,0
1.0,0.87277955,1.1315751,0
1.0,0.8525903,1.1028059,0
1.0,0.83569163,1.072835,0
1.0,0.848983,1.0881827,0
1.0,0.8540912,1.0516548,0
1.0,0.8380283,0.9896961,0
1.0,0.82201153,0.9369068,0
1.0,0.84327966,0.9431175,0
1.0,0.85436803,0.9675561,0
1.0,0.85651094,0.97389686,0
1.0,0.8356353,0.9417633,0
1.0,0.84833586,0.98554677,0
1.0,0.8533475,1.0018308,0
1.0,0.84820074,1.0022925,0
1.0,0.82390165,0.9554603,0
1.0,0.8157724,0.95943797,0
1.0,0.811931,0.99235773,0
1.0,0.8040351,0.9860976,0
1.0,0.77214175,0.9558406,0
1.0,0.7552748,0.955589,0
1.0,0.76564866,0.9694528,0
1.0,0.77501625,0.9800197,0
1.0,0.7601075,0.9360595,0
1.0,0.7555713,0.8934842,0
1.0,0.76841414,0.8905797,0
1.0,0.7832786,0.9084232,0
1.0,0.7707495,0.8848977,0
1.0,0.7721375,0.89156145,0
1.0,0.768976,0.8968656,0
1.0,0.7795461,0.9151207,0
1.0,0.7614133,0.8642109,0
1.0,0.75743186,0.8541369,0
1.0,0.76290596,0.8615954,0
1.0,0.752213,0.8754546,0
1.0,0.7571526,0.93842286,0
1.0,0.7514358,0.9358168,0
1.0,0.7747425,1.0206156,0
1.0,0.77339464,1.052514,0
1.0,0.79184633,1.0660405,0
1.0,0.8042525,1.0778544,0
1.0,0.8322835,1.1179625,0
1.0,0.8361951,1.1160518,0
1.0,0.83896166,1.1117611,0
1.0,0.84184986,1.1016004,0
1.0,0.8579508,1.122765,0
1.0,0.8586837,1.0908403,0
1.0,0.84890324,1.0547888,0
1.0,0.8456722,1.0164441,0
1.0,0.86213213,0.99728286,0
1.0,0.8661135,0.99524873,0
1.0,0.8621767,0.9709655,0
1.0,0.8531128,0.9697051,0
1.0,0.8831565,1.066089,0
1.0,0.8885764,1.0785182,0
1.0,0.89257175,1.0982888,0
1.0,0.8883897,1.082686,0
1.0,0.916326,1.1244156,0
1.0,0.9213253,1.141897,0
1.0,0.9209714,1.131099,0
1.0,0.91069716,1.1049794,0
1.0,0.9270673,1.1141374,0
1.0,0.9286241,1.095221,0
1.0,0.91899395,1.0674059,0
1.0,0.89978534,1.0064895,0
1.0,0.9134515,1.0103532,0
1.0,0.9189197,0.9461266,0
1.0,0.9115536,0.85714734,0
1.0,0.8918802,0.82464635,0
1.0,0.9116238,0.8198991,0
1.0,0.917147,0.7823816,0
1.0,0.91658753,0.7893318,0
1.0,0.8985257,0.7560779,0
1.0,0.91995746,0.7980413,0
1.0,0.92230767,0.81859004,0
1.0,0.91551316,0.8048179,0
1.0,0.8941314,0.7851505,0
1.0,0.9102827,0.8420099,0
1.0,0.9141114,0.85352725,0
1.0,0.9146114,0.8603445,0
1.0,0.8949471,0.8341254,0
1.0,0.909711,0.8597442,0
1.0,0.90718293,0.85744596,0
1.0,0.90333724,0.83084655,0
1.0,0.87992203,0.738992,0
1.0,0.89258456,0.74669385,0
1.0,0.8954473,0.7470632,0
1.0,0.90011615,0.7292554,0
1.0,0.8847361,0.7138819,0
1.0,0.8806298,0.7120987,0
1.0,0.87549317,0.6871081,0
1.0,0.87500113,0.69300795,0
1.0,0.85635823,0.6555651,0
1.0,0.8502959,0.6617905,0
1.0,0.8555214,0.7046008,0
1.0,0.85883313,0.73085475,0
1.0,0.8461992,0.7561534,0
1.0,0.8333578,0.7616922,0
1.0,0.85419947,0.8164952,0
1.0,0.8607861,0.8601523,0
1.0,0.8532731,0.8428234,0
1.0,0.82924217,0.81588113,0
1.0,0.8435322,0.85354316,0
1.0,0.8368138,0.8340918,0
1.0,0.8223504,0.82404566,0
1.0,0.78340256,0.7506131,0
1.0,0.8070453,0.7727979,0
1.0,0.80423725,0.7621963,0
1.0,0.7921013,0.7237658,0
1.0,0.75883037,0.66190124,0
1.0,0.7935742,0.71689427,0
1.0,0.7822406,0.70860636,0
1.0,0.77732426,0.7261659,0
1.0,0.7680046,0.7321305,0
1.0,0.79319894,0.7962016,0
1.0,0.78246224,0.8067125,0
1.0,0.7825227,0.8369518,0
1.0,0.77074236,0.81034786,0
1.0,0.78425425,0.8472426,0
1.0,0.77135605,0.8567949,0
1.0,0.7690383,0.8586852,0
1.0,0.7571113,0.8492112,0
1.0,0.7654702,0.88117826,0
1.0,0.75281143,0.8568447,0
1.0,0.75730497,0.8634455,0
1.0,0.7548025,0.8442981,0
1.0,0.760004,0.8279462,0
1.0,0.7553941,0.7950194,0
1.0,0.759606,0.76868135,0
1.0,0.75462884,0.75913525,0
1.0,0.76894987,0.80079246,0
1.0,0.75220674,0.7843524,0
1.0,0.7795252,0.8510496,0
1.0,0.7767527,0.8409672,0
1.0,0.78285265,0.85997856,0
1.0,0.79123104,0.8951689,0
1.0,0.80181724,0.9090147,0
1.0,0.78766847,0.8971656,0
1.0,0.7727802,0.8898853,0
1.0,0.77720857,0.91425353,0
1.0,0.7902503,0.94739777,0
1.0,0.78536445,0.9117993,0
1.0,0.78012335,0.9030726,0
1.0,0.78885764,0.9072436,0
1.0,0.8048315,0.904335,0
1.0,0.8045567,0.88484263,0
1.0,0.80064625,0.85369015,0
1.0,0.8004351,0.84799707,0
1.0,0.8155035,0.85356885,0
1.0,0.81099033,0.82779104,0
1.0,0.79568285,0.7845483,0
1.0,0.792135,0.74716496,0
1.0,0.8119387,0.78159034,0
1.0,0.8089573,0.7860645,0
1.0,0.7875749,0.77483976,0
1.0,0.79243916,0.8065169,0
1.0,0.7970355,0.81099594,0
1.0,0.80017585,0.814831,0
1.0,0.79249966,0.8066006,0
1.0,0.777072,0.7944224,0
1.0,0.79587376,0.83956766,0
1.0,0.7977827,0.83985335,0
1.0,0.7975433,0.83664757,0
1.0,0.7890052,0.79469323,0
1.0,0.80366117,0.7851264,0
1.0,0.81299907,0.7849807,0
1.0,0.8257275,0.78857,0
1.0,0.82231146,0.7608073,0
1.0,0.83947045,0.78520274,0
1.0,0.82805085,0.7425928,0
1.0,0.8364303,0.74465907,0
1.0,0.82565755,0.7715942,0
1.0,0.82565325,0.7522161,0
1.0,0.81222177,0.7225616,0
1.0,0.83885425,0.77844006,0
1.0,0.835298,0.7673665,0
1.0,0.83465266,0.7761811,0
1.0,0.82415193,0.7721069,0
1.0,0.8502678,0.81547105,0
1.0,0.8347749,0.77780855,0
1.0,0.83390224,0.7778369,0
1.0,0.7979346,0.71722585,0
1.0,0.81934243,0.7330719,0
1.0,0.82126695,0.721787,0
1.0,0.82831043,0.71641856,0
1.0,0.8230029,0.6759247,0
1.0,0.8416895,0.6513107,0
1.0,0.85037833,0.6280669,0
1.0,0.8533803,0.6147595,0
1.0,0.82984626,0.561497,0
1.0,0.7967727,0.5062628,0
1.0,0.7953572,0.49915355,0
1.0,0.8097934,0.53277403,0
1.0,0.83255976,0.56528616,0
1.0,0.8209058,0.51576465,0
1.0,0.83230203,0.51871085,0
1.0,0.86916834,0.5715008,0
1.0,0.8903328,0.5904697,0
1.0,0.87558746,0.5623038,0
1.0,0.89240474,0.58144283,0
1.0,0.908376,0.58568794,0
1.0,0.9190765,0.5995474,0
1.0,0.8998235,0.5464662,0
1.0,0.9088332,0.47501177,0
1.0,0.9265827,0.47992933,0
1.0,0.9503937,0.49514836,0
1.0,0.9443705,0.4514363,0
1.0,0.94304925,0.44070768,0
1.0,0.9474603,0.42009467,0
1.0,0.95195895,0.39282787,0
1.0,0.93568796,0.35277456,0
1.0,0.93057555,0.32429105,0
1.0,0.9362838,0.35028094,0
1.0,0.953361,0.43462983,0
1.0,0.960594,0.5356649,0
1.0,0.96726215,0.66855687,0
1.0,0.9745849,0.78183514,0
1.0,0.97774905,0.85718495,0
1.0,0.97997594,0.8971051,0
1.0,0.98066497,0.9334867,0
1.0,0.9798069,0.99525493,0
1.0,0.9787836,1.0510029,0
1.0,0.97673404,1.080373,0
1.0,0.9730737,1.0790117,0
1.0,0.97396266,1.0512803,0
1.0,0.9753203,1.0278106,0
1.0,0.9743258,1.0245266,0
1.0,0.9753573,1.0269437,0
1.0,0.9743397,1.0686964,0
1.0,0.97288936,1.1800721,0
1.0,0.9733257,1.284765,0
1.0,0.97624046,1.386102,0
1.0,0.97641367,1.4809644,0
1.0,0.97584945,1.5603998,0
1.0,0.9803207,1.7108986,0
1.0,0.9825629,1.928518,0
1.0,0.9837531,2.1541314,0
1.0,0.98164225,2.384037,0
1.0,0.9823429,2.5561905,0
1.0,0.9819031,2.6180992,0
1.0,0.97974455,2.6338267,0
1.0,0.97666305,2.6261716,0
1.0,0.9737033,2.621497,0
1.0,0.9720213,2.619418,0
1.0,0.9711973,2.5809472,0
1.0,0.97031015,2.4979079,0
1.0,0.9722171,2.400759,0
1.0,0.9729707,2.280964,0
1.0,0.9708717,2.1808016,0
1.0,0.97070473,2.1060264,0
1.0,0.9762866,2.072968,0
1.0,0.9801839,2.0456436,0
1.0,0.97900647,2.0382695,0
1.0,0.98073363,2.0598702,0
1.0,0.9816808,2.0766907,0
1.0,0.9821029,2.1199622,0
1.0,0.9816157,2.1645782,0
1.0,0.98165107,2.2151737,0
1.0,0.9827695,2.2571273,0
1.0,0.9817473,2.291023,0
1.0,0.9793338,2.2836618,0
1.0,0.9767339,2.193128,0
1.0,0.97937554,2.1153364,0
1.0,0.980339,2.0591395,0
1.0,0.9792421,2.004037,0
1.0,0.9752178,1.9262353,0
1.0,0.97480994,1.8144405,0
1.0,0.9698636,1.6322384,0
1.0,0.9607906,1.4142807,0
1.0,0.95463395,1.1970738,0
1.0,0.95810544,1.0466647,0
1.0,0.9583343,0.97886264,0
1.0,0.95344406,0.9640203,0
1.0,0.9598554,1.0164449,0
1.0,0.964527,1.1098481,0
1.0,0.96595275,1.2196302,0
1.0,0.96508384,1.2964712,0
1.0,0.96407187,1.343967,0
1.0,0.96411806,1.366804,0
1.0,0.95965564,1.3575244,0
1.0,0.95624274,1.3346074,0
1.0,0.93946314,1.2957098,0
1.0,0.93860245,1.2927666,0
1.0,0.943461,1.2914543,0
1.0,0.9494486,1.2444876,0
1.0,0.95432824,1.175346,0
1.0,0.9574854,1.1190195,0
1.0,0.95807993,1.0478184,0
1.0,0.9585079,0.9903388,0
1.0,0.960842,0.9516407,0
1.0,0.96005344,0.92904234,0
1.0,0.96628296,0.8988767,0
1.0,0.96962434,0.85358965,0
1.0,0.97084844,0.8517488,0
1.0,0.9703419,0.9134462,0
1.0,0.9727472,0.98444694,0
1.0,0.97722274,1.1021783,0
1.0,0.9795537,1.3468,0
1.0,0.98215723,1.5407355,0
1.0,0.983691,1.6250342,0
1.0,0.984923,1.6850963,0
1.0,0.9849792,1.7298918,0
1.0,0.98593444,1.8038404,0
1.0,0.98471826,1.8700285,0
1.0,0.98316944,1.9055188,0
1.0,0.98062325,1.8742961,0
1.0,0.9801406,1.7840458,0
1.0,0.97912884,1.665838,0
1.0,0.9771797,1.5705748,0
1.0,0.9767547,1.5106326,0
1.0,0.9783543,1.4894528,0
1.0,0.98272496,1.4861505,0
1.0,0.983196,1.4827317,0
1.0,0.9829914,1.4908088,0
1.0,0.98301136,1.5161147,0
1.0,0.9790335,1.5286748,0
1.0,0.9773322,1.5300523,0
1.0,0.976999,1.5299915,0
1.0,0.9779748,1.5339608,0
1.0,0.97430134,1.5362855,0
1.0,0.9769528,1.5323694,0
1.0,0.96993357,1.5045938,0
1.0,0.9706141,1.4818208,0
1.0,0.9643926,1.4612246,0
1.0,0.95240176,1.4541461,0
1.0,0.9239831,1.4246869,0
1.0,0.94351363,1.3962696,0
1.0,0.97095925,1.3575314,0
1.0,0.9760736,1.2232554,0
1.0,0.96852183,0.96647125,0
1.0,0.9778047,0.7881506,0
1.0,0.9804688,0.7102205,0
1.0,0.9731987,0.7319442,0
1.0,0.9571396,0.9544096,0
1.0,0.9665994,1.2094729,0
1.0,0.97310185,1.3583765,0
1.0,0.9730047,1.4602923,0
1.0,0.95323443,1.5397346,0
1.0,0.96855426,1.6575089,0
1.0,0.97947764,1.8174323,0
1.0,0.980271,2.0322256,0
1.0,0.9661497,2.206039,0
1.0,0.9730641,2.3972213,0
1.0,0.9771981,2.521658,0
1.0,0.97236866,2.5524144,0
1.0,0.9609411,2.5543642,0
1.0,0.9661591,2.5936556,0
1.0,0.97363234,2.6448102,0
1.0,0.97743785,2.7162385,0
1.0,0.97243595,2.7757263,0
1.0,0.9746919,2.8080006,0
1.0,0.9728477,2.8178864,0
1.0,0.9653757,2.814766,0
1.0,0.9550836,2.7929578,0
1.0,0.9621485,2.8731642,0
1.0,0.96562487,2.9701858,0
1.0,0.96316594,3.0023708,0
1.0,0.96039075,3.026362,0
1.0,0.9605931,3.0449839,0
1.0,0.95738494,3.033939,0
1.0,0.9590705,3.0599957,0
1.0,0.9584038,3.0893936,0
1.0,0.958224,3.112928,0
1.0,0.953183,3.0866284,0
1.0,0.95183676,2.990436,0
1.0,0.95730126,2.704226,0
1.0,0.9634125,2.394146,0
1.0,0.9626799,2.1811438,0
1.0,0.9669721,2.0438757,0
1.0,0.96718115,1.9334636,0
1.0,0.96905524,1.8923013,0
1.0,0.9677481,1.8573675,0
1.0,0.96886295,1.710754,0
1.0,0.9656503,1.5060177,0
1.0,0.9607808,1.3423915,0
1.0,0.96497005,1.264853,0
1.0,0.9638582,1.2268065,0
1.0,0.9700097,1.2257211,0
1.0,0.96833915,1.3287008,0
1.0,0.9690206,1.4771285,0
1.0,0.9754818,1.5166315,0
1.0,0.97447735,1.447127,0
1.0,0.9707837,1.4121895,0
1.0,0.9729518,1.3929582,0
1.0,0.9703268,1.3792217,0
1.0,0.9672279,1.4401109,0
1.0,0.96572244,1.4749389,0
1.0,0.9743309,1.4871569,0
1.0,0.9794408,1.4945616,0
1.0,0.97904223,1.43801,0
1.0,0.97369087,1.3725753,0
1.0,0.97880906,1.341886,0
1.0,0.97711504,1.3394333,0
1.0,0.97235584,1.4123888,0
1.0,0.96440256,1.5465822,0
1.0,0.9744658,1.7128811,0
1.0,0.9758386,1.7985637,0
1.0,0.9790912,1.8839993,0
1.0,0.97671,1.9195242,0
1.0,0.9819904,1.9388578,0
1.0,0.98399746,1.9656224,0
1.0,0.9806702,1.9982759,0
1.0,0.9769528,1.9729981,0
1.0,0.9805489,1.9287833,0
1.0,0.9812961,1.9531307,0
1.0,0.9766516,1.9777011,0
1.0,0.97305447,1.950841,0
1.0,0.97739285,1.9440188,0
1.0,0.982038,1.9635354,0
1.0,0.98181456,1.9537699,0
1.0,0.97839284,1.8573072,0
1.0,0.9787052,1.7282269,0
1.0,0.97884125,1.6662081,0
1.0,0.97881806,1.7023064,0
1.0,0.97534764,1.7538421,0
1.0,0.97676635,1.823319,0
1.0,0.979966,1.8971378,0
1.0,0.97873324,1.9452026,0
1.0,0.9742741,1.9857498,0
1.0,0.9705904,2.0223181,0
1.0,0.9751805,2.185677,0
1.0,0.97516453,2.3712268,0
1.0,0.9727754,2.4686613,0
1.0,0.97021836,2.5501227,0
1.0,0.9731165,2.588371,0
1.0,0.9735578,2.4949098,0
1.0,0.97221327,2.288,0
1.0,0.96974957,2.1065726,0
1.0,0.97410214,2.0227017,0
1.0,0.9767089,1.9565479,0
1.0,0.9757878,1.9424427,0
1.0,0.9737573,1.9347261,0
1.0,0.9763075,1.9142616,0
1.0,0.97185105,1.8589635,0
1.0,0.9607842,1.8147132,0
1.0,0.96229,1.7729216,0
1.0,0.9667712,1.6972399,0
1.0,0.9710071,1.6945783,0
1.0,0.95166713,1.6737578,0
1.0,0.97257894,1.7059752,0
1.0,0.9716423,1.6918261,0
1.0,0.96748304,1.6688622,0
1.0,0.9510516,1.5877544,0
1.0,0.958521,1.5395536,0
1.0,0.9370151,1.4882734,0
1.0,0.9356059,1.4791398,0
1.0,0.9252547,1.4167731,0
1.0,0.96014893,1.4127566,0
1.0,0.9473056,1.3878465,0
1.0,0.949325,1.4540759,0
1.0,0.94392204,1.4704309,0
1.0,0.9696165,1.5215557,0
1.0,0.9589848,1.4321721,0
1.0,0.95108825,1.4217938,0
1.0,0.92932945,1.5935977,0
1.0,0.9645056,1.7907057,0
1.0,0.9521379,1.8878804,0
1.0,0.9640764,2.0524013,0
1.0,0.9608388,2.1760502,0
1.0,0.98008865,2.3361857,0
1.0,0.9697534,2.42636,0
1.0,0.9576043,2.5078175,0
1.0,0.9610212,2.5466876,0
1.0,0.9593787,2.5381846,0
1.0,0.9471828,2.5069406,0
1.0,0.94846934,2.5063355,0
1.0,0.9571434,2.5108328,0
1.0,0.9680761,2.5345044,0
1.0,0.9677642,2.5478363,0
1.0,0.9707418,2.5321634,0
1.0,0.969872,2.5187883,0
1.0,0.964228,2.5020282,0
1.0,0.9626592,2.498022,0
1.0,0.9637233,2.5202155,0
1.0,0.96530026,2.7045677,0
1.0,0.96181566,2.8868322,0
1.0,0.97230566,3.0275173,0
1.0,0.97639716,3.1373553,0
1.0,0.9787911,3.167949,0
1.0,0.980232,3.172243,0
1.0,0.98169005,3.1601107,0
1.0,0.9807695,3.1712937,0
1.0,0.9802689,3.280848,0
1.0,0.9807767,3.2914128,0
1.0,0.98369896,3.2381868,0
1.0,0.98441297,3.0734699,0
1.0,0.9844848,2.7604866,0
1.0,0.9834909,2.5226462,0
1.0,0.9824072,2.3455725,0
1.0,0.9814481,2.176908,0
1.0,0.9765487,2.052434,0
1.0,0.9733193,1.9887452,0
1.0,0.97547513,1.902221,0
1.0,0.97424763,1.7929322,0
1.0,0.96635234,1.7831728,0
1.0,0.9683239,1.8216017,0
1.0,0.9773886,1.8577013,0
1.0,0.97750455,1.9147199,0
1.0,0.96933484,1.9530993,0
1.0,0.9674393,1.9523268,0
1.0,0.9694791,1.9588714,0
1.0,0.96736217,1.9969466,0
1.0,0.95871353,1.9979959,0
1.0,0.95835817,1.9982084,0
1.0,0.9643629,2.0125892,0
1.0,0.9676328,2.000295,0
1.0,0.96230024,1.7874328,0
1.0,0.9611064,1.6126958,0
1.0,0.9654049,1.564009,0
1.0,0.96961457,1.4614974,0
1.0,0.9683173,1.4453157,0
1.0,0.96617,1.4912215,0
1.0,0.9671166,1.4643745,0
1.0,0.9676904,1.3012189,0
1.0,0.9596218,1.0781476,0
1.0,0.9526458,0.93570834,0
1.0,0.94900763,0.9222577,0
1.0,0.94921684,1.0826991,0
1.0,0.9547104,1.319005,0
1.0,0.9628374,1.6271709,0
1.0,0.9671149,1.8797504,0
1.0,0.97020435,2.055879,0
1.0,0.97349507,2.1334631,0
1.0,0.9723087,2.070786,0
1.0,0.9736342,2.0526595,0
1.0,0.97206795,2.0498753,0
1.0,0.9735346,2.0216427,0
1.0,0.9721862,2.0205562,0
1.0,0.9719434,2.0232615,0
1.0,0.96936303,1.957914,0
1.0,0.9691255,1.8981928,0
1.0,0.96274245,1.874519,0
1.0,0.9610147,1.8584721,0
1.0,0.95902973,1.8708165,0
1.0,0.9614027,1.9652944,0
1.0,0.9587129,2.0243027,0
1.0,0.96556693,2.1703165,0
1.0,0.96434826,2.238831,0
1.0,0.96678746,2.2425537,0
1.0,0.96904993,2.2182186,0
1.0,0.96784884,2.1772952,0
1.0,0.9624908,2.271583,0
1.0,0.96012783,2.422158,0
1.0,0.9652187,2.6099458,0
1.0,0.9721957,2.7518961,0
1.0,0.9739584,2.7236667,0
1.0,0.9751722,2.652192,0
1.0,0.9781371,2.6415272,0
1.0,0.97684515,2.6636872,0
1.0,0.973017,2.5099738,0
1.0,0.970883,2.275772,0
1.0,0.96789056,1.9763099,0
1.0,0.96747154,1.7220737,0
1.0,0.9618817,1.5410118,0
1.0,0.96002245,1.4712,0
1.0,0.9555612,1.5478824,0
1.0,0.962321,1.5619618,0
1.0,0.96102494,1.6011127,0
1.0,0.9459036,1.6474142,0
1.0,0.93713456,1.6872995,0
1.0,0.9536018,1.755337,0
1.0,0.9616075,1.7677758,0
1.0,0.9533147,1.7570283,0
1.0,0.96164036,1.8101639,0
1.0,0.960363,1.8503089,0
1.0,0.9395535,1.7747388,0
1.0,0.9216089,1.7244484,0
1.0,0.94018173,1.8593485,0
1.0,0.9602013,1.9620385,0
1.0,0.9545518,2.111985,0
1.0,0.9576838,2.205861,0
1.0,0.9647696,2.2419324,0
1.0,0.9746854,2.2489343,0
1.0,0.95637673,2.1184316,0
1.0,0.91380936,2.0394087,0
1.0,0.91208184,2.1068735,0
1.0,0.95314467,2.2322474,0
1.0,0.94284743,2.4400907,0
1.0,0.9303199,2.6389356,0
1.0,0.9515279,2.7699094,0
1.0,0.97271067,2.7673168,0
1.0,0.96973664,2.7700028,0
1.0,0.9662489,2.8849273,0
1.0,0.96729046,3.0099363,0
1.0,0.96499336,3.0684493,0
1.0,0.9492855,3.0277157,0
1.0,0.94915295,3.0316186,0
1.0,0.95669085,2.959073,0
1.0,0.96451366,3.0187833,0
1.0,0.96747285,3.018899,0
1.0,0.96814954,3.0577374,0
1.0,0.9677539,3.0899,0
1.0,0.9639692,3.0288029,0
1.0,0.9623509,3.022011,0
1.0,0.96396995,3.0350513,0
1.0,0.96660525,3.0202005,0
1.0,0.9593457,2.9526174,0
1.0,0.9633739,2.9524884,0
1.0,0.9655168,2.8673966,0
1.0,0.9671171,2.707699,0
1.0,0.95937556,2.490367,0
1.0,0.95191604,2.3221343,0
1.0,0.93766403,2.254832,0
1.0,0.9496387,2.3128269,0
1.0,0.95430064,2.3558154,0
1.0,0.95303,2.3857956,0
1.0,0.94948566,2.2670424,0
1.0,0.9621958,2.0825152,0
1.0,0.95980376,1.9504061,0
1.0,0.9556008,1.773735,0
1.0,0.9397771,1.7436655,0
1.0,0.9569892,1.8544025,0
1.0,0.95885336,1.916158,0
1.0,0.95480955,2.018972,0
1.0,0.94628966,1.9746182,0
1.0,0.955212,1.9878451,0
1.0,0.9566254,2.0222254,0
1.0,0.960712,2.0530362,0
1.0,0.9554131,2.0223718,0
1.0,0.9644363,2.0431442,0
1.0,0.9665241,2.0180004,0
1.0,0.9693113,1.9859018,0
1.0,0.95920277,1.8340557,0
1.0,0.9661065,1.7318015,0
1.0,0.97286206,1.7270366,0
1.0,0.9748206,1.7305379,0
1.0,0.96965796,1.7387376,0
1.0,0.9594874,1.7671068,0
1.0,0.9612131,1.9053217,0
1.0,0.9693754,2.0269828,0
1.0,0.970064,2.1048892,0
1.0,0.9646492,2.0919561,0
1.0,0.9715352,2.1017127,0
1.0,0.9764217,2.0688686,0
1.0,0.9735945,2.116094,0
1.0,0.9699762,2.1913612,0
1.0,0.97416073,2.2851722,0
1.0,0.977235,2.25937,0
1.0,0.9762765,2.2043653,0
1.0,0.97132593,2.102457,0
1.0,0.97298753,2.0408657,0
1.0,0.97815996,2.04,0
1.0,0.9746833,1.9020238,0
1.0,0.96739274,1.8184104,0
1.0,0.9738975,1.8743162,0
1.0,0.97736925,1.8508801,0
1.0,0.9735068,1.8126848,0
1.0,0.9691204,1.7465336,0
1.0,0.977246,1.7171489,0
1.0,0.98292184,1.7145607,0
1.0,0.98072195,1.7065315,0
1.0,0.9800759,1.7068973,0
1.0,0.9828015,1.6973442,0
1.0,0.9838599,1.7077953,0
1.0,0.97870195,1.7951624,0
1.0,0.97771466,1.9906657,0
1.0,0.98031944,2.1369567,0
1.0,0.98187673,2.168587,0
1.0,0.97755927,2.1303012,0
1.0,0.9771525,2.089507,0
1.0,0.97598267,1.9587653,0
1.0,0.97646207,1.9986966,0
1.0,0.97123444,1.9107963,0
1.0,0.96935374,1.9137132,0
1.0,0.9653328,1.9170963,0
1.0,0.95569986,1.9231297,0
1.0,0.94158226,1.8713176,0
1.0,0.9339319,1.7354344,0
1.0,0.94315284,1.630374,0
1.0,0.91665983,1.5904562,0
1.0,0.931235,1.6545606,0
1.0,0.9353325,1.8087301,0
1.0,0.9569867,1.8899813,0
1.0,0.9509409,1.8458539,0
1.0,0.95429325,1.7626753,0
1.0,0.9520873,1.6719185,0
1.0,0.95405674,1.5750043,0
1.0,0.926286,1.4604285,0
1.0,0.9284382,1.4777288,0
1.0,0.9357518,1.5147163,0
1.0,0.9486777,1.5563917,0
1.0,0.92984986,1.5467746,0
1.0,0.94003254,1.5610187,0
1.0,0.9458436,1.5804789,0
1.0,0.9499069,1.5863,0
1.0,0.93354964,1.5701697,0
1.0,0.94234157,1.5821888,0
1.0,0.95915097,1.5897179,0
1.0,0.9728052,1.5647575,0
1.0,0.9689293,1.5831842,0
1.0,0.9796005,1.6575449,0
1.0,0.98502225,1.6833496,0
1.0,0.98678464,1.8829238,0
1.0,0.9847482,2.024055,0
1.0,0.9836997,2.1992207,0
1.0,0.9837821,2.3603604,0
1.0,0.98365605,2.441932,0
1.0,0.9788189,2.408387,0
1.0,0.977851,2.3604472,0
1.0,0.9776987,2.350997,0
1.0,0.9795441,2.3494735,0
1.0,0.977382,2.3234777,0
1.0,0.97521055,2.2674706,0
1.0,0.97627664,2.1167607,0
1.0,0.97739387,2.0549448,0
1.0,0.9802082,2.0414615,0
1.0,0.97852397,2.0228064,0
1.0,0.9768786,2.0160816,0
1.0,0.9774929,1.9785928,0
1.0,0.97951823,1.9302261,0
1.0,0.97963995,1.8908917,0
1.0,0.98129725,1.8678627,0
1.0,0.9816554,1.8470327,0
1.0,0.9805761,1.8276193,0
1.0,0.9794398,1.8254853,0
1.0,0.9799886,1.8359532,0
1.0,0.971618,1.8814671,0
1.0,0.9653117,1.8866028,0
1.0,0.9675676,1.7902693,0
1.0,0.96687883,1.6089073,0
1.0,0.9513491,1.4861042,0
1.0,0.9497601,1.4333923,0
1.0,0.95072407,1.4471288,0
1.0,0.9588568,1.6702683,0
1.0,0.9379659,1.5121491,0
1.0,0.95206016,1.26843,0
1.0,0.92901534,1.0679243,0
1.0,0.9361822,1.0319717,0
1.0,0.9067904,0.92813593,0
1.0,0.89883804,1.0149689,0
1.0,0.89720476,1.2143353,0
1.0,0.92167103,1.5500479,0
1.0,0.9229081,1.6107228,0
1.0,0.92153674,1.6214036,0
1.0,0.8989063,1.6539176,0
1.0,0.9080767,1.7841814,0
1.0,0.85926545,1.8166487,0
1.0,0.889477,1.8433146,0
1.0,0.8835975,1.8650134,0
1.0,0.8964343,1.8980048,0
1.0,0.88890874,1.90656,0
1.0,0.9142555,1.9691876,0
1.0,0.9276002,1.9452746,0
1.0,0.9292942,1.8871021,0
1.0,0.9247227,1.8444214,0
1.0,0.942395,1.8582903,0
1.0,0.9380988,1.9013386,0
1.0,0.9277369,2.0270896,0
1.0,0.9301698,2.1259654,0
1.0,0.9540251,2.1852486,0
1.0,0.9615367,2.1929624,0
1.0,0.95478463,2.1769068,0
1.0,0.95938486,2.2003863,0
1.0,0.95949703,2.2525628,0
1.0,0.9529646,2.2709517,0
1.0,0.95202196,2.1749883,0
1.0,0.96037644,2.3851583,0
1.0,0.97638935,2.5443404,0
1.0,0.9755248,2.59193,0
1.0,0.97639084,2.5299115,0
1.0,0.9813312,2.576151,0
1.0,0.98436654,2.486517,0
1.0,0.9789048,2.3044477,0
1.0,0.9727989,2.0346038,0
1.0,0.980966,2.0215054,0
1.0,0.9803601,2.042015,0
1.0,0.9613917,1.9635355,0
1.0,0.9422258,1.8138384,0
1.0,0.95918477,1.7861578,0
1.0,0.97418696,1.8217657,0
1.0,0.97418267,1.790218,0
1.0,0.9734667,1.7762123,0
1.0,0.97304934,1.7719827,0
1.0,0.97461027,1.7719703,0
1.0,0.97586775,1.894805,0
1.0,0.97444737,1.9388952,0
1.0,0.9766733,1.9534676,0
1.0,0.9819209,2.0333676,0
1.0,0.9822113,2.040193,0
1.0,0.98005784,1.9165493,0
1.0,0.9760885,1.9134493,0
1.0,0.97767293,2.0881152,0
1.0,0.9763629,2.1332252,0
1.0,0.977852,2.1715317,0
1.0,0.97395724,2.2299542,0
1.0,0.9750215,2.1800795,0
1.0,0.9709826,2.1252809,0
1.0,0.96985596,1.9624226,0
1.0,0.96456826,1.6869321,0
1.0,0.9644088,1.5447682,0
1.0,0.9604077,1.5210912,0
1.0,0.96546125,1.5030675,0
1.0,0.9578162,1.468303,0
1.0,0.96155304,1.48884,0
1.0,0.9591827,1.4601347,0
1.0,0.9690184,1.5489521,0
1.0,0.9650986,1.6667774,0
1.0,0.9665622,1.7019991,0
1.0,0.9545905,1.6961784,0
1.0,0.9626311,1.7245886,0
1.0,0.95806026,1.8652453,0
1.0,0.9578556,2.1676888,0
1.0,0.94995844,2.2310367,0
1.0,0.9613896,2.3042402,0
1.0,0.96187687,2.3870685,0
1.0,0.96119255,2.3507566,0
1.0,0.9567431,2.2158184,0
1.0,0.96174026,2.19052,0
1.0,0.96876645,2.2041824,0
1.0,0.9692528,2.1408048,0
1.0,0.96624506,2.1036577,0
1.0,0.9697047,2.1493292,0
1.0,0.9709434,2.0385823,0
1.0,0.97421205,1.8403468,0
1.0,0.9729822,1.8271334,0
1.0,0.9763723,1.8509338,0
1.0,0.97901493,1.8468862,0
1.0,0.97207177,1.8960049,0
1.0,0.96554935,1.9200897,0
1.0,0.9656113,2.1027498,0
1.0,0.97041166,2.3332918,0
1.0,0.967288,2.4453042,0
1.0,0.968783,2.4193325,0
1.0,0.9705084,2.39471,0
1.0,0.9733902,2.3894458,0
1.0,0.9659738,2.5034173,0
1.0,0.96482295,2.8760016,0
1.0,0.96799314,3.120072,0
1.0,0.9755433,3.2904553,0
1.0,0.97422826,3.3478723,0
1.0,0.969649,3.3049378,0
1.0,0.9660138,3.3105388,0
1.0,0.96773815,3.1536207,0
1.0,0.9678122,2.8781874,0
1.0,0.96468616,2.9453824,0
1.0,0.96365666,3.2004576,0
1.0,0.96328175,3.303687,0
1.0,0.9523771,3.3015463,0
1.0,0.9532212,3.3037534,0
1.0,0.94792175,3.3017058,0
1.0,0.9477993,3.2821317,0
1.0,0.94592965,3.3007855,0
1.0,0.95323735,3.3566027,0
1.0,0.9486977,3.3664675,0
1.0,0.9495651,3.4911458,0
1.0,0.945489,3.619605,0
1.0,0.9628786,3.742581,0
1.0,0.96238273,3.7465258,0
1.0,0.9585552,3.7377493,0
1.0,0.95538914,3.870958,0
1.0,0.9669729,3.9826286,0
1.0,0.96465355,3.8561738,0
1.0,0.9626903,3.692563,0
1.0,0.9670183,3.6864185,0
1.0,0.9745833,3.7624679,0
1.0,0.97264206,3.773741,0
1.0,0.97135675,3.888441,0
1.0,0.96794945,3.880348,0
1.0,0.97458285,3.6940656,0
1.0,0.9745532,3.530125,0
1.0,0.9766633,3.2431626,0
1.0,0.9763885,3.1365945,0
1.0,0.97892845,3.1948266,0
1.0,0.9789817,3.1660566,0
1.0,0.9833666,3.178512,0
1.0,0.98439145,3.1679497,0
1.0,0.9848364,3.078518,0
1.0,0.98215634,2.7720728,0
1.0,0.98236865,2.5714467,0
1.0,0.97638106,2.554162,0
1.0,0.9679472,2.7064269,0
1.0,0.969454,3.0032716,0
1.0,0.9742473,3.1901379,0
1.0,0.97313833,3.2018657,0
1.0,0.97291374,3.1437523,0
1.0,0.97354186,3.0511408,0
1.0,0.9736823,2.8833604,0
1.0,0.9695786,2.9326982,0
1.0,0.9646904,3.0288024,0
1.0,0.96907926,3.1592555,0
1.0,0.9746187,3.3385425,0
1.0,0.97184294,3.2574275,0
1.0,0.9650235,3.1007621,0
1.0,0.9636706,3.0428915,0
1.0,0.9691143,3.0181537,0
1.0,0.96749663,2.9961681,0
1.0,0.95914334,3.1142664,0
1.0,0.9622269,3.3196957,0
1.0,0.96620363,3.3584466,0
1.0,0.9567766,3.254889,0
1.0,0.94781595,3.1660388,0
1.0,0.9559531,3.2166953,0
1.0,0.964889,3.4290895,0
1.0,0.962517,3.5580184,0
1.0,0.96243495,3.6731324,0
1.0,0.9589246,3.9335897,0
1.0,0.96387243,4.422817,0
1.0,0.9626015,4.7480817,0
1.0,0.9585607,4.690433,0
1.0,0.95683676,4.70763,0
1.0,0.9617507,4.811906,0
1.0,0.95873654,4.7768803,0
1.0,0.9636204,4.620544,0
1.0,0.9577381,4.3038425,0
1.0,0.9595149,4.1775904,0
1.0,0.9498388,4.1060243,0
1.0,0.9550364,4.1161075,0
1.0,0.9508771,4.097647,0
1.0,0.9500316,4.0869074,0
1.0,0.94588375,3.8484416,0
1.0,0.94519943,3.7495358,0
1.0,0.92656666,3.6665728,0
1.0,0.933963,3.552792,0
1.0,0.9508996,3.609969,0
1.0,0.9635112,3.6795354,0
1.0,0.96620417,3.689407,0
1.0,0.9692143,3.6737566,0
1.0,0.9647825,3.5686584,0
1.0,0.96344435,3.38479,0
1.0,0.96479434,3.2296996,0
1.0,0.96778977,3.2609315,0
1.0,0.9718075,3.3794088,0
1.0,0.97838116,3.4528804,0
1.0,0.9794941,3.4432333,0
1.0,0.9811172,3.2377138,0
1.0,0.98197055,3.135363,0
1.0,0.9772534,2.9602246,0
1.0,0.9651563,2.6592968,0
1.0,0.96976626,2.210653,0
1.0,0.971849,2.0080934,0
1.0,0.96407527,2.1689596,0
1.0,0.9594271,2.234177,0
1.0,0.9720987,2.2196512,0
1.0,0.97855455,2.2272682,0
1.0,0.9785161,2.2258902,0
1.0,0.97678965,2.209571,0
1.0,0.97570646,2.240279,0
1.0,0.9723517,2.4437294,0
1.0,0.9723121,2.720076,0
1.0,0.9741528,2.8801613,0
1.0,0.97634447,2.8964858,0
1.0,0.9752074,2.8875318,0
1.0,0.9731268,2.7621017,0
1.0,0.9675418,2.6065288,0
1.0,0.969436,2.5221722,0
1.0,0.9660891,2.4149003,0
1.0,0.96680933,2.4285407,0
1.0,0.9627008,2.3995073,0
1.0,0.9641996,2.433494,0
1.0,0.947997,2.4366658,0
1.0,0.95544094,2.534665,0
1.0,0.9650315,2.5477884,0
1.0,0.97263116,2.38342,0
1.0,0.96446234,2.2784586,0
1.0,0.9712824,2.5455446,0
1.0,0.9723064,2.6907616,0
1.0,0.97430927,2.7925534,0
1.0,0.97320265,2.765593,0
1.0,0.9736993,2.847734,0
1.0,0.9663123,3.1291687,0
1.0,0.9658154,3.4692826,0
1.0,0.96373147,3.6410584,0
1.0,0.9605288,3.6229942,0
1.0,0.94605744,3.5662725,0
1.0,0.95298874,3.6541505,0
1.0,0.9504564,3.7116427,0
1.0,0.9470668,3.7114873,0
1.0,0.9277474,3.7001123,0
1.0,0.90842074,3.6985807,0
1.0,0.9116987,3.550168,0
1.0,0.9117081,3.3438878,0
1.0,0.91380805,3.2094834,0
1.0,0.93159884,3.287387,0
1.0,0.934587,3.5366259,0
1.0,0.93713903,3.6885602,0
1.0,0.93517107,3.693091,0
1.0,0.9402479,3.6967366,0
1.0,0.9403982,3.6724873,0
1.0,0.9416069,3.5994644,0
1.0,0.9285479,3.7072387,0
1.0,0.9342852,3.8234768,0
1.0,0.92425627,3.9774294,0
1.0,0.9405819,4.17553,0
1.0,0.9540801,4.19088,0
1.0,0.9546484,4.1922584,0
1.0,0.9542584,4.070383,0
1.0,0.9488681,3.597351,0
1.0,0.9519919,3.2909026,0
1.0,0.9540116,3.2995963,0
1.0,0.9574294,3.4135213,0
1.0,0.96136856,3.4541426,0
1.0,0.9712133,3.2087073,0
1.0,0.97182333,2.8540635,0
1.0,0.9719204,2.5831118,0
1.0,0.9676003,2.40281,0
1.0,0.9675793,2.323883,0
1.0,0.96795774,2.3153512,0
1.0,0.96805644,2.3144677,0
1.0,0.96791434,2.337071,0
1.0,0.9462636,2.2727995,0
1.0,0.93215495,2.227285,0
1.0,0.93217736,2.1882842,0
1.0,0.9453084,2.1505077,0
1.0,0.95086414,2.1497936,0
1.0,0.9397897,2.0807524,0
1.0,0.9446923,1.9138515,0
1.0,0.9578904,1.9112055,0
1.0,0.9635016,1.9995582,0
1.0,0.9606416,2.057523,0
1.0,0.9655042,2.1542497,0
1.0,0.97233737,2.2242417,0
1.0,0.9703335,2.1052616,0
1.0,0.96147686,1.9691565,0
1.0,0.96016157,1.8361188,0
1.0,0.96675235,1.6909131,0
1.0,0.96895987,1.800575,0
1.0,0.9667837,1.9198767,0
1.0,0.9678398,1.9643902,0
1.0,0.9730796,2.0027733,0
1.0,0.9676943,1.9478369,0
1.0,0.95964277,1.8485594,0
1.0,0.9629559,1.9171422,0
1.0,0.958463,1.8828771,0
1.0,0.9696398,1.90168,0
1.0,0.9704772,1.9740323,0
1.0,0.9711573,1.9263024,0
1.0,0.9690086,1.9970291,0
1.0,0.97716844,2.2128048,0
1.0,0.98416835,2.352318,0
1.0,0.985607,2.34631,0
1.0,0.98060787,2.307705,0
1.0,0.97934157,2.355085,0
1.0,0.97750276,2.4027224,0
1.0,0.9764964,2.4758124,0
1.0,0.97108614,2.4901779,0
1.0,0.971126,2.5125422,0
1.0,0.9678248,2.516624,0
1.0,0.9678904,2.4579415,0
1.0,0.9546703,2.4486508,0
1.0,0.9556585,2.9263482,0
1.0,0.95586455,3.5052137,0
1.0,0.9541432,3.8492417,0
1.0,0.9544349,4.038292,0
1.0,0.9573878,4.0801983,0
1.0,0.9483306,4.05204,0
1.0,0.92255175,3.9210355,0
1.0,0.93449026,3.8365378,0
1.0,0.9460287,3.7194436,0
1.0,0.94597036,3.6053786,0
1.0,0.9376189,3.562949,0
1.0,0.95261246,3.560735,0
1.0,0.95630044,3.589989,0
1.0,0.94734156,3.6315186,0
1.0,0.93024975,3.5768337,0
1.0,0.94051325,3.6632633,0
1.0,0.95518917,3.6637208,0
1.0,0.9601999,3.6423168,0
1.0,0.95333976,3.7649865,0
1.0,0.9272883,3.7391636,0
1.0,0.9304761,3.5260477,0
1.0,0.95061606,3.304759,0
1.0,0.95683885,3.2523713,0
1.0,0.94230753,3.23172,0
1.0,0.93737686,3.2213554,0
1.0,0.9432678,3.3869736,0
1.0,0.9441652,3.693447,0
1.0,0.94111747,3.8541782,0
1.0,0.9526433,3.9372451,0
1.0,0.96568173,3.954739,0
1.0,0.96914184,3.9447322,0
1.0,0.9597216,3.7889838,0
1.0,0.9545546,3.2397575,0
1.0,0.9572614,2.6622908,0
1.0,0.9573759,2.3591394,0
1.0,0.955847,2.3923826,0
1.0,0.9633585,2.6376004,0
1.0,0.97009796,2.7019124,0
1.0,0.9687895,2.694622,0
1.0,0.9656225,2.68787,0
1.0,0.96673554,2.6981988,0
1.0,0.96954805,2.7220974,0
1.0,0.9719438,2.72259,0
1.0,0.97076046,2.731432,0
1.0,0.9637513,2.721251,0
1.0,0.95337486,2.6309533,0
1.0,0.9526511,2.474791,0
1.0,0.952657,2.316859,0
1.0,0.9478622,2.317821,0
1.0,0.9495689,2.275074,0
1.0,0.9465387,2.1636856,0
1.0,0.92714834,2.0924377,0
1.0,0.92520595,2.2177496,0
1.0,0.96417016,2.4649556,0
1.0,0.97374094,2.608994,0
1.0,0.97827667,2.6608412,0
1.0,0.97953564,2.617371,0
1.0,0.9795473,2.3496337,0
1.0,0.9783065,2.0461125,0
1.0,0.9744363,1.9074695,0
1.0,0.97235584,1.8948369,0
1.0,0.978688,2.097707,0
1.0,0.98335475,2.2937522,0
1.0,0.9832176,2.3388243,0
1.0,0.98136616,2.3226078,0
1.0,0.9831524,2.2624273,0
1.0,0.97798264,2.09965,0
1.0,0.9590535,1.789396,0
1.0,0.9559022,1.5838175,0
1.0,0.9712877,1.6462168,0
1.0,0.97449094,1.7965888,0
1.0,0.9754244,1.9537257,0
1.0,0.9745025,1.9458394,0
1.0,0.9821536,1.9438596,0
1.0,0.9842592,1.935611,0
1.0,0.9825539,1.929747,0
1.0,0.98191315,1.9086986,0
1.0,0.9810786,1.9053069,0
1.0,0.9805932,1.9018245,0
1.0,0.9809255,1.9557927,0
1.0,0.97891986,1.9738208,0
1.0,0.9788752,1.9837103,0
1.0,0.9757711,1.9548056,0
1.0,0.97621274,1.9060978,0
1.0,0.97367775,1.7763088,0
1.0,0.9572362,1.6577233,0
1.0,0.9419998,1.5777613,0
1.0,0.95582545,1.6566954,0
1.0,0.96687496,1.7272732,0
1.0,0.968308,1.7481265,0
1.0,0.96422434,1.7320106,0
1.0,0.97320795,1.7764437,0
1.0,0.97122407,1.8618248,0
1.0,0.9672102,1.8716819,0
1.0,0.9539309,1.7929935,0
1.0,0.96483654,1.8866365,0
1.0,0.97243845,1.988855,0
1.0,0.97663796,2.0185945,0
1.0,0.9714054,2.0099144,0
1.0,0.97953564,2.0337205,0
1.0,0.9786599,1.975569,0
1.0,0.9786589,1.8629698,0
1.0,0.96220034,1.692095,0
1.0,0.9731418,1.6029704,0
1.0,0.97309,1.6270548,0
1.0,0.9637273,1.6249335,0
1.0,0.95113915,1.6698165,0
1.0,0.962905,1.715444,0
1.0,0.9686997,1.7224933,0
1.0,0.9670746,1.7205286,0
1.0,0.9647939,1.7149649,0
1.0,0.963622,1.658813,0
1.0,0.9550657,1.6104541,0
1.0,0.9300379,1.6067863,0
1.0,0.9224798,1.6119609,0
1.0,0.941596,1.6636798,0
1.0,0.96410567,1.7089095,0
1.0,0.94425684,1.6061485,0
1.0,0.9485545,1.5607224,0
1.0,0.9604536,1.4944947,0
1.0,0.9680103,1.5238678,0
1.0,0.9323165,1.5190463,0
1.0,0.9186272,1.4554267,0
1.0,0.93971264,1.4232792,0
1.0,0.9592607,1.3150663,0
1.0,0.9209219,1.1502329,0
1.0,0.91467154,1.18679,0
1.0,0.9385803,1.2117248,0
1.0,0.9622765,1.2133143,0
1.0,0.92610097,1.1370158,0
1.0,0.9192284,1.1421388,0
1.0,0.9406576,1.1806128,0
1.0,0.95735526,1.2414609,0
1.0,0.93622994,1.2584591,0
1.0,0.9309074,1.2967257,0
1.0,0.9518487,1.2805068,0
1.0,0.9535194,1.3102064,0
1.0,0.9317962,1.2679968,0
1.0,0.93237346,1.2045491,0
1.0,0.94090074,1.1906929,0
1.0,0.9264041,1.1889582,0
1.0,0.8870209,1.1425099,0
1.0,0.9112747,1.1905806,0
1.0,0.92406,1.2082138,0
1.0,0.89131534,1.1505651,0
1.0,0.9015306,1.1562438,0
1.0,0.91047543,1.1940565,0
1.0,0.88311744,1.1497973,0
1.0,0.83041114,1.0587945,0
1.0,0.84163725,1.0511376,0
1.0,0.87781304,1.1060171,0
1.0,0.80590457,1.0253968,0
1.0,0.7372621,0.8999237,0
1.0,0.76959115,0.8636641,0
1.0,0.8106577,0.8876784,0
1.0,0.70733404,0.809906,0
1.0,0.5988372,0.7488519,0
1.0,0.69077516,0.8462461,0
1.0,0.83002126,1.006166,0
1.0,0.81624615,1.0178968,0
1.0,0.8652953,1.0435846,0
1.0,0.91331476,1.1059219,0
1.0,0.95510304,1.171697,0
1.0,0.91977787,1.1492969,0
1.0,0.9029,1.0898372,0
1.0,0.9240901,1.139065,0
1.0,0.9352745,1.2225235,0
1.0,0.89316505,1.2716457,0
1.0,0.9123534,1.2687325,0
1.0,0.9076707,1.2458224,0
1.0,0.9457496,1.3180435,0
1.0,0.9463534,1.3121144,0
1.0,0.96012914,1.3296651,0
1.0,0.9570338,1.3364075,0
1.0,0.96881807,1.3474686,0
1.0,0.9703793,1.351038,0
1.0,0.9698355,1.3766874,0
1.0,0.9509975,1.3061371,0
1.0,0.9561259,1.2815642,0
1.0,0.95912534,1.2730644,0
1.0,0.95995355,1.313931,0
1.0,0.9378338,1.3266809,0
1.0,0.964737,1.3829913,0
1.0,0.96841097,1.3793024,0
1.0,0.97144204,1.378978,0
1.0,0.969138,1.4042051,0
1.0,0.9689755,1.456184,0
1.0,0.96118855,1.4005542,0
1.0,0.9576673,1.3375895,0
1.0,0.94878536,1.1848278,0
1.0,0.9435385,1.012416,0
1.0,0.9304469,0.9457437,0
1.0,0.93320096,1.1632612,0
1.0,0.9493003,1.4375918,0
1.0,0.9550094,1.5034248,0
1.0,0.95691645,1.4904643,0
1.0,0.94080174,1.5017989,0
1.0,0.9512673,1.5580641,0
1.0,0.9561364,1.6460943,0
1.0,0.9485351,1.7703967,0
1.0,0.9474848,1.9060138,0
1.0,0.96796197,2.047029,0
1.0,0.97807366,2.1151667,0
1.0,0.9757682,2.1123304,0
1.0,0.9702401,2.1065266,0
1.0,0.97738725,2.1218185,0
1.0,0.9721575,2.1061387,0
1.0,0.96241903,2.0853298,0
1.0,0.95606345,2.066299,0
1.0,0.9624449,2.1319656,0
1.0,0.96240515,2.1201658,0
1.0,0.95526314,2.098925,0
1.0,0.94160193,2.0340395,0
1.0,0.95410615,2.0319228,0
1.0,0.96094304,2.0525548,0
1.0,0.9463349,2.0243168,0
1.0,0.9343843,2.0330482,0
1.0,0.93876636,2.1529536,0
1.0,0.9584089,2.2626169,0
1.0,0.95009345,2.3006034,0
1.0,0.95625335,2.363093,0
1.0,0.9637881,2.4384618,0
1.0,0.9663373,2.4477015,0
1.0,0.9508092,2.3432994,0
1.0,0.94958067,2.1331058,0
1.0,0.9611893,1.9655054,0
1.0,0.96889156,1.9523858,0
1.0,0.95801944,1.913456,0
1.0,0.9544851,1.8787875,0
1.0,0.9581786,1.7969193,0
1.0,0.9570509,1.5927563,0
1.0,0.90862924,1.2654026,0
1.0,0.9150458,1.1362721,0
1.0,0.9205456,1.1514018,0
1.0,0.9395437,1.344774,0
1.0,0.9359347,1.4487028,0
1.0,0.95114756,1.4686048,0
1.0,0.95590407,1.4540331,0
1.0,0.9715272,1.53697,0
1.0,0.9705244,1.5853788,0
1.0,0.97477853,1.5927774,0
1.0,0.9705592,1.6829475,0
1.0,0.97183233,1.9564658,0
1.0,0.97195935,2.0978367,0
1.0,0.973711,2.1603932,0
1.0,0.96707225,2.1171317,0
1.0,0.9674105,2.1587887,0
1.0,0.9677008,2.1827426,0
1.0,0.97090584,2.1530042,0
1.0,0.9625751,2.03525,0
1.0,0.96460974,2.0730565,0
1.0,0.9678705,2.161933,0
1.0,0.9719154,2.1670735,0
1.0,0.9707153,2.1193686,0
1.0,0.97118104,2.0893295,0
1.0,0.9734581,2.0667052,0
1.0,0.9737814,2.0310102,0
1.0,0.9711265,1.9733617,0
1.0,0.96962994,1.9684753,0
1.0,0.9690634,2.1220453,0
1.0,0.97202784,2.263473,0
1.0,0.97409546,2.355863,0
1.0,0.9753169,2.412969,0
1.0,0.97222173,2.4207628,0
1.0,0.97260207,2.4043593,0
1.0,0.97101146,2.3199725,0
1.0,0.96995634,2.2348502,0
1.0,0.96904033,2.2816546,0
1.0,0.9755745,2.3482409,0
1.0,0.9801539,2.4121304,0
1.0,0.9805979,2.4383483,0
1.0,0.9813098,2.4038525,0
1.0,0.9816713,2.4190958,0
1.0,0.980923,2.3256664,0
1.0,0.9800741,2.0570428,0
1.0,0.9783115,1.9557421,0
1.0,0.9767476,1.943526,0
1.0,0.9734327,1.9360033,0
1.0,0.96976614,1.8562331,0
1.0,0.9672008,1.9730237,0
1.0,0.9663363,2.1877265,0
1.0,0.97105205,2.2678506,0
1.0,0.9693879,2.126977,0
1.0,0.96420884,1.9850416,0
1.0,0.96391064,1.9898837,0
1.0,0.9631617,2.200336,0
1.0,0.95992756,2.5569367,0
1.0,0.96176624,2.709867,0
1.0,0.9660986,2.7338476,0
1.0,0.96451825,2.7211413,0
1.0,0.961093,2.663156,0
1.0,0.9539414,2.5049422,0
1.0,0.9545148,2.3927164,0
1.0,0.94607204,2.3307436,0
1.0,0.9449441,2.4069562,0
1.0,0.941759,2.4593563,0
1.0,0.94722,2.4694295,0
1.0,0.9339111,2.4151192,0
1.0,0.9369859,2.3052506,0
1.0,0.9379088,2.156277,0
1.0,0.95163894,2.1830173,0
1.0,0.9437844,2.199698,0
1.0,0.9601858,2.3338895,0
1.0,0.9649231,2.515265,0
1.0,0.973625,2.619495,0
1.0,0.9690856,2.5682464,0
1.0,0.97298604,2.583026,0
1.0,0.9726955,2.5590854,0
1.0,0.9738531,2.5058422,0
1.0,0.97214836,2.510822,0
1.0,0.9740142,2.6142561,0
1.0,0.9738513,2.7816563,0
1.0,0.97523004,2.759604,0
1.0,0.9750357,2.6561728,0
1.0,0.977216,2.6289904,0
1.0,0.9767935,2.6229103,0
1.0,0.9733786,2.5558136,0
1.0,0.9664982,2.3902655,0
1.0,0.9694159,2.224625,0
1.0,0.96762264,2.1811233,0
1.0,0.97015756,2.1805184,0
1.0,0.9668912,2.1790402,0
1.0,0.9699509,2.1922889,0
1.0,0.9682576,2.156468,0
1.0,0.9603074,2.1443648,0
1.0,0.95712453,2.1755342,0
1.0,0.9563586,2.1065383,0
1.0,0.9638232,2.0719717,0
1.0,0.9660414,2.1239672,0
1.0,0.96391153,2.2175288,0
1.0,0.96835977,2.2848768,0
1.0,0.97010237,2.4001088,0
1.0,0.97088325,2.5257525,0
1.0,0.95654064,2.4256516,0
1.0,0.96359855,2.2694492,0
1.0,0.9652896,2.0887341,0
1.0,0.9694633,1.9862132,0
1.0,0.9565943,2.043959,0
1.0,0.9577613,2.1127467,0
1.0,0.95714474,2.0890794,0
1.0,0.9533925,2.0796583,0
1.0,0.9257716,2.0125103,0
1.0,0.9145418,1.9097233,0
1.0,0.9154796,1.6505657,0
1.0,0.8950578,1.5081472,0
1.0,0.8832067,1.5781331,0
1.0,0.9034433,1.6436024,0
1.0,0.93472654,1.7017323,0
1.0,0.9321851,1.7167807,0
1.0,0.9281458,1.6840413,0
1.0,0.9195586,1.5767024,0
1.0,0.9163257,1.5878887,0
1.0,0.9049185,1.675078,0
1.0,0.9193854,1.8388921,0
1.0,0.917206,1.93663,0
1.0,0.92305607,1.9847056,0
1.0,0.92238843,1.9298706,0
1.0,0.9429914,1.8795394,0
1.0,0.93610895,1.8083472,0
1.0,0.9407527,1.7821889,0
1.0,0.9367873,1.7238557,0
1.0,0.9400725,1.6887778,0
1.0,0.9464988,1.7679327,0
1.0,0.9511037,1.7231767,0
1.0,0.9608693,1.5828431,0
1.0,0.96614254,1.5664508,0
1.0,0.97580904,1.6078615,0
1.0,0.9803154,1.6171259,0
1.0,0.9788248,1.6139115,0
1.0,0.98015344,1.5220416,0
1.0,0.97688645,1.552925,0
1.0,0.9802951,1.7616999,0
1.0,0.98098147,1.8976612,0
1.0,0.98265034,1.944208,0
1.0,0.98218036,1.9447162,0
1.0,0.98199,1.9701544,0
1.0,0.9796011,2.0020533,0
1.0,0.9775904,2.082242,0
1.0,0.9768052,2.2459097,0
1.0,0.9806311,2.3260098,0
1.0,0.9838951,2.405086,0
1.0,0.98400754,2.4870641,0
1.0,0.9822912,2.4270155,0
1.0,0.98276997,2.312717,0
1.0,0.9820571,2.2113988,0
1.0,0.9785782,2.0925126,0
1.0,0.97491425,1.9797144,0
1.0,0.97743875,1.9432418,0
1.0,0.97676295,1.9364419,0
1.0,0.9792467,1.9416766,0
1.0,0.9774465,1.9325752,0
1.0,0.981499,1.9528911,0
1.0,0.98406917,1.970127,0
1.0,0.9844097,1.9243567,0
1.0,0.9825577,1.8421383,0
1.0,0.98182,1.8516612,0
1.0,0.9826429,1.9147309,0
1.0,0.9826422,1.9854553,0
1.0,0.9828304,2.0778763,0
1.0,0.98290795,2.2605305,0
1.0,0.984176,2.5345898,0
1.0,0.9825074,2.784151,0
1.0,0.9817939,2.8065896,0
1.0,0.98120487,2.7147293,0
1.0,0.98222315,2.6260266,0
1.0,0.98145676,2.580718,0
1.0,0.98070717,2.5538917,0
1.0,0.9797989,2.4631243,0
1.0,0.980163,2.3414912,0
1.0,0.9780293,2.1488166,0
1.0,0.9777144,1.9570006,0
1.0,0.9765568,1.8755436,0
1.0,0.97563213,1.7932979,0
1.0,0.96753323,1.8239009,0
1.0,0.97013545,2.0113158,0
1.0,0.9762704,2.1525884,0
1.0,0.98008037,2.25495,0
1.0,0.9815875,2.2698133,0
1.0,0.980735,2.256878,0
1.0,0.97992504,2.2519922,0
1.0,0.9756773,2.2363033,0
1.0,0.9749522,2.2382827,0
1.0,0.97231513,2.2292554,0
1.0,0.97113186,2.265492,0
1.0,0.9682244,2.2911634,0
1.0,0.9690277,2.2791998,0
1.0,0.96519285,2.2413454,0
1.0,0.9586813,2.2729218,0
1.0,0.9670459,2.3249526,0
1.0,0.9719315,2.3863394,0
1.0,0.97219974,2.383974,0
1.0,0.9721286,2.2368803,0
1.0,0.97255963,2.006679,0
1.0,0.9675818,1.8893346,0
1.0,0.9724628,1.9258353,0
1.0,0.9733031,1.9117115,0
1.0,0.97516906,2.0394032,0
1.0,0.9749987,2.2984786,0
1.0,0.9749433,2.4245172,0
1.0,0.97348255,2.4775136,0
1.0,0.9738099,2.530325,0
1.0,0.9766366,2.5354292,0
1.0,0.9784226,2.5315318,0
1.0,0.97599036,2.5441701,0
1.0,0.97892463,2.5778232,0
1.0,0.9768564,2.418098,0
1.0,0.9751348,2.2021236,0
1.0,0.96556205,2.043682,0
1.0,0.970547,1.936301,0
1.0,0.9608924,1.8906553,0
1.0,0.97196275,1.9512926,0
1.0,0.9786485,1.9729986,0
1.0,0.9820113,1.9922255,0
1.0,0.97785085,1.9900253,0
1.0,0.9813301,1.9972663,0
1.0,0.9824767,1.9501811,0
1.0,0.9764348,1.9229866,0
1.0,0.9573508,1.9316076,0
1.0,0.9609622,1.9280909,0
1.0,0.9616593,1.8065901,0
1.0,0.9427115,1.682778,0
1.0,0.9173777,1.6463983,0
1.0,0.95186824,1.6405144,0
1.0,0.9743172,1.6456292,0
1.0,0.97741026,1.662312,0
1.0,0.9709637,1.5891345,0
1.0,0.9790622,1.5489124,0
1.0,0.98150176,1.6959474,0
1.0,0.97426695,1.9319655,0
1.0,0.9622431,2.032123,0
1.0,0.9728051,2.1465375,0
1.0,0.980756,2.2745197,0
1.0,0.98006344,2.3062057,0
1.0,0.9761003,2.3952756,0
1.0,0.97496414,2.6350784,0
1.0,0.96975267,2.785142,0
1.0,0.9499651,2.7676647,0
1.0,0.93897074,2.7250233,0
1.0,0.9465347,2.7249782,0
1.0,0.9501144,2.8143055,0
1.0,0.94605786,2.8482795,0
1.0,0.9512437,2.8414118,0
1.0,0.9643645,2.844149,0
1.0,0.96612006,2.915301,0
1.0,0.96386606,2.9507594,0
1.0,0.9650218,2.943863,0
1.0,0.96666324,3.0149212,0
1.0,0.9579165,3.056296,0
1.0,0.9581884,3.0636897,0
1.0,0.95901895,3.0489206,0
1.0,0.95679694,3.0302906,0
1.0,0.948141,3.0219944,0
1.0,0.9548493,3.0205708,0
1.0,0.93968433,2.8953533,0
1.0,0.9402993,3.0824883,0
1.0,0.94185096,3.4840586,0
1.0,0.9676356,3.8095944,0
1.0,0.97067606,3.8598704,0
1.0,0.9734848,3.791841,0
1.0,0.9709727,3.602398,0
1.0,0.9690972,3.27984,0
1.0,0.96466285,2.9891572,0
1.0,0.95547044,2.8510168,0
1.0,0.9513122,2.7632499,0
1.0,0.95670277,2.7252598,0
1.0,0.96255463,2.6826022,0
1.0,0.95824915,2.504125,0
1.0,0.9540104,2.3193712,0
1.0,0.9655074,2.4092767,0
1.0,0.9702342,2.4852462,0
1.0,0.96424586,2.4748473,0
1.0,0.9642107,2.5094705,0
1.0,0.9634012,2.7609444,0
1.0,0.96008056,3.0637608,0
1.0,0.9583521,3.1376414,0
1.0,0.9650038,3.0762794,0
1.0,0.9683839,3.090103,0
1.0,0.97314847,3.2919784,0
1.0,0.96414423,3.2360482,0
1.0,0.97240585,3.2280154,0
1.0,0.96791613,3.322177,0
1.0,0.9673118,3.456121,0
1.0,0.9539566,3.5467684,0
1.0,0.96898246,3.6234639,0
1.0,0.96958166,3.6250124,0
1.0,0.96478856,3.6032157,0
1.0,0.9475972,3.4125123,0
1.0,0.9560943,3.1496062,0
1.0,0.95361894,3.0065856,0
1.0,0.957649,2.973727,0
1.0,0.95048314,2.9588528,0
1.0,0.96784747,2.9934626,0
1.0,0.96748817,2.903264,0
1.0,0.9704325,2.8209176,0
1.0,0.96077496,2.6931658,0
1.0,0.97018,2.6142635,0
1.0,0.97046185,2.6140018,0
1.0,0.9696492,2.6495962,0
1.0,0.965929,2.8035517,0
1.0,0.9757683,2.9770584,0
1.0,0.9766808,2.8940592,0
1.0,0.9781531,2.91555,0
1.0,0.9780246,2.9119847,0
1.0,0.97849166,2.7886567,0
1.0,0.97706455,2.5124216,0
1.0,0.977806,2.2647858,0
1.0,0.97660714,2.3571584,0
1.0,0.973572,2.4839692,0
1.0,0.9645312,2.4181066,0
1.0,0.9644382,2.229185,0
1.0,0.96455216,2.2032192,0
1.0,0.9640918,2.209144,0
1.0,0.9539782,2.2538185,0
1.0,0.9518978,2.2153761,0
1.0,0.94998276,2.1177974,0
1.0,0.96596277,2.1771257,0
1.0,0.9651167,2.357628,0
1.0,0.96367335,2.4890108,0
1.0,0.96481186,2.4342496,0
1.0,0.97211605,2.3216786,0
1.0,0.9691946,2.1533597,0
1.0,0.96531624,2.0649302,0
1.0,0.9618901,2.0323577,0
1.0,0.96892506,1.9973551,0
1.0,0.9592666,1.9758781,0
1.0,0.95135653,1.9716566,0
1.0,0.9429621,1.9758428,0
1.0,0.9362283,1.969221,0
1.0,0.9136509,1.9808475,0
1.0,0.9182761,2.019884,0
1.0,0.9337884,1.8536611,0
1.0,0.93660486,1.7122965,0
1.0,0.90235066,1.678417,0
1.0,0.9391286,1.6511147,0
1.0,0.9497199,1.664038,0
1.0,0.9380812,1.6476121,0
1.0,0.9128578,1.59588,0
1.0,0.9228494,1.5582998,0
1.0,0.91337115,1.419681,0
1.0,0.84195906,1.3087122,0
1.0,0.8398341,1.4878898,0
1.0,0.94269603,1.8719614,0
1.0,0.96470094,2.103911,0
1.0,0.9514257,2.1502385,0
1.0,0.9406129,1.9332988,0
1.0,0.96197736,1.852483,0
1.0,0.94993186,1.8202988,0
1.0,0.9018735,1.7108555,0
1.0,0.8806517,1.6174575,0
1.0,0.9260799,1.7702904,0
1.0,0.9456091,2.1417694,0
1.0,0.9395979,2.2340195,0
1.0,0.94357646,2.2236085,0
1.0,0.9575845,2.2324204,0
1.0,0.9657934,2.2326806,0
1.0,0.9445554,2.2206697,0
1.0,0.95491713,2.4196327,0
1.0,0.9608787,2.7677035,0
1.0,0.958806,3.0468688,0
1.0,0.9455692,3.0844655,0
1.0,0.9555888,3.0272713,0
1.0,0.96763873,2.9522634,0
1.0,0.9636831,2.9126449,0
1.0,0.95819277,2.9051225,0
1.0,0.9602773,2.8651922,0
1.0,0.95933986,2.8847618,0
1.0,0.95441365,2.899946,0
1.0,0.95236075,2.9082603,0
1.0,0.9583193,2.9697447,0
1.0,0.95158565,2.9458795,0
1.0,0.95393753,2.9019122,0
1.0,0.95092535,2.821916,0
1.0,0.94620013,2.7151735,0
1.0,0.9303902,2.576577,0
1.0,0.9468566,2.549924,0
1.0,0.94895464,2.4840024,0
1.0,0.95027417,2.4811122,0
1.0,0.9392456,2.4674273,0
1.0,0.95718855,2.504652,0
1.0,0.952055,2.4792616,0
1.0,0.96043223,2.445977,0
1.0,0.9493245,2.320381,0
1.0,0.96640915,2.09176,0
1.0,0.96602184,2.0701387,0
1.0,0.9727128,2.108802,0
1.0,0.9643864,2.0909417,0
1.0,0.9747667,2.1131334,0
1.0,0.97125983,2.0814238,0
1.0,0.96959275,1.9113752,0
1.0,0.94535047,1.6063819,0
1.0,0.96452755,1.5734158,0
1.0,0.963345,1.9042747,0
1.0,0.9574329,2.1529324,0
1.0,0.9499836,2.1898165,0
1.0,0.96319014,2.2168417,0
1.0,0.96610314,2.2107186,0
1.0,0.9644558,2.2065308,0
1.0,0.96449286,2.1889243,0
1.0,0.9668538,2.268258,0
1.0,0.96843165,2.5320125,0
1.0,0.9708407,2.638129,0
1.0,0.9712484,2.6895404,0
1.0,0.9756427,2.7070923,0
1.0,0.9739899,2.690929,0
1.0,0.9723168,2.5842862,0
1.0,0.9703293,2.4166498,0
1.0,0.9715216,2.2914457,0
1.0,0.96843886,2.2759933,0
1.0,0.9690103,2.3316584,0
1.0,0.9719007,2.4329498,0
1.0,0.97550154,2.569717,0
1.0,0.9731011,2.6693091,0
1.0,0.9714407,2.7224092,0
1.0,0.9719987,2.5998695,0
1.0,0.9737626,2.4736085,0
1.0,0.9722626,2.42558,0
1.0,0.970788,2.5879135,0
1.0,0.97481257,2.888364,0
1.0,0.979257,3.1216495,0
1.0,0.9812416,3.179222,0
1.0,0.9826528,3.1683612,0
1.0,0.9831904,3.1235116,0
1.0,0.98178494,3.0805705,0
1.0,0.97924155,2.8286119,0
1.0,0.97917295,2.5928998,0
1.0,0.9781503,2.5566447,0
1.0,0.978559,2.6030056,0
1.0,0.9797109,2.6684055,0
1.0,0.97915864,2.6950245,0
1.0,0.9806059,2.6881976,0
1.0,0.9811358,2.588394,0
1.0,0.981157,2.3186388,0
1.0,0.978207,2.2309513,0
1.0,0.9753983,2.197753,0
1.0,0.97512895,2.2715926,0
1.0,0.9773875,2.4970725,0
1.0,0.97587425,2.6669497,0
1.0,0.9742149,2.71187,0
1.0,0.9768306,2.7073922,0
1.0,0.97905636,2.6798122,0
1.0,0.9740935,2.687653,0
1.0,0.97216153,2.815222,0
1.0,0.9672356,3.0362697,0
1.0,0.97546136,3.2472358,0
1.0,0.9769982,3.2538428,0
1.0,0.9769259,3.2221673,0
1.0,0.97104555,3.2071648,0
1.0,0.9734485,3.237616,0
1.0,0.9622861,3.118299,0
1.0,0.9588096,2.9177494,0
1.0,0.95646757,2.7814279,0
1.0,0.9647918,2.801701,0
1.0,0.95943445,2.869015,0
1.0,0.9561791,2.900334,0
1.0,0.9436358,2.6641393,0
1.0,0.9600093,2.5514183,0
1.0,0.9618527,2.5258374,0
1.0,0.9589738,2.5528538,0
1.0,0.9523411,2.5840557,0
1.0,0.9596014,2.6324143,0
1.0,0.96052295,2.6870453,0
1.0,0.96021366,2.74938,0
1.0,0.95750034,2.81854,0
1.0,0.9622081,2.8452556,0
1.0,0.96986794,2.7984295,0
1.0,0.9688196,2.7872868,0
1.0,0.9676386,2.7627044,0
1.0,0.96549803,2.722868,0
1.0,0.9734451,2.7521338,0
1.0,0.9738013,2.711715,0
1.0,0.9743155,2.7081604,0
1.0,0.97088087,2.7031522,0
1.0,0.976041,2.6593833,0
1.0,0.9711335,2.4506347,0
1.0,0.9676101,2.171598,0
1.0,0.9605296,1.9583632,0
1.0,0.97541773,2.08711,0
1.0,0.97839797,2.3634076,0
1.0,0.9771591,2.4916086,0
1.0,0.974921,2.4947407,0
1.0,0.980573,2.4289975,0
1.0,0.9830452,2.3650262,0
1.0,0.9792814,2.3507812,0
1.0,0.97520214,2.3500934,0
1.0,0.97856337,2.352023,0
1.0,0.9814912,2.387573,0
1.0,0.97698474,2.382658,0
1.0,0.9726911,2.3676195,0
1.0,0.9699476,2.3625998,0
1.0,0.9735224,2.3168483,0
1.0,0.97185916,2.2345712,0
1.0,0.9698011,2.2150855,0
1.0,0.96542436,2.1737351,0
1.0,0.9709933,2.1824667,0
1.0,0.9756919,2.1502972,0
1.0,0.9720919,2.119239,0
1.0,0.9739091,2.1339371,0
1.0,0.979474,2.1255863,0
1.0,0.97854894,2.0889475,0
1.0,0.97406477,1.9753397,0
1.0,0.96852803,1.8731902,0
1.0,0.9771548,1.9034942,0
1.0,0.9746168,1.9052248,0
1.0,0.9681524,1.8925575,0
1.0,0.9632188,1.8667191,0
1.0,0.97296584,1.8320618,0
1.0,0.9680855,1.7503939,0
1.0,0.96299046,1.7475433,0
1.0,0.95188904,1.6612415,0
1.0,0.9718159,1.5293024,0
1.0,0.97328544,1.432362,0
1.0,0.9695705,1.3794795,0
1.0,0.9661925,1.3555442,0
1.0,0.9789144,1.357879,0
1.0,0.9708025,1.2561909,0
1.0,0.9671952,1.2307898,0
1.0,0.9617697,1.1620954,0
1.0,0.9754344,1.0970507,0
1.0,0.96733063,1.1046731,0
1.0,0.96680087,1.1121345,0
1.0,0.9517322,1.0869004,0
1.0,0.9710571,1.1263372,0
1.0,0.96269685,1.17935,0
1.0,0.9485668,1.1481441,0
1.0,0.9292202,1.0715436,0
1.0,0.94645303,1.0506663,0
1.0,0.9379088,1.0298727,0
1.0,0.9183071,1.0211563,0
1.0,0.8907237,0.9843321,0
1.0,0.9199288,1.0517459,0
1.0,0.91759753,1.0824333,0
1.0,0.9100537,1.0419495,0
1.0,0.8871258,0.9434825,0
1.0,0.89943445,1.0500376,0
1.0,0.9037092,1.1521258,0
1.0,0.91270584,1.2275362,0
1.0,0.89166737,1.2936847,0
1.0,0.89634156,1.3864741,0
1.0,0.90356284,1.510467,0
1.0,0.88557637,1.5573286,0
1.0,0.8583898,1.4648577,0
1.0,0.8654567,1.4599082,0
1.0,0.87203646,1.455251,0
1.0,0.89972484,1.4938313,0
1.0,0.9156043,1.5224875,0
1.0,0.92410016,1.5309252,0
1.0,0.9291275,1.5614468,0
1.0,0.9453215,1.6068628,0
1.0,0.95370674,1.6791775,0
1.0,0.95798534,1.7537223,0
1.0,0.9594224,1.7438307,0
1.0,0.9661156,1.771143,0
1.0,0.9716741,1.9179559,0
1.0,0.9732727,2.0154765,0
1.0,0.9697711,2.00986,0
1.0,0.9692486,2.0088334,0
1.0,0.9701264,2.0129347,0
1.0,0.97489333,2.0159295,0
1.0,0.9721462,1.9865092,0
1.0,0.9718347,1.9806354,0
1.0,0.97323,1.977421,0
1.0,0.9750817,1.9558403,0
1.0,0.9718997,1.9090602,0
1.0,0.97143394,1.925459,0
1.0,0.97148263,1.9125079,0
1.0,0.9731224,1.8115542,0
1.0,0.9733281,1.7300882,0
1.0,0.9722725,1.65818,0
1.0,0.9725246,1.5430276,0
1.0,0.9680615,1.4897326,0
1.0,0.96804553,1.3921313,0
1.0,0.9624607,1.2161412,0
1.0,0.9651029,1.2141812,0
1.0,0.9641285,1.2856247,0
1.0,0.9638778,1.3629551,0
1.0,0.96596587,1.3861377,0
1.0,0.9685516,1.3920969,0
1.0,0.9696204,1.4221811,0
1.0,0.9671919,1.4900557,0
1.0,0.96600294,1.553118,0
1.0,0.9714145,1.5898241,0
1.0,0.97304,1.5408432,0
1.0,0.9744193,1.5551109,0
1.0,0.9687173,1.5461218,0
1.0,0.9683507,1.4932029,0
1.0,0.9644915,1.4925336,0
1.0,0.9661189,1.4396389,0
1.0,0.96259606,1.3870504,0
1.0,0.967703,1.4117038,0
1.0,0.9664809,1.4323521,0
1.0,0.96695477,1.4878837,0
1.0,0.9638316,1.5397973,0
1.0,0.9693387,1.6531692,0
1.0,0.97535884,1.8845347,0
1.0,0.97779477,2.0655077,0
1.0,0.9777965,2.037508,0
1.0,0.97885865,2.0245166,0
1.0,0.980871,2.0291114,0
1.0,0.980352,2.0761178,0
1.0,0.9789539,2.1847084,0
1.0,0.97899127,2.2273254,0
1.0,0.98060215,2.2228532,0
1.0,0.982054,2.19034,0
1.0,0.9805582,2.174266,0
1.0,0.97580075,2.2271657,0
1.0,0.96991223,2.1755624,0
1.0,0.9736145,2.1244178,0
1.0,0.96997315,2.0937104,0
1.0,0.96690816,2.1066782,0
1.0,0.961585,2.0641413,0
1.0,0.9658707,1.9806502,0
1.0,0.9646264,1.8662457,0
1.0,0.95917785,1.7723031,0
1.0,0.9584468,1.7520952,0
1.0,0.9742665,1.8201697,0
1.0,0.97283155,1.8428528,0
1.0,0.9673363,1.756074,0
1.0,0.96647,1.6522722,0
1.0,0.9760966,1.6483083,0
1.0,0.9706106,1.6197875,0
1.0,0.9606216,1.6745074,0
1.0,0.95208895,1.6935345,0
1.0,0.96488756,1.6609337,0
1.0,0.94478935,1.5518122,0
1.0,0.8919757,1.3492289,0
1.0,0.86772317,1.114797,0
1.0,0.89737976,0.9845753,0
1.0,0.87571555,0.9547664,0
1.0,0.81579906,0.9665796,0
1.0,0.8999622,1.1021773,0
1.0,0.92894876,1.1125804,0
1.0,0.9404425,1.1560967,0
1.0,0.919126,1.1562574,0
1.0,0.9581336,1.2032545,0
1.0,0.9605479,1.2130148,0
1.0,0.95681113,1.2157242,0
1.0,0.9225142,1.0264819,0
1.0,0.95454365,0.98322153,0
1.0,0.95078856,1.0201238,0
1.0,0.93595845,1.1447189,0
1.0,0.8964534,1.1381938,0
1.0,0.9334765,1.2030283,0
1.0,0.92431736,1.1943327,0
1.0,0.92231256,1.1966012,0
1.0,0.8998461,1.1874316,0
1.0,0.9385836,1.2979627,0
1.0,0.93655866,1.3181763,0
1.0,0.9443118,1.2897779,0
1.0,0.9228143,1.2661328,0
1.0,0.93778175,1.2841737,0
1.0,0.9313444,1.4258084,0
1.0,0.9291767,1.6724904,0
1.0,0.9194394,1.655704,0
1.0,0.91261375,1.6848066,0
1.0,0.91748965,1.7291822,0
1.0,0.90119267,1.6920183,0
1.0,0.9023492,1.7010121,0
1.0,0.8946145,1.6783832,0
1.0,0.89659774,1.6682199,0
1.0,0.8902821,1.6245421,0
1.0,0.90771616,1.5533445,0
1.0,0.9018046,1.5455046,0
1.0,0.90100837,1.6349876,0
1.0,0.9047245,1.6725615,0
1.0,0.9106302,1.7563126,0
1.0,0.91995585,1.8066281,0
1.0,0.9227351,1.803299,0
1.0,0.9299443,1.7977641,0
1.0,0.93062997,1.7920678,0
1.0,0.9323827,1.8353825,0
1.0,0.93244445,1.8034122,0
1.0,0.93386424,1.678979,0
1.0,0.9530051,1.6458071,0
1.0,0.9584608,1.6584325,0
1.0,0.96144426,1.6618763,0
1.0,0.95747644,1.6489652,0
1.0,0.9711652,1.6244943,0
1.0,0.97357666,1.5591934,0
1.0,0.9724237,1.4770478,0
1.0,0.9736806,1.4729836,0
1.0,0.9812408,1.4751554,0
1.0,0.98025435,1.4756484,0
1.0,0.9743472,1.3273966,0
1.0,0.96738505,1.0564566,0
1.0,0.97405165,0.9785982,0
1.0,0.9724415,0.923627,0
1.0,0.969584,0.97405183,0
1.0,0.97394866,1.1317762,0
1.0,0.9789563,1.3055526,0
1.0,0.9802767,1.362823,0
1.0,0.9802459,1.3627687,0
1.0,0.9784994,1.3564225,0
1.0,0.97968984,1.3653618,0
1.0,0.9762349,1.4023024,0
1.0,0.97154117,1.4774292,0
1.0,0.9686452,1.4394627,0
1.0,0.9757361,1.3025312,0
1.0,0.9706779,1.243481,0
1.0,0.96450204,1.2284358,0
1.0,0.96462905,1.2269152,0
1.0,0.96306545,1.2301587,0
1.0,0.95385706,1.2765157,0
1.0,0.95062655,1.5209519,0
1.0,0.9679474,1.771497,0
1.0,0.9691059,1.7965231,0
1.0,0.96614355,1.7904863,0
1.0,0.9701231,1.79679,0
1.0,0.9775072,1.8355536,0
1.0,0.9747025,1.8314219,0
1.0,0.9718247,1.9311248,0
1.0,0.9694148,2.1228642,0
1.0,0.97083986,2.2259352,0
1.0,0.96730417,2.209309,0
1.0,0.95531917,2.210889,0
1.0,0.9495361,2.1778436,0
1.0,0.94569045,2.1677392,0
1.0,0.9434236,2.2329721,0
1.0,0.92953074,2.634629,0
1.0,0.9301656,2.9315667,0
1.0,0.9479678,2.890861,0
1.0,0.95437264,2.7481809,0
1.0,0.95395076,2.795062,0
1.0,0.96270734,2.8633404,0
1.0,0.9611098,2.860545,0
1.0,0.96377957,2.9473,0
1.0,0.95979494,2.978594,0
1.0,0.96197724,2.799047,0
1.0,0.9534897,2.6491008,0
1.0,0.9525839,2.6766152,0
1.0,0.9453272,2.7095842,0
1.0,0.9436255,2.7151232,0
1.0,0.93330234,2.7048764,0
1.0,0.94671106,2.7170172,0
1.0,0.9159034,2.6299634,0
1.0,0.9415101,2.4459321,0
1.0,0.93235195,2.1985989,0
1.0,0.94876146,2.177601,0
1.0,0.9547061,2.2071393,0
1.0,0.9558956,2.2659874,0
1.0,0.93229204,2.276949,0
1.0,0.93673897,2.3317058,0
1.0,0.9406065,2.2655654,0
1.0,0.95797515,2.1014702,0
1.0,0.94196784,1.9892261,0
1.0,0.94994575,1.9985605,0
1.0,0.9567448,1.9790872,0
1.0,0.96835226,1.998084,0
1.0,0.95283526,1.9961632,0
1.0,0.94205016,1.9500324,0
1.0,0.9537281,1.6149731,0
1.0,0.9693243,1.396103,0
1.0,0.96392596,1.3861892,0
1.0,0.96462613,1.3855639,0
1.0,0.9708566,1.2983824,0
1.0,0.984036,1.2919695,0
1.0,0.9814496,1.3885862,0
1.0,0.97263217,1.4483396,0
1.0,0.9801294,1.4675014,0
1.0,0.98066187,1.4778603,0
1.0,0.969347,1.4591941,0
1.0,0.9613997,1.4151328,0
1.0,0.9693766,1.3825586,0
1.0,0.9778276,1.456966,0
1.0,0.9774859,1.5192498,0
1.0,0.9763624,1.5601904,0
1.0,0.9805448,1.549284,0
1.0,0.98316413,1.5000577,0
1.0,0.9804182,1.5258417,0
1.0,0.97936225,1.5908442,0
1.0,0.9809272,1.6306388,0
1.0,0.98303074,1.6575661,0
1.0,0.9788214,1.6144731,0
1.0,0.97652495,1.5814228,0
1.0,0.97758204,1.5771569,0
1.0,0.9784218,1.5671883,0
1.0,0.97296304,1.5520246,0
1.0,0.9741123,1.5763311,0
1.0,0.9738298,1.5946858,0
1.0,0.97458696,1.6290047,0
1.0,0.97162014,1.6713566,0
1.0,0.97211534,1.775136,0
1.0,0.97277087,1.7339773,0
1.0,0.9724407,1.5762957,0
1.0,0.97206897,1.5094635,0
1.0,0.9751448,1.5439363,0
1.0,0.9790178,1.6354467,0
1.0,0.9795686,1.6123672,0
1.0,0.9764598,1.5271801,0
1.0,0.97597003,1.391273,0
1.0,0.97474617,1.3045399,0
1.0,0.9736502,1.2787452,0
1.0,0.971511,1.280164,0
1.0,0.97104,1.2930009,0
1.0,0.9688037,1.2860868,0
1.0,0.9677358,1.2222675,0
1.0,0.96266675,1.2129931,0
1.0,0.962502,1.2338952,0
1.0,0.9636655,1.26922,0
1.0,0.9739463,1.3803039,0
1.0,0.9716656,1.3672035,0
1.0,0.9659114,1.29376,0
1.0,0.966817,1.2319202,0
1.0,0.96410507,1.1774592,0
1.0,0.957577,1.2018856,0
1.0,0.94524693,1.308959,0
1.0,0.96060026,1.4834409,0
1.0,0.97492766,1.5566698,0
1.0,0.975105,1.5640266,0
1.0,0.9662193,1.5270166,0
1.0,0.9786904,1.5400088,0
1.0,0.9808882,1.5084425,0
1.0,0.97711724,1.542323,0
1.0,0.96491265,1.6223102,0
1.0,0.977402,1.7331007,0
1.0,0.98000336,1.8264745,0
1.0,0.969837,1.8692795,0
1.0,0.9531566,1.8042831,0
1.0,0.96790457,1.742039,0
1.0,0.97417325,1.753884,0
1.0,0.9752715,1.7387251,0
1.0,0.96888673,1.6984165,0
1.0,0.9754515,1.7078588,0
1.0,0.97125465,1.7623814,0
1.0,0.9744812,1.7638383,0
1.0,0.9593187,1.7488441,0
1.0,0.9602853,1.7692773,0
1.0,0.957997,1.7761056,0
1.0,0.959839,1.7390244,0
1.0,0.9346219,1.8635662,0
1.0,0.94037324,2.1464894,0
1.0,0.96389264,2.4978275,0
1.0,0.97853285,2.764764,0
1.0,0.97869647,2.800288,0
1.0,0.98129094,2.818142,0
1.0,0.98115635,2.8260808,0
1.0,0.9773027,2.7832434,0
1.0,0.97273207,2.6568987,0
1.0,0.9714778,2.5352669,0
1.0,0.96958727,2.5230663,0
1.0,0.9690887,2.5124655,0
1.0,0.96526974,2.5096016,0
1.0,0.961381,2.4999595,0
1.0,0.96254283,2.5086784,0
1.0,0.96429163,2.4226186,0
1.0,0.9459105,2.1697772,0
1.0,0.9471845,1.9997821,0
1.0,0.9542837,1.9376109,0
1.0,0.95613825,1.8807375,0
1.0,0.9500834,1.8669027,0
1.0,0.9573296,1.8948745,0
1.0,0.9677317,1.9130287,0
1.0,0.9669052,1.9088304,0
1.0,0.9650697,1.9057586,0
1.0,0.9672058,1.8781924,0
1.0,0.97269756,1.8424532,0
1.0,0.9724965,1.8627088,0
1.0,0.9735588,1.8401734,0
1.0,0.97570145,1.840006,0
1.0,0.9805008,1.83746,0
1.0,0.97911286,1.807646,0
1.0,0.97533756,1.5506754,0
1.0,0.9703488,1.1819029,0
1.0,0.9767719,0.79545176,0
1.0,0.9772335,0.56938684,0
1.0,0.9767279,0.5676658,0
1.0,0.9780195,0.6386448,0
1.0,0.98270136,0.67665017,0
1.0,0.977764,0.7044152,0
1.0,0.9776007,0.71273607,0
1.0,0.97796667,0.65460837,0
1.0,0.9810379,0.6147107,0
1.0,0.97881764,0.61290073,0
1.0,0.9818617,0.6114898,0
1.0,0.9815575,0.60225827,0
1.0,0.98587555,0.62463087,0
1.0,0.9864355,0.6919629,0
1.0,0.9870847,0.7253831,0
1.0,0.9851719,0.71737456,0
1.0,0.98059744,0.7023525,0
1.0,0.97921056,0.7064031,0
1.0,0.9776013,0.7091881,0
1.0,0.97515386,0.6980573,0
1.0,0.9743878,0.8970805,0
1.0,0.9725156,1.1646668,0
1.0,0.9826403,1.2839099,0
1.0,0.98472023,1.3193117,0
1.0,0.98482764,1.2894733,0
1.0,0.9840635,1.2684088,0
1.0,0.9845388,1.2640432,0
1.0,0.97954035,1.2542713,0
1.0,0.9776144,1.3003042,0
1.0,0.9757327,1.3972499,0
1.0,0.9809156,1.4191152,0
1.0,0.97763354,1.4088712,0
1.0,0.96772724,1.3672283,0
1.0,0.9641939,1.3286083,0
1.0,0.9687311,1.3020141,0
1.0,0.96286255,1.2973388,0
1.0,0.9387732,1.3484707,0
1.0,0.9479615,1.4327427,0
1.0,0.9680775,1.4999771,0
1.0,0.9651446,1.5063602,0
1.0,0.9653674,1.5108402,0
1.0,0.9660587,1.5727923,0
1.0,0.9749187,1.7814106,0
1.0,0.97674143,1.823316,0
1.0,0.97355044,1.8438528,0
1.0,0.970924,1.8870991,0
1.0,0.9711241,1.9404157,0
1.0,0.96552014,1.9432882,0
1.0,0.967723,1.9452939,0
1.0,0.9667627,1.9732163,0
1.0,0.96699333,1.9811058,0
1.0,0.9609254,1.9674034,0
1.0,0.9395417,1.8044521,0
1.0,0.9372941,1.7635927,0
1.0,0.94040316,1.799767,0
1.0,0.9597309,1.8172632,0
1.0,0.9530507,1.8096414,0
1.0,0.9592577,1.8172855,0
1.0,0.95866805,1.8256557,0
1.0,0.9629006,1.8289244,0
1.0,0.959117,1.7765466,0
1.0,0.9609099,1.7784598,0
1.0,0.9566159,1.7918131,0
1.0,0.96934175,1.8163577,0
1.0,0.9630441,1.8142948,0
1.0,0.94935787,1.818759,0
1.0,0.94738036,1.818956,0
1.0,0.9543037,1.7915024,0
1.0,0.9232255,1.6157,0
1.0,0.899377,1.4851055,0
1.0,0.9069555,1.5475401,0
1.0,0.92670566,1.5835795,0
1.0,0.82336646,1.4831017,0
1.0,0.79817706,1.3880516,0
1.0,0.85061824,1.2235719,0
1.0,0.8765395,1.2090966,0
1.0,0.8429412,1.2351089,0
1.0,0.8037334,1.2295531,0
1.0,0.8600068,1.2964623,0
1.0,0.89538205,1.4810548,0
1.0,0.9229523,1.7338055,0
1.0,0.9062179,1.7423383,0
1.0,0.9341013,1.7808071,0
1.0,0.92375195,1.7684262,0
1.0,0.89831144,1.6753201,0
1.0,0.85435,1.4136052,0
1.0,0.88970816,1.3925834,0
1.0,0.8975272,1.4495955,0
1.0,0.91860557,1.5105605,0
1.0,0.92027676,1.5289648,0
1.0,0.92538106,1.5484378,0
1.0,0.932626,1.5492783,0
1.0,0.9478653,1.5743034,0
1.0,0.95347,1.5043948,0
1.0,0.96146345,1.492574,0
1.0,0.9559019,1.4882371,0
1.0,0.9667184,1.5306711,0
1.0,0.96536326,1.5113869,0
1.0,0.96389437,1.5032806,0
1.0,0.9611129,1.4504995,0
1.0,0.97117513,1.4501185,0
1.0,0.9705052,1.4160831,0
1.0,0.97088844,1.2856948,0
1.0,0.9652453,1.2643144,0
1.0,0.9712246,1.2925552,0
1.0,0.976674,1.343574,0
1.0,0.9781098,1.3997903,0
1.0,0.976454,1.421968,0
1.0,0.9781156,1.3040934,0
1.0,0.98011416,1.1477623,0
1.0,0.97309506,1.0285379,0
1.0,0.9648847,0.87255013,0
1.0,0.9656949,0.67235863,0
1.0,0.97112095,0.6512662,0
1.0,0.9722968,0.86569476,0
1.0,0.9744319,1.067925,0
1.0,0.97476,1.1062129,0
1.0,0.9734074,1.1288949,0
1.0,0.97212696,1.1006969,0
1.0,0.9708946,1.0577551,0
1.0,0.96860135,1.1499455,0
1.0,0.9710354,1.2384017,0
1.0,0.9770797,1.2562324,0
1.0,0.9800038,1.273428,0
1.0,0.9778256,1.2693365,0
1.0,0.9807264,1.2619777,0
1.0,0.9820209,1.2576947,0
1.0,0.98368764,1.2471638,0
1.0,0.9798875,1.2186034,0
1.0,0.98078567,1.2239426,0
1.0,0.97873974,1.2221253,0
1.0,0.9795951,1.2450507,0
1.0,0.9753567,1.393682,0
1.0,0.97770625,1.6620286,0
1.0,0.98287535,1.8369341,0
1.0,0.98663217,1.8581259,0
1.0,0.98727566,1.8584125,0
1.0,0.986389,1.9031154,0
1.0,0.98612344,1.9669411,0
1.0,0.9849123,2.0759645,0
1.0,0.98390377,2.17352,0
1.0,0.98292094,2.2171793,0
1.0,0.9824057,2.2502365,0
1.0,0.9822037,2.2360845,0
1.0,0.9804803,2.2142367,0
1.0,0.9799493,2.1623766,0
1.0,0.9818357,1.9889983,0
1.0,0.9832539,1.8728513,0
1.0,0.9835043,1.8415895,0
1.0,0.9832033,1.802558,0
1.0,0.9798481,1.7687733,0
1.0,0.97476906,1.718894,0
1.0,0.97535896,1.5832756,0
1.0,0.9789929,1.4943447,0
1.0,0.980572,1.5090885,0
1.0,0.9717119,1.5609536,0
1.0,0.9784828,1.6085644,0
1.0,0.97760177,1.6012912,0
1.0,0.96790665,1.5953958,0
1.0,0.9528085,1.5790589,0
1.0,0.965221,1.5971334,0
1.0,0.96354806,1.5872941,0
1.0,0.9703333,1.6056701,0
1.0,0.9563182,1.5718734,0
1.0,0.9653154,1.5916035,0
1.0,0.9614283,1.4303885,0
1.0,0.9714076,1.3440667,0
1.0,0.9578976,1.3096259,0
1.0,0.9660239,1.3004671,0
1.0,0.9610678,1.2056844,0
1.0,0.9572665,1.0849512,0
1.0,0.9168069,0.92797935,0
1.0,0.9437768,1.0360576,0
1.0,0.9381052,1.0996356,0
1.0,0.96852285,1.1362128,0
1.0,0.9436262,1.104618,0
1.0,0.954674,1.1209192,0
1.0,0.9473165,1.1136185,0
1.0,0.94954866,1.0968133,0
1.0,0.9261509,1.0537025,0
1.0,0.92081916,1.1389482,0
1.0,0.9395712,1.2138579,0
1.0,0.9683841,1.2575394,0
1.0,0.9483384,1.2273788,0
1.0,0.9529949,1.2349901,0
1.0,0.95629126,1.2343919,0
1.0,0.9706014,1.2124017,0
1.0,0.956954,1.1206106,0
1.0,0.95784324,1.0877576,0
1.0,0.96880394,1.1502045,0
1.0,0.9736604,1.20986,0
1.0,0.9580866,1.202014,0
1.0,0.95965487,1.2148743,0
1.0,0.9645837,1.2210143,0
1.0,0.9742038,1.2570889,0
1.0,0.9611421,1.3286428,0
1.0,0.9545037,1.2342356,0
1.0,0.951872,1.1909673,0
1.0,0.95736444,1.2126199,0
1.0,0.9671391,1.2890031,0
1.0,0.9688324,1.3787274,0
1.0,0.974962,1.4065726,0
1.0,0.97755355,1.4106612,0
1.0,0.975808,1.3804742,0
1.0,0.9732083,1.2741116,0
1.0,0.9673944,1.2259095,0
1.0,0.9732011,1.3693299,0
1.0,0.9817686,1.6331863,0
1.0,0.9823025,1.7334496,0
1.0,0.981136,1.7430682,0
1.0,0.981177,1.7260003,0
1.0,0.9852013,1.687265,0
1.0,0.9822089,1.5654244,0
1.0,0.9773975,1.4951494,0
1.0,0.97795993,1.5107589,0
1.0,0.9796652,1.5280651,0
1.0,0.9721925,1.5152335,0
1.0,0.9605997,1.4994019,0
1.0,0.95240283,1.4937315,0
1.0,0.9622051,1.5056784,0
1.0,0.964812,1.5104489,0
1.0,0.9653677,1.5035777,0
1.0,0.95115143,1.5580637,0
1.0,0.97106755,1.6823676,0
1.0,0.9785589,1.788141,0
1.0,0.98196006,1.8263493,0
1.0,0.97950816,1.8431962,0
1.0,0.98355836,1.8211579,0
1.0,0.9827917,1.765816,0
1.0,0.98163694,1.7738144,0
1.0,0.9759429,1.8257618,0
1.0,0.97839046,1.8849778,0
1.0,0.9821249,2.0221233,0
1.0,0.9848609,2.1136823,0
1.0,0.9825517,2.1365762,0
1.0,0.9831024,2.1407967,0
1.0,0.9851976,2.068551,0
1.0,0.97974694,1.9612713,0
1.0,0.97187185,1.78487,0
1.0,0.97646457,1.5682299,0
1.0,0.97999716,1.5094349,0
1.0,0.98036844,1.5393182,0
1.0,0.97978526,1.5623235,0
1.0,0.9853507,1.5390549,0
1.0,0.98754114,1.5426953,0
1.0,0.9862134,1.5678935,0
1.0,0.9798508,1.5564647,0
1.0,0.97472554,1.5375896,0
1.0,0.9719409,1.6271305,0
1.0,0.96911657,1.8412883,0
1.0,0.9703067,1.9024346,0
1.0,0.96703565,1.8994575,0
1.0,0.9696242,1.9142169,0
1.0,0.9724478,1.9411862,0
1.0,0.9709995,1.9510849,0
1.0,0.96066374,1.9488661,0
1.0,0.9620355,1.9891069,0
1.0,0.96844697,2.1457658,0
1.0,0.97462136,2.2225556,0
1.0,0.9719785,2.2898743,0
1.0,0.9720273,2.3944798,0
1.0,0.97394764,2.4245806,0
1.0,0.97515804,2.4425666,0
1.0,0.9655476,2.3511856,0
1.0,0.95823735,2.134995,0
1.0,0.9656493,2.0678332,0
1.0,0.96933895,2.0900888,0
1.0,0.96104324,2.0993533,0
1.0,0.95995235,2.0976825,0
1.0,0.9730546,2.1162305,0
1.0,0.9792692,2.148058,0
1.0,0.9722239,2.1097362,0
1.0,0.9677292,2.0713186,0
1.0,0.96991056,2.0676942,0
1.0,0.9623316,2.027532,0
1.0,0.9379637,1.983135,0
1.0,0.9205771,1.9804509,0
1.0,0.9390988,1.9897575,0
1.0,0.9493178,1.9901001,0
1.0,0.9410381,1.9749615,0
1.0,0.9274791,1.9413722,0
1.0,0.9103898,1.7975034,0
1.0,0.90319484,2.637725,0
1.0,0.8518749,2.5532513,0
1.0,0.8274802,2.6426613,0
1.0,0.84365565,2.6176682,0
1.0,0.8035175,2.4689639,0
1.0,0.7983285,2.4321122,0
1.0,0.7697364,2.4922469,0
1.0,0.8105524,2.6214352,0
1.0,0.7378261,2.6300778,0
1.0,0.70536286,2.5945053,0
1.0,0.62285423,2.581943,0
1.0,0.6419298,2.5439746,0
1.0,0.6224795,2.470014,0
1.0,0.658236,2.4213927,0
1.0,0.63913965,2.524403,0
1.0,0.70072114,2.5560012,0
1.0,0.7330756,2.57674,0
1.0,0.7046405,2.6767461,0
1.0,0.6879718,2.7920136,0
1.0,0.7562811,2.868137,0
1.0,0.7656303,3.1902194,0
1.0,0.7785036,3.5733552,0
1.0,0.7813197,3.9368143,0
1.0,0.8502305,4.119257,0
1.0,0.85630363,4.422365,0
1.0,0.8731335,4.5829153,0
1.0,0.87186265,4.754084,0
1.0,0.90462065,4.8570385,0
1.0,0.9108881,5.0450535,0
1.0,0.92196256,5.2718506,0
1.0,0.9217774,5.5800586,0
1.0,0.92274153,6.0599546,0
1.0,0.9376345,5.440199,0
1.0,0.94176215,5.6001472,0
1.0,0.9443994,5.6201134,0
1.0,0.9471721,5.710945,0
1.0,0.9525274,5.7664127,0
1.0,0.9413813,5.913623,0
1.0,0.93683773,6.1746798,0
1.0,0.94461054,6.4259663,0
1.0,0.95181996,6.721594,0
1.0,0.9555919,7.210105,0
1.0,0.9581146,7.6438193,0
1.0,0.9616409,8.001808,0
1.0,0.964223,8.464128,0
1.0,0.9657322,8.993446,0
1.0,0.9643137,9.614376,0
1.0,0.9639701,10.134002,0
1.0,0.9644547,10.557619,0
1.0,0.9644161,11.039311,0
1.0,0.9620238,11.667646,0
1.0,0.96171033,12.284846,0
1.0,0.962785,12.429048,0
1.0,0.9643978,12.323387,0
1.0,0.96286577,12.327471,0
1.0,0.96286434,12.370144,0
1.0,0.96335673,12.460997,0
1.0,0.96331835,12.562445,0
1.0,0.9614772,12.703415,0
1.0,0.96114475,12.82654,0
1.0,0.9598773,12.838246,0
1.0,0.96090823,12.88461,0
1.0,0.9630073,12.956629,0
1.0,0.96325904,13.093575,0
1.0,0.96467865,13.678867,0
1.0,0.9662076,14.161802,0
1.0,0.96725947,14.387367,0
1.0,0.96655756,14.549067,0
1.0,0.9662199,14.73037,0
1.0,0.9671317,15.054861,0
1.0,0.9646248,15.382456,0
1.0,0.9625457,15.522742,0
1.0,0.9623093,15.422,0
1.0,0.9622918,14.983936,0
1.0,0.96238285,14.5912285,0
1.0,0.9605409,14.394663,0
1.0,0.9612023,14.210222,0
1.0,0.959058,14.047562,0
1.0,0.958463,13.769221,0
1.0,0.9548283,13.367931,0
1.0,0.955755,12.970343,0
1.0,0.95510346,12.536854,0
1.0,0.95399624,11.960627,0
1.0,0.9529031,11.482502,0
1.0,0.9523647,11.551855,0
1.0,0.95362747,11.791048,0
1.0,0.9532474,11.777397,0
1.0,0.95519865,11.516074,0
1.0,0.95553356,11.285421,0
1.0,0.9557421,11.182766,0
1.0,0.9558049,11.01608,0
1.0,0.9550872,10.907388,0
1.0,0.9524055,10.936262,0
1.0,0.94860756,10.871227,0
1.0,0.9523097,10.626368,0
1.0,0.9540965,10.096384,0
1.0,0.95320356,9.244228,0
1.0,0.95073026,8.606367,0
1.0,0.95406544,8.238098,0
1.0,0.9545966,8.070768,0
1.0,0.9462224,7.9232597,0
1.0,0.94583064,7.521968,0
1.0,0.9476684,6.9138556,0
1.0,0.9483801,6.4706492,0
1.0,0.9438288,6.440317,0
1.0,0.9482165,6.5337296,0
1.0,0.9510148,6.580299,0
1.0,0.95151633,6.4572434,0
1.0,0.9521484,6.2797766,0
1.0,0.9528535,6.065472,0
1.0,0.9558519,5.744221,0
1.0,0.9517862,5.8121433,0
1.0,0.9506649,5.966658,0
1.0,0.9489706,5.9573174,0
1.0,0.9497234,5.922082,0
1.0,0.94215596,5.7022243,0
1.0,0.94522744,5.1878276,0
1.0,0.94567615,4.7299876,0
1.0,0.94296575,4.5384226,0
1.0,0.93878204,4.6516914,0
1.0,0.93776435,4.720985,0
1.0,0.9358022,4.646851,0
1.0,0.9392725,4.5073633,0
1.0,0.9298111,4.342987,0
1.0,0.9378273,4.0960445,0
1.0,0.94754946,3.8640084,0
1.0,0.94483525,3.7047763,0
1.0,0.9392987,3.6459808,0
1.0,0.93983173,3.6205404,0
1.0,0.9280493,3.6424723,0
1.0,0.9149828,3.648439,0
1.0,0.89952224,3.5947897,0
1.0,0.90770465,3.45995,0
1.0,0.9229673,3.317111,0
1.0,0.90690917,3.242138,0
1.0,0.8987291,3.0809329,0
1.0,0.9082722,2.814804,0
1.0,0.89841974,2.690141,0
1.0,0.9038976,2.6315017,0
1.0,0.90590495,2.579865,0
1.0,0.9047265,2.4496553,0
1.0,0.89786655,2.301722,0
1.0,0.90249604,2.20404,0
1.0,0.9006089,1.9965165,0
1.0,0.88244724,1.7936325,0
1.0,0.8905476,1.7054154,0
1.0,0.85988146,1.7224696,0
1.0,0.8414683,1.7268356,0
1.0,0.80113643,1.7989749,0
1.0,0.76722527,1.8035734,0
1.0,0.83405596,1.5646645,0
1.0,0.8748499,1.2581202,0
1.0,0.86208093,1.0300804,0
1.0,0.91646016,0.8450313,0
1.0,0.9390336,0.78537756,0
1.0,0.9199477,0.8034869,0
1.0,0.90719026,0.81850946,0
1.0,0.8945386,0.84706616,0
1.0,0.94829446,0.7323367,0
1.0,0.9083186,0.6606074,0
1.0,0.8560156,0.6225227,0
1.0,0.8608877,0.6127902,0
1.0,0.92181724,0.61015093,0
1.0,0.84333783,0.6611575,0
1.0,0.82111317,0.6839121,0
1.0,0.78721166,0.72149676,0
1.0,0.9398193,0.6552283,0
1.0,0.90191483,0.64185995,0
1.0,0.8636729,0.6127449,0
1.0,0.84051365,0.5387671,0
1.0,0.947469,0.42264614,0
1.0,0.8754395,0.6162922,0
1.0,0.79858464,0.62649566,0
1.0,0.7260172,0.62500346,0
1.0,0.82995677,0.6277755,0
1.0,0.6033645,0.6474124,0
1.0,0.63636744,0.6325674,0
1.0,0.5146771,0.75010955,0
1.0,0.80712086,0.7718103,0
1.0,0.65862274,0.84912264,0
1.0,0.64342475,0.8744706,0
1.0,0.56503457,0.9734515,0
1.0,0.7535797,1.0638704,0
1.0,0.6050448,1.5668247,0
1.0,0.66473275,1.7605174,0
1.0,0.633097,1.9411287,0
1.0,0.78115034,1.818798,0
1.0,0.71712226,1.9626982,0
1.0,0.728487,2.034585,0
1.0,0.7414029,2.0730245,0
1.0,0.79631495,2.159905,0
1.0,0.73326707,2.365837,0
1.0,0.7742914,2.3665996,0
1.0,0.76254386,2.4863548,0
1.0,0.81834376,2.411548,0
1.0,0.7894361,2.6395323,0
1.0,0.8305903,2.7824159,0
1.0,0.84122986,2.8953824,0
1.0,0.8962759,2.9885726,0
1.0,0.8974032,3.229961,0
1.0,0.91481733,3.2843542,0
1.0,0.92476285,3.3310704,0
1.0,0.92451274,3.45882,0
1.0,0.9174695,3.5115538,0
1.0,0.91692555,4.028352,0
1.0,0.9292273,4.552962,0
1.0,0.9308829,4.995792,0
1.0,0.93784875,5.278841,0
1.0,0.9429424,5.471986,0
1.0,0.94394374,5.4994783,0
1.0,0.9468097,5.4406304,0
1.0,0.9477559,5.536346,0
1.0,0.94509983,5.7374363,0
1.0,0.93719935,6.116604,0
1.0,0.94363534,6.4759893,0
1.0,0.9429776,6.5294266,0
1.0,0.944409,6.545667,0
1.0,0.9439231,6.6334214,0
1.0,0.94839793,6.770257,0
1.0,0.953555,6.8998537,0
1.0,0.9536878,7.095002,0
1.0,0.95006573,7.6685743,0
1.0,0.95351756,8.356363,0
1.0,0.9583467,8.952538,0
1.0,0.95979214,9.413724,0
1.0,0.9564344,9.744627,0
1.0,0.9603845,10.008381,0
1.0,0.96454066,10.094017,0
1.0,0.9664737,10.1733885,0
1.0,0.96159726,10.5084095,0
1.0,0.9616453,10.658264,0
1.0,0.96571475,10.622793,0
1.0,0.9662217,10.684825,0
1.0,0.96178436,10.7388735,0
1.0,0.9592835,10.712416,0
1.0,0.9592962,10.613724,0
1.0,0.9597812,10.373142,0
1.0,0.9572589,10.255144,0
1.0,0.95538086,10.306629,0
1.0,0.96012235,10.385687,0
1.0,0.96424574,10.587076,0
1.0,0.96183085,10.824774,0
1.0,0.96099675,10.948952,0
1.0,0.9637225,11.060921,0
1.0,0.96800673,11.219534,0
1.0,0.9648506,11.142122,0
1.0,0.9619128,10.770828,0
1.0,0.96384865,10.623536,0
1.0,0.9656001,10.631553,0
1.0,0.9621817,10.624051,0
1.0,0.95880306,10.559828,0
1.0,0.96021533,10.412368,0
1.0,0.95976233,10.191032,0
1.0,0.9565317,9.724185,0
1.0,0.95406795,9.157518,0
1.0,0.95519704,8.673152,0
1.0,0.9535856,8.3731165,0
1.0,0.9512039,8.183807,0
1.0,0.95141673,7.989542,0
1.0,0.9532442,7.831145,0
1.0,0.956314,7.6190853,0
1.0,0.95797753,7.275579,0
1.0,0.95604974,7.0405188,0
1.0,0.95625126,7.1237097,0
1.0,0.9568312,7.3965855,0
1.0,0.9560539,7.636469,0
1.0,0.9555072,7.7788754,0
1.0,0.9540046,7.739095,0
1.0,0.953419,7.5149593,0
1.0,0.9563716,7.1222095,0
1.0,0.95689464,6.689839,0
1.0,0.9547943,6.3569508,0
1.0,0.9524172,6.0299106,0
1.0,0.95531774,5.8646555,0
1.0,0.9528882,5.87656,0
1.0,0.9459467,5.7330847,0
1.0,0.94171256,5.395705,0
1.0,0.9429904,5.1130304,0
1.0,0.94945043,4.916463,0
1.0,0.9468238,4.830105,0
1.0,0.9360493,4.7568603,0
1.0,0.9388502,4.718354,0
1.0,0.93560696,4.6996183,0
1.0,0.9275397,4.7161684,0
1.0,0.92590624,4.730837,0
1.0,0.92346555,4.6171913,0
1.0,0.93692344,4.3319554,0
1.0,0.9314898,4.159975,0
1.0,0.92772734,4.024105,0
1.0,0.92575186,3.9615433,0
1.0,0.9277374,3.8130927,0
1.0,0.92137295,3.719407,0
1.0,0.911544,3.6438112,0
1.0,0.9210521,3.4970307,0
1.0,0.9230164,3.3633232,0
1.0,0.8912254,3.1659746,0
1.0,0.89764774,2.7086334,0
1.0,0.87662685,2.4352627,0
1.0,0.86162424,2.2693539,0
1.0,0.8479926,2.212142,0
1.0,0.84640044,2.20368,0
1.0,0.85040516,2.237409,0
1.0,0.816853,2.3125348,0
1.0,0.769854,2.3442783,0
1.0,0.79739463,2.1582096,0
1.0,0.8202565,1.9662634,0
1.0,0.8102837,1.9061446,0
1.0,0.77991974,1.9860486,0
1.0,0.7879067,2.0690277,0
1.0,0.8191165,2.0631824,0
1.0,0.7935578,2.119936,0
1.0,0.7649861,2.0411634,0
1.0,0.8004599,1.796696,0
1.0,0.8663971,1.5187922,0
1.0,0.87097955,1.4413021,0
1.0,0.8646354,1.4013269,0
1.0,0.898446,1.2953587,0
1.0,0.8920947,1.2855562,0
1.0,0.8724219,1.2706273,0
1.0,0.86773074,1.2248297,0
1.0,0.84677297,1.1657879,0
1.0,0.90249,0.976863,0
1.0,0.9104845,0.96102965,0
1.0,0.89743185,0.9698515,0
1.0,0.8630462,1.0082504,0
1.0,0.91505986,0.9740691,0
1.0,0.9326576,0.94296396,0
1.0,0.9312575,0.93052185,0
1.0,0.90409994,0.9857296,0
1.0,0.9477051,0.960798,0
1.0,0.9590496,0.9319856,0
1.0,0.9433707,0.9137132,0
1.0,0.9296617,0.85812724,0
1.0,0.9644384,0.7576113,0
1.0,0.9678907,0.71733236,0
1.0,0.964295,0.7074472,0
1.0,0.94892114,0.6955781,0
1.0,0.9707761,0.6565889,0
1.0,0.96423066,0.572487,0
1.0,0.93198836,0.47448388,0
1.0,0.85625225,0.34380186,0
1.0,0.91119295,0.30439973,0
1.0,0.8997368,0.29542613,0
1.0,0.8953334,0.29454005,0
1.0,0.8657511,0.28693002,0
1.0,0.90393966,0.27102473,0
1.0,0.91653574,0.25695077,0
1.0,0.934251,0.30130786,0
1.0,0.94701225,0.31644332,0
1.0,0.9460986,0.31577444,0
1.0,0.9501733,0.31596658,0
1.0,0.92636067,0.30088878,0
1.0,0.8922541,0.2988001,0
1.0,0.85179585,0.34629107,0
1.0,0.87788206,0.47343928,0
1.0,0.93786526,0.61957735,0
1.0,0.94930226,0.7123274,0
1.0,0.9516824,0.8096974,0
1.0,0.9620111,0.8251194,0
1.0,0.96883583,0.82157266,0
1.0,0.9650164,0.7647742,0
1.0,0.94715476,0.7263751,0
1.0,0.959954,0.7572504,0
1.0,0.96892536,0.8318349,0
1.0,0.9671544,0.8571306,0
1.0,0.9528662,0.8585816,0
1.0,0.95858246,0.8622477,0
1.0,0.9668937,0.8698005,0
1.0,0.96645266,0.89644533,0
1.0,0.9567573,0.9741577,0
1.0,0.9434853,1.0805998,0
1.0,0.9453051,1.1503217,0
1.0,0.9486169,1.2122025,0
1.0,0.9625712,1.2371602,0
1.0,0.94789195,1.2238678,0
1.0,0.96644074,1.2598753,0
1.0,0.96796453,1.2611461,0
1.0,0.9740433,1.2840171,0
1.0,0.9563378,1.3224185,0
1.0,0.96639585,1.3600719,0
1.0,0.9665877,1.3965462,0
1.0,0.9728968,1.4417721,0
1.0,0.9586585,1.4216142,0
1.0,0.96644944,1.4410069,0
1.0,0.96683717,1.4672647,0
1.0,0.96808463,1.4421837,0
1.0,0.9348659,1.3076138,0
1.0,0.9419957,1.3026059,0
1.0,0.95665276,1.3955805,0
1.0,0.9631764,1.4213319,0
1.0,0.9494166,1.390158,0
1.0,0.9636643,1.4174206,0
1.0,0.9720497,1.4428744,0
1.0,0.9738246,1.4424622,0
1.0,0.9687631,1.4116318,0
1.0,0.9684529,1.3913801,0
1.0,0.9707785,1.3911078,0
1.0,0.9724338,1.3879113,0
1.0,0.9603656,1.3670206,0
1.0,0.95226866,1.3648239,0
1.0,0.9655345,1.3828312,0
1.0,0.974795,1.3090312,0
1.0,0.97147703,1.1703702,0
1.0,0.9657813,1.1353545,0
1.0,0.972682,1.1917124,0
1.0,0.9765404,1.2793454,0
1.0,0.9722382,1.3237443,0
1.0,0.9675144,1.3092132,0
1.0,0.97110105,1.318592,0
1.0,0.9750786,1.3074216,0
1.0,0.96782,1.2340871,0
1.0,0.96104926,1.2668533,0
1.0,0.9607335,1.4233563,0
1.0,0.973254,1.6654079,0
1.0,0.97796863,1.8796563,0
1.0,0.974603,1.9194007,0
1.0,0.976111,1.9156404,0
1.0,0.9788234,1.9139034,0
1.0,0.9735909,1.850698,0
1.0,0.96428394,1.7481394,0
1.0,0.9643761,1.6578418,0
1.0,0.9729003,1.6038423,0
1.0,0.9793854,1.6670983,0
1.0,0.9784581,1.7268553,0
1.0,0.976073,1.7420707,0
1.0,0.9767908,1.74305,0
1.0,0.98090875,1.7469115,0
1.0,0.9798049,1.7035869,0
1.0,0.97912085,1.7312685,0
1.0,0.97709376,1.8702903,0
1.0,0.9768907,2.0451827,0
1.0,0.9773433,2.1513975,0
1.0,0.9777289,2.1719375,0
1.0,0.9800504,2.166028,0
1.0,0.9836166,2.1849952,0
1.0,0.9833882,2.1415713,0
1.0,0.9822223,2.0261896,0
1.0,0.9795812,1.9286363,0
1.0,0.98028713,1.8981082,0
1.0,0.98130774,1.9350798,0
1.0,0.98241246,1.9538894,0
1.0,0.9794378,1.9690845,0
1.0,0.977666,1.9565594,0
1.0,0.97973907,1.8471872,0
1.0,0.97881866,1.6371458,0
1.0,0.97385025,1.3736246,0
1.0,0.97314113,1.2489849,0
1.0,0.975342,1.3050876,0
1.0,0.9806908,1.3388275,0
1.0,0.979297,1.3346864,0
1.0,0.97590953,1.3139579,0
1.0,0.97644085,1.2814456,0
1.0,0.97867304,1.2322093,0
1.0,0.969836,1.2128283,0
1.0,0.96787727,1.2707074,0
1.0,0.96774834,1.2785914,0
1.0,0.97963125,1.295407,0
1.0,0.9755315,1.2957953,0
1.0,0.97110647,1.2885883,0
1.0,0.97787243,1.3014324,0
1.0,0.9824309,1.2577287,0
1.0,0.98010856,1.1266991,0
1.0,0.972274,1.0418081,0
1.0,0.97689784,1.1372696,0
1.0,0.98258877,1.3801101,0
1.0,0.9797258,1.5463685,0
1.0,0.9753763,1.5666028,0
1.0,0.9751151,1.5738448,0
1.0,0.98073775,1.5810078,0
1.0,0.97820276,1.5924375,0
1.0,0.97220594,1.6416535,0
1.0,0.97374505,1.7007966,0
1.0,0.9769737,1.7761047,0
1.0,0.97260326,1.7774595,0
1.0,0.9728371,1.7767065,0
1.0,0.97366774,1.7975392,0
1.0,0.97634435,1.8090534,0
1.0,0.9768307,1.8065975,0
1.0,0.97542375,1.7178764,0
1.0,0.977353,1.6252054,0
1.0,0.9767602,1.5888392,0
1.0,0.9809733,1.5696512,0
1.0,0.97741264,1.5628166,0
1.0,0.9725371,1.5530946,0
1.0,0.9712739,1.5344764,0
1.0,0.9748741,1.5351518,0
1.0,0.9706889,1.5008785,0
1.0,0.96770376,1.5477239,0
1.0,0.97605497,1.6204991,0
1.0,0.9826837,1.6583046,0
1.0,0.98244745,1.6856837,0
1.0,0.9842442,1.679347,0
1.0,0.98443085,1.6864414,0
1.0,0.98478967,1.6630899,0
1.0,0.9832623,1.5643702,0
1.0,0.98110914,1.3909051,0
1.0,0.97921413,1.2059793,0
1.0,0.9821087,1.0937617,0
1.0,0.9814585,1.0633963,0
1.0,0.97752225,1.06234,0
1.0,0.97777313,1.0730436,0
1.0,0.9772085,1.0494378,0
1.0,0.9669909,0.957733,0
1.0,0.96390015,0.8753747,0
1.0,0.9675339,0.80813026,0
1.0,0.9714507,0.7925103,0
1.0,0.9641926,0.78758323,0
1.0,0.9608094,0.77321136,0
1.0,0.9643444,0.77454793,0
1.0,0.96785706,0.82856154,0
1.0,0.95574945,0.86932385,0
1.0,0.94640326,0.85294974,0
1.0,0.9470701,0.9201734,0
1.0,0.9587902,1.0357355,0
1.0,0.95606977,1.0846404,0
1.0,0.95909977,1.1783302,0
1.0,0.95819193,1.2403489,0
1.0,0.9710868,1.2387371,0
1.0,0.9630444,1.1373091,0
1.0,0.95689714,1.0032815,0
1.0,0.95787865,0.9233601,0
1.0,0.96987903,0.9134917,0
1.0,0.9576172,0.9018444,0
1.0,0.95866793,0.95649993,0
1.0,0.9565109,0.9666451,0
1.0,0.9660016,0.9852112,0
1.0,0.94575006,0.9587443,0
1.0,0.9393963,0.95814484,0
1.0,0.9425486,0.8922817,0
1.0,0.9487009,0.8727708,0
1.0,0.9294185,0.86043334,0
1.0,0.932382,0.8604249,0
1.0,0.94250137,0.8786045,0
1.0,0.9483322,0.9062362,0
1.0,0.92848456,0.8689747,0
1.0,0.9367793,0.8716721,0
1.0,0.9388165,0.88763964,0
1.0,0.9336544,0.9482045,0
1.0,0.9221189,1.0000881,0
1.0,0.9410635,1.1019205,0
1.0,0.95630294,1.1835592,0
1.0,0.9571819,1.1602159,0
1.0,0.9505409,1.087247,0
1.0,0.96120787,1.1086593,0
1.0,0.96390533,1.0786185,0
1.0,0.9565898,1.0390577,0
1.0,0.9305335,1.0502925,0
1.0,0.94608057,1.1186552,0
1.0,0.95016503,1.1534045,0
1.0,0.9420639,1.1773598,0
1.0,0.94014287,1.2349229,0
1.0,0.9585738,1.3316007,0
1.0,0.9622388,1.4009266,0
1.0,0.9617203,1.4470367,0
1.0,0.95719576,1.4460139,0
1.0,0.9663517,1.4616499,0
1.0,0.96549135,1.4457645,0
1.0,0.9650723,1.4536703,0
1.0,0.96291476,1.4540346,0
1.0,0.9726077,1.4291294,0
1.0,0.9740719,1.4137386,0
1.0,0.9759997,1.3977628,0
1.0,0.97335535,1.371149,0
1.0,0.9771064,1.371733,0
1.0,0.9753239,1.3547981,0
1.0,0.9716887,1.3213661,0
1.0,0.9644496,1.3083761,0
1.0,0.9698658,1.350404,0
1.0,0.9691441,1.3886471,0
1.0,0.97068924,1.3527092,0
1.0,0.9695758,1.313366,0
1.0,0.97654337,1.260109,0
1.0,0.97194034,1.1982052,0
1.0,0.97727543,1.1835523,0
1.0,0.9672606,1.172497,0
1.0,0.96971154,1.2194806,0
1.0,0.96252596,1.228435,0
1.0,0.9732536,1.2432418,0
1.0,0.972388,1.1574225,0
1.0,0.9725759,1.0272161,0
1.0,0.965362,0.92607796,0
1.0,0.9785121,0.9140673,0
1.0,0.97354525,0.85070014,0
1.0,0.97580373,0.8020237,0
1.0,0.9664832,0.77462775,0
1.0,0.9758296,0.8549626,0
1.0,0.9756098,0.88657784,0
1.0,0.9758256,0.8528369,0
1.0,0.9685233,0.84607303,0
1.0,0.97979766,0.85480213,0
1.0,0.9804582,0.8650502,0
1.0,0.9760478,0.94783396,0
1.0,0.9699346,1.0262976,0
1.0,0.97617984,1.1029744,0
1.0,0.97773015,1.139969,0
1.0,0.9756496,1.1499876,0
1.0,0.96827805,1.1736522,0
1.0,0.9757968,1.3008016,0
1.0,0.9776652,1.386595,0
1.0,0.9732111,1.3811274,0
1.0,0.9661528,1.3031772,0
1.0,0.9715118,1.2708459,0
1.0,0.9744262,1.2406865,0
1.0,0.9785432,1.2543631,0
1.0,0.97640103,1.3228695,0
1.0,0.97940993,1.424485,0
1.0,0.98382425,1.4598256,0
1.0,0.9838558,1.4104142,0
1.0,0.97614187,1.3260589,0
1.0,0.97892845,1.2663748,0
1.0,0.98055524,1.2529488,0
1.0,0.9772414,1.3121804,0
1.0,0.96786445,1.3449594,0
1.0,0.9686609,1.3139373,0
1.0,0.97136205,1.3111553,0
1.0,0.96313906,1.285844,0
1.0,0.95569813,1.2257085,0
1.0,0.95765066,1.1367481,0
1.0,0.95247996,1.0674045,0
1.0,0.9368709,1.0361389,0
1.0,0.9481375,1.063178,0
1.0,0.9489678,1.0688605,0
1.0,0.9542886,1.0777403,0
1.0,0.9388425,0.99884105,0
1.0,0.95472044,0.9502718,0
1.0,0.9490067,0.87737656,0
1.0,0.9502137,0.84669715,0
1.0,0.9176684,0.80884063,0
1.0,0.9284536,0.86045545,0
1.0,0.93536794,0.9002301,0
1.0,0.93592983,0.90437496,0
1.0,0.9236121,0.8912069,0
1.0,0.95107853,0.9569123,0
1.0,0.9515227,0.95750767,0
1.0,0.95620733,0.9527545,0
1.0,0.9182222,0.91483736,0
1.0,0.95075774,0.9122864,0
1.0,0.942557,0.8410509,0
1.0,0.9611431,0.83974683,0
1.0,0.92827946,0.836806,0
1.0,0.93295604,0.89586914,0
1.0,0.91597027,0.87050545,0
1.0,0.94494146,0.9029865,0
1.0,0.9157258,0.8117306,0
1.0,0.89787114,0.7542504,0
1.0,0.8886214,0.77737635,0
1.0,0.9335101,0.8967893,0
1.0,0.912428,0.998441,0
1.0,0.90558326,1.097896,0
1.0,0.9190158,1.2186186,0
1.0,0.9573667,1.3747232,0
1.0,0.94424486,1.3969886,0
1.0,0.939039,1.4146054,0
1.0,0.93755853,1.4041265,0
1.0,0.96139246,1.4219677,0
1.0,0.94496346,1.3635092,0
1.0,0.94150776,1.3518482,0
1.0,0.9423129,1.3703439,0
1.0,0.9582288,1.4169106,0
1.0,0.9391051,1.3817626,0
1.0,0.9303393,1.295066,0
1.0,0.9244406,1.1509138,0
1.0,0.9423471,1.0911582,0
1.0,0.9528313,1.0639882,0
1.0,0.96054375,1.0522255,0
1.0,0.9691942,1.0844855,0
1.0,0.97284216,1.104667,0
1.0,0.9826592,1.0895876,0
1.0,0.9833346,1.0771629,0
1.0,0.97960955,1.0378366,0
1.0,0.97907764,1.0413607,0
1.0,0.9797092,1.0480399,0
1.0,0.975042,1.0643814,0
1.0,0.9647787,1.087182,0
1.0,0.9671308,1.0815064,0
1.0,0.9729365,1.09426,0
1.0,0.9726792,1.1126139,0
1.0,0.95633173,1.0766915,0
1.0,0.95702136,1.029012,0
1.0,0.9626564,0.9209593,0
1.0,0.952999,0.79970944,0
1.0,0.9063485,0.62299716,0
1.0,0.8970044,0.5214858,0
1.0,0.913156,0.5093519,0
1.0,0.9150809,0.49932408,0
1.0,0.89121205,0.51547223,0
1.0,0.91209185,0.616423,0
1.0,0.9418195,0.69794595,0
1.0,0.9406051,0.6937742,0
1.0,0.9120986,0.64144385,0
1.0,0.93591905,0.6496334,0
1.0,0.93517494,0.63083315,0
1.0,0.9248743,0.61912894,0
1.0,0.90238696,0.5888896,0
1.0,0.92362744,0.6134959,0
1.0,0.93008316,0.64201117,0
1.0,0.936636,0.6492345,0
1.0,0.91927767,0.60881305,0
1.0,0.9196725,0.6248447,0
1.0,0.93557036,0.70618546,0
1.0,0.9421557,0.75442505,0
1.0,0.9424033,0.76322067,0
1.0,0.9331116,0.7376836,0
1.0,0.9468391,0.70925736,0
1.0,0.94572574,0.63960654,0
1.0,0.94684625,0.60365826,0
1.0,0.9543152,0.61054283,0
1.0,0.95911807,0.6120168,0
1.0,0.96466035,0.5861518,0
1.0,0.95478636,0.550388,0
1.0,0.9444813,0.5165345,0
1.0,0.9331939,0.49352354,0
1.0,0.9514837,0.5168954,0
1.0,0.9445616,0.50563973,0
1.0,0.93709034,0.50426245,0
1.0,0.9332097,0.4831702,0
1.0,0.9422746,0.47211713,0
1.0,0.93121165,0.47164384,0
1.0,0.91422784,0.44791183,0
1.0,0.93199205,0.5925343,0
1.0,0.9550477,0.7662842,0
1.0,0.9597472,0.84011686,0
1.0,0.9639333,0.8759977,0
1.0,0.96328926,0.8926406,0
1.0,0.971016,0.9535739,0
1.0,0.9688692,0.98591554,0
1.0,0.9728382,0.9874015,0
1.0,0.9675048,0.95840675,0
1.0,0.9766566,0.96842134,0
1.0,0.97265846,0.9572133,0
1.0,0.9671833,0.93209255,0
1.0,0.9672971,0.92202675,0
1.0,0.9716152,0.9339232,0
1.0,0.97661066,0.9750105,0
1.0,0.9779132,1.0238533,0
1.0,0.981055,1.0583861,0
1.0,0.9810111,1.1515851,0
1.0,0.98201764,1.2724506,0
1.0,0.98062634,1.3096168,0
1.0,0.9812676,1.349905,0
1.0,0.9791894,1.3614067,0
1.0,0.97945464,1.3703105,0
1.0,0.9804884,1.4078158,0
1.0,0.9802153,1.4286454,0
1.0,0.97802037,1.4438748,0
1.0,0.97658926,1.4421248,0
1.0,0.9748762,1.4326292,0
1.0,0.9719934,1.4289448,0
1.0,0.9698239,1.4187806,0
1.0,0.97221553,1.36977,0
1.0,0.97233015,1.292706,0
1.0,0.9705202,1.1350207,0
1.0,0.96587837,0.9745792,0
1.0,0.96248066,0.8948458,0
1.0,0.9542936,0.90897954,0
1.0,0.95242447,1.0082468,0
1.0,0.9515159,1.1402974,0
1.0,0.9542955,1.2084541,0
1.0,0.9497346,1.2159693,0
1.0,0.9546312,1.2332876,0
1.0,0.9554993,1.2519212,0
1.0,0.9504093,1.3601319,0
1.0,0.9415928,1.4515272,0
1.0,0.94985896,1.4443593,0
1.0,0.95931333,1.467782,0
1.0,0.9567235,1.4414935,0
1.0,0.94392896,1.3892651,0
1.0,0.943984,1.3993737,0
1.0,0.95454353,1.3545039,0
1.0,0.9549443,1.2683952,0
1.0,0.9420492,1.2113001,0
1.0,0.9455757,1.1790614,0
1.0,0.9568977,1.1921939,0
1.0,0.954506,1.189813,0
1.0,0.9461694,1.1684775,0
1.0,0.9511824,1.1774616,0
1.0,0.9587821,1.1708753,0
1.0,0.96232915,1.1773196,0
1.0,0.95744526,1.1559198,0
1.0,0.9606052,1.1554339,0
1.0,0.96098787,1.1642272,0
1.0,0.9597785,1.1813996,0
1.0,0.94692266,1.1840743,0
1.0,0.9548476,1.252607,0
1.0,0.966655,1.3563106,0
1.0,0.97222227,1.4002366,0
1.0,0.96705794,1.3386933,0
1.0,0.9710269,1.2323296,0
1.0,0.97135544,1.0607245,0
1.0,0.9692537,0.9948622,0
1.0,0.96245205,1.0008745,0
1.0,0.96410054,1.0505006,0
1.0,0.96939373,1.1432934,0
1.0,0.97044116,1.1204203,0
1.0,0.96364844,1.0684963,0
1.0,0.96749383,1.0811714,0
1.0,0.9719533,1.0435567,0
1.0,0.97155476,1.0259607,0
1.0,0.964996,0.994882,0
1.0,0.9707578,0.9634565,0
1.0,0.97675544,0.9491706,0
1.0,0.97701526,0.9193031,0
1.0,0.97529423,0.92805684,0
1.0,0.9781572,1.0161325,0
1.0,0.98196745,1.1040803,0
1.0,0.9828782,1.2004143,0
1.0,0.98183733,1.2444321,0
1.0,0.982936,1.2876325,0
1.0,0.9838176,1.361022,0
1.0,0.9822396,1.4455845,0
1.0,0.98040056,1.5983409,0
1.0,0.9792575,1.7883472,0
1.0,0.98100466,1.9379332,0
1.0,0.98340446,1.9851553,0
1.0,0.98167783,1.9556091,0
1.0,0.98157537,1.8868748,0
1.0,0.9814388,1.8260052,0
1.0,0.98272,1.8100926,0
1.0,0.98122483,1.7970728,0
1.0,0.9823286,1.7974095,0
1.0,0.9831782,1.816912,0
1.0,0.9844891,1.797485,0
1.0,0.98195857,1.755914,0
1.0,0.9776187,1.6923517,0
1.0,0.97731453,1.5900815,0
1.0,0.98193926,1.5069586,0
1.0,0.9790173,1.4185036,0
1.0,0.97453564,1.387066,0
1.0,0.9711964,1.4052534,0
1.0,0.9813442,1.4403791,0
1.0,0.9787644,1.455385,0
1.0,0.9768381,1.4647157,0
1.0,0.9761595,1.4689999,0
1.0,0.97929424,1.5076904,0
1.0,0.9736279,1.5174853,0
1.0,0.96561104,1.4494033,0
1.0,0.9660561,1.4302962,0
1.0,0.9754008,1.3845845,0
1.0,0.9737611,1.3281305,0
1.0,0.9664125,1.2635663,0
1.0,0.9681648,1.1838973,0
1.0,0.9724389,1.1136789,0
1.0,0.9658849,1.0075545,0
1.0,0.9444542,0.85521966,0
1.0,0.9509071,0.83275557,0
1.0,0.96941996,0.84676003,0
1.0,0.9679385,0.89030445,0
1.0,0.9607263,0.9846594,0
1.0,0.96615714,1.0816592,0
1.0,0.97885007,1.2469566,0
1.0,0.9792462,1.3722752,0
1.0,0.97195494,1.4582815,0
1.0,0.97440684,1.5530806,0
1.0,0.9759051,1.6425903,0
1.0,0.96979237,1.6822133,0
1.0,0.9570639,1.6777366,0
1.0,0.9578393,1.735611,0
1.0,0.9642468,1.7578297,0
1.0,0.9681691,1.7660463,0
1.0,0.9677467,1.7941968,0
1.0,0.9705164,1.7896534,0
1.0,0.96985674,1.7846022,0
1.0,0.97197783,1.7931982,0
1.0,0.9609818,1.7536886,0
1.0,0.9585657,1.7398001,0
1.0,0.9528651,1.744426,0
1.0,0.95771724,1.7982123,0
1.0,0.944762,1.8507882,0
1.0,0.9491773,1.8842087,0
1.0,0.94808537,1.9289284,0
1.0,0.96257496,1.9961383,0
1.0,0.953593,1.9700086,0
1.0,0.9641204,2.0477767,0
1.0,0.95470595,2.1403813,0
1.0,0.96286035,2.3061643,0
1.0,0.9539197,2.337531,0
1.0,0.9663617,2.2837706,0
1.0,0.9598277,2.2564187,0
1.0,0.9692843,2.2553265,0
1.0,0.9606282,2.13371,0
1.0,0.9703812,2.0795765,0
1.0,0.9630518,1.9163557,0
1.0,0.96642023,1.8287096,0
1.0,0.9502448,1.798918,0
1.0,0.9634066,1.7906823,0
1.0,0.95644367,1.6970651,0
1.0,0.9601199,1.6633803,0
1.0,0.9571527,1.6278052,0
1.0,0.9720005,1.6060853,0
1.0,0.9767626,1.6340117,0
1.0,0.9784078,1.6732981,0
1.0,0.9755645,1.638099,0
1.0,0.9796317,1.6549313,0
1.0,0.9776717,1.6410105,0
1.0,0.96795905,1.5976899,0
1.0,0.96474993,1.5904592,0
1.0,0.97055537,1.5995362,0
1.0,0.9772257,1.5637782,0
1.0,0.97238344,1.49819,0
1.0,0.96850485,1.4107628,0
1.0,0.97432464,1.380416,0
1.0,0.9792438,1.3641157,0
1.0,0.9770274,1.3538442,0
1.0,0.9752567,1.3766004,0
1.0,0.9779214,1.392931,0
1.0,0.97780263,1.3077111,0
1.0,0.9733705,1.1369445,0
1.0,0.96777314,1.1045015,0
1.0,0.97057253,1.2206221,0
1.0,0.97605157,1.3624859,0
1.0,0.97644514,1.4055516,0
1.0,0.97512835,1.3907347,0
1.0,0.9768961,1.3883209,0
1.0,0.97855806,1.3861818,0
1.0,0.97406685,1.346143,0
1.0,0.9748957,1.2332103,0
1.0,0.9765869,1.1529412,0
1.0,0.9802138,1.1559771,0
1.0,0.98173577,1.1949078,0
1.0,0.98064166,1.2076133,0
1.0,0.9801743,1.2253124,0
1.0,0.98000926,1.2342137,0
1.0,0.98201114,1.250742,0
1.0,0.98101,1.2793623,0
1.0,0.97974443,1.3413748,0
1.0,0.9758682,1.4351928,0
1.0,0.9746164,1.4676698,0
1.0,0.96994126,1.4788892,0
1.0,0.9654496,1.5367854,0
1.0,0.96423906,1.6095102,0
1.0,0.9684973,1.6432163,0
1.0,0.9716965,1.6781814,0
1.0,0.9715441,1.6542302,0
1.0,0.96986896,1.5927787,0
1.0,0.9715996,1.5602894,0
1.0,0.9735535,1.523624,0
1.0,0.9777045,1.4699466,0
1.0,0.9783146,1.4549452,0
1.0,0.9770522,1.4351352,0
1.0,0.97497606,1.3398365,0
1.0,0.97187465,1.1846892,0
1.0,0.95683044,1.0285747,0
1.0,0.9512427,0.96220815,0
1.0,0.9536032,0.9645707,0
1.0,0.9534271,0.97400224,0
1.0,0.94380957,1.0323129,0
1.0,0.9352249,1.0845987,0
1.0,0.96206516,1.1534059,0
1.0,0.96440256,1.1583536,0
1.0,0.9512588,1.1173804,0
1.0,0.95756257,1.0833145,0
1.0,0.95547116,1.0808339,0
1.0,0.9566699,1.0711532,0
1.0,0.9366259,1.0257899,0
1.0,0.95583045,1.1075401,0
1.0,0.9621336,1.121182,0
1.0,0.9600037,1.0215156,0
1.0,0.9353244,0.8796625,0
1.0,0.9529386,0.8682013,0
1.0,0.9471997,0.84121555,0
1.0,0.9355336,0.7626978,0
1.0,0.8975249,0.6576254,0
1.0,0.94101125,0.71223176,0
1.0,0.949582,0.7460411,0
1.0,0.9552431,0.7629457,0
1.0,0.9480022,0.7491319,0
1.0,0.9653085,0.7682648,0
1.0,0.9687034,0.7770252,0
1.0,0.9548839,0.8239931,0
1.0,0.9340581,0.82202435,0
1.0,0.95394826,0.8730788,0
1.0,0.9483609,0.8879052,0
1.0,0.95299166,0.8984221,0
1.0,0.9228153,0.8283772,0
1.0,0.9568227,0.87304795,0
1.0,0.9558308,0.8696822,0
1.0,0.9459836,0.8664365,0
1.0,0.91956383,0.8411275,0
1.0,0.9432926,0.8740936,0
1.0,0.9534647,0.96275306,0
1.0,0.95688784,1.0276569,0
1.0,0.94888806,1.0352544,0
1.0,0.9614068,1.0664778,0
1.0,0.97188044,1.0733618,0
1.0,0.9680148,1.0852239,0
1.0,0.9536178,1.0672057,0
1.0,0.9568353,0.99861985,0
1.0,0.9638647,1.02064,0
1.0,0.9470252,1.0543507,0
1.0,0.9385456,1.0674045,0
1.0,0.94887424,1.0931402,0
1.0,0.9628535,1.1438444,0
1.0,0.9692677,1.2375093,0
1.0,0.96535635,1.3169277,0
1.0,0.969992,1.3469796,0
1.0,0.9722344,1.3396022,0
1.0,0.9740812,1.3725364,0
1.0,0.9711692,1.396028,0
1.0,0.97377104,1.4145806,0
1.0,0.9774444,1.441889,0
1.0,0.97752106,1.3890628,0
1.0,0.9734311,1.3390915,0
1.0,0.97357994,1.2880723,0
1.0,0.97559977,1.2513783,0
1.0,0.9758542,1.2460508,0
1.0,0.97565764,1.2340604,0
1.0,0.97442234,1.2229731,0
1.0,0.9766703,1.2404598,0
1.0,0.97833335,1.1990151,0
1.0,0.9766619,1.1610483,0
1.0,0.9752715,1.1839309,0
1.0,0.9793554,1.1708674,0
1.0,0.9792621,1.1519353,0
1.0,0.9780462,1.160742,0
1.0,0.9793442,1.1631482,0
1.0,0.9821218,1.1804492,0
1.0,0.982002,1.3010511,0
1.0,0.97985303,1.4978514,0
1.0,0.9793983,1.6815379,0
1.0,0.98313856,1.9168366,0
1.0,0.9845093,2.109544,0
1.0,0.983244,2.2021,0
1.0,0.9825696,2.2355409,0
1.0,0.98377556,2.215084,0
1.0,0.98256934,2.1313763,0
1.0,0.978696,2.0569057,0
1.0,0.977014,2.0638146,0
1.0,0.9793519,2.1249332,0
1.0,0.9797292,2.1673636,0
1.0,0.9779569,2.2041066,0
1.0,0.975261,2.2078304,0
1.0,0.979857,2.2177162,0
1.0,0.982053,2.2228599,0
1.0,0.98147595,2.2063484,0
1.0,0.9796539,2.2233906,0
1.0,0.9801324,2.3451781,0
1.0,0.97757643,2.4594173,0
1.0,0.9757245,2.5349338,0
1.0,0.9738556,2.5703638,0
1.0,0.97435194,2.5641086,0
1.0,0.971873,2.5625634,0
1.0,0.974702,2.5142007,0
1.0,0.9721023,2.4413016,0
1.0,0.9719977,2.3631203,0
1.0,0.9681943,2.3153105,0
1.0,0.9763573,2.3064966,0
1.0,0.97650266,2.297569,0
1.0,0.9692471,2.26777,0
1.0,0.96271294,2.1072316,0
1.0,0.9704864,1.9191464,0
1.0,0.9689876,1.7404387,0
1.0,0.9586411,1.4676476,0
1.0,0.95543605,1.2454156,0
1.0,0.9605261,1.1323855,0
1.0,0.96088624,1.0906074,0
1.0,0.9463481,1.0807235,0
1.0,0.90913314,1.047694,0
1.0,0.9189228,1.0604011,0
1.0,0.9260546,1.0067323,0
1.0,0.9228008,0.8935411,0
1.0,0.8766328,0.7283005,0
1.0,0.8706147,0.6629138,0
1.0,0.9010992,0.67392886,0
1.0,0.9108346,0.6767504,0
1.0,0.86164314,0.68725026,0
1.0,0.84806406,0.79873157,0
1.0,0.9044482,0.8942509,0
1.0,0.9059358,0.82574594,0
1.0,0.8885085,0.75913274,0
1.0,0.8709479,0.6950281,0
1.0,0.93209445,0.7636401,0
1.0,0.94431067,0.81554085,0
1.0,0.94018215,0.8516976,0
1.0,0.9159593,0.87207174,0
1.0,0.9508583,0.9179502,0
1.0,0.94934285,0.9115722,0
1.0,0.93335176,0.8872911,0
1.0,0.93243724,0.9105265,0
1.0,0.962065,0.9524074,0
1.0,0.9699439,0.95821345,0
1.0,0.9696857,0.96338505,0
1.0,0.9657655,0.9538171,0
1.0,0.9764307,1.001167,0
1.0,0.9765152,1.0030799,0
1.0,0.9763411,0.98394465,0
1.0,0.97103405,0.9776499,0
1.0,0.9806003,0.99044275,0
1.0,0.97884756,0.98526293,0
1.0,0.96971434,0.9723542,0
1.0,0.9578696,1.027532,0
1.0,0.9686452,1.2036399,0
1.0,0.9745374,1.3188152,0
1.0,0.97654426,1.392438,0
1.0,0.97207505,1.4086148,0
1.0,0.9759478,1.4153838,0
1.0,0.97783846,1.4373333,0
1.0,0.9749645,1.4064083,0
1.0,0.97143847,1.2647806,0
1.0,0.97639704,1.2227643,0
1.0,0.98089087,1.1831713,0
1.0,0.98006755,1.1137384,0
1.0,0.9750148,1.0754114,0
1.0,0.9750522,1.0420763,0
1.0,0.9755552,1.0090274,0
1.0,0.9730973,0.9970224,0
1.0,0.96464145,0.965456,0
1.0,0.9702316,1.0039332,0
1.0,0.97186655,1.0436914,0
1.0,0.9642617,1.0433701,0
1.0,0.9634154,1.0168979,0
1.0,0.9679612,1.0343332,0
1.0,0.976927,1.059161,0
1.0,0.98244596,1.0629879,0
1.0,0.98230916,1.0716646,0
1.0,0.98124516,1.0375428,0
1.0,0.9816772,1.0044497,0
1.0,0.9766102,0.994462,0
1.0,0.9624048,1.0485772,0
1.0,0.9568349,1.1053854,0
1.0,0.96254206,1.1221266,0
1.0,0.9632595,1.0920994,0
1.0,0.9597691,1.0544422,0
1.0,0.95576644,1.0100596,0
1.0,0.972828,0.939358,0
1.0,0.97307986,0.8825659,0
1.0,0.97418356,0.88737786,0
1.0,0.97713256,0.9075588,0
1.0,0.97901136,0.9217924,0
1.0,0.97517735,0.9775774,0
1.0,0.96667373,1.2205886,0
1.0,0.96890837,1.5947334,0
1.0,0.97719496,1.8722501,0
1.0,0.98201895,2.04579,0
1.0,0.9764923,2.1319807,0
1.0,0.9757037,2.164027,0
1.0,0.9771803,2.2164478,0
1.0,0.9681612,2.3546734,0
1.0,0.94779515,2.4875488,0
1.0,0.9475696,2.6178818,0
1.0,0.9588185,2.7126617,0
1.0,0.96520066,2.7239175,0
1.0,0.96371025,2.7252903,0
1.0,0.9633605,2.7193792,0
1.0,0.9743105,2.7413876,0
1.0,0.9766251,2.773874,0
1.0,0.97181064,2.7503386,0
1.0,0.9720228,2.7139733,0
1.0,0.9739671,2.707254,0
1.0,0.9677247,2.681187,0
1.0,0.9521747,2.583043,0
1.0,0.9505102,2.518512,0
1.0,0.96552813,2.5310216,0
1.0,0.9601673,2.5231922,0
1.0,0.95248526,2.4560802,0
1.0,0.9465159,2.3753316,0
1.0,0.9639574,2.4920626,0
1.0,0.96601903,2.519093,0
1.0,0.96421516,2.4864116,0
1.0,0.96599936,2.4709249,0
1.0,0.9747148,2.4475312,0
1.0,0.97065395,2.3229573,0
1.0,0.97244275,2.0880866,0
1.0,0.9717211,1.7421308,0
1.0,0.9773744,1.5461475,0
1.0,0.9799381,1.4182651,0
1.0,0.97789735,1.3241152,0
1.0,0.9746031,1.2914478,0
1.0,0.97810763,1.2369664,0
1.0,0.9702251,1.0281781,0
1.0,0.96196467,0.8080081,0
1.0,0.96034634,0.63510334,0
1.0,0.97082245,0.5531541,0
1.0,0.97103745,0.558131,0
1.0,0.9692647,0.5608439,0
1.0,0.9648919,0.5514306,0
1.0,0.96956855,0.5488534,0
1.0,0.9724,0.53527594,0
1.0,0.97217846,0.574163,0
1.0,0.97507995,0.5870914,0
1.0,0.976938,0.5934751,0
1.0,0.9758095,0.6395407,0
1.0,0.97891265,0.67677605,0
1.0,0.97950613,0.6932543,0
1.0,0.982064,0.7177439,0
1.0,0.9832398,0.7125609,0
1.0,0.9817769,0.73323554,0
1.0,0.98060864,0.689618,0
1.0,0.9788897,0.5722183,0
1.0,0.97745967,0.5678232,0
1.0,0.97398937,0.646387,0
1.0,0.97885704,0.7297088,0
1.0,0.97900987,0.75092626,0
1.0,0.9772002,0.7452358,0
1.0,0.97420347,0.7241316,0
1.0,0.97395724,0.7029539,0
1.0,0.96408916,0.6809959,0
1.0,0.9535655,0.8033091,0
1.0,0.95325667,0.97893906,0
1.0,0.9767864,1.2091041,0
1.0,0.98217666,1.3330882,0
1.0,0.9783205,1.3454089,0
1.0,0.97936124,1.3626622,0
1.0,0.9839499,1.371829,0
1.0,0.98168373,1.3907883,0
1.0,0.97285223,1.455918,0
1.0,0.9722314,1.5006828,0
1.0,0.9781909,1.5571806,0
1.0,0.977995,1.5772235,0
1.0,0.97290945,1.5597425,0
1.0,0.9708567,1.5455549,0
1.0,0.9803151,1.6453975,0
1.0,0.9860145,1.7251838,0
1.0,0.9809325,1.7080314,0
1.0,0.9802741,1.6784136,0
1.0,0.98244447,1.6606003,0
1.0,0.9794891,1.6358508,0
1.0,0.96890134,1.6459014,0
1.0,0.9579568,1.6225972,0
1.0,0.96657705,1.6362976,0
1.0,0.96765655,1.6738235,0
1.0,0.9581112,1.6390324,0
1.0,0.94348574,1.6181567,0
1.0,0.94057894,1.5705667,0
1.0,0.9548237,1.5940863,0
1.0,0.96296525,1.6914027,0
1.0,0.96448475,1.7553074,0
1.0,0.9687083,1.7910831,0
1.0,0.9706721,1.7862024,0
1.0,0.9692337,1.6802807,0
1.0,0.96368176,1.5782405,0
1.0,0.9604123,1.4503264,0
1.0,0.9657958,1.4535663,0
1.0,0.97204304,1.5312006,0
1.0,0.96902263,1.5831783,0
1.0,0.9656056,1.6509142,0
1.0,0.9636801,1.7103176,0
1.0,0.9648833,1.7261944,0
1.0,0.9498999,1.7017913,0
1.0,0.9377516,1.6564202,0
1.0,0.9527953,1.674643,0
1.0,0.9592553,1.7448515,0
1.0,0.9620427,1.8228116,0
1.0,0.964703,1.8892004,0
1.0,0.97964853,2.0940895,0
1.0,0.9841691,2.3029857,0
1.0,0.9842317,2.5281816,0
1.0,0.9821389,2.7786837,0
1.0,0.98130155,2.9232283,0
1.0,0.9800147,3.1916902,0
1.0,0.9740484,3.6598523,0
1.0,0.9652965,3.9372797,0
1.0,0.96118075,4.2280064,0
1.0,0.960219,4.568689,0
1.0,0.9552394,4.684681,0
1.0,0.9525643,4.7863665,0
1.0,0.9472639,4.8616524,0
1.0,0.94657874,4.8897104,0
1.0,0.9413988,4.9580526,0
1.0,0.93841887,5.1067705,0
1.0,0.93721724,5.2501144,0
1.0,0.9364892,5.341445,0
1.0,0.932469,5.3088317,0
1.0,0.9323064,5.2370205,0
1.0,0.9293001,5.11329,0
1.0,0.92959744,5.030759,0
1.0,0.92798764,4.958058,0
1.0,0.9308502,4.9632225,0
1.0,0.928991,5.3062453,0
1.0,0.9306534,6.288273,0
1.0,0.9237432,8.438944,0
1.0,0.92310786,11.743662,0
1.0,0.9214647,15.711847,0
1.0,0.92338264,20.094685,1
1.0,0.91970056,24.232616,1
1.0,0.9193672,28.328617,1
1.0,0.92540574,32.444843,1
1.0,0.9379821,35.91207,0
1.0,0.93932015,38.76261,0
1.0,0.9423614,41.21173,0
1.0,0.9495148,42.73916,0
1.0,0.9546688,42.91385,0
1.0,0.9535574,42.42594,0
1.0,0.95168644,42.370224,0
1.0,0.95248675,43.448677,0
1.0,0.94781584,46.301384,0
1.0,0.9312098,51.49224,0
1.0,0.9012162,58.463875,0
1.0,0.8607121,66.40257,0
1.0,0.85824686,74.910965,0
1.0,0.85523015,83.16641,0
1.0,0.80985665,90.75403,0
1.0,0.7787568,97.403534,0
1.0,0.78200805,102.32541,0
1.0,0.78942513,105.99882,0
1.0,0.7758978,108.65835,0
1.0,0.75374055,110.22313,0
1.0,0.7706724,111.23193,0
1.0,0.791508,111.75442,0
1.0,0.77946293,111.73593,0
1.0,0.7459654,111.15303,0
1.0,0.77235985,110.1068,0
1.0,0.8107464,108.10249,0
1.0,0.8184218,105.27298,0
1.0,0.7877019,102.01847,0
1.0,0.76618075,98.82649,0
1.0,0.7686262,96.6316,0
1.0,0.77765405,94.4516,0
1.0,0.77312565,91.641464,0
1.0,0.81101155,89.869125,0
1.0,0.8573245,88.87986,0
1.0,0.8848588,88.1497,0
1.0,0.8915068,88.33118,0
1.0,0.8847754,89.46037,0
1.0,0.88884574,91.25639,0
1.0,0.8908449,92.6302,0
1.0,0.8849109,92.431335,0
1.0,0.8798877,90.17177,0
1.0,0.886525,85.41499,0
1.0,0.89588016,78.72273,0
1.0,0.9017378,70.88959,0
1.0,0.91108227,62.240173,0
1.0,0.92454576,53.80758,0
1.0,0.93684703,46.431488,0
1.0,0.9421882,40.515182,0
1.0,0.9411922,37.184704,0
1.0,0.9395879,36.58026,0
1.0,0.9347299,38.05495,0
1.0,0.922014,41.324806,0
1.0,0.91709965,46.15157,0
1.0,0.9071005,51.851078,0
1.0,0.89061385,58.299038,0
1.0,0.8691946,65.399155,0
1.0,0.8456142,72.13582,0
1.0,0.82370657,77.81674,0
1.0,0.79680336,81.43915,0
1.0,0.7775313,83.03528,0
1.0,0.77363,83.08398,0
1.0,0.7659205,81.58084,0
1.0,0.7579011,79.54297,0
1.0,0.76502794,77.884865,0
1.0,0.78380334,76.41391,0
1.0,0.8033945,75.49533,0
1.0,0.81520414,75.3976,0
1.0,0.8126687,76.18294,0
1.0,0.80451864,77.98129,0
1.0,0.80907315,79.92485,0
1.0,0.8114791,82.378204,0
1.0,0.8229583,84.91881,0
1.0,0.8511,86.8573,0
1.0,0.8806157,88.80763,0
1.0,0.895567,90.12982,0
1.0,0.8950448,90.6109,0
1.0,0.8902705,90.67514,0
1.0,0.8928352,90.700264,0
1.0,0.89199525,90.83665,0
1.0,0.8680012,91.056656,0
1.0,0.8425342,91.17109,0
1.0,0.8250054,90.40843,0
1.0,0.7906711,88.74662,0
1.0,0.74387574,86.546875,0
1.0,0.73961073,83.694305,0
1.0,0.75509244,80.49054,0
1.0,0.7737913,76.612686,0
1.0,0.7575819,71.62364,0
1.0,0.7542051,66.580795,0
1.0,0.7736149,61.98721,0
1.0,0.7850707,58.52894,0
1.0,0.79174644,56.421856,0
1.0,0.8181914,55.216194,0
1.0,0.8392553,54.59881,0
1.0,0.8479847,54.459167,0
1.0,0.8526554,54.540268,0
1.0,0.8623861,54.5266,0
1.0,0.8640067,54.27773,0
1.0,0.83964604,53.677353,0
1.0,0.8124289,52.24121,0
1.0,0.809281,49.985554,0
1.0,0.8073892,47.382446,0
1.0,0.8029151,44.13729,0
1.0,0.83189523,41.202827,0
1.0,0.8759963,39.35729,0
1.0,0.89787847,37.88247,0
1.0,0.905699,37.196476,0
1.0,0.90550685,37.70462,0
1.0,0.9133441,38.8538,0
1.0,0.91319406,39.778095,0
1.0,0.9076576,39.958626,0
1.0,0.90549207,39.182587,0
1.0,0.9125309,37.48609,0
1.0,0.92056346,35.1791,0
1.0,0.92082286,32.53078,1
1.0,0.9253971,29.665684,1
1.0,0.93704003,26.682888,1
1.0,0.94477713,23.77744,1
1.0,0.94429547,21.34666,1
1.0,0.94842947,19.56142,1
1.0,0.9557011,18.497322,1
1.0,0.9558635,18.063107,1
1.0,0.9511135,18.048302,1
1.0,0.9479078,17.975235,1
1.0,0.949708,17.872585,1
1.0,0.94888026,17.971907,1
1.0,0.94367665,18.085106,1
1.0,0.93754226,18.104832,1
1.0,0.9338225,17.991009,1
1.0,0.9291206,17.503733,1
1.0,0.92492867,16.467035,0
1.0,0.9237148,15.218597,0
1.0,0.9198594,13.994216,0
1.0,0.9158281,13.032361,0
1.0,0.91007304,12.435478,0
1.0,0.90639955,12.219418,0
1.0,0.8949042,12.056807,0
1.0,0.89083827,11.687056,0
1.0,0.886106,11.266494,0
1.0,0.8893711,10.4551115,0
1.0,0.9024187,9.426217,0
1.0,0.9194429,8.61597,0
1.0,0.9231905,7.9872007,0
1.0,0.9215323,7.6121492,0
1.0,0.92054325,7.431275,0
1.0,0.9284082,7.351899,0
1.0,0.9248366,7.3876276,0
1.0,0.91550237,7.456853,0
1.0,0.9135277,7.5493107,0
1.0,0.9197694,7.7285957,0
1.0,0.9207195,7.951737,0
1.0,0.9205847,8.044481,0
1.0,0.9292914,7.7044888,0
1.0,0.93961895,7.0577354,0
1.0,0.9431335,6.378294,0
1.0,0.944445,5.916564,0
1.0,0.9530553,5.7164288,0
1.0,0.9577482,5.783407,0
1.0,0.95539165,6.194719,0
1.0,0.9527883,6.883469,0
1.0,0.9496877,7.9964657,0
1.0,0.9392822,9.451431,0
1.0,0.9331942,11.183548,0
1.0,0.9305351,13.201178,0
1.0,0.9186684,15.011618,0
1.0,0.8990232,16.751118,0
1.0,0.88660127,18.189312,1
1.0,0.87622577,18.747078,1
1.0,0.8661038,18.928427,1
1.0,0.8452851,19.017805,1
1.0,0.84427947,19.034046,1
1.0,0.8496555,19.167501,1
1.0,0.8528104,19.236526,1
1.0,0.84617597,19.097157,1
1.0,0.8515764,18.976913,1
1.0,0.86384386,19.101994,1
1.0,0.87376237,19.473972,1
1.0,0.8786965,20.035343,1
1.0,0.8645312,20.299603,1
1.0,0.8729614,20.362724,1
1.0,0.868222,20.287703,1
1.0,0.8581282,20.083138,1
1.0,0.86084664,19.777077,1
1.0,0.9001051,19.597237,1
1.0,0.8983655,19.419544,1
1.0,0.89497787,19.3777,1
1.0,0.8968698,19.332844,1
1.0,0.90138435,19.504013,1
1.0,0.891256,19.83791,1
1.0,0.8894352,20.145954,1
1.0,0.8652158,20.258846,1
1.0,0.89735025,20.312317,1
1.0,0.8860055,19.720121,1
1.0,0.84317154,18.88301,1
1.0,0.85325974,18.195099,1
1.0,0.89800173,17.756466,1
1.0,0.888817,17.51682,1
1.0,0.8402972,16.57593,0
1.0,0.8383612,15.391394,0
1.0,0.88810384,14.576599,0
1.0,0.8856908,13.8300495,0
1.0,0.85549855,13.287844,0
1.0,0.86575747,13.062771,0
1.0,0.9002743,12.820324,0
1.0,0.88631237,12.520489,0
1.0,0.8713335,12.432721,0
1.0,0.8560961,12.407444,0
1.0,0.84626645,12.25235,0
1.0,0.8665702,12.144263,0
1.0,0.86580133,11.870784,0
1.0,0.8720738,11.747964,0
1.0,0.87888604,11.716568,0
1.0,0.90314776,11.710375,0
1.0,0.90906596,11.730032,0
1.0,0.91428703,11.763891,0
1.0,0.91224664,11.72866,0
1.0,0.92006135,11.665386,0
1.0,0.92950004,11.616939,0
1.0,0.89619803,11.54669,0
1.0,0.88454247,11.380034,0
1.0,0.9123827,11.054861,0
1.0,0.9351794,10.592822,0
1.0,0.90626466,9.823324,0
1.0,0.89605665,9.151001,0
1.0,0.9278731,8.621923,0
1.0,0.94874835,7.912515,0
1.0,0.9407894,7.087522,0
1.0,0.93364906,6.032071,0
1.0,0.9343511,4.755693,0
1.0,0.9249511,3.944816,0
1.0,0.9217664,3.5720868,0
1.0,0.9224918,3.5841713,0
1.0,0.9312271,3.592595,0
1.0,0.93997854,3.5472288,0
1.0,0.9378965,3.4464288,0
1.0,0.94248813,3.5022287,0
1.0,0.948732,3.5879486,0
1.0,0.9560625,3.6846042,0
1.0,0.95370823,4.532924,0
1.0,0.9521662,5.586191,0
1.0,0.946627,6.657278,0
1.0,0.93554443,7.395561,0
1.0,0.91757214,8.301668,0
1.0,0.90040463,9.332319,0
1.0,0.8949441,9.850731,0
1.0,0.89364487,10.17186,0
1.0,0.8850949,10.146168,0
1.0,0.88086224,10.047016,0
1.0,0.89035547,10.097498,0
1.0,0.90410227,10.520639,0
1.0,0.8968585,11.303234,0
1.0,0.88614583,12.352041,0
1.0,0.88282377,13.756354,0
1.0,0.8761673,15.396122,0
1.0,0.85902065,16.860342,0
1.0,0.85462964,17.770987,1
1.0,0.87741923,18.12094,1
1.0,0.8943466,18.095066,1
1.0,0.9014324,17.910915,1
1.0,0.8986762,17.814365,1
1.0,0.89710593,18.187988,1
1.0,0.8904944,18.86282,1
1.0,0.86714,19.700079,1
1.0,0.8316421,21.021118,1
1.0,0.8187229,22.674051,1
1.0,0.81129503,24.983402,1
1.0,0.8034792,27.928303,1
1.0,0.78661066,30.518984,1
1.0,0.7739585,32.884445,0
1.0,0.7660109,34.506195,0
1.0,0.7598045,35.240772,0
1.0,0.7373613,35.29128,0
1.0,0.7449785,34.614376,0
1.0,0.7706316,34.14547,0
1.0,0.78598905,33.19865,0
1.0,0.80047923,32.16752,1
1.0,0.8306778,31.788727,1
1.0,0.85294634,31.663492,1
1.0,0.86907804,32.088505,1
1.0,0.85266894,32.782627,0
1.0,0.8304419,33.451878,0
1.0,0.82161,34.129784,0
1.0,0.8300765,34.567917,0
1.0,0.82249224,34.4705,0
1.0,0.8513775,34.213867,0
1.0,0.884673,33.60753,0
1.0,0.9058073,33.06533,0
1.0,0.91423976,32.742466,0
1.0,0.91550004,32.402878,1
1.0,0.9178112,32.333534,1
1.0,0.9180611,32.495655,1
1.0,0.9081917,32.648453,1
1.0,0.90232694,32.227356,1
1.0,0.89736474,31.696777,1
1.0,0.88267696,31.217106,1
1.0,0.8592191,30.138891,1
1.0,0.8616036,28.75611,1
1.0,0.8863009,26.611786,1
1.0,0.8919706,23.6421,1
1.0,0.8808689,20.799484,1
1.0,0.8807873,18.240158,1
1.0,0.9013224,16.45721,0
1.0,0.9058594,14.910729,0
1.0,0.89731276,13.693104,0
1.0,0.9047228,13.16608,0
1.0,0.9125327,12.789135,0
1.0,0.9062362,12.75593,0
1.0,0.89272517,12.816391,0
1.0,0.8926062,12.804943,0
1.0,0.8877475,12.776203,0
1.0,0.8808466,12.647091,0
1.0,0.8671397,12.510204,0
1.0,0.8595649,12.614086,0
1.0,0.8600622,12.601976,0
1.0,0.84932,12.442094,0
1.0,0.8488772,12.354319,0
1.0,0.8612513,11.815079,0
1.0,0.8677547,11.227695,0
1.0,0.86098945,10.7385235,0
1.0,0.8472673,10.343199,0
1.0,0.8473501,10.362802,0
1.0,0.84848046,10.414927,0
1.0,0.8514346,10.268114,0
1.0,0.85192317,9.852108,0
1.0,0.86167526,9.561368,0
1.0,0.8776222,9.172379,0
1.0,0.88807744,8.664808,0
1.0,0.8870344,8.195675,0
1.0,0.8881608,7.8650465,0
1.0,0.893647,7.7157803,0
1.0,0.9084594,7.7016573,0
1.0,0.9159357,7.729163,0
1.0,0.91870165,7.735919,0
1.0,0.9264424,7.732354,0
1.0,0.93252575,7.6715894,0
1.0,0.93685436,7.5913215,0
1.0,0.9280228,7.483199,0
1.0,0.9223474,7.395865,0
1.0,0.9005517,7.410423,0
1.0,0.93193007,7.733431,0
1.0,0.93929017,8.036162,0
1.0,0.94471306,8.319077,0
1.0,0.93837637,8.553478,0
1.0,0.9497139,8.810854,0
1.0,0.9570728,8.918616,0
1.0,0.9620475,8.795939,0
1.0,0.9664845,8.650486,0
1.0,0.9707247,8.5131645,0
1.0,0.97236407,8.323896,0
1.0,0.97142756,8.085621,0
1.0,0.964209,7.7475605,0
1.0,0.9622859,7.5193186,0
1.0,0.949023,7.4787164,0
1.0,0.94126296,7.561519,0
1.0,0.922808,7.703891,0
1.0,0.9310524,7.765988,0
1.0,0.9169401,8.021324,0
1.0,0.9178049,8.310238,0
1.0,0.91770416,8.885843,0
1.0,0.93128115,9.725723,0
1.0,0.93280715,10.786821,0
1.0,0.9316174,12.211407,0
1.0,0.92691064,13.67363,0
1.0,0.9215024,15.170313,0
1.0,0.91372913,16.846743,0
1.0,0.9098075,18.264555,1
1.0,0.9053958,19.548237,1
1.0,0.898433,20.70285,1
1.0,0.8865475,21.310581,1
1.0,0.8834078,21.768091,1
1.0,0.8777723,22.061218,1
1.0,0.8717826,22.08469,1
1.0,0.8610486,21.988297,1
1.0,0.85929376,21.703033,1
1.0,0.86278605,21.163082,1
1.0,0.8715727,20.3222,1
1.0,0.88327646,19.280039,1
1.0,0.90121156,18.376223,1
1.0,0.9147446,17.675959,1
1.0,0.91514343,17.069126,0
1.0,0.9118934,16.88898,0
1.0,0.9102394,16.901342,0
1.0,0.89978045,16.956163,0
1.0,0.8932655,17.126938,0
1.0,0.89875,17.214474,0
1.0,0.90380937,17.128193,0
1.0,0.898662,17.057203,0
1.0,0.89818096,17.018282,0
1.0,0.9052827,16.880457,0
1.0,0.9058602,16.642874,0
1.0,0.89864975,16.10787,0
1.0,0.88888246,15.265823,0
1.0,0.89396185,14.292603,0
1.0,0.9045042,12.987898,0
1.0,0.9011162,11.671675,0
1.0,0.89654505,10.4641,0
1.0,0.9111386,9.137259,0
1.0,0.9313054,8.067959,0
1.0,0.93611896,7.1200294,0
1.0,0.93481207,6.307764,0
1.0,0.93917525,6.2187676,0
1.0,0.94391525,6.45442,0
1.0,0.936903,6.5345736,0
1.0,0.93239796,6.6784678,0
1.0,0.93277156,6.9307942,0
1.0,0.93704516,7.323543,0
1.0,0.9334258,7.8672886,0
1.0,0.9354437,8.308263,0
1.0,0.9414287,8.481986,0
1.0,0.9479162,8.439669,0
1.0,0.9509084,8.259098,0
1.0,0.9519257,8.471682,0
1.0,0.9530526,9.286089,0
1.0,0.9409695,10.614292,0
1.0,0.91454804,12.283714,0
1.0,0.89489156,14.063934,0
1.0,0.88348186,15.989393,0
1.0,0.8679142,18.26752,1
1.0,0.8866625,20.568623,1
1.0,0.90235114,22.66027,1
1.0,0.9075931,24.340023,1
1.0,0.90359753,25.378178,1
1.0,0.9141239,25.948307,1
1.0,0.92467874,26.179178,1
1.0,0.9202686,26.173702,1
1.0,0.913747,26.115417,1
1.0,0.91762185,26.10556,1
1.0,0.9230246,26.20822,1
1.0,0.9200035,26.519447,1
1.0,0.9092669,27.262901,1
1.0,0.90895045,28.575882,1
1.0,0.9098793,29.946203,1
1.0,0.89996654,31.215113,1
1.0,0.881352,32.104298,1
1.0,0.8752647,32.716793,1
1.0,0.88504046,33.4151,0
1.0,0.88522965,33.950737,0
1.0,0.88289434,34.17361,0
1.0,0.8915168,34.0463,0
1.0,0.8958435,33.742386,0
1.0,0.8950678,33.599075,0
1.0,0.89506775,33.59514,0
1.0,0.8915096,33.631844,0
1.0,0.8899249,33.3455,0
1.0,0.8855484,32.58327,1
1.0,0.8746361,31.401136,1
1.0,0.8540453,29.873262,1
1.0,0.84043056,28.298483,1
1.0,0.8374193,26.784336,1
1.0,0.85497767,25.189375,1
1.0,0.8753187,23.38629,1
1.0,0.88907,21.45427,1
1.0,0.9025394,19.965683,1
1.0,0.91659963,19.149105,1
1.0,0.9261514,18.71807,1
1.0,0.92574066,18.56754,1
1.0,0.92217344,18.597517,1
1.0,0.9210354,18.613022,1
1.0,0.9220657,18.460108,1
1.0,0.91717345,18.045631,1
1.0,0.91817546,17.505642,1
1.0,0.9261425,16.597237,0
1.0,0.93205696,15.060344,0
1.0,0.9322803,13.4255495,0
1.0,0.9336351,11.666346,0
1.0,0.9373603,10.256346,0
1.0,0.9455197,9.462978,0
1.0,0.949998,8.984495,0
1.0,0.9465545,9.073202,0
1.0,0.9453713,9.663122,0
1.0,0.94355875,10.746187,0
1.0,0.93931234,11.843487,0
1.0,0.9311722,12.669399,0
1.0,0.9250692,13.372494,0
1.0,0.91721296,13.865893,0
1.0,0.9139312,14.23447,0
1.0,0.90623033,14.327263,0
1.0,0.89985496,14.180808,0
1.0,0.8928814,13.95009,0
1.0,0.89165604,13.53583,0
1.0,0.88829607,13.005029,0
1.0,0.8995969,12.417195,0
1.0,0.91585237,12.38724,0
1.0,0.924621,13.108368,0
1.0,0.9174987,14.094595,0
1.0,0.91007596,15.212295,0
1.0,0.9053653,16.18135,0
1.0,0.888312,16.945148,0
1.0,0.8778906,17.56848,1
1.0,0.89156663,18.11545,1
1.0,0.9068631,18.463978,1
1.0,0.90389556,18.534945,1
1.0,0.8990146,18.470873,1
1.0,0.9035502,18.37868,1
1.0,0.9128727,18.340733,1
1.0,0.904431,18.342905,1
1.0,0.89808387,18.460377,1
1.0,0.8915147,18.584831,1
1.0,0.88712925,18.846695,1
1.0,0.8719606,19.175655,1
1.0,0.8665723,19.402308,1
1.0,0.87230444,19.912842,1
1.0,0.8795514,20.406944,1
1.0,0.86087096,21.031029,1
1.0,0.8462045,21.898975,1
1.0,0.84436595,22.34068,1
1.0,0.8570318,22.538513,1
1.0,0.8474291,22.458376,1
1.0,0.85442346,22.207363,1
1.0,0.8719489,22.076946,1
1.0,0.88311,21.982565,1
1.0,0.88053477,21.938408,1
1.0,0.8826336,21.942165,1
1.0,0.88502616,22.06257,1
1.0,0.87943524,22.26912,1
1.0,0.87993455,22.334282,1
1.0,0.87756026,22.569988,1
1.0,0.87851584,22.790266,1
1.0,0.883045,22.947874,1
1.0,0.87877643,22.984789,1
1.0,0.8922769,23.12529,1
1.0,0.89971733,23.17753,1
1.0,0.9142274,23.098843,1
1.0,0.9097673,23.136965,1
1.0,0.90981185,23.187141,1
1.0,0.90915245,23.179337,1
1.0,0.91429746,23.245934,1
1.0,0.90350914,23.482971,1
1.0,0.90288764,23.956715,1
1.0,0.8926796,24.824005,1
1.0,0.88844246,25.964272,1
1.0,0.8621632,27.048277,1
1.0,0.8551838,27.980097,1
1.0,0.8492512,28.20844,1
1.0,0.855781,28.22546,1
1.0,0.8424616,28.125055,1
1.0,0.8345281,27.669716,1
1.0,0.8319063,27.300076,1
1.0,0.8481109,26.901217,1
1.0,0.84385854,26.481236,1
1.0,0.8530254,26.351263,1
1.0,0.867503,26.30079,1
1.0,0.8854423,26.28048,1
1.0,0.88905543,26.306246,1
1.0,0.88431567,26.391506,1
1.0,0.8779187,26.40128,1
1.0,0.8667515,26.053553,1
1.0,0.86873245,25.365768,1
1.0,0.8703946,24.209278,1
1.0,0.88150066,22.97445,1
1.0,0.886691,21.943462,1
1.0,0.8949582,21.22077,1
1.0,0.9056448,20.646923,1
1.0,0.91636014,20.205685,1
1.0,0.9211085,20.00866,1
1.0,0.9238388,19.890116,1
1.0,0.92381656,19.889606,1
1.0,0.922714,19.972446,1
1.0,0.91777664,19.9021,1
1.0,0.908197,19.704481,1
1.0,0.90985775,19.285934,1
1.0,0.90727985,18.454758,1
1.0,0.9118483,17.431427,0
1.0,0.9166738,16.016926,0
1.0,0.91532266,14.315144,0
1.0,0.90565366,12.802677,0
1.0,0.9056572,11.309681,0
1.0,0.90794426,9.911914,0
1.0,0.9118037,9.243903,0
1.0,0.9089082,9.329358,0
1.0,0.9068033,9.926809,0
1.0,0.90636134,10.759356,0
1.0,0.9031892,11.300101,0
1.0,0.89625186,11.581946,0
1.0,0.89255506,11.749855,0
1.0,0.89151835,11.747931,0
1.0,0.88890904,11.658947,0
1.0,0.89590865,11.619505,0
1.0,0.9071218,11.775235,0
1.0,0.9109362,12.450638,0
1.0,0.9036197,13.550044,0
1.0,0.89732945,14.968256,0
1.0,0.8952649,16.724339,0
1.0,0.8846288,18.486145,1
1.0,0.88552994,20.309057,1
1.0,0.8930361,22.048958,1
1.0,0.90228796,23.503319,1
1.0,0.9092508,24.687366,1
1.0,0.91418844,25.3574,1
1.0,0.92014736,25.710857,1
1.0,0.9211752,25.956978,1
1.0,0.91997,25.88655,1
1.0,0.9198376,25.592422,1
1.0,0.9211884,25.154125,1
1.0,0.92488766,24.575457,1
1.0,0.9276431,24.207722,1
1.0,0.93257964,24.386179,1
1.0,0.9312182,25.012972,1
1.0,0.92569274,25.695992,1
1.0,0.91165066,26.312658,1
1.0,0.9095834,26.650158,1
1.0,0.9093834,26.981873,1
1.0,0.9143145,27.487709,1
1.0,0.9116112,28.020252,1
1.0,0.91517276,28.925385,1
1.0,0.9145782,29.90569,1
1.0,0.911169,30.893513,1
1.0,0.9062355,32.07479,1
1.0,0.9028951,33.092983,0
1.0,0.8944191,33.891197,0
1.0,0.8865628,34.351654,0
1.0,0.87628454,33.976772,0
1.0,0.86951375,33.115295,0
1.0,0.86046475,32.09988,1
1.0,0.8516058,30.434765,1
1.0,0.8561398,28.5209,1
1.0,0.86358356,26.509125,1
1.0,0.87165815,24.694101,1
1.0,0.87762296,23.272045,1
1.0,0.88764036,22.152721,1
1.0,0.9008166,21.53444,1
1.0,0.9092476,21.191711,1
1.0,0.9136484,20.989594,1
1.0,0.9078352,20.950603,1
1.0,0.9031334,21.141663,1
1.0,0.90244967,21.30846,1
1.0,0.9003029,21.169062,1
1.0,0.89121544,20.715935,1
1.0,0.891386,19.926685,1
1.0,0.89878803,18.79581,1
1.0,0.902005,17.645866,1
1.0,0.8986045,16.636566,0
1.0,0.8991827,15.692717,0
1.0,0.90200937,14.518414,0
1.0,0.9000355,13.138233,0
1.0,0.89115685,11.746621,0
1.0,0.90338576,10.412769,0
1.0,0.9191219,9.231115,0
1.0,0.92918956,8.101719,0
1.0,0.93715686,6.967781,0
1.0,0.95151365,6.088941,0
1.0,0.9578872,5.230499,0
1.0,0.9586192,4.3972654,0
1.0,0.9582927,3.8729405,0
1.0,0.96360207,3.2753386,0
1.0,0.96713823,2.4301782,0
1.0,0.967703,1.9572785,0
1.0,0.9708053,1.8360386,0
1.0,0.97514296,1.9004197,0
1.0,0.97590417,2.0634658,0
1.0,0.97478557,2.3738732,0
1.0,0.973853,2.8201098,0
1.0,0.97518015,3.3210597,0
1.0,0.976258,3.7768595,0
1.0,0.9753669,4.0557775,0
1.0,0.97706556,4.264105,0
1.0,0.9775072,4.2990417,0
1.0,0.9786708,4.2356205,0
1.0,0.9766383,4.203375,0
1.0,0.9745131,4.1913953,0
1.0,0.9713388,4.2943516,0
1.0,0.96587276,4.551462,0
1.0,0.95680153,5.0879793,0
1.0,0.93958676,5.845804,0
1.0,0.92843664,6.7426624,0
1.0,0.914374,7.692769,0
1.0,0.9064999,8.519429,0
1.0,0.90194696,9.1028805,0
1.0,0.89752674,9.305698,0
1.0,0.8912396,9.337017,0
1.0,0.89013016,9.396307,0
1.0,0.89304906,9.392496,0
1.0,0.89714396,9.319893,0
1.0,0.8958038,9.354368,0
1.0,0.8945249,9.335531,0
1.0,0.8947084,9.247934,0
1.0,0.8988328,9.231131,0
1.0,0.8950549,9.228178,0
1.0,0.886525,9.224798,0
1.0,0.8875917,9.188866,0
1.0,0.8976196,9.0757,0
1.0,0.907329,8.950933,0
1.0,0.9120134,8.69839,0
1.0,0.9189292,8.37359,0
1.0,0.9364928,8.117682,0
1.0,0.9427627,7.9941816,0
1.0,0.9456382,8.034744,0
1.0,0.943439,7.9061337,0
1.0,0.94285256,7.8334503,0
1.0,0.94290954,7.86438,0
1.0,0.9451974,7.8509493,0
1.0,0.94488406,7.86672,0
1.0,0.9457754,7.773729,0
1.0,0.9448415,7.534175,0
1.0,0.9499194,7.08591,0
1.0,0.95132554,6.7517943,0
1.0,0.9536678,6.6315947,0
1.0,0.9470318,6.50145,0
1.0,0.943546,6.4920707,0
1.0,0.94006616,6.6837053,0
1.0,0.9267341,7.1065874,0
1.0,0.91039926,7.582755,0
1.0,0.9034135,8.27973,0
1.0,0.8956574,9.150505,0
1.0,0.89106274,9.812496,0
1.0,0.8866101,10.168236,0
1.0,0.8946708,10.352211,0
1.0,0.8928901,10.398013,0
1.0,0.88752466,10.388558,0
1.0,0.8848344,10.383459,0
1.0,0.8968743,10.436649,0
1.0,0.8983144,10.558813,0
1.0,0.89267683,10.698177,0
1.0,0.88798654,10.849569,0
1.0,0.8907709,10.973389,0
1.0,0.89138466,10.901309,0
1.0,0.8922837,10.689556,0
1.0,0.8998134,10.385193,0
1.0,0.9017101,10.007471,0
1.0,0.8944669,9.773958,0
1.0,0.8956013,9.568687,0
1.0,0.9051809,9.444423,0
1.0,0.9134706,9.4632,0
1.0,0.91197026,9.471649,0
1.0,0.9067478,9.55497,0
1.0,0.9121322,9.698017,0
1.0,0.9174755,9.858028,0
1.0,0.92051095,9.799412,0
1.0,0.92687756,9.453141,0
1.0,0.94004875,9.112865,0
1.0,0.9404814,8.6746235,0
1.0,0.93589455,8.266833,0
1.0,0.9291243,7.8650174,0
1.0,0.9352006,7.5265303,0
1.0,0.93570685,6.9561605,0
1.0,0.93491477,6.154681,0
1.0,0.92722857,5.50501,0
1.0,0.9271965,5.007652,0
1.0,0.9250386,4.780202,0
1.0,0.9228376,4.764919,0
1.0,0.92532575,4.828741,0
1.0,0.9335076,4.952859,0
1.0,0.9349648,5.0981836,0
1.0,0.9379209,5.2458477,0
1.0,0.93742776,5.4001727,0
1.0,0.9340694,5.474941,0
1.0,0.9302973,5.4914455,0
1.0,0.9245185,5.494979,0
1.0,0.9211405,5.4435034,0
1.0,0.91637635,5.4232817,0
1.0,0.9109395,5.6039634,0
1.0,0.90100133,5.899441,0
1.0,0.8883479,6.3482275,0
1.0,0.8803422,6.9721165,0
1.0,0.86729854,7.5772386,0
1.0,0.8530167,8.215662,0
1.0,0.85867167,8.869838,0
1.0,0.8598163,9.158342,0
1.0,0.8595642,9.085274,0
1.0,0.85191125,8.843023,0
1.0,0.8592778,8.539601,0
1.0,0.86539423,8.110765,0
1.0,0.86694866,7.697872,0
1.0,0.8662515,7.259405,0
1.0,0.8786481,7.038994,0
1.0,0.88458204,6.9748077,0
1.0,0.88583374,7.253066,0
1.0,0.8802772,8.099304,0
1.0,0.8736328,9.217226,0
1.0,0.8717847,10.628024,0
1.0,0.87276185,11.842293,0
1.0,0.8795515,12.657761,0
1.0,0.8829687,13.066824,0
1.0,0.90003073,13.141002,0
1.0,0.91023093,13.01367,0
1.0,0.91069746,12.750277,0
1.0,0.9089274,12.549894,0
1.0,0.90724355,12.762135,0
1.0,0.9045178,13.553844,0
1.0,0.8874231,14.895921,0
1.0,0.8635784,16.83346,0
1.0,0.8462897,18.898087,1
1.0,0.83827776,20.672462,1
1.0,0.8299008,22.05766,1
1.0,0.8098786,23.048079,1
1.0,0.817058,23.68293,1
1.0,0.8246251,23.856674,1
1.0,0.8263106,23.681992,1
1.0,0.81803703,23.215893,1
1.0,0.82701415,22.898626,1
1.0,0.83522683,22.784676,1
1.0,0.8494452,22.718796,1
1.0,0.8603625,22.779613,1
1.0,0.8784574,22.967514,1
1.0,0.8809996,23.20799,1
1.0,0.8748447,23.436535,1
1.0,0.86127514,23.451626,1
1.0,0.8489084,23.324764,1
1.0,0.84908366,22.87779,1
1.0,0.86271185,21.93217,1
1.0,0.87030447,20.741398,1
1.0,0.8734916,19.370522,1
1.0,0.8833102,18.179544,1
1.0,0.900294,17.371368,0
1.0,0.90599364,16.916737,0
1.0,0.8969117,16.674768,0
1.0,0.88766223,16.58903,0
1.0,0.89109606,16.606762,0
1.0,0.89905214,16.541126,0
1.0,0.8950491,16.042274,0
1.0,0.90469813,15.084341,0
1.0,0.9186915,13.697703,0
1.0,0.9050378,11.68465,0
1.0,0.8991303,9.529222,0
1.0,0.927921,7.6915617,0
1.0,0.9536435,6.2588015,0
1.0,0.96666044,5.0507045,0
1.0,0.9691176,4.10529,0
1.0,0.97224355,3.6397238,0
1.0,0.97717357,3.4548059,0
1.0,0.971621,3.4278893,0
1.0,0.96637595,3.5182161,0
1.0,0.96352834,3.6340609,0
1.0,0.96531105,3.7180362,0
1.0,0.9533039,3.6736388,0
1.0,0.9475622,3.5188117,0
1.0,0.9577399,3.288765,0
1.0,0.9675766,3.102826,0
1.0,0.9649486,3.0660546,0
1.0,0.96321905,3.1634479,0
1.0,0.9618652,3.1904216,0
1.0,0.9612962,3.1669354,0
1.0,0.9454775,3.137381,0
1.0,0.9367011,3.0946364,0
1.0,0.93195736,3.0660193,0
1.0,0.9348585,3.0965037,0
1.0,0.93362767,3.1455371,0
1.0,0.9280557,3.2023604,0
1.0,0.9154459,3.2261157,0
1.0,0.89941365,3.2730372,0
1.0,0.9123629,3.3508115,0
1.0,0.8945757,3.3812757,0
1.0,0.8878388,3.4315767,0
1.0,0.8796608,3.4478931,0
1.0,0.88465065,3.4617364,0
1.0,0.88688755,3.5051355,0
1.0,0.908431,3.5148988,0
1.0,0.92972034,3.6199749,0
1.0,0.9393933,3.9771414,0
1.0,0.9415195,4.606824,0
1.0,0.941893,5.2529764,0
1.0,0.93954086,5.834195,0
1.0,0.9355761,6.406179,0
1.0,0.9250652,6.6821833,0
1.0,0.9140292,6.7867565,0
1.0,0.8915184,6.8606777,0
1.0,0.87987155,6.847927,0
1.0,0.87571025,6.834524,0
1.0,0.86624604,6.8142695,0
1.0,0.8611915,6.848627,0
1.0,0.8888423,7.0090275,0
1.0,0.8830768,7.084827,0
1.0,0.8813577,7.319399,0
1.0,0.88147354,7.546049,0
1.0,0.87666,7.766488,0
1.0,0.8700188,7.990977,0
1.0,0.89234626,8.161267,0
1.0,0.9093111,8.307665,0
1.0,0.9135056,8.369506,0
1.0,0.9099685,8.361017,0
1.0,0.91656727,8.358371,0
1.0,0.9206729,8.32745,0
1.0,0.9214531,8.263606,0
1.0,0.91696495,8.228325,0
1.0,0.9197904,8.214712,0
1.0,0.9242149,8.2854805,0
1.0,0.9249245,8.432453,0
1.0,0.92168844,8.524153,0
1.0,0.92778254,8.494516,0
1.0,0.9333158,8.160585,0
1.0,0.9360033,7.502782,0
1.0,0.9424764,6.519347,0
1.0,0.95251435,5.5096765,0
1.0,0.95748234,4.565712,0
1.0,0.9602509,3.7088103,0
1.0,0.9630034,3.237823,0
1.0,0.96774566,2.9840217,0
1.0,0.9686114,2.8025517,0
1.0,0.96603453,2.7967768,0
1.0,0.96260613,2.901301,0
1.0,0.9588441,3.0949893,0
1.0,0.9595428,3.2350888,0
1.0,0.9545607,3.2232223,0
1.0,0.9516079,3.186415,0
1.0,0.95500726,2.9708796,0
1.0,0.96255964,2.800123,0
1.0,0.9667771,2.6191156,0
1.0,0.96977925,2.4036562,0
1.0,0.969389,2.3006732,0
1.0,0.9684542,2.3198571,0
1.0,0.966412,2.5446563,0
1.0,0.9612508,2.8097506,0
1.0,0.9539706,3.0641413,0
1.0,0.94963217,3.2163653,0
1.0,0.9469046,3.3862545,0
1.0,0.9466351,3.6228938,0
1.0,0.93992394,3.8989513,0
1.0,0.9318469,4.244914,0
1.0,0.9191041,4.5353355,0
1.0,0.91054696,4.740962,0
1.0,0.9014185,4.8779607,0
1.0,0.9012765,4.9932995,0
1.0,0.89470327,5.038677,0
1.0,0.892919,5.103195,0
1.0,0.88987577,5.2509756,0
1.0,0.893475,5.48685,0
1.0,0.8916016,5.866987,0
1.0,0.8917394,6.2090244,0
1.0,0.89153975,6.41607,0
1.0,0.90016925,6.6216516,0
1.0,0.90601164,6.678692,0
1.0,0.9052267,6.596817,0
1.0,0.9086309,6.4147844,0
1.0,0.91236556,6.2330065,0
1.0,0.91594297,6.1338277,0
1.0,0.9205463,6.087593,0
1.0,0.91913694,6.2434263,0
1.0,0.91025937,6.490636,0
1.0,0.9031324,6.9527116,0
1.0,0.8972017,7.7030926,0
1.0,0.8934749,8.346922,0
1.0,0.896543,8.918919,0
1.0,0.9084682,9.295892,0
1.0,0.91569304,9.2785845,0
1.0,0.9195832,9.14575,0
1.0,0.9219821,9.079211,0
1.0,0.92877597,8.940428,0
1.0,0.93320775,8.696923,0
1.0,0.9364117,8.37245,0
1.0,0.93713456,7.9278116,0
1.0,0.9355162,7.4696174,0
1.0,0.9334683,7.114432,0
1.0,0.9334658,6.9300804,0
1.0,0.9309969,6.958865,0
1.0,0.93380964,7.057423,0
1.0,0.9387462,7.1116514,0
1.0,0.94326663,7.1636033,0
1.0,0.9482148,7.259062,0
1.0,0.95400035,7.3604927,0
1.0,0.9557749,7.8698106,0
1.0,0.9564344,8.666434,0
1.0,0.9541029,9.425737,0
1.0,0.94936615,10.103458,0
1.0,0.9459753,10.562899,0
1.0,0.9426918,10.894202,0
1.0,0.93897057,11.112812,0
1.0,0.93521005,11.199011,0
1.0,0.93352294,11.126734,0
1.0,0.9299277,10.924799,0
1.0,0.9245466,10.655388,0
1.0,0.921236,10.165002,0
1.0,0.927674,9.442991,0
1.0,0.9306214,8.78687,0
1.0,0.9318523,8.075687,0
1.0,0.9318115,7.4534216,0
1.0,0.9331496,7.3317456,0
1.0,0.9360657,7.316705,0
1.0,0.9355311,7.2979145,0
1.0,0.9348225,7.316253,0
1.0,0.9322747,7.3233566,0
1.0,0.93069404,7.3256407,0
1.0,0.92862666,7.3266816,0
1.0,0.92004746,7.307556,0
1.0,0.91570663,7.2838807,0
1.0,0.9102068,7.2032375,0
1.0,0.90704226,7.0077724,0
1.0,0.90203947,6.8466625,0
1.0,0.8944645,6.702997,0
1.0,0.8848735,6.4733877,0
1.0,0.8874116,6.1629887,0
1.0,0.8913713,5.7044177,0
1.0,0.9003939,4.9774566,0
1.0,0.93087345,4.304469,0
1.0,0.95472485,3.8675015,0
1.0,0.9623571,3.6328583,0
1.0,0.9663548,3.6739826,0
1.0,0.96707034,3.8299499,0
1.0,0.9677128,3.8749747,0
1.0,0.96466887,3.938988,0
1.0,0.95893216,4.0435,0
1.0,0.95580757,4.0871515,0
1.0,0.9556608,4.046032,0
1.0,0.9485241,3.996307,0
1.0,0.9398131,3.9943435,0
1.0,0.9425796,4.097786,0
1.0,0.9488809,4.43452,0
1.0,0.94387233,4.8280582,0
1.0,0.9366691,5.3450994,0
1.0,0.9361618,6.272842,0
1.0,0.9353184,7.521308,0
1.0,0.9284089,8.865494,0
1.0,0.93129605,10.051272,0
1.0,0.9324363,11.05784,0
1.0,0.93706846,11.603469,0
1.0,0.9378925,11.881035,0
1.0,0.9364331,12.113384,0
1.0,0.9302554,12.186855,0
1.0,0.92749685,12.195913,0
1.0,0.92501915,12.196379,0
1.0,0.9264014,12.381256,0
1.0,0.9265507,12.69681,0
1.0,0.9285267,13.0215645,0
1.0,0.9243596,13.362095,0
1.0,0.9209364,13.4942045,0
1.0,0.9165801,13.338575,0
1.0,0.9182922,12.9712,0
1.0,0.9222351,12.630257,0
1.0,0.9267387,12.350201,0
1.0,0.9280793,12.09022,0
1.0,0.92887956,12.02453,0
1.0,0.93083835,11.949068,0
1.0,0.9316593,11.89432,0
1.0,0.9304468,11.988691,0
1.0,0.92431605,12.291696,0
1.0,0.9199253,12.853769,0
1.0,0.9176631,13.39076,0
1.0,0.9157471,13.782716,0
1.0,0.90968794,14.066323,0
1.0,0.89551413,14.083488,0
1.0,0.8890538,13.788424,0
1.0,0.8950663,13.186928,0
1.0,0.9008056,12.200189,0
1.0,0.903475,11.161202,0
1.0,0.9043011,10.280062,0
1.0,0.9075331,9.44575,0
1.0,0.90948296,8.915029,0
1.0,0.9054806,8.623295,0
1.0,0.90064496,8.492971,0
1.0,0.9044171,8.719532,0
1.0,0.90222466,9.037961,0
1.0,0.897619,9.272924,0
1.0,0.89580745,9.293182,0
1.0,0.8889112,9.130491,0
1.0,0.87664735,8.905571,0
1.0,0.88788164,8.744183,0
1.0,0.89790124,8.747211,0
1.0,0.89474124,8.827918,0
1.0,0.8887459,8.850766,0
1.0,0.90067947,8.732506,0
1.0,0.9133497,8.516477,0
1.0,0.9079848,8.287952,0
1.0,0.9005449,8.073583,0
1.0,0.9101955,8.004498,0
1.0,0.9208361,8.0845175,0
1.0,0.9122899,8.324425,0
1.0,0.90768707,8.706972,0
1.0,0.912737,9.280923,0
1.0,0.9224651,10.073658,0
1.0,0.9070543,10.747915,0
1.0,0.8989328,11.3614235,0
1.0,0.897763,12.014983,0
1.0,0.90826946,12.471679,0
1.0,0.9008672,12.65692,0
1.0,0.8962134,12.760857,0
1.0,0.89968526,12.573315,0
1.0,0.90037835,12.252062,0
1.0,0.8899833,12.062569,0
1.0,0.88715625,12.054018,0
1.0,0.8891764,12.086945,0
1.0,0.888732,12.089479,0
1.0,0.8794154,11.925753,0
1.0,0.87898535,11.699755,0
1.0,0.88122284,11.55513,0
1.0,0.8899204,11.432306,0
1.0,0.89864194,11.362137,0
1.0,0.90020686,11.310193,0
1.0,0.89808446,11.189611,0
1.0,0.8952599,10.991533,0
1.0,0.90043795,10.787928,0
1.0,0.9092374,10.66745,0
1.0,0.91442955,10.682002,0
1.0,0.9119415,10.765594,0
1.0,0.9132308,10.883579,0
1.0,0.92194706,10.998264,0
1.0,0.92187965,10.982734,0
1.0,0.91943806,10.799232,0
1.0,0.9317727,10.376262,0
1.0,0.9451498,9.6746,0
1.0,0.9449331,8.536091,0
1.0,0.9463033,7.178675,0
1.0,0.9541063,5.991737,0
1.0,0.9641381,4.7771583,0
1.0,0.96615076,3.7399063,0
1.0,0.9658372,3.1036582,0
1.0,0.9675405,2.6418316,0
1.0,0.9688759,2.4001727,0
1.0,0.96902454,2.4125233,0
1.0,0.9685032,2.52274,0
1.0,0.97252625,2.6111703,0
1.0,0.9753542,2.64078,0
1.0,0.9782646,2.604489,0
1.0,0.9816363,2.4816566,0
1.0,0.9840104,2.3652277,0
1.0,0.9845159,2.2668648,0
1.0,0.98330784,2.1877654,0
1.0,0.9819838,2.149221,0
1.0,0.9807365,2.1327043,0
1.0,0.97888947,2.1033466,0
1.0,0.9780975,2.1553035,0
1.0,0.97743773,2.3157604,0
1.0,0.97428936,2.4336262,0
1.0,0.97139764,2.5193033,0
1.0,0.9696796,2.6202374,0
1.0,0.9675505,2.7125707,0
1.0,0.9668387,2.7554054,0
1.0,0.9656556,2.8169694,0
1.0,0.96414906,2.9829388,0
1.0,0.9604609,3.1958835,0
1.0,0.9551458,3.4287524,0
1.0,0.95414305,3.624848,0
1.0,0.9538884,3.72432,0
1.0,0.95368254,3.745272,0
1.0,0.95290655,3.7273808,0
1.0,0.9564366,3.8382812,0
1.0,0.95856464,4.0166664,0
1.0,0.95561713,4.231008,0
1.0,0.95040125,4.6125546,0
1.0,0.9417829,4.8799925,0
1.0,0.92899394,5.282466,0
1.0,0.92426705,5.9787817,0
1.0,0.92765635,6.6728907,0
1.0,0.92386895,7.43542,0
1.0,0.9096663,8.072726,0
1.0,0.9030625,8.358377,0
1.0,0.9041328,8.48366,0
1.0,0.9009088,8.512009,0
1.0,0.89072484,8.464556,0
1.0,0.89098406,8.447159,0
1.0,0.90045094,8.418179,0
1.0,0.8982546,8.384739,0
1.0,0.88633674,8.308961,0
1.0,0.88290644,8.141234,0
1.0,0.8839956,8.033309,0
1.0,0.8810941,7.9462466,0
1.0,0.88823134,7.7831273,0
1.0,0.8842964,7.5721445,0
1.0,0.8850466,7.3965077,0
1.0,0.90147316,7.2839355,0
1.0,0.9158486,7.1485224,0
1.0,0.92949206,7.0103073,0
1.0,0.940508,6.874503,0
1.0,0.9437432,6.7355003,0
1.0,0.94869435,6.668247,0
1.0,0.9549856,6.6852074,0
1.0,0.95787233,6.7011976,0
1.0,0.9561396,6.5398335,0
1.0,0.9598545,6.2562475,0
1.0,0.96410334,5.8344526,0
1.0,0.96706486,5.244981,0
1.0,0.96959865,4.7443705,0
1.0,0.9737715,4.173003,0
1.0,0.9773676,3.4074314,0
1.0,0.9806789,2.7401843,0
1.0,0.9811359,2.059149,0
1.0,0.9821212,1.5060229,0
1.0,0.98304075,1.2644455,0
1.0,0.98495585,1.16086,0
1.0,0.9869632,1.1231573,0
1.0,0.98843807,1.1348403,0
1.0,0.98832405,1.1299956,0
1.0,0.9887737,1.1064751,0
1.0,0.98811483,1.0800669,0
1.0,0.98721296,1.0583389,0
1.0,0.9858665,1.0763633,0
1.0,0.98386556,1.1735647,0
1.0,0.9797377,1.2352184,0
1.0,0.9770345,1.277066,0
1.0,0.9758637,1.2989887,0
1.0,0.97624683,1.2920811,0
1.0,0.97203773,1.2574655,0
1.0,0.97042173,1.1832931,0
1.0,0.9690635,1.1090765,0
1.0,0.970708,1.0444496,0
1.0,0.97226465,0.99601513,0
1.0,0.97011983,0.979312,0
1.0,0.9558377,0.9814716,0
1.0,0.935037,0.97348166,0
1.0,0.9469923,0.9720404,0
1.0,0.93487144,0.97217214,0
1.0,0.93355626,0.97903144,0
1.0,0.92772037,1.0018231,0
1.0,0.9596975,1.0154324,0
1.0,0.9601675,1.0084492,0
1.0,0.95822245,0.9921375,0
1.0,0.9546822,0.93167883,0
1.0,0.9574084,0.8623264,0
1.0,0.95725137,0.85464364,0
1.0,0.95541894,0.8617659,0
1.0,0.9580409,0.8572613,0
1.0,0.9697141,0.87026536,0
1.0,0.97462815,0.87697744,0
1.0,0.9741823,0.89458036,0
1.0,0.9698416,0.9476737,0
1.0,0.97815883,1.0342892,0
1.0,0.97767013,1.0717967,0
1.0,0.9707745,1.060899,0
1.0,0.96446335,0.9936687,0
1.0,0.9714897,1.0354004,0
1.0,0.97150123,1.2053156,0
1.0,0.97698283,1.4296681,0
1.0,0.9820759,1.8164731,0
1.0,0.9845313,2.1675324,0
1.0,0.9856915,2.5561895,0
1.0,0.9842732,3.2788002,0
1.0,0.98314476,3.9965694,0
1.0,0.97850674,4.7094135,0
1.0,0.9733858,5.4326153,0
1.0,0.96749175,5.876833,0
1.0,0.9658521,6.239134,0
1.0,0.9617237,6.4622035,0
1.0,0.95861393,6.62887,0
1.0,0.95470816,6.749261,0
1.0,0.9509679,6.7931457,0
1.0,0.94434476,6.81766,0
1.0,0.9413388,6.8135552,0
1.0,0.9410215,6.7839413,0
1.0,0.9385407,6.7587037,0
1.0,0.9341531,6.7631254,0
1.0,0.927231,6.719887,0
1.0,0.9213142,6.710428,0
1.0,0.9217661,6.729036,0
1.0,0.91861194,6.732253,0
1.0,0.9159204,6.7314835,0
1.0,0.90984875,6.7075005,0
1.0,0.90060085,6.6431913,0
1.0,0.8935419,6.555689,0
1.0,0.89067304,6.5077868,0
1.0,0.88881034,6.477514,0
1.0,0.88815653,6.4310246,0
1.0,0.89425486,6.3368807,0
1.0,0.9000992,6.151995,0
1.0,0.8930886,5.9403715,0
1.0,0.90399146,5.6637497,0
1.0,0.86842215,5.373088,0
1.0,0.8988791,5.224102,0
1.0,0.92398566,4.61711,0
1.0,0.93513066,3.9896133,0
1.0,0.9235623,3.3457072,0
1.0,0.92983514,2.6590483,0
1.0,0.93256587,2.2205923,0
1.0,0.9240402,1.8683085,0
1.0,0.90551317,1.6572814,0
1.0,0.905732,1.4854059,0
1.0,0.90968084,1.3394694,0
1.0,0.90039223,1.2722099,0
1.0,0.876953,1.2577866,0
1.0,0.88080215,1.2458888,0
1.0,0.88720703,1.2303381,0
1.0,0.910986,1.1492399,0
1.0,0.9034092,1.0862726,0
1.0,0.90050507,1.1359398,0
1.0,0.92387563,1.3285837,0
1.0,0.9555476,1.6127102,0
1.0,0.95205975,2.0712237,0
1.0,0.9569309,2.6506374,0
1.0,0.9640924,3.3475451,0
1.0,0.9658842,4.1020417,0
1.0,0.95985425,4.9192166,0
1.0,0.9509868,5.733632,0
1.0,0.946023,6.4694805,0
1.0,0.9462868,7.1253858,0
1.0,0.93859506,7.409414,0
1.0,0.9303622,7.5524364,0
1.0,0.9346001,7.6476965,0
1.0,0.9519501,7.6781983,0
1.0,0.9529453,7.605312,0
1.0,0.95136523,7.4356594,0
1.0,0.9530231,7.417642,0
1.0,0.9532641,7.4728107,0
1.0,0.9465433,7.7731543,0
1.0,0.9253908,8.346066,0
1.0,0.9170016,8.940339,0
1.0,0.91696644,9.403495,0
1.0,0.91215056,9.843955,0
1.0,0.90535825,10.105546,0
1.0,0.9094315,10.175291,0
1.0,0.9135272,10.26355,0
1.0,0.9111774,10.265347,0
1.0,0.90937954,10.278359,0
1.0,0.9137108,10.31229,0
1.0,0.91635233,10.399352,0
1.0,0.91075546,10.558632,0
1.0,0.9003024,10.5938,0
1.0,0.900308,10.589087,0
1.0,0.9032997,10.602554,0
1.0,0.9004717,10.41939,0
1.0,0.89667135,10.086727,0
1.0,0.90134996,9.677465,0
1.0,0.9059971,9.127499,0
1.0,0.903841,8.437187,0
1.0,0.9038392,7.8385286,0
1.0,0.9068468,7.187982,0
1.0,0.9117417,6.54789,0
1.0,0.9101391,6.267187,0
1.0,0.9114376,6.10833,0
1.0,0.9140526,5.9921155,0
1.0,0.9220759,5.9584007,0
1.0,0.92635226,5.946494,0
1.0,0.92635226,5.9477506,0
1.0,0.9274302,5.9055085,0
1.0,0.93674755,5.7873564,0
1.0,0.9467109,5.4137754,0
1.0,0.9509274,4.7572217,0
1.0,0.9533108,4.110858,0
1.0,0.95566785,3.6522775,0
1.0,0.95471966,3.2090993,0
1.0,0.9477562,2.952798,0
1.0,0.9331423,2.8835611,0
1.0,0.9222919,2.7859774,0
1.0,0.91059184,2.7580485,0
1.0,0.88741237,2.746574,0
1.0,0.867796,2.7320662,0
1.0,0.8635415,2.7227688,0
1.0,0.87254196,2.6095552,0
1.0,0.8588866,2.4374356,0
1.0,0.8560759,2.1809826,0
1.0,0.86305577,1.8569624,0
1.0,0.8927887,1.5764166,0
1.0,0.8925303,1.3191108,0
1.0,0.89231294,1.0669471,0
1.0,0.89301395,0.89924234,0
1.0,0.88944656,0.81144005,0
1.0,0.8769554,0.66990274,0
1.0,0.86380464,0.6611413,0
1.0,0.8560357,0.7951469,0
1.0,0.86419964,0.90426016,0
1.0,0.88222384,0.9716338,0
1.0,0.9040356,1.1144971,0
1.0,0.908649,1.3848732,0
1.0,0.92035997,1.6378247,0
1.0,0.9337248,1.9711452,0
1.0,0.9490549,2.3926384,0
1.0,0.95296717,2.6942225,0
1.0,0.9557982,2.8993225,0
1.0,0.95533323,3.0752578,0
1.0,0.96053207,3.242329,0
1.0,0.96011066,3.364865,0
1.0,0.96308476,3.5128179,0
1.0,0.9654326,3.7045617,0
1.0,0.9690558,3.8699565,0
1.0,0.9697692,3.898758,0
1.0,0.9698279,3.900217,0
1.0,0.9668888,3.9747014,0
1.0,0.9666976,4.2359467,0
1.0,0.96615314,4.441662,0
1.0,0.96227276,4.541531,0
1.0,0.9532702,4.6587553,0
1.0,0.9439346,4.834424,0
1.0,0.9245301,5.03874,0
1.0,0.9196627,5.3015146,0
1.0,0.9161444,5.51516,0
1.0,0.91003627,5.5664015,0
1.0,0.9071384,5.5452647,0
1.0,0.91608995,5.579726,0
1.0,0.9220193,5.793912,0
1.0,0.91365,6.109769,0
1.0,0.90024537,6.469578,0
1.0,0.9070354,6.8438463,0
1.0,0.9070272,7.307926,0
1.0,0.8778465,7.8486853,0
1.0,0.8752757,8.475491,0
1.0,0.88737416,9.124697,0
1.0,0.89317656,9.639612,0
1.0,0.8646807,10.108213,0
1.0,0.8665657,10.612622,0
1.0,0.879631,11.011067,0
1.0,0.8846935,11.26914,0
1.0,0.86693746,11.21986,0
1.0,0.8702792,11.129742,0
1.0,0.88460684,11.043526,0
1.0,0.88473564,10.937596,0
1.0,0.88344455,10.954758,0
1.0,0.8802812,11.218597,0
1.0,0.8778186,11.555744,0
1.0,0.8743578,11.801131,0
1.0,0.87174845,11.958436,0
1.0,0.8647304,12.158174,0
1.0,0.882004,12.503082,0
1.0,0.89339375,12.857713,0
1.0,0.8999122,12.981615,0
1.0,0.9101063,12.946969,0
1.0,0.9212189,12.880821,0
1.0,0.92885673,12.783416,0
1.0,0.9279726,12.757214,0
1.0,0.92493963,12.781411,0
1.0,0.9236199,12.716738,0
1.0,0.92693174,12.454419,0
1.0,0.9239194,12.164888,0
1.0,0.9273337,11.946582,0
1.0,0.92775965,11.808874,0
1.0,0.93329424,11.763668,0
1.0,0.9268452,11.547771,0
1.0,0.9222547,11.11517,0
1.0,0.9193497,10.657202,0
1.0,0.9282387,10.226163,0
1.0,0.9288721,9.726392,0
1.0,0.92772067,9.335014,0
1.0,0.9271769,9.1883335,0
1.0,0.92873156,9.199285,0
1.0,0.9237458,9.477055,0
1.0,0.9188702,9.919918,0
1.0,0.91037434,10.172705,0
1.0,0.9068676,10.278873,0
1.0,0.9022926,10.298805,0
1.0,0.89855313,10.060816,0
1.0,0.89015067,9.692476,0
1.0,0.8894179,9.311876,0
1.0,0.8938778,8.892204,0
1.0,0.9070801,8.528823,0
1.0,0.9124696,8.109919,0
1.0,0.9175023,7.6448526,0
1.0,0.9187709,7.329533,0
1.0,0.9157414,7.1258287,0
1.0,0.91306543,6.938054,0
1.0,0.9082248,6.8358884,0
1.0,0.88809067,6.7420435,0
1.0,0.8862071,6.714423,0
1.0,0.88784003,6.7161274,0
1.0,0.878461,6.707573,0
1.0,0.8794414,6.6823406,0
1.0,0.90891165,6.583786,0
1.0,0.9316184,6.502038,0
1.0,0.94532734,6.357334,0
1.0,0.95275104,6.075346,0
1.0,0.95577013,5.8227816,0
1.0,0.9598314,5.690028,0
1.0,0.9647576,5.6265955,0
1.0,0.96324235,5.5240088,0
1.0,0.9620345,5.5596247,0
1.0,0.96481544,5.646411,0
1.0,0.9663706,5.685773,0
1.0,0.96029896,5.7113023,0
1.0,0.954625,5.6686363,0
1.0,0.9487544,5.7405663,0
1.0,0.93473697,5.7539034,0
1.0,0.9164755,5.6264687,0
1.0,0.92469907,5.656247,0
1.0,0.930783,5.6798253,0
1.0,0.92905533,5.6815314,0
1.0,0.93224967,5.696537,0
1.0,0.9475528,5.802849,0
1.0,0.9493866,6.041379,0
1.0,0.9425393,6.4591565,0
1.0,0.9285899,7.1357136,0
1.0,0.9176392,7.765336,0
1.0,0.90722245,8.4957485,0
1.0,0.90275246,9.449536,0
1.0,0.9074469,10.347507,0
1.0,0.91200614,11.366404,0
1.0,0.9158601,12.241684,0
1.0,0.91947675,12.729616,0
1.0,0.92339927,12.979226,0
1.0,0.9270573,12.957905,0
1.0,0.9259913,12.740049,0
1.0,0.924749,12.440078,0
1.0,0.9259833,12.266279,0
1.0,0.93004894,12.18417,0
1.0,0.93111813,12.34312,0
1.0,0.92514175,13.103933,0
1.0,0.9219077,14.400757,0
1.0,0.9182569,16.153893,0
1.0,0.91652894,18.287933,1
1.0,0.9053062,20.779251,1
1.0,0.8964276,23.579636,1
1.0,0.889781,26.071579,1
1.0,0.8847651,27.798645,1
1.0,0.87447,28.932785,1
1.0,0.86809456,29.601034,1
1.0,0.8695172,29.91365,1
1.0,0.8707971,30.032717,1
1.0,0.86686736,30.016083,1
1.0,0.8607757,29.975428,1
1.0,0.8668346,29.874033,1
1.0,0.8747549,29.710999,1
1.0,0.8680944,29.456821,1
1.0,0.8564292,29.02942,1
1.0,0.8582758,28.801758,1
1.0,0.86209315,28.51117,1
1.0,0.86523086,27.87623,1
1.0,0.8810197,27.285244,1
1.0,0.8953904,26.600704,1
1.0,0.90524644,25.918945,1
1.0,0.9118571,25.493261,1
1.0,0.9171719,25.196476,1
1.0,0.92000973,25.112858,1
1.0,0.92157894,25.118584,1
1.0,0.9158714,25.11026,1
1.0,0.9118438,25.094574,1
1.0,0.9069503,24.985123,1
1.0,0.90420586,24.647717,1
1.0,0.90566903,23.695372,1
1.0,0.9093034,22.147156,1
1.0,0.9164158,20.027275,1
1.0,0.92477244,17.445171,1
1.0,0.9333553,14.6205225,0
1.0,0.94052356,11.525805,0
1.0,0.9493003,8.786291,0
1.0,0.95842314,7.029811,0
1.0,0.9638786,6.017783,0
1.0,0.96806216,5.6018677,0
1.0,0.9687811,5.5707808,0
1.0,0.9653868,5.8350854,0
1.0,0.9620119,6.312812,0
1.0,0.9571349,6.6896787,0
1.0,0.95287853,7.070507,0
1.0,0.949229,7.394592,0
1.0,0.9489812,7.3788643,0
1.0,0.95275074,7.098907,0
1.0,0.95792973,6.6898313,0
1.0,0.9631385,6.276311,0
1.0,0.9648608,6.004254,0
1.0,0.9628368,5.7828975,0
1.0,0.9569397,5.53499,0
1.0,0.950946,5.444342,0
1.0,0.9399804,5.5130625,0
1.0,0.9204897,5.7664204,0
1.0,0.90966254,6.1437297,0
1.0,0.9066647,6.5595446,0
1.0,0.9025409,7.0113907,0
1.0,0.90358514,7.4063673,0
1.0,0.9139766,7.689584,0
1.0,0.92050266,7.8657293,0
1.0,0.9187168,7.940692,0
1.0,0.9220053,7.919485,0
1.0,0.9266046,7.8837204,0
1.0,0.9295938,7.8401113,0
1.0,0.92538494,7.738656,0
1.0,0.92743975,7.687488,0
1.0,0.93359333,7.727176,0
1.0,0.9340888,7.683677,0
1.0,0.9261239,7.5871983,0
1.0,0.92662036,7.3973293,0
1.0,0.92931855,7.2303567,0
1.0,0.93303543,7.067307,0
1.0,0.9306196,6.78342,0
1.0,0.9333832,6.577881,0
1.0,0.93346494,6.3712144,0
1.0,0.93075734,6.1027517,0
1.0,0.9293932,5.9627748,0
1.0,0.9297062,5.9410734,0
1.0,0.92754143,5.947997,0
1.0,0.92374504,5.926541,0
1.0,0.92006004,5.8914394,0
1.0,0.92055184,5.8446355,0
1.0,0.92203873,5.7822027,0
1.0,0.924053,5.707243,0
1.0,0.9247811,5.567586,0
1.0,0.9326033,5.2621574,0
1.0,0.94693613,4.8905964,0
1.0,0.9581721,4.52572,0
1.0,0.96459544,4.0718913,0
1.0,0.9675831,3.6452007,0
1.0,0.9684709,3.3547974,0
1.0,0.96030325,3.0775027,0
1.0,0.9467772,2.8857641,0
1.0,0.93562186,2.8121374,0
1.0,0.9280531,2.7733042,0
1.0,0.9214696,2.7637935,0
1.0,0.9151337,2.7257822,0
1.0,0.9268245,2.637409,0
1.0,0.946181,2.525489,0
1.0,0.9673448,2.4597712,0
1.0,0.97419554,2.373129,0
1.0,0.9782925,2.3600974,0
1.0,0.979576,2.3261957,0
1.0,0.98033154,2.224554,0
1.0,0.97717845,2.185368,0
1.0,0.97618675,2.1538994,0
1.0,0.9743301,2.044761,0
1.0,0.9751701,1.9521343,0
1.0,0.9698027,1.9253232,0
1.0,0.97078514,1.953155,0
1.0,0.96433717,2.0151696,0
1.0,0.9601155,2.1494012,0
1.0,0.9578103,2.3483315,0
1.0,0.9623164,2.6290371,0
1.0,0.9673208,2.906805,0
1.0,0.9735605,3.2067542,0
1.0,0.9740767,3.6106806,0
1.0,0.97538936,4.049747,0
1.0,0.977802,4.6057577,0
1.0,0.9773467,5.299535,0
1.0,0.9735651,5.7455444,0
1.0,0.96985537,5.9214616,0
1.0,0.96552694,5.9755106,0
1.0,0.96099776,5.9546933,0
1.0,0.9557874,5.947769,0
1.0,0.95290405,6.0683346,0
1.0,0.9514688,6.449235,0
1.0,0.94447756,7.11914,0
1.0,0.9333876,7.907138,0
1.0,0.92375946,8.902036,0
1.0,0.9166541,9.972293,0
1.0,0.90291077,10.850657,0
1.0,0.90930796,11.566821,0
1.0,0.91652334,12.132439,0
1.0,0.9206254,12.537054,0
1.0,0.9211588,12.637692,0
1.0,0.9210334,12.544817,0
1.0,0.92217994,12.390808,0
1.0,0.92153287,12.303789,0
1.0,0.9192673,12.357524,0
1.0,0.91672987,12.689941,0
1.0,0.91089195,13.245588,0
1.0,0.9064468,13.982499,0
1.0,0.89175326,15.158075,0
1.0,0.8863734,16.345192,0
1.0,0.88934964,17.274033,0
1.0,0.88428605,18.279438,1
1.0,0.8721441,18.906042,1
1.0,0.87160003,19.014336,1
1.0,0.88193196,19.096241,1
1.0,0.8848768,18.866348,1
1.0,0.8785601,18.341755,1
1.0,0.89020854,18.085407,1
1.0,0.8954403,17.965385,1
1.0,0.8965274,17.915737,1
1.0,0.88839984,17.910872,1
1.0,0.88797563,17.879017,1
1.0,0.889362,17.748512,1
1.0,0.887603,17.346285,0
1.0,0.87836057,16.636591,0
1.0,0.8816905,15.857971,0
1.0,0.8876733,14.83045,0
1.0,0.9015218,13.721533,0
1.0,0.90565073,12.668917,0
1.0,0.91076475,11.781437,0
1.0,0.92739403,11.112856,0
1.0,0.9413035,10.639429,0
1.0,0.9435559,10.438005,0
1.0,0.9426182,10.376064,0
1.0,0.9452189,10.390581,0
1.0,0.949413,10.392283,0
1.0,0.9479982,10.263072,0
1.0,0.94625634,9.8871,0
1.0,0.9459214,9.30703,0
1.0,0.9463737,8.503099,0
1.0,0.94772977,7.175938,0
1.0,0.9418631,5.7240877,0
1.0,0.95322406,4.57021,0
1.0,0.96837217,3.370654,0
1.0,0.97803646,2.4634776,0
1.0,0.9781693,1.9223694,0
1.0,0.97936237,1.3973062,0
1.0,0.9806051,1.0727313,0
1.0,0.9793168,0.87003076,0
1.0,0.96583986,0.6680442,0
1.0,0.9606705,0.60206306,0
1.0,0.9607158,0.5655216,0
1.0,0.95760584,0.56104904,0
1.0,0.93948644,0.5535929,0
1.0,0.942008,0.56652296,0
1.0,0.95957625,0.61454177,0
1.0,0.9691235,0.6532067,0
1.0,0.9668667,0.62690157,0
1.0,0.9709193,0.6118362,0
1.0,0.975339,0.5777562,0
1.0,0.9779679,0.56084293,0
1.0,0.96846026,0.5682511,0
1.0,0.9642741,0.5886944,0
1.0,0.9707953,0.6001604,0
1.0,0.97737336,0.5939749,0
1.0,0.9786855,0.66111284,0
1.0,0.9789515,0.8033302,0
1.0,0.98285645,0.91920495,0
1.0,0.98252296,0.9635323,0
1.0,0.9718552,0.9517062,0
1.0,0.9676022,0.98232484,0
1.0,0.97096944,1.1730652,0
1.0,0.96930593,1.4469445,0
1.0,0.9667222,1.7995666,0
1.0,0.9672157,2.2742753,0
1.0,0.9697216,2.7106328,0
1.0,0.9665952,3.2182672,0
1.0,0.9635969,3.8051496,0
1.0,0.9599388,4.37753,0
1.0,0.95301753,4.8992357,0
1.0,0.9413824,5.228859,0
1.0,0.92579937,5.4367037,0
1.0,0.9066822,5.506156,0
1.0,0.88763934,5.496201,0
1.0,0.8695285,5.493181,0
1.0,0.87943834,5.605495,0
1.0,0.8861511,5.684656,0
1.0,0.89562064,5.724141,0
1.0,0.89759576,5.685067,0
1.0,0.9043899,5.667154,0
1.0,0.90665984,5.6848254,0
1.0,0.9066355,5.739438,0
1.0,0.9141043,5.794886,0
1.0,0.92143726,5.818858,0
1.0,0.92913604,5.843602,0
1.0,0.93347204,5.8398976,0
1.0,0.93260974,5.834813,0
1.0,0.934089,5.768349,0
1.0,0.9230576,5.5906096,0
1.0,0.9139362,5.4386826,0
1.0,0.90825623,5.3689213,0
1.0,0.90086645,5.349392,0
1.0,0.8883411,5.267825,0
1.0,0.8802928,5.0647964,0
1.0,0.8847754,4.872753,0
1.0,0.9195778,4.714356,0
1.0,0.9457545,4.395936,0
1.0,0.9582727,4.122961,0
1.0,0.9668628,3.8545237,0
1.0,0.97389185,3.510108,0
1.0,0.975957,3.1448488,0
1.0,0.97766453,2.7785134,0
1.0,0.979626,2.5558481,0
1.0,0.9801512,2.456635,0
1.0,0.97896886,2.5116081,0
1.0,0.9783358,2.6218982,0
1.0,0.97639626,2.6031456,0
1.0,0.9733087,2.509718,0
1.0,0.9668647,2.4474797,0
1.0,0.95779425,2.4206657,0
1.0,0.9610014,2.4531553,0
1.0,0.968111,2.5340505,0
1.0,0.9703579,2.6047697,0
1.0,0.96975327,2.67571,0
1.0,0.97192895,2.7474687,0
1.0,0.9770989,2.8424897,0
1.0,0.9771922,2.9345047,0
1.0,0.9769249,2.9977913,0
1.0,0.9770733,3.0712256,0
1.0,0.9746763,3.1435745,0
1.0,0.970861,3.1524034,0
1.0,0.9696316,3.1444335,0
1.0,0.9725106,3.1709063,0
1.0,0.9726968,3.1984076,0
1.0,0.97386974,3.205431,0
1.0,0.9748443,3.196312,0
1.0,0.97668284,3.1386642,0
1.0,0.97736424,3.0614986,0
1.0,0.9778246,2.9638643,0
1.0,0.9704462,2.796309,0
1.0,0.9690962,2.5751486,0
1.0,0.96908194,2.3404415,0
1.0,0.96871364,2.1264436,0
1.0,0.9591849,1.9787004,0
1.0,0.971657,2.00644,0
1.0,0.9744957,1.916889,0
1.0,0.9754934,1.8169186,0
1.0,0.97629285,1.8047718,0
1.0,0.97765553,1.9202955,0
1.0,0.978529,2.2780588,0
1.0,0.9792189,2.648875,0
1.0,0.9780829,3.020578,0
1.0,0.97717243,3.355255,0
1.0,0.97672004,3.4891872,0
1.0,0.97850055,3.5365393,0
1.0,0.9756427,3.4235063,0
1.0,0.9700319,3.2945375,0
1.0,0.9633592,3.1683855,0
1.0,0.95717764,3.0330286,0
1.0,0.93884915,2.9426327,0
1.0,0.9425235,2.9006758,0
1.0,0.9418453,2.8321404,0
1.0,0.94580036,2.8170636,0
1.0,0.9465768,2.8259602,0
1.0,0.9598155,2.855904,0
1.0,0.9631428,2.8810415,0
1.0,0.9639944,2.9749765,0
1.0,0.9621561,3.2552552,0
1.0,0.96455795,3.8081088,0
1.0,0.96449983,4.5597897,0
1.0,0.9640836,5.4222736,0
1.0,0.95533323,6.3882732,0
1.0,0.9465491,7.5747466,0
1.0,0.93758684,8.766449,0
1.0,0.9287509,9.884153,0
1.0,0.92061925,10.811525,0
1.0,0.9184845,11.310055,0
1.0,0.918303,11.6314945,0
1.0,0.9191197,11.779156,0
1.0,0.92106646,11.784255,0
1.0,0.93125975,11.732996,0
1.0,0.9379922,11.419662,0
1.0,0.9417502,11.043201,0
1.0,0.94094634,10.634836,0
1.0,0.938501,10.273425,0
1.0,0.93858415,10.122206,0
1.0,0.9377834,10.040556,0
1.0,0.93355125,10.02355,0
1.0,0.9293371,10.006525,0
1.0,0.92642593,10.002085,0
1.0,0.9264835,9.996366,0
1.0,0.9266428,9.993262,0
1.0,0.9173268,9.935699,0
1.0,0.91739964,9.92025,0
1.0,0.9269079,9.957655,0
1.0,0.92627966,9.94976,0
1.0,0.9050998,9.845639,0
1.0,0.9006635,9.822323,0
1.0,0.9073462,9.891437,0
1.0,0.9250847,9.8428955,0
1.0,0.92264074,9.414902,0
1.0,0.92129964,8.769751,0
1.0,0.9280864,8.076125,0
1.0,0.9326821,7.1511083,0
1.0,0.9320891,5.9414234,0
1.0,0.9345736,4.7437716,0
1.0,0.9465154,3.589069,0
1.0,0.951934,2.5801392,0
1.0,0.9506163,1.9678738,0
1.0,0.94978917,1.7056499,0
1.0,0.94884104,1.6582216,0
1.0,0.9449261,1.8140866,0
1.0,0.9124473,2.2178938,0
1.0,0.89389896,2.805428,0
1.0,0.8934415,3.438439,0
1.0,0.8938821,4.0342817,0
1.0,0.8886032,4.5534744,0
1.0,0.88177687,4.844966,0
1.0,0.8809111,5.0138373,0
1.0,0.89573646,5.118164,0
1.0,0.90645146,5.232751,0
1.0,0.9034024,5.3954544,0
1.0,0.89945126,5.5141363,0
1.0,0.8957885,5.6283817,0
1.0,0.8982543,5.7132854,0
1.0,0.89655423,5.72113,0
1.0,0.89487964,5.7166023,0
1.0,0.8956526,5.74027,0
1.0,0.90590316,5.811905,0
1.0,0.9186169,5.849826,0
1.0,0.9245581,5.7583346,0
1.0,0.9331064,5.639726,0
1.0,0.9363817,5.62236,0
1.0,0.93428266,5.6018877,0
1.0,0.9300609,5.5288544,0
1.0,0.9180605,5.5655713,0
1.0,0.9118016,5.610496,0
1.0,0.90689605,5.5949745,0
1.0,0.9062113,5.590839,0
1.0,0.9125833,5.611879,0
1.0,0.916949,5.611657,0
1.0,0.9142592,5.569095,0
1.0,0.9209805,5.579031,0
1.0,0.92875767,5.5264277,0
1.0,0.92697966,5.3773174,0
1.0,0.931674,5.148878,0
1.0,0.9415697,4.8201056,0
1.0,0.94493496,4.4352446,0
1.0,0.941678,4.0725813,0
1.0,0.9449164,3.8396955,0
1.0,0.9458908,3.6638129,0
1.0,0.9414402,3.6037743,0
1.0,0.92720634,3.5746865,0
1.0,0.922664,3.4607878,0
1.0,0.91913253,3.3725772,0
1.0,0.915142,3.270259,0
1.0,0.9045463,3.1836948,0
1.0,0.9125581,3.1823459,0
1.0,0.92019457,3.1911101,0
1.0,0.9348628,3.186203,0
1.0,0.9467476,3.15086,0
1.0,0.96019036,3.1278968,0
1.0,0.9670632,3.1184464,0
1.0,0.97063905,3.095046,0
1.0,0.96723706,3.0210865,0
1.0,0.96156365,2.9602556,0
1.0,0.9699794,2.991167,0
1.0,0.97507995,3.0337744,0
1.0,0.9733498,3.136697,0
1.0,0.9677811,3.380546,0
1.0,0.96551347,3.67445,0
1.0,0.9658013,3.9281197,0
1.0,0.9657565,4.1841593,0
1.0,0.96730363,4.2942286,0
1.0,0.96978444,4.2619205,0
1.0,0.97094834,4.1170673,0
1.0,0.97086906,3.8203583,0
1.0,0.9697621,3.4638534,0
1.0,0.96920335,3.191156,0
1.0,0.97024226,3.0338678,0
1.0,0.968169,2.9035945,0
1.0,0.96185225,2.8396893,0
1.0,0.9578304,2.8214076,0
1.0,0.9493143,2.7907028,0
1.0,0.9375402,2.7523465,0
1.0,0.93101305,2.7800126,0
1.0,0.93441844,2.8869133,0
1.0,0.94023633,3.0642982,0
1.0,0.94967294,3.305849,0
1.0,0.9590443,3.5769138,0
1.0,0.9617429,3.8295832,0
1.0,0.96206605,4.041835,0
1.0,0.9634203,4.2961745,0
1.0,0.9639573,4.673205,0
1.0,0.95904624,5.0609055,0
1.0,0.95397115,5.583582,0
1.0,0.9525976,6.254678,0
1.0,0.9507149,6.6443596,0
1.0,0.94523805,6.896677,0
1.0,0.94676834,7.0414095,0
1.0,0.9542098,6.9618063,0
1.0,0.9605067,6.774721,0
1.0,0.95925486,6.5272512,0
1.0,0.957588,6.2563977,0
1.0,0.9554863,5.952939,0
1.0,0.95155984,5.7505016,0
1.0,0.9382431,5.5889664,0
1.0,0.9291945,5.550528,0
1.0,0.9217345,5.6446323,0
1.0,0.91779715,5.742188,0
1.0,0.911485,5.781869,0
1.0,0.9048637,5.7748575,0
1.0,0.90347004,5.773477,0
1.0,0.89544886,5.710439,0
1.0,0.8902678,5.6661596,0
1.0,0.8936652,5.698765,0
1.0,0.9016335,5.843753,0
1.0,0.9047231,6.06991,0
1.0,0.9041426,6.3379145,0
1.0,0.90115225,6.644124,0
1.0,0.89596784,7.0071936,0
1.0,0.8923383,7.555299,0
1.0,0.8918261,8.212786,0
1.0,0.88309103,8.934041,0
1.0,0.8750635,9.496647,0
1.0,0.87551665,9.756941,0
1.0,0.8827636,9.873566,0
1.0,0.88216,9.613675,0
1.0,0.88062775,9.146696,0
1.0,0.8805917,8.936528,0
1.0,0.88514113,8.835837,0
1.0,0.8812456,8.78002,0
1.0,0.87882954,8.786937,0
1.0,0.8773071,8.753475,0
1.0,0.8832617,8.725315,0
1.0,0.892395,8.866819,0
1.0,0.90588564,9.133879,0
1.0,0.9123417,9.428278,0
1.0,0.91155565,9.608843,0
1.0,0.9121967,9.724452,0
1.0,0.9078252,9.865051,0
1.0,0.8920746,9.988376,0
1.0,0.89656526,10.2428,0
1.0,0.9074404,10.508446,0
1.0,0.9058035,10.620686,0
1.0,0.90033466,10.66131,0
1.0,0.9060433,10.675418,0
1.0,0.9196584,10.645707,0
1.0,0.91668606,10.504135,0
1.0,0.9077308,10.242059,0
1.0,0.9089485,9.837003,0
1.0,0.9170405,9.352496,0
1.0,0.9059966,8.752911,0
1.0,0.90055245,8.055635,0
1.0,0.91432965,7.527206,0
1.0,0.9297836,7.007088,0
1.0,0.92298883,6.6440344,0
1.0,0.9253033,6.5209904,0
1.0,0.93347937,6.4066243,0
1.0,0.9386174,6.377421,0
1.0,0.93197775,6.280876,0
1.0,0.9259357,6.166925,0
1.0,0.9306286,6.0477476,0
1.0,0.9317163,5.943755,0
1.0,0.9216085,6.0515265,0
1.0,0.9174669,6.2221203,0
1.0,0.9182175,6.4160624,0
1.0,0.9216223,6.449871,0
1.0,0.9152885,6.336002,0
1.0,0.9149877,6.168743,0
1.0,0.92023313,6.1450553,0
1.0,0.93103635,6.257304,0
1.0,0.935678,6.187449,0
1.0,0.93601966,6.1343374,0
1.0,0.9332748,6.102831,0
1.0,0.9286147,5.979148,0
1.0,0.9245376,5.968622,0
1.0,0.920748,6.048339,0
1.0,0.917146,6.12438,0
1.0,0.9117974,6.187468,0
1.0,0.9076541,6.203813,0
1.0,0.9067397,6.197257,0
1.0,0.9083678,6.2473116,0
1.0,0.9070207,6.2698507,0
1.0,0.9106921,6.278352,0
1.0,0.9147165,6.1715236,0
1.0,0.925378,5.8569984,0
1.0,0.93700516,5.48953,0
1.0,0.9496985,5.082979,0
1.0,0.9563248,4.6231594,0
1.0,0.960549,4.301668,0
1.0,0.96277815,4.135231,0
1.0,0.9650434,4.0862927,0
1.0,0.9645305,4.0196843,0
1.0,0.9641369,3.926282,0
1.0,0.958807,3.7601333,0
1.0,0.95057505,3.5186605,0
1.0,0.94335407,3.3072047,0
1.0,0.9432725,3.125166,0
1.0,0.93903035,2.985705,0
1.0,0.9360366,2.9620953,0
1.0,0.934238,3.0170598,0
1.0,0.92819965,2.9635441,0
1.0,0.9377849,2.7824142,0
1.0,0.93551815,2.6406784,0
1.0,0.93276465,2.426418,0
1.0,0.93056685,2.1648707,0
1.0,0.9396853,2.2455773,0
1.0,0.94594437,2.5543096,0
1.0,0.9465286,3.0270607,0
1.0,0.94455034,3.7531435,0
1.0,0.93179476,4.5850887,0
1.0,0.91754705,5.402459,0
1.0,0.9084056,6.2646604,0
1.0,0.90145206,6.92826,0
1.0,0.8902439,7.3998866,0
1.0,0.87284994,7.816818,0
1.0,0.86054254,8.083042,0
1.0,0.85834825,8.227299,0
1.0,0.85181004,8.241749,0
1.0,0.8444176,8.188821,0
1.0,0.84721303,8.15809,0
1.0,0.85313755,8.175707,0
1.0,0.8687623,8.231987,0
1.0,0.877694,8.311256,0
1.0,0.88193345,8.389822,0
1.0,0.8864659,8.429733,0
1.0,0.8857179,8.526123,0
1.0,0.8923622,8.69055,0
1.0,0.89376724,8.82592,0
1.0,0.89486474,8.969656,0
1.0,0.8888071,9.119125,0
1.0,0.8943216,9.187706,0
1.0,0.90575653,9.149506,0
1.0,0.9167742,9.107983,0
1.0,0.9164164,9.065613,0
1.0,0.91591,9.082085,0
1.0,0.9162242,9.136411,0
1.0,0.91640407,9.126486,0
1.0,0.9112159,8.853108,0
1.0,0.91272897,8.37055,0
1.0,0.92060107,7.8106146,0
1.0,0.9295765,7.1323576,0
1.0,0.9344332,6.367079,0
1.0,0.94234085,5.5718913,0
1.0,0.9496888,4.734604,0
1.0,0.9529868,4.0602465,0
1.0,0.9552303,3.5364995,0
1.0,0.961816,3.1193647,0
1.0,0.964237,2.9078593,0
1.0,0.96125215,2.817398,0
1.0,0.9588403,2.886479,0
1.0,0.9632753,2.9892082,0
1.0,0.96325177,3.0947964,0
1.0,0.9619564,3.1950068,0
1.0,0.9562202,3.234912,0
1.0,0.96073425,3.2766135,0
1.0,0.9635577,3.4140332,0
1.0,0.9634935,3.6190548,0
1.0,0.96331704,3.8045316,0
1.0,0.97011524,3.9447794,0
1.0,0.97357655,4.0489492,0
1.0,0.97718644,4.1047564,0
1.0,0.9784475,4.118637,0
1.0,0.9806131,4.1092625,0
1.0,0.9783506,4.047666,0
1.0,0.9743887,3.96623,0
1.0,0.9711801,3.903375,0
1.0,0.970511,3.841207,0
1.0,0.9680445,3.8118834,0
1.0,0.9636195,3.9133961,0
1.0,0.95598155,3.978679,0
1.0,0.9541845,4.1230297,0
1.0,0.95111465,4.3194,0
1.0,0.94471467,4.401114,0
1.0,0.9326284,4.538825,0
1.0,0.9266245,4.6733,0
1.0,0.9288857,4.673354,0
1.0,0.9261832,4.623898,0
1.0,0.92626756,4.5971975,0
1.0,0.9290287,4.5476737,0
1.0,0.927483,4.5288997,0
1.0,0.92343557,4.6867833,0
1.0,0.9172885,4.9718933,0
1.0,0.91384953,5.5280476,0
1.0,0.9031719,6.278276,0
1.0,0.89596856,6.9129043,0
1.0,0.8988052,7.434947,0
1.0,0.896479,7.8518457,0
1.0,0.8879641,8.188528,0
1.0,0.88730866,8.416988,0
1.0,0.8868773,8.467041,0
1.0,0.88773865,8.540798,0
1.0,0.88142943,8.642584,0
1.0,0.88119185,8.675896,0
1.0,0.88293403,8.614852,0
1.0,0.87993306,8.504375,0
1.0,0.87975776,8.442784,0
1.0,0.8810832,8.433065,0
1.0,0.8879366,8.451697,0
1.0,0.8923642,8.49823,0
1.0,0.8960574,8.522549,0
1.0,0.9029803,8.4524,0
1.0,0.90699095,8.381959,0
1.0,0.9143191,8.244274,0
1.0,0.91033965,7.9534717,0
1.0,0.9185615,7.737552,0
1.0,0.93061095,7.453871,0
1.0,0.9463968,7.25996,0
1.0,0.94874424,7.173237,0
1.0,0.9541654,7.1789365,0
1.0,0.95564425,7.1811066,0
1.0,0.9425563,7.1239653,0
1.0,0.92507684,7.006176,0
1.0,0.9463615,6.899679,0
1.0,0.96062994,6.5656323,0
1.0,0.9629709,5.903449,0
1.0,0.9532449,5.011779,0
1.0,0.96640754,4.2646217,0
1.0,0.96919954,3.632356,0
1.0,0.9562773,3.0028687,0
1.0,0.9387929,2.3544736,0
1.0,0.9568742,1.8802133,0
1.0,0.9659015,1.5948777,0
1.0,0.9638525,1.3673717,0
1.0,0.95572364,1.2719674,0
1.0,0.97058576,1.4616183,0
1.0,0.97221756,1.8919232,0
1.0,0.9742603,2.3430092,0
1.0,0.9678734,2.7307296,0
1.0,0.973677,3.1471999,0
1.0,0.9658708,3.3216286,0
1.0,0.93559504,3.301485,0
1.0,0.9151392,3.270926,0
1.0,0.93064034,3.2551801,0
1.0,0.93651265,3.2498643,0
1.0,0.9399983,3.2570686,0
1.0,0.9398121,3.2644286,0
1.0,0.9407392,3.30851,0
1.0,0.9334406,3.347638,0
1.0,0.9266566,3.3746905,0
1.0,0.92873627,3.4287214,0
1.0,0.9306022,3.433891,0
1.0,0.93738747,3.4449284,0
1.0,0.9463727,3.4539685,0
1.0,0.94588804,3.4936874,0
1.0,0.94513774,3.4757328,0
1.0,0.9446088,3.4621284,0
1.0,0.9478066,3.4812171,0
1.0,0.9452596,3.466388,0
1.0,0.9447054,3.4628367,0
1.0,0.9430801,3.4863687,0
1.0,0.9427135,3.5550375,0
1.0,0.9379317,3.6100144,0
1.0,0.94704926,3.6505063,0
1.0,0.95059,3.6537642,0
1.0,0.9522623,3.547063,0
1.0,0.9554918,3.2825596,0
1.0,0.9665837,2.9006324,0
1.0,0.9701324,2.3862398,0
1.0,0.97296554,1.9172887,0
1.0,0.97348195,1.5238478,0
1.0,0.97834355,1.1389519,0
1.0,0.97905445,0.9673796,0
1.0,0.9787264,0.88667667,0
1.0,0.9736095,0.8209472,0
1.0,0.977705,0.7964808,0
1.0,0.9774302,0.7972789,0
1.0,0.97213775,0.8150782,0
1.0,0.958715,0.8633671,0
1.0,0.96723706,0.9349777,0
1.0,0.97470313,0.9779999,0
1.0,0.9743605,0.97999585,0
1.0,0.9625845,0.9156426,0
1.0,0.97715783,0.93180966,0
1.0,0.9785927,0.94684476,0
1.0,0.9744091,0.9668194,0
1.0,0.9670775,0.9455168,0
1.0,0.9761564,1.063333,0
1.0,0.98138154,1.2014716,0
1.0,0.9826912,1.2807763,0
1.0,0.9763981,1.4328339,0
1.0,0.97966844,1.622922,0
1.0,0.98071104,1.7380333,0
1.0,0.9770354,1.9023335,0
1.0,0.96450514,2.048134,0
1.0,0.96950835,2.1881368,0
1.0,0.9748717,2.433815,0
1.0,0.97332454,2.763401,0
1.0,0.9705422,3.1671295,0
1.0,0.9749082,3.6531615,0
1.0,0.97823995,3.9485774,0
1.0,0.97539234,4.112344,0
1.0,0.9693766,4.260476,0
1.0,0.969901,4.407709,0
1.0,0.9664088,4.5629816,0
1.0,0.96050316,4.8601274,0
1.0,0.95376194,5.0305796,0
1.0,0.95274746,5.1269107,0
1.0,0.9549575,5.3199286,0
1.0,0.95279586,5.440062,0
1.0,0.94621634,5.455951,0
1.0,0.93676156,5.416969,0
1.0,0.9309353,5.361596,0
1.0,0.92087835,5.336442,0
1.0,0.91273713,5.3167343,0
1.0,0.90813357,5.2970037,0
1.0,0.91257674,5.3022842,0
1.0,0.92141885,5.313265,0
1.0,0.9326963,5.332891,0
1.0,0.9418548,5.2625475,0
1.0,0.9461171,5.1556206,0
1.0,0.95000994,5.0774064,0
1.0,0.9532844,4.9339356,0
1.0,0.95559776,4.7554007,0
1.0,0.95077455,4.589253,0
1.0,0.9465785,4.33502,0
1.0,0.9493926,4.1133585,0
1.0,0.95821327,3.9744148,0
1.0,0.9640387,3.7448301,0
1.0,0.97078425,3.5120037,0
1.0,0.9745861,3.2917204,0
1.0,0.9770414,3.1632018,0
1.0,0.97967654,3.2222776,0
1.0,0.9826078,3.4280083,0
1.0,0.9823951,3.7111769,0
1.0,0.98017716,4.0245323,0
1.0,0.978312,4.403461,0
1.0,0.97711927,4.651747,0
1.0,0.9740986,4.98635,0
1.0,0.9694166,5.4498334,0
1.0,0.9677213,5.7316008,0
1.0,0.9664225,5.8926606,0
1.0,0.9626186,5.947937,0
1.0,0.9563147,5.9754095,0
1.0,0.9499435,6.1427546,0
1.0,0.9488127,6.414281,0
1.0,0.9489194,6.744624,0
1.0,0.95060897,7.1192694,0
1.0,0.9505964,7.617275,0
1.0,0.94907755,8.121202,0
1.0,0.94460666,8.514198,0
1.0,0.9325583,8.796684,0
1.0,0.9240133,9.023953,0
1.0,0.9170438,9.187669,0
1.0,0.9114693,9.266647,0
1.0,0.9054772,9.365318,0
1.0,0.90122515,9.428391,0
1.0,0.8967818,9.4241705,0
1.0,0.8949418,9.428583,0
1.0,0.89628917,9.436921,0
1.0,0.8964566,9.402207,0
1.0,0.8954599,9.305302,0
1.0,0.89629203,9.140903,0
1.0,0.90114194,8.846917,0
1.0,0.9060272,8.5445795,0
1.0,0.9105526,8.221694,0
1.0,0.9172221,7.843685,0
1.0,0.921758,7.4552693,0
1.0,0.93504953,7.106904,0
1.0,0.94549197,6.8090386,0
1.0,0.9535508,6.5607834,0
1.0,0.9568134,6.399301,0
1.0,0.95962226,6.4107113,0
1.0,0.9613657,6.507423,0
1.0,0.9616,6.7239027,0
1.0,0.959999,7.0231733,0
1.0,0.9576563,7.15648,0
1.0,0.95464957,7.09192,0
1.0,0.954939,6.9724703,0
1.0,0.9574913,6.7408056,0
1.0,0.9576943,6.2763863,0
1.0,0.9585218,5.751574,0
1.0,0.9599066,5.334644,0
1.0,0.96039206,5.0196915,0
1.0,0.9598648,4.782691,0
1.0,0.9547643,4.622367,0
1.0,0.945788,4.5946894,0
1.0,0.939811,4.561311,0
1.0,0.9385683,4.5548897,0
1.0,0.93444294,4.6004696,0
1.0,0.9218537,4.5903797,0
1.0,0.90811265,4.563903,0
1.0,0.9013081,4.553259,0
1.0,0.8985045,4.5471945,0
1.0,0.9008939,4.5610514,0
1.0,0.8991412,4.576049,0
1.0,0.89741606,4.6254606,0
1.0,0.901286,4.7635713,0
1.0,0.911305,4.908,0
1.0,0.9158328,4.9790936,0
1.0,0.9208066,4.9819202,0
1.0,0.93219244,4.9424458,0
1.0,0.9454939,4.8404684,0
1.0,0.95231426,4.5738254,0
1.0,0.955918,4.227048,0
1.0,0.95934933,3.9837735,0
1.0,0.96401435,3.7183092,0
1.0,0.96533024,3.4007938,0
1.0,0.96502376,3.3030155,0
1.0,0.9663767,3.3484383,0
1.0,0.9692509,3.5534892,0
1.0,0.9689978,4.1026464,0
1.0,0.96660364,4.8759665,0
1.0,0.9651391,5.623347,0
1.0,0.9689757,6.1575775,0
1.0,0.97140247,6.6046743,0
1.0,0.97220176,6.9772425,0
1.0,0.972314,7.295153,0
1.0,0.9718313,7.562854,0
1.0,0.968782,7.658182,0
1.0,0.9639484,7.6582603,0
1.0,0.957615,7.5688267,0
1.0,0.9526978,7.5176535,0
1.0,0.945336,7.5119677,0
1.0,0.93933773,7.555113,0
1.0,0.929854,7.6371098,0
1.0,0.9190328,7.7138176,0
1.0,0.91269904,7.781798,0
1.0,0.90402734,7.76291,0
1.0,0.8998402,7.6596336,0
1.0,0.9042498,7.567848,0
1.0,0.89835864,7.4362764,0
1.0,0.8894541,7.272459,0
1.0,0.8911894,7.1758575,0
1.0,0.8998205,7.2288976,0
1.0,0.9071431,7.3979225,0
1.0,0.902714,7.5876403,0
1.0,0.89840484,7.815082,0
1.0,0.8999598,8.241659,0
1.0,0.9018415,8.675472,0
1.0,0.89433,8.804035,0
1.0,0.8840562,8.8013935,0
1.0,0.8835373,8.654293,0
1.0,0.88591653,8.221825,0
1.0,0.88570017,7.5997286,0
1.0,0.8881439,6.9969716,0
1.0,0.8892281,6.507107,0
1.0,0.89330757,6.047251,0
1.0,0.8991912,5.6492977,0
1.0,0.8997822,5.31709,0
1.0,0.90217215,5.0610723,0
1.0,0.89621824,5.036387,0
1.0,0.89785415,5.3198814,0
1.0,0.90166384,5.731243,0
1.0,0.9079027,6.122107,0
1.0,0.9064416,6.4346714,0
1.0,0.90988594,6.5709352,0
1.0,0.91678715,6.505105,0
1.0,0.9220687,6.388418,0
1.0,0.9179296,6.279988,0
1.0,0.9135078,6.2103233,0
1.0,0.9122987,6.1907654,0
1.0,0.91204375,6.220047,0
1.0,0.90463763,6.511882,0
1.0,0.89473444,6.8935122,0
1.0,0.89290506,7.1646576,0
1.0,0.8942997,7.3915596,0
1.0,0.89003175,7.4351244,0
1.0,0.8874269,7.3981915,0
1.0,0.8873603,7.344892,0
1.0,0.8942796,7.106946,0
1.0,0.8909485,6.7111254,0
1.0,0.889884,6.314021,0
1.0,0.8913252,5.9687786,0
1.0,0.9004499,5.7519097,0
1.0,0.8974817,5.7041693,0
1.0,0.9040892,5.8839293,0
1.0,0.90415275,6.108198,0
1.0,0.90415287,6.2697525,0
1.0,0.8974667,6.511956,0
1.0,0.881548,6.82381,0
1.0,0.88273096,7.0424356,0
1.0,0.8984128,7.141349,0
1.0,0.9055191,7.086178,0
1.0,0.9093617,6.7692733,0
1.0,0.9213081,6.377434,0
1.0,0.93104607,6.0010557,0
1.0,0.9282596,5.6604824,0
1.0,0.9198954,5.494448,0
1.0,0.91914517,5.5270724,0
1.0,0.92430526,5.8467827,0
1.0,0.9195224,6.288872,0
1.0,0.91021186,6.5794477,0
1.0,0.9110261,6.8587084,0
1.0,0.9179592,7.0659328,0
1.0,0.9171842,6.8399324,0
1.0,0.91068083,6.43837,0
1.0,0.91708577,6.1299806,0
1.0,0.9228602,5.8458996,0
1.0,0.92899466,5.7173615,0
1.0,0.9232619,5.7153172,0
1.0,0.92394954,5.623722,0
1.0,0.9184113,5.5828156,0
1.0,0.90059805,5.6950936,0
1.0,0.8894081,5.7856,0
1.0,0.8910598,5.8439965,0
1.0,0.89335835,5.84849,0
1.0,0.8849363,5.7022996,0
1.0,0.8898022,5.3474903,0
1.0,0.90602505,4.9841156,0
1.0,0.91889024,4.7988167,0
1.0,0.9220654,4.6450453,0
1.0,0.92117083,4.5094986,0
1.0,0.9227956,4.4544983,0
1.0,0.9244695,4.4034815,0
1.0,0.9173191,4.412306,0
1.0,0.9167729,4.474183,0
1.0,0.9218584,4.499995,0
1.0,0.936789,4.5341706,0
1.0,0.93845963,4.5773897,0
1.0,0.94097906,4.5854845,0
1.0,0.94234246,4.535299,0
1.0,0.9541601,4.226857,0
1.0,0.9578454,3.7660213,0
1.0,0.959273,3.457442,0
1.0,0.96105987,3.160914,0
1.0,0.9687687,2.9144702,0
1.0,0.9714244,2.8422165,0
1.0,0.9726281,2.8322735,0
1.0,0.9732814,2.8308573,0
1.0,0.9784647,2.7598557,0
1.0,0.98139393,2.6293359,0
1.0,0.98334116,2.4096713,0
1.0,0.983978,2.199919,0
1.0,0.9854173,2.0543637,0
1.0,0.98571265,1.9530054,0
1.0,0.9855641,1.9497608,0
1.0,0.9842091,1.9807913,0
1.0,0.9834331,1.962007,0
1.0,0.9828135,1.9596099,0
1.0,0.98210645,1.959171,0
1.0,0.98080164,1.9665632,0
1.0,0.981094,1.9489803,0
1.0,0.9811793,1.8881345,0
1.0,0.9809356,1.7757695,0
1.0,0.9808594,1.5807748,0
1.0,0.9821666,1.4190087,0
1.0,0.9836347,1.2916793,0
1.0,0.9830178,1.1714882,0
1.0,0.9762249,1.1121895,0
1.0,0.9733219,1.078067,0
1.0,0.97369397,1.0299333,0
1.0,0.9728866,1.0178845,0
1.0,0.97026247,1.0176319,0
1.0,0.9760676,1.0275093,0
1.0,0.9784315,1.0702555,0
1.0,0.9795562,1.1313802,0
1.0,0.97901845,1.1558225,0
1.0,0.97928554,1.1442865,0
1.0,0.97937554,1.1283338,0
1.0,0.97677803,1.1859511,0
1.0,0.9723016,1.3710505,0
1.0,0.9756186,1.7782228,0
1.0,0.97583437,2.4117165,0
1.0,0.97137064,3.19772,0
1.0,0.96355623,3.97342,0
1.0,0.9600691,4.749382,0
1.0,0.95473593,5.4591055,0
1.0,0.94988424,5.908676,0
1.0,0.94178534,6.19406,0
1.0,0.94707245,6.4039526,0
1.0,0.9491378,6.4833817,0
1.0,0.9517152,6.479591,0
1.0,0.9571135,6.474289,0
1.0,0.96418685,6.6495676,0
1.0,0.9622879,7.2275634,0
1.0,0.95313764,8.116276,0
1.0,0.9413052,9.367245,0
1.0,0.92691076,10.874144,0
1.0,0.908485,12.301548,0
1.0,0.8889249,13.81996,0
1.0,0.8768157,15.363296,0
1.0,0.8775484,16.671764,0
1.0,0.8726819,17.773926,1
1.0,0.868678,18.432987,1
1.0,0.8711773,18.669968,1
1.0,0.8706147,18.716278,1
1.0,0.8743339,18.685806,1
1.0,0.87943953,18.662909,1
1.0,0.8928248,18.707346,1
1.0,0.8966832,18.87014,1
1.0,0.89089364,19.178953,1
1.0,0.8802827,19.49382,1
1.0,0.87346506,19.696695,1
1.0,0.8594629,19.688114,1
1.0,0.8604624,19.38643,1
1.0,0.8710535,18.82093,1
1.0,0.8861841,18.227602,1
1.0,0.8935624,17.441849,1
1.0,0.9009513,16.598152,0
1.0,0.91123253,16.075886,0
1.0,0.9205009,15.73878,0
1.0,0.922962,15.497313,0
1.0,0.917412,15.399036,0
1.0,0.9102615,15.416529,0
1.0,0.9069307,15.502247,0
1.0,0.9042313,15.5035,0
1.0,0.9092942,15.377504,0
1.0,0.9144822,15.054367,0
1.0,0.9107716,14.4624405,0
1.0,0.9116372,13.668057,0
1.0,0.90652764,12.78965,0
1.0,0.90935016,11.788185,0
1.0,0.9096242,10.643898,0
1.0,0.9123665,9.778517,0
1.0,0.9148084,9.22224,0
1.0,0.91894543,9.057834,0
1.0,0.9137333,9.273804,0
1.0,0.91238934,9.418961,0
1.0,0.913314,9.448622,0
1.0,0.91286474,9.433748,0
1.0,0.9085199,9.467617,0
1.0,0.91165775,9.458924,0
1.0,0.9136126,9.374,0
1.0,0.9153165,9.305494,0
1.0,0.91626084,9.243576,0
1.0,0.9118904,9.201485,0
1.0,0.90427196,9.17231,0
1.0,0.91067016,9.269865,0
1.0,0.9144189,9.486205,0
1.0,0.9103199,9.650461,0
1.0,0.90587676,9.716985,0
1.0,0.9132203,9.747358,0
1.0,0.9227115,9.761358,0
1.0,0.9189419,9.784378,0
1.0,0.91247636,9.839601,0
1.0,0.9115174,9.944815,0
1.0,0.9126054,10.089169,0
1.0,0.89806205,10.2517185,0
1.0,0.8911006,10.346529,0
1.0,0.89824224,10.380451,0
1.0,0.9085228,10.387097,0
1.0,0.89532405,10.392706,0
1.0,0.8839223,10.511295,0
1.0,0.88413936,10.547213,0
1.0,0.89393914,10.604534,0
1.0,0.89624476,10.621243,0
1.0,0.89216393,10.37785,0
1.0,0.8981295,10.027678,0
1.0,0.9039864,9.703924,0
1.0,0.899133,9.570096,0
1.0,0.8944452,9.55146,0
1.0,0.8897512,9.557492,0
1.0,0.8889034,9.467697,0
1.0,0.88766706,9.303615,0
1.0,0.8946006,9.09091,0
1.0,0.89844435,8.780594,0
1.0,0.9020388,8.438128,0
1.0,0.91134965,8.056835,0
1.0,0.9221033,7.7054415,0
1.0,0.9277847,7.3402166,0
1.0,0.92944014,6.9286313,0
1.0,0.9368397,6.7057176,0
1.0,0.94272953,6.6503553,0
1.0,0.94404197,6.6449146,0
1.0,0.93950975,6.6759367,0
1.0,0.95089215,6.806655,0
1.0,0.9621328,6.9961195,0
1.0,0.9675207,7.1636004,0
1.0,0.969537,7.158267,0
1.0,0.972161,6.9607787,0
1.0,0.97463113,6.6299143,0
1.0,0.9776407,6.2128553,0
1.0,0.9786471,5.665389,0
1.0,0.9794221,5.0237837,0
1.0,0.9819313,4.3849945,0
1.0,0.9824342,3.9120228,0
1.0,0.98128533,3.5571017,0
1.0,0.9785726,3.2122371,0
1.0,0.97688216,3.0856233,0
1.0,0.97296244,3.1482916,0
1.0,0.9696739,3.216263,0
1.0,0.9686017,3.314886,0
1.0,0.9676211,3.4631357,0
1.0,0.9635704,3.564947,0
1.0,0.9627062,3.639099,0
1.0,0.9669571,3.7400522,0
1.0,0.969777,3.8587162,0
1.0,0.96584445,3.9968233,0
1.0,0.9642976,4.14157,0
1.0,0.95985955,4.282824,0
1.0,0.9567049,4.4581714,0
1.0,0.95018464,4.6051464,0
1.0,0.9479204,4.736621,0
1.0,0.94579506,4.841756,0
1.0,0.9468274,4.8996243,0
1.0,0.9492775,4.910979,0
1.0,0.9564968,4.891969,0
1.0,0.96083385,4.790657,0
1.0,0.96429384,4.583594,0
1.0,0.9670537,4.293687,0
1.0,0.96841484,4.0423656,0
1.0,0.9689596,3.8521683,0
1.0,0.96853596,3.6247032,0
1.0,0.9679824,3.4411101,0
1.0,0.96622556,3.3416295,0
1.0,0.96449673,3.233177,0
1.0,0.9696586,3.1450665,0
1.0,0.97065485,3.041448,0
1.0,0.9702519,2.914009,0
1.0,0.96448606,2.7460911,0
1.0,0.9688014,2.5469263,0
1.0,0.96627563,2.2880318,0
1.0,0.9620435,2.0439517,0
1.0,0.9532509,1.8694122,0
1.0,0.9690313,1.7873738,0
1.0,0.9741788,1.7176702,0
1.0,0.97598153,1.6554874,0
1.0,0.9760223,1.5764723,0
1.0,0.98298347,1.5193609,0
1.0,0.98464286,1.4664962,0
1.0,0.9816877,1.4151673,0
1.0,0.98011714,1.3411236,0
1.0,0.98335946,1.2001437,0
1.0,0.9839236,1.0413742,0
1.0,0.98085713,0.8896133,0
1.0,0.9716331,0.7590995,0
1.0,0.97893995,0.71248317,0
1.0,0.98020554,0.73400134,0
1.0,0.9787764,0.7970363,0
1.0,0.9756564,0.901204,0
1.0,0.97950554,1.0620339,0
1.0,0.97902864,1.266006,0
1.0,0.97586036,1.4944465,0
1.0,0.9732473,1.5885063,0
1.0,0.97452444,1.6069058,0
1.0,0.97421646,1.6125057,0
1.0,0.9709584,1.6073511,0
1.0,0.9676107,1.6102145,0
1.0,0.96723604,1.6103039,0
1.0,0.9632252,1.6110421,0
1.0,0.95622814,1.6143851,0
1.0,0.9492928,1.6241848,0
1.0,0.9431421,1.6730769,0
1.0,0.9375989,1.7832981,0
1.0,0.94689614,1.9623636,0
1.0,0.9443343,2.0630145,0
1.0,0.95304275,2.2066896,0
1.0,0.95907557,2.3982778,0
1.0,0.9646226,2.6275644,0
1.0,0.96351665,3.0633898,0
1.0,0.96240234,3.6299636,0
1.0,0.96026236,4.2236423,0
1.0,0.95938444,4.8262033,0
1.0,0.9534713,5.355967,0
1.0,0.947952,5.84931,0
1.0,0.944296,6.3772764,0
1.0,0.943239,6.946747,0
1.0,0.94032234,7.4800014,0
1.0,0.9387398,7.878535,0
1.0,0.9377176,7.995266,0
1.0,0.94763553,8.001009,0
1.0,0.95226413,7.9030633,0
1.0,0.9459406,7.731928,0
1.0,0.94310844,7.5333924,0
1.0,0.949952,7.366601,0
1.0,0.9492551,7.3704424,0
1.0,0.9411789,7.5298815,0
1.0,0.9315434,7.8757524,0
1.0,0.919088,8.268154,0
1.0,0.9093284,8.600393,0
1.0,0.90418375,8.9389515,0
1.0,0.9036897,9.195169,0
1.0,0.90901226,9.294363,0
1.0,0.9132767,9.32096,0
1.0,0.9162513,9.277609,0
1.0,0.91569734,9.203085,0
1.0,0.9152687,9.134388,0
1.0,0.9137739,9.201877,0
1.0,0.90613437,9.208006,0
1.0,0.89190394,9.203384,0
1.0,0.8847727,9.339615,0
1.0,0.8895751,9.392179,0
1.0,0.89568216,9.334991,0
1.0,0.8882863,9.133872,0
1.0,0.88323694,8.790165,0
1.0,0.8815483,8.427731,0
1.0,0.88574934,8.156887,0
1.0,0.8825263,7.877118,0
1.0,0.8866783,7.588688,0
1.0,0.88941675,7.4314766,0
1.0,0.8922129,7.3677845,0
1.0,0.88901955,7.422652,0
1.0,0.89218557,7.6073146,0
1.0,0.8909839,7.762,0
1.0,0.88842386,7.7926245,0
1.0,0.88226366,7.782129,0
1.0,0.8887376,7.768599,0
1.0,0.8933647,7.6651683,0
1.0,0.90288115,7.4650908,0
1.0,0.9096969,7.103531,0
1.0,0.9172319,6.7488165,0
1.0,0.9239235,6.5226383,0
1.0,0.9244678,6.347983,0
1.0,0.9226982,6.2326775,0
1.0,0.91807526,6.17919,0
1.0,0.9152566,6.175919,0
1.0,0.9142513,6.1764765,0
1.0,0.9076316,6.116507,0
1.0,0.90164614,5.986223,0
1.0,0.9018217,5.780595,0
1.0,0.90108484,5.5732355,0
1.0,0.9002128,5.3154836,0
1.0,0.9008433,4.9327025,0
1.0,0.9030459,4.461688,0
1.0,0.9084776,3.9495473,0
1.0,0.91122687,3.4719949,0
1.0,0.90698844,3.1155457,0
1.0,0.9120609,2.8961258,0
1.0,0.9236412,2.6832592,0
1.0,0.94504446,2.4472551,0
1.0,0.9460862,2.1783192,0
1.0,0.9480004,1.8018113,0
1.0,0.9518313,1.4876679,0
1.0,0.95927864,1.3578491,0
1.0,0.96551436,1.227252,0
1.0,0.9685773,1.210532,0
1.0,0.9707544,1.3913045,0
1.0,0.9715262,1.634898,0
1.0,0.97452974,1.9041297,0
1.0,0.97532475,2.2378478,0
1.0,0.978017,2.5992815,0
1.0,0.9791838,2.9629288,0
1.0,0.97611,3.3022258,0
1.0,0.97181344,3.610696,0
1.0,0.9652748,3.8114133,0
1.0,0.9628627,3.9203563,0
1.0,0.9537909,4.0572577,0
1.0,0.95176506,4.185504,0
1.0,0.9463175,4.249089,0
1.0,0.9530929,4.369039,0
1.0,0.9525679,4.5787487,0
1.0,0.951993,4.7843018,0
1.0,0.9485147,4.9427533,0
1.0,0.94909185,5.1604977,0
1.0,0.951104,5.3494053,0
1.0,0.94886285,5.458601,0
1.0,0.94080555,5.52108,0
1.0,0.93311566,5.5975275,0
1.0,0.9265257,5.6664467,0
1.0,0.9203152,5.7165,0
1.0,0.91476595,5.776596,0
1.0,0.91283214,5.841918,0
1.0,0.9164949,5.910158,0
1.0,0.92019904,5.9543185,0
1.0,0.9225889,5.955675,0
1.0,0.92825675,5.8998594,0
1.0,0.9375375,5.8428535,0
1.0,0.9472844,5.735816,0
1.0,0.9525629,5.523717,0
1.0,0.95630205,5.2686234,0
1.0,0.96062845,5.020308,0
1.0,0.96495247,4.790597,0
1.0,0.9684589,4.5949655,0
1.0,0.9735454,4.427271,0
1.0,0.97705334,4.160268,0
1.0,0.97637284,3.898831,0
1.0,0.9730626,3.735658,0
1.0,0.96709734,3.6223178,0
1.0,0.96652603,3.5230713,0
1.0,0.9656281,3.4242678,0
1.0,0.96589726,3.3530562,0
1.0,0.9639372,3.2508268,0
1.0,0.965084,3.0526137,0
1.0,0.9654478,2.9046807,0
1.0,0.9629413,2.8626542,0
1.0,0.9580884,2.8832343,0
1.0,0.9578126,2.995522,0
1.0,0.9575828,3.3080564,0
1.0,0.9542749,3.8165064,0
1.0,0.9448663,4.2741723,0
1.0,0.9348061,4.8586645,0
1.0,0.92153615,5.448575,0
1.0,0.91135955,5.901249,0
1.0,0.90898687,6.4901867,0
1.0,0.9084123,7.158321,0
1.0,0.9060378,7.7446165,0
1.0,0.90177065,8.191496,0
1.0,0.8982253,8.593963,0
1.0,0.8966145,8.939356,0
1.0,0.891481,9.236063,0
1.0,0.8870436,9.521907,0
1.0,0.88521826,9.652443,0
1.0,0.88453156,9.724116,0
1.0,0.8928459,9.825485,0
1.0,0.90186274,9.7983265,0
1.0,0.9074528,9.67424,0
1.0,0.91250557,9.601295,0
1.0,0.91620296,9.438804,0
1.0,0.919022,9.214893,0
1.0,0.9167102,9.064964,0
1.0,0.91824067,9.038311,0
1.0,0.91701955,9.107384,0
1.0,0.9184962,9.405257,0
1.0,0.92159414,9.915376,0
1.0,0.91807175,10.445825,0
1.0,0.9128259,11.069218,0
1.0,0.9129053,11.749292,0
1.0,0.9212299,12.207951,0
1.0,0.92471665,12.455368,0
1.0,0.92391616,12.47891,0
1.0,0.9264722,12.114412,0
1.0,0.93148416,11.625635,0
1.0,0.93088967,10.97019,0
1.0,0.9288993,10.269064,0
1.0,0.93218374,9.695469,0
1.0,0.9377761,9.041667,0
1.0,0.9414897,8.404145,0
1.0,0.94152844,7.9443398,0
1.0,0.9396303,7.7871366,0
1.0,0.93919,7.906994,0
1.0,0.93713766,8.104582,0
1.0,0.93268913,8.465097,0
1.0,0.9278934,8.962162,0
1.0,0.9267864,9.719944,0
1.0,0.9225832,10.715517,0
1.0,0.92026234,11.352209,0
1.0,0.918886,11.923897,0
1.0,0.9178774,12.47953,0
1.0,0.9153793,12.824766,0
1.0,0.9127282,13.204313,0
1.0,0.9094808,13.451062,0
1.0,0.90377593,13.582686,0
1.0,0.8990148,13.621856,0
1.0,0.8935214,13.497177,0
1.0,0.8874321,13.194426,0
1.0,0.8863579,12.686176,0
1.0,0.89591557,12.2004795,0
1.0,0.906383,11.589109,0
1.0,0.9148155,10.888228,0
1.0,0.9193222,10.333833,0
1.0,0.9224786,9.877048,0
1.0,0.91876507,9.492989,0
1.0,0.91399306,9.343185,0
1.0,0.91138995,9.302829,0
1.0,0.9014382,9.250184,0
1.0,0.8965852,9.257168,0
1.0,0.8956458,9.258974,0
1.0,0.89523566,9.233262,0
1.0,0.8968688,9.151346,0
1.0,0.89294046,8.980871,0
1.0,0.88468033,8.655467,0
1.0,0.8811849,8.126041,0
1.0,0.87744164,7.6086907,0
1.0,0.8843771,7.0482507,0
1.0,0.9080004,6.4270296,0
1.0,0.92687,5.699297,0
1.0,0.9419438,4.8821144,0
1.0,0.95463896,4.377747,0
1.0,0.9640649,4.1345887,0
1.0,0.9678005,4.0697074,0
1.0,0.9666041,4.0532293,0
1.0,0.96377677,4.0453615,0
1.0,0.95915,4.199668,0
1.0,0.9551686,4.3596354,0
1.0,0.94556296,4.553473,0
1.0,0.9398661,4.791708,0
1.0,0.93631,4.8808894,0
1.0,0.9318857,4.8915644,0
1.0,0.92914623,4.8278,0
1.0,0.93546695,4.775918,0
1.0,0.9447495,4.7096577,0
1.0,0.9489614,4.6346583,0
1.0,0.9444675,4.5638704,0
1.0,0.94906926,4.5098734,0
1.0,0.9504516,4.471305,0
1.0,0.9485826,4.5386944,0
1.0,0.94040096,4.698124,0
1.0,0.9334289,4.8701596,0
1.0,0.928214,5.0412893,0
1.0,0.92369354,5.2250566,0
1.0,0.9181529,5.401335,0
1.0,0.91415966,5.474494,0
1.0,0.91427296,5.4765244,0
1.0,0.91821694,5.481301,0
1.0,0.92393184,5.52317,0
1.0,0.9214414,5.569332,0
1.0,0.918786,5.588841,0
1.0,0.9172492,5.6901603,0
1.0,0.9181823,5.7349424,0
1.0,0.9121924,5.784432,0
1.0,0.9177231,5.727199,0
1.0,0.9285157,5.493924,0
1.0,0.9319541,5.4456472,0
1.0,0.9203133,5.3063354,0
1.0,0.914048,5.0834866,0
1.0,0.9092233,5.0234375,0
1.0,0.90299696,5.0302477,0
1.0,0.89655656,5.158645,0
1.0,0.8983016,5.366948,0
1.0,0.8960951,5.4360595,0
1.0,0.8906336,5.440683,0
1.0,0.89166856,5.4452143,0
1.0,0.8956272,5.5027227,0
1.0,0.90133816,5.544876,0
1.0,0.9072511,5.6094427,0
1.0,0.9137919,5.7479305,0
1.0,0.9219896,5.8599753,0
1.0,0.918504,5.894582,0
1.0,0.9154823,5.8624587,0
1.0,0.91721267,5.762589,0
1.0,0.91511405,5.6420174,0
1.0,0.9008442,5.483696,0
1.0,0.89877164,5.3181663,0
1.0,0.89947265,5.252282,0
1.0,0.90168166,5.2502594,0
1.0,0.89901465,5.2540283,0
1.0,0.90551907,5.235944,0
1.0,0.91195637,5.249396,0
1.0,0.9193009,5.402546,0
1.0,0.9136037,5.676776,0
1.0,0.91542625,6.113243,0
1.0,0.91661215,6.5014677,0
1.0,0.91565406,6.7618856,0
1.0,0.91104686,6.996107,0
1.0,0.9112679,7.1716795,0
1.0,0.9120197,7.2599983,0
1.0,0.9137113,7.4218125,0
1.0,0.9148432,7.5351744,0
1.0,0.91077405,7.506365,0
1.0,0.9066653,7.483618,0
1.0,0.89988893,7.621782,0
1.0,0.89700514,8.0776615,0
1.0,0.89443785,8.656416,0
1.0,0.88913274,9.189153,0
1.0,0.88611096,9.640786,0
1.0,0.8935924,9.974151,0
1.0,0.9026423,10.187903,0
1.0,0.9106126,10.351797,0
1.0,0.91629434,10.465049,0
1.0,0.91840214,10.540063,0
1.0,0.9160506,10.525726,0
1.0,0.911884,10.434888,0
1.0,0.9101677,10.349529,0
1.0,0.90951717,10.280539,0
1.0,0.91021293,10.260469,0
1.0,0.913364,10.331853,0
1.0,0.9112155,10.441967,0
1.0,0.90959823,10.536255,0
1.0,0.9085881,10.687695,0
1.0,0.9044848,10.667326,0
1.0,0.899146,10.459688,0
1.0,0.8969212,10.063902,0
1.0,0.89713675,9.49707,0
1.0,0.8968178,9.038355,0
1.0,0.8967774,8.622941,0
1.0,0.8983929,8.216171,0
1.0,0.905224,7.812926,0
1.0,0.9090679,7.5052958,0
1.0,0.910232,7.2174826,0
1.0,0.91102695,6.8704553,0
1.0,0.91331875,6.5503273,0
1.0,0.91367686,6.164646,0
1.0,0.9140276,5.690876,0
1.0,0.9169916,5.141823,0
1.0,0.9193009,4.559003,0
1.0,0.9310025,4.103299,0
1.0,0.9427237,3.6795042,0
1.0,0.94749,3.4862509,0
1.0,0.9537528,3.6862347,0
1.0,0.95897126,3.871501,0
1.0,0.96354705,4.1912155,0
1.0,0.96509296,4.6440134,0
1.0,0.95702636,5.009371,0
1.0,0.950743,5.4565287,0
1.0,0.94352806,5.783594,0
1.0,0.94082224,5.98094,0
1.0,0.93371683,6.0728188,0
1.0,0.9297154,6.0314193,0
1.0,0.9268157,5.9315815,0
1.0,0.926547,5.8237653,0
1.0,0.92173177,5.628904,0
1.0,0.9209756,5.491667,0
1.0,0.9218185,5.390633,0
1.0,0.92603534,5.2725053,0
1.0,0.9254134,5.11238,0
1.0,0.9344515,4.8643103,0
1.0,0.9394402,4.6971464,0
1.0,0.9386419,4.58673,0
1.0,0.9330381,4.508559,0
1.0,0.9363124,4.491356,0
1.0,0.9428884,4.453657,0
1.0,0.93719923,4.4206586,0
1.0,0.9212917,4.4030433,0
1.0,0.9190213,4.417237,0
1.0,0.9356242,4.491421,0
1.0,0.94546896,4.549799,0
1.0,0.9454219,4.5434413,0
1.0,0.9463002,4.438219,0
1.0,0.96259993,4.3798623,0
1.0,0.96252537,4.2008033,0
1.0,0.96279275,3.7926722,0
1.0,0.96447796,3.4781094,0
1.0,0.9793428,3.125928,0
1.0,0.9837113,2.710235,0
1.0,0.98457366,2.4786367,0
1.0,0.9829664,2.2721663,0
1.0,0.9841031,2.2768464,0
1.0,0.9806317,2.3310878,0
1.0,0.97257894,2.442096,0
1.0,0.9629982,2.6552453,0
1.0,0.9709976,2.82198,0
1.0,0.96637136,2.8975978,0
1.0,0.95945936,2.9368577,0
1.0,0.950626,2.9440508,0
1.0,0.95980036,2.9776237,0
1.0,0.9615032,2.980986,0
1.0,0.9626741,3.003764,0
1.0,0.9595215,3.1017528,0
1.0,0.9628753,3.3534484,0
1.0,0.95669335,3.7097306,0
1.0,0.95250905,4.186561,0
1.0,0.9412104,4.6624303,0
1.0,0.94193304,5.0302386,0
1.0,0.941553,5.252288,0
1.0,0.94479054,5.364372,0
1.0,0.9394911,5.346799,0
1.0,0.931569,5.325288,0
1.0,0.92462313,5.30371,0
1.0,0.9214115,5.3208065,0
1.0,0.92099625,5.383316,0
1.0,0.9158675,5.485073,0
1.0,0.9080069,5.7022657,0
1.0,0.90396565,6.0084233,0
1.0,0.9088667,6.430106,0
1.0,0.9105477,6.888114,0
1.0,0.90358883,7.219392,0
1.0,0.8908909,7.545062,0
1.0,0.8875186,7.8500495,0
1.0,0.88542795,8.13042,0
1.0,0.88097113,8.530234,0
1.0,0.8840831,8.900314,0
1.0,0.88884765,9.181524,0
1.0,0.88953775,9.515694,0
1.0,0.8890147,9.855884,0
1.0,0.8934928,10.118116,0
1.0,0.8949712,10.329302,0
1.0,0.8943607,10.528381,0
1.0,0.88973874,10.623674,0
1.0,0.88914216,10.653646,0
1.0,0.89287275,10.6419525,0
1.0,0.89963484,10.47702,0
1.0,0.9074951,10.139299,0
1.0,0.9156024,9.683549,0
1.0,0.92010224,9.197779,0
1.0,0.9182682,8.84265,0
1.0,0.9172761,8.639232,0
1.0,0.9188388,8.542126,0
1.0,0.9205656,8.55293,0
1.0,0.92539257,8.582197,0
1.0,0.9307183,8.594583,0
1.0,0.934284,8.576817,0
1.0,0.9350245,8.534536,0
1.0,0.91515267,8.367052,0
1.0,0.9142092,8.145199,0
1.0,0.9130982,7.801239,0
1.0,0.9040181,7.2308054,0
1.0,0.8858515,6.567583,0
1.0,0.88706636,6.0032277,0
1.0,0.87480754,5.354044,0
1.0,0.857071,4.753935,0
1.0,0.8466154,4.1682568,0
1.0,0.8525103,3.5456572,0
1.0,0.85515136,2.9910362,0
1.0,0.85184497,2.5023332,0
1.0,0.8386315,2.063572,0
1.0,0.84949434,1.7256367,0
1.0,0.8605527,1.5048563,0
1.0,0.86224353,1.3327577,0
1.0,0.8429498,1.1989132,0
1.0,0.84580195,1.1459873,0
1.0,0.83188146,1.1583042,0
1.0,0.7898279,1.1378129,0
1.0,0.7310782,1.1763419,0
1.0,0.7309831,1.2047732,0
1.0,0.76285005,1.2926853,0
1.0,0.79991466,1.437299,0
1.0,0.82493067,1.6082696,0
1.0,0.8480668,1.7620109,0
1.0,0.8620137,1.9040087,0
1.0,0.8838552,2.15662,0
1.0,0.8903201,2.488347,0
1.0,0.8908484,2.8703082,0
1.0,0.8870817,3.340498,0
1.0,0.88777703,3.7999399,0
1.0,0.88425565,4.238048,0
1.0,0.88052726,4.6695848,0
1.0,0.8836304,4.9992013,0
1.0,0.89099354,5.2002463,0
1.0,0.89662766,5.2961044,0
1.0,0.8983074,5.3417654,0
1.0,0.8983616,5.356189,0
1.0,0.9027994,5.356962,0
1.0,0.9116731,5.3707657,0
1.0,0.92171973,5.3920484,0
1.0,0.9300079,5.400244,0
1.0,0.933237,5.3846025,0
1.0,0.9308288,5.363023,0
1.0,0.9282623,5.3188944,0
1.0,0.92914325,5.25737,0
1.0,0.93217444,5.231078,0
1.0,0.9357786,5.238262,0
1.0,0.93902165,5.245311,0
1.0,0.9392628,5.2616005,0
1.0,0.9355112,5.2812057,0
1.0,0.9305434,5.2647457,0
1.0,0.9155954,5.1671314,0
1.0,0.9070448,4.97221,0
1.0,0.9148758,4.7752604,0
1.0,0.9242643,4.5450697,0
1.0,0.9308029,4.3366256,0
1.0,0.93633044,4.168192,0
1.0,0.94887924,3.9458094,0
1.0,0.9599943,3.745645,0
1.0,0.96797544,3.5822475,0
1.0,0.9727749,3.2744145,0
1.0,0.9771262,2.9371629,0
1.0,0.9794567,2.614367,0
1.0,0.97946197,2.2653303,0
1.0,0.9781753,2.0246425,0
1.0,0.97708946,1.9370401,0
1.0,0.9756674,1.9176011,0
1.0,0.9731919,1.8845584,0
1.0,0.97111535,1.8589778,0
1.0,0.97062117,1.850009,0
1.0,0.97252613,1.8350567,0
1.0,0.9745316,1.8299538,0
1.0,0.9772167,1.8521436,0
1.0,0.98119557,1.8736986,0
1.0,0.98516893,1.8712392,0
1.0,0.9861421,1.8414904,0
1.0,0.9820384,1.8266172,0
1.0,0.9791175,1.8088872,0
1.0,0.98038596,1.7743398,0
1.0,0.9797146,1.73609,0
1.0,0.97546965,1.6755823,0
1.0,0.9670436,1.6313093,0
1.0,0.9677547,1.6261028,0
1.0,0.9567978,1.626034,0
1.0,0.94591236,1.6439021,0
1.0,0.93670666,1.640399,0
1.0,0.96242523,1.7014321,0
1.0,0.9419249,1.6582538,0
1.0,0.948854,1.6414464,0
1.0,0.94585174,1.6310678,0
1.0,0.97140074,1.6328335,0
1.0,0.9729891,1.5232592,0
1.0,0.9724531,1.5054958,0
1.0,0.9670264,1.6073915,0
1.0,0.97559947,1.7990973,0
1.0,0.9676312,1.9874504,0
1.0,0.9537666,2.1744988,0
1.0,0.93532777,2.2995253,0
1.0,0.9464956,2.3650172,0
1.0,0.9347805,2.381287,0
1.0,0.95214933,2.462621,0
1.0,0.94762665,2.486631,0
1.0,0.951628,2.5012217,0
1.0,0.94174737,2.4789367,0
1.0,0.94485015,2.482577,0
1.0,0.9500961,2.5443175,0
1.0,0.9573713,2.584745,0
1.0,0.9564193,2.604518,0
1.0,0.95754683,2.6201267,0
1.0,0.9581222,2.6192203,0
1.0,0.9637587,2.6703851,0
1.0,0.9656226,2.7462168,0
1.0,0.9627063,2.8649557,0
1.0,0.9612072,3.0751362,0
1.0,0.9604496,3.4500551,0
1.0,0.9589957,3.9325655,0
1.0,0.9554159,4.32472,0
1.0,0.9516554,4.7114415,0
1.0,0.945788,5.0574636,0
1.0,0.9391428,5.20679,0
1.0,0.9304598,5.2528367,0
1.0,0.9309366,5.285472,0
1.0,0.9315333,5.2330675,0
1.0,0.9305866,5.1366,0
1.0,0.9266205,4.973221,0
1.0,0.93263304,4.7380114,0
1.0,0.93889433,4.426867,0
1.0,0.9423512,4.13533,0
1.0,0.94002193,3.794943,0
1.0,0.9411847,3.5046515,0
1.0,0.94248486,3.365365,0
1.0,0.9489089,3.312448,0
1.0,0.95323604,3.2680588,0
1.0,0.9570302,3.2493248,0
1.0,0.9582909,3.2663,0
1.0,0.96010387,3.2984784,0
1.0,0.9617242,3.4080186,0
1.0,0.96203,3.5963285,0
1.0,0.96357155,3.7849183,0
1.0,0.9657525,3.990363,0
1.0,0.9688357,4.2111197,0
1.0,0.9716461,4.422696,0
1.0,0.97408086,4.5415015,0
1.0,0.97500235,4.5871315,0
1.0,0.9768488,4.5443945,0
1.0,0.978311,4.39448,0
1.0,0.97744364,4.101139,0
1.0,0.9781633,3.6363592,0
1.0,0.9797024,3.23038,0
1.0,0.9804293,2.8387523,0
1.0,0.9783594,2.4344826,0
1.0,0.9786064,2.273843,0
1.0,0.97994,2.2223897,0
1.0,0.98233205,2.2049546,0
1.0,0.98322034,2.228421,0
1.0,0.9826843,2.2861772,0
1.0,0.9822901,2.3197794,0
1.0,0.98045176,2.3884106,0
1.0,0.976278,2.5584955,0
1.0,0.9676368,2.6559403,0
1.0,0.9608848,2.817825,0
1.0,0.9563244,2.9972248,0
1.0,0.9506972,3.046825,0
1.0,0.948871,3.0611944,0
1.0,0.94922864,3.0583067,0
1.0,0.9539152,3.0533624,0
1.0,0.95329076,3.0355115,0
1.0,0.95078343,3.016467,0
1.0,0.9503002,2.911004,0
1.0,0.9485202,2.6818683,0
1.0,0.93865925,2.4757383,0
1.0,0.9203616,2.270378,0
1.0,0.9142452,2.0597136,0
1.0,0.917344,1.8816515,0
1.0,0.934518,1.7662535,0
1.0,0.942153,1.7057934,0
1.0,0.9512756,1.7446353,0
1.0,0.95967275,1.8612953,0
1.0,0.9654568,2.0038114,0
1.0,0.96650386,2.2809944,0
1.0,0.96562916,2.5799363,0
1.0,0.96843743,2.7926435,0
1.0,0.967223,2.9919317,0
1.0,0.96656615,3.1475973,0
1.0,0.9661561,3.1916275,0
1.0,0.96738887,3.190734,0
1.0,0.96432066,3.2010775,0
1.0,0.95916635,3.1739373,0
1.0,0.95842606,3.2137618,0
1.0,0.9598278,3.2005506,0
1.0,0.95840186,3.0531397,0
1.0,0.9510103,2.9596646,0
1.0,0.9530979,2.802123,0
1.0,0.9526714,2.6420565,0
1.0,0.9626047,2.6327863,0
1.0,0.9687396,2.6254969,0
1.0,0.97280914,2.6321526,0
1.0,0.9740931,2.637097,0
1.0,0.9737439,2.6413324,0
1.0,0.9740018,2.6584392,0
1.0,0.97393453,2.657516,0
1.0,0.9718189,2.6306005,0
1.0,0.9705101,2.6137936,0
1.0,0.97058904,2.614829,0
1.0,0.9711345,2.6141655,0
1.0,0.96752083,2.5824237,0
1.0,0.9680256,2.5336199,0
1.0,0.97104543,2.4783766,0
1.0,0.9707248,2.4483142,0
1.0,0.9700748,2.5354195,0
1.0,0.9790415,2.6380336,0
1.0,0.9828031,2.7928383,0
1.0,0.9839708,3.0300577,0
1.0,0.98229283,3.2350757,0
1.0,0.98107016,3.4711866,0
1.0,0.9797895,3.7614663,0
1.0,0.9781019,4.1910863,0
1.0,0.97437865,4.6884475,0
1.0,0.9723557,5.1275277,0
1.0,0.97156334,5.5433254,0
1.0,0.97066474,5.854272,0
1.0,0.96634257,6.0209413,0
1.0,0.9624474,6.127704,0
1.0,0.9589693,6.177177,0
1.0,0.9563562,6.1814313,0
1.0,0.9456075,6.1305146,0
1.0,0.94130343,6.0976486,0
1.0,0.94010115,6.0963984,0
1.0,0.93381286,6.0967293,0
1.0,0.9294078,6.1153593,0
1.0,0.93406844,6.163454,0
1.0,0.9340546,6.1624007,0
1.0,0.9290243,6.135416,0
1.0,0.9251984,6.1238956,0
1.0,0.9262683,6.132637,0
1.0,0.926537,6.139406,0
1.0,0.9244981,6.1387887,0
1.0,0.9287475,6.1544952,0
1.0,0.9395514,6.189968,0
1.0,0.94362223,6.203293,0
1.0,0.9386833,6.1024737,0
1.0,0.92933285,5.8055916,0
1.0,0.9268713,5.4878817,0
1.0,0.9345297,5.05949,0
1.0,0.9267328,4.4930143,0
1.0,0.9178872,4.035907,0
1.0,0.9160306,3.6117265,0
1.0,0.9245902,3.180401,0
1.0,0.923488,2.6824546,0
1.0,0.9174699,2.120364,0
1.0,0.9136394,1.613926,0
1.0,0.91918284,1.1934352,0
1.0,0.9377512,0.9017153,0
1.0,0.95374566,0.7813524,0
1.0,0.95716614,0.705594,0
1.0,0.9649706,0.6839921,0
1.0,0.97220314,0.8027326,0
1.0,0.9728109,1.0043939,0
1.0,0.9644153,1.2333294,0
1.0,0.96728957,1.4469028,0
1.0,0.9662317,1.6099516,0
1.0,0.9582032,1.7134314,0
1.0,0.9412899,1.7585987,0
1.0,0.93840384,1.9728625,0
1.0,0.9505562,2.501991,0
1.0,0.96352625,3.0560997,0
1.0,0.9624619,3.4425275,0
1.0,0.95710695,3.7285256,0
1.0,0.95789933,3.910165,0
1.0,0.9584756,3.975043,0
1.0,0.95663476,4.0172453,0
1.0,0.9540788,4.0557804,0
1.0,0.95417243,4.0768204,0
1.0,0.9578155,4.10468,0
1.0,0.9570897,4.102114,0
1.0,0.9546929,4.103939,0
1.0,0.9483593,4.1632233,0
1.0,0.9438934,4.270793,0
1.0,0.9369898,4.2957006,0
1.0,0.9337064,4.297526,0
1.0,0.9305561,4.2851057,0
1.0,0.9257354,4.267905,0
1.0,0.91915023,4.2318926,0
1.0,0.9180138,4.201504,0
1.0,0.9192319,4.1339474,0
1.0,0.9233816,4.0429926,0
1.0,0.927198,4.0131865,0
1.0,0.9325848,4.004594,0
1.0,0.93493366,3.9362888,0
1.0,0.93291384,3.8365755,0
1.0,0.93898225,3.6981282,0
1.0,0.9525736,3.5557709,0
1.0,0.95993876,3.3894973,0
1.0,0.9602308,3.2861009,0
1.0,0.9612269,3.3335183,0
1.0,0.96645385,3.4272933,0
1.0,0.9692076,3.1864123,0
1.0,0.9684464,2.919341,0
1.0,0.9674923,2.8970008,0
1.0,0.9660905,2.8006816,0
1.0,0.9653134,2.78863,0
1.0,0.965326,2.9704976,0
1.0,0.9685296,3.1164274,0
1.0,0.9694159,3.2090352,0
1.0,0.9707685,3.2656775,0
1.0,0.9710358,3.3110614,0
1.0,0.97121924,3.358703,0
1.0,0.96612865,3.3717887,0
1.0,0.9611945,3.3057642,0
1.0,0.95540375,3.1919627,0
1.0,0.9500942,3.1610806,0
1.0,0.9436087,3.1994486,0
1.0,0.94202834,3.3647175,0
1.0,0.9422066,3.6476345,0
1.0,0.9440335,4.0995874,0
1.0,0.9425556,4.8622427,0
1.0,0.9421186,5.7436485,0
1.0,0.94113874,6.627487,0
1.0,0.9436871,7.4729614,0
1.0,0.9366047,8.172333,0
1.0,0.9331403,8.792736,0
1.0,0.9296795,9.3551855,0
1.0,0.9277463,9.877385,0
1.0,0.9166023,10.335322,0
1.0,0.9077243,10.717442,0
1.0,0.9009394,10.889032,0
1.0,0.9007562,10.827077,0
1.0,0.89395386,10.516427,0
1.0,0.88845104,10.231054,0
1.0,0.8827051,9.943714,0
1.0,0.89301634,9.580144,0
1.0,0.905936,9.3937645,0
1.0,0.9167474,9.242738,0
1.0,0.9231067,9.012208,0
1.0,0.9235466,8.811678,0
1.0,0.9231104,8.663717,0
1.0,0.92326415,8.586781,0
1.0,0.92258054,8.520533,0
1.0,0.92007875,8.481069,0
1.0,0.91941893,8.460692,0
1.0,0.93712574,8.543776,0
1.0,0.94829863,8.607439,0
1.0,0.9491947,8.60063,0
1.0,0.9509384,8.560422,0
1.0,0.9526247,8.404954,0
1.0,0.94997406,8.122877,0
1.0,0.95421976,7.6870546,0
1.0,0.95889467,6.926835,0
1.0,0.96318674,6.04467,0
1.0,0.9649604,5.158026,0
1.0,0.9656314,4.3019805,0
1.0,0.9629237,3.5630865,0
1.0,0.9634628,2.8819265,0
1.0,0.96521854,2.2118094,0
1.0,0.9644672,1.5996215,0
1.0,0.9562311,1.0798205,0
1.0,0.9498843,0.7078761,0
1.0,0.95888203,0.5569389,0
1.0,0.9659689,0.5293877,0
1.0,0.96793896,0.57463664,0
1.0,0.9755038,0.6385947,0
1.0,0.9800229,0.7391486,0
1.0,0.9797363,0.8594169,0
1.0,0.98003685,0.906263,0
1.0,0.9793457,0.94746375,0
1.0,0.9762189,1.0059655,0
1.0,0.97711116,1.0711305,0
1.0,0.9785225,1.1488934,0
1.0,0.9777395,1.1973248,0
1.0,0.9770304,1.2368913,0
1.0,0.9713903,1.2201746,0
1.0,0.96411043,1.2003713,0
1.0,0.9644131,1.1735003,0
1.0,0.9716656,1.1634482,0
1.0,0.9772349,1.1685739,0
1.0,0.97970825,1.172643,0
1.0,0.98170197,1.1793116,0
1.0,0.9862148,1.1921403,0
1.0,0.9882591,1.2124957,0
1.0,0.9886002,1.2749643,0
1.0,0.98816174,1.3765715,0
1.0,0.9882882,1.4606959,0
1.0,0.9876956,1.5691589,0
1.0,0.98701894,1.736687,0
1.0,0.9854199,1.9601765,0
1.0,0.9833129,2.1658351,0
1.0,0.9798217,2.4086435,0
1.0,0.97954595,2.7867308,0
1.0,0.97986513,3.120019,0
1.0,0.9798238,3.507393,0
1.0,0.9786517,3.8878584,0
1.0,0.9751397,4.0424376,0
1.0,0.9707851,4.183996,0
1.0,0.97047037,4.2210846,0
1.0,0.9709545,4.188154,0
1.0,0.97039235,4.239601,0
1.0,0.96665543,4.22218,0
1.0,0.96455216,4.1554713,0
1.0,0.9635505,4.0868692,0
1.0,0.96481997,4.0229025,0
1.0,0.96220654,3.9608965,0
1.0,0.958957,3.919015,0
1.0,0.95404637,3.925222,0
1.0,0.95040286,3.9512348,0
1.0,0.94553363,3.9771323,0
1.0,0.93882996,4.00084,0
1.0,0.9333211,4.011118,0
1.0,0.9272988,3.999999,0
1.0,0.9204657,3.9829383,0
1.0,0.9203079,3.9893026,0
1.0,0.9262461,4.029315,0
1.0,0.9303843,4.0452557,0
1.0,0.93982613,4.01764,0
1.0,0.9441322,4.0256147,0
1.0,0.94801784,4.013998,0
1.0,0.9543976,3.933765,0
1.0,0.9632748,3.9074001,0
1.0,0.96690136,3.893845,0
1.0,0.96841115,3.7727962,0
1.0,0.9705384,3.5101883,0
1.0,0.9764921,3.202634,0
1.0,0.9785004,2.7695096,0
1.0,0.9778805,2.333181,0
1.0,0.976154,2.0808632,0
1.0,0.9765946,1.9118012,0
1.0,0.9755351,1.8432662,0
1.0,0.97371113,1.8070769,0
1.0,0.9730136,1.7627206,0
1.0,0.9721595,1.7723585,0
1.0,0.97337604,1.8317515,0
1.0,0.9759902,1.8905733,0
1.0,0.9769831,1.9368085,0
1.0,0.97633255,1.9856668,0
1.0,0.97176826,2.0060596,0
1.0,0.9673255,2.0018787,0
1.0,0.9609731,1.9844549,0
1.0,0.952289,1.9978216,0
1.0,0.940645,2.0172014,0
1.0,0.92789304,2.000177,0
1.0,0.9185003,1.9958037,0
1.0,0.9169344,1.9870636,0
1.0,0.9304825,2.0200791,0
1.0,0.9396724,2.057084,0
1.0,0.95413643,2.1274772,0
1.0,0.9550988,2.16571,0
1.0,0.9534566,2.129839,0
1.0,0.94977087,2.0279708,0
1.0,0.9481649,1.9311924,0
1.0,0.9402458,1.731919,0
1.0,0.9235204,1.5177393,0
1.0,0.9089626,1.382238,0
1.0,0.9073378,1.2855735,0
1.0,0.9152053,1.2901464,0
1.0,0.9221464,1.4023924,0
1.0,0.9298367,1.4926833,0
1.0,0.9424247,1.5725371,0
1.0,0.94792336,1.6236277,0
1.0,0.9571283,1.6529734,0
1.0,0.9628034,1.690839,0
1.0,0.96568555,1.7170482,0
1.0,0.9634751,1.7728677,0
1.0,0.9643993,1.8387747,0
1.0,0.9658244,1.9051251,0
1.0,0.96818036,1.9477566,0
1.0,0.96903676,1.9375345,0
1.0,0.97067326,1.9327787,0
1.0,0.97444874,1.9236037,0
1.0,0.9750625,1.9284282,0
1.0,0.97626853,1.9201599,0
1.0,0.97738713,1.8819991,0
1.0,0.98094326,1.8998506,0
1.0,0.98192847,1.936281,0
1.0,0.9816975,2.0337114,0
1.0,0.9798344,2.1057904,0
1.0,0.9777249,2.1043172,0
1.0,0.9754406,2.082797,0
1.0,0.9731305,2.0548694,0
1.0,0.96789145,2.0649872,0
1.0,0.9644153,2.152464,0
1.0,0.96006286,2.230077,0
1.0,0.95543224,2.3680735,0
1.0,0.9478875,2.454949,0
1.0,0.94342697,2.4672956,0
1.0,0.9418694,2.4818592,0
1.0,0.94816124,2.4691463,0
1.0,0.9511746,2.3345342,0
1.0,0.95853186,2.2435837,0
1.0,0.96128815,2.187878,0
1.0,0.96485317,2.1340618,0
1.0,0.9660383,2.104292,0
1.0,0.96589327,2.117293,0
1.0,0.9658351,2.162057,0
1.0,0.9615255,2.1513028,0
1.0,0.9564679,2.135354,0
1.0,0.9453005,2.0907726,0
1.0,0.9405719,2.014622,0
1.0,0.93816185,1.9697841,0
1.0,0.9397992,1.9530773,0
1.0,0.9452254,1.9682491,0
1.0,0.9483416,1.9846636,0
1.0,0.9497361,1.9706111,0
1.0,0.9507887,2.0361488,0
1.0,0.9479526,2.154465,0
1.0,0.9489499,2.239293,0
1.0,0.95254904,2.3885493,0
1.0,0.95454454,2.6414502,0
1.0,0.9556458,2.9355404,0
1.0,0.958134,3.2126515,0
1.0,0.9590394,3.4453578,0
1.0,0.95638424,3.631748,0
1.0,0.94790775,3.788313,0
1.0,0.94430536,3.954589,0
1.0,0.9388168,3.996511,0
1.0,0.9345775,3.9954312,0
1.0,0.92781013,4.0059433,0
1.0,0.92798865,3.9893866,0
1.0,0.92972845,3.988265,0
1.0,0.9360261,4.0085077,0
1.0,0.94594884,4.0528092,0
1.0,0.95362705,4.1162624,0
1.0,0.9571025,4.129366,0
1.0,0.958277,4.1292343,0
1.0,0.9555195,4.0576453,0
1.0,0.95075107,3.9245262,0
1.0,0.94375694,3.8086061,0
1.0,0.9343536,3.6858974,0
1.0,0.9238795,3.627215,0
1.0,0.9169307,3.6614323,0
1.0,0.92134404,3.7938597,0
1.0,0.9275662,3.9040794,0
1.0,0.92894536,3.9580932,0
1.0,0.9327515,4.0482297,0
1.0,0.94247437,4.174923,0
1.0,0.9520272,4.262075,0
1.0,0.95239854,4.2423267,0
1.0,0.953091,4.183511,0
1.0,0.95786595,4.0220613,0
1.0,0.9643249,3.7208104,0
1.0,0.9671784,3.375167,0
1.0,0.9697851,3.0310078,0
1.0,0.97421604,2.787505,0
1.0,0.97825056,2.6091077,0
1.0,0.979261,2.435403,0
1.0,0.9784969,2.2930155,0
1.0,0.978567,2.1523511,0
1.0,0.979654,2.0657282,0
1.0,0.980376,2.0212464,0
1.0,0.9793937,2.0207827,0
1.0,0.97624004,2.03566,0
1.0,0.9732636,2.0251818,0
1.0,0.97004503,1.9972622,0
1.0,0.9664708,1.9554143,0
1.0,0.96444905,2.0298061,0
1.0,0.96066076,2.0929573,0
1.0,0.95733756,2.1630301,0
1.0,0.95491135,2.2923937,0
1.0,0.9530727,2.4746976,0
1.0,0.95694655,2.6898446,0
1.0,0.96047777,2.8371694,0
1.0,0.96162325,2.982534,0
1.0,0.96070623,3.0490828,0
1.0,0.9615126,3.0864244,0
1.0,0.9637578,3.1599054,0
1.0,0.9650774,3.1941495,0
1.0,0.96435624,3.162342,0
1.0,0.9627397,3.0426037,0
1.0,0.96317554,2.9536166,0
1.0,0.9618277,2.9238222,0
1.0,0.96021914,2.915792,0
1.0,0.9623484,3.0026448,0
1.0,0.9694733,3.1010303,0
1.0,0.9723281,3.188978,0
1.0,0.9754626,3.258387,0
1.0,0.9767928,3.2474458,0
1.0,0.9760459,3.1770356,0
1.0,0.9748898,3.0686765,0
1.0,0.9758641,3.0072045,0
1.0,0.9770553,2.9774015,0
1.0,0.97650325,2.9634895,0
1.0,0.9753959,2.9556396,0
1.0,0.97519636,2.9624932,0
1.0,0.97517633,3.009892,0
1.0,0.97519046,3.0423877,0
1.0,0.9760751,3.0455003,0
1.0,0.9767556,2.9950728,0
1.0,0.97467494,3.0235546,0
1.0,0.96882945,3.0707183,0
1.0,0.9652057,3.0675302,0
1.0,0.9634383,3.004075,0
1.0,0.96083087,2.8590817,0
1.0,0.95965993,2.7146215,0
1.0,0.95791686,2.5071893,0
1.0,0.9600683,2.3131053,0
1.0,0.95942897,2.1681724,0
1.0,0.9560624,2.0216317,0
1.0,0.9539834,1.8599801,0
1.0,0.95485777,1.7550102,0
1.0,0.95494896,1.7263615,0
1.0,0.95505,1.6610925,0
1.0,0.9557084,1.6044779,0
1.0,0.9505836,1.5507348,0
1.0,0.9353082,1.4498408,0
1.0,0.92091376,1.3957525,0
1.0,0.9191777,1.3620887,0
1.0,0.90834415,1.2960249,0
1.0,0.90756,1.2718272,0
1.0,0.91521287,1.2329458,0
1.0,0.9019033,1.2271948,0
1.0,0.9148286,1.21831,0
1.0,0.89200723,1.2419839,0
1.0,0.9147641,1.2232155,0
1.0,0.9187552,1.2283766,0
1.0,0.92886484,1.2337846,0
1.0,0.9440175,1.2542876,0
1.0,0.96027774,1.32348,0
1.0,0.9672093,1.4774071,0
1.0,0.97204757,1.6398509,0
1.0,0.9737446,1.8428917,0
1.0,0.97256416,2.1829984,0
1.0,0.9679431,2.5770907,0
1.0,0.96081924,2.9433331,0
1.0,0.9372507,3.2376342,0
1.0,0.931406,3.454555,0
1.0,0.9210415,3.570255,0
1.0,0.92641705,3.688662,0
1.0,0.93537724,3.7668436,0
1.0,0.9489774,3.8420854,0
1.0,0.944367,3.8960352,0
1.0,0.94871324,3.9292474,0
1.0,0.9452793,3.8954735,0
1.0,0.9494795,3.9089537,0
1.0,0.94954616,3.9089174,0
1.0,0.94309485,3.892319,0
1.0,0.9483859,3.9178371,0
1.0,0.9532573,3.9125595,0
1.0,0.9522328,3.859963,0
1.0,0.9483154,3.840339,0
1.0,0.94209826,3.791685,0
1.0,0.94115347,3.7928252,0
1.0,0.93325675,3.7844253,0
1.0,0.94110024,3.864905,0
1.0,0.9518418,4.0306473,0
1.0,0.9574182,4.1335464,0
1.0,0.95882416,4.193681,0
1.0,0.9612131,4.213151,0
1.0,0.9603767,4.1589613,0
1.0,0.9561262,4.0526404,0
1.0,0.9480741,3.8554468,0
1.0,0.9491725,3.629684,0
1.0,0.95214945,3.2805042,0
1.0,0.9575172,2.8387525,0
1.0,0.957903,2.4012184,0
1.0,0.9609687,2.1343167,0
1.0,0.962013,2.082202,0
1.0,0.9595864,2.2058673,0
1.0,0.95495236,2.5874722,0
1.0,0.95214057,2.9773397,0
1.0,0.94298536,3.2866716,0
1.0,0.92686117,3.5680869,0
1.0,0.91047305,3.7826853,0
1.0,0.90573055,4.0229025,0
1.0,0.91770154,4.2756147,0
1.0,0.91854274,4.442307,0
1.0,0.914093,4.5321884,0
1.0,0.9078533,4.5538726,0
1.0,0.91029835,4.571757,0
1.0,0.91019654,4.581009,0
1.0,0.9056565,4.578408,0
1.0,0.90741193,4.6086216,0
1.0,0.9148124,4.690544,0
1.0,0.9199876,4.7621202,0
1.0,0.92543733,4.835618,0
1.0,0.93162256,4.878717,0
1.0,0.9339157,4.857733,0
1.0,0.9351375,4.874899,0
1.0,0.94207215,4.9716263,0
1.0,0.9448269,5.16402,0
1.0,0.9474335,5.4157743,0
1.0,0.9489336,5.730236,0
1.0,0.95290536,6.023578,0
1.0,0.9548929,6.225812,0
1.0,0.9540391,6.3685756,0
1.0,0.95164555,6.3664074,0
1.0,0.9521706,6.2895966,0
1.0,0.9519196,6.0575066,0
1.0,0.95345426,5.6994905,0
1.0,0.9592713,5.3508806,0
1.0,0.965129,4.8969293,0
1.0,0.96761954,4.5042763,0
1.0,0.9668937,4.2368746,0
1.0,0.9653846,3.9718654,0
1.0,0.963465,3.692923,0
1.0,0.95905787,3.4340823,0
1.0,0.9510642,3.2312293,0
1.0,0.93769705,3.0535097,0
1.0,0.9291499,2.949591,0
1.0,0.9201523,2.896155,0
1.0,0.9184434,2.9077477,0
1.0,0.9220352,2.962756,0
1.0,0.92210156,3.0449293,0
1.0,0.92398536,3.1139488,0
1.0,0.92761755,3.2033617,0
1.0,0.9332504,3.3478909,0
1.0,0.9397258,3.509768,0
1.0,0.94741803,3.8044891,0
1.0,0.9528926,4.110046,0
1.0,0.95340043,4.3580475,0
1.0,0.95402443,4.4732375,0
1.0,0.95404786,4.3479085,0
1.0,0.9551233,4.1108837,0
1.0,0.9518588,3.7819085,0
1.0,0.94758457,3.4948082,0
1.0,0.9456832,3.2932954,0
1.0,0.9466679,3.1488824,0
1.0,0.9403219,3.0992885,0
1.0,0.93820155,3.0890718,0
1.0,0.9412108,3.102913,0
1.0,0.95005625,3.1129625,0
1.0,0.9492593,3.0711083,0
1.0,0.9458217,2.9967241,0
1.0,0.9518483,2.9129593,0
1.0,0.9630651,2.8613365,0
1.0,0.9689369,2.8032575,0
1.0,0.96712184,2.8107834,0
1.0,0.9625944,2.8073363,0
1.0,0.9653869,2.7818522,0
1.0,0.96034676,2.7958364,0
1.0,0.9424032,2.7783172,0
1.0,0.9157952,2.7420352,0
1.0,0.92671454,2.7217515,0
1.0,0.9306345,2.6676297,0
1.0,0.9272306,2.57271,0
1.0,0.92265147,2.4580755,0
1.0,0.93797106,2.3265047,0
1.0,0.94651204,2.1343362,0
1.0,0.9313435,1.9192331,0
1.0,0.90397334,1.5564322,0
1.0,0.9066142,1.162209,0
1.0,0.88507956,0.8253466,0
1.0,0.81133926,0.6141995,0
1.0,0.75039506,0.56544685,0
1.0,0.81867117,0.49096346,0
1.0,0.9016928,0.43765712,0
1.0,0.9210922,0.45008644,0
1.0,0.92304754,0.4961776,0
1.0,0.93378,0.54852617,0
1.0,0.9458513,0.6466613,0
1.0,0.94317883,0.84567726,0
1.0,0.9380388,1.1520512,0
1.0,0.9428275,1.4932891,0
1.0,0.9570934,1.791669,0
1.0,0.9598019,2.1005287,0
1.0,0.9562514,2.3169801,0
1.0,0.9589958,2.380152,0
1.0,0.9674945,2.4031978,0
1.0,0.96301126,2.3599722,0
1.0,0.95517015,2.3098218,0
1.0,0.95957386,2.2875063,0
1.0,0.9661478,2.263114,0
1.0,0.96702695,2.248069,0
1.0,0.9660009,2.243769,0
1.0,0.967885,2.2474103,0
1.0,0.97208256,2.25517,0
1.0,0.9735686,2.256872,0
1.0,0.96481067,2.2445881,0
1.0,0.96227276,2.2460365,0
1.0,0.9649295,2.2998152,0
1.0,0.9696396,2.4045365,0
1.0,0.96814495,2.553499,0
1.0,0.9684693,2.8127818,0
1.0,0.971047,3.1120214,0
1.0,0.97322434,3.36523,0
1.0,0.9729495,3.633441,0
1.0,0.97220874,3.8665886,0
1.0,0.97399956,4.0101185,0
1.0,0.9742405,4.0676584,0
1.0,0.9740009,4.038536,0
1.0,0.9734379,3.977841,0
1.0,0.97669744,3.8710845,0
1.0,0.9785685,3.7002277,0
1.0,0.9795084,3.4329488,0
1.0,0.97765994,3.1757178,0
1.0,0.9757003,2.9446893,0
1.0,0.9704572,2.6631842,0
1.0,0.96390903,2.4721742,0
1.0,0.9578054,2.3699684,0
1.0,0.952313,2.3274736,0
1.0,0.9499408,2.3193133,0
1.0,0.9534394,2.346755,0
1.0,0.9525003,2.3694067,0
1.0,0.950846,2.3907576,0
1.0,0.9476033,2.4037986,0
1.0,0.9471215,2.4428618,0
1.0,0.9439606,2.5354817,0
1.0,0.944667,2.6809294,0
1.0,0.94919354,2.8709717,0
1.0,0.95046604,3.0726466,0
1.0,0.95410144,3.2971268,0
1.0,0.95890236,3.5337026,0
1.0,0.964731,3.7765567,0
1.0,0.96639556,3.8762958,0
1.0,0.9673875,3.7651658,0
1.0,0.9681378,3.6120625,0
1.0,0.9689686,3.4423265,0
1.0,0.966566,3.1931837,0
1.0,0.9648313,2.9582236,0
1.0,0.963519,2.819758,0
1.0,0.96499777,2.7622888,0
1.0,0.9682367,2.777236,0
1.0,0.97154105,2.7965226,0
1.0,0.9729279,2.797059,0
1.0,0.97334146,2.7629757,0
1.0,0.97104937,2.7129161,0
1.0,0.9738468,2.6135495,0
1.0,0.9756724,2.5467453,0
1.0,0.9748405,2.5177732,0
1.0,0.97020704,2.531288,0
1.0,0.97018087,2.600212,0
1.0,0.9699472,2.6305685,0
1.0,0.9686983,2.6285543,0
1.0,0.9667513,2.5990293,0
1.0,0.97006845,2.5955634,0
1.0,0.9686345,2.5898402,0
1.0,0.97119474,2.576951,0
1.0,0.97414535,2.5647697,0
1.0,0.977358,2.514488,0
1.0,0.9811323,2.4752858,0
1.0,0.9823887,2.4474688,0
1.0,0.98360485,2.3453643,0
1.0,0.98377717,2.2339659,0
1.0,0.98347133,2.1147616,0
1.0,0.9805501,1.8992636,0
1.0,0.98026204,1.7639796,0
1.0,0.9816373,1.7076352,0
1.0,0.9827487,1.6175271,0
1.0,0.9816616,1.5537505,0
1.0,0.9834367,1.5410533,0
1.0,0.9845708,1.5265698,0
1.0,0.9852793,1.5184438,0
1.0,0.9833422,1.490447,0
1.0,0.9832455,1.4603708,0
1.0,0.9823407,1.4444573,0
1.0,0.98113626,1.4390283,0
1.0,0.9823354,1.4417863,0
1.0,0.980923,1.4298083,0
1.0,0.97748363,1.4245255,0
1.0,0.97961813,1.4405117,0
1.0,0.9815607,1.4753778,0
1.0,0.9824157,1.4459643,0
1.0,0.98522514,1.5127448,0
1.0,0.9879533,1.726822,0
1.0,0.9884587,1.9852515,0
1.0,0.98831964,2.3226554,0
1.0,0.9873459,2.6144712,0
1.0,0.9866742,2.8248534,0
1.0,0.98474914,2.9396975,0
1.0,0.9836556,2.9620907,0
1.0,0.9824746,2.9506598,0
1.0,0.983538,2.8937979,0
1.0,0.9818709,2.806364,0
1.0,0.98023456,2.7633271,0
1.0,0.97701126,2.7166338,0
1.0,0.9754783,2.6820822,0
1.0,0.9676018,2.6597624,0
1.0,0.9607193,2.6667895,0
1.0,0.9599698,2.7567248,0
1.0,0.9596948,2.9526134,0
1.0,0.9590372,3.1151237,0
1.0,0.96337974,3.27701,0
1.0,0.9710733,3.460329,0
1.0,0.9731671,3.5496159,0
1.0,0.9706042,3.66794,0
1.0,0.9683034,3.7871025,0
1.0,0.9642789,3.91655,0
1.0,0.9620571,4.107966,0
1.0,0.9586162,4.2467766,0
1.0,0.9586641,4.4279184,0
1.0,0.9578468,4.62199,0
1.0,0.9591352,4.816087,0
1.0,0.96173626,5.021084,0
1.0,0.965462,5.2100883,0
1.0,0.9672568,5.307724,0
1.0,0.96779925,5.265464,0
1.0,0.9672538,5.1318035,0
1.0,0.9654044,4.842032,0
1.0,0.96246463,4.5270514,0
1.0,0.9589161,4.291772,0
1.0,0.95995575,4.2059765,0
1.0,0.9618879,4.2401037,0
1.0,0.9614011,4.358285,0
1.0,0.95865893,4.534603,0
1.0,0.95460176,4.6940837,0
1.0,0.9518446,4.8343844,0
1.0,0.9459706,4.894477,0
1.0,0.9418752,4.877804,0
1.0,0.9393071,4.8245792,0
1.0,0.93845606,4.6977196,0
1.0,0.93662703,4.5138516,0
1.0,0.9333071,4.270014,0
1.0,0.9328524,4.1000214,0
1.0,0.93307483,3.965601,0
1.0,0.92846185,3.8347216,0
1.0,0.9241532,3.7811952,0
1.0,0.9222572,3.7255135,0
1.0,0.9251323,3.7393336,0
1.0,0.9259116,3.823558,0
1.0,0.92650115,3.9182827,0
1.0,0.93412656,4.043276,0
1.0,0.94610745,4.049013,0
1.0,0.9519526,3.9968214,0
1.0,0.95359385,3.9166026,0
1.0,0.9573037,3.74567,0
1.0,0.9618753,3.6073077,0
1.0,0.96026546,3.514483,0
1.0,0.95554173,3.431676,0
1.0,0.95731425,3.3944187,0
1.0,0.9610525,3.4181805,0
1.0,0.95952064,3.4743414,0
1.0,0.9550583,3.5320265,0
1.0,0.95801944,3.611906,0
1.0,0.9686007,3.7218802,0
1.0,0.975421,3.7812772,0
1.0,0.97767955,3.846999,0
1.0,0.9807736,4.0031595,0
1.0,0.98211944,4.081432,0
1.0,0.98080677,4.1384497,0
1.0,0.97613996,4.1928663,0
1.0,0.9741899,4.210885,0
1.0,0.97069925,4.2215004,0
1.0,0.96510714,4.2266116,0
1.0,0.9580338,4.2286477,0
1.0,0.95705247,4.2450824,0
1.0,0.95674336,4.258333,0
1.0,0.9572402,4.241625,0
1.0,0.9548829,4.1972656,0
1.0,0.95570153,4.1320806,0
1.0,0.9574227,4.007582,0
1.0,0.96224207,3.8454518,0
1.0,0.9653293,3.5661042,0
1.0,0.96538156,3.300804,0
1.0,0.9646948,3.1857748,0
1.0,0.9646873,3.082403,0
1.0,0.9576972,2.993576,0
1.0,0.94569266,3.0236776,0
1.0,0.93898755,3.0142703,0
1.0,0.92948604,2.892615,0
1.0,0.9187388,2.7838254,0
1.0,0.9105432,2.691389,0
1.0,0.9200744,2.6369014,0
1.0,0.93665653,2.6080766,0
1.0,0.9484382,2.5656757,0
1.0,0.95263386,2.496572,0
1.0,0.9561088,2.3829188,0
1.0,0.96120864,2.2536771,0
1.0,0.9638843,2.0212624,0
1.0,0.9636447,1.6936011,0
1.0,0.9645728,1.5036404,0
1.0,0.96694416,1.3925066,0
1.0,0.96798027,1.3305769,0
1.0,0.9631454,1.3307309,0
1.0,0.959355,1.3420181,0
1.0,0.9529637,1.3525572,0
1.0,0.9469695,1.351219,0
1.0,0.9441309,1.3365859,0
1.0,0.950231,1.3145835,0
1.0,0.95684725,1.3301377,0
1.0,0.9611379,1.3737061,0
1.0,0.96553326,1.4417871,0
1.0,0.97231346,1.5305371,0
1.0,0.97881067,1.5605612,0
1.0,0.9813416,1.6285603,0
1.0,0.9815135,1.7397151,0
1.0,0.9834251,1.8173803,0
1.0,0.98369527,2.000501,0
1.0,0.98414177,2.2359061,0
1.0,0.98166186,2.300175,0
1.0,0.98253065,2.3375628,0
1.0,0.97988886,2.3924336,0
1.0,0.9778721,2.4546518,0
1.0,0.9729331,2.4953246,0
1.0,0.9724893,2.5270772,0
1.0,0.9694509,2.5355508,0
1.0,0.9702079,2.543212,0
1.0,0.9697355,2.5227287,0
1.0,0.9727702,2.4797914,0
1.0,0.97367674,2.4176373,0
1.0,0.97586775,2.3757973,0
1.0,0.9762873,2.321118,0
1.0,0.97842544,2.2523475,0
1.0,0.9782442,2.1606705,0
1.0,0.9786129,2.0501907,0
1.0,0.97684723,1.9428173,0
1.0,0.9765301,1.9025146,0
1.0,0.9737529,1.9031699,0
1.0,0.9761012,1.9409014,0
1.0,0.97622764,2.1106951,0
1.0,0.978104,2.3074505,0
1.0,0.97870135,2.5064209,0
1.0,0.9820041,2.8025475,0
1.0,0.9830667,2.9199224,0
1.0,0.9841732,2.9800453,0
1.0,0.98446727,3.067072,0
1.0,0.98449796,3.0880353,0
1.0,0.98240834,3.0738063,0
1.0,0.9799682,3.0343785,0
1.0,0.9783645,2.8648927,0
1.0,0.9799049,2.6045127,0
1.0,0.97997767,2.4260473,0
1.0,0.9800254,2.3268485,0
1.0,0.97906953,2.2702866,0
1.0,0.9801918,2.2167778,0
1.0,0.98106295,2.176022,0
1.0,0.98140645,2.1455636,0
1.0,0.9802862,2.1216826,0
1.0,0.9805428,2.1276917,0
1.0,0.9774375,2.1357908,0
1.0,0.96753925,2.1284223,0
1.0,0.96432453,2.1273413,0
1.0,0.96354705,2.1261423,0
1.0,0.95676214,2.1667397,0
1.0,0.955162,2.26584,0
1.0,0.9678609,2.4243007,0
1.0,0.9720452,2.5715237,0
1.0,0.9743764,2.7399387,0
1.0,0.97657937,2.9000678,0
1.0,0.9787988,3.008284,0
1.0,0.98040915,3.1050968,0
1.0,0.9802648,3.1193755,0
1.0,0.9794226,3.110177,0
1.0,0.97955304,3.0301306,0
1.0,0.9820094,2.7920566,0
1.0,0.98228145,2.6579213,0
1.0,0.98049396,2.5475209,0
1.0,0.97824144,2.4525084,0
1.0,0.97764826,2.4428878,0
1.0,0.973168,2.4219513,0
1.0,0.96658784,2.4213157,0
1.0,0.9700041,2.4721844,0
1.0,0.9722386,2.5446167,0
1.0,0.9733472,2.6369503,0
1.0,0.9749783,2.7131662,0
1.0,0.9791819,2.789825,0
1.0,0.98114324,2.8964157,0
1.0,0.9799841,2.9879432,0
1.0,0.97684973,3.1066158,0
1.0,0.9749562,3.198443,0
1.0,0.97441024,3.2131855,0
1.0,0.97257894,3.2107196,0
1.0,0.97048104,3.2046874,0
1.0,0.9688001,3.2010818,0
1.0,0.9711738,3.2283316,0
1.0,0.97198087,3.187683,0
1.0,0.97229135,3.083157,0
1.0,0.97289395,2.9640484,0
1.0,0.97369385,2.8363352,0
1.0,0.97075796,2.66909,0
1.0,0.9652506,2.483954,0
1.0,0.9641165,2.3319752,0
1.0,0.9674635,2.18441,0
1.0,0.968169,1.9925907,0
1.0,0.96529984,1.7913251,0
1.0,0.96558297,1.6501727,0
1.0,0.9693402,1.5734692,0
1.0,0.97135556,1.5600667,0
1.0,0.97169083,1.5697982,0
1.0,0.9744862,1.6262999,0
1.0,0.9788296,1.7633336,0
1.0,0.9802634,1.8622549,0
1.0,0.9807679,1.9839504,0
1.0,0.9822151,2.0831435,0
1.0,0.9847322,2.1235006,0
1.0,0.98491454,2.1265516,0
1.0,0.98364234,2.0833843,0
1.0,0.982756,2.0097651,0
1.0,0.9811179,1.916063,0
1.0,0.9775735,1.8229871,0
1.0,0.97446877,1.6885356,0
1.0,0.97504586,1.5872823,0
1.0,0.9758839,1.5498304,0
1.0,0.9772356,1.5428784,0
1.0,0.98104054,1.5692618,0
1.0,0.98378205,1.6640558,0
1.0,0.98388255,1.7893001,0
1.0,0.98265195,1.9009277,0
1.0,0.9818662,1.9995108,0
1.0,0.98305684,1.9872344,0
1.0,0.9811323,1.9596975,0
1.0,0.9757126,1.9469032,0
1.0,0.97116727,1.9409156,0
1.0,0.96947485,1.9511755,0
1.0,0.96523595,1.9754298,0
1.0,0.9590875,2.0222604,0
1.0,0.9567453,2.118936,0
1.0,0.9585938,2.2524438,0
1.0,0.96019936,2.3520112,0
1.0,0.9585391,2.4303114,0
1.0,0.95988643,2.5222368,0
1.0,0.9666254,2.5369828,0
1.0,0.9683663,2.4917436,0
1.0,0.9651222,2.5044966,0
1.0,0.9622923,2.4346504,0
1.0,0.9655704,2.377055,0
1.0,0.96549016,2.3950014,0
1.0,0.96406275,2.4109135,0
1.0,0.9649324,2.4715395,0
1.0,0.9704413,2.6092184,0
1.0,0.9725925,2.7605166,0
1.0,0.9713218,2.9302804,0
1.0,0.9730952,3.1221156,0
1.0,0.97938,3.2848191,0
1.0,0.9814181,3.4093676,0
1.0,0.9814886,3.4972801,0
1.0,0.98189604,3.5800056,0
1.0,0.9832175,3.551765,0
1.0,0.9812119,3.4325438,0
1.0,0.97860134,3.354589,0
1.0,0.978292,3.2892103,0
1.0,0.97711474,3.3206413,0
1.0,0.9734211,3.3710146,0
1.0,0.9664986,3.3749564,0
1.0,0.9642723,3.379973,0
1.0,0.9631604,3.3636456,0
1.0,0.9663054,3.3592143,0
1.0,0.9695742,3.3317194,0
1.0,0.9744109,3.2518687,0
1.0,0.9756512,3.1225722,0
1.0,0.97645956,3.0250287,0
1.0,0.9768489,2.9151692,0
1.0,0.9779609,2.7738109,0
1.0,0.9741107,2.643805,0
1.0,0.9679727,2.467966,0
1.0,0.9661306,2.2567062,0
1.0,0.9673543,2.0989497,0
1.0,0.96389806,1.987031,0
1.0,0.9648689,1.902286,0
1.0,0.9726087,1.9174993,0
1.0,0.9795064,1.9384089,0
1.0,0.98025846,1.9353161,0
1.0,0.9823893,2.0523303,0
1.0,0.98300374,2.1701338,0
1.0,0.98474324,2.280917,0
1.0,0.9838614,2.462001,0
1.0,0.98415446,2.6879478,0
1.0,0.9847121,2.859087,0
1.0,0.98523104,2.936325,0
1.0,0.9836336,3.0256462,0
1.0,0.98084843,3.0887601,0
1.0,0.9763692,3.1026113,0
1.0,0.9696135,3.1603963,0
1.0,0.95900166,3.1801558,0
1.0,0.9509024,3.1521544,0
1.0,0.9525546,3.1577396,0
1.0,0.95151687,3.1628852,0
1.0,0.95111835,3.1760874,0
1.0,0.9532781,3.1686025,0
1.0,0.9611367,3.1723373,0
1.0,0.9652114,3.1807637,0
1.0,0.96770257,3.2408276,0
1.0,0.9687336,3.3451715,0
1.0,0.9665867,3.4938488,0
1.0,0.9627868,3.7043896,0
1.0,0.9591627,3.8894563,0
1.0,0.95347714,4.050747,0
1.0,0.94727737,4.2146087,0
1.0,0.9399835,4.3551025,0
1.0,0.9417045,4.4591165,0
1.0,0.94308984,4.488312,0
1.0,0.9444287,4.393162,0
1.0,0.94663876,4.293782,0
1.0,0.95498985,4.191087,0
1.0,0.9579656,4.0062428,0
1.0,0.9578418,3.814773,0
1.0,0.95566255,3.654278,0
1.0,0.9530317,3.4668496,0
1.0,0.9468749,3.3134513,0
1.0,0.9445169,3.3193445,0
1.0,0.9458578,3.410353,0
1.0,0.94659644,3.5594306,0
1.0,0.9427169,3.7308726,0
1.0,0.93815976,3.8223846,0
1.0,0.9415968,3.8445437,0
1.0,0.9409459,3.8370335,0
1.0,0.9399899,3.806162,0
1.0,0.9363502,3.7788963,0
1.0,0.9343862,3.7600937,0
1.0,0.930856,3.7446527,0
1.0,0.9314569,3.7462962,0
1.0,0.93162775,3.745637,0
1.0,0.93442273,3.7470407,0
1.0,0.9382241,3.6924167,0
1.0,0.94961065,3.5950332,0
1.0,0.95785624,3.446636,0
1.0,0.96303934,3.243113,0
1.0,0.96355927,3.1031246,0
1.0,0.9686816,3.0645006,0
1.0,0.9733589,3.0665917,0
1.0,0.9735519,3.092798,0
1.0,0.9735719,3.136229,0
1.0,0.97367454,3.2400131,0
1.0,0.9739005,3.478746,0
1.0,0.9748985,3.791157,0
1.0,0.97594154,4.148327,0
1.0,0.9774016,4.4463997,0
1.0,0.978442,4.634442,0
1.0,0.97796255,4.726984,0
1.0,0.97633183,4.7666435,0
1.0,0.97522867,4.737528,0
1.0,0.97420096,4.575603,0
1.0,0.971289,4.397318,0
1.0,0.9663489,4.1970224,0
1.0,0.96406776,3.9719026,0
1.0,0.96077114,3.8240976,0
1.0,0.9553516,3.7108908,0
1.0,0.9456156,3.602823,0
1.0,0.94912124,3.5995579,0
1.0,0.9574964,3.660602,0
1.0,0.9566091,3.6886647,0
1.0,0.9516031,3.7174075,0
1.0,0.9511795,3.785866,0
1.0,0.9498123,3.8514037,0
1.0,0.94553256,3.960417,0
1.0,0.9388453,4.0937448,0
1.0,0.9416016,4.2060385,0
1.0,0.9445383,4.3371778,0
1.0,0.9462776,4.472554,0
1.0,0.943939,4.5274067,0
1.0,0.950948,4.6233206,0
1.0,0.957403,4.6892037,0
1.0,0.9600127,4.6260476,0
1.0,0.9618801,4.5667524,0
1.0,0.9650661,4.492343,0
1.0,0.97026145,4.3227797,0
1.0,0.9715759,4.106881,0
1.0,0.97244173,3.821357,0
1.0,0.9725716,3.5225372,0
1.0,0.97462195,3.3404703,0
1.0,0.97386974,3.1790876,0
1.0,0.97280675,3.0265837,0
1.0,0.9718402,2.8926735,0
1.0,0.97142035,2.8197737,0
1.0,0.96970505,2.7746818,0
1.0,0.9704735,2.7248712,0
1.0,0.966934,2.7127562,0
1.0,0.96820503,2.723454,0
1.0,0.9632519,2.708053,0
1.0,0.96193254,2.7768664,0
1.0,0.9538632,2.8457527,0
1.0,0.95803607,2.9218311,0
1.0,0.9560475,3.043952,0
1.0,0.96127903,3.1550872,0
1.0,0.9561466,3.1310475,0
1.0,0.9592327,3.1342716,0
1.0,0.9564916,3.04146,0
1.0,0.9635141,2.9146447,0
1.0,0.96002233,2.8102195,0
1.0,0.96226716,2.7415993,0
1.0,0.9604505,2.6448884,0
1.0,0.96368587,2.5525079,0
1.0,0.95861614,2.3572435,0
1.0,0.9569814,2.1583352,0
1.0,0.9499142,2.0357423,0
1.0,0.9571849,1.9610567,0
1.0,0.96212876,1.888727,0
1.0,0.9689803,1.8505086,0
1.0,0.96695596,1.758274,0
1.0,0.9687986,1.6535232,0
1.0,0.96958375,1.5531504,0
1.0,0.9691659,1.4403608,0
1.0,0.9597365,1.359763,0
1.0,0.9591126,1.3791792,0
1.0,0.9704725,1.4579914,0
1.0,0.9779081,1.6723185,0
1.0,0.9781707,1.9085954,0
1.0,0.9803704,2.1384487,0
1.0,0.9844207,2.3478289,0
1.0,0.9855973,2.4619648,0
1.0,0.98437446,2.5337763,0
1.0,0.98286855,2.5206757,0
1.0,0.98282695,2.4894216,0
1.0,0.97986597,2.4374378,0
1.0,0.97422993,2.2945266,0
1.0,0.97134405,2.1615887,0
1.0,0.97595483,2.115459,0
1.0,0.9758149,2.1123896,0
1.0,0.9734996,2.158388,0
1.0,0.97254,2.3023806,0
1.0,0.97423786,2.472439,0
1.0,0.9708056,2.6110668,0
1.0,0.96215343,2.7184453,0
1.0,0.9555481,2.824604,0
1.0,0.9567293,2.9400492,0
1.0,0.9615082,2.9955542,0
1.0,0.95805687,2.9954839,0
1.0,0.95409465,3.0068913,0
1.0,0.9514356,3.0577543,0
1.0,0.9480193,3.147622,0
1.0,0.9399282,3.260048,0
1.0,0.93056357,3.3956048,0
1.0,0.92824143,3.5497785,0
1.0,0.93002915,3.6973982,0
1.0,0.92993605,3.8559961,0
1.0,0.92857665,4.0396976,0
1.0,0.9312361,4.192887,0
1.0,0.93355566,4.176162,0
1.0,0.9375035,4.061755,0
1.0,0.9402085,3.8994272,0
1.0,0.9387899,3.7648494,0
1.0,0.94095993,3.6943495,0
1.0,0.9434751,3.6183724,0
1.0,0.9421812,3.5677009,0
1.0,0.94044083,3.507946,0
1.0,0.9409101,3.4487767,0
1.0,0.94755703,3.4236267,0
1.0,0.951612,3.4162192,0
1.0,0.9559705,3.4106934,0
1.0,0.96361345,3.356614,0
1.0,0.9725514,3.278864,0
1.0,0.97622275,3.1386795,0
1.0,0.9749646,2.9729218,0
1.0,0.9746299,2.8176749,0
1.0,0.9763772,2.7051363,0
1.0,0.9760024,2.6094608,0
1.0,0.97365236,2.5080144,0
1.0,0.97171503,2.5165153,0
1.0,0.97256774,2.6223621,0
1.0,0.9723194,2.75208,0
1.0,0.9721963,2.8775048,0
1.0,0.97411513,2.9281642,0
1.0,0.9769552,2.9579701,0
1.0,0.97904426,2.9626513,0
1.0,0.97922325,2.9566193,0
1.0,0.97965235,2.9303885,0
1.0,0.9812764,2.826573,0
1.0,0.98126215,2.7304165,0
1.0,0.98076963,2.6384006,0
1.0,0.98030055,2.4660072,0
1.0,0.98093146,2.3765845,0
1.0,0.9786478,2.3846269,0
1.0,0.9775034,2.426742,0
1.0,0.97932374,2.5112314,0
1.0,0.98039025,2.5892355,0
1.0,0.98028827,2.6486187,0
1.0,0.9793856,2.6624088,0
1.0,0.9795179,2.6807663,0
1.0,0.97932017,2.7153091,0
1.0,0.9773638,2.7680995,0
1.0,0.9757666,2.8820858,0
1.0,0.9762646,3.0279646,0
1.0,0.9772931,3.1973553,0
1.0,0.9775778,3.3481166,0
1.0,0.97730404,3.3830419,0
1.0,0.9776179,3.3693843,0
1.0,0.97885156,3.330799,0
1.0,0.9784212,3.2972302,0
1.0,0.97821987,3.2724247,0
1.0,0.97930646,3.207407,0
1.0,0.9811044,3.113169,0
1.0,0.9813394,2.995952,0
1.0,0.98124266,2.853323,0
1.0,0.98108155,2.758057,0
1.0,0.9803075,2.6811092,0
1.0,0.9787441,2.5676367,0
1.0,0.9766449,2.4297318,0
1.0,0.9737163,2.3005471,0
1.0,0.9692318,2.2382731,0
1.0,0.9672021,2.0955257,0
1.0,0.9678468,1.9753904,0
1.0,0.97062576,1.996068,0
1.0,0.97225136,2.0289452,0
1.0,0.97302014,2.1389413,0
1.0,0.971966,2.2817702,0
1.0,0.9727338,2.5299644,0
1.0,0.9724979,3.0017838,0
1.0,0.9703494,3.4422352,0
1.0,0.9665395,3.8359065,0
1.0,0.9649454,4.114821,0
1.0,0.9613298,4.172083,0
1.0,0.9538313,4.137011,0
1.0,0.94684285,4.046156,0
1.0,0.94194514,3.9149718,0
1.0,0.9364357,3.766254,0
1.0,0.93159515,3.6923776,0
1.0,0.93185616,3.7281976,0
1.0,0.93317515,3.7950678,0
1.0,0.9354148,3.8494272,0
1.0,0.93985033,3.8830776,0
1.0,0.9423417,3.9304245,0
1.0,0.9439825,3.9671316,0
1.0,0.9456234,4.0020204,0
1.0,0.9470394,4.080232,0
1.0,0.94448525,4.1370273,0
1.0,0.94683343,4.15451,0
1.0,0.9462906,4.138052,0
1.0,0.94122285,4.124638,0
1.0,0.9321079,4.0914373,0
1.0,0.9347352,4.128308,0
1.0,0.9350406,4.1532946,0
1.0,0.9368439,4.168563,0
1.0,0.92980534,4.1276684,0
1.0,0.936257,4.0942388,0
1.0,0.9390408,3.9905717,0
1.0,0.9448385,3.764054,0
1.0,0.95355356,3.4826772,0
1.0,0.9668482,3.1205525,0
1.0,0.97062486,2.5499287,0
1.0,0.9698099,2.059465,0
1.0,0.96254694,1.6803253,0
1.0,0.9656989,1.4879777,0
1.0,0.9658401,1.5173386,0
1.0,0.9697468,1.6025234,0
1.0,0.9671467,1.6858983,0
1.0,0.97255784,1.8348088,0
1.0,0.9742387,1.9970753,0
1.0,0.9753323,2.1257992,0
1.0,0.97293586,2.2347565,0
1.0,0.97434264,2.2950702,0
1.0,0.9759227,2.3571558,0
1.0,0.9773796,2.4188106,0
1.0,0.97569174,2.3912654,0
1.0,0.97568625,2.3869197,0
1.0,0.9747943,2.4293702,0
1.0,0.97495836,2.3781443,0
1.0,0.9751949,2.3048651,0
1.0,0.97773355,2.2732844,0
1.0,0.97875047,2.2305846,0
1.0,0.978687,2.1996868,0
1.0,0.97651064,2.1690133,0
1.0,0.9808718,2.1494317,0
1.0,0.9834087,2.1277592,0
1.0,0.9836963,2.1021574,0
1.0,0.98194903,2.0762534,0
1.0,0.98178,2.0577343,0
1.0,0.9809966,2.0588908,0
1.0,0.97814125,2.0523555,0
1.0,0.9764671,2.049559,0
1.0,0.97348875,2.041933,0
1.0,0.9696899,2.0339074,0
1.0,0.9648806,1.9934132,0
1.0,0.966157,1.9301997,0
1.0,0.9705103,1.8373014,0
1.0,0.9682478,1.7210236,0
1.0,0.9654498,1.6024396,0
1.0,0.9639278,1.4746037,0
1.0,0.9673141,1.3416235,0
1.0,0.96366394,1.1480296,0
1.0,0.9627071,0.9508505,0
1.0,0.94176334,0.74128354,0
1.0,0.9480416,0.63205993,0
1.0,0.9552639,0.5837594,0
1.0,0.9621634,0.55769217,0
1.0,0.9529894,0.6282438,0
1.0,0.956002,0.7263756,0
1.0,0.9604609,0.7743176,0
1.0,0.96381795,0.8507411,0
1.0,0.95864034,0.89361084,0
1.0,0.9614026,0.93291306,0
1.0,0.95958924,0.94509333,0
1.0,0.96406895,0.94463724,0
1.0,0.9556643,0.9346129,0
1.0,0.9642467,0.9447472,0
1.0,0.96985346,0.94437385,0
1.0,0.97644967,0.9542147,0
1.0,0.97313416,0.9563142,0
1.0,0.97373396,0.9797621,0
1.0,0.97664464,0.9945643,0
1.0,0.9784016,1.0106353,0
1.0,0.97470856,1.0286453,0
1.0,0.9731406,1.0431974,0
1.0,0.9719151,1.0488479,0
1.0,0.96983856,1.0415435,0
1.0,0.9688898,1.0562143,0
1.0,0.970587,1.0802418,0
1.0,0.9741605,1.0965369,0
1.0,0.97768426,1.1489786,0
1.0,0.97992617,1.1744034,0
1.0,0.9806081,1.189293,0
1.0,0.9812114,1.232646,0
1.0,0.98234874,1.2465351,0
1.0,0.9826499,1.2357097,0
1.0,0.9819057,1.209398,0
1.0,0.98135006,1.1747446,0
1.0,0.9822587,1.1663988,0
1.0,0.9814679,1.1059662,0
1.0,0.97968996,1.0615923,0
1.0,0.9787255,1.01941,0
1.0,0.97780824,0.9793903,0
1.0,0.976219,1.0013175,0
1.0,0.97547877,1.0893605,0
1.0,0.9753566,1.1985397,0
1.0,0.97622675,1.3374269,0
1.0,0.97705144,1.5534611,0
1.0,0.97974956,1.7589822,0
1.0,0.98411775,2.0405564,0
1.0,0.9858226,2.311432,0
1.0,0.98565084,2.4979582,0
1.0,0.98430634,2.7184005,0
1.0,0.98276204,2.911815,0
1.0,0.9800925,3.1284528,0
1.0,0.9751381,3.3222365,0
1.0,0.9706153,3.442029,0
1.0,0.9642576,3.542985,0
1.0,0.9604354,3.5653415,0
1.0,0.9569267,3.535605,0
1.0,0.95847243,3.519219,0
1.0,0.9637108,3.5167475,0
1.0,0.96552813,3.477949,0
1.0,0.96349007,3.451134,0
1.0,0.961458,3.4325733,0
1.0,0.96121687,3.4131584,0
1.0,0.9587465,3.4482813,0
1.0,0.95193994,3.6111522,0
1.0,0.9429547,3.8247182,0
1.0,0.94341993,4.0437675,0
1.0,0.94207555,4.242855,0
1.0,0.9370506,4.3657346,0
1.0,0.93383396,4.386283,0
1.0,0.9342638,4.3798485,0
1.0,0.93842506,4.3510933,0
1.0,0.9412493,4.2890987,0
1.0,0.9390329,4.152335,0
1.0,0.9390452,4.0164456,0
1.0,0.9438251,3.897068,0
1.0,0.9467159,3.7452486,0
1.0,0.94630575,3.6099873,0
1.0,0.9453494,3.401432,0
1.0,0.95314837,3.1781726,0
1.0,0.9573666,3.0042906,0
1.0,0.95541185,2.781268,0
1.0,0.95206743,2.576696,0
1.0,0.95312506,2.3437598,0
1.0,0.9549706,2.1219158,0
1.0,0.9568385,1.9955688,0
1.0,0.9620887,1.8796034,0
1.0,0.966397,1.8632705,0
1.0,0.9685278,1.93346,0
1.0,0.96760297,1.9824857,0
1.0,0.96564597,2.0212798,0
1.0,0.96428007,2.0844226,0
1.0,0.95852715,2.1051555,0
1.0,0.9477428,2.0997758,0
1.0,0.9398238,2.1018672,0
1.0,0.94768757,2.0559797,0
1.0,0.959745,1.9384297,0
1.0,0.9684713,1.8460855,0
1.0,0.9740276,1.8416922,0
1.0,0.9753498,2.081723,0
1.0,0.9758197,2.5521455,0
1.0,0.97454643,3.1539073,0
1.0,0.97056323,3.910491,0
1.0,0.957872,4.720685,0
1.0,0.94998413,5.441843,0
1.0,0.94532925,6.178705,0
1.0,0.9415921,6.9610558,0
1.0,0.9311076,7.5488048,0
1.0,0.9200482,8.099195,0
1.0,0.91451436,8.554595,0
1.0,0.91259295,8.774098,0
1.0,0.90405035,8.8806305,0
1.0,0.9014164,8.90888,0
1.0,0.902033,8.89764,0
1.0,0.9065925,8.911491,0
1.0,0.91848904,9.001982,0
1.0,0.9281981,9.108351,0
1.0,0.93086976,9.173183,0
1.0,0.93106574,9.218094,0
1.0,0.92636657,9.233099,0
1.0,0.9186735,9.1967125,0
1.0,0.91430527,9.177658,0
1.0,0.91162366,9.136059,0
1.0,0.8980661,9.017127,0
1.0,0.89149845,8.969742,0
1.0,0.89770204,8.99361,0
1.0,0.9062806,9.028245,0
1.0,0.91109616,9.021439,0
1.0,0.909548,8.94404,0
1.0,0.9162511,8.840479,0
1.0,0.9262871,8.657775,0
1.0,0.9296898,8.210775,0
1.0,0.92407626,7.575922,0
1.0,0.92443746,6.887144,0
1.0,0.9327468,6.087886,0
1.0,0.9355793,5.2228546,0
1.0,0.9361155,4.4577765,0
1.0,0.9410047,3.7093883,0
1.0,0.94640976,2.934885,0
1.0,0.94684345,2.358276,0
1.0,0.95049703,1.7550614,0
1.0,0.961985,1.276128,0
1.0,0.96850216,1.0487814,0
1.0,0.96801275,0.9437235,0
1.0,0.97181815,1.0347039,0
1.0,0.97867954,1.1545999,0
1.0,0.98324686,1.3834625,0
1.0,0.9839468,1.6681962,0
1.0,0.9849606,1.9337329,0
1.0,0.9871602,2.2632153,0
1.0,0.9870408,2.4652991,0
1.0,0.9830868,2.658028,0
1.0,0.9776145,2.823908,0
1.0,0.97266,2.9271696,0
1.0,0.96559805,3.1102908,0
1.0,0.95725954,3.257596,0
1.0,0.9545364,3.342255,0
1.0,0.95871055,3.420301,0
1.0,0.95686865,3.399738,0
1.0,0.9543977,3.3755226,0
1.0,0.9544522,3.3756552,0
1.0,0.9619285,3.4001195,0
1.0,0.96305335,3.3989577,0
1.0,0.9603626,3.389917,0
1.0,0.958238,3.381164,0
1.0,0.9575512,3.377059,0
1.0,0.9536685,3.393355,0
1.0,0.941624,3.4203424,0
1.0,0.92570764,3.4156344,0
1.0,0.9291309,3.437676,0
1.0,0.9287982,3.430989,0
1.0,0.91315264,3.3372788,0
1.0,0.9041129,3.2793655,0
1.0,0.91983306,3.2554135,0
1.0,0.9252785,3.203111,0
1.0,0.9164357,3.1179423,0
1.0,0.9165986,2.9801548,0
1.0,0.9308626,2.8874764,0
1.0,0.9387273,2.6903467,0
1.0,0.93239224,2.3850346,0
1.0,0.9420655,2.1027365,0
1.0,0.9638635,1.7631011,0
1.0,0.97074014,1.5375538,0
1.0,0.968652,1.33175,0
1.0,0.969368,1.1307695,0
1.0,0.97381276,0.9968268,0
1.0,0.96888304,0.7952782,0
1.0,0.9495127,0.6180898,0
1.0,0.9381139,0.52283376,0
1.0,0.9526412,0.45858362,0
1.0,0.9597731,0.4536435,0
1.0,0.9615212,0.45569927,0
1.0,0.9681985,0.4515456,0
1.0,0.97904587,0.45352864,0
1.0,0.981726,0.48127025,0
1.0,0.9817861,0.5352277,0
1.0,0.9832149,0.62869185,0
1.0,0.984522,0.714621,0
1.0,0.9840956,0.8052106,0
1.0,0.9827962,0.8666816,0
1.0,0.98319244,1.0376287,0
1.0,0.98518544,1.3159667,0
1.0,0.98519266,1.4698026,0
1.0,0.98490095,1.607085,0
1.0,0.9840598,1.7367907,0
1.0,0.9841151,1.8418341,0
1.0,0.9829602,1.9465568,0
1.0,0.98177415,1.9833984,0
1.0,0.97988164,2.0098825,0
1.0,0.97995603,2.037581,0
1.0,0.9805509,2.0252714,0
1.0,0.9824263,2.005145,0
1.0,0.98339945,1.9733032,0
1.0,0.98369133,1.9622962,0
1.0,0.98227155,2.0026133,0
1.0,0.9842928,2.0243058,0
1.0,0.9859648,2.0809875,0
1.0,0.9861513,2.1936026,0
1.0,0.9853768,2.2891564,0
1.0,0.98556685,2.467747,0
1.0,0.98535556,2.6521857,0
1.0,0.9838478,2.7444448,0
1.0,0.98057735,2.8209934,0
1.0,0.97787,2.8721328,0
1.0,0.977235,2.877993,0
1.0,0.9781041,2.862918,0
1.0,0.9779478,2.8291047,0
1.0,0.9791951,2.7916336,0
1.0,0.97979486,2.7139273,0
1.0,0.9790173,2.6550636,0
1.0,0.9782568,2.5695858,0
1.0,0.9781859,2.4554734,0
1.0,0.9749053,2.2473023,0
1.0,0.974923,1.9651351,0
1.0,0.97580975,1.8169345,0
1.0,0.9749278,1.7133397,0
1.0,0.9729475,1.6196555,0
1.0,0.97129714,1.5875258,0
1.0,0.98141277,1.6308692,0
1.0,0.9819375,1.6741614,0
1.0,0.9817322,1.7112935,0
1.0,0.98131424,1.7971138,0
1.0,0.98237234,1.9026664,0
1.0,0.98018676,1.9678535,0
1.0,0.9754615,2.0141325,0
1.0,0.974724,2.0117097,0
1.0,0.97964567,1.9579914,0
1.0,0.9827558,1.9071953,0
1.0,0.9821066,1.8589221,0
1.0,0.98256415,1.786293,0
1.0,0.9848615,1.7679799,0
1.0,0.9831441,1.6671464,0
1.0,0.9756992,1.5085789,0
1.0,0.9717339,1.4374464,0
1.0,0.9751565,1.3864625,0
1.0,0.96993273,1.3409925,0
1.0,0.9610612,1.3304981,0
1.0,0.9565266,1.3274652,0
1.0,0.964028,1.331251,0
1.0,0.9643828,1.3276982,0
1.0,0.96121335,1.3839576,0
1.0,0.9633672,1.4848421,0
1.0,0.9657953,1.6263523,0
1.0,0.96485883,1.929064,0
1.0,0.964451,2.2978218,0
1.0,0.96284115,2.719195,0
1.0,0.96243274,3.2724972,0
1.0,0.9576614,3.828168,0
1.0,0.955759,4.3340836,0
1.0,0.9494473,4.6501756,0
1.0,0.9470976,4.889509,0
1.0,0.94122916,5.115493,0
1.0,0.93932486,5.2061496,0
1.0,0.9336186,5.228519,0
1.0,0.9306671,5.2572365,0
1.0,0.9239615,5.2338543,0
1.0,0.91835415,5.2056255,0
1.0,0.92075413,5.21426,0
1.0,0.93023354,5.23846,0
1.0,0.9356078,5.2477303,0
1.0,0.936849,5.2033997,0
1.0,0.9387435,5.1440425,0
1.0,0.94089293,5.0535793,0
1.0,0.94018734,4.966299,0
1.0,0.93948287,4.9269905,0
1.0,0.93992215,4.8961296,0
1.0,0.9411462,4.8645554,0
1.0,0.94172376,4.8638406,0
1.0,0.9399382,4.8900585,0
1.0,0.94167894,4.9041924,0
1.0,0.94588214,4.9324803,0
1.0,0.94903547,4.9397926,0
1.0,0.94871914,4.864564,0
1.0,0.9532689,4.7531247,0
1.0,0.9518289,4.5804744,0
1.0,0.9508012,4.278594,0
1.0,0.95522356,3.9209933,0
1.0,0.962386,3.5163264,0
1.0,0.9669855,2.9834027,0
1.0,0.97323155,2.4487598,0
1.0,0.97849953,1.9386855,0
1.0,0.9807277,1.5475587,0
1.0,0.9798028,1.1780888,0
1.0,0.9781958,0.8488163,0
1.0,0.976405,0.6817955,0
1.0,0.9724822,0.53300285,0
1.0,0.9680872,0.43341553,0
1.0,0.96623325,0.40006524,0
1.0,0.965717,0.4260499,0
1.0,0.9721305,0.6606363,0
1.0,0.9745978,0.9328704,0
1.0,0.9753606,1.2903113,0
1.0,0.97745585,1.8237512,0
1.0,0.97922647,2.2740872,0
1.0,0.9749453,2.621339,0
1.0,0.9695544,2.9416077,0
1.0,0.9686405,3.1519494,0
1.0,0.96384364,3.246564,0
1.0,0.9588608,3.2997174,0
1.0,0.9555673,3.3036184,0
1.0,0.95593077,3.2849872,0
1.0,0.9562339,3.2805812,0
1.0,0.95612186,3.2657871,0
1.0,0.953919,3.2524743,0
1.0,0.953203,3.2505627,0
1.0,0.9526515,3.2464755,0
1.0,0.9548281,3.2629046,0
1.0,0.95636094,3.2980797,0
1.0,0.95720446,3.3416395,0
1.0,0.95806944,3.3801026,0
1.0,0.95835656,3.418723,0
1.0,0.9610278,3.385367,0
1.0,0.961856,3.3797352,0
1.0,0.9604532,3.406231,0
1.0,0.9558801,3.3977041,0
1.0,0.95322394,3.4269583,0
1.0,0.948692,3.4561167,0
1.0,0.9498229,3.4543939,0
1.0,0.9507192,3.4304771,0
1.0,0.95659333,3.4273162,0
1.0,0.96279734,3.3922992,0
1.0,0.9701319,3.1788604,0
1.0,0.9724516,2.9102507,0
1.0,0.97765154,2.5607684,0
1.0,0.9809138,2.0343745,0
1.0,0.98246366,1.5927124,0
1.0,0.97932684,1.2334659,0
1.0,0.9775029,0.90072393,0
1.0,0.9773587,0.6888188,0
1.0,0.98096335,0.6071832,0
1.0,0.97708863,0.5666657,0
1.0,0.9741476,0.5661647,0
1.0,0.97614276,0.6048918,0
1.0,0.9803718,0.6665319,0
1.0,0.97799885,0.7267591,0
1.0,0.97620267,0.8374622,0
1.0,0.97592133,0.98863435,0
1.0,0.9768887,1.1867824,0
1.0,0.9755633,1.4723176,0
1.0,0.9773573,1.6955284,0
1.0,0.98195016,1.8879534,0
1.0,0.9846444,2.0785515,0
1.0,0.9846177,2.2210426,0
1.0,0.9837759,2.3701165,0
1.0,0.9836715,2.4553702,0
1.0,0.98176515,2.5540252,0
1.0,0.9780252,2.646974,0
1.0,0.97393054,2.64459,0
1.0,0.9728661,2.6445267,0
1.0,0.97340834,2.6622396,0
1.0,0.9692327,2.6411338,0
1.0,0.9678609,2.6309216,0
1.0,0.9722908,2.6332529,0
1.0,0.9745375,2.621347,0
1.0,0.974524,2.6253507,0
1.0,0.9749474,2.6323717,0
1.0,0.9756797,2.636325,0
1.0,0.973807,2.6321497,0
1.0,0.96833706,2.6237822,0
1.0,0.9612973,2.6087904,0
1.0,0.9578244,2.5989823,0
1.0,0.95715165,2.5949543,0
1.0,0.95817614,2.6767645,0
1.0,0.96759844,2.8008082,0
1.0,0.9748013,2.999266,0
1.0,0.9786325,3.3899584,0
1.0,0.9800085,3.6813002,0
1.0,0.98166174,3.9950624,0
1.0,0.9836453,4.406037,0
1.0,0.98273635,4.6899443,0
1.0,0.97995365,4.898997,0
1.0,0.97619516,5.123288,0
1.0,0.97616696,5.369061,0
1.0,0.974238,5.5452633,0
1.0,0.97128445,5.5928617,0
1.0,0.96567065,5.5322027,0
1.0,0.96284056,5.4496813,0
1.0,0.9572414,5.300161,0
1.0,0.9496154,5.165463,0
1.0,0.94280547,5.1044846,0
1.0,0.94019514,5.059758,0
1.0,0.9368412,5.0765038,0
1.0,0.936618,5.1255794,0
1.0,0.9431153,5.234237,0
1.0,0.9415515,5.357364,0
1.0,0.93608886,5.447764,0
1.0,0.92894125,5.557745,0
1.0,0.92186874,5.6113276,0
1.0,0.9142596,5.630286,0
1.0,0.9071839,5.6746836,0
1.0,0.9034738,5.7396936,0
1.0,0.9003167,5.810499,0
1.0,0.8971496,5.868972,0
1.0,0.89247084,5.872311,0
1.0,0.8924587,5.774701,0
1.0,0.8941909,5.6560245,0
1.0,0.90242696,5.501534,0
1.0,0.91542614,5.215225,0
1.0,0.92506117,5.041686,0
1.0,0.9317755,4.866269,0
1.0,0.9411902,4.5832143,0
1.0,0.9476016,4.3638487,0
1.0,0.9538719,4.1460266,0
1.0,0.9569648,3.9711335,0
1.0,0.9554798,3.7507362,0
1.0,0.95049256,3.5218573,0
1.0,0.94979084,3.4439805,0
1.0,0.9471406,3.4467916,0
1.0,0.9399139,3.4452534,0
1.0,0.9320818,3.431859,0
1.0,0.93216866,3.4338384,0
1.0,0.9274842,3.4671228,0
1.0,0.92693156,3.590983,0
1.0,0.92672706,3.8108447,0
1.0,0.9311666,4.140914,0
1.0,0.9338053,4.469188,0
1.0,0.9375381,4.7607856,0
1.0,0.94295096,5.0518227,0
1.0,0.94597155,5.196761,0
1.0,0.9496142,5.272669,0
1.0,0.95000523,5.303601,0
1.0,0.94527566,5.253354,0
1.0,0.94116074,5.177078,0
1.0,0.93718135,5.121543,0
1.0,0.93376845,5.1557045,0
1.0,0.92494917,5.30117,0
1.0,0.9148783,5.500026,0
1.0,0.9094392,5.7744274,0
1.0,0.9090948,6.039366,0
1.0,0.90613675,6.2614527,0
1.0,0.903615,6.4413023,0
1.0,0.90088606,6.53312,0
1.0,0.90086114,6.6577654,0
1.0,0.89687824,6.7544107,0
1.0,0.89305884,6.7692413,0
1.0,0.8961151,6.70904,0
1.0,0.899744,6.610859,0
1.0,0.898615,6.5320864,0
1.0,0.89512897,6.4215508,0
1.0,0.8973806,6.325806,0
1.0,0.90283495,6.2982335,0
1.0,0.9039132,6.2969894,0
1.0,0.90179366,6.2948804,0
1.0,0.8995913,6.251422,0
1.0,0.90328354,6.122273,0
1.0,0.91204005,5.8690314,0
1.0,0.92104876,5.5057135,0
1.0,0.93212193,5.102725,0
1.0,0.94023824,4.698727,0
1.0,0.94056565,4.306676,0
1.0,0.94122666,4.041728,0
1.0,0.9433337,3.9216645,0
1.0,0.94341284,3.865972,0
1.0,0.9396963,3.85678,0
1.0,0.9396622,3.8841624,0
1.0,0.9430905,3.9163203,0
1.0,0.9432956,3.8769422,0
1.0,0.9463423,3.748742,0
1.0,0.9524529,3.575744,0
1.0,0.9596246,3.3232834,0
1.0,0.9632007,3.0130637,0
1.0,0.96262735,2.6643066,0
1.0,0.96939003,2.3465877,0
1.0,0.97382677,2.029329,0
1.0,0.9730971,1.6465894,0
1.0,0.96764743,1.2923101,0
1.0,0.97021985,0.99403393,0
1.0,0.9687912,0.7464068,0
1.0,0.96124285,0.592976,0
1.0,0.94553906,0.4740467,0
1.0,0.95321226,0.42680526,0
1.0,0.9625177,0.41664955,0
1.0,0.96683,0.4177169,0
1.0,0.9632727,0.41025653,0
1.0,0.9665328,0.41066504,0
1.0,0.9697769,0.41291186,0
1.0,0.96384066,0.4154076,0
1.0,0.9565113,0.43763587,0
1.0,0.9644313,0.48310706,0
1.0,0.97198683,0.58187634,0
1.0,0.9737127,0.70134366,0
1.0,0.9701446,0.82116413,0
1.0,0.97617984,0.9210353,0
1.0,0.97889507,0.9837121,0
1.0,0.9798044,1.0273092,0
1.0,0.97908634,1.0494839,0
1.0,0.9791408,1.0911701,0
1.0,0.9781839,1.1145809,0
1.0,0.9775073,1.1420913,0
1.0,0.9769071,1.2122911,0
1.0,0.9765058,1.2702035,0
1.0,0.9780829,1.3439052,0
1.0,0.97941977,1.4342729,0
1.0,0.9791973,1.5130863,0
1.0,0.97773874,1.5623803,0
1.0,0.976488,1.6302049,0
1.0,0.97341985,1.7425988,0
1.0,0.97383446,1.8238809,0
1.0,0.97528434,1.8754978,0
1.0,0.97727853,1.9215347,0
1.0,0.97657645,1.9355581,0
1.0,0.9772536,1.9376174,0
1.0,0.9788361,1.9422902,0
1.0,0.9804095,1.9651883,0
1.0,0.98025835,1.9880085,0
1.0,0.9796506,2.0235453,0
1.0,0.97760904,2.0969145,0
1.0,0.97540885,2.2128391,0
1.0,0.97021693,2.3303103,0
1.0,0.96622056,2.4752498,0
1.0,0.9592969,2.5685458,0
1.0,0.9570431,2.5552936,0
1.0,0.95148075,2.4760964,0
1.0,0.94617194,2.3669982,0
1.0,0.9461552,2.2795632,0
1.0,0.94959086,2.1978097,0
1.0,0.95026803,2.1630855,0
1.0,0.9512165,2.1564493,0
1.0,0.95053273,2.1631794,0
1.0,0.9504336,2.249839,0
1.0,0.94893646,2.3493724,0
1.0,0.9481204,2.5004697,0
1.0,0.9476701,2.6915019,0
1.0,0.9520422,2.8270693,0
1.0,0.9575888,2.9747128,0
1.0,0.9588497,3.1014767,0
1.0,0.95419025,3.2634501,0
1.0,0.95073235,3.4533381,0
1.0,0.9505201,3.5124464,0
1.0,0.9495348,3.525061,0
1.0,0.9456721,3.5423632,0
1.0,0.93663,3.5517325,0
1.0,0.93436235,3.5701094,0
1.0,0.9350923,3.595235,0
1.0,0.93358445,3.6031458,0
1.0,0.93174696,3.5979798,0
1.0,0.94107604,3.5983133,0
1.0,0.95101756,3.5802093,0
1.0,0.95676345,3.5168128,0
1.0,0.9585517,3.4029517,0
1.0,0.9627282,3.2784858,0
1.0,0.96413714,3.124997,0
1.0,0.9637821,3.0358076,0
1.0,0.95793927,3.0073528,0
1.0,0.9605004,3.0193634,0
1.0,0.95898414,3.0250726,0
1.0,0.95673823,3.029251,0
1.0,0.95896184,3.046194,0
1.0,0.96432996,3.0486224,0
1.0,0.96551615,3.0243592,0
1.0,0.96892804,2.9597037,0
1.0,0.971904,2.8197982,0
1.0,0.9755239,2.6431198,0
1.0,0.9775458,2.3941677,0
1.0,0.9788496,2.1539018,0
1.0,0.97898066,1.9745779,0
1.0,0.97863984,1.7946957,0
1.0,0.97709036,1.6858299,0
1.0,0.97359437,1.5179472,0
1.0,0.96916,1.2828591,0
1.0,0.965719,1.1118464,0
1.0,0.9610419,1.0031148,0
1.0,0.9585677,0.924359,0
1.0,0.9584758,0.8650639,0
1.0,0.9640288,0.8398925,0
1.0,0.96342325,0.814716,0
1.0,0.96338195,0.8190583,0
1.0,0.96381474,0.9030173,0
1.0,0.96428776,1.0027659,0
1.0,0.96322674,1.1554286,0
1.0,0.9676723,1.306486,0
1.0,0.97118527,1.3600392,0
1.0,0.97341913,1.364874,0
1.0,0.97210026,1.338378,0
1.0,0.96963286,1.2817631,0
1.0,0.9651249,1.2155576,0
1.0,0.9645779,1.1564746,0
1.0,0.964644,1.121952,0
1.0,0.9666885,1.1004986,0
1.0,0.9687636,1.1067339,0
1.0,0.9713557,1.1336029,0
1.0,0.972904,1.1530728,0
1.0,0.9779689,1.182905,0
1.0,0.9822766,1.2232554,0
1.0,0.98445755,1.2460189,0
1.0,0.9841484,1.2385631,0
1.0,0.9828262,1.2086675,0
1.0,0.9800673,1.1644051,0
1.0,0.97711563,1.105026,0
1.0,0.97553796,1.017159,0
1.0,0.97763056,1.0360302,0
1.0,0.980005,1.1554399,0
1.0,0.9791748,1.3616055,0
1.0,0.97938985,1.6165445,0
1.0,0.98097676,1.8590395,0
1.0,0.9834042,2.159338,0
1.0,0.98289746,2.3887105,0
1.0,0.9822449,2.533808,0
1.0,0.9807237,2.6557913,0
1.0,0.9788826,2.656095,0
1.0,0.9719296,2.6021266,0
1.0,0.96462095,2.5029235,0
1.0,0.96101284,2.4090757,0
1.0,0.96192837,2.4195201,0
1.0,0.9591159,2.4585912,0
1.0,0.9583058,2.4821773,0
1.0,0.95755947,2.4838927,0
1.0,0.96412915,2.493984,0
1.0,0.96885175,2.5101972,0
1.0,0.9743861,2.5579262,0
1.0,0.97586197,2.6179996,0
1.0,0.9778782,2.6688128,0
1.0,0.9781029,2.7138782,0
1.0,0.9768897,2.7429152,0
1.0,0.97273874,2.764468,0
1.0,0.9712643,2.7816198,0
1.0,0.9707624,2.7982452,0
1.0,0.9665077,2.8519819,0
1.0,0.9599361,2.9017987,0
1.0,0.95324874,2.9508414,0
1.0,0.95907223,3.0382645,0
1.0,0.95873684,3.056305,0
1.0,0.9578205,3.0161748,0
1.0,0.95103955,2.8706172,0
1.0,0.95751566,2.681632,0
1.0,0.9566916,2.4349837,0
1.0,0.9594385,2.2055116,0
1.0,0.9568588,1.9035659,0
1.0,0.96750164,1.6947309,0
1.0,0.96887535,1.5522721,0
1.0,0.9696981,1.40466,0
1.0,0.96617025,1.2839943,0
1.0,0.9721257,1.2194927,0
1.0,0.9679118,1.1368977,0
1.0,0.9657824,1.0656127,0
1.0,0.95623,0.9878137,0
1.0,0.9602724,0.9640209,0
1.0,0.9563039,0.9630993,0
1.0,0.960453,0.9835876,0
1.0,0.9588812,1.0476632,0
1.0,0.96636826,1.175552,0
1.0,0.9704251,1.2718956,0
1.0,0.9759803,1.422465,0
1.0,0.97840124,1.5854993,0
1.0,0.9803436,1.7049814,0
1.0,0.9812484,1.8248531,0
1.0,0.9838644,1.8954643,0
1.0,0.98473966,1.8989997,0
1.0,0.9854468,1.894123,0
1.0,0.9840905,1.8741261,0
1.0,0.98231345,1.8375509,0
1.0,0.979397,1.7921586,0
1.0,0.976853,1.7593778,0
1.0,0.97528785,1.7175608,0
1.0,0.9759386,1.6729808,0
1.0,0.9728098,1.6653028,0
1.0,0.973473,1.6767375,0
1.0,0.9749555,1.6807034,0
1.0,0.97846586,1.6929553,0
1.0,0.9765609,1.7036421,0
1.0,0.97578806,1.7311912,0
1.0,0.97237116,1.7437934,0
1.0,0.96604985,1.7371196,0
1.0,0.9560321,1.7177752,0
1.0,0.95445937,1.7115669,0
1.0,0.9521758,1.710201,0
1.0,0.95732105,1.7202749,0
1.0,0.9613254,1.7302303,0
1.0,0.9650313,1.7288437,0
1.0,0.9656163,1.6994414,0
1.0,0.9687722,1.6865923,0
1.0,0.9650065,1.6170092,0
1.0,0.9588107,1.4889268,0
1.0,0.94552296,1.3524929,0
1.0,0.9487698,1.1658839,0
1.0,0.942683,0.97148013,0
1.0,0.9397173,0.82005537,0
1.0,0.95086896,0.7243241,0
1.0,0.9628943,0.65405536,0
1.0,0.96728146,0.6308897,0
1.0,0.9690268,0.6609475,0
1.0,0.9706386,0.67543936,0
1.0,0.9733008,0.7072185,0
1.0,0.9746109,0.7358272,0
1.0,0.9717271,0.7285634,0
1.0,0.9669086,0.77836215,0
1.0,0.97454596,0.8318807,0
1.0,0.9778334,0.8207199,0
1.0,0.9765495,0.82501006,0
1.0,0.9721787,0.84754103,0
1.0,0.97213453,0.8535819,0
1.0,0.967917,0.85517955,0
1.0,0.96200484,0.82799983,0
1.0,0.96034074,0.8071116,0
1.0,0.96490365,0.80594254,0
1.0,0.9703104,0.82073414,0
1.0,0.97478414,0.8258305,0
1.0,0.9805335,0.8303729,0
1.0,0.98262817,0.83274823,0
1.0,0.9833413,0.8537443,0
1.0,0.9826455,0.8662825,0
1.0,0.9796729,0.8748245,0
1.0,0.97791857,0.88424504,0
1.0,0.9737115,0.87967193,0
1.0,0.97249705,0.8976456,0
1.0,0.9586409,0.9141779,0
1.0,0.9562455,0.9547557,0
1.0,0.9536616,0.9793398,0
1.0,0.96441257,1.0684147,0
1.0,0.97024924,1.1678843,0
1.0,0.9726566,1.2753505,0
1.0,0.973396,1.4050411,0
1.0,0.9765245,1.4729851,0
1.0,0.97711754,1.5217484,0
1.0,0.9763654,1.5576549,0
1.0,0.9763421,1.550066,0
1.0,0.980231,1.5476565,0
1.0,0.981515,1.4989808,0
1.0,0.98155457,1.4503697,0
1.0,0.9809321,1.4359368,0
1.0,0.983772,1.4155055,0
1.0,0.985614,1.3826554,0
1.0,0.9851258,1.3722118,0
1.0,0.9824614,1.3458967,0
1.0,0.984432,1.3350751,0
1.0,0.98148465,1.3393487,0
1.0,0.97334933,1.343638,0
1.0,0.9703617,1.3800874,0
1.0,0.97871804,1.4690874,0
1.0,0.98231,1.5414431,0
1.0,0.979182,1.6234881,0
1.0,0.97798365,1.6689523,0
1.0,0.9774426,1.691688,0
1.0,0.97091305,1.7309129,0
1.0,0.960071,1.7381963,0
1.0,0.9574856,1.7408136,0
1.0,0.9587325,1.7330879,0
1.0,0.95421284,1.6876659,0
1.0,0.9503149,1.6434205,0
1.0,0.9550675,1.5954905,0
1.0,0.96143097,1.5239038,0
1.0,0.96228766,1.430877,0
1.0,0.9577843,1.3609283,0
1.0,0.9618686,1.3242054,0
1.0,0.9620803,1.3478149,0
1.0,0.9568013,1.3958572,0
1.0,0.94782645,1.4602569,0
1.0,0.95272315,1.6145117,0
1.0,0.95979804,1.8145013,0
1.0,0.9636324,1.9696085,0
1.0,0.9653854,2.1508358,0
1.0,0.96597624,2.3338962,0
1.0,0.96570486,2.4579713,0
1.0,0.96472967,2.6052818,0
1.0,0.96374464,2.7806208,0
1.0,0.962751,2.9773557,0
1.0,0.9626543,3.1056225,0
1.0,0.96365756,3.1661208,0
1.0,0.96919066,3.204935,0
1.0,0.9744228,3.1714745,0
1.0,0.97846097,3.1123855,0
1.0,0.98068905,3.0681589,0
1.0,0.9817168,2.9945273,0
1.0,0.98106766,2.9400618,0
1.0,0.9809724,2.9096038,0
1.0,0.9789498,2.858367,0
1.0,0.97528994,2.8338408,0
1.0,0.96749854,2.8041837,0
1.0,0.96337265,2.7803135,0
1.0,0.9639264,2.784571,0
1.0,0.9660059,2.7866073,0
1.0,0.9610233,2.7661304,0
1.0,0.96077234,2.7358057,0
1.0,0.9642406,2.6895683,0
1.0,0.9682424,2.6269126,0
1.0,0.95770097,2.4668155,0
1.0,0.94030315,2.278266,0
1.0,0.941689,2.1258202,0
1.0,0.9600975,2.0057597,0
1.0,0.95730585,1.8014345,0
1.0,0.95417345,1.5650344,0
1.0,0.95320576,1.4085124,0
1.0,0.96626186,1.2480807,0
1.0,0.95697224,1.05481,0
1.0,0.93037593,0.90966046,0
1.0,0.90169513,0.7434545,0
1.0,0.9128434,0.5813685,0
1.0,0.8772355,0.3761371,0
1.0,0.8228482,0.24624261,0
1.0,0.78490925,0.18960786,0
1.0,0.8556774,0.16545609,0
1.0,0.8780863,0.16506284,0
1.0,0.8740665,0.15911429,0
1.0,0.810468,0.1480558,0
1.0,0.85228574,0.14865857,0
1.0,0.8492047,0.14621374,0
1.0,0.8441219,0.17068197,0
1.0,0.7826035,0.21522313,0
1.0,0.8633791,0.23590869,0
1.0,0.9021993,0.2736233,0
1.0,0.92899877,0.33905852,0
1.0,0.9073903,0.35256004,0
1.0,0.9242847,0.38347924,0
1.0,0.92864746,0.40966427,0
1.0,0.9271797,0.41147482,0
1.0,0.90216637,0.4098511,0
1.0,0.91990286,0.4247696,0
1.0,0.93261045,0.43263468,0
1.0,0.9474377,0.439731,0
1.0,0.9471843,0.44139388,0
1.0,0.96120685,0.45340687,0
1.0,0.96696556,0.45948312,0
1.0,0.9715485,0.46602535,0
1.0,0.96574855,0.4602754,0
1.0,0.9654944,0.46163756,0
1.0,0.9604704,0.45791396,0
1.0,0.96237916,0.4709925,0
1.0,0.95305955,0.4738521,0
1.0,0.9479117,0.4815739,0
1.0,0.9508667,0.5338902,0
1.0,0.9626028,0.58988285,0
1.0,0.96544814,0.6348663,0
1.0,0.9655614,0.67988974,0
1.0,0.965434,0.6926998,0
1.0,0.9735834,0.70695174,0
1.0,0.9712631,0.69438696,0
1.0,0.96550035,0.679085,0
1.0,0.9678478,0.684171,0
1.0,0.97476846,0.6536748,0
1.0,0.9740596,0.5852696,0
1.0,0.9684919,0.54929817,0
1.0,0.96261173,0.5104067,0
1.0,0.96498615,0.46859533,0
1.0,0.96498746,0.4673409,0
1.0,0.9667789,0.47293016,0
1.0,0.96717584,0.4532512,0
1.0,0.97200483,0.44759217,0
1.0,0.9744983,0.4334616,0
1.0,0.9733802,0.4216174,0
1.0,0.9689626,0.4193141,0
1.0,0.9659056,0.41820818,0
1.0,0.9713182,0.41721943,0
1.0,0.97011054,0.42184657,0
1.0,0.96368665,0.4542271,0
1.0,0.9648229,0.5350231,0
1.0,0.97793466,0.7285404,0
1.0,0.9818419,0.9386923,0
1.0,0.98286045,1.120051,0
1.0,0.98248476,1.2663918,0
1.0,0.9843126,1.3540089,0
1.0,0.98477244,1.4147043,0
1.0,0.98092985,1.4282135,0
1.0,0.9766327,1.4329599,0
1.0,0.97861516,1.4306438,0
1.0,0.9824456,1.3892778,0
1.0,0.9829186,1.3712726,0
1.0,0.9828112,1.3679042,0
1.0,0.9832223,1.3932893,0
1.0,0.9828032,1.4407344,0
1.0,0.9821476,1.4345431,0
1.0,0.9812284,1.4365864,0
1.0,0.9841059,1.4394474,0
1.0,0.9831791,1.4453453,0
1.0,0.9817629,1.443644,0
1.0,0.98111355,1.4532602,0
1.0,0.9835565,1.5002564,0
1.0,0.98483664,1.5820422,0
1.0,0.9856269,1.8222396,0
1.0,0.98496974,2.1249526,0
1.0,0.98449486,2.4762058,0
1.0,0.98347026,2.9370708,0
1.0,0.983182,3.4178739,0
1.0,0.9804521,3.9020731,0
1.0,0.97642946,4.4520583,0
1.0,0.9706067,4.8486347,0
1.0,0.96647125,5.0746117,0
1.0,0.96209145,5.2189445,0
1.0,0.9590798,5.16183,0
1.0,0.958433,5.0536604,0
1.0,0.9591385,4.955628,0
1.0,0.95715237,4.827775,0
1.0,0.9554868,4.7374544,0
1.0,0.9537318,4.6631656,0
1.0,0.95319176,4.5939403,0
1.0,0.95168376,4.570266,0
1.0,0.9508829,4.5586014,0
1.0,0.9482623,4.558799,0
1.0,0.9459414,4.5806036,0
1.0,0.94383454,4.5757065,0
1.0,0.94309866,4.5562363,0
1.0,0.941784,4.5051794,0
1.0,0.9324457,4.470276,0
1.0,0.9267623,4.445615,0
1.0,0.92623913,4.446102,0
1.0,0.9324332,4.467017,0
1.0,0.9326657,4.4746437,0
1.0,0.93866765,4.486709,0
1.0,0.9415349,4.479556,0
1.0,0.949385,4.4432225,0
1.0,0.9558322,4.24554,0
1.0,0.9635162,3.9920485,0
1.0,0.96814865,3.6572034,0
1.0,0.97314364,3.208737,0
1.0,0.9738559,2.7373338,0
1.0,0.9770831,2.2635624,0
1.0,0.97847605,1.7214081,0
1.0,0.98035353,1.3180022,0
1.0,0.9807874,1.0553334,0
1.0,0.98102176,0.8601247,0
1.0,0.9798481,0.74101585,0
1.0,0.9783507,0.66062534,0
1.0,0.9766297,0.63729036,0
1.0,0.9750108,0.632851,0
1.0,0.97462094,0.6501758,0
1.0,0.97293854,0.6743996,0
1.0,0.97420293,0.70615196,0
1.0,0.9726131,0.7103361,0
1.0,0.9715073,0.69425815,0
1.0,0.96821576,0.67359865,0
1.0,0.9710859,0.6515891,0
1.0,0.9706077,0.6546855,0
1.0,0.9695868,0.6571156,0
1.0,0.965871,0.6727059,0
1.0,0.96639484,0.7280628,0
1.0,0.96908945,0.7669641,0
1.0,0.96746385,0.773648,0
1.0,0.96066505,0.76817495,0
1.0,0.96782166,0.7776984,0
1.0,0.9707647,0.77245474,0
1.0,0.96754485,0.7248628,0
1.0,0.963365,0.67072785,0
1.0,0.9649688,0.707181,0
1.0,0.96357775,0.7572691,0
1.0,0.95066756,0.73522496,0
1.0,0.91375905,0.68556917,0
1.0,0.9009616,0.66289294,0
1.0,0.91137695,0.6695014,0
1.0,0.91003925,0.6601626,0
1.0,0.9035382,0.6301043,0
1.0,0.90293634,0.61115885,0
1.0,0.9263754,0.59149265,0
1.0,0.93386203,0.58901936,0
1.0,0.9180873,0.59769475,0
1.0,0.926558,0.6251228,0
1.0,0.95715755,0.7519642,0
1.0,0.96178514,0.9365599,0
1.0,0.9496785,1.2124115,0
1.0,0.95123094,1.5760635,0
1.0,0.96033776,2.0397928,0
1.0,0.95736444,2.6737235,0
1.0,0.9470533,3.2435348,0
1.0,0.93755275,3.7192664,0
1.0,0.9416274,4.281068,0
1.0,0.9356659,4.668951,0
1.0,0.9109059,4.8351736,0
1.0,0.91298115,5.0516415,0
1.0,0.92341626,5.2620783,0
1.0,0.9306864,5.4653215,0
1.0,0.93717766,5.6438956,0
1.0,0.94125897,5.746445,0
1.0,0.94248843,5.8004475,0
1.0,0.94162834,5.807691,0
1.0,0.9410317,5.805524,0
1.0,0.9455832,5.7636547,0
1.0,0.9478598,5.695777,0
1.0,0.9424459,5.676585,0
1.0,0.9355294,5.6467657,0
1.0,0.93300956,5.63902,0
1.0,0.93157053,5.633354,0
1.0,0.9319616,5.6289034,0
1.0,0.92899436,5.618044,0
1.0,0.92561346,5.604698,0
1.0,0.9293153,5.616847,0
1.0,0.93266344,5.6251817,0
1.0,0.9257858,5.5699453,0
1.0,0.9244665,5.504147,0
1.0,0.940452,5.45131,0
1.0,0.94733393,5.303838,0
1.0,0.95303464,5.0597734,0
1.0,0.95791256,4.745676,0
1.0,0.967533,4.3635187,0
1.0,0.9724392,3.8704705,0
1.0,0.97579837,3.4604793,0
1.0,0.97749513,3.0799518,0
1.0,0.9829443,2.6264155,0
1.0,0.98458326,2.2729897,0
1.0,0.98476046,2.0547493,0
1.0,0.9825942,1.8286835,0
1.0,0.9825959,1.6397109,0
1.0,0.9797593,1.4538121,0
1.0,0.97316295,1.2741523,0
1.0,0.9680118,1.167295,0
1.0,0.9727199,1.1124605,0
1.0,0.97614497,1.0969634,0
1.0,0.9782733,1.1185362,0
1.0,0.97987694,1.1538842,0
1.0,0.9845568,1.2231443,0
1.0,0.985803,1.289131,0
1.0,0.9860714,1.335149,0
1.0,0.98431337,1.3906497,0
1.0,0.9821326,1.4437071,0
1.0,0.9762239,1.5218099,0
1.0,0.96851796,1.5671184,0
1.0,0.95968354,1.5883582,0
1.0,0.95567226,1.6370927,0
1.0,0.95125836,1.6375391,0
1.0,0.9478547,1.6200936,0
1.0,0.9475699,1.6089835,0
1.0,0.94744146,1.6043985,0
1.0,0.9494732,1.5911843,0
1.0,0.9474093,1.5488155,0
1.0,0.95036566,1.508817,0
1.0,0.95197666,1.4755702,0
1.0,0.9570328,1.391186,0
1.0,0.95983857,1.2949095,0
1.0,0.9632541,1.2822274,0
1.0,0.9646997,1.3085499,0
1.0,0.96401477,1.3290741,0
1.0,0.96099687,1.3176186,0
1.0,0.96195,1.3168697,0
1.0,0.96334356,1.3480189,0
1.0,0.9616487,1.3910086,0
1.0,0.9607323,1.4853992,0
1.0,0.9598919,1.5948069,0
1.0,0.96080494,1.7017102,0
1.0,0.9611732,1.8154138,0
1.0,0.9622519,1.9297731,0
1.0,0.96616036,2.1012967,0
1.0,0.9739715,2.2134755,0
1.0,0.97988087,2.3157413,0
1.0,0.9820424,2.4502244,0
1.0,0.98242366,2.495698,0
1.0,0.9832313,2.539531,0
1.0,0.9832186,2.56539,0
1.0,0.98179674,2.6058187,0
1.0,0.9787167,2.6629634,0
1.0,0.97693264,2.663159,0
1.0,0.97436494,2.6837602,0
1.0,0.97073,2.7098644,0
1.0,0.96558774,2.705225,0
1.0,0.9667162,2.7033744,0
1.0,0.9694992,2.6926882,0
1.0,0.97193265,2.6832318,0
1.0,0.9718213,2.6649256,0
1.0,0.9739241,2.6492887,0
1.0,0.9762998,2.5998383,0
1.0,0.97699785,2.5281892,0
1.0,0.9754435,2.420065,0
1.0,0.9764689,2.2965462,0
1.0,0.9772742,2.2080579,0
1.0,0.9747933,2.1592584,0
1.0,0.9728727,2.109475,0
1.0,0.9733262,2.0567188,0
1.0,0.9757037,2.0323243,0
1.0,0.97706646,1.9576929,0
1.0,0.978105,1.9236219,0
1.0,0.97955704,1.908726,0
1.0,0.9810783,1.8579445,0
1.0,0.9827009,1.7988603,0
1.0,0.98338956,1.6518486,0
1.0,0.9834194,1.5511277,0
1.0,0.9831529,1.463342,0
1.0,0.9819526,1.3751485,0
1.0,0.98166007,1.367883,0
1.0,0.9806631,1.3424873,0
1.0,0.9792676,1.3144367,0
1.0,0.9771717,1.2465369,0
1.0,0.97689784,1.1623837,0
1.0,0.97738,1.1213337,0
1.0,0.9769636,1.0867418,0
1.0,0.9763447,1.0481379,0
1.0,0.9788755,1.0397588,0
1.0,0.9809404,1.0395883,0
1.0,0.98206055,1.0403821,0
1.0,0.983061,1.041776,0
1.0,0.9828706,1.0379195,0
1.0,0.9804961,1.0177121,0
1.0,0.9776937,1.0076905,0
1.0,0.97649914,0.99576324,0
1.0,0.97194934,0.9835249,0
1.0,0.9644819,0.9736691,0
1.0,0.954883,0.9585513,0
1.0,0.94870627,0.9467962,0
1.0,0.93294704,0.92990136,0
1.0,0.9114804,0.9118191,0
1.0,0.9257341,0.91731185,0
1.0,0.9548914,0.96100926,0
1.0,0.9587005,0.9293401,0
1.0,0.957574,0.8679209,0
1.0,0.9673181,0.8442501,0
1.0,0.9777999,0.8037097,0
1.0,0.9759787,0.80209696,0
1.0,0.9661609,0.8355043,0
1.0,0.96270114,0.82084286,0
1.0,0.9697687,0.7977796,0
1.0,0.9623984,0.73099184,0
1.0,0.9398754,0.6380665,0
1.0,0.9421745,0.56987464,0
1.0,0.95608944,0.5695347,0
1.0,0.95595855,0.5876419,0
1.0,0.94999844,0.59473217,0
1.0,0.9550876,0.6122395,0
1.0,0.9624864,0.6264195,0
1.0,0.9614584,0.62633795,0
1.0,0.9528558,0.6139213,0
1.0,0.9641515,0.6253478,0
1.0,0.97679704,0.6445433,0
1.0,0.9800703,0.6532045,0
1.0,0.97489357,0.64778006,0
1.0,0.9763115,0.6494941,0
1.0,0.9779373,0.6516491,0
1.0,0.97434705,0.6496018,0
1.0,0.9517507,0.6239419,0
1.0,0.95255524,0.6276952,0
1.0,0.9620111,0.6500792,0
1.0,0.965124,0.65524375,0
1.0,0.95536596,0.6534938,0
1.0,0.96929866,0.738041,0
1.0,0.9783845,0.89594704,0
1.0,0.98187697,1.0464814,0
1.0,0.97842705,1.1981168,0
1.0,0.98202294,1.3331659,0
1.0,0.984171,1.4266667,0
1.0,0.9824761,1.5083299,0
1.0,0.9761944,1.4871217,0
1.0,0.9799318,1.5336267,0
1.0,0.9834362,1.6025789,0
1.0,0.9835413,1.5963013,0
1.0,0.98146844,1.5972543,0
1.0,0.9821247,1.60027,0
1.0,0.98196214,1.5950346,0
1.0,0.9807991,1.5758747,0
1.0,0.9786001,1.5529876,0
1.0,0.97986364,1.5526737,0
1.0,0.98203653,1.5525055,0
1.0,0.9824242,1.5522851,0
1.0,0.9809349,1.5504465,0
1.0,0.9799154,1.5505607,0
1.0,0.9809095,1.5485157,0
1.0,0.9816838,1.5453564,0
1.0,0.97906154,1.5442657,0
1.0,0.975647,1.5470693,0
1.0,0.97438985,1.5568618,0
1.0,0.97438264,1.5783372,0
1.0,0.97402704,1.6059533,0
1.0,0.9758741,1.6454926,0
1.0,0.97852695,1.6729887,0
1.0,0.97719485,1.6647078,0
1.0,0.9795625,1.6395342,0
1.0,0.9789843,1.5519292,0
1.0,0.9780644,1.3732665,0
1.0,0.98130476,1.1949105,0
1.0,0.98172516,1.0083437,0
1.0,0.98029363,0.8561526,0
1.0,0.9795924,0.7483379,0
1.0,0.9769563,0.6036651,0
1.0,0.9679211,0.4908851,0
1.0,0.95544803,0.38935596,0
1.0,0.9534321,0.27282417,0
1.0,0.9582045,0.24845725,0
1.0,0.9586631,0.27005434,0
1.0,0.95290786,0.28846368,0
1.0,0.9609788,0.37266767,0
1.0,0.9715189,0.5593742,0
1.0,0.979544,0.76050913,0
1.0,0.98201114,0.97690415,0
1.0,0.9839511,1.2746837,0
1.0,0.9843413,1.5871286,0
1.0,0.98492277,1.8203331,0
1.0,0.98251855,2.0430832,0
1.0,0.98072445,2.2633355,0
1.0,0.9812759,2.457632,0
1.0,0.9793602,2.7124119,0
1.0,0.97274774,2.8821363,0
1.0,0.96909785,2.9836776,0
1.0,0.9627994,3.024097,0
1.0,0.9555673,2.9875734,0
1.0,0.94521326,2.9248946,0
1.0,0.9471994,2.8974884,0
1.0,0.9534512,2.9044156,0
1.0,0.9575491,2.9156694,0
1.0,0.9557126,2.9268336,0
1.0,0.96065646,2.9749482,0
1.0,0.9644778,3.0427291,0
1.0,0.9655024,3.09731,0
1.0,0.96211326,3.1557765,0
1.0,0.96017706,3.2080224,0
1.0,0.95608187,3.2166357,0
1.0,0.9487422,3.221256,0
1.0,0.9339745,3.201933,0
1.0,0.9222301,3.179471,0
1.0,0.92218804,3.1834242,0
1.0,0.9258239,3.1634562,0
1.0,0.9289869,3.1586518,0
1.0,0.93169117,3.1287165,0
1.0,0.941802,3.0022972,0
1.0,0.9527229,2.8814406,0
1.0,0.9599818,2.737046,0
1.0,0.9656294,2.5070128,0
1.0,0.97063553,2.275071,0
1.0,0.9717945,2.136007,0
1.0,0.9708845,1.9906132,0
1.0,0.96899444,1.8095043,0
1.0,0.96570086,1.6688423,0
1.0,0.96119344,1.4821894,0
1.0,0.9577309,1.333095,0
1.0,0.9568886,1.2479072,0
1.0,0.95540524,1.1991502,0
1.0,0.95182,1.2311924,0
1.0,0.9497059,1.27216,0
1.0,0.94756335,1.3064067,0
1.0,0.9502706,1.3532264,0
1.0,0.95363766,1.374673,0
1.0,0.9566373,1.4171457,0
1.0,0.9554507,1.4829335,0
1.0,0.9523149,1.4744835,0
1.0,0.9473241,1.4834262,0
1.0,0.94517845,1.4953294,0
1.0,0.93412817,1.472916,0
1.0,0.9258327,1.4996957,0
1.0,0.90384674,1.5026777,0
1.0,0.8969282,1.5248882,0
1.0,0.8617876,1.5379272,0
1.0,0.85766596,1.746855,0
1.0,0.8622984,2.0269961,0
1.0,0.9009217,2.405097,0
1.0,0.90651923,2.634943,0
1.0,0.91808057,2.811407,0
1.0,0.9154913,2.925013,0
1.0,0.92807335,3.00612,0
1.0,0.919648,2.9687724,0
1.0,0.9209842,2.9659007,0
1.0,0.91211134,2.9258666,0
1.0,0.92264813,2.9273772,0
1.0,0.9185578,2.8815627,0
1.0,0.9274221,2.8587308,0
1.0,0.9276299,2.7870605,0
1.0,0.9426171,2.8044176,0
1.0,0.94646347,2.7924187,0
1.0,0.9577157,2.8092332,0
1.0,0.9580367,2.8094707,0
1.0,0.96290714,2.7975101,0
1.0,0.9632586,2.7776215,0
1.0,0.96492666,2.7370708,0
1.0,0.9612248,2.7373133,0
1.0,0.9589357,2.7157817,0
1.0,0.9620996,2.707611,0
1.0,0.9663747,2.8220096,0
1.0,0.96729094,2.8736668,0
1.0,0.9688028,2.9357972,0
1.0,0.9692588,3.0136075,0
1.0,0.9752846,3.0460777,0
1.0,0.97877836,3.0812404,0
1.0,0.9794382,3.1449304,0
1.0,0.97721875,3.143107,0
1.0,0.97858196,3.0127654,0
1.0,0.9804176,2.8519754,0
1.0,0.97956586,2.683,0
1.0,0.97748667,2.5269144,0
1.0,0.97776264,2.4322357,0
1.0,0.97891736,2.2993183,0
1.0,0.97931004,2.1982706,0
1.0,0.9791773,2.156281,0
1.0,0.9799982,2.0995586,0
1.0,0.9819723,2.0244327,0
1.0,0.98382574,1.9795039,0
1.0,0.9866311,1.9912133,0
1.0,0.9882288,2.0284195,0
1.0,0.9888093,2.0705857,0
1.0,0.98839706,2.1074576,0
1.0,0.9878566,2.1271393,0
1.0,0.986578,2.1160014,0
1.0,0.9846662,2.0768876,0
1.0,0.979924,2.0555196,0
1.0,0.9729647,2.0287087,0
1.0,0.96625906,2.0175695,0
1.0,0.9629479,1.9830334,0
1.0,0.9601698,1.9444828,0
1.0,0.9583099,1.872066,0
1.0,0.9576596,1.7410238,0
1.0,0.9625617,1.6558615,0
1.0,0.96760535,1.5555739,0
1.0,0.97179013,1.4666008,0
1.0,0.9745531,1.4148458,0
1.0,0.9773613,1.3569901,0
1.0,0.9774355,1.3115495,0
1.0,0.97568196,1.3034856,0
1.0,0.97275114,1.2886355,0
1.0,0.9699906,1.245621,0
1.0,0.9700408,1.2012506,0
1.0,0.968491,1.1578723,0
1.0,0.9680618,1.1351604,0
1.0,0.9678772,1.1548734,0
1.0,0.96824974,1.2140894,0
1.0,0.9636127,1.2650499,0
1.0,0.96108305,1.2899563,0
1.0,0.963043,1.3417461,0
1.0,0.966368,1.4161676,0
1.0,0.9643485,1.4501271,0
1.0,0.9630748,1.4913881,0
1.0,0.96132714,1.5388092,0
1.0,0.9612835,1.5523217,0
1.0,0.9561146,1.6085825,0
1.0,0.95005375,1.7174821,0
1.0,0.943316,1.8249319,0
1.0,0.94456965,1.9856626,0
1.0,0.9363521,2.0788116,0
1.0,0.92504984,2.1247303,0
1.0,0.91182977,2.2099438,0
1.0,0.9228881,2.3534312,0
1.0,0.9252448,2.4253116,0
1.0,0.93132454,2.5205367,0
1.0,0.9285157,2.5809422,0
1.0,0.9371695,2.6428328,0
1.0,0.93436056,2.6526148,0
1.0,0.9333277,2.6767523,0
1.0,0.9289715,2.674797,0
1.0,0.93297493,2.6367207,0
1.0,0.9349451,2.574811,0
1.0,0.93651414,2.5254483,0
1.0,0.9341608,2.445123,0
1.0,0.9428039,2.3826325,0
1.0,0.9525725,2.3373003,0
1.0,0.95558494,2.2853012,0
1.0,0.9555984,2.215854,0
1.0,0.962262,2.1641617,0
1.0,0.9658436,2.1163766,0
1.0,0.96744007,2.0894313,0
1.0,0.96433973,2.0352778,0
1.0,0.9639923,1.9734682,0
1.0,0.95888656,1.9083452,0
1.0,0.9563294,1.8285834,0
1.0,0.9448368,1.7115681,0
1.0,0.940519,1.6357932,0
1.0,0.92681456,1.5111872,0
1.0,0.9184955,1.3712873,0
1.0,0.8989416,1.213446,0
1.0,0.89298505,1.0485554,0
1.0,0.8687934,0.9082858,0
1.0,0.863302,0.830751,0
1.0,0.8439132,0.69522643,0
1.0,0.84167737,0.5874295,0
1.0,0.8248016,0.5013621,0
1.0,0.8215526,0.41535074,0
1.0,0.8076471,0.32271713,0
1.0,0.8003925,0.2565315,0
1.0,0.7383589,0.18248071,0
1.0,0.7199407,0.14630458,0
1.0,0.6618203,0.10768068,0
1.0,0.6837727,0.1023687,0
1.0,0.6790129,0.09754145,0
1.0,0.6673133,0.08926136,0
1.0,0.64941,0.09308658,0
1.0,0.70961875,0.07884167,0
1.0,0.7384044,0.07445592,0
1.0,0.73968023,0.074611545,0
1.0,0.78270024,0.08000954,0
1.0,0.8567752,0.12855352,0
1.0,0.8903275,0.23691604,0
1.0,0.9003804,0.31730342,0
1.0,0.9142317,0.4500719,0
1.0,0.93696487,0.648792,0
1.0,0.9506499,0.8039111,0
1.0,0.95342135,1.0266485,0
1.0,0.9582833,1.3149772,0
1.0,0.9682294,1.5546281,0
1.0,0.97027135,1.8123862,0
1.0,0.9697963,2.0225675,0
1.0,0.9709325,2.1696248,0
1.0,0.97559243,2.2624593,0
1.0,0.97749054,2.317972,0
1.0,0.97513133,2.3363829,0
1.0,0.9745532,2.3324494,0
1.0,0.97456056,2.3350244,0
1.0,0.9746227,2.3289008,0
1.0,0.97354996,2.3143883,0
1.0,0.97428304,2.3177037,0
1.0,0.9765137,2.3205194,0
1.0,0.9792523,2.3293147,0
1.0,0.9780884,2.3668647,0
1.0,0.97357225,2.3823433,0
1.0,0.97132856,2.4025743,0
1.0,0.97279274,2.449543,0
1.0,0.97203064,2.475615,0
1.0,0.9682888,2.5079327,0
1.0,0.9665502,2.543914,0
1.0,0.9663391,2.5805292,0
1.0,0.96364367,2.6033783,0
1.0,0.95861447,2.5822668,0
1.0,0.9580038,2.5301688,0
1.0,0.96628743,2.4455848,0
1.0,0.97179294,2.3906312,0
1.0,0.97548723,2.2990518,0
1.0,0.9780662,2.148233,0
1.0,0.9802434,2.0381358,0
1.0,0.982363,1.8619802,0
1.0,0.98189753,1.6105776,0
1.0,0.9808441,1.3858523,0
1.0,0.97585946,1.1266254,0
1.0,0.9687995,0.9086519,0
1.0,0.96198773,0.7597389,0
1.0,0.9642107,0.67777276,0
1.0,0.9645894,0.6403539,0
1.0,0.9637554,0.662922,0
1.0,0.96481067,0.7357643,0
1.0,0.9690531,0.8581377,0
1.0,0.96991503,1.0787768,0
1.0,0.97154385,1.3215609,0
1.0,0.97170717,1.5297031,0
1.0,0.9729384,1.7878227,0
1.0,0.9742294,2.0375948,0
1.0,0.9755992,2.1905663,0
1.0,0.9751663,2.3843899,0
1.0,0.97572154,2.557382,0
1.0,0.9736332,2.653852,0
1.0,0.9707098,2.7038608,0
1.0,0.9669726,2.6701689,0
1.0,0.96660966,2.634121,0
1.0,0.96434104,2.603712,0
1.0,0.9645799,2.5658798,0
1.0,0.967975,2.5678134,0
1.0,0.9735562,2.591341,0
1.0,0.9754226,2.6080632,0
1.0,0.97745675,2.634948,0
1.0,0.9772784,2.6854777,0
1.0,0.97731245,2.7112198,0
1.0,0.97504586,2.7486877,0
1.0,0.9739959,2.7921872,0
1.0,0.96831256,2.8040028,0
1.0,0.95890015,2.8226933,0
1.0,0.9457094,2.8261468,0
1.0,0.9397596,2.8195853,0
1.0,0.9361476,2.814869,0
1.0,0.9350016,2.81369,0
1.0,0.93331736,2.797348,0
1.0,0.934461,2.7577136,0
1.0,0.93656117,2.7011828,0
1.0,0.9393933,2.6010242,0
1.0,0.9393727,2.4175522,0
1.0,0.9438101,2.259348,0
1.0,0.95599616,2.159514,0
1.0,0.96271795,1.9852734,0
1.0,0.9670894,1.8060415,0
1.0,0.9688233,1.6824677,0
1.0,0.96962714,1.5579213,0
1.0,0.96682614,1.5084307,0
1.0,0.9647118,1.483234,0
1.0,0.96491534,1.5112324,0
1.0,0.96616215,1.6273644,0
1.0,0.96533304,1.6907351,0
1.0,0.9645426,1.743114,0
1.0,0.9657705,1.7959529,0
1.0,0.9707051,1.8145924,0
1.0,0.9734708,1.813849,0
1.0,0.97825235,1.8005707,0
1.0,0.9827849,1.7665354,0
1.0,0.9862424,1.6981968,0
1.0,0.987066,1.6779121,0
1.0,0.9872705,1.6369634,0
1.0,0.9871257,1.5818001,0
1.0,0.9878076,1.569479,0
1.0,0.98687994,1.5417444,0
1.0,0.9852154,1.521055,0
1.0,0.9816964,1.5216855,0
1.0,0.9780216,1.5342144,0
1.0,0.9742198,1.5313619,0
1.0,0.970738,1.5291677,0
1.0,0.97003114,1.531389,0
1.0,0.9708825,1.5437543,0
1.0,0.9676435,1.5708632,0
1.0,0.96706367,1.6146064,0
1.0,0.9677444,1.6315176,0
1.0,0.9721919,1.6078745,0
1.0,0.9741823,1.6138678,0
1.0,0.9756296,1.6357434,0
1.0,0.9785836,1.6371335,0
1.0,0.97781086,1.6474037,0
1.0,0.975926,1.6412184,0
1.0,0.9740785,1.6685101,0
1.0,0.9765879,1.7179089,0
1.0,0.97749466,1.6996661,0
1.0,0.9771901,1.7396693,0
1.0,0.9764713,1.7804475,0
1.0,0.9781658,1.8138497,0
1.0,0.98073727,1.9004711,0
1.0,0.98172265,1.9782768,0
1.0,0.98031026,2.050444,0
1.0,0.98091036,2.1346092,0
1.0,0.98083824,2.1961224,0
1.0,0.9779008,2.1749053,0
1.0,0.9735005,2.1451805,0
1.0,0.9740753,2.1095467,0
1.0,0.97777873,2.0762064,0
1.0,0.9802592,2.0767124,0
1.0,0.98012954,2.0791898,0
1.0,0.9818092,2.0931685,0
1.0,0.9809368,2.0826893,0
1.0,0.9789418,2.082095,0
1.0,0.9761411,2.1004865,0
1.0,0.9754254,2.1109052,0
1.0,0.97334903,2.0852485,0
1.0,0.9686423,2.0268111,0
1.0,0.9667727,1.9457482,0
1.0,0.96461475,1.8542897,0
1.0,0.96615666,1.7950494,0
1.0,0.97058207,1.7513385,0
1.0,0.9744723,1.7180905,0
1.0,0.97627616,1.7074827,0
1.0,0.97822833,1.6938375,0
1.0,0.9805103,1.6646246,0
1.0,0.98227376,1.6076353,0
1.0,0.9828219,1.5575151,0
1.0,0.983198,1.5758369,0
1.0,0.984159,1.5653824,0
1.0,0.9849969,1.5589646,0
1.0,0.9843328,1.5790063,0
1.0,0.98304635,1.5451274,0
1.0,0.981571,1.5135807,0
1.0,0.97966754,1.5137494,0
1.0,0.9757003,1.4732243,0
1.0,0.97228616,1.4317107,0
1.0,0.96899486,1.4597623,0
1.0,0.9672577,1.4856954,0
1.0,0.9672744,1.5121701,0
1.0,0.97016203,1.5482265,0
1.0,0.9729556,1.5586149,0
1.0,0.97347283,1.5628428,0
1.0,0.97492653,1.556977,0
1.0,0.9762614,1.5502139,0
1.0,0.97612745,1.5428774,0
1.0,0.97529924,1.5142475,0
1.0,0.97484326,1.4999769,0
1.0,0.9724025,1.5213857,0
1.0,0.97083473,1.5830636,0
1.0,0.96881795,1.6724682,0
1.0,0.9685162,1.7838417,0
1.0,0.96603584,1.8811224,0
1.0,0.9626389,1.9090996,0
1.0,0.95746243,1.9207764,0
1.0,0.9520199,1.8924687,0
1.0,0.9439448,1.7995304,0
1.0,0.9421659,1.688889,0
1.0,0.9426888,1.5990357,0
1.0,0.9446037,1.4950793,0
1.0,0.943644,1.3787811,0
1.0,0.9443707,1.2983217,0
1.0,0.9454786,1.2091373,0
1.0,0.9502364,1.1134815,0
1.0,0.9549865,1.0643907,0
1.0,0.95326346,1.0166967,0
1.0,0.9459059,0.9424058,0
1.0,0.94608974,0.8965087,0
1.0,0.94508433,0.86041427,0
1.0,0.94188195,0.79973316,0
1.0,0.9309991,0.7726406,0
1.0,0.9392214,0.7435608,0
1.0,0.9363104,0.7333471,0
1.0,0.94030714,0.76499665,0
1.0,0.9438976,0.7988101,0
1.0,0.96028894,0.87057626,0
1.0,0.96387845,0.94853437,0
1.0,0.9648376,1.0641443,0
1.0,0.9700846,1.1972394,0
1.0,0.9778632,1.3039451,0
1.0,0.9811142,1.4328651,0
1.0,0.9811668,1.4773114,0
1.0,0.9806706,1.464158,0
1.0,0.981911,1.4431758,0
1.0,0.98141474,1.3550118,0
1.0,0.9785865,1.290527,0
1.0,0.97576785,1.2228644,0
1.0,0.97762114,1.2067683,0
1.0,0.9772484,1.215073,0
1.0,0.97753805,1.2284937,0
1.0,0.97891915,1.2399621,0
1.0,0.98072916,1.2426031,0
1.0,0.98107636,1.2354431,0
1.0,0.98110884,1.2163042,0
1.0,0.9808399,1.2098198,0
1.0,0.98026603,1.2095212,0
1.0,0.9817869,1.2093434,0
1.0,0.98213446,1.2235789,0
1.0,0.98270595,1.2522528,0
1.0,0.9816253,1.2703953,0
1.0,0.9816087,1.3032515,0
1.0,0.9820373,1.3235388,0
1.0,0.9815182,1.3223364,0
1.0,0.979424,1.3507075,0
1.0,0.9759151,1.3405768,0
1.0,0.97385955,1.3118731,0
1.0,0.97408223,1.303992,0
1.0,0.97333103,1.2260298,0
1.0,0.9710735,1.1495268,0
1.0,0.9700196,1.0362928,0
1.0,0.97308874,0.9075106,0
1.0,0.97437954,0.8038041,0
1.0,0.9734202,0.64860237,0
1.0,0.9685145,0.53651106,0
1.0,0.9667914,0.46535653,0
1.0,0.96778023,0.37138313,0
1.0,0.9640052,0.34628642,0
1.0,0.9555162,0.3408587,0
1.0,0.95604634,0.34094715,0
1.0,0.9591431,0.33583575,0
1.0,0.953253,0.32790387,0
1.0,0.9376042,0.30335125,0
1.0,0.9301033,0.2923529,0
1.0,0.924902,0.28959283,0
1.0,0.89964217,0.27760905,0
1.0,0.88580316,0.2793998,0
1.0,0.91276896,0.32046255,0
1.0,0.93675256,0.384497,0
1.0,0.943302,0.42017776,0
1.0,0.94510835,0.45620516,0
1.0,0.95711154,0.4618114,0
1.0,0.9654908,0.44935882,0
1.0,0.9652065,0.42215073,0
1.0,0.95907074,0.3968078,0
1.0,0.9632586,0.3970004,0
1.0,0.96635133,0.36803842,0
1.0,0.96186686,0.3464339,0
1.0,0.9591453,0.32827792,0
1.0,0.9642076,0.30016023,0
1.0,0.96249014,0.29258186,0
1.0,0.9577176,0.28608656,0
1.0,0.95921963,0.29971147,0
1.0,0.9672833,0.31005186,0
1.0,0.96580285,0.31065756,0
1.0,0.9674066,0.33179778,0
1.0,0.9667781,0.33652538,0
1.0,0.9723269,0.3300588,0
1.0,0.96937066,0.32788253,0
1.0,0.96386373,0.32589018,0
1.0,0.9551062,0.33268762,0
1.0,0.9655197,0.3504907,0
1.0,0.97165316,0.36547554,0
1.0,0.96946466,0.37738246,0
1.0,0.96457005,0.39303532,0
1.0,0.9754801,0.42325222,0
1.0,0.9778786,0.44689238,0
1.0,0.97364205,0.4546788,0
1.0,0.96973646,0.480963,0
1.0,0.9711039,0.49693823,0
1.0,0.96045136,0.479908,0
1.0,0.94352067,0.4897207,0
1.0,0.9310584,0.49507874,0
1.0,0.94046223,0.5265599,0
1.0,0.9467973,0.5605747,0
1.0,0.9568201,0.610853,0
1.0,0.95627326,0.6564623,0
1.0,0.95471597,0.70495045,0
1.0,0.955091,0.7859356,0
1.0,0.95004505,0.8508437,0
1.0,0.9516434,0.9294855,0
1.0,0.9501674,0.9706917,0
1.0,0.9531875,1.0286281,0
1.0,0.9471044,1.1793143,0
1.0,0.9514735,1.3331122,0
1.0,0.9531753,1.5010021,0
1.0,0.9543812,1.7529752,0
1.0,0.9500397,1.967515,0
1.0,0.9514848,2.1483998,0
1.0,0.9462395,2.2565281,0
1.0,0.9378558,2.3421462,0
1.0,0.9334607,2.41432,0
1.0,0.93481654,2.4340014,0
1.0,0.93259144,2.42831,0
1.0,0.9387845,2.4388237,0
1.0,0.9407245,2.4286616,0
1.0,0.94728005,2.4310703,0
1.0,0.9471717,2.407228,0
1.0,0.9551331,2.4042938,0
1.0,0.95747226,2.3904517,0
1.0,0.96353424,2.3872328,0
1.0,0.9646398,2.3634098,0
1.0,0.96581864,2.327252,0
1.0,0.96501756,2.2633266,0
1.0,0.9647763,2.1984081,0
1.0,0.9621547,2.1491976,0
1.0,0.9624404,2.143272,0
1.0,0.96736544,2.1441433,0
1.0,0.9745915,2.1776657,0
1.0,0.9763922,2.2043605,0
1.0,0.9778111,2.2082088,0
1.0,0.98042876,2.236157,0
1.0,0.9829258,2.2733822,0
1.0,0.98489225,2.363328,0
1.0,0.9855592,2.5340018,0
1.0,0.9853263,2.6842463,0
1.0,0.98585457,2.7921033,0
1.0,0.98791647,2.8833437,0
1.0,0.98792624,2.80845,0
1.0,0.9862613,2.664324,0
1.0,0.9847415,2.5153599,0
1.0,0.98293847,2.398754,0
1.0,0.9775475,2.3163872,0
1.0,0.9728996,2.24198,0
1.0,0.9716225,2.2209575,0
1.0,0.9719213,2.2173524,0
1.0,0.9702818,2.21071,0
1.0,0.971856,2.2127714,0
1.0,0.97671574,2.2208366,0
1.0,0.9795455,2.2283971,0
1.0,0.9795266,2.2430496,0
1.0,0.978721,2.259197,0
1.0,0.97718185,2.2564871,0
1.0,0.9771339,2.2673163,0
1.0,0.973592,2.321947,0
1.0,0.9713606,2.3755598,0
1.0,0.9693355,2.4263523,0
1.0,0.9719649,2.5422204,0
1.0,0.97106534,2.6310058,0
1.0,0.9693962,2.765577,0
1.0,0.9686322,2.9109325,0
1.0,0.97410595,3.065045,0
1.0,0.97807807,3.215234,0
1.0,0.9795823,3.2430792,0
1.0,0.97952497,3.1835084,0
1.0,0.98172945,3.0916584,0
1.0,0.98268306,2.8900895,0
1.0,0.9805721,2.5891557,0
1.0,0.9787512,2.3587766,0
1.0,0.9787104,2.1423652,0
1.0,0.9797463,1.971744,0
1.0,0.97755104,1.8620744,0
1.0,0.9750392,1.8146994,0
1.0,0.97692436,1.8061379,0
1.0,0.9804954,1.7729796,0
1.0,0.9818589,1.7523137,0
1.0,0.98004365,1.7464324,0
1.0,0.98017794,1.7538325,0
1.0,0.9800316,1.7786665,0
1.0,0.9779158,1.8154364,0
1.0,0.9744308,1.8595066,0
1.0,0.97595334,1.907572,0
1.0,0.9785525,1.9244268,0
1.0,0.9793794,1.9366298,0
1.0,0.9786537,1.9514399,0
1.0,0.9772633,1.9874442,0
1.0,0.9765097,1.9761559,0
1.0,0.97634727,1.9272468,0
1.0,0.9783474,1.874716,0
1.0,0.9785201,1.7644168,0
1.0,0.97946393,1.6505716,0
1.0,0.9805736,1.4726478,0
1.0,0.9807176,1.2576654,0
1.0,0.978299,1.0565374,0
1.0,0.9792746,0.8492316,0
1.0,0.9816288,0.73904383,0
1.0,0.97910255,0.681466,0
1.0,0.9745609,0.6470913,0
1.0,0.9765104,0.6321753,0
1.0,0.9771106,0.6150074,0
1.0,0.9814175,0.5713692,0
1.0,0.9796832,0.5247555,0
1.0,0.9793026,0.5171832,0
1.0,0.98033154,0.55098236,0
1.0,0.9821162,0.60919464,0
1.0,0.980433,0.71449196,0
1.0,0.9811188,0.9196177,0
1.0,0.9802563,1.1251514,0
1.0,0.98093516,1.3509283,0
1.0,0.98209757,1.6266572,0
1.0,0.9853617,1.9671913,0
1.0,0.9868096,2.331406,0
1.0,0.9864335,2.6795936,0
1.0,0.984178,3.007213,0
1.0,0.98294765,3.2281303,0
1.0,0.97784483,3.3610778,0
1.0,0.97042936,3.4594336,0
1.0,0.96131414,3.4775853,0
1.0,0.9602863,3.4860609,0
1.0,0.951669,3.490452,0
1.0,0.9580058,3.5418806,0
1.0,0.95959204,3.5580292,0
1.0,0.9561245,3.5465505,0
1.0,0.9539601,3.5405164,0
1.0,0.9576266,3.5494332,0
1.0,0.95920354,3.5350218,0
1.0,0.95882976,3.5261073,0
1.0,0.95751226,3.519954,0
1.0,0.95722544,3.5212762,0
1.0,0.9549042,3.5273185,0
1.0,0.947863,3.5115812,0
1.0,0.9455197,3.5140815,0
1.0,0.9482294,3.5356667,0
1.0,0.9481791,3.5496008,0
1.0,0.9484512,3.5793009,0
1.0,0.9459082,3.5498188,0
1.0,0.9516466,3.5497456,0
1.0,0.95181614,3.5250278,0
1.0,0.95590144,3.3924403,0
1.0,0.9602585,3.270888,0
1.0,0.96627945,3.1219501,0
1.0,0.9697674,2.8780432,0
1.0,0.9718811,2.5623214,0
1.0,0.9707939,2.1898332,0
1.0,0.97173285,1.8155804,0
1.0,0.9704367,1.4657209,0
1.0,0.9682597,1.2489636,0
1.0,0.9620557,1.09673,0
1.0,0.96062094,0.98065186,0
1.0,0.95120203,0.9052372,0
1.0,0.94561815,0.8778153,0
1.0,0.93322384,0.9062133,0
1.0,0.9339368,0.95022416,0
1.0,0.9231269,0.9662234,0
1.0,0.92120653,1.0488226,0
1.0,0.90226203,1.1074184,0
1.0,0.9003936,1.179363,0
1.0,0.8932948,1.2532152,0
1.0,0.89139026,1.3326571,0
1.0,0.8814527,1.3856373,0
1.0,0.8829845,1.4385599,0
1.0,0.8806268,1.4605684,0
1.0,0.88161045,1.5124712,0
1.0,0.865884,1.514247,0
1.0,0.8682355,1.5359321,0
1.0,0.8625923,1.5233308,0
1.0,0.8667212,1.5230057,0
1.0,0.86191994,1.5350456,0
1.0,0.8685664,1.5436343,0
1.0,0.870403,1.5258865,0
1.0,0.8821107,1.5812396,0
1.0,0.8832795,1.5561157,0
1.0,0.88627386,1.5709534,0
1.0,0.8840939,1.6379151,0
1.0,0.89518964,1.700228,0
1.0,0.89567745,1.7529457,0
1.0,0.89879864,1.8054899,0
1.0,0.89434886,1.8341616,0
1.0,0.90664864,1.9312147,0
1.0,0.90388775,1.9477798,0
1.0,0.9080801,1.970058,0
1.0,0.893112,1.934346,0
1.0,0.9024824,1.9395344,0
1.0,0.9013856,1.8555892,0
1.0,0.92217183,1.8328204,0
1.0,0.9270814,1.8082454,0
1.0,0.9443054,1.7807825,0
1.0,0.9484037,1.7038612,0
1.0,0.9550226,1.6422274,0
1.0,0.954707,1.5484737,0
1.0,0.9603493,1.4695606,0
1.0,0.96024334,1.3917805,0
1.0,0.96203196,1.3411005,0
1.0,0.95839727,1.2952051,0
1.0,0.9597124,1.2355855,0
1.0,0.9607401,1.1822175,0
1.0,0.96323615,1.1527264,0
1.0,0.9573385,1.1311469,0
1.0,0.9531191,1.104884,0
1.0,0.96124023,1.0860679,0
1.0,0.95828724,1.0641233,0
1.0,0.96683013,1.0298104,0
1.0,0.96678513,0.9460529,0
1.0,0.9693875,0.92506874,0
1.0,0.9689255,0.87408525,0
1.0,0.9738515,0.77534044,0
1.0,0.97053546,0.76055366,0
1.0,0.9713462,0.74256265,0
1.0,0.97429025,0.7326125,0
1.0,0.98082626,0.81174135,0
1.0,0.9795267,0.8445982,0
1.0,0.97890306,0.9050688,0
1.0,0.97938293,0.9955717,0
1.0,0.98053086,1.0831469,0
1.0,0.9726264,1.2007107,0
1.0,0.9748652,1.3222697,0
1.0,0.9732858,1.4077361,0
1.0,0.9727516,1.4926078,0
1.0,0.9664543,1.5335782,0
1.0,0.9677417,1.542701,0
1.0,0.9693467,1.5606908,0
1.0,0.9780252,1.6163303,0
1.0,0.97877914,1.6342001,0
1.0,0.97503495,1.6589644,0
1.0,0.97677076,1.6893668,0
1.0,0.97497004,1.6796676,0
1.0,0.9704725,1.6737334,0
1.0,0.96608126,1.6623228,0
1.0,0.9721183,1.6750836,0
1.0,0.9781074,1.6866841,0
1.0,0.97832286,1.6837301,0
1.0,0.97681636,1.6679152,0
1.0,0.97762877,1.6567452,0
1.0,0.9755913,1.6426952,0
1.0,0.97125983,1.6353223,0
1.0,0.96581006,1.6113791,0
1.0,0.9667203,1.5935979,0
1.0,0.9666852,1.5878749,0
1.0,0.9592393,1.5129433,0
1.0,0.9516767,1.4377642,0
1.0,0.95343435,1.4006398,0
1.0,0.9636769,1.3175972,0
1.0,0.97137433,1.2326124,0
1.0,0.9752338,1.1578138,0
1.0,0.9785671,1.0609088,0
1.0,0.98042965,0.97339594,0
1.0,0.98079234,0.8975409,0
1.0,0.9799064,0.8715626,0
1.0,0.9807828,0.9002347,0
1.0,0.9816089,0.91595304,0
1.0,0.9791798,0.97463596,0
1.0,0.97804433,1.1275913,0
1.0,0.9778882,1.257078,0
1.0,0.97465,1.3491997,0
1.0,0.97066534,1.4450111,0
1.0,0.96835726,1.5641944,0
1.0,0.9695951,1.7099011,0
1.0,0.97218794,1.8458192,0
1.0,0.9749619,2.0187488,0
1.0,0.9754194,2.1146364,0
1.0,0.97696066,2.152472,0
1.0,0.9784894,2.2112975,0
1.0,0.9815378,2.2768722,0
1.0,0.981778,2.3505287,0
1.0,0.9833081,2.4451704,0
1.0,0.981202,2.5282617,0
1.0,0.9803771,2.6453934,0
1.0,0.9771639,2.7195387,0
1.0,0.97487664,2.780437,0
1.0,0.96644205,2.848731,0
1.0,0.9595486,2.8921084,0
1.0,0.9567894,2.9483488,0
1.0,0.9618965,3.0584517,0
1.0,0.95842606,3.0854268,0
1.0,0.959717,3.1270802,0
1.0,0.95784026,3.156194,0
1.0,0.9589382,3.1592155,0
1.0,0.9537568,3.141927,0
1.0,0.95263374,3.0916634,0
1.0,0.9544518,3.0008543,0
1.0,0.961103,2.914277,0
1.0,0.96082425,2.828559,0
1.0,0.96104443,2.7123115,0
1.0,0.9591047,2.54817,0
1.0,0.96395606,2.436003,0
1.0,0.9576136,2.3069458,0
1.0,0.9557146,2.2143083,0
1.0,0.9544218,2.117216,0
1.0,0.9560918,2.0322604,0
1.0,0.948322,1.9464569,0
1.0,0.94530517,1.8728313,0
1.0,0.9481141,1.8986853,0
1.0,0.95352453,1.9887232,0
1.0,0.95369667,2.0923688,0
1.0,0.95552117,2.1939828,0
1.0,0.95833564,2.290415,0
1.0,0.96107525,2.3515701,0
1.0,0.96100897,2.3753297,0
1.0,0.96111757,2.3875306,0
1.0,0.9636696,2.413579,0
1.0,0.96735215,2.438235,0
1.0,0.96744406,2.4127288,0
1.0,0.96779424,2.394535,0
1.0,0.96803063,2.359719,0
1.0,0.9668299,2.2700562,0
1.0,0.9633032,2.1912787,0
1.0,0.96408767,2.1315565,0
1.0,0.96593195,2.0763,0
1.0,0.96550024,2.061695,0
1.0,0.96337146,2.0507126,0
1.0,0.96145594,2.0391555,0
1.0,0.95886725,2.0556254,0
1.0,0.95319784,2.0785758,0
1.0,0.94748473,2.0676558,0
1.0,0.9442238,2.0585456,0
1.0,0.94525355,2.0771708,0
1.0,0.9382753,2.0731096,0
1.0,0.93103206,2.0616736,0
1.0,0.9304854,2.1090913,0
1.0,0.9359904,2.1461668,0
1.0,0.9327194,2.1183753,0
1.0,0.9314895,2.111508,0
1.0,0.9296716,2.0605483,0
1.0,0.9351109,2.024879,0
1.0,0.927028,1.9419773,0
1.0,0.91785425,1.7832792,0
1.0,0.9152001,1.6455641,0
1.0,0.9214772,1.5345517,0
1.0,0.91402054,1.409622,0
1.0,0.90768963,1.3140091,0
1.0,0.90185326,1.1940575,0
1.0,0.90745455,1.1259578,0
1.0,0.8936335,1.0455998,0
1.0,0.8809431,0.96595675,0
1.0,0.87679744,0.9180258,0
1.0,0.914109,0.95921516,0
1.0,0.92409945,0.9567777,0
1.0,0.9298781,0.95087576,0
1.0,0.9292546,0.9353657,0
1.0,0.94489586,0.9506357,0
1.0,0.94829583,0.93347216,0
1.0,0.94927484,0.89968544,0
1.0,0.94101703,0.87657773,0
1.0,0.94613093,0.8882562,0
1.0,0.9506858,0.88211906,0
1.0,0.95341665,0.87899613,0
1.0,0.94899523,0.8781615,0
1.0,0.95366997,0.88128364,0
1.0,0.95784956,0.8649207,0
1.0,0.95950943,0.8415834,0
1.0,0.9538024,0.7611594,0
1.0,0.95574063,0.6822262,0
1.0,0.9567428,0.6256683,0
1.0,0.9578421,0.56574243,0
1.0,0.9556498,0.5093079,0
1.0,0.95927864,0.45865664,0
1.0,0.9633795,0.4171824,0
1.0,0.96472335,0.39862046,0
1.0,0.9621349,0.37724647,0
1.0,0.95771843,0.3501772,0
1.0,0.9638067,0.34062913,0
1.0,0.96827716,0.33038387,0
1.0,0.96882385,0.3306452,0
1.0,0.96426654,0.31266674,0
1.0,0.96844584,0.28893316,0
1.0,0.971376,0.28812733,0
1.0,0.97041076,0.32195294,0
1.0,0.971747,0.38231528,0
1.0,0.9741553,0.4841033,0
1.0,0.97412103,0.5995356,0
1.0,0.973538,0.7635272,0
1.0,0.9718094,0.9316709,0
1.0,0.97458345,1.0965385,0
1.0,0.9775244,1.3002859,0
1.0,0.97934204,1.4677479,0
1.0,0.9780788,1.6256365,0
1.0,0.97807944,1.7367074,0
1.0,0.97852176,1.8356843,0
1.0,0.9772792,1.9021255,0
1.0,0.97545445,1.8932778,0
1.0,0.9756864,1.9217832,0
1.0,0.9779357,1.9688816,0
1.0,0.979113,1.9772434,0
1.0,0.97971636,1.986177,0
1.0,0.9798986,1.9809568,0
1.0,0.9809481,1.9940289,0
1.0,0.9826796,2.0143242,0
1.0,0.98629934,2.0447698,0
1.0,0.98751926,2.0767076,0
1.0,0.9880503,2.0903249,0
1.0,0.9874257,2.09718,0
1.0,0.9864087,2.0996935,0
1.0,0.983539,2.0909598,0
1.0,0.9756747,2.0755248,0
1.0,0.96831346,2.0481381,0
1.0,0.9633973,2.0360465,0
1.0,0.95461774,2.0239532,0
1.0,0.9463617,2.0278244,0
1.0,0.9518183,2.0631514,0
1.0,0.9646801,2.0810819,0
1.0,0.9728114,2.103995,0
1.0,0.9762764,2.158533,0
1.0,0.9784274,2.0999122,0
1.0,0.9807571,2.0789986,0
1.0,0.9817114,2.0956135,0
1.0,0.9816018,2.0483599,0
1.0,0.98107374,2.116703,0
1.0,0.98154837,2.1289606,0
1.0,0.9823935,2.134538,0
1.0,0.9810209,2.1326962,0
1.0,0.98019695,2.1135302,0
1.0,0.97892284,2.1632564,0
1.0,0.97556543,2.174169,0
1.0,0.9692975,2.1775398,0
1.0,0.96775144,2.2504292,0
1.0,0.97174317,2.332138,0
1.0,0.97433895,2.3780775,0
1.0,0.97629184,2.3836212,0
1.0,0.97810876,2.4084132,0
1.0,0.98037523,2.4366684,0
1.0,0.981263,2.4469366,0
1.0,0.98202443,2.5090804,0
1.0,0.9791286,2.6003745,0
1.0,0.9781536,2.6614847,0
1.0,0.97405076,2.718933,0
1.0,0.97136486,2.772,0
1.0,0.9614244,2.7823632,0
1.0,0.95930666,2.8585165,0
1.0,0.95397407,2.9382548,0
1.0,0.95505327,3.0024457,0
1.0,0.9472937,2.9780343,0
1.0,0.95317847,2.9703653,0
1.0,0.95024467,2.8849728,0
1.0,0.9546284,2.7576046,0
1.0,0.94262105,2.6578424,0
1.0,0.9506858,2.5973377,0
1.0,0.9420188,2.4273036,0
1.0,0.9486703,2.380316,0
1.0,0.9319427,2.1891572,0
1.0,0.93466073,2.022447,0
1.0,0.92643636,1.8628703,0
1.0,0.9414216,1.7953082,0
1.0,0.9372358,1.7275392,0
1.0,0.9530813,1.7083961,0
1.0,0.9464479,1.6474682,0
1.0,0.95140994,1.6033288,0
1.0,0.94466764,1.4997897,0
1.0,0.9487391,1.4229519,0
1.0,0.9349359,1.3547794,0
1.0,0.94345,1.3587093,0
1.0,0.952237,1.3374463,0
1.0,0.959894,1.3148594,0
1.0,0.94955456,1.2702191,0
1.0,0.9573638,1.2398145,0
1.0,0.9650776,1.2223043,0
1.0,0.97254,1.2237275,0
1.0,0.97087604,1.1862245,0
1.0,0.9745856,1.167135,0
1.0,0.9777614,1.1776699,0
1.0,0.9788296,1.1509655,0
1.0,0.97554386,1.1153804,0
1.0,0.97389954,1.1119554,0
1.0,0.9759887,1.1147912,0
1.0,0.97779775,1.1613016,0
1.0,0.97446114,1.1984575,0
1.0,0.97056997,1.2138393,0
1.0,0.9691788,1.2459667,0
1.0,0.9651114,1.2748162,0
1.0,0.95608777,1.3439782,0
1.0,0.9559435,1.4402719,0
1.0,0.96395665,1.5787765,0
1.0,0.96984506,1.8101227,0
1.0,0.9708486,1.9560838,0
1.0,0.9719321,2.0745864,0
1.0,0.97428787,2.1752534,0
1.0,0.9778797,2.2060528,0
1.0,0.9777931,2.2391782,0
1.0,0.9752304,2.2812014,0
1.0,0.9703268,2.3113775,0
1.0,0.9696732,2.4163394,0
1.0,0.96616167,2.4927437,0
1.0,0.9582938,2.5208015,0
1.0,0.9471195,2.5310636,0
1.0,0.94480455,2.5145714,0
1.0,0.9496532,2.5153883,0
1.0,0.9596821,2.5209415,0
1.0,0.96357983,2.4615245,0
1.0,0.96883327,2.4153314,0
1.0,0.9709445,2.3762317,0
1.0,0.97427577,2.3421264,0
1.0,0.9751075,2.2956026,0
1.0,0.9756016,2.2418122,0
1.0,0.97218114,2.1638203,0
1.0,0.97028345,2.0715363,0
1.0,0.9679307,2.0044498,0
1.0,0.96776384,1.9361134,0
1.0,0.9673246,1.8638463,0
1.0,0.968971,1.8262764,0
1.0,0.9659928,1.7468666,0
1.0,0.9666312,1.652883,0
1.0,0.95956814,1.5209496,0
1.0,0.94917536,1.3254359,0
1.0,0.95065194,1.1102183,0
1.0,0.9602639,0.8858695,0
1.0,0.9489383,0.7316917,0
1.0,0.94678456,0.60979354,0
1.0,0.945241,0.50708425,0
1.0,0.95050997,0.48118344,0
1.0,0.9260923,0.4267654,0
1.0,0.91957635,0.37261155,0
1.0,0.91294104,0.33885446,0
1.0,0.92607695,0.26056263,0
1.0,0.9084297,0.21515533,0
1.0,0.90845174,0.21430513,0
1.0,0.9173816,0.22208157,0
1.0,0.94467777,0.2654376,0
1.0,0.94886327,0.28875488,0
1.0,0.9564142,0.3145619,0
1.0,0.9591612,0.3204386,0
1.0,0.96442974,0.32543343,0
1.0,0.95527947,0.3316353,0
1.0,0.9587122,0.3364964,0
1.0,0.96497345,0.34192234,0
1.0,0.96987456,0.34793335,0
1.0,0.96698564,0.34504664,0
1.0,0.96893376,0.3500907,0
1.0,0.9671587,0.34937412,0
1.0,0.96591157,0.34466088,0
1.0,0.96664655,0.3400554,0
1.0,0.9681639,0.34971684,0
1.0,0.9662543,0.3554385,0
1.0,0.9666257,0.35237977,0
1.0,0.96425736,0.35788423,0
1.0,0.9626006,0.35762167,0
1.0,0.9580501,0.35135013,0
1.0,0.94299287,0.34901714,0
1.0,0.928765,0.3472439,0
1.0,0.9192834,0.35153788,0
1.0,0.9205828,0.38133758,0
1.0,0.92529744,0.39961404,0
1.0,0.9112144,0.40198424,0
1.0,0.9087007,0.40839583,0
1.0,0.9198345,0.42360887,0
1.0,0.9208888,0.45505667,0
1.0,0.88509506,0.41268146,0
1.0,0.8496358,0.3669753,0
1.0,0.88421,0.4043071,0
1.0,0.90023744,0.44176865,0
1.0,0.87301886,0.45970538,0
1.0,0.8560937,0.50478244,0
1.0,0.8883226,0.67758715,0
1.0,0.90666246,0.80383015,0
1.0,0.8840019,0.8253858,0
1.0,0.8735723,0.88720345,0
1.0,0.91201985,1.0012074,0
1.0,0.92863005,1.0486706,0
1.0,0.9212817,1.0610225,0
1.0,0.91777223,1.0698793,0
1.0,0.9403562,1.1158031,0
1.0,0.9576192,1.1508725,0
1.0,0.9591183,1.1543455,0
1.0,0.9604484,1.1458017,0
1.0,0.9646154,1.1480558,0
1.0,0.9663291,1.1511132,0
1.0,0.96388495,1.1372509,0
1.0,0.96143603,1.1353598,0
1.0,0.9644668,1.1608057,0
1.0,0.9662528,1.1784835,0
1.0,0.96871537,1.2316037,0
1.0,0.97262585,1.3387973,0
1.0,0.97451854,1.4736435,0
1.0,0.97603446,1.6691229,0
1.0,0.9781141,1.8487211,0
1.0,0.9804678,2.1025944,0
1.0,0.9816066,2.4414294,0
1.0,0.982103,2.6263175,0
1.0,0.98253286,2.7898111,0
1.0,0.9825355,2.948472,0
1.0,0.9817478,3.049806,0
1.0,0.9795066,3.149667,0
1.0,0.97805756,3.171956,0
1.0,0.97572255,3.1037288,0
1.0,0.9743429,2.9494095,0
1.0,0.9726533,2.8323102,0
1.0,0.97291577,2.7831457,0
1.0,0.9736268,2.7300544,0
1.0,0.9730277,2.6716545,0
1.0,0.9707615,2.6481156,0
1.0,0.9734644,2.630589,0
1.0,0.974802,2.6105604,0
1.0,0.9745205,2.6017642,0
1.0,0.96842873,2.6007872,0
1.0,0.96415883,2.60976,0
1.0,0.9631851,2.613526,0
1.0,0.9642304,2.6291049,0
1.0,0.9611758,2.6289403,0
1.0,0.959774,2.627503,0
1.0,0.9586963,2.619794,0
1.0,0.96009827,2.6036963,0
1.0,0.95929086,2.5756745,0
1.0,0.9633792,2.527438,0
1.0,0.9630046,2.419753,0
1.0,0.96750134,2.2769752,0
1.0,0.96903497,2.091704,0
1.0,0.9718098,1.9403986,0
1.0,0.9771703,1.7575526,0
1.0,0.9815621,1.4447463,0
1.0,0.9829196,1.2395627,0
1.0,0.9837235,1.1102557,0
1.0,0.98399734,0.9497725,0
1.0,0.9828356,0.83613926,0
1.0,0.9802862,0.750751,0
1.0,0.98185056,0.7631601,0
1.0,0.98117,0.86968815,0
1.0,0.97940916,0.94198257,0
1.0,0.9780667,0.9863071,0
1.0,0.97834545,1.0277363,0
1.0,0.9775327,1.069846,0
1.0,0.972636,1.1348553,0
1.0,0.97075707,1.1599591,0
1.0,0.969907,1.1826541,0
1.0,0.9694641,1.2094219,0
1.0,0.96853894,1.2112184,0
1.0,0.97278565,1.2035909,0
1.0,0.97768706,1.2158811,0
1.0,0.9813876,1.2493908,0
1.0,0.98187846,1.2592815,0
1.0,0.9821988,1.3103372,0
1.0,0.98151994,1.3662198,0
1.0,0.9797947,1.4113066,0
1.0,0.9755181,1.4348581,0
1.0,0.96992815,1.4357204,0
1.0,0.95871097,1.4249157,0
1.0,0.9495609,1.4095528,0
1.0,0.946023,1.4087181,0
1.0,0.9538103,1.4525714,0
1.0,0.9552896,1.4912541,0
1.0,0.96120375,1.5133612,0
1.0,0.9630639,1.6102567,0
1.0,0.9674837,1.6895324,0
1.0,0.968175,1.7022986,0
1.0,0.97129536,1.8290659,0
1.0,0.9712881,1.9685663,0
1.0,0.9713634,2.0022683,0
1.0,0.97097313,2.0309863,0
1.0,0.97212964,2.0168762,0
1.0,0.9734278,2.0438347,0
1.0,0.9732615,2.0646617,0
1.0,0.9710414,2.0140848,0
1.0,0.97361225,1.9492174,0
1.0,0.97426504,1.8782785,0
1.0,0.9752523,1.8501834,0
1.0,0.9755128,1.826854,0
1.0,0.9777995,1.8115139,0
1.0,0.98134845,1.8345315,0
1.0,0.98465574,1.8419378,0
1.0,0.9850113,1.8215626,0
1.0,0.98330516,1.7863002,0
1.0,0.98222256,1.7608017,0
1.0,0.9834563,1.7058402,0
1.0,0.98389035,1.6480591,0
1.0,0.981406,1.5976949,0
1.0,0.9770175,1.5687745,0
1.0,0.9774435,1.5753076,0
1.0,0.97614247,1.6061634,0
1.0,0.97578454,1.6771003,0
1.0,0.97845525,1.7322589,0
1.0,0.98090106,1.8047212,0
1.0,0.98168474,1.8598087,0
1.0,0.98306656,1.8617222,0
1.0,0.9838675,1.890488,0
1.0,0.98490566,1.9792514,0
1.0,0.98545617,2.0828266,0
1.0,0.984068,2.1329067,0
1.0,0.98373336,2.120834,0
1.0,0.9828462,2.1509094,0
1.0,0.98044133,2.1771235,0
1.0,0.9752526,2.1653,0
1.0,0.9735714,2.135501,0
1.0,0.9741382,2.1859937,0
1.0,0.97547716,2.3071837,0
1.0,0.97713417,2.3692594,0
1.0,0.97777086,2.3993874,0
1.0,0.9780839,2.4147348,0
1.0,0.97853273,2.4163375,0
1.0,0.9804832,2.4133043,0
1.0,0.98377764,2.401197,0
1.0,0.9841487,2.4013352,0
1.0,0.98296595,2.4099221,0
1.0,0.98184377,2.4249253,0
1.0,0.9816877,2.4338415,0
1.0,0.97859555,2.4267263,0
1.0,0.9690233,2.4015121,0
1.0,0.9647652,2.389786,0
1.0,0.9672929,2.3890805,0
1.0,0.96966827,2.383203,0
1.0,0.9708821,2.351138,0
1.0,0.9702762,2.2925587,0
1.0,0.97321737,2.2514048,0
1.0,0.9750175,2.1777024,0
1.0,0.9742363,2.1273615,0
1.0,0.97197264,2.0841746,0
1.0,0.9724283,1.9528258,0
1.0,0.9701408,1.7966356,0
1.0,0.96516967,1.6335292,0
1.0,0.95176786,1.4187264,0
1.0,0.9515079,1.2562294,0
1.0,0.9502915,1.1100898,0
1.0,0.9413784,0.9411991,0
1.0,0.93157184,0.84159434,0
1.0,0.9329212,0.8064502,0
1.0,0.93746394,0.72802985,0
1.0,0.9298626,0.6684942,0
1.0,0.93164045,0.7038597,0
1.0,0.94087696,0.7364825,0
1.0,0.95263,0.79382735,0
1.0,0.9651918,0.90429866,0
1.0,0.964261,0.95318115,0
1.0,0.96070313,0.9918029,0
1.0,0.9550261,1.0643976,0
1.0,0.9555267,1.1190357,0
1.0,0.95590395,1.1880391,0
1.0,0.9586689,1.2638621,0
1.0,0.95719194,1.3610022,0
1.0,0.9617639,1.5054967,0
1.0,0.95821905,1.5933421,0
1.0,0.9594282,1.6747432,0
1.0,0.9571538,1.7667669,0
1.0,0.9639879,1.904695,0
1.0,0.9685857,2.042779,0
1.0,0.9760859,2.1466928,0
1.0,0.9770024,2.2279115,0
1.0,0.9801169,2.2733533,0
1.0,0.97957134,2.336724,0
1.0,0.97953016,2.3976588,0
1.0,0.974666,2.3823876,0
1.0,0.97497797,2.4023385,0
1.0,0.97124636,2.4360309,0
1.0,0.9667859,2.4344053,0
1.0,0.9568173,2.4124546,0
1.0,0.95804733,2.426528,0
1.0,0.95748913,2.4085484,0
1.0,0.9611703,2.3823028,0
1.0,0.96016234,2.3511395,0
1.0,0.96520483,2.3239408,0
1.0,0.96414244,2.2507114,0
1.0,0.9642019,2.2163565,0
1.0,0.9643627,2.2178106,0
1.0,0.9660493,2.218708,0
1.0,0.9705511,2.3171184,0
1.0,0.97230124,2.4153557,0
1.0,0.9747979,2.4338012,0
1.0,0.9758135,2.4824097,0
1.0,0.9756413,2.5001836,0
1.0,0.9729329,2.447578,0
1.0,0.9738554,2.380262,0
1.0,0.97453046,2.2789502,0
1.0,0.97340924,2.2053885,0
1.0,0.97117585,2.1403737,0
1.0,0.9732772,2.0647106,0
1.0,0.97435683,1.932163,0
1.0,0.9746388,1.7867613,0
1.0,0.97521406,1.6802752,0
1.0,0.9781887,1.5727484,0
1.0,0.98000115,1.4580903,0
1.0,0.9797127,1.3482342,0
1.0,0.9796801,1.2706418,0
1.0,0.98128337,1.2446964,0
1.0,0.98065305,1.2131329,0
1.0,0.9768688,1.1688244,0
1.0,0.9745285,1.1475635,0
1.0,0.9717934,1.1321197,0
1.0,0.9668745,1.1150153,0
1.0,0.9571325,1.1054931,0
1.0,0.9625019,1.1243951,0
1.0,0.9685069,1.1471647,0
1.0,0.9745963,1.1639178,0
1.0,0.9759065,1.1933264,0
1.0,0.9800063,1.2454708,0
1.0,0.9819886,1.2641212,0
1.0,0.9836181,1.2553264,0
1.0,0.98334277,1.2590961,0
1.0,0.984496,1.3209964,0
1.0,0.98398167,1.4401157,0
1.0,0.98453516,1.5796359,0
1.0,0.9833018,1.7761731,0
1.0,0.9832969,2.0583413,0
1.0,0.9806356,2.2909472,0
1.0,0.9764322,2.489997,0
1.0,0.9704283,2.703098,0
1.0,0.9698234,2.8343415,0
1.0,0.968696,2.9098077,0
1.0,0.9684785,2.977383,0
1.0,0.9665718,3.0274405,0
1.0,0.96876055,3.066352,0
1.0,0.9723698,3.067501,0
1.0,0.9734683,3.0716515,0
1.0,0.97236043,3.0722709,0
1.0,0.96993715,3.0607493,0
1.0,0.9667773,3.0583987,0
1.0,0.96620566,3.050919,0
1.0,0.9642846,3.0362773,0
1.0,0.95889485,3.0252943,0
1.0,0.94648534,2.995141,0
1.0,0.94057983,2.9826112,0
1.0,0.94137114,2.9837499,0
1.0,0.9370284,2.998732,0
1.0,0.9298311,3.0388846,0
1.0,0.9403609,3.132442,0
1.0,0.9550476,3.2830725,0
1.0,0.9620907,3.3860724,0
1.0,0.96758145,3.4272451,0
1.0,0.9741281,3.4474096,0
1.0,0.9782839,3.4093106,0
1.0,0.9795694,3.312459,0
1.0,0.97963685,3.1863527,0
1.0,0.98129004,3.026701,0
1.0,0.9825404,2.8051858,0
1.0,0.9824849,2.533061,0
1.0,0.9805387,2.321388,0
1.0,0.9784015,2.1221063,0
1.0,0.9748444,1.8904386,0
1.0,0.96891695,1.7518522,0
1.0,0.9621114,1.6520355,0
1.0,0.9643244,1.5914911,0
1.0,0.96867955,1.5567285,0
1.0,0.97054994,1.5306957,0
1.0,0.9716778,1.5311147,0
1.0,0.97585785,1.5402548,0
1.0,0.9778665,1.5420762,0
1.0,0.97864085,1.551481,0
1.0,0.97714007,1.562796,0
1.0,0.97428215,1.5800531,0
1.0,0.97285223,1.6115053,0
1.0,0.9746294,1.6354771,0
1.0,0.9732344,1.6374413,0
1.0,0.9712525,1.6330814,0
1.0,0.97006065,1.6261861,0
1.0,0.9677757,1.5934458,0
1.0,0.96552247,1.5496128,0
1.0,0.96368134,1.5094192,0
1.0,0.9672391,1.4276654,0
1.0,0.97106194,1.3168153,0
1.0,0.9710844,1.2193251,0
1.0,0.97057986,1.1302302,0
1.0,0.97734946,1.0529816,0
1.0,0.9781083,0.96956396,0
1.0,0.97789985,0.91888416,0
1.0,0.9733917,0.8414812,0
1.0,0.97683614,0.80199623,0
1.0,0.97778785,0.7931097,0
1.0,0.97509104,0.7380823,0
1.0,0.9666982,0.68933654,0
1.0,0.97249347,0.6905764,0
1.0,0.9747893,0.67985874,0
1.0,0.96996945,0.7018393,0
1.0,0.9587009,0.7168589,0
1.0,0.963232,0.74785644,0
1.0,0.9624166,0.7757564,0
1.0,0.95361,0.7765502,0
1.0,0.9416033,0.7712116,0
1.0,0.95175093,0.8038559,0
1.0,0.9550107,0.811074,0
1.0,0.95031154,0.78402925,0
1.0,0.9393982,0.74668986,0
1.0,0.9451711,0.72951764,0
1.0,0.9447151,0.7051676,0
1.0,0.9382497,0.68931675,0
1.0,0.92687654,0.67937684,0
1.0,0.92612267,0.7071326,0
1.0,0.9315309,0.7630871,0
1.0,0.9294288,0.8085282,0
1.0,0.9259025,0.8481914,0
1.0,0.9387414,0.8851402,0
1.0,0.9454858,0.9779447,0
1.0,0.94570065,1.0681059,0
1.0,0.9497333,1.1367488,0
1.0,0.95038474,1.2153534,0
1.0,0.9510221,1.2496587,0
1.0,0.9503617,1.2580202,0
1.0,0.9563073,1.3025327,0
1.0,0.95726883,1.288024,0
1.0,0.9537422,1.2598433,0
1.0,0.95914036,1.2768275,0
1.0,0.95973676,1.2815392,0
1.0,0.95786935,1.2897787,0
1.0,0.9559497,1.2930169,0
1.0,0.95595485,1.3208628,0
1.0,0.95820725,1.3649967,0
1.0,0.956122,1.4233272,0
1.0,0.95743006,1.5786723,0
1.0,0.9629628,1.7386589,0
1.0,0.969369,2.0020623,0
1.0,0.9720343,2.2692957,0
1.0,0.9724098,2.4625077,0
1.0,0.97198975,2.6667292,0
1.0,0.9715053,2.7687132,0
1.0,0.96926415,2.8580108,0
1.0,0.96601903,2.9140034,0
1.0,0.95938486,2.8950388,0
1.0,0.95620275,2.8745556,0
1.0,0.95754504,2.846434,0
1.0,0.95874834,2.7903576,0
1.0,0.96112657,2.735231,0
1.0,0.96058476,2.6986847,0
1.0,0.962888,2.6673045,0
1.0,0.9627294,2.5990605,0
1.0,0.96344405,2.5367804,0
1.0,0.96239454,2.521005,0
1.0,0.96026015,2.4889436,0
1.0,0.95316654,2.4428895,0
1.0,0.9487517,2.3972511,0
1.0,0.94302756,2.3419073,0
1.0,0.94214493,2.3236396,0
1.0,0.9421917,2.3130891,0
1.0,0.943765,2.3338757,0
1.0,0.93921006,2.343662,0
1.0,0.941417,2.4023948,0
1.0,0.94890684,2.5306268,0
1.0,0.95710206,2.6603813,0
1.0,0.96227276,2.8633018,0
1.0,0.9653455,3.0034444,0
1.0,0.9686912,3.0225196,0
1.0,0.97240496,3.0907285,0
1.0,0.9734673,2.9971054,0
1.0,0.97113854,2.8298478,0
1.0,0.96951216,2.7363002,0
1.0,0.96836287,2.595511,0
1.0,0.9638555,2.529717,0
1.0,0.9601742,2.4613671,0
1.0,0.9596957,2.398963,0
1.0,0.96215886,2.3968067,0
1.0,0.9635009,2.3968506,0
1.0,0.9701709,2.409978,0
1.0,0.97749,2.4161496,0
1.0,0.9815642,2.3893223,0
1.0,0.9822467,2.3191473,0
1.0,0.98316145,2.2676632,0
1.0,0.9832213,2.2123284,0
1.0,0.9808826,2.1628234,0
1.0,0.9763948,2.0969558,0
1.0,0.97354805,2.0421486,0
1.0,0.9724557,2.0337617,0
1.0,0.96452636,2.0232167,0
1.0,0.9542073,2.0196915,0
1.0,0.9557409,2.0634542,0
1.0,0.9669407,2.1508412,0
1.0,0.9739783,2.221421,0
1.0,0.97774637,2.3184404,0
1.0,0.9811473,2.3468926,0
1.0,0.9840259,2.2939613,0
1.0,0.98516035,2.1844687,0
1.0,0.9848771,1.9752139,0
1.0,0.9850713,1.8260401,0
1.0,0.9851119,1.7067374,0
1.0,0.98441386,1.5416675,0
1.0,0.98262846,1.4410747,0
1.0,0.98065466,1.4128982,0
1.0,0.9777655,1.3661118,0
1.0,0.969521,1.3383989,0
1.0,0.9628178,1.4204638,0
1.0,0.9589863,1.5084546,0
1.0,0.96375066,1.5749428,0
1.0,0.96628535,1.6623735,0
1.0,0.96520805,1.7148128,0
1.0,0.96730053,1.7370054,0
1.0,0.97133857,1.7521961,0
1.0,0.97802097,1.7680886,0
1.0,0.97938365,1.780155,0
1.0,0.9795473,1.7935781,0
1.0,0.9766001,1.7908907,0
1.0,0.97721046,1.7943966,0
1.0,0.97440153,1.7877028,0
1.0,0.9695439,1.7828708,0
1.0,0.9606677,1.7754892,0
1.0,0.9662632,1.8003469,0
1.0,0.9696376,1.820606,0
1.0,0.97203785,1.7980742,0
1.0,0.9691525,1.7215087,0
1.0,0.97372794,1.6381724,0
1.0,0.97411513,1.5170853,0
1.0,0.9730391,1.4102138,0
1.0,0.9681692,1.3173525,0
1.0,0.97186553,1.2486413,0
1.0,0.9745535,1.199016,0
1.0,0.9726776,1.1142508,0
1.0,0.9663906,1.0315735,0
1.0,0.9679001,0.9931906,0
1.0,0.97429615,0.9631759,0
1.0,0.978457,0.9065133,0
1.0,0.97637296,0.85526985,0
1.0,0.9755873,0.8441125,0
1.0,0.9768901,0.76733583,0
1.0,0.9753745,0.7298815,0
1.0,0.97124016,0.7902293,0
1.0,0.97297364,0.7915,0
1.0,0.9771343,0.86513835,0
1.0,0.9790262,0.99865544,0
1.0,0.97822934,1.0828762,0
1.0,0.9775595,1.1762624,0
1.0,0.9780673,1.235297,0
1.0,0.978518,1.2687422,0
1.0,0.97668934,1.3015038,0
1.0,0.9726365,1.3157685,0
1.0,0.9746684,1.3454406,0
1.0,0.9724845,1.3691763,0
1.0,0.9672025,1.399597,0
1.0,0.9627198,1.4174162,0
1.0,0.96263576,1.4107344,0
1.0,0.9635505,1.4317431,0
1.0,0.9609195,1.4650846,0
1.0,0.95699483,1.5097957,0
1.0,0.9543688,1.5769691,0
1.0,0.9471013,1.6712387,0
1.0,0.94344044,1.7947038,0
1.0,0.9389525,1.8709724,0
1.0,0.9403521,1.961276,0
1.0,0.9310528,2.039149,0
1.0,0.93110394,2.1055303,0
1.0,0.9299872,2.1561077,0
1.0,0.93594015,2.2083068,0
1.0,0.9251908,2.1971114,0
1.0,0.9222005,2.1996617,0
1.0,0.920188,2.1659272,0
1.0,0.9259378,2.141076,0
1.0,0.91701585,2.0442154,0
1.0,0.91294354,1.9285091,0
1.0,0.9111195,1.8755593,0
1.0,0.9152842,1.8128902,0
1.0,0.9076282,1.6984988,0
1.0,0.90602213,1.6627765,0
1.0,0.8985273,1.6151628,0
1.0,0.90412927,1.6126206,0
1.0,0.90083414,1.5923018,0
1.0,0.90316564,1.6229308,0
1.0,0.8986682,1.6612839,0
1.0,0.9048317,1.6807851,0
1.0,0.90213066,1.6634631,0
1.0,0.90682065,1.6334071,0
1.0,0.9168273,1.624754,0
1.0,0.92988205,1.6509266,0
1.0,0.94014454,1.653282,0
1.0,0.94263864,1.6482129,0
1.0,0.9437033,1.6227615,0
1.0,0.9461254,1.5789561,0
1.0,0.9505438,1.5051671,0
1.0,0.94944525,1.4057829,0
1.0,0.94187033,1.3663061,0
1.0,0.92619914,1.2909636,0
1.0,0.9239952,1.213017,0
1.0,0.919475,1.1528114,0
1.0,0.9117856,1.0733049,0
1.0,0.9137075,1.0168478,0
1.0,0.92894465,1.0314939,0
1.0,0.940812,1.0462482,0
1.0,0.9494102,1.0717338,0
1.0,0.95688367,1.1361904,0
1.0,0.96129066,1.193028,0
1.0,0.9664706,1.3108461,0
1.0,0.96960336,1.4606144,0
1.0,0.9732562,1.549181,0
1.0,0.9745049,1.6053009,0
1.0,0.97450995,1.6421924,0
1.0,0.9739734,1.6790383,0
1.0,0.9737563,1.7094506,0
1.0,0.9715276,1.7272377,0
1.0,0.96787316,1.7153367,0
1.0,0.9638164,1.6902304,0
1.0,0.96091145,1.6937394,0
1.0,0.95856464,1.702879,0
1.0,0.9591872,1.7241297,0
1.0,0.9624097,1.731842,0
1.0,0.969382,1.7291776,0
1.0,0.97615325,1.7411852,0
1.0,0.97949535,1.7389871,0
1.0,0.9808173,1.7224811,0
1.0,0.98093706,1.6986856,0
1.0,0.98012793,1.6715529,0
1.0,0.97736937,1.6370286,0
1.0,0.97535056,1.5765327,0
1.0,0.97115254,1.5344074,0
1.0,0.97039276,1.5084602,0
1.0,0.96297264,1.4866787,0
1.0,0.9598572,1.4925162,0
1.0,0.9599899,1.4896928,0
1.0,0.9649868,1.4562898,0
1.0,0.9616798,1.4249253,0
1.0,0.95705456,1.3797174,0
1.0,0.95208913,1.2854052,0
1.0,0.94906855,1.2031043,0
1.0,0.94863194,1.0875769,0
1.0,0.95710707,0.9445028,0
1.0,0.9648505,0.8605119,0
1.0,0.9722745,0.82027304,0
1.0,0.9742808,0.79039216,0
1.0,0.9759587,0.75086874,0
1.0,0.9760153,0.72768164,0
1.0,0.97806966,0.72714615,0
1.0,0.97603,0.7078248,0
1.0,0.9730321,0.7027948,0
1.0,0.9689414,0.7115238,0
1.0,0.970792,0.70041525,0
1.0,0.96785617,0.71086,0
1.0,0.9643748,0.7824665,0
1.0,0.96401846,0.84766626,0
1.0,0.96459067,0.9135798,0
1.0,0.96528196,0.99754226,0
1.0,0.96280795,1.1084306,0
1.0,0.961873,1.2357389,0
1.0,0.9607448,1.3207924,0
1.0,0.96428937,1.3980362,0
1.0,0.9676443,1.4868195,0
1.0,0.9700245,1.5434837,0
1.0,0.9693366,1.605411,0
1.0,0.96960056,1.6612096,0
1.0,0.96322453,1.6564966,0
1.0,0.9604133,1.6633193,0
1.0,0.9548064,1.6447783,0
1.0,0.9568956,1.6323571,0
1.0,0.95012105,1.6154772,0
1.0,0.94607365,1.6126764,0
1.0,0.9434353,1.61575,0
1.0,0.9513563,1.624044,0
1.0,0.95447695,1.6108928,0
1.0,0.961414,1.5977542,0
1.0,0.9628207,1.5532081,0
1.0,0.9656397,1.5030668,0
1.0,0.9612544,1.4430549,0
1.0,0.96084374,1.388051,0
1.0,0.95725733,1.333515,0
1.0,0.95331246,1.2871696,0
1.0,0.9517088,1.2371714,0
1.0,0.95849013,1.203686,0
1.0,0.96206266,1.2115664,0
1.0,0.9668669,1.2172234,0
1.0,0.97222567,1.1830103,0
1.0,0.9775277,1.1752528,0
1.0,0.9795241,1.1461339,0
1.0,0.9811333,1.0838363,0
1.0,0.983076,0.99811566,0
1.0,0.9840269,0.8902099,0
1.0,0.98299855,0.82606876,0
1.0,0.9802121,0.7706828,0
1.0,0.9772718,0.71166223,0
1.0,0.97480935,0.71089005,0
1.0,0.9692545,0.6681978,0
1.0,0.9597057,0.6339304,0
1.0,0.9510363,0.69935846,0
1.0,0.9481237,0.7556621,0
1.0,0.9491714,0.825666,0
1.0,0.95000833,0.90256894,0
1.0,0.9532967,0.95149094,0
1.0,0.95890045,1.0050774,0
1.0,0.96168697,1.0658324,0
1.0,0.9597859,1.1068368,0
1.0,0.95864624,1.1651778,0
1.0,0.95184994,1.2094982,0
1.0,0.94745165,1.230576,0
1.0,0.93854034,1.2683575,0
1.0,0.92821527,1.2979116,0
1.0,0.9083222,1.2938273,0
1.0,0.8917953,1.2844281,0
1.0,0.8707442,1.2402736,0
1.0,0.87371147,1.2443287,0
1.0,0.88653857,1.2685144,0
1.0,0.9123054,1.3113667,0
1.0,0.9268181,1.3097029,0
1.0,0.93585986,1.2867074,0
1.0,0.93893427,1.2388408,0
1.0,0.948932,1.2115242,0
1.0,0.9521958,1.1804905,0
1.0,0.94794685,1.1440257,0
1.0,0.9411323,1.1129231,0
1.0,0.9473852,1.1005349,0
1.0,0.94837177,1.0854607,0
1.0,0.9488035,1.0896473,0
1.0,0.94942313,1.0836337,0
1.0,0.9623051,1.1347104,0
1.0,0.97010964,1.2087212,0
1.0,0.9742509,1.2325897,0
1.0,0.9769359,1.309238,0
1.0,0.98047364,1.4211943,0
1.0,0.981934,1.5507419,0
1.0,0.9828856,1.8019893,0
1.0,0.9841777,1.9989234,0
1.0,0.9864153,2.0852165,0
1.0,0.98697805,2.1798012,0
1.0,0.98638576,2.1905417,0
1.0,0.9852217,2.1552835,0
1.0,0.98402494,2.1433368,0
1.0,0.98051995,2.0931826,0
1.0,0.9749555,2.0354843,0
1.0,0.972212,2.003553,0
1.0,0.972842,1.984613,0
1.0,0.97263676,1.98208,0
1.0,0.97425735,1.9851959,0
1.0,0.977755,1.9948077,0
1.0,0.9815174,2.0083897,0
1.0,0.9826948,2.007563,0
1.0,0.9829919,2.016481,0
1.0,0.9826873,2.022904,0
1.0,0.981965,2.0220547,0
1.0,0.978926,2.0200677,0
1.0,0.97220457,2.007475,0
1.0,0.96697724,1.9977434,0
1.0,0.965155,1.9931024,0
1.0,0.96495163,2.0033493,0
1.0,0.9671181,2.002468,0
1.0,0.97183704,2.0343878,0
1.0,0.97776276,2.0364394,0
1.0,0.9814047,1.9819636,0
1.0,0.98362666,1.9361002,0
1.0,0.9851088,1.814742,0
1.0,0.9854087,1.6910875,0
1.0,0.98419833,1.6026094,0
1.0,0.98225635,1.3672819,0
1.0,0.98088914,1.1940265,0
1.0,0.98058033,1.122886,0
1.0,0.9790309,1.0270666,0
1.0,0.9774835,1.0084362,0
1.0,0.9744985,1.0189793,0
1.0,0.9724992,1.0287979,0
1.0,0.9647079,1.0690565,0
1.0,0.95784694,1.1320474,0
1.0,0.9513496,1.1723905,0
1.0,0.9530301,1.2453864,0
1.0,0.95093095,1.3353286,0
1.0,0.9560763,1.3944647,0
1.0,0.9556192,1.4308629,0
1.0,0.9576921,1.4501103,0
1.0,0.9518694,1.4697926,0
1.0,0.9458637,1.484648,0
1.0,0.93728405,1.4730275,0
1.0,0.93058205,1.4847903,0
1.0,0.91408306,1.4633793,0
1.0,0.895014,1.4328378,0
1.0,0.8709226,1.3973943,0
1.0,0.8638725,1.3811244,0
1.0,0.8616811,1.3675702,0
1.0,0.8678529,1.3923659,0
1.0,0.86490464,1.3580977,0
1.0,0.8687631,1.3760226,0
1.0,0.88562864,1.4769787,0
1.0,0.8848735,1.47319,0
1.0,0.8984946,1.5230961,0
1.0,0.90006524,1.5480033,0
1.0,0.9225158,1.5397786,0
1.0,0.9186684,1.5072558,0
1.0,0.92063755,1.4981841,0
1.0,0.905912,1.4634701,0
1.0,0.92553777,1.5446002,0
1.0,0.92359835,1.5657862,0
1.0,0.92719924,1.5919867,0
1.0,0.9160306,1.5633049,0
1.0,0.9285107,1.5482652,0
1.0,0.9270181,1.4756681,0
1.0,0.9323347,1.424042,0
1.0,0.9346963,1.3511307,0
1.0,0.9525483,1.2978725,0
1.0,0.9579774,1.2583458,0
1.0,0.96106064,1.2227068,0
1.0,0.9599835,1.1909561,0
1.0,0.9691507,1.173241,0
1.0,0.96872765,1.1345847,0
1.0,0.96633387,1.1142669,0
1.0,0.95972997,1.075114,0
1.0,0.9610357,1.0657146,0
1.0,0.95939136,1.0819955,0
1.0,0.95800424,1.1231024,0
1.0,0.9609447,1.1938354,0
1.0,0.96577245,1.2736957,0
1.0,0.9719734,1.3181249,0
1.0,0.97497255,1.3546584,0
1.0,0.9794012,1.3806247,0
1.0,0.97981226,1.3489295,0
1.0,0.9788679,1.3363073,0
1.0,0.9772668,1.3290491,0
1.0,0.9778967,1.3154619,0
1.0,0.97904736,1.2945884,0
1.0,0.9782664,1.2730873,0
1.0,0.9757776,1.2322954,0
1.0,0.9733965,1.1593479,0
1.0,0.971301,1.0694399,0
1.0,0.9709343,0.977857,0
1.0,0.9694409,0.91089886,0
1.0,0.9692742,0.88745666,0
1.0,0.9685796,0.8760435,0
1.0,0.9715035,0.88023496,0
1.0,0.973091,0.9148276,0
1.0,0.9764787,0.96900654,0
1.0,0.9775754,0.9890631,0
1.0,0.97802687,1.0009966,0
1.0,0.9774161,1.0354564,0
1.0,0.97328204,1.0730283,0
1.0,0.9634596,1.0998725,0
1.0,0.9584873,1.1587732,0
1.0,0.95696163,1.2201068,0
1.0,0.9492084,1.232264,0
1.0,0.94363487,1.2343028,0
1.0,0.95048255,1.267319,0
1.0,0.95606023,1.246918,0
1.0,0.95772326,1.184706,0
1.0,0.9551785,1.111103,0
1.0,0.96187204,1.0687633,0
1.0,0.9674048,1.0119392,0
1.0,0.96855754,0.9454179,0
1.0,0.9656425,0.901341,0
1.0,0.9643462,0.8786819,0
1.0,0.9673547,0.87552774,0
1.0,0.9683173,0.8827807,0
1.0,0.9627127,0.89933455,0
1.0,0.9628554,0.94496727,0
1.0,0.9684308,0.99387944,0
1.0,0.966467,1.008163,0
1.0,0.9554855,1.0023246,0
1.0,0.95643824,1.0061641,0
1.0,0.9594505,1.0066231,0
1.0,0.9659918,0.9960244,0
1.0,0.969948,0.98528016,0
1.0,0.97199935,0.97412324,0
1.0,0.97163504,0.9400051,0
1.0,0.9741742,0.8980652,0
1.0,0.97406363,0.8900521,0
1.0,0.9716287,0.8809365,0
1.0,0.97108907,0.84506947,0
1.0,0.97276163,0.80251443,0
1.0,0.97204655,0.7913121,0
1.0,0.9719722,0.81210494,0
1.0,0.97852695,0.8540034,0
1.0,0.98315156,0.92698485,0
1.0,0.98380005,0.97975683,0
1.0,0.9847238,1.0357888,0
1.0,0.9849979,1.1047525,0
1.0,0.9862527,1.2190564,0
1.0,0.98570675,1.3877542,0
1.0,0.9847681,1.5302118,0
1.0,0.98339176,1.6748781,0
1.0,0.98582214,1.7976485,0
1.0,0.98615056,1.8575333,0
1.0,0.9854402,1.8903122,0
1.0,0.9841111,1.8953602,0
1.0,0.9838268,1.8730235,0
1.0,0.9805511,1.8287365,0
1.0,0.9779009,1.7768233,0
1.0,0.97843575,1.7419996,0
1.0,0.9785075,1.719253,0
1.0,0.9762623,1.7166662,0
1.0,0.9780442,1.743753,0
1.0,0.98132104,1.7620991,0
1.0,0.98240477,1.8003353,0
1.0,0.9800735,1.8262097,0
1.0,0.97571224,1.8322941,0
1.0,0.97033465,1.8477855,0
1.0,0.9672935,1.8630426,0
1.0,0.95948464,1.8578655,0
1.0,0.9476034,1.85447,0
1.0,0.93017226,1.8313191,0
1.0,0.9258333,1.8356352,0
1.0,0.91919905,1.7987255,0
1.0,0.9040439,1.6898174,0
1.0,0.88420707,1.5815738,0
1.0,0.88239014,1.5063568,0
1.0,0.8718177,1.433094,0
1.0,0.85716236,1.3509026,0
1.0,0.838031,1.2462145,0
1.0,0.8443803,1.1732383,0
1.0,0.8426165,1.054848,0
1.0,0.8257489,0.9556831,0
1.0,0.81487715,0.8950279,0
1.0,0.82751,0.8923751,0
1.0,0.84518653,0.92691594,0
1.0,0.81857526,0.926303,0
1.0,0.8234189,1.0099924,0
1.0,0.8321166,1.110645,0
1.0,0.85498905,1.255879,0
1.0,0.86282045,1.3712639,0
1.0,0.8758811,1.509953,0
1.0,0.8863724,1.6082683,0
1.0,0.90316176,1.6759197,0
1.0,0.9114783,1.7196379,0
1.0,0.9232865,1.7638004,0
1.0,0.9295325,1.7687147,0
1.0,0.93962866,1.7843893,0
1.0,0.9436308,1.7804027,0
1.0,0.95364255,1.7814554,0
1.0,0.95911753,1.7866906,0
1.0,0.9675239,1.793235,0
1.0,0.9694685,1.7717344,0
1.0,0.97235394,1.7618577,0
1.0,0.97369623,1.752115,0
1.0,0.9763482,1.7474301,0
1.0,0.97543836,1.7319508,0
1.0,0.9709868,1.6919769,0
1.0,0.9665413,1.664496,0
1.0,0.96662885,1.6436193,0
1.0,0.96604306,1.6051509,0
1.0,0.9634916,1.590167,0
1.0,0.9684788,1.6086562,0
1.0,0.973638,1.6055558,0
1.0,0.97780025,1.5592076,0
1.0,0.98037994,1.531724,0
1.0,0.9826493,1.5287911,0
1.0,0.98382425,1.5023147,0
1.0,0.98346186,1.4444896,0
1.0,0.98231024,1.3562754,0
1.0,0.98213553,1.263329,0
1.0,0.98233676,1.1862538,0
1.0,0.98175496,1.0902952,0
1.0,0.97987515,0.9548091,0
1.0,0.9785766,0.8721132,0
1.0,0.9769349,0.82621616,0
1.0,0.9747771,0.7728091,0
1.0,0.972263,0.7443427,0
1.0,0.9742354,0.7217746,0
1.0,0.9766857,0.705205,0
1.0,0.9781804,0.7147396,0
1.0,0.9811383,0.72800064,0
1.0,0.9842345,0.7257426,0
1.0,0.9851959,0.72330314,0
1.0,0.9846809,0.727054,0
1.0,0.98230356,0.7206398,0
1.0,0.9787032,0.71315753,0
1.0,0.97524375,0.71168125,0
1.0,0.9742677,0.7408093,0
1.0,0.9742895,0.7704106,0
1.0,0.9745092,0.8195759,0
1.0,0.9755241,0.8787554,0
1.0,0.9763405,0.9163447,0
1.0,0.9795862,0.9877429,0
1.0,0.98182285,1.0258071,0
1.0,0.9828744,1.0925885,0
1.0,0.9824369,1.177902,0
1.0,0.98276615,1.1584628,0
1.0,0.98207986,1.1433017,0
1.0,0.9816483,1.1442659,0
1.0,0.97909296,1.1220711,0
1.0,0.97720134,1.0971937,0
1.0,0.97519386,1.0520436,0
1.0,0.97499096,1.010502,0
1.0,0.9752524,0.98451376,0
1.0,0.9745823,0.97441745,0
1.0,0.9745882,0.97115797,0
1.0,0.9766425,0.9676607,0
1.0,0.9798197,0.97147584,0
1.0,0.9829323,0.9744796,0
1.0,0.984262,0.97571564,0
1.0,0.9847303,0.97620964,0
1.0,0.98362225,0.9685186,0
1.0,0.9820487,0.9653516,0
1.0,0.9799068,0.9664521,0
1.0,0.97856605,0.9780441,0
1.0,0.97622514,1.0030648,0
1.0,0.9737732,1.0285639,0
1.0,0.9703424,1.0536962,0
1.0,0.9725972,1.10543,0
1.0,0.97424287,1.1228664,0
1.0,0.9751786,1.1356708,0
1.0,0.97568524,1.1362755,0
1.0,0.97570306,1.1157297,0
1.0,0.975014,1.081525,0
1.0,0.9744334,1.0051353,0
1.0,0.973552,0.9508257,0
1.0,0.97360647,0.8472767,0
1.0,0.9741392,0.73162735,0
1.0,0.97441113,0.6868532,0
1.0,0.97414285,0.6148845,0
1.0,0.9753434,0.5525843,0
1.0,0.97517824,0.51740634,0
1.0,0.97181153,0.49739417,0
1.0,0.9677528,0.49573314,0
1.0,0.9707164,0.5212896,0
1.0,0.97240824,0.55227673,0
1.0,0.9744265,0.5926541,0
1.0,0.9746738,0.6950384,0
1.0,0.9765594,0.78093326,0
1.0,0.9760726,0.8336247,0
1.0,0.97700137,0.90782404,0
1.0,0.9738038,0.9382402,0
1.0,0.97191423,0.9474374,0
1.0,0.96988344,0.9475921,0
1.0,0.9714606,0.93946296,0
1.0,0.9722569,0.92673135,0
1.0,0.9761737,0.9108963,0
1.0,0.97848505,0.87637854,0
1.0,0.98018783,0.8575009,0
1.0,0.9791783,0.83598864,0
1.0,0.97909504,0.7886616,0
1.0,0.9780613,0.7493788,0
1.0,0.9786012,0.7200489,0
1.0,0.97696805,0.67045915,0
1.0,0.9749332,0.630994,0
1.0,0.9727701,0.6104943,0
1.0,0.9770511,0.60468155,0
1.0,0.9774789,0.59323245,0
1.0,0.976041,0.59032184,0
1.0,0.9749737,0.5902527,0
1.0,0.97461414,0.581322,0
1.0,0.9711297,0.5803331,0
1.0,0.9570489,0.5814049,0
1.0,0.9521901,0.59462214,0
1.0,0.9682357,0.66299284,0
1.0,0.97768766,0.71763647,0
1.0,0.97637045,0.73105764,0
1.0,0.9771154,0.7450218,0
1.0,0.98132676,0.75652957,0
1.0,0.982659,0.72336304,0
1.0,0.97681886,0.71169055,0
1.0,0.9708617,0.7412069,0
1.0,0.972336,0.74429154,0
1.0,0.97082865,0.7449486,0
1.0,0.9586202,0.7428098,0
1.0,0.9545366,0.7372041,0
1.0,0.96813244,0.75109076,0
1.0,0.97517675,0.76856256,0
1.0,0.972315,0.77703613,0
1.0,0.97240216,0.7805165,0
1.0,0.9750084,0.7742864,0
1.0,0.97655994,0.77484894,0
1.0,0.9719892,0.76889193,0
1.0,0.9708566,0.762684,0
1.0,0.9767199,0.7647191,0
1.0,0.9818247,0.7697555,0
1.0,0.9812189,0.76976347,0
1.0,0.9807029,0.76804924,0
1.0,0.97708124,0.76820564,0
1.0,0.9744879,0.76555264,0
1.0,0.9698877,0.7614807,0
1.0,0.9660799,0.7558836,0
1.0,0.9610791,0.7505797,0
1.0,0.95568544,0.7417191,0
1.0,0.94354874,0.72623456,0
1.0,0.94748473,0.75124097,0
1.0,0.96130556,0.7540299,0
1.0,0.97610873,0.80497813,0
1.0,0.9785508,0.8978337,0
1.0,0.980358,0.97471213,0
1.0,0.9818809,1.0966997,0
1.0,0.9830679,1.1981642,0
1.0,0.979191,1.2884827,0
1.0,0.9788967,1.4149933,0
1.0,0.9787654,1.6124781,0
1.0,0.9814571,1.8425472,0
1.0,0.97919375,2.0028322,0
1.0,0.9788673,2.1673,0
1.0,0.97431993,2.253976,0
1.0,0.9746815,2.2738056,0
1.0,0.97162175,2.2744508,0
1.0,0.9694681,2.279865,0
1.0,0.97066814,2.2912061,0
1.0,0.97337544,2.2957983,0
1.0,0.97060657,2.289576,0
1.0,0.9692571,2.2822378,0
1.0,0.9704724,2.2782981,0
1.0,0.975827,2.294695,0
1.0,0.97816086,2.298446,0
1.0,0.9771368,2.2961667,0
1.0,0.97544867,2.2962947,0
1.0,0.9733753,2.3082066,0
1.0,0.9707836,2.3247042,0
1.0,0.96812046,2.3427138,0
1.0,0.96779937,2.3809848,0
1.0,0.96974844,2.4470787,0
1.0,0.9709259,2.4746897,0
1.0,0.97229844,2.4800181,0
1.0,0.9737945,2.5259764,0
1.0,0.9751017,2.499146,0
1.0,0.97393745,2.428347,0
1.0,0.9736927,2.4086597,0
1.0,0.97555417,2.334152,0
1.0,0.97684735,2.2668583,0
1.0,0.97504866,2.1647868,0
1.0,0.9736283,1.9918872,0
1.0,0.9726375,1.763545,0
1.0,0.9705527,1.5578214,0
1.0,0.9622943,1.4419501,0
1.0,0.96090096,1.3511319,0
1.0,0.9592922,1.3436437,0
1.0,0.9604934,1.4189017,0
1.0,0.9552439,1.4580129,0
1.0,0.95833194,1.5260419,0
1.0,0.95776874,1.5989289,0
1.0,0.9602401,1.6696689,0
1.0,0.955095,1.7369986,0
1.0,0.9518719,1.8093436,0
1.0,0.9432497,1.8690071,0
1.0,0.9390477,1.9205086,0
1.0,0.9232252,1.9221425,0
1.0,0.9109072,1.9304559,0
1.0,0.8989757,1.9120767,0
1.0,0.9077759,1.9283409,0
1.0,0.9216785,1.9453018,0
1.0,0.93713444,1.9646906,0
1.0,0.9399424,1.934875,0
1.0,0.9486534,1.896644,0
1.0,0.952153,1.870876,0
1.0,0.95806915,1.8430915,0
1.0,0.9549419,1.7499055,0
1.0,0.95497966,1.6888492,0
1.0,0.95024735,1.6177425,0
1.0,0.9496232,1.5388806,0
1.0,0.94942987,1.5012174,0
1.0,0.95789397,1.5417026,0
1.0,0.9655312,1.5755773,0
1.0,0.9695386,1.6271751,0
1.0,0.9731578,1.6621909,0
1.0,0.9766716,1.6504797,0
1.0,0.9784596,1.6503556,0
1.0,0.9787926,1.6929078,0
1.0,0.9786912,1.7588012,0
1.0,0.9793824,1.8350209,0
1.0,0.98199123,1.8951474,0
1.0,0.98380405,1.934961,0
1.0,0.9840126,1.9717308,0
1.0,0.9839505,1.9956181,0
1.0,0.9836717,1.998984,0
1.0,0.9828804,1.9856083,0
1.0,0.9798963,1.9357412,0
1.0,0.97799677,1.9166311,0
1.0,0.9767138,1.9328305,0
1.0,0.9749117,1.9120489,0
1.0,0.97342026,1.9019943,0
1.0,0.97756094,1.9184916,0
1.0,0.9801063,1.9309794,0
1.0,0.9796537,1.9435847,0
1.0,0.9784711,1.9493324,0
1.0,0.97707975,1.9549015,0
1.0,0.97603446,1.9759488,0
1.0,0.9726475,1.9918607,0
1.0,0.9667671,2.014074,0
1.0,0.9632208,2.0375562,0
1.0,0.96204984,2.053971,0
1.0,0.96400845,2.097834,0
1.0,0.9606808,2.1501975,0
1.0,0.96018046,2.1747417,0
1.0,0.95807034,2.2098887,0
1.0,0.96146125,2.2271485,0
1.0,0.96022046,2.2358904,0
1.0,0.9629962,2.2540386,0
1.0,0.96294063,2.206436,0
1.0,0.96287996,2.1486163,0
1.0,0.9619993,2.0264063,0
1.0,0.9605577,1.8590516,0
1.0,0.96082836,1.7457612,0
1.0,0.96541524,1.6499709,0
1.0,0.9689943,1.548263,0
1.0,0.97163707,1.4545352,0
1.0,0.97218406,1.3671967,0
1.0,0.9733376,1.3048599,0
1.0,0.9737118,1.2814637,0
1.0,0.97468275,1.2617565,0
1.0,0.97488666,1.26968,0
1.0,0.9770058,1.3227291,0
1.0,0.97851,1.3717443,0
1.0,0.9787047,1.4598082,0
1.0,0.9787225,1.6089928,0
1.0,0.97981936,1.7408667,0
1.0,0.97993004,1.8196714,0
1.0,0.97983664,1.9074181,0
1.0,0.98019207,2.0183563,0
1.0,0.9799074,2.0658937,0
1.0,0.9799042,2.0772867,0
1.0,0.9788127,2.1140413,0
1.0,0.9772224,2.1257768,0
1.0,0.9765182,2.0965683,0
1.0,0.9767496,2.0322344,0
1.0,0.97688454,1.9426281,0
1.0,0.9775687,1.9090025,0
1.0,0.9748716,1.8872072,0
1.0,0.9732748,1.8515029,0
1.0,0.9726456,1.8688029,0
1.0,0.973225,1.9033831,0
1.0,0.9719225,1.9453083,0
1.0,0.9715106,2.067656,0
1.0,0.9715043,2.2385793,0
1.0,0.97109896,2.455044,0
1.0,0.969176,2.6096177,0
1.0,0.96739835,2.722865,0
1.0,0.9645292,2.8255656,0
1.0,0.9605985,2.909462,0
1.0,0.95858884,3.0297303,0
1.0,0.95933366,3.1262925,0
1.0,0.9577357,3.1954021,0
1.0,0.9564279,3.262135,0
1.0,0.9558615,3.28966,0
1.0,0.9567966,3.2818356,0
1.0,0.95341766,3.2205791,0
1.0,0.95423204,3.0998847,0
1.0,0.95733184,2.9819207,0
1.0,0.9612444,2.9351087,0
1.0,0.9633778,2.857305,0
1.0,0.9611509,2.7453232,0
1.0,0.96348697,2.7320917,0
1.0,0.9633601,2.690556,0
1.0,0.96239287,2.6194453,0
1.0,0.95851994,2.5683231,0
1.0,0.96213436,2.5493321,0
1.0,0.96249217,2.5059016,0
1.0,0.96391153,2.4574995,0
1.0,0.9565293,2.3579407,0
1.0,0.95868766,2.2853541,0
1.0,0.9557837,2.224591,0
1.0,0.9509883,2.143159,0
1.0,0.94216144,2.0591395,0
1.0,0.951291,1.9742476,0
1.0,0.9544752,1.8228514,0
1.0,0.95119095,1.6357243,0
1.0,0.9424789,1.3995707,0
1.0,0.9514697,1.2564662,0
1.0,0.947841,1.136627,0
1.0,0.9475469,1.0280855,0
1.0,0.9305708,0.9105079,0
1.0,0.9492002,0.80739087,0
1.0,0.9307493,0.67667484,0
1.0,0.90778166,0.55104125,0
1.0,0.8652674,0.3830542,0
1.0,0.9014451,0.31423953,0
1.0,0.86806816,0.2517702,0
1.0,0.87020206,0.23745966,0
1.0,0.8843994,0.25106746,0
1.0,0.93790436,0.30431497,0
1.0,0.93364614,0.3048454,0
1.0,0.92942375,0.33640507,0
1.0,0.93788326,0.38658372,0
1.0,0.960959,0.44839716,0
1.0,0.9569552,0.5800173,0
1.0,0.9542087,0.6859552,0
1.0,0.95088,0.7754507,0
1.0,0.9635553,0.94827485,0
1.0,0.95177525,1.0287324,0
1.0,0.94928914,1.0780861,0
1.0,0.95201707,1.1405585,0
1.0,0.96443695,1.2045008,0
1.0,0.96011835,1.2470436,0
1.0,0.9564146,1.2966871,0
1.0,0.95834285,1.3263259,0
1.0,0.95986843,1.3772876,0
1.0,0.96057653,1.4343123,0
1.0,0.9591486,1.4597883,0
1.0,0.9613308,1.4997108,0
1.0,0.9597452,1.5442989,0
1.0,0.9601984,1.6014094,0
1.0,0.95571613,1.6662271,0
1.0,0.9496502,1.7014059,0
1.0,0.9408065,1.763003,0
1.0,0.9309717,1.8405217,0
1.0,0.9215512,1.8843808,0
1.0,0.9090764,1.9721739,0
1.0,0.90373284,2.0928514,0
1.0,0.9009067,2.170144,0
1.0,0.9056266,2.2629883,0
1.0,0.9070193,2.3366451,0
1.0,0.9063629,2.3774555,0
1.0,0.9015452,2.3771229,0
1.0,0.9068894,2.367878,0
1.0,0.90900093,2.3246684,0
1.0,0.9115798,2.2489133,0
1.0,0.920729,2.1366897,0
1.0,0.9301201,2.0528677,0
1.0,0.93543494,1.9713364,0
1.0,0.9395877,1.8280218,0
1.0,0.9449465,1.7454563,0
1.0,0.9529612,1.7181544,0
1.0,0.956708,1.6573435,0
1.0,0.96152264,1.6228235,0
1.0,0.962686,1.583981,0
1.0,0.9614589,1.5274402,0
1.0,0.9588862,1.4927042,0
1.0,0.9607279,1.4619081,0
1.0,0.9657698,1.4591868,0
1.0,0.97264165,1.4859602,0
1.0,0.9776269,1.5383513,0
1.0,0.9802233,1.6187398,0
1.0,0.9822144,1.6976736,0
1.0,0.98360693,1.7902402,0
1.0,0.98566854,1.891438,0
1.0,0.9863137,1.9771571,0
1.0,0.9867258,2.1051924,0
1.0,0.98647946,2.2699895,0
1.0,0.9869991,2.3765776,0
1.0,0.9871423,2.3890562,0
1.0,0.98567826,2.4290178,0
1.0,0.9836145,2.4513998,0
1.0,0.98148704,2.3882747,0
1.0,0.97989357,2.3759174,0
1.0,0.97657555,2.4124937,0
1.0,0.97332555,2.4162512,0
1.0,0.97166395,2.431385,0
1.0,0.972727,2.4871013,0
1.0,0.97365373,2.5431352,0
1.0,0.97686815,2.606225,0
1.0,0.9767454,2.665144,0
1.0,0.9756384,2.731896,0
1.0,0.97275025,2.8332906,0
1.0,0.9687075,2.914791,0
1.0,0.9633946,2.9873447,0
1.0,0.95970404,3.070726,0
1.0,0.95302534,3.1095176,0
1.0,0.94698274,3.156907,0
1.0,0.94181705,3.180163,0
1.0,0.9424891,3.175593,0
1.0,0.94595087,3.1484306,0
1.0,0.95126903,3.1232045,0
1.0,0.95744,3.0653772,0
1.0,0.9634124,2.9640155,0
1.0,0.9668814,2.835667,0
1.0,0.9677081,2.6718817,0
1.0,0.96737534,2.5230293,0
1.0,0.9677663,2.353138,0
1.0,0.9667345,2.1193848,0
1.0,0.95925903,1.8694292,0
1.0,0.953683,1.6302569,0
1.0,0.95291144,1.4730477,0
1.0,0.95027,1.3289949,0
1.0,0.94070035,1.183101,0
1.0,0.9456272,1.1918561,0
1.0,0.9657741,1.2274265,0
1.0,0.97538984,1.2614843,0
1.0,0.97890925,1.3065724,0
1.0,0.98164076,1.3485551,0
1.0,0.9846029,1.4248693,0
1.0,0.9858548,1.5087268,0
1.0,0.98580384,1.6122105,0
1.0,0.98609287,1.690009,0
1.0,0.9869466,1.734003,0
1.0,0.9868531,1.7005991,0
1.0,0.98627687,1.6260026,0
1.0,0.9851799,1.5504209,0
1.0,0.9847445,1.4816091,0
1.0,0.98032117,1.4319358,0
1.0,0.97456914,1.3688931,0
1.0,0.9706468,1.3393879,0
1.0,0.9749424,1.3433231,0
1.0,0.97606486,1.3400326,0
1.0,0.97658426,1.3402159,0
1.0,0.97892064,1.343401,0
1.0,0.984694,1.3480723,0
1.0,0.9865014,1.3472012,0
1.0,0.98647577,1.3541619,0
1.0,0.98576754,1.371036,0
1.0,0.9852129,1.3894848,0
1.0,0.983824,1.4180712,0
1.0,0.98254126,1.4391017,0
1.0,0.98079336,1.4577756,0
1.0,0.9796332,1.48822,0
1.0,0.9776273,1.5287265,0
1.0,0.9769778,1.5795717,0
1.0,0.97590274,1.5969095,0
1.0,0.9760725,1.6438627,0
1.0,0.9750475,1.674411,0
1.0,0.975571,1.7308207,0
1.0,0.97555166,1.8076001,0
1.0,0.9754176,1.8565644,0
1.0,0.97494215,1.900345,0
1.0,0.9748575,1.935036,0
1.0,0.97672313,2.0153801,0
1.0,0.9776675,2.1149182,0
1.0,0.97822636,2.2276402,0
1.0,0.9778074,2.322638,0
1.0,0.9773586,2.3992946,0
1.0,0.97727543,2.4821095,0
1.0,0.9780774,2.5707414,0
1.0,0.9774892,2.648841,0
1.0,0.9758183,2.6920807,0
1.0,0.97434705,2.7403374,0
1.0,0.97179586,2.7737625,0
1.0,0.9679721,2.783917,0
1.0,0.9627882,2.7927608,0
1.0,0.9584181,2.8007822,0
1.0,0.95576185,2.8026106,0
1.0,0.9577589,2.8064647,0
1.0,0.9625786,2.8091557,0
1.0,0.962806,2.7979822,0
1.0,0.96370184,2.7701771,0
1.0,0.96509004,2.750679,0
1.0,0.9664305,2.7324715,0
1.0,0.96684563,2.7016013,0
1.0,0.96619797,2.6554775,0
1.0,0.96597064,2.5967202,0
1.0,0.9625501,2.5213141,0
1.0,0.962708,2.4281273,0
1.0,0.9664225,2.317109,0
1.0,0.9699561,2.2095482,0
1.0,0.9697703,2.102064,0
1.0,0.97037536,1.9639413,0
1.0,0.97265977,1.8249599,0
1.0,0.97432005,1.676252,0
1.0,0.9730391,1.484976,0
1.0,0.9727774,1.3238463,0
1.0,0.9713433,1.1752529,0
1.0,0.9703606,1.0683112,0
1.0,0.9689341,0.99901927,0
1.0,0.9671099,0.9091938,0
1.0,0.9620886,0.81618744,0
1.0,0.9583169,0.74094486,0
1.0,0.95075107,0.6773248,0
1.0,0.95073074,0.6272479,0
1.0,0.94918483,0.5878267,0
1.0,0.95039743,0.5724754,0
1.0,0.9501334,0.5502353,0
1.0,0.9557034,0.5391661,0
1.0,0.95829874,0.5405717,0
1.0,0.9617848,0.5433854,0
1.0,0.9608048,0.5415497,0
1.0,0.9568189,0.53708327,0
1.0,0.9419677,0.51877254,0
1.0,0.93788046,0.51436883,0
1.0,0.9337504,0.50760436,0
1.0,0.929812,0.5031813,0
1.0,0.8960865,0.46575245,0
1.0,0.89063513,0.4565238,0
1.0,0.87362266,0.43439102,0
1.0,0.8675218,0.41062102,0
1.0,0.81706303,0.35239166,0
1.0,0.8257573,0.35408702,0
1.0,0.818687,0.31391096,0
1.0,0.8250037,0.2998382,0
1.0,0.78405946,0.26779616,0
1.0,0.86394215,0.32602537,0
1.0,0.91997164,0.41419622,0
1.0,0.9353807,0.41855687,0
1.0,0.9147175,0.4060205,0
1.0,0.9366924,0.482642,0
1.0,0.9391886,0.5036061,0
1.0,0.9302323,0.54620117,0
1.0,0.8941435,0.56587964,0
1.0,0.90565014,0.6625689,0
1.0,0.92293555,0.8275937,0
1.0,0.9349752,0.9275915,0
1.0,0.92713326,1.0503187,0
1.0,0.9441948,1.2279489,0
1.0,0.95725465,1.3085543,0
1.0,0.96085775,1.3809438,0
1.0,0.95668715,1.4408681,0
1.0,0.959244,1.4947287,0
1.0,0.9648381,1.5501016,0
1.0,0.96743023,1.5880597,0
1.0,0.96536046,1.5961063,0
1.0,0.9714854,1.6079513,0
1.0,0.9779132,1.6201782,0
1.0,0.9814107,1.628535,0
1.0,0.9814757,1.6266999,0
1.0,0.98103,1.6244712,0
1.0,0.97993124,1.625353,0
1.0,0.97899926,1.624005,0
1.0,0.9754353,1.6186808,0
1.0,0.9678991,1.6061263,0
1.0,0.96215147,1.6100552,0
1.0,0.96579283,1.636596,0
1.0,0.9716399,1.6453121,0
1.0,0.9754193,1.6742816,0
1.0,0.9772446,1.7199373,0
1.0,0.9795274,1.8097115,0
1.0,0.9813079,1.926584,0
1.0,0.98270535,2.0056622,0
1.0,0.9831476,2.075335,0
1.0,0.98321944,2.11358,0
1.0,0.9833961,2.1513383,0
1.0,0.9834447,2.1171958,0
1.0,0.984124,2.016972,0
1.0,0.9837171,1.9664545,0
1.0,0.98437715,1.8368171,0
1.0,0.98466855,1.6883867,0
1.0,0.984838,1.6277087,0
1.0,0.9849571,1.5573435,0
1.0,0.98509514,1.4869292,0
1.0,0.9838426,1.4308175,0
1.0,0.98315847,1.3806703,0
1.0,0.98385704,1.341434,0
1.0,0.9858214,1.3330991,0
1.0,0.98536325,1.3490005,0
1.0,0.98464566,1.3869357,0
1.0,0.98340684,1.4171653,0
1.0,0.98437816,1.4954929,0
1.0,0.98504573,1.6268189,0
1.0,0.9848498,1.7425338,0
1.0,0.98424083,1.8898422,0
1.0,0.98419535,2.0274425,0
1.0,0.9838853,2.114142,0
1.0,0.98319775,2.230695,0
1.0,0.98233575,2.3685384,0
1.0,0.98211515,2.4635987,0
1.0,0.9828441,2.5209363,0
1.0,0.9824714,2.5303545,0
1.0,0.9829349,2.4642463,0
1.0,0.98327416,2.320024,0
1.0,0.98366725,2.1687622,0
1.0,0.98327523,2.0458694,0
1.0,0.9835,1.928932,0
1.0,0.98413485,1.8021603,0
1.0,0.9843373,1.7278703,0
1.0,0.9836284,1.6697993,0
1.0,0.9843485,1.6576318,0
1.0,0.9862401,1.7198008,0
1.0,0.9876451,1.7509995,0
1.0,0.98708177,1.7906269,0
1.0,0.98588294,1.8264971,0
1.0,0.9833571,1.8211699,0
1.0,0.97840124,1.8201852,0
1.0,0.9701396,1.8126718,0
1.0,0.9643334,1.8052819,0
1.0,0.9602781,1.799263,0
1.0,0.9548423,1.7804736,0
1.0,0.94974476,1.7417884,0
1.0,0.9450424,1.7115495,0
1.0,0.93901175,1.63221,0
1.0,0.93112266,1.5065112,0
1.0,0.9240228,1.3992498,0
1.0,0.929889,1.2649736,0
1.0,0.92264867,1.1324356,0
1.0,0.91565245,1.0499742,0
1.0,0.9090024,0.92630535,0
1.0,0.8886534,0.76403886,0
1.0,0.8595895,0.6703929,0
1.0,0.8576523,0.6028356,0
1.0,0.87939274,0.5071033,0
1.0,0.8846626,0.47161648,0
1.0,0.8711024,0.48514563,0
1.0,0.8787827,0.49161428,0
1.0,0.9002967,0.5148131,0
1.0,0.8945681,0.5378084,0
1.0,0.8705916,0.5545207,0
1.0,0.8670265,0.57687616,0
1.0,0.9020271,0.60906744,0
1.0,0.9001339,0.6131464,0
1.0,0.8705153,0.57821643,0
1.0,0.86952513,0.56689024,0
1.0,0.9007109,0.5756024,0
1.0,0.89741325,0.6137451,0
1.0,0.88268006,0.6793765,0
1.0,0.88202256,0.7511405,0
1.0,0.91566294,0.8999599,0
1.0,0.91139823,0.98106027,0
1.0,0.90472966,1.0857155,0
1.0,0.9036378,1.2168171,0
1.0,0.9244681,1.3565962,0
1.0,0.93481416,1.4796011,0
1.0,0.931385,1.552981,0
1.0,0.9224026,1.585152,0
1.0,0.92884314,1.627385,0
1.0,0.92853296,1.642766,0
1.0,0.9257192,1.6443152,0
1.0,0.92003846,1.6295013,0
1.0,0.93023974,1.6521698,0
1.0,0.93967676,1.6705532,0
1.0,0.9450249,1.6611598,0
1.0,0.9477892,1.6247697,0
1.0,0.9546926,1.6258593,0
1.0,0.9586167,1.6120511,0
1.0,0.95933646,1.5814614,0
1.0,0.9598167,1.5778966,0
1.0,0.96125543,1.575916,0
1.0,0.96579474,1.5858513,0
1.0,0.96955556,1.6224291,0
1.0,0.9743499,1.6464725,0
1.0,0.9757268,1.6533952,0
1.0,0.97804767,1.6627505,0
1.0,0.97923434,1.6574088,0
1.0,0.979183,1.6575322,0
1.0,0.9779303,1.642772,0
1.0,0.97622603,1.5742326,0
1.0,0.975994,1.4978161,0
1.0,0.97547036,1.4332335,0
1.0,0.97457856,1.3432522,0
1.0,0.9725477,1.255828,0
1.0,0.9707064,1.1480886,0
1.0,0.9660946,1.0186759,0
1.0,0.96181643,0.90962446,0
1.0,0.9560346,0.80315155,0
1.0,0.95698786,0.7418042,0
1.0,0.94944,0.6777626,0
1.0,0.94719446,0.6543013,0
1.0,0.9415578,0.6551078,0
1.0,0.9434781,0.66766936,0
1.0,0.9434965,0.7008036,0
1.0,0.94737244,0.74118125,0
1.0,0.9365591,0.7560991,0
1.0,0.9270948,0.7665963,0
1.0,0.918623,0.77055365,0
1.0,0.91802883,0.7895013,0
1.0,0.8865665,0.7496214,0
1.0,0.8541358,0.7053795,0
1.0,0.8517777,0.7026578,0
1.0,0.8910331,0.7476615,0
1.0,0.88621855,0.716249,0
1.0,0.8958865,0.686955,0
1.0,0.91496354,0.6684567,0
1.0,0.936626,0.65964174,0
1.0,0.93370306,0.6055515,0
1.0,0.933073,0.54893035,0
1.0,0.9433277,0.52066106,0
1.0,0.95191544,0.5126379,0
1.0,0.9485536,0.5083996,0
1.0,0.9463139,0.5133561,0
1.0,0.9586618,0.55133176,0
1.0,0.96760726,0.6105216,0
1.0,0.96826136,0.66310406,0
1.0,0.9710616,0.7076502,0
1.0,0.974112,0.74549186,0
1.0,0.9753209,0.8141317,0
1.0,0.973315,0.8669816,0
1.0,0.9717763,0.9015502,0
1.0,0.97200304,0.95462245,0
1.0,0.97126615,0.96831334,0
1.0,0.9700889,0.9710911,0
1.0,0.97022825,0.96224487,0
1.0,0.9728495,0.9291699,0
1.0,0.97532654,0.89749694,0
1.0,0.97694653,0.8634907,0
1.0,0.97821975,0.8384049,0
1.0,0.9792534,0.8195716,0
1.0,0.9789578,0.79751337,0
1.0,0.98050433,0.7945467,0
1.0,0.98202145,0.7841778,0
1.0,0.9824682,0.77501106,0
1.0,0.98060876,0.77241564,0
1.0,0.9783788,0.77974606,0
1.0,0.9759997,0.77691233,0
1.0,0.97260296,0.77243185,0
1.0,0.96777916,0.7704163,0
1.0,0.960922,0.76412046,0
1.0,0.9543761,0.7610705,0
1.0,0.9456679,0.75312877,0
1.0,0.9411733,0.7538887,0
1.0,0.9428959,0.7582629,0
1.0,0.95833147,0.7592448,0
1.0,0.96317655,0.7435856,0
1.0,0.9651359,0.7140355,0
1.0,0.96822315,0.6793759,0
1.0,0.97535306,0.67466295,0
1.0,0.974479,0.6651862,0
1.0,0.97097486,0.6574364,0
1.0,0.96531004,0.6869262,0
1.0,0.96653247,0.6960497,0
1.0,0.9626996,0.7186513,0
1.0,0.95517635,0.7393309,0
1.0,0.9462868,0.7276373,0
1.0,0.95046467,0.78690886,0
1.0,0.94775456,0.8156965,0
1.0,0.94619596,0.8215703,0
1.0,0.94203335,0.84152436,0
1.0,0.9497286,0.87439656,0
1.0,0.9443203,0.89280725,0
1.0,0.9450237,0.9036607,0
1.0,0.9380484,0.8895514,0
1.0,0.9457175,0.9099161,0
1.0,0.9431081,0.903985,0
1.0,0.94902676,0.9170594,0
1.0,0.9482354,0.92148364,0
1.0,0.94667584,0.9253284,0
1.0,0.93870103,0.9226127,0
1.0,0.94067776,0.95215607,0
1.0,0.9330262,0.9734279,0
1.0,0.935839,1.0209072,0
1.0,0.9387563,1.0696009,0
1.0,0.9448437,1.0926509,0
1.0,0.9485854,1.0924685,0
1.0,0.9550885,1.1121814,0
1.0,0.94948596,1.0882751,0
1.0,0.9520947,1.0615201,0
1.0,0.95599407,1.0519414,0
1.0,0.96111697,1.0224183,0
1.0,0.9569326,0.9734591,0
1.0,0.958055,0.92005295,0
1.0,0.95764464,0.82168186,0
1.0,0.9551843,0.75483954,0
1.0,0.94883513,0.6643927,0
1.0,0.9437771,0.59738886,0
1.0,0.94886726,0.57406795,0
1.0,0.94939786,0.5090398,0
1.0,0.94617045,0.47482103,0
1.0,0.93297327,0.44752207,0
1.0,0.9345367,0.42607316,0
1.0,0.92868793,0.41163808,0
1.0,0.9193392,0.39507008,0
1.0,0.91926366,0.4017628,0
1.0,0.9454123,0.4638678,0
1.0,0.9498396,0.5077441,0
1.0,0.9438408,0.5432918,0
1.0,0.9433386,0.6092151,0
1.0,0.95661134,0.67168325,0
1.0,0.95380944,0.7201506,0
1.0,0.9465221,0.78759086,0
1.0,0.93671083,0.7971774,0
1.0,0.9422598,0.8308481,0
1.0,0.9331414,0.8451511,0
1.0,0.9227611,0.8351903,0
1.0,0.9163245,0.886329,0
1.0,0.9318878,1.0112386,0
1.0,0.93443197,1.0594988,0
1.0,0.9361932,1.0912908,0
1.0,0.93394434,1.1465181,0
1.0,0.94295025,1.1842568,0
1.0,0.94477403,1.1913459,0
1.0,0.9477262,1.2209418,0
1.0,0.94995755,1.2248708,0
1.0,0.95764965,1.2370312,0
1.0,0.96054494,1.2544026,0
1.0,0.9630964,1.2662714,0
1.0,0.95707554,1.2527208,0
1.0,0.9577001,1.2525496,0
1.0,0.95472574,1.2452383,0
1.0,0.954626,1.2423937,0
1.0,0.9445814,1.2219362,0
1.0,0.94422543,1.2189174,0
1.0,0.93992186,1.1952721,0
1.0,0.94523805,1.1854502,0
1.0,0.94045097,1.1593463,0
1.0,0.941726,1.1237705,0
1.0,0.9375223,1.0726223,0
1.0,0.9478688,1.050754,0
1.0,0.94616115,1.0253582,0
1.0,0.9567643,1.0585103,0
1.0,0.96575713,1.1180632,0
1.0,0.97547907,1.2288343,0
1.0,0.97748876,1.2793028,0
1.0,0.97989506,1.2964756,0
1.0,0.9813611,1.316596,0
1.0,0.98282987,1.3182523,0
1.0,0.9804395,1.2876055,0
1.0,0.97957784,1.2408218,0
1.0,0.9779613,1.2035224,0
1.0,0.9774894,1.1906248,0
1.0,0.9748619,1.1518555,0
1.0,0.97391313,1.1231732,0
1.0,0.9747342,1.1126157,0
1.0,0.9770768,1.0867103,0
1.0,0.97732997,1.0840766,0
1.0,0.9787269,1.0825834,0
1.0,0.9804992,1.0706708,0
1.0,0.98245114,1.0612574,0
1.0,0.9828235,1.0680985,0
1.0,0.9837325,1.0729214,0
1.0,0.9834088,1.0794072,0
1.0,0.9843432,1.0909632,0
1.0,0.9843045,1.119863,0
1.0,0.9833045,1.1843663,0
1.0,0.98271894,1.2360928,0
1.0,0.9823706,1.2875013,0
1.0,0.9822286,1.3337072,0
1.0,0.98148155,1.3502631,0
1.0,0.9807794,1.3573962,0
1.0,0.9802942,1.3562093,0
1.0,0.97956926,1.3043649,0
1.0,0.9796005,1.2280464,0
1.0,0.98068744,1.1262509,0
1.0,0.98331404,0.9458811,0
1.0,0.98460335,0.84345335,0
1.0,0.98567396,0.7659664,0
1.0,0.98568964,0.6680378,0
1.0,0.98484147,0.61181533,0
1.0,0.98097813,0.54140663,0
1.0,0.97697884,0.4584834,0
1.0,0.97600454,0.42532367,0
1.0,0.97420055,0.39999917,0
1.0,0.96959275,0.37603378,0
1.0,0.9721091,0.4052265,0
1.0,0.9793464,0.42832127,0
1.0,0.98128176,0.48546317,0
1.0,0.9828819,0.583027,0
1.0,0.98423576,0.65862465,0
1.0,0.9859017,0.7361522,0
1.0,0.9852706,0.8163965,0
1.0,0.9842853,0.9060966,0
1.0,0.9839664,0.9952482,0
1.0,0.9840954,1.0415816,0
1.0,0.9842407,1.0645401,0
1.0,0.98202926,1.0848886,0
1.0,0.9792309,1.0666064,0
1.0,0.97678566,1.0407708,0
1.0,0.9730522,1.0477192,0
1.0,0.96511626,1.0801165,0
1.0,0.9613793,1.1544763,0
1.0,0.9623327,1.257657,0
1.0,0.9635938,1.3390069,0
1.0,0.9623045,1.4052601,0
1.0,0.9655894,1.479673,0
1.0,0.96997625,1.5713186,0
1.0,0.97196466,1.6695673,0
1.0,0.97105837,1.797317,0
1.0,0.96855944,1.9105699,0
1.0,0.96570396,1.9791971,0
1.0,0.96475273,2.066712,0
1.0,0.9590914,2.1286137,0
1.0,0.9526957,2.152712,0
1.0,0.9439313,2.1634598,0
1.0,0.94444025,2.199607,0
1.0,0.9359022,2.2126317,0
1.0,0.9322481,2.2160609,0
1.0,0.93097377,2.2124887,0
1.0,0.93864137,2.1989717,0
1.0,0.933872,2.1153576,0
1.0,0.93393815,2.0527635,0
1.0,0.9383976,2.0022662,0
1.0,0.9463661,1.9655528,0
1.0,0.94314355,1.8707957,0
1.0,0.940433,1.794105,0
1.0,0.9431937,1.8053651,0
1.0,0.9422665,1.8288655,0
1.0,0.9423692,1.8169715,0
1.0,0.9434001,1.830275,0
1.0,0.94382316,1.8955426,0
1.0,0.947298,1.9278369,0
1.0,0.9429279,1.8963889,0
1.0,0.942389,1.8600175,0
1.0,0.94014126,1.8369923,0
1.0,0.94031537,1.8170933,0
1.0,0.9360337,1.7832224,0
1.0,0.9389111,1.7750065,0
1.0,0.9332208,1.6974535,0
1.0,0.93172383,1.6421794,0
1.0,0.92624336,1.5321599,0
1.0,0.93064564,1.4343046,0
1.0,0.93038386,1.3870432,0
1.0,0.9299759,1.3050644,0
1.0,0.92622066,1.2340162,0
1.0,0.93712294,1.2249258,0
1.0,0.93505776,1.185935,0
1.0,0.92809194,1.1431198,0
1.0,0.9245759,1.1172354,0
1.0,0.93299466,1.108482,0
1.0,0.9283855,1.1226659,0
1.0,0.92890155,1.1406658,0
1.0,0.9197612,1.111918,0
1.0,0.92535114,1.1406057,0
1.0,0.92451507,1.1597788,0
1.0,0.92112845,1.1654754,0
1.0,0.9054114,1.1673417,0
1.0,0.90555733,1.1998799,0
1.0,0.90224224,1.1719147,0
1.0,0.9102964,1.1582232,0
1.0,0.9022765,1.1284306,0
1.0,0.9034542,1.0913534,0
1.0,0.8989835,1.0206221,0
1.0,0.9110224,0.9823805,0
1.0,0.8923312,0.9011754,0
1.0,0.88340545,0.8455242,0
1.0,0.8660768,0.7385138,0
1.0,0.8759689,0.7026274,0
1.0,0.8742207,0.6620862,0
1.0,0.8845198,0.63559675,0
1.0,0.87514037,0.62954116,0
1.0,0.89381164,0.64896894,0
1.0,0.89222383,0.6582072,0
1.0,0.9175416,0.7506795,0
1.0,0.9168317,0.78967804,0
1.0,0.9244632,0.83515847,0
1.0,0.9153701,0.85920346,0
1.0,0.9241069,0.9665841,0
1.0,0.91461575,1.0467626,0
1.0,0.91144896,1.1451352,0
1.0,0.9116664,1.2890837,0
1.0,0.9381868,1.4761012,0
1.0,0.94384897,1.5430381,0
1.0,0.9447277,1.5887603,0
1.0,0.94221544,1.6101227,0
1.0,0.9562101,1.6582215,0
1.0,0.9582198,1.6884441,0
1.0,0.95394176,1.6792748,0
1.0,0.95135295,1.6702197,0
1.0,0.9627736,1.6594629,0
1.0,0.9665995,1.6345896,0
1.0,0.96584564,1.6079684,0
1.0,0.96656656,1.5862904,0
1.0,0.9753339,1.5891562,0
1.0,0.9791175,1.5673919,0
1.0,0.9782412,1.5416985,0
1.0,0.97730005,1.5198026,0
1.0,0.97878116,1.5103503,0
1.0,0.9769065,1.5073051,0
1.0,0.97141063,1.5019623,0
1.0,0.9703649,1.548728,0
1.0,0.97451144,1.6312027,0
1.0,0.9776022,1.7276906,0
1.0,0.9785059,1.8533435,0
1.0,0.979475,1.9573876,0
1.0,0.9817231,2.0856514,0
1.0,0.9830867,2.1558788,0
1.0,0.9827114,2.2608755,0
1.0,0.98225176,2.4147801,0
1.0,0.9825867,2.4016905,0
1.0,0.9818523,2.3641653,0
1.0,0.98074615,2.3215375,0
1.0,0.98124295,2.1888561,0
1.0,0.9822795,2.0712585,0
1.0,0.98310685,1.9931877,0
1.0,0.9832833,1.9135522,0
1.0,0.9835645,1.8679117,0
1.0,0.98325527,1.8389795,0
1.0,0.9821869,1.8000581,0
1.0,0.9825158,1.7823012,0
1.0,0.98334587,1.7632632,0
1.0,0.9827786,1.7722797,0
1.0,0.980139,1.7814577,0
1.0,0.97777516,1.793785,0
1.0,0.97724324,1.8372962,0
1.0,0.97496253,1.8625252,0
1.0,0.9667004,1.8704262,0
1.0,0.95902437,1.887325,0
1.0,0.9577285,1.9006212,0
1.0,0.9576098,1.894696,0
1.0,0.95279974,1.873101,0
1.0,0.9523336,1.8644607,0
1.0,0.9618998,1.8395547,0
1.0,0.9638667,1.7654862,0
1.0,0.9612453,1.6425414,0
1.0,0.9609767,1.4824557,0
1.0,0.96462095,1.3450423,0
1.0,0.9635742,1.1578454,0
1.0,0.9597253,1.015404,0
1.0,0.95387757,0.8645358,0
1.0,0.9562915,0.6686518,0
1.0,0.9536881,0.5845212,0
1.0,0.9530929,0.5512693,0
1.0,0.955469,0.54081476,0
1.0,0.9644193,0.5790762,0
1.0,0.96738684,0.60711896,0
1.0,0.9679083,0.63994074,0
1.0,0.9712299,0.69823563,0
1.0,0.9737559,0.74795485,0
1.0,0.9738342,0.78291726,0
1.0,0.9732443,0.8118934,0
1.0,0.97410226,0.8377245,0
1.0,0.974682,0.8644649,0
1.0,0.97178483,0.8568983,0
1.0,0.9684106,0.8475895,0
1.0,0.9674988,0.83378696,0
1.0,0.96731377,0.79011047,0
1.0,0.9670942,0.761213,0
1.0,0.9710976,0.73953307,0
1.0,0.9733157,0.7084354,0
1.0,0.9741469,0.69106364,0
1.0,0.975621,0.6921013,0
1.0,0.97856605,0.69679105,0
1.0,0.98040086,0.6947702,0
1.0,0.97911537,0.69345677,0
1.0,0.9767145,0.6886511,0
1.0,0.97368026,0.6830633,0
1.0,0.9681819,0.6813667,0
1.0,0.9577434,0.669698,0
1.0,0.947337,0.65945125,0
1.0,0.9331841,0.64980423,0
1.0,0.91217256,0.62570083,0
1.0,0.8809172,0.59904104,0
1.0,0.8718266,0.58537537,0
1.0,0.8661074,0.5540716,0
1.0,0.8530226,0.48927516,0
1.0,0.86029345,0.4499421,0
1.0,0.91174316,0.45447558,0
1.0,0.945956,0.46027336,0
1.0,0.9495955,0.45879072,0
1.0,0.9479644,0.44771683,0
1.0,0.9543518,0.4698429,0
1.0,0.95654404,0.48454633,0
1.0,0.9428481,0.475729,0
1.0,0.9214802,0.48798186,0
1.0,0.91556203,0.54960114,0
1.0,0.91792357,0.6365337,0
1.0,0.9103246,0.7191782,0
1.0,0.91159475,0.7882923,0
1.0,0.926942,0.849692,0
1.0,0.94268376,0.91065955,0
1.0,0.9463679,0.95694375,0
1.0,0.9488838,0.9868235,0
1.0,0.95066607,1.009929,0
1.0,0.9533766,1.0282899,0
1.0,0.9548117,1.0376735,0
1.0,0.9557037,1.072113,0
1.0,0.96017706,1.1341547,0
1.0,0.9626364,1.1724336,0
1.0,0.9647626,1.2342347,0
1.0,0.9632059,1.3068757,0
1.0,0.95346826,1.3351074,0
1.0,0.9481701,1.3819246,0
1.0,0.94340837,1.4482145,0
1.0,0.9347656,1.4880667,0
1.0,0.90633625,1.4986053,0
1.0,0.88156533,1.5027802,0
1.0,0.88609177,1.5541389,0
1.0,0.89630544,1.6163666,0
1.0,0.8894942,1.6175778,0
1.0,0.88515925,1.6087794,0
1.0,0.8887533,1.6095626,0
1.0,0.89166117,1.597013,0
1.0,0.88471943,1.5279408,0
1.0,0.88247967,1.4775552,0
1.0,0.8994706,1.4821994,0
1.0,0.91254723,1.4474926,0
1.0,0.91462386,1.38841,0
1.0,0.9128202,1.3121333,0
1.0,0.92117476,1.2654593,0
1.0,0.9328496,1.2541972,0
1.0,0.9235436,1.2308868,0
1.0,0.9274865,1.2415485,0
1.0,0.92904425,1.2229961,0
1.0,0.9391887,1.2453444,0
1.0,0.9345909,1.2438602,0
1.0,0.92493886,1.2489879,0
1.0,0.91667634,1.2558331,0
1.0,0.92562646,1.2584674,0
1.0,0.9291699,1.2499698,0
1.0,0.9261957,1.2314734,0
1.0,0.9207046,1.1754079,0
1.0,0.928575,1.1389365,0
1.0,0.9322219,1.1096821,0
1.0,0.92760104,1.0456674,0
1.0,0.929692,0.9766057,0
1.0,0.9426459,0.9470283,0
1.0,0.9466419,0.88642865,0
1.0,0.94194627,0.8139224,0
1.0,0.9357451,0.76703614,0
1.0,0.941985,0.7335521,0
1.0,0.9394428,0.7122786,0
1.0,0.94161034,0.70839846,0
1.0,0.9367161,0.6829603,0
1.0,0.9390107,0.70315725,0
1.0,0.93851316,0.7305335,0
1.0,0.9287432,0.7294767,0
1.0,0.92226195,0.73197055,0
1.0,0.9189063,0.74560505,0
1.0,0.91775024,0.7423763,0
1.0,0.9135209,0.72919446,0
1.0,0.9222222,0.74544847,0
1.0,0.91985947,0.7255988,0
1.0,0.91343224,0.6749346,0
1.0,0.9052272,0.6413008,0
1.0,0.90832,0.6543802,0
1.0,0.90263426,0.63744855,0
1.0,0.8899191,0.6256949,0
1.0,0.8881522,0.61787224,0
1.0,0.89334655,0.63035905,0
1.0,0.9018381,0.72563165,0
1.0,0.88967615,0.7652408,0
1.0,0.90047896,0.833223,0
1.0,0.9088578,0.9045783,0
1.0,0.9158435,0.95630306,0
1.0,0.8987649,1.0010858,0
1.0,0.8963386,1.0947776,0
1.0,0.898685,1.2215731,0
1.0,0.914507,1.3984754,0
1.0,0.89384556,1.430381,0
1.0,0.8996656,1.5051748,0
1.0,0.9013917,1.585217,0
1.0,0.92019325,1.6933186,0
1.0,0.9180112,1.7587773,0
1.0,0.93398255,1.88166,0
1.0,0.93266624,1.9478433,0
1.0,0.94556934,2.0291715,0
1.0,0.9432357,2.059264,0
1.0,0.95073414,2.1338887,0
1.0,0.9480516,2.1582863,0
1.0,0.95658785,2.1840715,0
1.0,0.95528066,2.1901326,0
1.0,0.96039385,2.1941593,0
1.0,0.9592748,2.1577413,0
1.0,0.9648654,2.160723,0
1.0,0.9662772,2.1673405,0
1.0,0.96829176,2.1537862,0
1.0,0.9672646,2.123353,0
1.0,0.9691301,2.1251428,0
1.0,0.96655923,2.0985663,0
1.0,0.9655304,2.0641527,0
1.0,0.9615731,2.024943,0
1.0,0.9618072,1.9359392,0
1.0,0.9602164,1.8447728,0
1.0,0.953244,1.7581303,0
1.0,0.94823885,1.6843789,0
1.0,0.9457849,1.6392654,0
1.0,0.9390766,1.5469238,0
1.0,0.91631335,1.4099278,0
1.0,0.90940475,1.2990242,0
1.0,0.9130861,1.2101794,0
1.0,0.93498963,1.2369304,0
1.0,0.9259707,1.2042174,0
1.0,0.9297827,1.1809199,0
1.0,0.93929315,1.1847982,0
1.0,0.9527966,1.1749375,0
1.0,0.94071555,1.1013495,0
1.0,0.9331746,1.054139,0
1.0,0.9241124,0.99847203,0
1.0,0.9228728,0.9608307,0
1.0,0.89462245,0.89717394,0
1.0,0.88205826,0.87657905,0
1.0,0.8775505,0.88508433,0
1.0,0.9000043,0.9250982,0
1.0,0.8870389,0.8996386,0
1.0,0.8932639,0.91449785,0
1.0,0.9072293,0.9421618,0
1.0,0.92734194,0.9744377,0
1.0,0.9298432,1.006026,0
1.0,0.92930126,1.0443525,0
1.0,0.9386506,1.0730683,0
1.0,0.94935715,1.1003852,0
1.0,0.94569683,1.096957,0
1.0,0.9417747,1.0920103,0
1.0,0.9493407,1.1238201,0
1.0,0.9423477,1.1228714,0
1.0,0.92643553,1.1125666,0
1.0,0.91530585,1.1119562,0
1.0,0.92812747,1.1309783,0
1.0,0.91719455,1.102793,0
1.0,0.9125317,1.0830822,0
1.0,0.91409475,1.0646527,0
1.0,0.9412839,1.0641724,0
1.0,0.94332945,0.9946214,0
1.0,0.9362917,0.9350011,0
1.0,0.9379164,0.8908086,0
1.0,0.95435643,0.8446679,0
1.0,0.9486739,0.7802913,0
1.0,0.92521876,0.7173682,0
1.0,0.92561805,0.6684258,0
1.0,0.953209,0.71249473,0
1.0,0.94871366,0.72195303,0
1.0,0.926963,0.6733209,0
1.0,0.9328891,0.71816003,0
1.0,0.9572152,0.8073133,0
1.0,0.95048714,0.86076266,0
1.0,0.93358725,0.8983491,0
1.0,0.9350491,0.9554502,0
1.0,0.94646126,1.0271013,0
1.0,0.9470373,1.0510998,0
1.0,0.9371161,1.0108573,0
1.0,0.95004374,0.9952694,0
1.0,0.9607741,0.9916633,0
1.0,0.9668046,0.97494817,0
1.0,0.9634446,0.9587983,0
1.0,0.96725553,0.95435244,0
1.0,0.9689614,0.9236051,0
1.0,0.9701938,0.9031029,0
1.0,0.9679465,0.8858272,0
1.0,0.96982074,0.88165426,0
1.0,0.97217584,0.92923516,0
1.0,0.97725654,0.99439156,0
1.0,0.97883946,1.0775695,0
1.0,0.98063034,1.188099,0
1.0,0.97959626,1.2750105,0
1.0,0.98146546,1.4053018,0
1.0,0.98106337,1.5769904,0
1.0,0.9793189,1.730684,0
1.0,0.97749037,1.866818,0
1.0,0.97853744,1.9417711,0
1.0,0.9789644,1.9617814,0
1.0,0.98062474,2.002927,0
1.0,0.9809811,1.9731123,0
1.0,0.9822212,1.9214848,0
1.0,0.9828723,1.8762466,0
1.0,0.9838716,1.7936655,0
1.0,0.98395514,1.6956732,0
1.0,0.9845583,1.5948029,0
1.0,0.98439723,1.5222112,0
1.0,0.9837984,1.4610457,0
1.0,0.9848932,1.3982012,0
1.0,0.9861807,1.3692069,0
1.0,0.98376817,1.3604795,0
1.0,0.98107105,1.3595539,0
1.0,0.98067653,1.366209,0
1.0,0.9809203,1.3857181,0
1.0,0.97693,1.3828367,0
1.0,0.97193336,1.3731683,0
1.0,0.971082,1.3778702,0
1.0,0.96893275,1.3759876,0
1.0,0.95715314,1.3424295,0
1.0,0.9549571,1.3103237,0
1.0,0.9634096,1.2661293,0
1.0,0.96262115,1.2046604,0
1.0,0.95379955,1.1056169,0
1.0,0.95248395,0.99124646,0
1.0,0.95993865,0.91791546,0
1.0,0.9550797,0.8066218,0
1.0,0.94361573,0.63672566,0
1.0,0.95527035,0.53437763,0
1.0,0.96846414,0.5061623,0
1.0,0.96918464,0.5407424,0
1.0,0.95733064,0.594028,0
1.0,0.95859146,0.68360174,0
1.0,0.96983063,0.86050117,0
1.0,0.9712142,1.0307666,0
1.0,0.964967,1.1838315,0
1.0,0.9705625,1.3560412,0
1.0,0.97582155,1.49073,0
1.0,0.9699925,1.5560036,0
1.0,0.96383345,1.5743241,0
1.0,0.97316223,1.6038198,0
1.0,0.97727865,1.6191998,0
1.0,0.97630537,1.6184577,0
1.0,0.9776973,1.6118801,0
1.0,0.98011404,1.609047,0
1.0,0.9814061,1.60097,0
1.0,0.98128456,1.5788518,0
1.0,0.9816196,1.5727834,0
1.0,0.9835783,1.5751421,0
1.0,0.98399156,1.5717895,0
1.0,0.9842295,1.5648626,0
1.0,0.98278254,1.5655184,0
1.0,0.9807944,1.561996,0
1.0,0.9777669,1.5567335,0
1.0,0.97327673,1.5595379,0
1.0,0.9654686,1.5582118,0
1.0,0.9543013,1.5776267,0
1.0,0.9469065,1.5939279,0
1.0,0.9417392,1.5861946,0
1.0,0.93525606,1.6001695,0
1.0,0.92459214,1.5598681,0
1.0,0.9215443,1.4879588,0
1.0,0.91624165,1.3969041,0
1.0,0.9078853,1.2917304,0
1.0,0.88892496,1.1836629,0
1.0,0.8780541,1.0315831,0
1.0,0.8664402,0.8761828,0
1.0,0.8418318,0.7296386,0
1.0,0.8013487,0.6127912,0
1.0,0.8071739,0.5261731,0
1.0,0.8262436,0.4917681,0
1.0,0.8311529,0.49751988,0
1.0,0.8446285,0.51095927,0
1.0,0.8853587,0.57067084,0
1.0,0.8988886,0.6406838,0
1.0,0.9058432,0.77023673,0
1.0,0.90607643,0.9802455,0
1.0,0.91984373,1.1084092,0
1.0,0.92955816,1.2999327,0
1.0,0.9406854,1.5148567,0
1.0,0.94677687,1.6823218,0
1.0,0.95409596,1.9090623,0
1.0,0.9577792,2.0803866,0
1.0,0.95988077,2.1986701,0
1.0,0.9607034,2.3207457,0
1.0,0.96461797,2.4043565,0
1.0,0.968182,2.4698138,0
1.0,0.9716887,2.5561097,0
1.0,0.9746379,2.5744772,0
1.0,0.9793465,2.5787401,0
1.0,0.98144174,2.597546,0
1.0,0.98190296,2.574195,0
1.0,0.9806262,2.5704005,0
1.0,0.98023754,2.5551004,0
1.0,0.9803262,2.532094,0
1.0,0.97908795,2.5277643,0
1.0,0.975907,2.49964,0
1.0,0.97271144,2.4804826,0
1.0,0.9702865,2.476816,0
1.0,0.96806943,2.4777515,0
1.0,0.9658098,2.4669256,0
1.0,0.9659205,2.4437592,0
1.0,0.9609787,2.3819795,0
1.0,0.95486224,2.3278503,0
1.0,0.9516207,2.2839236,0
1.0,0.94703376,2.1838293,0
1.0,0.93863857,2.0878646,0
1.0,0.93354034,1.9536192,0
1.0,0.9245037,1.7406125,0
1.0,0.9433684,1.659414,0
1.0,0.94434965,1.481108,0
1.0,0.9364306,1.2727413,0
1.0,0.9341864,1.122577,0
1.0,0.94882625,0.9785207,0
1.0,0.94992423,0.87183625,0
1.0,0.9374861,0.770417,0
1.0,0.93915945,0.72314596,0
1.0,0.9493709,0.7258523,0
1.0,0.9426178,0.6822785,0
1.0,0.92605036,0.617831,0
1.0,0.91689247,0.6067323,0
1.0,0.9299212,0.6199863,0
1.0,0.9127511,0.60011184,0
1.0,0.8993907,0.6027417,0
1.0,0.90006715,0.6043508,0
1.0,0.9153907,0.64578426,0
1.0,0.9156999,0.65631056,0
1.0,0.91880935,0.6609385,0
1.0,0.91511893,0.6746398,0
1.0,0.9330304,0.70920265,0
1.0,0.930262,0.7116225,0
1.0,0.9272341,0.70534706,0
1.0,0.9262387,0.6963223,0
1.0,0.92057335,0.68416226,0
1.0,0.909997,0.6711349,0
1.0,0.91092086,0.68174255,0
1.0,0.905619,0.68250704,0
1.0,0.9018449,0.68976724,0
1.0,0.90297705,0.715088,0
1.0,0.91986936,0.74383,0
1.0,0.9132698,0.7240056,0
1.0,0.91376716,0.7308022,0
1.0,0.9124348,0.7385652,0
1.0,0.9113371,0.74058026,0
1.0,0.89510566,0.72180504,0
1.0,0.88599837,0.67585087,0
1.0,0.89467484,0.6439649,0
1.0,0.893607,0.6240622,0
1.0,0.8783592,0.5437792,0
1.0,0.8881313,0.49801806,0
1.0,0.9193838,0.5073974,0
1.0,0.9353617,0.48400643,0
1.0,0.9354419,0.4488574,0
1.0,0.94277453,0.4469198,0
1.0,0.95616764,0.43270683,0
1.0,0.95984286,0.40516225,0
1.0,0.9557558,0.3935114,0
1.0,0.95384,0.38575798,0
1.0,0.95314944,0.3851561,0
1.0,0.9475298,0.3791213,0
1.0,0.93915284,0.35813743,0
1.0,0.93010604,0.34431797,0
1.0,0.9234726,0.33579832,0
1.0,0.9202172,0.32971674,0
1.0,0.9307655,0.33289957,0
1.0,0.92764395,0.33242083,0
1.0,0.926685,0.33162507,0
1.0,0.93437576,0.3311678,0
1.0,0.94869864,0.35056004,0
1.0,0.94632584,0.3585918,0
1.0,0.9543794,0.36020848,0
1.0,0.9663335,0.39582035,0
1.0,0.9735252,0.40915018,0
1.0,0.9710046,0.40979037,0
1.0,0.9697673,0.42190945,0
1.0,0.96629024,0.4225233,0
1.0,0.9644158,0.42849886,0
1.0,0.9456445,0.4396025,0
1.0,0.9309867,0.46732476,0
1.0,0.93041915,0.5013416,0
1.0,0.9360872,0.5770652,0
1.0,0.9238911,0.6662469,0
1.0,0.9346955,0.7275949,0
1.0,0.95017254,0.7863816,0
1.0,0.9566794,0.8376529,0
1.0,0.9503439,0.8618297,0
1.0,0.9489836,0.90824795,0
1.0,0.95322514,0.9742836,0
1.0,0.94350904,0.99822783,0
1.0,0.9318697,1.0045714,0
1.0,0.9261435,1.0245836,0
1.0,0.9297372,1.0658348,0
1.0,0.9157337,1.0604533,0
1.0,0.9022139,1.0499012,0
1.0,0.8931673,1.0637217,0
1.0,0.88613605,1.0911547,0
1.0,0.85226625,1.079873,0
1.0,0.8280599,1.0880065,0
1.0,0.8109952,1.1033096,0
1.0,0.8318668,1.1999512,0
1.0,0.82023317,1.1992767,0
1.0,0.82885337,1.2530297,0
1.0,0.8242714,1.269827,0
1.0,0.8348467,1.2884288,0
1.0,0.8205062,1.273495,0
1.0,0.8228173,1.2938287,0
1.0,0.81462497,1.2900176,0
1.0,0.8243338,1.3465374,0
1.0,0.8046214,1.333239,0
1.0,0.8109379,1.3996596,0
1.0,0.810479,1.4727128,0
1.0,0.81494755,1.5521159,0
1.0,0.8165366,1.6130229,0
1.0,0.8364773,1.6767575,0
1.0,0.84662545,1.7383554,0
1.0,0.86092484,1.8354428,0
1.0,0.8720775,1.881212,0
1.0,0.8845519,1.9425731,0
1.0,0.8865451,1.9792831,0
1.0,0.89177734,1.9601827,0
1.0,0.90233237,1.9527314,0
1.0,0.911744,1.9361744,0
1.0,0.9211144,1.9209657,0
1.0,0.9309387,1.9128563,0
1.0,0.94304407,1.9280298,0
1.0,0.94980323,1.9492584,0
1.0,0.95360166,1.9604473,0
1.0,0.95792043,1.9601114,0
1.0,0.9636,1.9500523,0
1.0,0.9659263,1.9367821,0
1.0,0.964703,1.894771,0
1.0,0.9593738,1.8431524,0
1.0,0.95620143,1.7962424,0
1.0,0.9522563,1.7265058,0
1.0,0.9502887,1.667836,0
1.0,0.94954616,1.6278496,0
1.0,0.95191604,1.592104,0
1.0,0.9476123,1.5496624,0
1.0,0.94794595,1.4987081,0
1.0,0.9415596,1.4352362,0
1.0,0.9402724,1.3729742,0
1.0,0.92498094,1.2772696,0
1.0,0.93469375,1.1624489,0
1.0,0.9273131,1.0355105,0
1.0,0.94227785,0.90075195,0
1.0,0.9121427,0.78252065,0
1.0,0.9153586,0.70260346,0
1.0,0.9081998,0.59682906,0
1.0,0.9337061,0.52297604,0
1.0,0.87539715,0.47347718,0
1.0,0.8916728,0.38826936,0
1.0,0.8548623,0.3854738,0
1.0,0.87663525,0.36576408,0
1.0,0.795807,0.41808155,0
1.0,0.85735846,0.37841126,0
1.0,0.8685072,0.386567,0
1.0,0.9291836,0.37356728,0
1.0,0.90389955,0.3825063,0
1.0,0.93980676,0.3742993,0
1.0,0.940124,0.37405407,0
1.0,0.95784605,0.39262217,0
1.0,0.93298686,0.3894694,0
1.0,0.9436553,0.42603528,0
1.0,0.93870187,0.45338383,0
1.0,0.9518585,0.4884598,0
1.0,0.93645316,0.49807176,0
1.0,0.94295526,0.5331342,0
1.0,0.9485606,0.5598376,0
1.0,0.956397,0.5842721,0
1.0,0.9523132,0.6147368,0
1.0,0.9533219,0.6518241,0
1.0,0.945894,0.6637491,0
1.0,0.9389877,0.6753423,0
1.0,0.934473,0.67593443,0
1.0,0.93173635,0.68002987,0
1.0,0.9352544,0.69703305,0
1.0,0.9385782,0.7253613,0
1.0,0.93649864,0.7530007,0
1.0,0.92784905,0.75296384,0
1.0,0.9240679,0.7641767,0
1.0,0.9052034,0.74445546,0
1.0,0.8864373,0.7153775,0
1.0,0.87286264,0.69575536,0
1.0,0.89056563,0.723433,0
1.0,0.89479107,0.7327711,0
1.0,0.88812333,0.7220002,0
1.0,0.88364106,0.71003866,0
1.0,0.9092112,0.7212653,0
1.0,0.92057437,0.7139625,0
1.0,0.91369724,0.6781895,0
1.0,0.8898147,0.6139522,0
1.0,0.9055694,0.6023543,0
1.0,0.9154489,0.5616013,0
1.0,0.9060392,0.49514255,0
1.0,0.8886789,0.43725073,0
1.0,0.9069064,0.42646584,0
1.0,0.9304633,0.4334004,0
1.0,0.94007164,0.43063706,0
1.0,0.9272743,0.39885002,0
1.0,0.94097453,0.40239245,0
1.0,0.9451381,0.39723378,0
1.0,0.9453874,0.38441738,0
1.0,0.9162909,0.35991555,0
1.0,0.93017095,0.3849362,0
1.0,0.9535903,0.43561605,0
1.0,0.96484697,0.49504122,0
1.0,0.9488871,0.4985203,0
1.0,0.9494997,0.5335376,0
1.0,0.9588803,0.609766,0
1.0,0.95765525,0.66654384,0
1.0,0.9272678,0.7471262,0
1.0,0.92592955,0.8607448,0
1.0,0.9453607,0.9710033,0
1.0,0.954071,1.0900002,0
1.0,0.93836397,1.1459564,0
1.0,0.94256693,1.2282014,0
1.0,0.9586549,1.323424,0
1.0,0.9644398,1.4054598,0
1.0,0.94872004,1.4525588,0
1.0,0.9492926,1.5231643,0
1.0,0.95238554,1.6161113,0
1.0,0.9539284,1.6566136,0
1.0,0.94086266,1.6312848,0
1.0,0.9408447,1.6338499,0
1.0,0.95739317,1.670567,0
1.0,0.96775526,1.6931854,0
1.0,0.9683899,1.6814574,0
1.0,0.9687576,1.6560285,0
1.0,0.9716474,1.6453614,0
1.0,0.972211,1.637228,0
1.0,0.96694195,1.6156099,0
1.0,0.95811397,1.5915357,0
1.0,0.9557441,1.5779122,0
1.0,0.9564693,1.5574048,0
1.0,0.9550066,1.513703,0
1.0,0.93963283,1.4778981,0
1.0,0.9354425,1.4272354,0
1.0,0.9410218,1.3871896,0
1.0,0.95235765,1.4198694,0
1.0,0.9475135,1.3907547,0
1.0,0.95159084,1.350511,0
1.0,0.95756495,1.307378,0
1.0,0.9715675,1.2258844,0
1.0,0.9661333,1.1577773,0
1.0,0.9635038,1.0978143,0
1.0,0.9658977,1.0058721,0
1.0,0.9742396,0.96101886,0
1.0,0.9667964,0.882565,0
1.0,0.96077025,0.80610627,0
1.0,0.9589667,0.7623885,0
1.0,0.96052855,0.71959144,0
1.0,0.93485844,0.6415129,0
1.0,0.9255186,0.5801776,0
1.0,0.92001384,0.5535409,0
1.0,0.93507475,0.58462703,0
1.0,0.9302382,0.60031116,0
1.0,0.9350998,0.6250717,0
1.0,0.9380779,0.65936816,0
1.0,0.9419061,0.6908834,0
1.0,0.9340101,0.7032248,0
1.0,0.9383302,0.73816085,0
1.0,0.92756116,0.7327181,0
1.0,0.9222135,0.73356557,0
1.0,0.9033377,0.70197874,0
1.0,0.9235377,0.73375285,0
1.0,0.92758906,0.74215883,0
1.0,0.92882264,0.75146997,0
1.0,0.91606444,0.7041713,0
1.0,0.9373341,0.729939,0
1.0,0.93880177,0.71641254,0
1.0,0.9283461,0.6554089,0
1.0,0.9057571,0.60011464,0
1.0,0.9247265,0.58507264,0
1.0,0.9156492,0.5458007,0
1.0,0.90019554,0.49622422,0
1.0,0.87137276,0.39928985,0
1.0,0.9151908,0.43437183,0
1.0,0.9251392,0.45232862,0
1.0,0.94053876,0.45578098,0
1.0,0.9303446,0.47043312,0
1.0,0.953513,0.5151549,0
1.0,0.95832753,0.49900472,0
1.0,0.9615163,0.4844766,0
1.0,0.9495507,0.46409994,0
1.0,0.95905036,0.4584412,0
1.0,0.9606334,0.4540149,0
1.0,0.9599173,0.4386106,0
1.0,0.9434885,0.40398896,0
1.0,0.9397404,0.4014998,0
1.0,0.929322,0.38705415,0
1.0,0.91264266,0.36034486,0
1.0,0.8904008,0.35164142,0
1.0,0.9087597,0.40264338,0
1.0,0.92243344,0.45105502,0
1.0,0.92578846,0.4693827,0
1.0,0.9279722,0.47730482,0
1.0,0.9466616,0.52611077,0
1.0,0.9456038,0.54794115,0
1.0,0.9426842,0.54197526,0
1.0,0.94651765,0.5518473,0
1.0,0.95070106,0.5574578,0
1.0,0.9427248,0.5488981,0
1.0,0.932637,0.53844523,0
1.0,0.9321784,0.5399779,0
1.0,0.93570685,0.54936355,0
1.0,0.93303055,0.5416335,0
1.0,0.9302094,0.5349598,0
1.0,0.9442758,0.5475796,0
1.0,0.95307326,0.5356238,0
1.0,0.94840115,0.51049936,0
1.0,0.9431972,0.49208868,0
1.0,0.9496794,0.4637398,0
1.0,0.9563026,0.45201886,0
1.0,0.95413643,0.4434124,0
1.0,0.9542314,0.4563526,0
1.0,0.9620257,0.46896574,0
1.0,0.9677894,0.47702298,0
1.0,0.9686863,0.52148926,0
1.0,0.96989304,0.56548715,0
1.0,0.97553015,0.6160915,0
1.0,0.9782602,0.6557755,0
1.0,0.978284,0.69421697,0
1.0,0.97670525,0.741027,0
1.0,0.97619164,0.7537918,0
1.0,0.97340083,0.7365648,0
1.0,0.97070754,0.72610533,0
1.0,0.96634597,0.7531484,0
1.0,0.9642773,0.7854748,0
1.0,0.9592225,0.77054787,0
1.0,0.95384216,0.75915587,0
1.0,0.9528398,0.7537244,0
1.0,0.95638144,0.7510722,0
1.0,0.9628784,0.76154286,0
1.0,0.9675954,0.76467633,0
1.0,0.96932507,0.7668023,0
1.0,0.972645,0.7888662,0
1.0,0.9747208,0.7967477,0
1.0,0.97466576,0.8008392,0
1.0,0.969328,0.7962051,0
1.0,0.9643887,0.78881365,0
1.0,0.964722,0.7902683,0
1.0,0.95753306,0.7870873,0
1.0,0.94261235,0.7762118,0
1.0,0.92849654,0.77022356,0
1.0,0.9344937,0.80056715,0
1.0,0.93939894,0.85229325,0
1.0,0.943271,0.86883795,0
1.0,0.9400427,0.8640841,0
1.0,0.96012014,0.90539724,0
1.0,0.96648973,0.87811166,0
1.0,0.9663979,0.8360165,0
1.0,0.958703,0.7805399,0
1.0,0.9692029,0.75498474,0
1.0,0.971411,0.70276725,0
1.0,0.96810335,0.63456553,0
1.0,0.95330864,0.5782021,0
1.0,0.9573095,0.5630063,0
1.0,0.9476079,0.5171454,0
1.0,0.9303594,0.45221573,0
1.0,0.89055485,0.38331535,0
1.0,0.9105441,0.39809653,0
1.0,0.90990055,0.4106668,0
1.0,0.906425,0.4305944,0
1.0,0.8725784,0.40053093,0
1.0,0.8884281,0.42790624,0
1.0,0.8948877,0.4372632,0
1.0,0.9075263,0.45192468,0
1.0,0.89460766,0.41943932,0
1.0,0.92580855,0.44949436,0
1.0,0.92056274,0.4443447,0
1.0,0.92078626,0.4486576,0
1.0,0.8966108,0.42110294,0
1.0,0.9058691,0.4276765,0
1.0,0.8612623,0.37300694,0
1.0,0.84522516,0.34986046,0
1.0,0.84372723,0.343938,0
1.0,0.8769694,0.35608798,0
1.0,0.8564322,0.3057482,0
1.0,0.8434803,0.26415947,0
1.0,0.86953765,0.2854973,0
1.0,0.92411923,0.3314448,0
1.0,0.9250589,0.32339442,0
1.0,0.929429,0.350694,0
1.0,0.94400567,0.40365428,0
1.0,0.96159005,0.46344075,0
1.0,0.95409626,0.536134,0
1.0,0.951715,0.6104028,0
1.0,0.9651428,0.72512287,0
1.0,0.97409785,0.86116636,0
1.0,0.9709868,1.0203495,0
1.0,0.96589994,1.1905618,0
1.0,0.96989775,1.3353224,0
1.0,0.9705009,1.5287745,0
1.0,0.9632889,1.6826484,0
1.0,0.95805347,1.7814573,0
1.0,0.96416026,1.9462949,0
1.0,0.9707365,2.0745997,0
1.0,0.97191846,2.1572633,0
1.0,0.97034574,2.2792416,0
1.0,0.9721983,2.3899586,0
1.0,0.97604114,2.4751997,0
1.0,0.97492504,2.5419831,0
1.0,0.974134,2.5530193,0
1.0,0.9752314,2.5711799,0
1.0,0.9739077,2.5912566,0
1.0,0.9714877,2.592985,0
1.0,0.970242,2.626626,0
1.0,0.97174555,2.6621437,0
1.0,0.9693769,2.66922,0
1.0,0.9654789,2.662232,0
1.0,0.96170306,2.6561325,0
1.0,0.95916986,2.6298018,0
1.0,0.9590607,2.6018977,0
1.0,0.9633448,2.6116724,0
1.0,0.96581626,2.5927465,0
1.0,0.9634676,2.5336177,0
1.0,0.96193844,2.473455,0
1.0,0.9643592,2.3847494,0
1.0,0.9611399,2.3041039,0
1.0,0.95820343,2.18664,0
1.0,0.9625647,2.041307,0
1.0,0.964873,1.8780978,0
1.0,0.9627829,1.6828604,0
1.0,0.95803463,1.5173762,0
1.0,0.9568802,1.3133421,0
1.0,0.9514954,1.1039331,0
1.0,0.93935686,0.96084934,0
1.0,0.93406135,0.82283485,0
1.0,0.9499503,0.751189,0
1.0,0.96247613,0.74038994,0
1.0,0.959993,0.66946375,0
1.0,0.95964235,0.6065401,0
1.0,0.9687298,0.5767727,0
1.0,0.9756678,0.5342039,0
1.0,0.9737907,0.55515206,0
1.0,0.97045463,0.5854808,0
1.0,0.9693242,0.59368545,0
1.0,0.96612597,0.60609883,0
1.0,0.9577588,0.572016,0
1.0,0.954346,0.5475606,0
1.0,0.960376,0.56134033,0
1.0,0.9631543,0.55515987,0
1.0,0.9645973,0.5605657,0
1.0,0.95985633,0.59043694,0
1.0,0.9574492,0.62235755,0
1.0,0.9603782,0.67315054,0
1.0,0.9615957,0.7183877,0
1.0,0.9571724,0.7534712,0
1.0,0.9603168,0.7941576,0
1.0,0.9671647,0.8192721,0
1.0,0.97049093,0.85124946,0
1.0,0.9631488,0.8672806,0
1.0,0.95911777,0.8640128,0
1.0,0.9578547,0.8736392,0
1.0,0.9614127,0.8907747,0
1.0,0.9470301,0.87068784,0
1.0,0.93644315,0.86481154,0
1.0,0.9289982,0.8622955,0
1.0,0.93560255,0.890641,0
1.0,0.9264221,0.8593271,0
1.0,0.920704,0.81765294,0
1.0,0.9203943,0.76724607,0
1.0,0.9309784,0.73137224,0
1.0,0.92474633,0.6828854,0
1.0,0.92428607,0.6522597,0
1.0,0.9320543,0.64875597,0
1.0,0.931918,0.6161641,0
1.0,0.9344049,0.5926609,0
1.0,0.93853277,0.58549595,0
1.0,0.94173867,0.57913303,0
1.0,0.9444565,0.6165019,0
1.0,0.94770926,0.64821476,0
1.0,0.9479516,0.6890184,0
1.0,0.9466574,0.7391814,0
1.0,0.9498531,0.7589665,0
1.0,0.95431834,0.76991796,0
1.0,0.95463884,0.76443493,0
1.0,0.94912565,0.72244895,0
1.0,0.94424987,0.68251175,0
1.0,0.94814944,0.6679939,0
1.0,0.9418076,0.65536356,0
1.0,0.9350508,0.6506677,0
1.0,0.9317401,0.61474097,0
1.0,0.93976915,0.59844613,0
1.0,0.94520146,0.6052984,0
1.0,0.9532949,0.6046537,0
1.0,0.95438564,0.5984993,0
1.0,0.95980287,0.60044754,0
1.0,0.95913017,0.592613,0
1.0,0.96203405,0.5943874,0
1.0,0.95872325,0.56794906,0
1.0,0.95444155,0.5617927,0
1.0,0.94220155,0.5449995,0
1.0,0.94280344,0.5431593,0
1.0,0.9378816,0.5377379,0
1.0,0.92773473,0.5241725,0
1.0,0.90448946,0.4940255,0
1.0,0.9142012,0.4969407,0
1.0,0.9034693,0.48118907,0
1.0,0.8833573,0.44011602,0
1.0,0.8496187,0.39038426,0
1.0,0.86671156,0.4158538,0
1.0,0.85804355,0.37880754,0
1.0,0.8629222,0.35210875,0
1.0,0.8521062,0.29826134,0
1.0,0.8603289,0.26136944,0
1.0,0.87477833,0.26518008,0
1.0,0.8577952,0.24782893,0
1.0,0.85170877,0.26060936,0
1.0,0.85232556,0.2884821,0
1.0,0.87080026,0.33408278,0
1.0,0.86339,0.35172313,0
1.0,0.8664788,0.3535405,0
1.0,0.8657397,0.37537014,0
1.0,0.8867593,0.43403876,0
1.0,0.8876213,0.4501614,0
1.0,0.8942279,0.47368887,0
1.0,0.89090145,0.4839192,0
1.0,0.91030145,0.51002336,0
1.0,0.9188427,0.52575165,0
1.0,0.93200076,0.5428349,0
1.0,0.92820644,0.5322765,0
1.0,0.9396544,0.5464157,0
1.0,0.94589025,0.54600465,0
1.0,0.95149845,0.5545721,0
1.0,0.94949037,0.55286306,0
1.0,0.95087105,0.5582193,0
1.0,0.94054097,0.5644445,0
1.0,0.93732303,0.59303373,0
1.0,0.94881886,0.66156477,0
1.0,0.9561136,0.7201899,0
1.0,0.96009046,0.7663717,0
1.0,0.9594694,0.7925382,0
1.0,0.96636325,0.8067942,0
1.0,0.966655,0.8231254,0
1.0,0.9610165,0.8238106,0
1.0,0.95685184,0.8175479,0
1.0,0.95787036,0.8201064,0
1.0,0.962012,0.8127751,0
1.0,0.9623738,0.7769842,0
1.0,0.9657766,0.7341094,0
1.0,0.9706617,0.69895124,0
1.0,0.9731535,0.65183157,0
1.0,0.9718812,0.60978204,0
1.0,0.9707143,0.58991617,0
1.0,0.97317296,0.5468417,0
1.0,0.97540987,0.50221825,0
1.0,0.9723096,0.4778349,0
1.0,0.9676963,0.45701724,0
1.0,0.97097486,0.4503246,0
1.0,0.976061,0.45391652,0
1.0,0.9782817,0.45294702,0
1.0,0.9752333,0.44677055,0
1.0,0.9773818,0.46714634,0
1.0,0.9742478,0.49521932,0
1.0,0.97063994,0.51374966,0
1.0,0.9695291,0.54440147,0
1.0,0.97184426,0.57251567,0
1.0,0.97351915,0.59996676,0
1.0,0.9734028,0.61998373,0
1.0,0.9759774,0.5979569,0
1.0,0.9778225,0.5531714,0
1.0,0.9767642,0.5140831,0
1.0,0.97376776,0.4752093,0
1.0,0.973102,0.4585578,0
1.0,0.9737256,0.4546942,0
1.0,0.97035426,0.4363012,0
1.0,0.9666386,0.43383363,0
1.0,0.957576,0.41907227,0
1.0,0.9558386,0.40889394,0
1.0,0.95509976,0.41033256,0
1.0,0.9588024,0.41719216,0
1.0,0.9536788,0.42361373,0
1.0,0.95209056,0.43500334,0
1.0,0.9404913,0.42406672,0
1.0,0.9273838,0.40223998,0
1.0,0.91043866,0.37831336,0
1.0,0.88967514,0.35904816,0
1.0,0.88716984,0.36319247,0
1.0,0.87504494,0.36324617,0
1.0,0.85329074,0.34855017,0
1.0,0.8598053,0.36857218,0
1.0,0.8738371,0.39229915,0
1.0,0.85254455,0.37685564,0
1.0,0.8270185,0.3580404,0
1.0,0.8291384,0.35160637,0
1.0,0.83339125,0.33846074,0
1.0,0.78908336,0.28029984,0
1.0,0.75617474,0.2289767,0
1.0,0.75225043,0.21244237,0
1.0,0.7845052,0.23441616,0
1.0,0.7352359,0.18377902,0
1.0,0.7529702,0.19694193,0
1.0,0.77112687,0.21340814,0
1.0,0.779839,0.21384251,0
1.0,0.7262194,0.16911681,0
1.0,0.7448534,0.17812417,0
1.0,0.7948924,0.20466816,0
1.0,0.83472043,0.2294443,0
1.0,0.7896819,0.18550187,0
1.0,0.828801,0.21222398,0
1.0,0.85084563,0.23128952,0
1.0,0.85041445,0.22853833,0
1.0,0.78735346,0.17718668,0
1.0,0.8215269,0.20250079,0
1.0,0.8302326,0.20237452,0
1.0,0.8245848,0.23932545,0
1.0,0.81926996,0.27720112,0
1.0,0.8684287,0.33859438,0
1.0,0.90074396,0.44018257,0
1.0,0.9173908,0.538707,0
1.0,0.9236801,0.6055162,0
1.0,0.9379332,0.7037755,0
1.0,0.9433355,0.74600154,0
1.0,0.9455443,0.7733458,0
1.0,0.94080335,0.78319633,0
1.0,0.9500388,0.78922164,0
1.0,0.96139735,0.80060875,0
1.0,0.9686488,0.80016345,0
1.0,0.9681305,0.7923808,0
1.0,0.97136533,0.7958441,0
1.0,0.96998894,0.78418565,0
1.0,0.9691116,0.75651574,0
1.0,0.96953964,0.727025,0
1.0,0.97009313,0.7192683,0
1.0,0.9703433,0.71171486,0
1.0,0.9731241,0.7090095,0
1.0,0.97545266,0.71113044,0
1.0,0.977451,0.7100021,0
1.0,0.97451186,0.70535374,0
1.0,0.971394,0.7020346,0
1.0,0.96872586,0.70156145,0
1.0,0.9704925,0.7054001,0
1.0,0.9667311,0.70504546,0
1.0,0.96331215,0.7181135,0
1.0,0.96097904,0.71447,0
1.0,0.9627938,0.730991,0
1.0,0.96364313,0.7488694,0
1.0,0.96383625,0.70123255,0
1.0,0.96699077,0.66418934,0
1.0,0.96346915,0.64108646,0
1.0,0.9571321,0.56930315,0
1.0,0.93931466,0.47862908,0
1.0,0.9341779,0.40764725,0
1.0,0.91424227,0.30287355,0
1.0,0.89855176,0.23841918,0
1.0,0.8638473,0.1869781,0
1.0,0.882218,0.17056741,0
1.0,0.89252514,0.17068523,0
1.0,0.8892776,0.17210662,0
1.0,0.8426387,0.1500427,0
1.0,0.87577635,0.16666482,0
1.0,0.86736214,0.16405827,0
1.0,0.8463626,0.15270291,0
1.0,0.7983787,0.1325715,0
1.0,0.8335852,0.14759737,0
1.0,0.804093,0.1293573,0
1.0,0.75893426,0.11689473,0
1.0,0.70190644,0.0951298,0
1.0,0.7787125,0.1356625,0
1.0,0.7999242,0.15586366,0
1.0,0.72381115,0.11203739,0
1.0,0.7066422,0.10802645,0
1.0,0.75165814,0.13150579,0
1.0,0.77880967,0.14771138,0
1.0,0.67847645,0.10799022,0
1.0,0.70850515,0.1312459,0
1.0,0.78360873,0.19934595,0
1.0,0.8800726,0.3055298,0
1.0,0.84600496,0.30430436,0
1.0,0.85760015,0.37376416,0
1.0,0.8940393,0.5058944,0
1.0,0.9201922,0.6472893,0
1.0,0.8805675,0.6605797,0
1.0,0.8874034,0.7443156,0
1.0,0.9004916,0.822706,0
1.0,0.9301566,0.9053611,0
1.0,0.9181762,0.94292414,0
1.0,0.92358595,0.9665865,0
1.0,0.9358215,1.002383,0
1.0,0.95526564,1.0694549,0
1.0,0.9514657,1.0649725,0
1.0,0.9528634,1.0703923,0
1.0,0.9556705,1.0758848,0
1.0,0.9604632,1.0815375,0
1.0,0.9589673,1.0946407,0
1.0,0.957752,1.1063585,0
1.0,0.9598228,1.1251075,0
1.0,0.96467793,1.1810517,0
1.0,0.9681912,1.2176747,0
1.0,0.96773994,1.2524759,0
1.0,0.9689227,1.3076236,0
1.0,0.9669153,1.332427,0
1.0,0.9670322,1.3711295,0
1.0,0.96396315,1.3824642,0
1.0,0.95706636,1.3858817,0
1.0,0.9516972,1.43362,0
1.0,0.9536584,1.452249,0
1.0,0.9521149,1.4489379,0
1.0,0.9498297,1.4683896,0
1.0,0.94361913,1.416229,0
1.0,0.9460329,1.3664436,0
1.0,0.946858,1.3098397,0
1.0,0.9510473,1.207566,0
1.0,0.9525562,1.092899,0
1.0,0.9556852,1.0446963,0
1.0,0.95535856,0.96187764,0
1.0,0.9553926,0.9156771,0
1.0,0.9531737,0.8913983,0
1.0,0.9522365,0.8451369,0
1.0,0.95248836,0.85297453,0
1.0,0.9540009,0.85286605,0
1.0,0.9538257,0.8227531,0
1.0,0.94507843,0.81794405,0
1.0,0.9314749,0.8166951,0
1.0,0.9225217,0.81938714,0
1.0,0.9225727,0.83371246,0
1.0,0.8998657,0.7836057,0
1.0,0.89074737,0.75515723,0
1.0,0.90079117,0.75878465,0
1.0,0.9445775,0.78665155,0
1.0,0.9498272,0.74517417,0
1.0,0.9530378,0.69865716,0
1.0,0.95514035,0.64189494,0
1.0,0.9704175,0.6190022,0
1.0,0.96601737,0.57343185,0
1.0,0.9542458,0.5332947,0
1.0,0.94373083,0.5072576,0
1.0,0.9644136,0.47518834,0
1.0,0.9598167,0.43805596,0
1.0,0.9564117,0.41996637,0
1.0,0.94820035,0.38215536,0
1.0,0.9672113,0.4224057,0
1.0,0.9687413,0.46523273,0
1.0,0.96523005,0.4923273,0
1.0,0.962361,0.5385417,0
1.0,0.97009945,0.5991359,0
1.0,0.9713,0.6031946,0
1.0,0.9697224,0.61791,0
1.0,0.9673821,0.61971885,0
1.0,0.9715897,0.6218008,0
1.0,0.97251534,0.65055716,0
1.0,0.9720266,0.66637194,0
1.0,0.967974,0.7113296,0
1.0,0.9666008,0.7984158,0
1.0,0.9603834,0.86487895,0
1.0,0.95465064,0.9480387,0
1.0,0.9500754,1.0308405,0
1.0,0.9527935,1.1870928,0
1.0,0.9590995,1.4089694,0
1.0,0.96407694,1.6138797,0
1.0,0.9653549,1.8702995,0
1.0,0.9651944,2.0740352,0
1.0,0.96281105,2.238478,0
1.0,0.96176845,2.4029083,0
1.0,0.9589147,2.5057979,0
1.0,0.9545262,2.6042576,0
1.0,0.94572574,2.6923714,0
1.0,0.9400556,2.754882,0
1.0,0.93594664,2.774267,0
1.0,0.933136,2.7780836,0
1.0,0.9321613,2.7774923,0
1.0,0.9352404,2.775546,0
1.0,0.94398636,2.7754989,0
1.0,0.9536728,2.7670016,0
1.0,0.95880413,2.7360125,0
1.0,0.96200705,2.7039738,0
1.0,0.96589744,2.6660013,0
1.0,0.9684201,2.6152835,0
1.0,0.9697806,2.5904918,0
1.0,0.9655874,2.5473995,0
1.0,0.96335876,2.5115926,0
1.0,0.9624066,2.4888635,0
1.0,0.9604342,2.4405632,0
1.0,0.9530467,2.3766613,0
1.0,0.9480038,2.3076072,0
1.0,0.9476062,2.2232308,0
1.0,0.9479586,2.1328654,0
1.0,0.9445078,2.0245523,0
1.0,0.9322766,1.896252,0
1.0,0.9344229,1.7314062,0
1.0,0.9359481,1.52871,0
1.0,0.93946743,1.3457582,0
1.0,0.91242003,1.0601566,0
1.0,0.90365416,0.8569717,0
1.0,0.90291035,0.7071361,0
1.0,0.90842134,0.56879216,0
1.0,0.89866275,0.47632486,0
1.0,0.90339404,0.40668446,0
1.0,0.8979709,0.32346314,0
1.0,0.8898369,0.26739064,0
1.0,0.8677012,0.23615187,0
1.0,0.86986434,0.24733193,0
1.0,0.8715471,0.26981252,0
1.0,0.8835424,0.296833,0
1.0,0.88249564,0.31190538,0
1.0,0.89381695,0.33112535,0
1.0,0.89889437,0.3435386,0
1.0,0.9147095,0.36096662,0
1.0,0.9316778,0.3773694,0
1.0,0.9475854,0.39248148,0
1.0,0.952285,0.39717418,0
1.0,0.9542149,0.39922044,0
1.0,0.95876807,0.40167508,0
1.0,0.9626072,0.40407047,0
1.0,0.96384996,0.40527198,0
1.0,0.9582214,0.39979097,0
1.0,0.9609709,0.39629844,0
1.0,0.96252227,0.39137357,0
1.0,0.9628438,0.39855158,0
1.0,0.9623299,0.39787012,0
1.0,0.9632858,0.41089022,0
1.0,0.9651545,0.4504861,0
1.0,0.9682256,0.49707946,0
1.0,0.96821207,0.54470265,0
1.0,0.9705898,0.6156158,0
1.0,0.9732939,0.6778667,0
1.0,0.9756402,0.7081082,0
1.0,0.9754127,0.7488851,0
1.0,0.97570354,0.77693397,0
1.0,0.97584414,0.76795816,0
1.0,0.97641605,0.76035786,0
1.0,0.97479874,0.7499707,0
1.0,0.9718621,0.7306937,0
1.0,0.96946096,0.70304495,0
1.0,0.968447,0.6776783,0
1.0,0.96485025,0.657492,0
1.0,0.96018475,0.6474805,0
1.0,0.9588367,0.63995636,0
1.0,0.95721257,0.6329305,0
1.0,0.9542484,0.6384636,0
1.0,0.9548818,0.6392701,0
1.0,0.9617473,0.64768857,0
1.0,0.96690536,0.6547365,0
1.0,0.9653567,0.652582,0
1.0,0.9574294,0.64192986,0
1.0,0.9590954,0.64409363,0
1.0,0.9556537,0.6433891,0
1.0,0.943161,0.62713885,0
1.0,0.90838516,0.58511597,0
1.0,0.89657694,0.5696639,0
1.0,0.8939902,0.5622336,0
1.0,0.89114165,0.5464447,0
1.0,0.853452,0.49404866,0
1.0,0.8602271,0.47085598,0
1.0,0.86421007,0.4444515,0
1.0,0.9063859,0.45486695,0
1.0,0.9099135,0.4033574,0
1.0,0.91666,0.3578915,0
1.0,0.9148924,0.3428254,0
1.0,0.9385788,0.341479,0
1.0,0.9257447,0.29569224,0
1.0,0.9234073,0.2947986,0
1.0,0.92437184,0.30659008,0
1.0,0.94605327,0.33875516,0
1.0,0.94035816,0.3770517,0
1.0,0.9335761,0.4044242,0
1.0,0.921725,0.4475816,0
1.0,0.93539035,0.5187364,0
1.0,0.93494457,0.5430721,0
1.0,0.9248076,0.57465327,0
1.0,0.9179036,0.6026863,0
1.0,0.9278738,0.63417506,0
1.0,0.9328831,0.66239697,0
1.0,0.9285049,0.6893056,0
1.0,0.92359096,0.74007607,0
1.0,0.93214065,0.806523,0
1.0,0.93662274,0.8920039,0
1.0,0.935301,0.97884643,0
1.0,0.92962337,1.0445201,0
1.0,0.9228617,1.1139572,0
1.0,0.9088221,1.1592257,0
1.0,0.8968559,1.2222886,0
1.0,0.88622135,1.2918919,0
1.0,0.86672974,1.3249974,0
1.0,0.8531753,1.3579248,0
1.0,0.84982586,1.399004,0
1.0,0.8561627,1.4410748,0
1.0,0.8585172,1.4578023,0
1.0,0.85091627,1.4647226,0
1.0,0.8537228,1.5092489,0
1.0,0.8535049,1.5181767,0
1.0,0.856201,1.5175762,0
1.0,0.8544746,1.5227764,0
1.0,0.8570353,1.524894,0
1.0,0.8545079,1.5110385,0
1.0,0.8587907,1.5185161,0
1.0,0.8522746,1.4770702,0
1.0,0.85521466,1.4591992,0
1.0,0.8506761,1.4084568,0
1.0,0.8459529,1.3663464,0
1.0,0.83538944,1.3246806,0
1.0,0.822444,1.275344,0
1.0,0.81516945,1.2469267,0
1.0,0.79980856,1.2035506,0
1.0,0.78689045,1.1843112,0
1.0,0.76828563,1.1364129,0
1.0,0.75821656,1.0817229,0
1.0,0.73623353,1.0109581,0
1.0,0.7246492,0.93385696,0
1.0,0.6991677,0.8309676,0
1.0,0.6930741,0.7829616,0
1.0,0.6613914,0.68641216,0
1.0,0.65939164,0.6489619,0
1.0,0.64202374,0.57647485,0
1.0,0.64504564,0.5354098,0
1.0,0.6572503,0.53649455,0
1.0,0.65633714,0.5036077,0
1.0,0.65955645,0.5058902,0
1.0,0.6729637,0.55396223,0
1.0,0.6800974,0.5924891,0
1.0,0.6842501,0.6369611,0
1.0,0.7007186,0.66932523,0
1.0,0.7199565,0.7181406,0
1.0,0.7421892,0.77478755,0
1.0,0.7447093,0.78014696,0
1.0,0.7674149,0.8153821,0
1.0,0.7901735,0.8443267,0
1.0,0.8209286,0.87649953,0
1.0,0.8456999,0.8994969,0
1.0,0.87621564,0.9414699,0
1.0,0.8949478,0.95425624,0
1.0,0.9088267,0.9498863,0
1.0,0.9148408,0.962063,0
1.0,0.9287121,0.96862626,0
1.0,0.93045694,0.9576428,0
1.0,0.93643177,0.98122144,0
1.0,0.93663687,0.96583295,0
1.0,0.9449571,0.97729445,0
1.0,0.947667,0.9836529,0
1.0,0.947958,0.983608,0
1.0,0.9460583,1.0035679,0
1.0,0.9459692,1.0006406,0
1.0,0.9463378,0.9829063,0
1.0,0.95024866,0.9774903,0
1.0,0.9476987,0.9426878,0
1.0,0.95044696,0.91743994,0
1.0,0.9608597,0.890087,0
1.0,0.96656966,0.8366473,0
1.0,0.96636313,0.8126632,0
1.0,0.96738565,0.76546335,0
1.0,0.9716617,0.6959154,0
1.0,0.9717082,0.6363516,0
1.0,0.9675181,0.5710248,0
1.0,0.9664218,0.53942454,0
1.0,0.9688034,0.52357006,0
1.0,0.97166425,0.5341313,0
1.0,0.9675627,0.5703412,0
1.0,0.96666735,0.65828305,0
1.0,0.9697436,0.77639186,0
1.0,0.97150844,0.9082949,0
1.0,0.96645635,1.0442729,0
1.0,0.9617409,1.2036155,0
1.0,0.9646404,1.4184277,0
1.0,0.967271,1.6054456,0
1.0,0.9672504,1.7281684,0
1.0,0.96956515,1.8465633,0
1.0,0.9739183,1.9284308,0
1.0,0.9766849,1.955302,0
1.0,0.9763322,1.9660027,0
1.0,0.97584957,1.9613123,0
1.0,0.9758906,1.943597,0
1.0,0.97771764,1.9264696,0
1.0,0.9787521,1.8937825,0
1.0,0.97958976,1.885432,0
1.0,0.9804284,1.881007,0
1.0,0.9812688,1.8716004,0
1.0,0.9809567,1.8756919,0
1.0,0.980605,1.8738205,0
1.0,0.97934943,1.8712285,0
1.0,0.9764531,1.8634831,0
1.0,0.97263294,1.8559923,0
1.0,0.971856,1.8506795,0
1.0,0.9720321,1.8475041,0
1.0,0.97272444,1.8424139,0
1.0,0.97017217,1.8117046,0
1.0,0.9723602,1.799564,0
1.0,0.9678794,1.7619376,0
1.0,0.9673969,1.7062707,0
1.0,0.96341693,1.6447667,0
1.0,0.9679949,1.5561562,0
1.0,0.96463126,1.4237716,0
1.0,0.9625502,1.2891829,0
1.0,0.9568319,1.1571667,0
1.0,0.9579022,1.0049446,0
1.0,0.9499439,0.8084507,0
1.0,0.95305955,0.67425704,0
1.0,0.95333207,0.5662097,0
1.0,0.9641337,0.48843497,0
1.0,0.958783,0.4404977,0
1.0,0.95667624,0.40858173,0
1.0,0.9477376,0.4020741,0
1.0,0.95594525,0.41165173,0
1.0,0.9434633,0.4035102,0
1.0,0.94821864,0.4193457,0
1.0,0.9495967,0.42578858,0
1.0,0.9560501,0.42446998,0
1.0,0.94363844,0.4024096,0
1.0,0.9481328,0.40301532,0
1.0,0.95244545,0.40012228,0
1.0,0.9565604,0.40595895,0
1.0,0.9567113,0.40742785,0
1.0,0.9566225,0.43001968,0
1.0,0.9586107,0.45464945,0
1.0,0.9632294,0.46289724,0
1.0,0.96080667,0.4689965,0
1.0,0.962391,0.485577,0
1.0,0.96655834,0.49577296,0
1.0,0.97023576,0.4981547,0
1.0,0.96641725,0.53998876,0
1.0,0.9608544,0.59809303,0
1.0,0.9640096,0.68129265,0
1.0,0.9694512,0.81223345,0
1.0,0.96838766,0.9040238,0
1.0,0.9672327,0.96209204,0
1.0,0.970228,0.98465127,0
1.0,0.97529024,1.0143769,0
1.0,0.9753879,1.0527289,0
1.0,0.9715735,1.0606629,0
1.0,0.97094685,1.093921,0
1.0,0.97445434,1.119673,0
1.0,0.97321653,1.1234567,0
1.0,0.96591896,1.1229949,0
1.0,0.96514624,1.0998821,0
1.0,0.9699395,1.0964295,0
1.0,0.9723054,1.1020372,0
1.0,0.9697091,1.0899456,0
1.0,0.9714215,1.095362,0
1.0,0.9712124,1.1006798,0
1.0,0.97111255,1.1087809,0
1.0,0.96534115,1.103686,0
1.0,0.9608657,1.1034446,0
1.0,0.9586141,1.1075535,0
1.0,0.96092314,1.1134043,0
1.0,0.958654,1.090095,0
1.0,0.95144695,1.056028,0
1.0,0.9380772,1.0349101,0
1.0,0.9368973,1.03126,0
1.0,0.9329495,1.0369573,0
1.0,0.9288785,1.0459006,0
1.0,0.92021793,1.027073,0
1.0,0.91689366,0.9708164,0
1.0,0.9326356,0.9291307,0
1.0,0.93067825,0.83536196,0
1.0,0.91525054,0.6856263,0
1.0,0.92467976,0.61569095,0
1.0,0.94281745,0.60204995,0
1.0,0.940761,0.5694084,0
1.0,0.92911905,0.5280807,0
1.0,0.90954155,0.45529166,0
1.0,0.9023725,0.39199162,0
1.0,0.8976936,0.32317573,0
1.0,0.8762681,0.25697312,0
1.0,0.8781663,0.21990262,0
1.0,0.881677,0.20105565,0
1.0,0.90688294,0.21858773,0
1.0,0.9065629,0.21736346,0
1.0,0.899036,0.21038228,0
1.0,0.8745407,0.18793827,0
1.0,0.91301405,0.2098097,0
1.0,0.91164947,0.20422888,0
1.0,0.92638284,0.20856617,0
1.0,0.9087563,0.1923209,0
1.0,0.9237603,0.19738337,0
1.0,0.90978205,0.19064318,0
1.0,0.9134318,0.19444314,0
1.0,0.8646842,0.17931327,0
1.0,0.8786542,0.18226752,0
1.0,0.85820603,0.17795393,0
1.0,0.8548105,0.17668296,0
1.0,0.7716948,0.15076995,0
1.0,0.7962064,0.1412586,0
1.0,0.7592161,0.14030677,0
1.0,0.7912542,0.13048251,0
1.0,0.7386196,0.15456313,0
1.0,0.7274741,0.16236702,0
1.0,0.6941831,0.1752935,0
1.0,0.65480626,0.19352472,0
1.0,0.617088,0.20572746,0
1.0,0.66003275,0.18550391,0
1.0,0.7122322,0.16633767,0
1.0,0.7944903,0.14036432,0
1.0,0.79266614,0.13990304,0
1.0,0.8420675,0.13284287,0
1.0,0.8364123,0.13477999,0
1.0,0.775844,0.14387195,0
1.0,0.73202395,0.15304379,0
1.0,0.7973249,0.14931472,0
1.0,0.8156367,0.16214044,0
1.0,0.83849126,0.18753704,0
1.0,0.8543132,0.22235975,0
1.0,0.9054624,0.25083393,0
1.0,0.9210629,0.2721696,0
1.0,0.9324512,0.31606406,0
1.0,0.9294475,0.3681269,0
1.0,0.9460153,0.41230375,0
1.0,0.9458374,0.4375921,0
1.0,0.9466146,0.4733008,0
1.0,0.94328433,0.4718574,0
1.0,0.9592939,0.4852352,0
1.0,0.96320254,0.4961268,0
1.0,0.97174567,0.5127851,0
1.0,0.9676549,0.52880573,0
1.0,0.96872276,0.57693124,0
1.0,0.96337223,0.6102694,0
1.0,0.96320254,0.65137786,0
1.0,0.96323496,0.6776234,0
1.0,0.95900965,0.6939537,0
1.0,0.9614996,0.7406814,0
1.0,0.96869254,0.78703976,0
1.0,0.9664619,0.8254876,0
1.0,0.95708776,0.881582,0
1.0,0.9565209,0.9500538,0
1.0,0.95881397,1.0109955,0
1.0,0.9531728,1.0566531,0
1.0,0.934792,1.0853065,0
1.0,0.93372047,1.1213303,0
1.0,0.93184775,1.15861,0
1.0,0.92635584,1.192559,0
1.0,0.91429615,1.1777456,0
1.0,0.9212418,1.2373213,0
1.0,0.9286682,1.2938073,0
1.0,0.9222618,1.2644047,0
1.0,0.91086364,1.2394354,0
1.0,0.91717106,1.2517754,0
1.0,0.9224424,1.2483985,0
1.0,0.9222493,1.2178432,0
1.0,0.9096449,1.1714418,0
1.0,0.91072154,1.1989421,0
1.0,0.90579927,1.2016592,0
1.0,0.88605434,1.1829149,0
1.0,0.8706621,1.2024662,0
1.0,0.8536043,1.1907058,0
1.0,0.8635136,1.2328308,0
1.0,0.8698477,1.2750205,0
1.0,0.8692943,1.2629538,0
1.0,0.8591255,1.2344561,0
1.0,0.8570051,1.2264714,0
1.0,0.8573148,1.2382119,0
1.0,0.8537222,1.2289443,0
1.0,0.842898,1.1736104,0
1.0,0.8581171,1.1780643,0
1.0,0.8763501,1.1740742,0
1.0,0.895669,1.1344485,0
1.0,0.9051248,1.080205,0
1.0,0.9136111,1.0379994,0
1.0,0.9240104,1.0017006,0
1.0,0.9303669,0.948534,0
1.0,0.9229396,0.8956492,0
1.0,0.9210533,0.8507844,0
1.0,0.9212441,0.80149,0
1.0,0.9250754,0.78002465,0
1.0,0.92237586,0.708307,0
1.0,0.91815424,0.62836385,0
1.0,0.92047673,0.6063144,0
1.0,0.91206735,0.5806354,0
1.0,0.9178376,0.57699955,0
1.0,0.9250891,0.57814974,0
1.0,0.9421407,0.5983515,0
1.0,0.94325787,0.58532465,0
1.0,0.94895625,0.5530752,0
1.0,0.9545691,0.53958666,0
1.0,0.95793355,0.51473856,0
1.0,0.9542811,0.47716615,0
1.0,0.9493617,0.4545918,0
1.0,0.9513307,0.42487338,0
1.0,0.93962264,0.37584853,0
1.0,0.92432946,0.33609247,0
1.0,0.90156275,0.29573315,0
1.0,0.8979443,0.27915347,0
1.0,0.87668556,0.25489795,0
1.0,0.8675438,0.29830146,0
1.0,0.8961041,0.38970006,0
1.0,0.9278148,0.4704424,0
1.0,0.92798936,0.5413091,0
1.0,0.92589694,0.58297414,0
1.0,0.93617237,0.64781255,0
1.0,0.95001537,0.74325013,0
1.0,0.9408487,0.7821967,0
1.0,0.93632156,0.85746086,0
1.0,0.9393431,0.967499,0
1.0,0.9426245,1.0500482,0
1.0,0.91941136,1.0674005,0
1.0,0.91392004,1.1015424,0
1.0,0.9191611,1.135484,0
1.0,0.92999214,1.1708714,0
1.0,0.9239497,1.1725745,0
1.0,0.9328911,1.1915239,0
1.0,0.94375706,1.2150866,0
1.0,0.9510568,1.2244208,0
1.0,0.94968826,1.2191209,0
1.0,0.95251036,1.2397056,0
1.0,0.95651346,1.2337015,0
1.0,0.9551294,1.2065736,0
1.0,0.94647884,1.1898365,0
1.0,0.9470932,1.1799667,0
1.0,0.94181347,1.1798749,0
1.0,0.931875,1.194798,0
1.0,0.9155615,1.1997947,0
1.0,0.932459,1.2769841,0
1.0,0.93680006,1.3110471,0
1.0,0.935254,1.3082678,0
1.0,0.9418754,1.3102151,0
1.0,0.9546255,1.2775489,0
1.0,0.951721,1.2115438,0
1.0,0.94506246,1.1716199,0
1.0,0.9425773,1.12713,0
1.0,0.9558152,1.157097,0
1.0,0.95627123,1.1558176,0
1.0,0.94486564,1.0964129,0
1.0,0.9349132,1.0818108,0
1.0,0.941877,1.0775106,0
1.0,0.93199587,1.0182885,0
1.0,0.9023331,0.97787267,0
1.0,0.889063,0.98053515,0
1.0,0.91060966,1.0283315,0
1.0,0.9129342,1.0741076,0
1.0,0.9022311,1.1322012,0
1.0,0.903553,1.1733885,0
1.0,0.924543,1.2439196,0
1.0,0.9275598,1.2723309,0
1.0,0.92068624,1.2590001,0
1.0,0.9142934,1.2485876,0
1.0,0.92048883,1.2762356,0
1.0,0.90616995,1.2768139,0
1.0,0.89712965,1.2753167,0
1.0,0.8751208,1.2414804,0
1.0,0.88094413,1.2719805,0
1.0,0.8793021,1.2465811,0
1.0,0.8771866,1.2248936,0
1.0,0.86892813,1.2000365,0
1.0,0.87740165,1.2187088,0
1.0,0.8715776,1.2756612,0
1.0,0.88485074,1.3418269,0
1.0,0.88276696,1.376493,0
1.0,0.8957233,1.452007,0
1.0,0.89228684,1.4500995,0
1.0,0.909936,1.5000219,0
1.0,0.90443623,1.4921789,0
1.0,0.9073609,1.477856,0
1.0,0.89401126,1.4194378,0
1.0,0.9075819,1.4448553,0
1.0,0.8978942,1.4177054,0
1.0,0.89956063,1.3855183,0
1.0,0.87844974,1.2874012,0
1.0,0.8944504,1.2558588,0
1.0,0.88501066,1.1788435,0
1.0,0.8727495,1.1248176,0
1.0,0.8626297,1.0726223,0
1.0,0.8726144,1.0275714,0
1.0,0.87581503,1.0020132,0
1.0,0.8580304,0.9608544,0
1.0,0.850047,0.9390262,0
1.0,0.86137986,0.96700555,0
1.0,0.863949,0.9795417,0
1.0,0.8321287,0.9083235,0
1.0,0.8184446,0.86630493,0
1.0,0.80428535,0.8370416,0
1.0,0.8140951,0.84600073,0
1.0,0.75256157,0.733494,0
1.0,0.7373945,0.7108558,0
1.0,0.70758533,0.6572339,0
1.0,0.7384242,0.6860494,0
1.0,0.691194,0.57931304,0
1.0,0.702928,0.5179353,0
1.0,0.6979943,0.46971303,0
1.0,0.7709331,0.52516663,0
1.0,0.74266636,0.44333643,0
1.0,0.791031,0.48304707,0
1.0,0.7708852,0.42583045,0
1.0,0.82417744,0.4569567,0
1.0,0.7974828,0.40851307,0
1.0,0.799714,0.40091455,0
1.0,0.80450547,0.3835218,0
1.0,0.8618504,0.41483733,0
1.0,0.87372434,0.4205652,0
1.0,0.8837257,0.4265548,0
1.0,0.8932677,0.4556507,0
1.0,0.9191787,0.4956008,0
1.0,0.92326593,0.5117901,0
1.0,0.92637527,0.5589673,0
1.0,0.9360472,0.57969236,0
1.0,0.94854075,0.6425829,0
1.0,0.9527335,0.7094744,0
1.0,0.948519,0.7298584,0
1.0,0.9517061,0.8010413,0
1.0,0.9572248,0.8289441,0
1.0,0.95521116,0.84997874,0
1.0,0.9495239,0.923422,0
1.0,0.9495076,0.9574736,0
1.0,0.9506506,0.98932135,0
1.0,0.9482679,1.0232359,0
1.0,0.9366385,1.0186235,0
1.0,0.9403089,1.0345006,0
1.0,0.9433986,1.0749547,0
1.0,0.9446834,1.1222479,0
1.0,0.93441635,1.1253998,0
1.0,0.9355483,1.176724,0
1.0,0.92682064,1.2172632,0
1.0,0.9198226,1.2430586,0
1.0,0.89771473,1.2373784,0
1.0,0.89162636,1.2741035,0
1.0,0.88079554,1.2930446,0
1.0,0.877345,1.3427718,0
1.0,0.86109734,1.38324,0
1.0,0.8521179,1.4246917,0
1.0,0.8436334,1.4386544,0
1.0,0.8383657,1.4770262,0
1.0,0.8311673,1.5428736,0
1.0,0.8371449,1.6098152,0
1.0,0.85158795,1.7193356,0
1.0,0.8637035,1.832542,0
1.0,0.86604285,1.8761897,0
1.0,0.8722063,1.9502159,0
1.0,0.8794553,1.9772539,0
1.0,0.8871012,1.9902449,0
1.0,0.89280087,2.0133882,0
1.0,0.8949842,1.9716623,0
1.0,0.89853734,1.9816577,0
1.0,0.8986026,1.9741483,0
1.0,0.9012562,1.8970999,0
1.0,0.8997339,1.8546093,0
1.0,0.9143725,1.8569019,0
1.0,0.9253341,1.8268961,0
1.0,0.93653923,1.8348672,0
1.0,0.9416672,1.8286498,0
1.0,0.94856566,1.7916571,0
1.0,0.9538669,1.7681348,0
1.0,0.95707846,1.7504393,0
1.0,0.9552808,1.6926515,0
1.0,0.9538587,1.638792,0
1.0,0.95076627,1.6024437,0
1.0,0.9562204,1.5785034,0
1.0,0.95451736,1.53813,0
1.0,0.94990367,1.5041661,0
1.0,0.94456583,1.444831,0
1.0,0.95220524,1.3733922,0
1.0,0.95030993,1.2999926,0
1.0,0.95082504,1.2604358,0
1.0,0.92968786,1.1651843,0
1.0,0.92951554,1.0706077,0
1.0,0.926725,0.9716733,0
1.0,0.9399835,0.886073,0
1.0,0.917309,0.74120325,0
1.0,0.9236971,0.66706645,0
1.0,0.919163,0.59593534,0
1.0,0.9362919,0.5616236,0
1.0,0.9140185,0.48609734,0
1.0,0.9242896,0.4816628,0
1.0,0.9104906,0.46626794,0
1.0,0.92506677,0.50320077,0
1.0,0.8883203,0.5001762,0
1.0,0.9037964,0.58542603,0
1.0,0.8913933,0.6542219,0
1.0,0.9248683,0.75043714,0
1.0,0.9174265,0.7888694,0
1.0,0.9247779,0.85505,0
1.0,0.9129315,0.87276924,0
1.0,0.93396914,0.94842756,0
1.0,0.9244069,0.9673595,0
1.0,0.9201363,1.0030172,0
1.0,0.90865886,1.0016555,0
1.0,0.9189899,1.019509,0
1.0,0.9267375,1.0277776,0
1.0,0.93961906,1.0456692,0
1.0,0.94109255,1.0326719,0
1.0,0.95147717,1.0335126,0
1.0,0.9560771,1.0311867,0
1.0,0.9613102,1.0411711,0
1.0,0.9586121,1.0525113,0
1.0,0.95925903,1.0532254,0
1.0,0.95416015,1.0372163,0
1.0,0.9517507,1.0634031,0
1.0,0.9485606,1.0779918,0
1.0,0.94815683,1.0851786,0
1.0,0.9459005,1.1119312,0
1.0,0.9442951,1.1209055,0
1.0,0.94785535,1.1375415,0
1.0,0.9519046,1.147325,0
1.0,0.95323163,1.1322799,0
1.0,0.9532107,1.1230309,0
1.0,0.9521651,1.0887221,0
1.0,0.9536726,1.0306165,0
1.0,0.9564135,0.978189,0
1.0,0.9575821,0.9011931,0
1.0,0.95744354,0.807606,0
1.0,0.96018267,0.7660868,0
1.0,0.95722514,0.716213,0
1.0,0.95408434,0.657815,0
1.0,0.94937736,0.61547637,0
1.0,0.94410276,0.58729845,0
1.0,0.94010705,0.5726831,0
1.0,0.9321521,0.54245335,0
1.0,0.9402639,0.5685887,0
1.0,0.9415685,0.5903342,0
1.0,0.9383525,0.6087754,0
1.0,0.93534905,0.63677144,0
1.0,0.9381392,0.6632803,0
1.0,0.93524367,0.6688903,0
1.0,0.93329173,0.6774401,0
1.0,0.9258101,0.6737079,0
1.0,0.93345654,0.6675954,0
1.0,0.93371826,0.65543187,0
1.0,0.9383581,0.6524045,0
1.0,0.9351549,0.61540735,0
1.0,0.94645184,0.6121113,0
1.0,0.9481803,0.6006147,0
1.0,0.94289035,0.5583943,0
1.0,0.9405833,0.5463938,0
1.0,0.9526235,0.55490124,0
1.0,0.9570556,0.56151545,0
1.0,0.95703566,0.56544995,0
1.0,0.95527804,0.53959584,0
1.0,0.9666334,0.5470159,0
1.0,0.9676398,0.549405,0
1.0,0.9611267,0.54852164,0
1.0,0.9574608,0.5563529,0
1.0,0.9586805,0.5706289,0
1.0,0.9598404,0.58164996,0
1.0,0.95196146,0.57825863,0
1.0,0.9446988,0.57350564,0
1.0,0.946951,0.5750679,0
1.0,0.956162,0.5716435,0
1.0,0.9518999,0.5402874,0
1.0,0.9507106,0.52545965,0
1.0,0.9494716,0.50749964,0
1.0,0.96000916,0.5118139,0
1.0,0.95663947,0.52563024,0
1.0,0.95918566,0.54334915,0
1.0,0.9619508,0.5736065,0
1.0,0.9694527,0.65735376,0
1.0,0.9631804,0.72546816,0
1.0,0.96230954,0.8290944,0
1.0,0.95714986,0.9389904,0
1.0,0.96086025,1.0317924,0
1.0,0.9501144,1.1018391,0
1.0,0.951278,1.2248685,0
1.0,0.9438571,1.3392302,0
1.0,0.9564259,1.4208276,0
1.0,0.9566142,1.4388607,0
1.0,0.9579271,1.4448788,0
1.0,0.95777893,1.4452206,0
1.0,0.9607085,1.4337287,0
1.0,0.96678114,1.4292549,0
1.0,0.9702637,1.4428537,0
1.0,0.96857774,1.4384017,0
1.0,0.9688283,1.4253702,0
1.0,0.9725716,1.408335,0
1.0,0.97514194,1.3935571,0
1.0,0.97359145,1.3662355,0
1.0,0.97143954,1.3443835,0
1.0,0.9696219,1.3287079,0
1.0,0.9651326,1.3238288,0
1.0,0.9605038,1.3302193,0
1.0,0.9619858,1.3428631,0
1.0,0.96624035,1.3547262,0
1.0,0.96530473,1.3466707,0
1.0,0.966516,1.3349204,0
1.0,0.96975535,1.3366029,0
1.0,0.9703091,1.3217897,0
1.0,0.9594955,1.2840569,0
1.0,0.95033437,1.2387075,0
1.0,0.96161056,1.2033943,0
1.0,0.9682179,1.1523173,0
1.0,0.96051204,1.0263984,0
1.0,0.9536693,0.9154052,0
1.0,0.9607951,0.87164485,0
1.0,0.9552888,0.808653,0
1.0,0.9203351,0.6867847,0
1.0,0.9031498,0.5771847,0
1.0,0.9284971,0.60483885,0
1.0,0.92645466,0.6139221,0
1.0,0.89134926,0.5438347,0
1.0,0.8871284,0.5240518,0
1.0,0.92721266,0.5834689,0
1.0,0.93862385,0.6035296,0
1.0,0.93052393,0.58484614,0
1.0,0.929967,0.58984613,0
1.0,0.9403104,0.6124581,0
1.0,0.9371364,0.60572517,0
1.0,0.9112757,0.57014835,0
1.0,0.89931846,0.553094,0
1.0,0.90770584,0.56484437,0
1.0,0.9148753,0.5780139,0
1.0,0.91273594,0.56438595,0
1.0,0.9178848,0.5762354,0
1.0,0.92633367,0.5958873,0
1.0,0.9377609,0.62472636,0
1.0,0.94204706,0.6411592,0
1.0,0.9452594,0.6550576,0
1.0,0.9541333,0.71389484,0
1.0,0.9587685,0.72402394,0
1.0,0.96159065,0.7243428,0
1.0,0.95760846,0.7324116,0
1.0,0.95846236,0.7129398,0
1.0,0.96448296,0.69857967,0
1.0,0.96663684,0.6862556,0
1.0,0.9679642,0.66576505,0
1.0,0.9705512,0.6359383,0
1.0,0.9734518,0.6043279,0
1.0,0.9713288,0.55253386,0
1.0,0.9674481,0.5006442,0
1.0,0.97051233,0.45144236,0
1.0,0.9734665,0.42130855,0
1.0,0.9703438,0.40298635,0
1.0,0.9638583,0.37941638,0
1.0,0.9670466,0.3730662,0
1.0,0.9696314,0.37154007,0
1.0,0.96594596,0.37504345,0
1.0,0.9637523,0.38509542,0
1.0,0.9726609,0.40295488,0
1.0,0.9756339,0.4304037,0
1.0,0.97447824,0.45386332,0
1.0,0.9756201,0.46952608,0
1.0,0.9779122,0.49748248,0
1.0,0.9788112,0.5153139,0
1.0,0.97537327,0.5281317,0
1.0,0.9750082,0.5698841,0
1.0,0.9771274,0.6113483,0
1.0,0.9786205,0.62515545,0
1.0,0.9766208,0.6522336,0
1.0,0.9715839,0.67347026,0
1.0,0.96977276,0.65544957,0
1.0,0.9661046,0.6724447,0
1.0,0.9543921,0.6769595,0
1.0,0.9412416,0.69534504,0
1.0,0.9414107,0.793208,0
1.0,0.94342935,0.84473884,0
1.0,0.9405908,0.8955324,0
1.0,0.93802077,0.9684167,0
1.0,0.94816166,1.0161724,0
1.0,0.95147866,1.0587294,0
1.0,0.9476869,1.096032,0
1.0,0.9361947,1.10065,0
1.0,0.9262145,1.1096282,0
1.0,0.91682625,1.1071733,0
1.0,0.9001244,1.1006367,0
1.0,0.8610947,1.0358077,0
1.0,0.83217394,0.9894092,0
1.0,0.82605463,1.0469005,0
1.0,0.8395271,1.1254029,0
1.0,0.8370404,1.1650417,0
1.0,0.8595596,1.298604,0
1.0,0.85547906,1.3565748,0
1.0,0.8613168,1.441977,0
1.0,0.86685276,1.5269129,0
1.0,0.87722015,1.6285417,0
1.0,0.8770162,1.7340523,0
1.0,0.88331187,1.8223839,0
1.0,0.89082485,1.8970531,0
1.0,0.9055284,1.983501,0
1.0,0.9091495,1.9980844,0
1.0,0.91619337,2.0066416,0
1.0,0.9220363,2.007851,0
1.0,0.93113166,2.0019722,0
1.0,0.93119967,1.968281,0
1.0,0.93658954,1.9591713,0
1.0,0.93789667,1.9036578,0
1.0,0.94805837,1.8305333,0
1.0,0.9479349,1.783634,0
1.0,0.9496124,1.7363327,0
1.0,0.9503942,1.6610049,0
1.0,0.96024984,1.6509223,0
1.0,0.96381533,1.6183302,0
1.0,0.96624625,1.577686,0
1.0,0.96614635,1.553128,0
1.0,0.9664323,1.5236475,0
1.0,0.96570665,1.4974673,0
1.0,0.96112293,1.4596244,0
1.0,0.9520956,1.434552,0
1.0,0.9470394,1.411558,0
1.0,0.9484007,1.3379314,0
1.0,0.9444932,1.2674205,0
1.0,0.932519,1.1800344,0
1.0,0.9286019,1.0634996,0
1.0,0.92405,0.96198857,0
1.0,0.91983193,0.8580682,0
1.0,0.89450717,0.7413229,0
1.0,0.8882737,0.6357248,0
1.0,0.87326336,0.49571088,0
1.0,0.86277884,0.39733016,0
1.0,0.8135468,0.25846145,0
1.0,0.8085308,0.16543923,0
1.0,0.79403424,0.1233539,0
1.0,0.7947059,0.10651064,0
1.0,0.7516181,0.09743847,0
1.0,0.804882,0.12956,0
1.0,0.8294579,0.18512888,0
1.0,0.8529802,0.240035,0
1.0,0.82589704,0.2839455,0
1.0,0.867962,0.41630852,0
1.0,0.8807671,0.5107259,0
1.0,0.9028751,0.638167,0
1.0,0.89394593,0.7110932,0
1.0,0.91712534,0.8005596,0
1.0,0.91708565,0.8781668,0
1.0,0.93251455,0.93162704,0
1.0,0.9283851,0.9488704,0
1.0,0.9466006,1.0034083,0
1.0,0.9510505,1.0140123,0
1.0,0.96026534,1.0274134,0
1.0,0.9620184,1.0226358,0
1.0,0.96977174,1.0345597,0
1.0,0.9734258,1.0372717,0
1.0,0.9766598,1.0450715,0
1.0,0.9773697,1.0599802,0
1.0,0.9808307,1.0692806,0
1.0,0.98260087,1.074924,0
1.0,0.983448,1.0756916,0
1.0,0.98062664,1.0696609,0
1.0,0.9784299,1.0634358,0
1.0,0.97580427,1.0600729,0
1.0,0.97543555,1.0752094,0
1.0,0.9734623,1.096621,0
1.0,0.9738337,1.1335046,0
1.0,0.97535974,1.1898293,0
1.0,0.97794867,1.2447965,0
1.0,0.9805258,1.3239352,0
1.0,0.9824338,1.4273722,0
1.0,0.98398364,1.478228,0
1.0,0.98462635,1.5384572,0
1.0,0.98498905,1.5636833,0
1.0,0.98464715,1.5217464,0
1.0,0.98447686,1.4954045,0
1.0,0.98445636,1.4281837,0
1.0,0.983033,1.3823081,0
1.0,0.9809614,1.352758,0
1.0,0.979543,1.2948596,0
1.0,0.9777548,1.2770213,0
1.0,0.9730012,1.2737607,0
1.0,0.96915543,1.2888926,0
1.0,0.96849525,1.3017817,0
1.0,0.96970046,1.3145291,0
1.0,0.96949524,1.3457798,0
1.0,0.96718186,1.3701128,0
1.0,0.9679681,1.4091759,0
1.0,0.965708,1.4331622,0
1.0,0.95993567,1.4446728,0
1.0,0.95242184,1.4627223,0
1.0,0.9467739,1.4744809,0
1.0,0.9414249,1.4991636,0
1.0,0.92474306,1.4851995,0
1.0,0.9061797,1.464335,0
1.0,0.8853294,1.4477812,0
1.0,0.8798911,1.4406687,0
1.0,0.85860926,1.3943236,0
1.0,0.84444165,1.3530517,0
1.0,0.8191438,1.2666304,0
1.0,0.8123899,1.2033777,0
1.0,0.8023231,1.0930643,0
1.0,0.812385,1.0035927,0
1.0,0.82255924,0.9212085,0
1.0,0.8376521,0.8396617,0
1.0,0.8422875,0.7602323,0
1.0,0.8559453,0.7112958,0
1.0,0.8633483,0.6563532,0
1.0,0.8687691,0.62097204,0
1.0,0.86081076,0.5699743,0
1.0,0.87020344,0.54732925,0
1.0,0.8595919,0.51449096,0
1.0,0.8621035,0.50128746,0
1.0,0.86019695,0.4747728,0
1.0,0.85439456,0.43292862,0
1.0,0.84495676,0.41237807,0
1.0,0.85446775,0.41517305,0
1.0,0.8550064,0.39542288,0
1.0,0.84555745,0.37672204,0
1.0,0.8526443,0.36644417,0
1.0,0.89103156,0.38017115,0
1.0,0.9018273,0.37893933,0
1.0,0.8908606,0.3654858,0
1.0,0.90732616,0.3829404,0
1.0,0.934948,0.42378634,0
1.0,0.93468916,0.43857872,0
1.0,0.9232807,0.43180177,0
1.0,0.91307735,0.4126129,0
1.0,0.9228478,0.41483766,0
1.0,0.9178388,0.39042765,0
1.0,0.90836006,0.35808533,0
1.0,0.90473425,0.3534633,0
1.0,0.92293346,0.37576726,0
1.0,0.9224801,0.38612905,0
1.0,0.9180987,0.39591756,0
1.0,0.9141494,0.3931023,0
1.0,0.9163216,0.39849064,0
1.0,0.91889995,0.4014349,0
1.0,0.92867637,0.42055374,0
1.0,0.9290332,0.45631266,0
1.0,0.92191744,0.4620128,0
1.0,0.9180978,0.47058523,0
1.0,0.93308824,0.5171248,0
1.0,0.9268981,0.5177001,0
1.0,0.90205616,0.49524793,0
1.0,0.9028576,0.5320257,0
1.0,0.91658384,0.5854214,0
1.0,0.8944795,0.5822307,0
1.0,0.87229145,0.5965519,0
1.0,0.8926071,0.6607237,0
1.0,0.90977097,0.6870217,0
1.0,0.90883464,0.6840259,0
1.0,0.8936369,0.67420274,0
1.0,0.9008026,0.6808017,0
1.0,0.9048847,0.6745785,0
1.0,0.8831247,0.64317536,0
1.0,0.8639298,0.59474593,0
1.0,0.88105506,0.6257199,0
1.0,0.88778496,0.6455725,0
1.0,0.8759284,0.6277351,0
1.0,0.88316077,0.66624177,0
1.0,0.8914602,0.7082238,0
1.0,0.885555,0.7223923,0
1.0,0.86427766,0.6991136,0
1.0,0.8655658,0.7199358,0
1.0,0.8725663,0.75040126,0
1.0,0.85052156,0.72450125,0
1.0,0.8178464,0.68219423,0
1.0,0.8378907,0.7149874,0
1.0,0.85128343,0.7377269,0
1.0,0.8675135,0.75810814,0
1.0,0.871732,0.7471803,0
1.0,0.88417614,0.7698264,0
1.0,0.87954146,0.7524247,0
1.0,0.88839334,0.7567152,0
1.0,0.85662246,0.69966495,0
1.0,0.84366065,0.67531157,0
1.0,0.83964455,0.6492573,0
1.0,0.85711616,0.6486325,0
1.0,0.8326368,0.6103352,0
1.0,0.836365,0.6029943,0
1.0,0.86384696,0.6593554,0
1.0,0.89880294,0.74728096,0
1.0,0.9027188,0.79318464,0
1.0,0.91091925,0.9173742,0
1.0,0.9268917,1.0016096,0
1.0,0.9421059,1.0641665,0
1.0,0.9361872,1.1440209,0
1.0,0.93506014,1.185647,0
1.0,0.94265735,1.1984477,0
1.0,0.9556465,1.2214698,0
1.0,0.95346427,1.206903,0
1.0,0.95150924,1.1789536,0
1.0,0.952551,1.1590164,0
1.0,0.9545616,1.1587266,0
1.0,0.94341284,1.1338773,0
1.0,0.93509537,1.0914897,0
1.0,0.94173783,1.0831137,0
1.0,0.9420766,1.0726174,0
1.0,0.93545836,1.0611154,0
1.0,0.9309214,1.0649947,0
1.0,0.9374164,1.0962185,0
1.0,0.9369233,1.12033,0
1.0,0.92741966,1.109795,0
1.0,0.9142776,1.0855374,0
1.0,0.90398604,1.080568,0
1.0,0.8883763,1.0544072,0
1.0,0.8605367,1.0118012,0
1.0,0.8320461,0.9722551,0
1.0,0.8183131,0.94358027,0
1.0,0.80635786,0.91660035,0
1.0,0.80059654,0.88634956,0
1.0,0.7982816,0.8540843,0
1.0,0.80643755,0.82684743,0
1.0,0.7975319,0.7767292,0
1.0,0.7834649,0.7082763,0
1.0,0.7557702,0.55439806,0
1.0,0.7417194,0.48061496,0
1.0,0.68583864,0.38299865,0
1.0,0.66576785,0.27795407,0
1.0,0.66356444,0.23309264,0
1.0,0.71112376,0.26573336,0
1.0,0.74745977,0.29392734,0
1.0,0.7780232,0.33673763,0
1.0,0.80250007,0.37927043,0
1.0,0.83791363,0.4291738,0
1.0,0.8605369,0.5109602,0
1.0,0.8663289,0.59344435,0
1.0,0.8742055,0.6528048,0
1.0,0.8956181,0.74231696,0
1.0,0.9058867,0.8009708,0
1.0,0.9106388,0.877551,0
1.0,0.92059046,0.9674273,0
1.0,0.9313463,1.025876,0
1.0,0.94093347,1.1362956,0
1.0,0.93559504,1.218554,0
1.0,0.93234485,1.304374,0
1.0,0.9364246,1.4355512,0
1.0,0.9434955,1.5389452,0
1.0,0.9410091,1.6177373,0
1.0,0.94201565,1.6860378,0
1.0,0.94655085,1.7730653,0
1.0,0.95718145,1.8840299,0
1.0,0.95570904,1.9511511,0
1.0,0.9539885,2.052518,0
1.0,0.95214164,2.1336217,0
1.0,0.95388806,2.2072368,0
1.0,0.94730765,2.265518,0
1.0,0.9431411,2.3041792,0
1.0,0.93994683,2.3572395,0
1.0,0.94321394,2.4092507,0
1.0,0.9397795,2.424463,0
1.0,0.9391381,2.468762,0
1.0,0.9331921,2.461133,0
1.0,0.93524176,2.488106,0
1.0,0.92830265,2.4908438,0
1.0,0.9206277,2.448022,0
1.0,0.9229533,2.438734,0
1.0,0.9254093,2.3854942,0
1.0,0.927226,2.304164,0
1.0,0.9258257,2.243469,0
1.0,0.9311218,2.1851645,0
1.0,0.9351938,2.1353793,0
1.0,0.9334107,2.046251,0
1.0,0.9337216,1.9536777,0
1.0,0.937916,1.9009514,0
1.0,0.9380927,1.7831674,0
1.0,0.93868864,1.6674312,0
1.0,0.9375805,1.5543818,0
1.0,0.93827873,1.4214149,0
1.0,0.92794955,1.2959671,0
1.0,0.9252027,1.1913995,0
1.0,0.92215693,1.1028903,0
1.0,0.92555517,1.0226016,0
1.0,0.9134708,0.91508937,0
1.0,0.90045816,0.8332841,0
1.0,0.8936276,0.72379136,0
1.0,0.8999519,0.64164424,0
1.0,0.89133686,0.58498996,0
1.0,0.89914817,0.53896177,0
1.0,0.9130409,0.51249504,0
1.0,0.92612153,0.49001753,0
1.0,0.9132351,0.4557672,0
1.0,0.9231886,0.45083764,0
1.0,0.9203207,0.42486048,0
1.0,0.92568505,0.45701918,0
1.0,0.9104152,0.49850968,0
1.0,0.9205198,0.54518193,0
1.0,0.9152709,0.57224536,0
1.0,0.9190826,0.6208258,0
1.0,0.9010032,0.6683957,0
1.0,0.9132152,0.7583701,0
1.0,0.9119777,0.8193608,0
1.0,0.9280755,0.9025078,0
1.0,0.92613435,0.92814904,0
1.0,0.93729484,0.96271557,0
1.0,0.93501514,0.9870844,0
1.0,0.9454454,1.0103315,0
1.0,0.9514285,1.021868,0
1.0,0.9635238,1.0468848,0
1.0,0.9648896,1.0522656,0
1.0,0.968586,1.057341,0
1.0,0.967952,1.0633569,0
1.0,0.96978843,1.08493,0
1.0,0.9628206,1.0949743,0
1.0,0.9640955,1.1258745,0
1.0,0.96422744,1.161771,0
1.0,0.9649768,1.1746856,0
1.0,0.9624642,1.1835285,0
1.0,0.96549827,1.2237569,0
1.0,0.9632951,1.2088144,0
1.0,0.9622997,1.1946993,0
1.0,0.95737785,1.2028047,0
1.0,0.9612211,1.185906,0
1.0,0.9577593,1.1493616,0
1.0,0.9581395,1.1380218,0
1.0,0.95723724,1.0981648,0
1.0,0.95704144,1.0317602,0
1.0,0.95843285,0.930251,0
1.0,0.96100646,0.84374183,0
1.0,0.95944643,0.7996274,0
1.0,0.96054703,0.7501245,0
1.0,0.95297337,0.65158826,0
1.0,0.94762385,0.5703305,0
1.0,0.9517263,0.5530043,0
1.0,0.96361494,0.5848558,0
1.0,0.9634752,0.6160105,0
1.0,0.9624076,0.68776536,0
1.0,0.9663385,0.7647681,0
1.0,0.96935654,0.84176266,0
1.0,0.96600246,0.9311391,0
1.0,0.96108484,0.98566324,0
1.0,0.96075046,1.0627608,0
1.0,0.9591975,1.1515713,0
1.0,0.9576207,1.190985,0
1.0,0.95729625,1.225832,0
1.0,0.9611784,1.2713329,0
1.0,0.9598536,1.2898448,0
1.0,0.95823085,1.3081896,0
1.0,0.9551208,1.3498243,0
1.0,0.9534484,1.3854358,0
1.0,0.9528885,1.3992223,0
1.0,0.9475045,1.4181972,0
1.0,0.941327,1.4349954,0
1.0,0.94149095,1.4462214,0
1.0,0.94210875,1.4724159,0
1.0,0.93862194,1.5072341,0
1.0,0.9309487,1.5300522,0
1.0,0.919608,1.5284941,0
1.0,0.9085473,1.533817,0
1.0,0.89537203,1.5337425,0
1.0,0.8744624,1.5073617,0
1.0,0.85027075,1.4667239,0
1.0,0.8242965,1.4123541,0
1.0,0.8160665,1.3945568,0
1.0,0.81461865,1.3812313,0
1.0,0.82294506,1.3616629,0
1.0,0.8401434,1.3319783,0
1.0,0.85381514,1.3187697,0
1.0,0.8548739,1.2672226,0
1.0,0.86156726,1.2174096,0
1.0,0.87847596,1.2182705,0
1.0,0.88767886,1.2006577,0
1.0,0.8954471,1.1886016,0
1.0,0.89669734,1.1637561,0
1.0,0.91354394,1.1594021,0
1.0,0.91971093,1.1643422,0
1.0,0.9194295,1.1691973,0
1.0,0.90845233,1.1386572,0
1.0,0.91904145,1.1781613,0
1.0,0.9262358,1.1833872,0
1.0,0.9282005,1.1362506,0
1.0,0.9204866,1.0939932,0
1.0,0.9307959,1.0712955,0
1.0,0.94058657,1.040259,0
1.0,0.95123947,1.0240502,0
1.0,0.9520672,0.98454016,0
1.0,0.96210945,0.97236717,0
1.0,0.96609825,0.93149954,0
1.0,0.9691529,0.8793924,0
1.0,0.96569496,0.84727037,0
1.0,0.9702234,0.8202964,0
1.0,0.9684598,0.7849275,0
1.0,0.96614134,0.7550708,0
1.0,0.9604411,0.7335505,0
1.0,0.9636117,0.74521387,0
1.0,0.9621369,0.7412962,0
1.0,0.9589514,0.75340533,0
1.0,0.95150113,0.76662284,0
1.0,0.95548034,0.80334884,0
1.0,0.95884645,0.83765244,0
1.0,0.96401614,0.8329092,0
1.0,0.9678133,0.8366692,0
1.0,0.9699828,0.8137224,0
1.0,0.96879846,0.7860266,0
1.0,0.9677867,0.78140146,0
1.0,0.96987784,0.7399255,0
1.0,0.96832865,0.7172606,0
1.0,0.96141905,0.67748976,0
1.0,0.9516965,0.6154046,0
1.0,0.9501349,0.6041671,0
1.0,0.9454199,0.5516043,0
1.0,0.93002737,0.51815516,0
1.0,0.918493,0.5321864,0
1.0,0.9187899,0.56666845,0
1.0,0.9329688,0.65958965,0
1.0,0.9279887,0.6920147,0
1.0,0.9310129,0.731369,0
1.0,0.93123525,0.75383914,0
1.0,0.934945,0.77070856,0
1.0,0.91611415,0.75814474,0
1.0,0.91614616,0.7642603,0
1.0,0.91676474,0.78344893,0
1.0,0.91488826,0.8034823,0
1.0,0.88848764,0.7667577,0
1.0,0.8876073,0.77412295,0
1.0,0.88028824,0.75925374,0
1.0,0.8751987,0.7454219,0
1.0,0.85626304,0.73142004,0
1.0,0.8804976,0.79602754,0
1.0,0.8801816,0.82768154,0
1.0,0.89166313,0.88656694,0
1.0,0.89672226,0.9140029,0
1.0,0.91945285,0.97548336,0
1.0,0.926009,0.99321,0
1.0,0.9357083,1.0261967,0
1.0,0.9316161,1.0382342,0
1.0,0.9343035,1.0380086,0
1.0,0.9287734,1.0649177,0
1.0,0.92954826,1.1120886,0
1.0,0.9204139,1.0922651,0
1.0,0.92712384,1.108299,0
1.0,0.91912466,1.0563805,0
1.0,0.92979753,1.058063,0
1.0,0.9281477,1.0360669,0
1.0,0.9275767,0.992795,0
1.0,0.91627055,0.9237577,0
1.0,0.92785674,0.8963917,0
1.0,0.9286066,0.8650497,0
1.0,0.9246031,0.8511266,0
1.0,0.91116524,0.8309305,0
1.0,0.9313348,0.8726275,0
1.0,0.937477,0.919047,0
1.0,0.9315652,0.9276155,0
1.0,0.92180216,0.94518167,0
1.0,0.9276907,1.0019069,0
1.0,0.9228669,1.0055084,0
1.0,0.92515063,1.0132297,0
1.0,0.9188534,0.9971938,0
1.0,0.9273905,1.0059097,0
1.0,0.9319551,0.99830353,0
1.0,0.94175315,0.9742815,0
1.0,0.94192535,0.9275736,0
1.0,0.94677347,0.86701345,0
1.0,0.9483188,0.807225,0
1.0,0.9471537,0.7606361,0
1.0,0.94435936,0.72481686,0
1.0,0.9490141,0.7011947,0
1.0,0.9509409,0.66794956,0
1.0,0.9455528,0.65017813,0
1.0,0.94980365,0.63953567,0
1.0,0.9578556,0.6033311,0
1.0,0.96281517,0.6227026,0
1.0,0.9634341,0.6364683,0
1.0,0.9694976,0.670403,0
1.0,0.97082514,0.7125407,0
1.0,0.9705795,0.7306117,0
1.0,0.9690002,0.7448377,0
1.0,0.9661741,0.74335575,0
1.0,0.96909016,0.71820784,0
1.0,0.9713221,0.72123057,0
1.0,0.9726601,0.69236624,0
1.0,0.97209066,0.66532874,0
1.0,0.9739087,0.6447097,0
1.0,0.9735945,0.5887192,0
1.0,0.9708368,0.55983734,0
1.0,0.9696763,0.5018033,0
1.0,0.9756104,0.43280536,0
1.0,0.97689086,0.40720606,0
1.0,0.9747422,0.3901331,0
1.0,0.9704368,0.38023004,0
1.0,0.97206116,0.37528858,0
1.0,0.97180575,0.36431593,0
1.0,0.9704286,0.36920995,0
1.0,0.9675126,0.36039764,0
1.0,0.96635866,0.36758226,0
1.0,0.9668992,0.38050944,0
1.0,0.96123916,0.37815458,0
1.0,0.96320367,0.38681734,0
1.0,0.95435786,0.38855374,0
1.0,0.9529384,0.3761101,0
1.0,0.93558085,0.34527498,0
1.0,0.95742726,0.33314258,0
1.0,0.9520237,0.2930223,0
1.0,0.9505441,0.2661267,0
1.0,0.9260195,0.22602585,0
1.0,0.9489409,0.20820937,0
1.0,0.9329254,0.16221806,0
1.0,0.92267454,0.13349433,0
1.0,0.8798515,0.10151294,0
1.0,0.9054216,0.09887962,0
1.0,0.88090366,0.09981589,0
1.0,0.9023915,0.11141244,0
1.0,0.8930174,0.1422902,0
1.0,0.9437221,0.20567036,0
1.0,0.9438177,0.24882638,0
1.0,0.9546226,0.31038225,0
1.0,0.943662,0.36298734,0
1.0,0.964132,0.45181608,0
1.0,0.956928,0.5031297,0
1.0,0.9509497,0.5535305,0
1.0,0.9390027,0.59227943,0
1.0,0.9484754,0.6323596,0
1.0,0.94557273,0.6488891,0
1.0,0.9507109,0.67424834,0
1.0,0.9554702,0.6773797,0
1.0,0.95958877,0.6810112,0
1.0,0.96242404,0.67269886,0
1.0,0.9660118,0.6661909,0
1.0,0.9682028,0.6739956,0
1.0,0.96841085,0.666419,0
1.0,0.96922326,0.6577834,0
1.0,0.9705631,0.66182184,0
1.0,0.9711547,0.6628619,0
1.0,0.97066486,0.6680054,0
1.0,0.9682074,0.6912494,0
1.0,0.9665168,0.71361566,0
1.0,0.967534,0.750017,0
1.0,0.96942633,0.78178287,0
1.0,0.9662367,0.7986313,0
1.0,0.96520233,0.81204486,0
1.0,0.96409845,0.82659215,0
1.0,0.96004397,0.86198103,0
1.0,0.9518434,0.87973696,0
1.0,0.9498879,0.87928236,0
1.0,0.9564366,0.87762046,0
1.0,0.95864975,0.8656526,0
1.0,0.95375663,0.85663223,0
1.0,0.9537867,0.8822423,0
1.0,0.9556071,0.88433784,0
1.0,0.95338416,0.89347184,0
1.0,0.94248134,0.90828097,0
1.0,0.9345608,0.90686464,0
1.0,0.9394208,0.97077596,0
1.0,0.93929493,1.0056887,0
1.0,0.9279807,1.0402923,0
1.0,0.925262,1.1489099,0
1.0,0.93690425,1.213855,0
1.0,0.94201225,1.2698163,0
1.0,0.93575305,1.3164252,0
1.0,0.9317577,1.3317931,0
1.0,0.9307621,1.3378973,0
1.0,0.9261648,1.335235,0
1.0,0.9199961,1.3289956,0
1.0,0.9139323,1.3234007,0
1.0,0.91253245,1.3294106,0
1.0,0.9171512,1.348115,0
1.0,0.9258573,1.3577855,0
1.0,0.92860204,1.3418008,0
1.0,0.9182257,1.2992115,0
1.0,0.9127421,1.3011223,0
1.0,0.92070514,1.318037,0
1.0,0.91996926,1.3446605,0
1.0,0.9197102,1.4010981,0
1.0,0.92042845,1.4303381,0
1.0,0.93706995,1.4941099,0
1.0,0.9411677,1.5336685,0
1.0,0.94628954,1.5706799,0
1.0,0.9467976,1.5683258,0
1.0,0.9496109,1.5517652,0
1.0,0.9440835,1.4882779,0
1.0,0.9509312,1.4429991,0
1.0,0.9538822,1.3643534,0
1.0,0.9623135,1.29,0
1.0,0.96319836,1.2281039,0
1.0,0.96683794,1.1246898,0
1.0,0.96501863,1.0607802,0
1.0,0.9647098,0.98903286,0
1.0,0.96093917,0.850668,0
1.0,0.964257,0.799963,0
1.0,0.9612071,0.74365604,0
1.0,0.95949787,0.6819056,0
1.0,0.9534561,0.65075326,0
1.0,0.961029,0.64505464,0
1.0,0.96244144,0.63888896,0
1.0,0.9648502,0.65598786,0
1.0,0.9635743,0.6681446,0
1.0,0.96958816,0.7054151,0
1.0,0.9754812,0.76119494,0
1.0,0.97793245,0.80929315,0
1.0,0.97821325,0.8446109,0
1.0,0.9805459,0.8856536,0
1.0,0.98170793,0.9098279,0
1.0,0.9821485,0.93275285,0
1.0,0.980775,0.9654878,0
1.0,0.9796127,0.96283245,0
1.0,0.97786623,0.95201045,0
1.0,0.97630674,0.97380805,0
1.0,0.97056264,0.98415256,0
1.0,0.96659976,1.0057895,0
1.0,0.9598012,1.060306,0
1.0,0.95350957,1.101069,0
1.0,0.94254637,1.152267,0
1.0,0.94035757,1.2187192,0
1.0,0.9455411,1.2540843,0
1.0,0.9491449,1.3089417,0
1.0,0.94768614,1.3762453,0
1.0,0.94907755,1.4399737,0
1.0,0.95511585,1.4834676,0
1.0,0.95387894,1.4914782,0
1.0,0.9493361,1.4989238,0
1.0,0.94448525,1.4907556,0
1.0,0.94669956,1.495827,0
1.0,0.9491752,1.4994532,0
1.0,0.9424314,1.4832635,0
1.0,0.9324091,1.459383,0
1.0,0.9329935,1.4632133,0
1.0,0.9415127,1.4742072,0
1.0,0.94411725,1.4647069,0
1.0,0.9427877,1.42185,0
1.0,0.94126064,1.3653167,0
1.0,0.94710696,1.3274697,0
1.0,0.9496803,1.3055043,0
1.0,0.9470826,1.2740494,0
1.0,0.943311,1.2302537,0
1.0,0.9498966,1.2218543,0
1.0,0.9545642,1.1551595,0
1.0,0.9510028,1.0854607,0
1.0,0.95194125,1.0278399,0
1.0,0.9508599,0.9292993,0
1.0,0.95798737,0.87543464,0
1.0,0.96483415,0.8066797,0
1.0,0.9691222,0.7253032,0
1.0,0.9703743,0.65818524,0
1.0,0.97381514,0.5679753,0
1.0,0.9749415,0.51748943,0
1.0,0.97276455,0.49782526,0
1.0,0.96785754,0.4445861,0
1.0,0.964229,0.36417538,0
1.0,0.96324545,0.30974364,0
1.0,0.9564581,0.28167084,0
1.0,0.95745087,0.27737755,0
1.0,0.9635522,0.28490436,0
1.0,0.9669146,0.30152655,0
1.0,0.97173184,0.33435154,0
1.0,0.9715621,0.39403397,0
1.0,0.97543883,0.43316668,0
1.0,0.97651696,0.48057827,0
1.0,0.97791743,0.58776796,0
1.0,0.9747711,0.6356124,0
1.0,0.9762541,0.6658824,0
1.0,0.97877103,0.70841163,0
1.0,0.9795588,0.7152697,0
1.0,0.97710735,0.7190903,0
1.0,0.97682095,0.7279854,0
1.0,0.9753959,0.71207374,0
1.0,0.974603,0.69510084,0
1.0,0.97254294,0.6887442,0
1.0,0.9720158,0.7066144,0
1.0,0.9697206,0.72574955,0
1.0,0.9699439,0.76435566,0
1.0,0.9724299,0.8374263,0
1.0,0.9754479,0.9138628,0
1.0,0.9750993,0.9978022,0
1.0,0.97258997,1.1034684,0
1.0,0.9692257,1.188668,0
1.0,0.9666259,1.3167281,0
1.0,0.96117216,1.4370978,0
1.0,0.9553615,1.4658854,0
1.0,0.94941443,1.5217848,0
1.0,0.94972,1.6065304,0
1.0,0.9502856,1.6224456,0
1.0,0.95161,1.6351266,0
1.0,0.9536803,1.6428981,0
1.0,0.9577192,1.6346214,0
1.0,0.95918554,1.6376115,0
1.0,0.9582426,1.621187,0
1.0,0.9583375,1.5775622,0
1.0,0.9583377,1.5588244,0
1.0,0.95412135,1.5089753,0
1.0,0.9473167,1.3963223,0
1.0,0.9431782,1.3431987,0
1.0,0.94600004,1.3297504,0
1.0,0.9433495,1.3244232,0
1.0,0.9389529,1.3405001,0
1.0,0.93812996,1.3546699,0
1.0,0.94419587,1.3850144,0
1.0,0.94165516,1.4136989,0
1.0,0.9429475,1.4510942,0
1.0,0.9421147,1.4687467,0
1.0,0.9426906,1.4900444,0
1.0,0.9312564,1.4614226,0
1.0,0.9313011,1.4345148,0
1.0,0.93390447,1.3829257,0
1.0,0.9407355,1.3297696,0
1.0,0.9359033,1.2544284,0
1.0,0.94020885,1.1726369,0
1.0,0.93372023,1.0808018,0
1.0,0.9331501,0.98580414,0
1.0,0.92020833,0.84064186,0
1.0,0.9184987,0.8107954,0
1.0,0.9176326,0.7826007,0
1.0,0.9265263,0.7428508,0
1.0,0.92043275,0.7459583,0
1.0,0.9291478,0.7744937,0
1.0,0.929176,0.80606866,0
1.0,0.93056357,0.8582061,0
1.0,0.9263154,0.8573458,0
1.0,0.930989,0.8745543,0
1.0,0.9241965,0.8730438,0
1.0,0.91458344,0.85821587,0
1.0,0.91053194,0.86333776,0
1.0,0.91269994,0.87298083,0
1.0,0.9032846,0.8510156,0
1.0,0.90365034,0.85761863,0
1.0,0.90719223,0.8518889,0
1.0,0.90802044,0.82463896,0
1.0,0.8860305,0.7722373,0
1.0,0.87824786,0.73796415,0
1.0,0.87882596,0.7083188,0
1.0,0.86898494,0.6781101,0
1.0,0.849781,0.6238544,0
1.0,0.82632047,0.5581411,0
1.0,0.8252041,0.54152656,0
1.0,0.8025643,0.50008607,0
1.0,0.77577925,0.46136862,0
1.0,0.78738856,0.47581005,0
1.0,0.8241064,0.51231813,0
1.0,0.8142885,0.48725134,0
1.0,0.81498355,0.48202395,0
1.0,0.8358818,0.4806065,0
1.0,0.8534526,0.48510993,0
1.0,0.8396403,0.46716148,0
1.0,0.8561876,0.46711934,0
1.0,0.8815128,0.4817678,0
1.0,0.89643556,0.49401495,0
1.0,0.88557804,0.49115428,0
1.0,0.90120643,0.5387981,0
1.0,0.9174968,0.583353,0
1.0,0.93235356,0.65183514,0
1.0,0.9335248,0.75154364,0
1.0,0.94576025,0.87109196,0
1.0,0.95127,0.9612013,0
1.0,0.9551473,1.0886543,0
1.0,0.9567481,1.2237647,0
1.0,0.9610283,1.3116748,0
1.0,0.9664334,1.3707982,0
1.0,0.9689811,1.4273667,0
1.0,0.96970797,1.4953504,0
1.0,0.96930826,1.5228188,0
1.0,0.96950454,1.5483985,0
1.0,0.96701926,1.5728812,0
1.0,0.9679551,1.5544809,0
1.0,0.9691937,1.5518413,0
1.0,0.97339284,1.5565847,0
1.0,0.97536284,1.5508003,0
1.0,0.9767259,1.5597224,0
1.0,0.97490907,1.5602858,0
1.0,0.97436136,1.5575564,0
1.0,0.9730181,1.5632352,0
1.0,0.9715195,1.5668199,0
1.0,0.9637298,1.5505987,0
1.0,0.95916736,1.5422231,0
1.0,0.95636725,1.5353584,0
1.0,0.955822,1.5141652,0
1.0,0.9450535,1.4825938,0
1.0,0.9381515,1.4708904,0
1.0,0.9372893,1.4515226,0
1.0,0.9443605,1.43518,0
1.0,0.93681693,1.3602054,0
1.0,0.9256822,1.2747726,0
1.0,0.92616725,1.225125,0
1.0,0.9366304,1.1556406,0
1.0,0.9286201,1.0368078,0
1.0,0.9147853,0.93170524,0
1.0,0.91333205,0.811435,0
1.0,0.9193212,0.68766016,0
1.0,0.8999094,0.6057466,0
1.0,0.86278194,0.5266138,0
1.0,0.84366035,0.44862625,0
1.0,0.8491209,0.41775432,0
1.0,0.8273941,0.3943417,0
1.0,0.7753034,0.33598045,0
1.0,0.7863746,0.34173504,0
1.0,0.8055478,0.38807088,0
1.0,0.83304673,0.45584896,0
1.0,0.8004401,0.44693598,0
1.0,0.807489,0.47833028,0
1.0,0.81633985,0.51459825,0
1.0,0.8384873,0.5765727,0
1.0,0.80984604,0.5512712,0
1.0,0.82261175,0.56445575,0
1.0,0.82858074,0.57115304,0
1.0,0.86340666,0.62150735,0
1.0,0.8636658,0.6185595,0
1.0,0.8889451,0.65110147,0
1.0,0.89308345,0.65555316,0
1.0,0.9135437,0.6749884,0
1.0,0.91282886,0.6620765,0
1.0,0.9257772,0.66755605,0
1.0,0.9213396,0.6465564,0
1.0,0.92980057,0.6440756,0
1.0,0.9294069,0.6325383,0
1.0,0.9402975,0.6365274,0
1.0,0.93993175,0.62403345,0
1.0,0.94563764,0.6459589,0
1.0,0.9506747,0.6762169,0
1.0,0.9588892,0.710026,0
1.0,0.9641782,0.7548146,0
1.0,0.9683943,0.7795614,0
1.0,0.97271615,0.7845068,0
1.0,0.9747677,0.8212381,0
1.0,0.9741246,0.85993296,0
1.0,0.97308064,0.8558762,0
1.0,0.97376966,0.8612998,0
1.0,0.9745783,0.86044157,0
1.0,0.97281986,0.8287486,0
1.0,0.96931815,0.7972359,0
1.0,0.96846884,0.7977884,0
1.0,0.9643865,0.8119545,0
1.0,0.95594496,0.8017913,0
1.0,0.9515693,0.8054683,0
1.0,0.95116675,0.82626915,0
1.0,0.94622177,0.8354941,0
1.0,0.94481575,0.879556,0
1.0,0.9436876,0.91814196,0
1.0,0.9410418,0.9472191,0
1.0,0.93372524,0.97282755,0
1.0,0.92345095,0.9807579,0
1.0,0.9178765,1.0248362,0
1.0,0.90308934,1.0476215,0
1.0,0.88065565,1.0344038,0
1.0,0.8598778,1.0125322,0
1.0,0.84937024,0.9987146,0
1.0,0.8341354,0.9685745,0
1.0,0.84723556,0.98713475,0
1.0,0.8722431,1.0206103,0
1.0,0.8958656,1.0380183,0
1.0,0.8998011,1.016921,0
1.0,0.90623367,0.9943061,0
1.0,0.9084189,0.9534805,0
1.0,0.9084922,0.9055586,0
1.0,0.89108574,0.8389863,0
1.0,0.8901544,0.7902875,0
1.0,0.8954876,0.73292917,0
1.0,0.8941384,0.6971288,0
1.0,0.87013423,0.63353896,0
1.0,0.880177,0.62442946,0
1.0,0.8688854,0.5989654,0
1.0,0.86044884,0.5710108,0
1.0,0.8308115,0.5015931,0
1.0,0.8427242,0.47743616,0
1.0,0.83785367,0.44389698,0
1.0,0.8304014,0.39271152,0
1.0,0.80254257,0.33841762,0
1.0,0.8220168,0.35227102,0
1.0,0.8164193,0.31312767,0
1.0,0.82675004,0.3072536,0
1.0,0.8051203,0.2708438,0
1.0,0.78865355,0.22808416,0
1.0,0.7617003,0.20775485,0
1.0,0.7261281,0.16151777,0
1.0,0.6857776,0.10777285,0
1.0,0.6172615,0.0821403,0
1.0,0.6458763,0.107668065,0
1.0,0.7161694,0.15064214,0
1.0,0.7544045,0.17380916,0
1.0,0.71952146,0.15350434,0
1.0,0.7656115,0.19096476,0
1.0,0.7970457,0.21124208,0
1.0,0.83395696,0.23455796,0
1.0,0.80975217,0.22976267,0
1.0,0.84633404,0.2672053,0
1.0,0.87017995,0.28748015,0
1.0,0.87892044,0.29953665,0
1.0,0.8153603,0.24448082,0
1.0,0.8528847,0.2743132,0
1.0,0.87926626,0.2961403,0
1.0,0.89122516,0.3157838,0
1.0,0.8456968,0.28464362,0
1.0,0.87230915,0.33220115,0
1.0,0.90505457,0.37946922,0
1.0,0.9092138,0.39935774,0
1.0,0.881953,0.3941816,0
1.0,0.89620465,0.44139743,0
1.0,0.9327732,0.54877365,0
1.0,0.93282783,0.5966882,0
1.0,0.92302173,0.6172321,0
1.0,0.9227472,0.6796465,0
1.0,0.94391614,0.73295397,0
1.0,0.9408253,0.74074465,0
1.0,0.9291376,0.7647815,0
1.0,0.9183011,0.7664881,0
1.0,0.9348607,0.80443037,0
1.0,0.92517936,0.8104799,0
1.0,0.9002144,0.7526897,0
1.0,0.8943332,0.7254988,0
1.0,0.9109242,0.7455274,0
1.0,0.91641337,0.75347984,0
1.0,0.9223996,0.7811634,0
1.0,0.91985613,0.79686517,0
1.0,0.9264886,0.8340084,0
1.0,0.9314646,0.89255613,0
1.0,0.93260133,0.93129015,0
1.0,0.92516387,0.9657277,0
1.0,0.918622,1.0565379,0
1.0,0.9158448,1.1611451,0
1.0,0.91645896,1.2530439,0
1.0,0.90399015,1.3164941,0
1.0,0.89279175,1.3959031,0
1.0,0.9009246,1.5088055,0
1.0,0.9128685,1.6126678,0
1.0,0.9170257,1.6903391,0
1.0,0.90926325,1.6953484,0
1.0,0.917465,1.7277375,0
1.0,0.9271008,1.7565558,0
1.0,0.9318164,1.7346879,0
1.0,0.93512356,1.6854583,0
1.0,0.9441667,1.6640236,0
1.0,0.95475477,1.6409777,0
1.0,0.95561105,1.5716836,0
1.0,0.95804733,1.5366285,0
1.0,0.9607148,1.5149393,0
1.0,0.9643195,1.475474,0
1.0,0.9610513,1.4251521,0
1.0,0.9605645,1.3870578,0
1.0,0.95953137,1.3528354,0
1.0,0.9600868,1.3384895,0
1.0,0.9544481,1.3007376,0
1.0,0.9454825,1.2676921,0
1.0,0.94403946,1.2604028,0
1.0,0.9483162,1.2507472,0
1.0,0.9423471,1.2050474,0
1.0,0.9288495,1.1559453,0
1.0,0.9223902,1.0974034,0
1.0,0.9245963,1.044523,0
1.0,0.9103541,0.9706514,0
1.0,0.90518427,0.86211336,0
1.0,0.9211956,0.7701105,0
1.0,0.9443905,0.71135247,0
1.0,0.93896353,0.63082147,0
1.0,0.9369767,0.5450542,0
1.0,0.9390215,0.46782494,0
1.0,0.9480272,0.4170065,0
1.0,0.938071,0.38697398,0
1.0,0.9287388,0.40830588,0
1.0,0.93079495,0.43568477,0
1.0,0.94165254,0.49141306,0
1.0,0.9356274,0.54899055,0
1.0,0.9341617,0.5850643,0
1.0,0.94066125,0.62725437,0
1.0,0.95247054,0.66745484,0
1.0,0.9510145,0.6943629,0
1.0,0.95366585,0.72750854,0
1.0,0.953435,0.7554289,0
1.0,0.9518736,0.7862077,0
1.0,0.9450911,0.8002129,0
1.0,0.94322264,0.8434029,0
1.0,0.9428823,0.8922742,0
1.0,0.9417882,0.94296956,0
1.0,0.9391885,1.040236,0
1.0,0.9361317,1.1289135,0
1.0,0.9331521,1.2556882,0
1.0,0.9301776,1.3900452,0
1.0,0.9290951,1.5304009,0
1.0,0.9266031,1.6888628,0
1.0,0.9230617,1.8158076,0
1.0,0.91858536,1.9589088,0
1.0,0.91272736,2.0395274,0
1.0,0.90602565,2.0950766,0
1.0,0.9018395,2.2180772,0
1.0,0.9023286,2.2776458,0
1.0,0.9045613,2.3206713,0
1.0,0.9082157,2.378919,0
1.0,0.9124334,2.3852272,0
1.0,0.91695803,2.3983893,0
1.0,0.9191158,2.3869116,0
1.0,0.9190987,2.3658447,0
1.0,0.9260665,2.396665,0
1.0,0.93072784,2.3753805,0
1.0,0.9327568,2.380385,0
1.0,0.930216,2.4021077,0
1.0,0.93083495,2.3978434,0
1.0,0.9325498,2.4204047,0
1.0,0.9312703,2.459336,0
1.0,0.92695814,2.493197,0
1.0,0.92802703,2.5469236,0
1.0,0.9256306,2.5820997,0
1.0,0.9239113,2.5984936,0
1.0,0.91524243,2.5684223,0
1.0,0.91500103,2.5512092,0
1.0,0.91004616,2.5009623,0
1.0,0.9108387,2.4262052,0
1.0,0.9059779,2.318609,0
1.0,0.9171571,2.2204614,0
1.0,0.9232532,2.092853,0
1.0,0.93045723,1.9667853,0
1.0,0.92715937,1.7953451,0
1.0,0.93302274,1.6745859,0
1.0,0.9349001,1.53547,0
1.0,0.93835074,1.4558833,0
1.0,0.9360139,1.3732413,0
1.0,0.9297629,1.2322826,0
1.0,0.93346673,1.1950607,0
1.0,0.9372719,1.1815153,0
1.0,0.94474554,1.1976565,0
1.0,0.94800615,1.2466997,0
1.0,0.9549422,1.299577,0
1.0,0.9634866,1.3299053,0
1.0,0.96787035,1.3425702,0
1.0,0.9712217,1.3370346,0
1.0,0.9709679,1.3165542,0
1.0,0.9699062,1.3076777,0
1.0,0.9673665,1.316398,0
1.0,0.96941346,1.332,0
1.0,0.9695069,1.3478698,0
1.0,0.9696768,1.3384304,0
1.0,0.9648815,1.2922486,0
1.0,0.9636281,1.23523,0
1.0,0.9578367,1.1708788,0
1.0,0.9517006,1.1604397,0
1.0,0.9489977,1.1610479,0
1.0,0.9436921,1.1825776,0
1.0,0.9397371,1.2191869,0
1.0,0.93949616,1.2362809,0
1.0,0.93444717,1.2815304,0
1.0,0.9360066,1.3176727,0
1.0,0.92350614,1.307882,0
1.0,0.9280826,1.3478625,0
1.0,0.9114551,1.3405776,0
1.0,0.909374,1.3921969,0
1.0,0.8966751,1.4000752,0
1.0,0.88471264,1.3799077,0
1.0,0.86861914,1.3692827,0
1.0,0.85567063,1.3391392,0
1.0,0.8601517,1.3300433,0
1.0,0.8793423,1.3535743,0
1.0,0.89118326,1.3152151,0
1.0,0.88338464,1.2576172,0
1.0,0.8859029,1.233241,0
1.0,0.895713,1.2211225,0
1.0,0.90560126,1.2251863,0
1.0,0.8990901,1.1976111,0
1.0,0.9030137,1.2148287,0
1.0,0.90975344,1.2068529,0
1.0,0.9159465,1.1687311,0
1.0,0.9015251,1.1107516,0
1.0,0.8912887,1.06054,0
1.0,0.88894755,1.0202513,0
1.0,0.9017183,1.0069788,0
1.0,0.89869744,0.98580396,0
1.0,0.90714836,0.9832127,0
1.0,0.9180818,0.9579773,0
1.0,0.9358061,0.9401865,0
1.0,0.9394123,0.88286495,0
1.0,0.94065946,0.82332635,0
1.0,0.94669473,0.8067533,0
1.0,0.9547532,0.76748085,0
1.0,0.9536531,0.73330534,0
1.0,0.9457577,0.7222283,0
1.0,0.94288677,0.6959931,0
1.0,0.9483491,0.675336,0
1.0,0.9500151,0.63437414,0
1.0,0.94143724,0.58301383,0
1.0,0.9379679,0.5889007,0
1.0,0.94210696,0.62208277,0
1.0,0.9489017,0.651035,0
1.0,0.9492624,0.67921174,0
1.0,0.95090866,0.6963102,0
1.0,0.9550641,0.73409474,0
1.0,0.964168,0.76148206,0
1.0,0.96136606,0.7397511,0
1.0,0.96067727,0.76217353,0
1.0,0.9570668,0.7601632,0
1.0,0.96130884,0.75090075,0
1.0,0.95506716,0.7284695,0
1.0,0.95055854,0.70053667,0
1.0,0.9390826,0.6773619,0
1.0,0.9382162,0.70093167,0
1.0,0.9250278,0.7036183,0
1.0,0.9160904,0.71018755,0
1.0,0.9069053,0.73715556,0
1.0,0.91625786,0.7762271,0
1.0,0.9048652,0.7862092,0
1.0,0.8993567,0.8226358,0
1.0,0.8825569,0.8179692,0
1.0,0.8937762,0.86291885,0
1.0,0.87501335,0.89574635,0
1.0,0.875544,0.9309761,0
1.0,0.8574218,0.92021585,0
1.0,0.86398846,0.95454264,0
1.0,0.8353058,0.90643656,0
1.0,0.8259379,0.9102399,0
1.0,0.80096346,0.87877,0
1.0,0.8050817,0.8870301,0
1.0,0.7936768,0.8740163,0
1.0,0.8022416,0.88264024,0
1.0,0.80107427,0.856169,0
1.0,0.80742246,0.85175085,0
1.0,0.7793229,0.79675126,0
1.0,0.7814948,0.7999985,0
1.0,0.7812391,0.77055633,0
1.0,0.7970333,0.78133523,0
1.0,0.77360505,0.7363481,0
1.0,0.7702894,0.6968732,0
1.0,0.7597056,0.68255246,0
1.0,0.7791432,0.7265613,0
1.0,0.7600142,0.6976397,0
1.0,0.781136,0.7556644,0
1.0,0.7856135,0.7606894,0
1.0,0.82147807,0.7897723,0
1.0,0.8185579,0.77019,0
1.0,0.810386,0.7546098,0
1.0,0.79934895,0.7378284,0
1.0,0.8298659,0.8125862,0
1.0,0.83079356,0.81808186,0
1.0,0.83191276,0.8139836,0
1.0,0.8186244,0.8074887,0
1.0,0.83197093,0.83222795,0
1.0,0.83068436,0.7930106,0
1.0,0.8268989,0.78221405,0
1.0,0.81205285,0.78114074,0
1.0,0.8320858,0.82067025,0
1.0,0.84589094,0.87984014,0
1.0,0.84061,0.88894737,0
1.0,0.8339853,0.86821574,0
1.0,0.84615386,0.90027165,0
1.0,0.86129135,0.9246596,0
1.0,0.85985976,0.9107113,0
1.0,0.8690667,0.9085426,0
1.0,0.88816094,0.9306251,0
1.0,0.8937701,0.9308336,0
1.0,0.88403434,0.8953741,0
1.0,0.8815827,0.88788867,0
1.0,0.8859617,0.8931609,0
1.0,0.8808069,0.8693012,0
1.0,0.8790066,0.8572541,0
1.0,0.87956244,0.83757603,0
1.0,0.8703229,0.78970236,0
1.0,0.86223876,0.75267434,0
1.0,0.8541223,0.7135727,0
1.0,0.8546338,0.6992544,0
1.0,0.8363463,0.6660181,0
1.0,0.82292616,0.6347892,0
1.0,0.8167692,0.5988042,0
1.0,0.83222115,0.58484054,0
1.0,0.8348732,0.5523352,0
1.0,0.82274956,0.51324135,0
1.0,0.82160085,0.48150188,0
1.0,0.83814216,0.46573734,0
1.0,0.8397393,0.44397664,0
1.0,0.81530935,0.39817423,0
1.0,0.81541896,0.36611792,0
1.0,0.79665095,0.30977327,0
1.0,0.7866313,0.2812857,0
1.0,0.7481281,0.2028414,0
1.0,0.73537445,0.15732093,0
1.0,0.71445936,0.13901824,0
1.0,0.7624739,0.16191176,0
1.0,0.7227052,0.14138432,0
1.0,0.7299732,0.15947244,0
1.0,0.7691281,0.22026294,0
1.0,0.8605352,0.35091174,0
1.0,0.856984,0.36681956,0
1.0,0.86288595,0.40370598,0
1.0,0.8890264,0.46673155,0
1.0,0.92601013,0.5217592,0
1.0,0.9122021,0.53167236,0
1.0,0.8970987,0.54940176,0
1.0,0.9026315,0.5626484,0
1.0,0.92688996,0.6170838,0
1.0,0.9155126,0.64553994,0
1.0,0.8973059,0.64007056,0
1.0,0.90572417,0.6740743,0
1.0,0.92238134,0.7154405,0
1.0,0.9101614,0.68622434,0
1.0,0.885388,0.64780414,0
1.0,0.90136427,0.67359823,0
1.0,0.9158107,0.6960814,0
1.0,0.9076971,0.6820797,0
1.0,0.88551337,0.65019834,0
1.0,0.901443,0.6950543,0
1.0,0.90720785,0.71385586,0
1.0,0.90244704,0.7208096,0
1.0,0.8772671,0.6899539,0
1.0,0.8673701,0.66378087,0
1.0,0.86114264,0.6549586,0
1.0,0.830992,0.61674166,0
1.0,0.7895777,0.5621568,0
1.0,0.76882863,0.539446,0
1.0,0.76469445,0.5277333,0
1.0,0.74816126,0.48958954,0
1.0,0.7310037,0.4513235,0
1.0,0.7275287,0.4159407,0
1.0,0.7472414,0.40127593,0
1.0,0.76500946,0.39543033,0
1.0,0.7491911,0.34807462,0
1.0,0.7390048,0.31531957,0
1.0,0.7557917,0.31840527,0
1.0,0.76335365,0.3014506,0
1.0,0.7167591,0.22937,0
1.0,0.6894492,0.19722262,0
1.0,0.67998964,0.17656912,0
1.0,0.6939009,0.15255946,0
1.0,0.6565145,0.113212794,0
1.0,0.64043164,0.091642454,0
1.0,0.65767324,0.09001318,0
1.0,0.68397516,0.09602727,0
1.0,0.6602427,0.08181414,0
1.0,0.65277386,0.075432286,0
1.0,0.64147156,0.06324755,0
1.0,0.66546994,0.06864892,0
1.0,0.63140804,0.058234032,0
1.0,0.6143294,0.05095068,0
1.0,0.6108002,0.049367435,0
1.0,0.6424941,0.042689227,0
1.0,0.6442801,0.04911115,0
1.0,0.6449177,0.064604476,0
1.0,0.6670136,0.07243077,0
1.0,0.64135003,0.074431315,0
1.0,0.6572807,0.06896199,0
1.0,0.65473586,0.06578773,0
1.0,0.648885,0.0656854,0
1.0,0.6344339,0.069281615,0
1.0,0.69434005,0.056751415,0
1.0,0.694719,0.05624786,0
1.0,0.72659844,0.052201755,0
1.0,0.7030204,0.05845019,0
1.0,0.712479,0.06593139,0
1.0,0.7362802,0.07044791,0
1.0,0.8268603,0.08975956,0
1.0,0.8459958,0.115273036,0
1.0,0.86523545,0.13071081,0
1.0,0.8770584,0.1326244,0
1.0,0.92440534,0.164892,0
1.0,0.9113737,0.16350129,0
1.0,0.9039263,0.15763432,0
1.0,0.90019333,0.18317753,0
1.0,0.9404155,0.22714595,0
1.0,0.93642557,0.24412817,0
1.0,0.9348327,0.26567143,0
1.0,0.92965007,0.2788642,0
1.0,0.94505525,0.3100634,0
1.0,0.9477192,0.32217762,0
1.0,0.937534,0.32010818,0
1.0,0.9256299,0.32592183,0
1.0,0.9404976,0.3626792,0
1.0,0.9362127,0.37655103,0
1.0,0.92125237,0.3716073,0
1.0,0.90109843,0.35304987,0
1.0,0.91774213,0.36851916,0
1.0,0.91939807,0.3794221,0
1.0,0.9209755,0.38554615,0
1.0,0.9100704,0.37737137,0
1.0,0.9041387,0.39977327,0
1.0,0.8790654,0.3821447,0
1.0,0.88676685,0.4043751,0
1.0,0.8816357,0.4428462,0
1.0,0.87031704,0.43985057,0
1.0,0.86864465,0.4409671,0
1.0,0.90810865,0.49033374,0
1.0,0.8983112,0.46650225,0
1.0,0.8755497,0.43789774,0
1.0,0.8568784,0.4064026,0
1.0,0.87654424,0.4319061,0
1.0,0.8635098,0.43307242,0
1.0,0.83791447,0.39512563,0
1.0,0.79338074,0.3434364,0
1.0,0.84166235,0.3978594,0
1.0,0.8634779,0.39589638,0
1.0,0.8734673,0.38662884,0
1.0,0.8756962,0.373191,0
1.0,0.89819366,0.38377225,0
1.0,0.91688716,0.40433925,0
1.0,0.9210478,0.39618516,0
1.0,0.9159727,0.39397925,0
1.0,0.92933017,0.41296214,0
1.0,0.9316002,0.4117589,0
1.0,0.9348053,0.42467207,0
1.0,0.92388296,0.40115914,0
1.0,0.9239412,0.41051894,0
1.0,0.9110238,0.4589327,0
1.0,0.9134149,0.47961852,0
1.0,0.91524154,0.49399623,0
1.0,0.9140488,0.5222134,0
1.0,0.9072558,0.5179685,0
1.0,0.925984,0.5231155,0
1.0,0.92241806,0.5278442,0
1.0,0.9287703,0.5410432,0
1.0,0.9159286,0.5015954,0
1.0,0.93349665,0.53361535,0
1.0,0.9298387,0.53841573,0
1.0,0.9292439,0.5459473,0
1.0,0.904304,0.5198275,0
1.0,0.9179121,0.54182816,0
1.0,0.9005296,0.5355883,0
1.0,0.9011193,0.5532813,0
1.0,0.8524857,0.4979453,0
1.0,0.88132226,0.5664196,0
1.0,0.8469328,0.5374931,0
1.0,0.8455069,0.540651,0
1.0,0.79362625,0.49002817,0
1.0,0.8251787,0.54359365,0
1.0,0.80628186,0.5223999,0
1.0,0.8304925,0.5719907,0
1.0,0.806037,0.5328396,0
1.0,0.83768886,0.5929356,0
1.0,0.8162942,0.5640881,0
1.0,0.7990956,0.5404897,0
1.0,0.76945114,0.5148646,0
1.0,0.7856789,0.51411736,0
1.0,0.7896831,0.51997656,0
1.0,0.7419252,0.45793268,0
1.0,0.7569171,0.42097157,0
1.0,0.75388366,0.4054842,0
1.0,0.7979338,0.4481443,0
1.0,0.7643676,0.38214484,0
1.0,0.78556216,0.4019171,0
1.0,0.7810141,0.39157975,0
1.0,0.840941,0.4549974,0
1.0,0.81473124,0.4184212,0
1.0,0.8494951,0.4607405,0
1.0,0.85718167,0.47702843,0
1.0,0.9027041,0.52243894,0
1.0,0.8808631,0.4842378,0
1.0,0.9021747,0.5171107,0
1.0,0.8979171,0.50666684,0
1.0,0.9041933,0.5142109,0
1.0,0.86063194,0.44468185,0
1.0,0.8776352,0.43867606,0
1.0,0.8909026,0.41884306,0
1.0,0.90145224,0.40737003,0
1.0,0.91074204,0.41044205,0
1.0,0.93265504,0.41421962,0
1.0,0.94074076,0.40737587,0
1.0,0.93620163,0.39143658,0
1.0,0.9369638,0.3661904,0
1.0,0.9273888,0.3435216,0
1.0,0.9330191,0.32350948,0
1.0,0.926657,0.29861915,0
1.0,0.93523437,0.29359227,0
1.0,0.92774993,0.26152432,0
1.0,0.9348575,0.27582663,0
1.0,0.9317092,0.28208086,0
1.0,0.9532498,0.2890888,0
1.0,0.9538142,0.2957213,0
1.0,0.9505171,0.30041432,0
1.0,0.945969,0.29848137,0
1.0,0.95451576,0.3184089,0
1.0,0.94181335,0.3326893,0
1.0,0.9304687,0.33790153,0
1.0,0.93434983,0.3614062,0
1.0,0.9603941,0.39854905,0
1.0,0.95370567,0.36728275,0
1.0,0.94791627,0.33658624,0
1.0,0.94500816,0.32905743,0
1.0,0.9570804,0.33229798,0
1.0,0.94508344,0.31735945,0
1.0,0.93320006,0.3214364,0
1.0,0.9333371,0.35808587,0
1.0,0.96519876,0.40261644,0
1.0,0.9635616,0.42541143,0
1.0,0.96100765,0.4735469,0
1.0,0.96176106,0.4938861,0
1.0,0.9761342,0.5310694,0
1.0,0.97170156,0.5585005,0
1.0,0.9652641,0.56809556,0
1.0,0.95457214,0.5947535,0
1.0,0.96481496,0.6439214,0
1.0,0.94859415,0.62697875,0
1.0,0.9348904,0.62965846,0
1.0,0.9123971,0.6215565,0
1.0,0.93820804,0.6767603,0
1.0,0.929157,0.6861805,0
1.0,0.92754763,0.69856656,0
1.0,0.91858464,0.6896944,0
1.0,0.9231034,0.6911471,0
1.0,0.916728,0.6905297,0
1.0,0.9056639,0.6832066,0
1.0,0.90241975,0.6791911,0
1.0,0.90252674,0.6959442,0
1.0,0.8958372,0.68296844,0
1.0,0.8760931,0.65733683,0
1.0,0.8864909,0.68658125,0
1.0,0.87430114,0.6870579,0
1.0,0.8593698,0.69222426,0
1.0,0.8359814,0.66081256,0
1.0,0.8478725,0.71175456,0
1.0,0.82003325,0.71004987,0
1.0,0.81509864,0.70299387,0
1.0,0.80459976,0.6938825,0
1.0,0.84994537,0.7417957,0
1.0,0.8256852,0.71004593,0
1.0,0.8477138,0.75752544,0
1.0,0.8237491,0.6788436,0
1.0,0.8749349,0.74916804,0
1.0,0.85893303,0.71186733,0
1.0,0.88346577,0.72084665,0
1.0,0.89069194,0.71724397,0
1.0,0.9230884,0.73322165,0
1.0,0.91957736,0.6950463,0
1.0,0.93019396,0.708076,0
1.0,0.9273897,0.6853987,0
1.0,0.9368371,0.67712015,0
1.0,0.9289407,0.6550292,0
1.0,0.9339919,0.638969,0
1.0,0.9331885,0.6141447,0
1.0,0.93417716,0.59993774,0
1.0,0.91992074,0.5817284,0
1.0,0.9242639,0.58768207,0
1.0,0.92863894,0.58433735,0
1.0,0.93361485,0.5930319,0
1.0,0.926192,0.5732598,0
1.0,0.92946064,0.56263703,0
1.0,0.9350174,0.55979496,0
1.0,0.93978256,0.53423834,0
1.0,0.92386174,0.47425836,0
1.0,0.9133158,0.44118845,0
1.0,0.9195838,0.47005787,0
1.0,0.9163516,0.4720289,0
1.0,0.9035464,0.42439643,0
1.0,0.89670616,0.42843843,0
1.0,0.89565176,0.4422509,0
1.0,0.8885281,0.42359734,0
1.0,0.875698,0.40451273,0
1.0,0.8620566,0.3979184,0
1.0,0.8724668,0.44088244,0
1.0,0.8723519,0.46872476,0
1.0,0.8685098,0.47471523,0
1.0,0.87067074,0.49625373,0
1.0,0.87864494,0.5239747,0
1.0,0.8798485,0.529257,0
1.0,0.8880308,0.5465297,0
1.0,0.90503937,0.5728922,0
1.0,0.9065145,0.5781059,0
1.0,0.9024291,0.5761229,0
1.0,0.9046174,0.5740385,0
1.0,0.91101676,0.58124727,0
1.0,0.91015786,0.58894014,0
1.0,0.90294933,0.5760076,0
1.0,0.906531,0.5772323,0
1.0,0.90675527,0.5656911,0
1.0,0.9047001,0.56118995,0
1.0,0.9048438,0.5668668,0
1.0,0.91124916,0.5735287,0
1.0,0.9089776,0.58238983,0
1.0,0.90130717,0.56750697,0
1.0,0.9074264,0.5715706,0
1.0,0.9106702,0.590282,0
1.0,0.9066494,0.5957156,0
1.0,0.8746166,0.55045056,0
1.0,0.8859914,0.5577854,0
1.0,0.910667,0.60818255,0
1.0,0.92212224,0.6269794,0
1.0,0.8968598,0.5808096,0
1.0,0.9066821,0.6171074,0
1.0,0.9171443,0.6436493,0
1.0,0.9081683,0.63671815,0
1.0,0.8564198,0.5758654,0
1.0,0.8610766,0.5879184,0
1.0,0.8796034,0.6233453,0
1.0,0.8794318,0.62806046,0
1.0,0.823793,0.54999197,0
1.0,0.83953494,0.5756912,0
1.0,0.87544996,0.63364094,0
1.0,0.89944285,0.68141234,0
1.0,0.86547923,0.64164925,0
1.0,0.8660089,0.6440648,0
1.0,0.8729342,0.659883,0
1.0,0.8707136,0.6631168,0
1.0,0.8355361,0.6010755,0
1.0,0.846503,0.6155033,0
1.0,0.8742079,0.6626835,0
1.0,0.87908787,0.6786951,0
1.0,0.86996263,0.66628516,0
1.0,0.89332026,0.70011383,0
1.0,0.89886796,0.7328038,0
1.0,0.89818656,0.7311846,0
1.0,0.8839135,0.7020741,0
1.0,0.9118825,0.75900275,0
1.0,0.9097111,0.7650957,0
1.0,0.89409894,0.7342806,0
1.0,0.87621754,0.71569824,0
1.0,0.9193831,0.7980772,0
1.0,0.92421514,0.805413,0
1.0,0.9272757,0.82419825,0
1.0,0.9120656,0.7816,0
1.0,0.9409251,0.7832732,0
1.0,0.9400157,0.7540722,0
1.0,0.92966324,0.7123592,0
1.0,0.90872437,0.65279603,0
1.0,0.9404755,0.683011,0
1.0,0.94029987,0.6671506,0
1.0,0.9376354,0.6394659,0
1.0,0.91365147,0.5853764,0
1.0,0.944878,0.6178747,0
1.0,0.95189047,0.6110843,0
1.0,0.9560617,0.6007149,0
1.0,0.9383673,0.55819124,0
1.0,0.95756626,0.5745573,0
1.0,0.9557981,0.56455773,0
1.0,0.94103307,0.5349951,0
1.0,0.9065438,0.49369568,0
1.0,0.9238917,0.5166151,0
1.0,0.9373452,0.5200112,0
1.0,0.9406415,0.50940955,0
1.0,0.9158175,0.4708161,0
1.0,0.92501515,0.47104752,0
1.0,0.9315271,0.4360436,0
1.0,0.9184992,0.40662056,0
1.0,0.88775796,0.38765723,0
1.0,0.9005377,0.38063157,0
1.0,0.91566575,0.37077606,0
1.0,0.91798323,0.3648255,0
1.0,0.89119035,0.3230788,0
1.0,0.91136134,0.32358825,0
1.0,0.93926233,0.32819498,0
1.0,0.9416886,0.30449736,0
1.0,0.9313415,0.31086025,0
1.0,0.9346142,0.33443823,0
1.0,0.9348753,0.3405794,0
1.0,0.9183223,0.3439706,0
1.0,0.8993691,0.33187455,0
1.0,0.89535064,0.33588076,0
1.0,0.9014565,0.36214328,0
1.0,0.9160755,0.3801263,0
1.0,0.92346597,0.39395934,0
1.0,0.9303795,0.40817693,0
1.0,0.935323,0.41520566,0
1.0,0.94328785,0.42278576,0
1.0,0.95104665,0.4360181,0
1.0,0.9530052,0.4480335,0
1.0,0.9560963,0.45200437,0
1.0,0.9547272,0.45183516,0
1.0,0.95171916,0.4497535,0
1.0,0.94959086,0.44656017,0
1.0,0.95656663,0.45498592,0
1.0,0.9569871,0.45514393,0
1.0,0.9562588,0.4544571,0
1.0,0.94993824,0.4424142,0
1.0,0.95087963,0.4459939,0
1.0,0.9494042,0.45825005,0
1.0,0.95114684,0.46758205,0
1.0,0.95325136,0.4683113,0
1.0,0.95509046,0.4670337,0
1.0,0.96020913,0.47210222,0
1.0,0.9575775,0.4797846,0
1.0,0.9545583,0.46270055,0
1.0,0.9567917,0.46078825,0
1.0,0.9617269,0.48207682,0
1.0,0.9604816,0.45692867,0
1.0,0.9572493,0.43875784,0
1.0,0.95825833,0.42629242,0
1.0,0.9562025,0.3855494,0
1.0,0.95079535,0.35535508,0
1.0,0.94698715,0.32088926,0
1.0,0.95615536,0.29158062,0
1.0,0.96395516,0.2876258,0
1.0,0.96581894,0.28391224,0
1.0,0.96431345,0.27367535,0
1.0,0.9639007,0.2702304,0
1.0,0.96480525,0.2690682,0
1.0,0.9603992,0.25958538,0
1.0,0.95570064,0.24562187,0
1.0,0.947172,0.23902982,0
1.0,0.9502628,0.23925412,0
1.0,0.9338735,0.22761631,0
1.0,0.91177875,0.21108899,0
1.0,0.89205396,0.19782758,0
1.0,0.8836815,0.19559002,0
1.0,0.86747336,0.1897121,0
1.0,0.88135934,0.21371916,0
1.0,0.8978212,0.24993947,0
1.0,0.92642254,0.27342755,0
1.0,0.92988676,0.30101472,0
1.0,0.94381034,0.35234123,0
1.0,0.94816315,0.37004432,0
1.0,0.9572508,0.4052155,0
1.0,0.94830924,0.4095273,0
1.0,0.94647866,0.4445215,0
1.0,0.9309279,0.47799006,0
1.0,0.9281903,0.49183214,0
1.0,0.91512555,0.50983036,0
1.0,0.91483533,0.5418196,0
1.0,0.9078251,0.5761347,0
1.0,0.92293036,0.6324879,0
1.0,0.92417634,0.67718804,0
1.0,0.92674845,0.72713304,0
1.0,0.91964763,0.757324,0
1.0,0.9220591,0.7908574,0
1.0,0.9206242,0.8129841,0
1.0,0.9208817,0.82775885,0
1.0,0.92844063,0.8388524,0
1.0,0.943424,0.86305714,0
1.0,0.9510808,0.87858534,0
1.0,0.95338124,0.88273144,0
1.0,0.9507611,0.879477,0
1.0,0.95132136,0.8814186,0
1.0,0.94909,0.8775598,0
1.0,0.94089377,0.8645777,0
1.0,0.9206028,0.8344501,0
1.0,0.9027193,0.80663407,0
1.0,0.9065506,0.81368226,0
1.0,0.9122078,0.80453897,0
1.0,0.9084558,0.7786094,0
1.0,0.90254706,0.75815666,0
1.0,0.9137437,0.7367197,0
1.0,0.9389816,0.7314608,0
1.0,0.9345391,0.7094862,0
1.0,0.9371108,0.69141626,0
1.0,0.94138527,0.667066,0
1.0,0.95767164,0.6378766,0
1.0,0.9498853,0.58257663,0
1.0,0.950968,0.5514711,0
1.0,0.95863014,0.52618134,0
1.0,0.96771383,0.49868459,0
1.0,0.96053755,0.4453442,0
1.0,0.9504331,0.39951566,0
1.0,0.93955404,0.35841918,0
1.0,0.93299246,0.32815036,0
1.0,0.90319115,0.28702337,0
1.0,0.8804147,0.25815532,0
1.0,0.86552966,0.23588479,0
1.0,0.8841983,0.24783798,0
1.0,0.8683689,0.25825685,0
1.0,0.86980337,0.28359145,0
1.0,0.84983796,0.2758673,0
1.0,0.85509026,0.2924846,0
1.0,0.83111215,0.29729456,0
1.0,0.8314801,0.30280775,0
1.0,0.79951036,0.29866803,0
1.0,0.7625515,0.28952634,0
1.0,0.7387921,0.26556736,0
1.0,0.73079884,0.26512295,0
1.0,0.6952955,0.23066264,0
1.0,0.6768683,0.21108826,0
1.0,0.69162536,0.22171451,0
1.0,0.7458236,0.2741082,0
1.0,0.718469,0.24779871,0
1.0,0.7321042,0.25866327,0
1.0,0.7398634,0.26560012,0
1.0,0.786068,0.30458158,0
1.0,0.7937617,0.30834985,0
1.0,0.8239784,0.33848232,0
1.0,0.8329158,0.335295,0
1.0,0.84553266,0.33528316,0
1.0,0.8618751,0.34825474,0
1.0,0.8631378,0.34779245,0
1.0,0.8533316,0.34027317,0
1.0,0.86329633,0.3549861,0
1.0,0.8817233,0.36451858,0
1.0,0.8873734,0.3529691,0
1.0,0.87278783,0.31911474,0
1.0,0.8831232,0.3143522,0
1.0,0.9077827,0.32843202,0
1.0,0.92195475,0.32971385,0
1.0,0.8984584,0.28498688,0
1.0,0.90952545,0.268386,0
1.0,0.9208012,0.26714805,0
1.0,0.91759604,0.24725199,0
1.0,0.8815882,0.19427006,0
1.0,0.86295146,0.17804085,0
1.0,0.87680864,0.1605865,0
1.0,0.8700378,0.13285577,0
1.0,0.8034203,0.10362803,0
1.0,0.78141713,0.08354706,0
1.0,0.7956921,0.07734539,0
1.0,0.7724591,0.0701374,0
1.0,0.6798006,0.06404932,0
1.0,0.6932709,0.058576744,0
1.0,0.68569285,0.060195684,0
1.0,0.70353574,0.06039864,0
1.0,0.6447114,0.06263888,0
1.0,0.66072273,0.05900179,0
1.0,0.675805,0.055384777,0
1.0,0.7045025,0.05170141,0
1.0,0.6537027,0.05599275,0
1.0,0.64529383,0.066522494,0
1.0,0.6569681,0.0703193,0
1.0,0.68527186,0.06900984,0
1.0,0.6663708,0.08524117,0
1.0,0.7052097,0.13223599,0
1.0,0.75497645,0.16540101,0
1.0,0.8158996,0.21984686,0
1.0,0.81760657,0.26013547,0
1.0,0.8440292,0.29831237,0
1.0,0.86232924,0.33867034,0
1.0,0.8776162,0.36363804,0
1.0,0.8757601,0.37996644,0
1.0,0.8870269,0.4299175,0
1.0,0.89865065,0.45939183,0
1.0,0.90623385,0.48843184,0
1.0,0.9060377,0.5155143,0
1.0,0.91415566,0.52944314,0
1.0,0.92328984,0.55010843,0
1.0,0.92898273,0.5613779,0
1.0,0.9386956,0.57415855,0
1.0,0.94250876,0.6016474,0
1.0,0.9433783,0.6164323,0
1.0,0.942131,0.62983924,0
1.0,0.9466211,0.6644806,0
1.0,0.9442134,0.6757866,0
1.0,0.94038075,0.70299417,0
1.0,0.9332209,0.7058331,0
1.0,0.9383812,0.72093695,0
1.0,0.9279015,0.73847276,0
1.0,0.91148454,0.71584445,0
1.0,0.8905916,0.6868832,0
1.0,0.90863407,0.7208311,0
1.0,0.8999081,0.6915575,0
1.0,0.8756639,0.6432079,0
1.0,0.87796164,0.63898134,0
1.0,0.9073343,0.65097076,0
1.0,0.9041428,0.5808958,0
1.0,0.8870043,0.52574635,0
1.0,0.889961,0.4886809,0
1.0,0.91709346,0.47538033,0
1.0,0.9150176,0.45184422,0
1.0,0.88884705,0.39112988,0
1.0,0.872864,0.36361092,0
1.0,0.8742789,0.34703398,0
1.0,0.86049885,0.30119666,0
1.0,0.8052839,0.24636534,0
1.0,0.78392786,0.21845236,0
1.0,0.7865903,0.19995372,0
1.0,0.77908474,0.19492726,0
1.0,0.7113642,0.16745767,0
1.0,0.684413,0.16137215,0
1.0,0.6819277,0.1624468,0
1.0,0.6879902,0.15334085,0
1.0,0.67892766,0.14629188,0
1.0,0.6562264,0.13958815,0
1.0,0.6386666,0.14488104,0
1.0,0.62500703,0.1492222,0
1.0,0.5989199,0.1455791,0
1.0,0.60288495,0.15573138,0
1.0,0.6024694,0.1556423,0
1.0,0.5879738,0.14714763,0
1.0,0.57379395,0.15965125,0
1.0,0.55911696,0.17164299,0
1.0,0.5170671,0.20346132,0
1.0,0.50991935,0.20873499,0
1.0,0.52106863,0.19994017,0
1.0,0.5794295,0.15869088,0
1.0,0.6163943,0.1426824,0
1.0,0.656935,0.13249338,0
1.0,0.7216631,0.112278864,0
1.0,0.7947489,0.11790855,0
1.0,0.8080162,0.13871984,0
1.0,0.84680897,0.16903259,0
1.0,0.86804134,0.20415962,0
1.0,0.90088165,0.23010737,0
1.0,0.90201825,0.24899857,0
1.0,0.9092829,0.2631263,0
1.0,0.896133,0.26188177,0
1.0,0.92492163,0.2857198,0
1.0,0.93123585,0.31103858,0
1.0,0.9383533,0.3377437,0
1.0,0.93577987,0.3550328,0
1.0,0.939672,0.3807068,0
1.0,0.9291151,0.37949377,0
1.0,0.933915,0.40393093,0
1.0,0.92860633,0.4233889,0
1.0,0.9392365,0.45382965,0
1.0,0.9363189,0.4754862,0
1.0,0.93475276,0.49123847,0
1.0,0.9250262,0.4929331,0
1.0,0.92682034,0.52053523,0
1.0,0.9108251,0.516312,0
1.0,0.90084577,0.51074415,0
1.0,0.8786967,0.49595365,0
1.0,0.8752829,0.50614446,0
1.0,0.8598364,0.49710813,0
1.0,0.83424574,0.46135348,0
1.0,0.80866164,0.42712194,0
1.0,0.8100176,0.4352518,0
1.0,0.8034169,0.41713178,0
1.0,0.7818037,0.38034233,0
1.0,0.7990183,0.39461333,0
1.0,0.77870333,0.3601545,0
1.0,0.76353645,0.3336451,0
1.0,0.7428079,0.2831148,0
1.0,0.75092405,0.27507064,0
1.0,0.73907685,0.27129072,0
1.0,0.76394206,0.2904763,0
1.0,0.74849916,0.2668653,0
1.0,0.7662297,0.28211766,0
1.0,0.7551066,0.26906872,0
1.0,0.7755687,0.27557093,0
1.0,0.7979134,0.28281623,0
1.0,0.8536102,0.32404307,0
1.0,0.8576873,0.3105473,0
1.0,0.8648734,0.30766344,0
1.0,0.87801814,0.29976562,0
1.0,0.8985257,0.29606754,0
1.0,0.89009607,0.27237996,0
1.0,0.89110833,0.24488887,0
1.0,0.8929944,0.230713,0
1.0,0.9004581,0.22360963,0
1.0,0.88565564,0.1920467,0
1.0,0.8843907,0.18649124,0
1.0,0.9142145,0.2324109,0
1.0,0.93887514,0.2855307,0
1.0,0.95035654,0.31498617,0
1.0,0.95100963,0.3419468,0
1.0,0.96120876,0.39557785,0
1.0,0.97087693,0.44743076,0
1.0,0.9720473,0.4937535,0
1.0,0.9671428,0.54466444,0
1.0,0.9688516,0.5840243,0
1.0,0.971177,0.60865927,0
1.0,0.96995676,0.62043977,0
1.0,0.9672737,0.61345947,0
1.0,0.96815926,0.60939074,0
1.0,0.9694798,0.5996693,0
1.0,0.96898794,0.57982975,0
1.0,0.9682065,0.5697135,0
1.0,0.96914554,0.57193077,0
1.0,0.9716082,0.5823924,0
1.0,0.9699209,0.5819324,0
1.0,0.96445626,0.5727265,0
1.0,0.96381795,0.5755126,0
1.0,0.96952313,0.6027306,0
1.0,0.96859545,0.6160058,0
1.0,0.96116513,0.6367114,0
1.0,0.9612762,0.7029942,0
1.0,0.96827245,0.7603084,0
1.0,0.97049767,0.79444057,0
1.0,0.96529716,0.8259922,0
1.0,0.965202,0.8472904,0
1.0,0.966446,0.860941,0
1.0,0.9621232,0.8822624,0
1.0,0.956293,0.898191,0
1.0,0.95766944,0.89933705,0
1.0,0.9676082,0.91582525,0
1.0,0.9677403,0.8958272,0
1.0,0.9592401,0.8449073,0
1.0,0.9563023,0.8068998,0
1.0,0.9604123,0.7725587,0
1.0,0.958118,0.71974254,0
1.0,0.94825405,0.6628457,0
1.0,0.94714236,0.62008584,0
1.0,0.9554232,0.60268563,0
1.0,0.9573107,0.58733726,0
1.0,0.9484209,0.5654958,0
1.0,0.9502087,0.56905544,0
1.0,0.9575033,0.5820966,0
1.0,0.95933706,0.5782231,0
1.0,0.9488211,0.5637748,0
1.0,0.93972546,0.5491739,0
1.0,0.9300635,0.52629006,0
1.0,0.9192024,0.5093109,0
1.0,0.8852374,0.47013077,0
1.0,0.8709178,0.4526487,0
1.0,0.85569996,0.42075643,0
1.0,0.8715554,0.42723766,0
1.0,0.83626103,0.37096822,0
1.0,0.84417766,0.320915,0
1.0,0.8120822,0.2595132,0
1.0,0.8196919,0.24179737,0
1.0,0.785096,0.19372559,0
1.0,0.7892747,0.18556967,0
1.0,0.7579556,0.17767482,0
1.0,0.7849905,0.1661895,0
1.0,0.7462451,0.13322218,0
1.0,0.7680437,0.14699326,0
1.0,0.7699226,0.12669978,0
1.0,0.8316616,0.16200793,0
1.0,0.83623433,0.19449303,0
1.0,0.86194515,0.23234537,0
1.0,0.8675227,0.2556582,0
1.0,0.88935566,0.28971994,0
1.0,0.885586,0.30434716,0
1.0,0.8998611,0.3296069,0
1.0,0.9022512,0.34094486,0
1.0,0.92069596,0.36481017,0
1.0,0.92060035,0.37262112,0
1.0,0.9247219,0.38530666,0
1.0,0.9264722,0.39730018,0
1.0,0.9293913,0.42055097,0
1.0,0.92938,0.4313978,0
1.0,0.9228549,0.43124282,0
1.0,0.9169782,0.44296646,0
1.0,0.9224577,0.4652608,0
1.0,0.92353123,0.47910625,0
1.0,0.91234905,0.49689108,0
1.0,0.8959259,0.5149815,0
1.0,0.8929032,0.52994305,0
1.0,0.89111376,0.5514833,0
1.0,0.87696767,0.5617833,0
1.0,0.8470615,0.53898394,0
1.0,0.84134674,0.5433838,0
1.0,0.8339663,0.56229365,0
1.0,0.80268705,0.5496204,0
1.0,0.75378,0.4841208,0
1.0,0.7688278,0.5300066,0
1.0,0.7822479,0.5576154,0
1.0,0.7659723,0.50718737,0
1.0,0.7472172,0.48156697,0
1.0,0.7618273,0.49721533,0
1.0,0.7613904,0.48199797,0
1.0,0.7444055,0.4457052,0
1.0,0.70932275,0.3950331,0
1.0,0.7338288,0.41768527,0
1.0,0.7167511,0.37656432,0
1.0,0.7336677,0.3928578,0
1.0,0.7249081,0.38339853,0
1.0,0.7789067,0.4443457,0
1.0,0.77533066,0.43414888,0
1.0,0.8376357,0.5120395,0
1.0,0.8459462,0.51187754,0
1.0,0.8795991,0.5354747,0
1.0,0.8675045,0.5090234,0
1.0,0.89536583,0.5335444,0
1.0,0.8929553,0.5144835,0
1.0,0.89984685,0.50781554,0
1.0,0.87482876,0.46889043,0
1.0,0.89944935,0.47920913,0
1.0,0.9079024,0.47898453,0
1.0,0.9287344,0.5000538,0
1.0,0.9267914,0.49443513,0
1.0,0.9440653,0.52583,0
1.0,0.94977957,0.57250166,0
1.0,0.9589075,0.6333009,0
1.0,0.9586997,0.64624715,0
1.0,0.96567774,0.6456102,0
1.0,0.96672887,0.6507224,0
1.0,0.96779054,0.64053875,0
1.0,0.96559095,0.637795,0
1.0,0.96984744,0.65458465,0
1.0,0.96924365,0.65480953,0
1.0,0.96628624,0.64866275,0
1.0,0.9612992,0.62942946,0
1.0,0.95825684,0.61494976,0
1.0,0.9539324,0.59600884,0
1.0,0.95279604,0.58460814,0
1.0,0.95090044,0.58782005,0
1.0,0.9518253,0.57919806,0
1.0,0.9479861,0.5706236,0
1.0,0.95500517,0.59166,0
1.0,0.9527837,0.59807515,0
1.0,0.94912726,0.59514475,0
1.0,0.9272719,0.5689795,0
1.0,0.9304976,0.57594204,0
1.0,0.9223419,0.56524,0
1.0,0.9315181,0.5798723,0
1.0,0.9195564,0.5637628,0
1.0,0.92899454,0.5758213,0
1.0,0.9093207,0.5541672,0
1.0,0.926247,0.5649575,0
1.0,0.90444326,0.51611567,0
1.0,0.9134162,0.5131341,0
1.0,0.89578974,0.48539937,0
1.0,0.90175563,0.45444837,0
1.0,0.8808897,0.38298672,0
1.0,0.89363164,0.33466887,0
1.0,0.8767009,0.285222,0
1.0,0.8794155,0.25648192,0
1.0,0.8463152,0.22589839,0
1.0,0.85068345,0.2058949,0
1.0,0.8316434,0.18688376,0
1.0,0.8042325,0.17603184,0
1.0,0.7803209,0.15750937,0
1.0,0.7515879,0.15328406,0
1.0,0.72284234,0.1553857,0
1.0,0.7117537,0.15365964,0
1.0,0.72545934,0.15607558,0
1.0,0.7043157,0.16048402,0
1.0,0.6958884,0.1589047,0
1.0,0.60717314,0.19745089,0
1.0,0.58003324,0.2112996,0
1.0,0.49717376,0.2638627,0
1.0,0.5054019,0.25764346,0
1.0,0.42333123,0.32408813,0
1.0,0.46552676,0.29498324,0
1.0,0.49556562,0.27638137,0
1.0,0.54922396,0.2353338,0
1.0,0.51903355,0.2377981,0
1.0,0.5903743,0.19941294,0
1.0,0.5960769,0.18897653,0
1.0,0.6001802,0.17663786,0
1.0,0.6017183,0.16366291,0
1.0,0.65313196,0.14750586,0
1.0,0.6679877,0.13725972,0
1.0,0.63666975,0.11655628,0
1.0,0.64594746,0.10565139,0
1.0,0.6769486,0.109522104,0
1.0,0.7250184,0.11509845,0
1.0,0.71620303,0.10420957,0
1.0,0.75717884,0.124915026,0
1.0,0.8029235,0.14761567,0
1.0,0.8475502,0.1753636,0
1.0,0.8248529,0.15964535,0
1.0,0.8476637,0.17137453,0
1.0,0.85639566,0.18311286,0
1.0,0.8808991,0.2256799,0
1.0,0.8708698,0.24569237,0
1.0,0.89940023,0.2716244,0
1.0,0.9014332,0.2688625,0
1.0,0.89523274,0.26347524,0
1.0,0.87944907,0.25695026,0
1.0,0.8953163,0.26352164,0
1.0,0.8591848,0.25972486,0
1.0,0.84640384,0.255992,0
1.0,0.8345401,0.25296134,0
1.0,0.819409,0.2570692,0
1.0,0.7918377,0.24822797,0
1.0,0.7803882,0.25704175,0
1.0,0.785592,0.26607955,0
1.0,0.7930665,0.26283768,0
1.0,0.7642756,0.30313578,0
1.0,0.7417687,0.33410946,0
1.0,0.734185,0.34382698,0
1.0,0.6951079,0.41017866,0
1.0,0.62691456,0.5142372,0
1.0,0.5642962,0.6000435,0
1.0,0.54651797,0.642782,0
1.0,0.52597356,0.70083237,0
1.0,0.46690306,0.8135902,0
1.0,0.45353642,0.8579806,0
1.0,0.4423023,0.8858962,0
1.0,0.41250044,0.93004274,0
1.0,0.3769721,0.98863256,0
1.0,0.4083055,0.9294672,0
1.0,0.47676057,0.797884,0
1.0,0.4767817,0.78339416,0
1.0,0.5483077,0.65540636,0
1.0,0.59742343,0.52987313,0
1.0,0.62744194,0.45329088,0
1.0,0.5780505,0.49069056,0
1.0,0.6209875,0.42331898,0
1.0,0.6747172,0.36792794,0
1.0,0.70869696,0.34018466,0
1.0,0.6659411,0.3916671,0
1.0,0.73121,0.3413017,0
1.0,0.77434236,0.3206903,0
1.0,0.7955664,0.3393101,0
1.0,0.76417613,0.40106082,0
1.0,0.8184094,0.36675897,0
1.0,0.846986,0.34303683,0
1.0,0.85306686,0.33720797,0
1.0,0.8013798,0.3833898,0
1.0,0.83534783,0.33295757,0
1.0,0.8602359,0.30188066,0
1.0,0.87539965,0.28519776,0
1.0,0.83665305,0.28176922,0
1.0,0.8564378,0.24531901,0
1.0,0.8565471,0.24797657,0
1.0,0.8590164,0.24015456,0
1.0,0.81788653,0.24817458,0
1.0,0.8483505,0.23051861,0
1.0,0.85061556,0.22334436,0
1.0,0.8542569,0.22141346,0
1.0,0.80792785,0.24130611,0
1.0,0.8207034,0.23454952,0
1.0,0.8048402,0.24232507,0
1.0,0.8157329,0.23688874,0
1.0,0.7665024,0.2635278,0
1.0,0.778105,0.2610962,0
1.0,0.760543,0.27446884,0
1.0,0.78089476,0.26170278,0
1.0,0.71569437,0.30608773,0
1.0,0.7300799,0.29348555,0
1.0,0.70197105,0.32192367,0
1.0,0.7246498,0.30935168,0
1.0,0.66797566,0.3446265,0
1.0,0.7165324,0.30525723,0
1.0,0.70666164,0.30637088,0
1.0,0.7401397,0.26590416,0
1.0,0.6906827,0.2878862,0
1.0,0.70828277,0.25789636,0
1.0,0.66901296,0.29869652,0
1.0,0.6234075,0.34476957,0
1.0,0.55401653,0.40432596,0
1.0,0.54634,0.41599062,0
1.0,0.53218186,0.43462944,0
1.0,0.5411349,0.43310216,0
1.0,0.5110174,0.47788787,0
1.0,0.52671665,0.4840294,0
1.0,0.502767,0.56901014,0
1.0,0.5033738,0.59952,0
1.0,0.4824773,0.6633496,0
1.0,0.5035427,0.69236875,0
1.0,0.47519284,0.772757,0
1.0,0.46559188,0.8224013,0
1.0,0.44622457,0.9333254,0
1.0,0.46349147,0.9761118,0
1.0,0.4538676,1.061983,0
1.0,0.47674856,1.0966792,0
1.0,0.47501242,1.1617014,0
1.0,0.49383295,1.1975327,0
1.0,0.4896162,1.2916005,0
1.0,0.5024082,1.3550452,0
1.0,0.5115457,1.4571406,0
1.0,0.54821706,1.4915448,0
1.0,0.55576867,1.5464686,0
1.0,0.5931233,1.5246532,0
1.0,0.6173108,1.5534225,0
1.0,0.66716665,1.4800041,0
1.0,0.66944873,1.5232055,0
1.0,0.7006374,1.4791796,0
1.0,0.7169305,1.4602802,0
1.0,0.7502646,1.437536,0
1.0,0.75345767,1.4477247,0
1.0,0.7726445,1.4273386,0
1.0,0.7760291,1.4458227,0
1.0,0.7876303,1.4339408,0
1.0,0.791009,1.4425322,0
1.0,0.79742366,1.4395964,0
1.0,0.7993778,1.4500923,0
1.0,0.80041003,1.4489524,0
1.0,0.7992896,1.4266346,0
1.0,0.792082,1.4392521,0
1.0,0.7788032,1.4689369,0
1.0,0.77003396,1.4620515,0
1.0,0.75721204,1.5016148,0
1.0,0.7438122,1.5683713,0
1.0,0.7201302,1.5938554,0
1.0,0.7158999,1.5742016,0
1.0,0.6892592,1.601655,0
1.0,0.6688912,1.588206,0
1.0,0.64366454,1.6029191,0
1.0,0.65716445,1.5006273,0
1.0,0.6691025,1.3974113,0
1.0,0.6596072,1.338522,0
1.0,0.6571671,1.2304525,0
1.0,0.6800689,1.0808852,0
1.0,0.70863646,0.95882535,0
1.0,0.7192591,0.8782056,0
1.0,0.71573555,0.8025719,0
1.0,0.7621262,0.6798772,0
1.0,0.78132427,0.59883547,0
1.0,0.8131307,0.51735795,0
1.0,0.7752232,0.5062399,0
1.0,0.8112058,0.42237562,0
1.0,0.86578286,0.35395616,0
1.0,0.90204644,0.31776255,0
1.0,0.8915025,0.30600983,0
1.0,0.9124126,0.28946215,0
1.0,0.9315309,0.29747564,0
1.0,0.9348834,0.2948227,0
1.0,0.9087146,0.32862127,0
1.0,0.9178589,0.35315487,0
1.0,0.9356125,0.34762436,0
1.0,0.93424255,0.36677915,0
1.0,0.90107787,0.3994326,0
1.0,0.8962928,0.3985069,0
1.0,0.8920007,0.3871051,0
1.0,0.8849469,0.3732922,0
1.0,0.8261179,0.4210772,0
1.0,0.82133514,0.439619,0
1.0,0.81806225,0.45792744,0
1.0,0.80900633,0.47478002,0
1.0,0.7286798,0.5635034,0
1.0,0.72479296,0.57307315,0
1.0,0.7464079,0.55925024,0
1.0,0.7334152,0.60459334,0
1.0,0.6575256,0.74023503,0
1.0,0.6308122,0.85140264,0
1.0,0.5801178,0.9788515,0
1.0,0.50424856,1.1289233,0
1.0,0.45820558,1.2587421,0
1.0,0.4367193,1.3366857,0
1.0,0.45161608,1.3256439,0
1.0,0.42613566,1.4178772,0
1.0,0.4174733,1.453428,0
1.0,0.40147167,1.5220609,0
1.0,0.42214724,1.4914109,0
1.0,0.4028036,1.5225569,0
1.0,0.40272975,1.5604368,0
1.0,0.37922937,1.6250612,0
1.0,0.40979424,1.5214325,0
1.0,0.39566293,1.5893111,0
1.0,0.4111564,1.5462604,0
1.0,0.39377177,1.5690988,0
1.0,0.4312685,1.4834421,0
1.0,0.42145237,1.480279,0
1.0,0.43695235,1.4087983,0
1.0,0.42653072,1.4218371,0
1.0,0.4821428,1.2756786,0
1.0,0.5082171,1.1710038,0
1.0,0.54276955,1.06312,0
1.0,0.53127426,1.0351096,0
1.0,0.6026001,0.85923016,0
1.0,0.5960542,0.8525766,0
1.0,0.59017855,0.8425271,0
1.0,0.55335695,0.89281607,0
1.0,0.5936945,0.8136921,0
1.0,0.62059575,0.7338991,0
1.0,0.633713,0.6725986,0
1.0,0.5945113,0.66470957,0
1.0,0.6233904,0.5861696,0
1.0,0.6330502,0.5663243,0
1.0,0.65093124,0.524713,0
1.0,0.60051864,0.5711384,0
1.0,0.6484375,0.5145762,0
1.0,0.6567911,0.4920029,0
1.0,0.6832605,0.45972657,0
1.0,0.6320657,0.4969278,0
1.0,0.67232084,0.43478942,0
1.0,0.6970619,0.40813965,0
1.0,0.7129466,0.38578945,0
1.0,0.6487865,0.46861494,0
1.0,0.65283036,0.47175962,0
1.0,0.6323232,0.46925026,0
1.0,0.61784285,0.4823352,0
1.0,0.55376565,0.5810862,0
1.0,0.54377204,0.6244962,0
1.0,0.54711366,0.664088,0
1.0,0.5733254,0.65839535,0
1.0,0.5608669,0.6973648,0
1.0,0.57439053,0.7297236,0
1.0,0.5829375,0.7703942,0
1.0,0.6006364,0.7710582,0
1.0,0.5854584,0.82804906,0
1.0,0.59705913,0.86326706,0
1.0,0.6036443,0.880486,0
1.0,0.5853673,0.934311,0
1.0,0.57367057,0.9763878,0
1.0,0.5577275,1.0027943,0
1.0,0.58706427,0.9518322,0
1.0,0.6046318,0.93118757,0
1.0,0.61011326,0.9078516,0
1.0,0.6068848,0.9100434,0
1.0,0.63926464,0.8534899,0
1.0,0.6560462,0.8240197,0
1.0,0.64068455,0.8411077,0
1.0,0.6542533,0.81280565,0
1.0,0.69978917,0.75464445,0
1.0,0.74451,0.69654393,0
1.0,0.75702655,0.68395525,0
1.0,0.7546035,0.6842747,0
1.0,0.79342246,0.6576669,0
1.0,0.7952448,0.65139025,0
1.0,0.7783364,0.62713087,0
1.0,0.79151416,0.60496324,0
1.0,0.8023912,0.60075474,0
1.0,0.7965839,0.5742773,0
1.0,0.78566325,0.5360234,0
1.0,0.8148674,0.5050954,0
1.0,0.8313447,0.46586788,0
1.0,0.84209967,0.44996724,0
1.0,0.8349209,0.4483251,0
1.0,0.8559578,0.43580934,0
1.0,0.84483004,0.4258623,0
1.0,0.8199359,0.41169345,0
1.0,0.77122074,0.35751206,0
1.0,0.8092147,0.34679598,0
1.0,0.78172183,0.3147253,0
1.0,0.7842684,0.3044787,0
1.0,0.76875407,0.2788737,0
1.0,0.81547856,0.32297432,0
1.0,0.7794205,0.28998166,0
1.0,0.78276616,0.2881338,0
1.0,0.7378942,0.24694602,0
1.0,0.7828242,0.28635806,0
1.0,0.7421069,0.25173062,0
1.0,0.7809242,0.2798893,0
1.0,0.7738734,0.2740721,0
1.0,0.7791689,0.2617325,0
1.0,0.74702924,0.21952774,0
1.0,0.80689406,0.2681415,0
1.0,0.81782645,0.26140398,0
1.0,0.8010399,0.23807026,0
1.0,0.789416,0.21174979,0
1.0,0.81361854,0.20892413,0
1.0,0.8110675,0.20429261,0
1.0,0.797935,0.18409392,0
1.0,0.7930885,0.16146117,0
1.0,0.80711687,0.1621492,0
1.0,0.8225638,0.15975527,0
1.0,0.79180664,0.12900278,0
1.0,0.7907101,0.12232408,0
1.0,0.7770322,0.1154522,0
1.0,0.7584348,0.09914118,0
1.0,0.7115734,0.08198145,0
1.0,0.7197371,0.06876951,0
1.0,0.6897994,0.058262266,0
1.0,0.66413856,0.061144486,0
1.0,0.6376553,0.06418195,0
1.0,0.6443524,0.05902247,0
1.0,0.647196,0.058360226,0
1.0,0.6533194,0.06129936,0
1.0,0.7336677,0.06319551,0
1.0,0.7705324,0.06834435,0
1.0,0.7715051,0.07229143,0
1.0,0.7711507,0.08566292,0
1.0,0.8169292,0.098522455,0
1.0,0.8084722,0.09848654,0
1.0,0.8031238,0.093869574,0
1.0,0.8258711,0.10031566,0
1.0,0.8552414,0.11001019,0
1.0,0.8555762,0.099905014,0
1.0,0.87097585,0.09908141,0
1.0,0.8836306,0.10764006,0
1.0,0.9060923,0.11080475,0
1.0,0.9034608,0.10333425,0
1.0,0.9115621,0.11045912,0
1.0,0.9159007,0.11078622,0
1.0,0.9172495,0.11585304,0
1.0,0.91309685,0.120973915,0
1.0,0.9366894,0.13387445,0
1.0,0.95033,0.14823775,0
1.0,0.9539923,0.16807386,0
1.0,0.9541662,0.18685514,0
1.0,0.9598632,0.21919316,0
1.0,0.96406597,0.25943047,0
1.0,0.95798934,0.2732521,0
1.0,0.9559734,0.2904452,0
1.0,0.9580684,0.31665227,0
1.0,0.9614449,0.33099088,0
1.0,0.9543465,0.3335175,0
1.0,0.9575256,0.33972672,0
1.0,0.96402776,0.3423624,0
1.0,0.9653347,0.332053,0
1.0,0.9628149,0.3131132,0
1.0,0.9645189,0.30692178,0
1.0,0.9683801,0.30345052,0
1.0,0.9693019,0.2871953,0
1.0,0.96653503,0.2846108,0
1.0,0.96442944,0.28195667,0
1.0,0.9647338,0.28162986,0
1.0,0.96624416,0.2919112,0
1.0,0.96522105,0.29586777,0
1.0,0.96355957,0.29531717,0
1.0,0.95429087,0.2946848,0
1.0,0.9471147,0.29031044,0
1.0,0.9367419,0.28604543,0
1.0,0.9275428,0.28983474,0
1.0,0.91134804,0.27615285,0
1.0,0.90214086,0.2741003,0
1.0,0.88857704,0.2576288,0
1.0,0.8805272,0.25265437,0
1.0,0.8695215,0.24632926,0
1.0,0.8565658,0.23389637,0
1.0,0.84556735,0.21880239,0
1.0,0.83109605,0.19833781,0
1.0,0.8046386,0.15974289,0
1.0,0.77665263,0.11940411,0
1.0,0.7473019,0.10570849,0
1.0,0.708768,0.0876152,0
1.0,0.69296104,0.08089895,0
1.0,0.6972517,0.09581719,0
1.0,0.68449694,0.0907722,0
1.0,0.69403094,0.10131028,0
1.0,0.7454884,0.13530448,0
1.0,0.75800645,0.14389502,0
1.0,0.71838444,0.12814334,0
1.0,0.72439784,0.13207138,0
1.0,0.7722768,0.16473044,0
1.0,0.7933833,0.18752429,0
1.0,0.77958816,0.17801553,0
1.0,0.7815232,0.1825453,0
1.0,0.8078816,0.20491865,0
1.0,0.7957427,0.1920118,0
1.0,0.7851403,0.18196437,0
1.0,0.7950844,0.18945244,0
1.0,0.8390697,0.22117001,0
1.0,0.83441776,0.21566266,0
1.0,0.8285572,0.20824403,0
1.0,0.83182687,0.20741507,0
1.0,0.87001663,0.23565547,0
1.0,0.828758,0.1974921,0
1.0,0.82392216,0.19299875,0
1.0,0.8218638,0.18745124,0
1.0,0.83804226,0.19366747,0
1.0,0.76358575,0.14232123,0
1.0,0.7562614,0.13299154,0
1.0,0.7553669,0.13091725,0
1.0,0.7677002,0.13799149,0
1.0,0.68183374,0.09891264,0
1.0,0.7156997,0.10880044,0
1.0,0.74206454,0.11064192,0
1.0,0.76213664,0.10859284,0
1.0,0.69378585,0.07155631,0
1.0,0.7265177,0.07913447,0
1.0,0.7552882,0.08169645,0
1.0,0.7601923,0.076567635,0
1.0,0.73145926,0.06506734,0
1.0,0.7575986,0.06519531,0
1.0,0.79269975,0.075563826,0
1.0,0.7698907,0.067909926,0
1.0,0.7429338,0.053037554,0
1.0,0.75958735,0.060169984,0
1.0,0.80455655,0.08427428,0
1.0,0.7917456,0.07746448,0
1.0,0.7918808,0.07978204,0
1.0,0.81702846,0.09821703,0
1.0,0.84130937,0.11153172,0
1.0,0.82472336,0.10246679,0
1.0,0.8292856,0.10458414,0
1.0,0.87004846,0.1264245,0
1.0,0.87147534,0.13333231,0
1.0,0.8665925,0.14182657,0
1.0,0.86849356,0.14461961,0
1.0,0.87609714,0.14682873,0
1.0,0.84352297,0.12410273,0
1.0,0.8394528,0.12504667,0
1.0,0.81862855,0.127535,0
1.0,0.8332101,0.16298899,0
1.0,0.8216707,0.18911228,0
1.0,0.8847395,0.27007365,0
1.0,0.90764487,0.32228145,0
1.0,0.9197767,0.33781213,0
1.0,0.91581637,0.35075346,0
1.0,0.9377153,0.3942592,0
1.0,0.9286303,0.39317387,0
1.0,0.92289275,0.44889164,0
1.0,0.9039199,0.46495748,0
1.0,0.93103266,0.5111704,0
1.0,0.9299815,0.5315801,0
1.0,0.92476904,0.53224766,0
1.0,0.9210901,0.53558254,0
1.0,0.9521456,0.57782274,0
1.0,0.9527976,0.57819855,0
1.0,0.94145375,0.5570623,0
1.0,0.94283664,0.5440599,0
1.0,0.9584352,0.5755492,0
1.0,0.95895004,0.57275677,0
1.0,0.9493495,0.55870223,0
1.0,0.9473016,0.57528937,0
1.0,0.95565903,0.5877453,0
1.0,0.95868295,0.59567255,0
1.0,0.9496679,0.59574527,0
1.0,0.9409844,0.57491326,0
1.0,0.93115133,0.5563835,0
1.0,0.91212904,0.54094946,0
1.0,0.8780426,0.49698785,0
1.0,0.8499194,0.46354944,0
1.0,0.8374282,0.44556552,0
1.0,0.8574065,0.4532565,0
1.0,0.8738116,0.44641057,0
1.0,0.8834217,0.4201565,0
1.0,0.8627066,0.36382267,0
1.0,0.88490546,0.35407048,0
1.0,0.8674575,0.32417935,0
1.0,0.8265161,0.2803359,0
1.0,0.76029646,0.22382261,0
1.0,0.76375026,0.20972261,0
1.0,0.7375564,0.15146616,0
1.0,0.75576913,0.1402244,0
1.0,0.785679,0.15238924,0
1.0,0.8367616,0.17941287,0
1.0,0.8662472,0.21688235,0
1.0,0.8919251,0.25305253,0
1.0,0.9090583,0.30211616,0
1.0,0.9256116,0.35194886,0
1.0,0.92689043,0.3777244,0
1.0,0.9291919,0.39753038,0
1.0,0.933735,0.4165461,0
1.0,0.94169754,0.44013062,0
1.0,0.9460647,0.44573545,0
1.0,0.95248306,0.44385472,0
1.0,0.95776063,0.4505171,0
1.0,0.9583997,0.44724345,0
1.0,0.9546387,0.43151784,0
1.0,0.95599633,0.4259023,0
1.0,0.9653898,0.4231217,0
1.0,0.966352,0.40992865,0
1.0,0.96720785,0.41038275,0
1.0,0.9714472,0.42074084,0
1.0,0.9764414,0.43580544,0
1.0,0.9766774,0.45791602,0
1.0,0.9778947,0.47043958,0
1.0,0.9779182,0.4765619,0
1.0,0.9760576,0.48046827,0
1.0,0.9746431,0.47843722,0
1.0,0.97044075,0.49683794,0
1.0,0.961251,0.496929,0
1.0,0.94702965,0.48776257,0
1.0,0.9413201,0.50092506,0
1.0,0.9452061,0.52428234,0
1.0,0.949332,0.52973044,0
1.0,0.9403726,0.5005427,0
1.0,0.94845444,0.48031354,0
1.0,0.9526857,0.45135128,0
1.0,0.95086867,0.4171755,0
1.0,0.9459193,0.3656916,0
1.0,0.9567641,0.3372671,0
1.0,0.95797515,0.31698662,0
1.0,0.9611889,0.30572808,0
1.0,0.95271534,0.27432144,0
1.0,0.95180005,0.25842097,0
1.0,0.9524872,0.25095877,0
1.0,0.9528862,0.24122816,0
1.0,0.94108206,0.22888476,0
1.0,0.9394566,0.22586578,0
1.0,0.9355267,0.2325221,0
1.0,0.92162675,0.22504343,0
1.0,0.908437,0.2150438,0
1.0,0.87470126,0.19103363,0
1.0,0.8632958,0.18358317,0
1.0,0.8788306,0.19005206,0
1.0,0.8862265,0.185606,0
1.0,0.8550673,0.15159425,0
1.0,0.8440673,0.14418998,0
1.0,0.8473424,0.13901165,0
1.0,0.86587524,0.14978282,0
1.0,0.82356125,0.14166653,0
1.0,0.8089441,0.123912066,0
1.0,0.8360156,0.13532771,0
1.0,0.826805,0.13315362,0
1.0,0.7549284,0.09635341,0
1.0,0.73911816,0.08749665,0
1.0,0.7484106,0.08259931,0
1.0,0.7425759,0.08522606,0
1.0,0.74226284,0.08989389,0
1.0,0.71907616,0.086285666,0
1.0,0.7119999,0.08472627,0
1.0,0.72501576,0.088323504,0
1.0,0.7655183,0.103597865,0
1.0,0.7284314,0.08650432,0
1.0,0.74405825,0.08954793,0
1.0,0.7555309,0.09220317,0
1.0,0.8208532,0.11800118,0
1.0,0.8048694,0.11117172,0
1.0,0.81203586,0.11440693,0
1.0,0.81340045,0.114697084,0
1.0,0.8577552,0.13607472,0
1.0,0.8361842,0.12068615,0
1.0,0.8292858,0.116420165,0
1.0,0.82020855,0.11235033,0
1.0,0.83645,0.12021503,0
1.0,0.8064071,0.10571486,0
1.0,0.7641883,0.08989804,0
1.0,0.7585807,0.0919351,0
1.0,0.76592296,0.09376769,0
1.0,0.76037616,0.08748248,0
1.0,0.72034127,0.078096785,0
1.0,0.7310919,0.08694359,0
1.0,0.73254275,0.07554281,0
1.0,0.76029867,0.07843712,0
1.0,0.7285526,0.07838884,0
1.0,0.71036065,0.071752936,0
1.0,0.6765317,0.06378478,0
1.0,0.6803092,0.06023152,0
1.0,0.63101745,0.061055563,0
1.0,0.61693877,0.076940596,0
1.0,0.6400515,0.08799447,0
1.0,0.71294785,0.1046284,0
1.0,0.6924678,0.1072354,0
1.0,0.7125911,0.11613541,0
1.0,0.76687896,0.14571132,0
1.0,0.7946566,0.15984008,0
1.0,0.7532546,0.1478548,0
1.0,0.7665762,0.15988821,0
1.0,0.8212798,0.18940961,0
1.0,0.8353289,0.20062923,0
1.0,0.80952716,0.18717456,0
1.0,0.82639724,0.20121855,0
1.0,0.8669573,0.231229,0
1.0,0.8692912,0.2296451,0
1.0,0.8477628,0.22020204,0
1.0,0.8511502,0.22307539,0
1.0,0.8760158,0.2441515,0
1.0,0.86619097,0.25005376,0
1.0,0.82929254,0.22386739,0
1.0,0.8424282,0.23730882,0
1.0,0.8647126,0.2622856,0
1.0,0.85722005,0.2593558,0
1.0,0.8229772,0.24362087,0
1.0,0.83138406,0.25318536,0
1.0,0.84024686,0.27493805,0
1.0,0.8287552,0.28212094,0
1.0,0.79840636,0.25282872,0
1.0,0.8152121,0.28118527,0
1.0,0.8174299,0.29573256,0
1.0,0.82796395,0.3000881,0
1.0,0.8104533,0.27639106,0
1.0,0.8131138,0.2528463,0
1.0,0.83714634,0.2501405,0
1.0,0.86881423,0.25928998,0
1.0,0.8707369,0.24801438,0
1.0,0.8652592,0.23373637,0
1.0,0.88829553,0.23690633,0
1.0,0.9000397,0.24150544,0
1.0,0.88684636,0.22588953,0
1.0,0.8636599,0.198516,0
1.0,0.8873748,0.21127838,0
1.0,0.90227515,0.22085267,0
1.0,0.89488137,0.21573085,0
1.0,0.8773481,0.20215172,0
1.0,0.9100498,0.22822848,0
1.0,0.933251,0.25151026,0
1.0,0.92583215,0.24550426,0
1.0,0.9210228,0.25082803,0
1.0,0.9325897,0.27494782,0
1.0,0.9380409,0.2999743,0
1.0,0.9320229,0.3254317,0
1.0,0.9380092,0.35022378,0
1.0,0.9517653,0.39484346,0
1.0,0.9557388,0.41254157,0
1.0,0.95425504,0.3994704,0
1.0,0.9520565,0.39731202,0
1.0,0.94976723,0.38768274,0
1.0,0.9452006,0.37237424,0
1.0,0.93493074,0.3691602,0
1.0,0.93519413,0.36555356,0
1.0,0.93057895,0.35706136,0
1.0,0.9297158,0.37652308,0
1.0,0.9247377,0.3934191,0
1.0,0.9357173,0.41973692,0
1.0,0.9323305,0.43701097,0
1.0,0.9279638,0.44940162,0
1.0,0.9194037,0.46273503,0
1.0,0.9142452,0.48989767,0
1.0,0.8991057,0.48158368,0
1.0,0.8731276,0.47129712,0
1.0,0.8610748,0.47283846,0
1.0,0.860464,0.4732812,0
1.0,0.85315704,0.47013247,0
1.0,0.8520861,0.46639213,0
1.0,0.8728691,0.49226904,0
1.0,0.88309497,0.5013517,0
1.0,0.87650055,0.489602,0
1.0,0.8697772,0.47629917,0
1.0,0.8724701,0.47224474,0
1.0,0.8677842,0.45987675,0
1.0,0.86104095,0.44342622,0
1.0,0.8494386,0.4059585,0
1.0,0.8658956,0.41232464,0
1.0,0.8876467,0.42725337,0
1.0,0.8948703,0.4087838,0
1.0,0.90273917,0.41725218,0
1.0,0.9244142,0.45251808,0
1.0,0.936369,0.46621126,0
1.0,0.93474466,0.48360035,0
1.0,0.9311205,0.4929674,0
1.0,0.9377779,0.48336312,0
1.0,0.94530475,0.48445123,0
1.0,0.94230604,0.4659949,0
1.0,0.9488055,0.44811696,0
1.0,0.96270216,0.438739,0
1.0,0.9707196,0.428369,0
1.0,0.9688824,0.40229,0
1.0,0.9677539,0.38135326,0
1.0,0.97008014,0.36497822,0
1.0,0.9709654,0.32796103,0
1.0,0.96494085,0.30559146,0
1.0,0.9593178,0.27473754,0
1.0,0.9586539,0.24962586,0
1.0,0.9617081,0.24815123,0
1.0,0.95627743,0.2386693,0
1.0,0.9549889,0.24302271,0
1.0,0.95450324,0.2462147,0
1.0,0.9562723,0.2774851,0
1.0,0.95195323,0.29895458,0
1.0,0.95871437,0.3280596,0
1.0,0.96451104,0.3770626,0
1.0,0.9683832,0.41052732,0
1.0,0.9701806,0.44374144,0
1.0,0.97456455,0.48225236,0
1.0,0.97645026,0.51020193,0
1.0,0.97665554,0.5521891,0
1.0,0.9737335,0.5685669,0
1.0,0.97141844,0.5652021,0
1.0,0.96779186,0.5666995,0
1.0,0.96196413,0.5606906,0
1.0,0.95634645,0.54265654,0
1.0,0.9537474,0.53389287,0
1.0,0.94489366,0.54437685,0
1.0,0.9422688,0.57030725,0
1.0,0.9366871,0.5796122,0
1.0,0.9368131,0.58998346,0
1.0,0.93233764,0.5966188,0
1.0,0.9412973,0.61277664,0
1.0,0.9417209,0.624312,0
1.0,0.94403815,0.63941747,0
1.0,0.93469477,0.6311767,0
1.0,0.9329551,0.63947713,0
1.0,0.92002463,0.62243676,0
1.0,0.8987142,0.59302527,0
1.0,0.87098336,0.5574937,0
1.0,0.8927055,0.58674216,0
1.0,0.89258003,0.5875783,0
1.0,0.89222527,0.5806769,0
1.0,0.8680669,0.5526757,0
1.0,0.9085767,0.5794933,0
1.0,0.91076416,0.57023466,0
1.0,0.9094664,0.57338136,0
1.0,0.90101904,0.52699876,0
1.0,0.9303978,0.55155265,0
1.0,0.9293879,0.56719446,0
1.0,0.9256589,0.57459384,0
1.0,0.92207044,0.5976621,0
1.0,0.9432715,0.6586093,0
1.0,0.95238703,0.725173,0
1.0,0.9588845,0.807393,0
1.0,0.9562336,0.86583376,0
1.0,0.96153563,0.9291923,0
1.0,0.96199137,0.9665486,0
1.0,0.95852333,0.99698716,0
1.0,0.95309925,1.0245998,0
1.0,0.9593543,1.035429,0
1.0,0.9619361,1.0802528,0
1.0,0.96221876,1.1140213,0
1.0,0.95757973,1.1004546,0
1.0,0.9597394,1.1099596,0
1.0,0.9609429,1.1111089,0
1.0,0.960938,1.1295694,0
1.0,0.96120775,1.1764157,0
1.0,0.9615829,1.2092395,0
1.0,0.96602315,1.2754184,0
1.0,0.9649079,1.3155526,0
1.0,0.95563215,1.3353999,0
1.0,0.9527326,1.3634552,0
1.0,0.9587891,1.3875787,0
1.0,0.95500696,1.402988,0
1.0,0.9417093,1.3919187,0
1.0,0.9327697,1.3921765,0
1.0,0.9414427,1.4149061,0
1.0,0.93392277,1.3760769,0
1.0,0.92152154,1.3513994,0
1.0,0.9153326,1.3267171,0
1.0,0.9297604,1.3070751,0
1.0,0.9299182,1.2625389,0
1.0,0.9276824,1.1953893,0
1.0,0.9183374,1.0992157,0
1.0,0.9368617,1.0805719,0
1.0,0.9389636,1.0362706,0
1.0,0.9411525,0.9873843,0
1.0,0.93861336,0.9612379,0
1.0,0.9527232,0.98378503,0
1.0,0.95273155,0.9700402,0
1.0,0.95022017,0.9662618,0
1.0,0.9427933,0.9696556,0
1.0,0.9456736,0.9717476,0
1.0,0.93799716,0.97105527,0
1.0,0.93316203,0.98882854,0
1.0,0.92028534,0.98753023,0
1.0,0.9226559,1.0173081,0
1.0,0.91254544,0.9862855,0
1.0,0.91701055,0.9485699,0
1.0,0.9186955,0.91082484,0
1.0,0.92914313,0.87784374,0
1.0,0.9329542,0.8654373,0
1.0,0.93802005,0.8398485,0
1.0,0.9402229,0.81733525,0
1.0,0.94203323,0.820506,0
1.0,0.9341613,0.78813016,0
1.0,0.9285056,0.7658167,0
1.0,0.9301721,0.7668494,0
1.0,0.92797685,0.76783526,0
1.0,0.9196803,0.78426784,0
1.0,0.9203421,0.8100183,0
1.0,0.9170238,0.8310649,0
1.0,0.9184589,0.85225177,0
1.0,0.91455173,0.852255,0
1.0,0.922213,0.8964826,0
1.0,0.91632557,0.924446,0
1.0,0.91071147,0.9384735,0
1.0,0.91292167,0.9554577,0
1.0,0.9304459,1.0066637,0
1.0,0.928237,1.0033021,0
1.0,0.9250497,0.97685254,0
1.0,0.924242,0.9528499,0
1.0,0.93497366,0.9229981,0
1.0,0.9189349,0.87279004,0
1.0,0.90063053,0.8405956,0
1.0,0.8920055,0.8029168,0
1.0,0.91111654,0.83614045,0
1.0,0.9009498,0.8043326,0
1.0,0.879459,0.75402784,0
1.0,0.88465524,0.77251846,0
1.0,0.91251826,0.82175446,0
1.0,0.9120983,0.8343005,0
1.0,0.8989785,0.8236967,0
1.0,0.8873279,0.7956363,0
1.0,0.89280087,0.81348264,0
1.0,0.8767065,0.7966163,0
1.0,0.8382669,0.7405302,0
1.0,0.8117392,0.70261407,0
1.0,0.81439734,0.700719,0
1.0,0.8348838,0.7248341,0
1.0,0.8223007,0.69502056,0
1.0,0.8076244,0.65009713,0
1.0,0.80601656,0.6384454,0
1.0,0.81913763,0.6516671,0
1.0,0.8125734,0.6428128,0
1.0,0.8256012,0.6640339,0
1.0,0.8155395,0.630603,0
1.0,0.83864385,0.6427723,0
1.0,0.8299761,0.5957675,0
1.0,0.82261205,0.57070506,0
1.0,0.7802393,0.51542985,0
1.0,0.7861861,0.5092652,0
1.0,0.8153886,0.54157615,0
1.0,0.82575524,0.5549675,0
1.0,0.8072533,0.54415345,0
1.0,0.79919416,0.5187533,0
1.0,0.82557946,0.5190169,0
1.0,0.85499334,0.5501325,0
1.0,0.8302886,0.49613532,0
1.0,0.8294978,0.49120843,0
1.0,0.85567915,0.52613664,0
1.0,0.8674641,0.5227121,0
1.0,0.8460028,0.48372597,0
1.0,0.8450248,0.4785797,0
1.0,0.8744455,0.5179264,0
1.0,0.88090813,0.5168767,0
1.0,0.85701734,0.49049538,0
1.0,0.8554158,0.49344927,0
1.0,0.8639371,0.49630514,0
1.0,0.8654497,0.5239037,0
1.0,0.84837604,0.5085688,0
1.0,0.84209377,0.4976287,0
1.0,0.865342,0.54058444,0
1.0,0.8505515,0.52268285,0
1.0,0.84819186,0.5080546,0
1.0,0.8459236,0.50193274,0
1.0,0.85853165,0.52918494,0
1.0,0.84594643,0.5098716,0
1.0,0.8389168,0.4948869,0
1.0,0.8248152,0.4762061,0
1.0,0.8411421,0.4928602,0
1.0,0.7988125,0.41916347,0
1.0,0.79797,0.38358405,0
1.0,0.78437775,0.3484707,0
1.0,0.8107038,0.39317217,0
1.0,0.7916062,0.38070947,0
1.0,0.7984951,0.37682697,0
1.0,0.78008527,0.3659101,0
1.0,0.7941588,0.38302726,0
1.0,0.7918242,0.36887878,0
1.0,0.80944717,0.38977295,0
1.0,0.7983533,0.3760101,0
1.0,0.8076882,0.39769363,0
1.0,0.77607554,0.37720233,0
1.0,0.7708846,0.38093662,0
1.0,0.77845097,0.40089655,0
1.0,0.7525418,0.36165696,0
1.0,0.7944315,0.4101995,0
1.0,0.821218,0.42752546,0
1.0,0.8633389,0.46068862,0
1.0,0.8666956,0.45809156,0
1.0,0.88381034,0.4468444,0
1.0,0.894646,0.45308867,0
1.0,0.91473645,0.49898118,0
1.0,0.90708464,0.47365424,0
1.0,0.90693617,0.4642654,0
1.0,0.90785456,0.4655153,0
1.0,0.9259022,0.46602553,0
1.0,0.9172789,0.42312127,0
1.0,0.9081044,0.4181252,0
1.0,0.9120396,0.43523017,0
1.0,0.9247562,0.46420527,0
1.0,0.9452729,0.5237124,0
1.0,0.94473,0.5429704,0
1.0,0.9485162,0.55660814,0
1.0,0.9558126,0.57579625,0
1.0,0.96486515,0.5779824,0
1.0,0.9579479,0.5553726,0
1.0,0.9541703,0.5468682,0
1.0,0.9540978,0.5366713,0
1.0,0.96607536,0.553508,0
1.0,0.9582138,0.54675514,0
1.0,0.9484789,0.53215706,0
1.0,0.9354492,0.51486516,0
1.0,0.9469853,0.5019948,0
1.0,0.92984664,0.45618135,0
1.0,0.9222933,0.4377546,0
1.0,0.9053889,0.39764005,0
1.0,0.9231861,0.42418343,0
1.0,0.9103922,0.4303411,0
1.0,0.9068441,0.44186622,0
1.0,0.9015565,0.4573898,0
1.0,0.93496025,0.5161898,0
1.0,0.9354809,0.5290103,0
1.0,0.9342548,0.5440931,0
1.0,0.93187463,0.5308449,0
1.0,0.93009347,0.5375408,0
1.0,0.90254015,0.51534814,0
1.0,0.8728961,0.48472553,0
1.0,0.8569808,0.47379524,0
1.0,0.85127056,0.47035486,0
1.0,0.842172,0.4439995,0
1.0,0.8449465,0.42228127,0
1.0,0.8737608,0.43090487,0
1.0,0.8785466,0.41628858,0
1.0,0.8734672,0.38424593,0
1.0,0.8728321,0.37959045,0
1.0,0.90255094,0.4328879,0
1.0,0.9106993,0.45015723,0
1.0,0.9163609,0.46126482,0
1.0,0.905458,0.45812225,0
1.0,0.92733186,0.50811946,0
1.0,0.92848986,0.511909,0
1.0,0.9200932,0.5209653,0
1.0,0.90410507,0.51441526,0
1.0,0.9179227,0.5269538,0
1.0,0.9052089,0.5400809,0
1.0,0.892366,0.5373688,0
1.0,0.870778,0.51251704,0
1.0,0.8904074,0.5541353,0
1.0,0.8881279,0.54850745,0
1.0,0.8890383,0.5663003,0
1.0,0.8813659,0.59320045,0
1.0,0.9029823,0.65658075,0
1.0,0.9105293,0.74811804,0
1.0,0.91780084,0.8299144,0
1.0,0.90687096,0.875952,0
1.0,0.92598015,1.0036079,0
1.0,0.9286085,1.0776733,0
1.0,0.9335228,1.1659017,0
1.0,0.9189766,1.2095255,0
1.0,0.9282569,1.2878014,0
1.0,0.92202526,1.356118,0
1.0,0.914259,1.3965575,0
1.0,0.89672923,1.3958062,0
1.0,0.9081966,1.430674,0
1.0,0.91096646,1.4264127,0
1.0,0.9235338,1.4637427,0
1.0,0.9284548,1.4626509,0
1.0,0.9358328,1.4442179,0
1.0,0.94492644,1.4339373,0
1.0,0.9532107,1.4301467,0
1.0,0.95350903,1.4043484,0
1.0,0.9574066,1.372616,0
1.0,0.9622113,1.3655202,0
1.0,0.9670026,1.3456087,0
1.0,0.9665678,1.321791,0
1.0,0.9655883,1.3161346,0
1.0,0.96320564,1.2798369,0
1.0,0.9629849,1.265873,0
1.0,0.9629779,1.2643185,0
1.0,0.95935845,1.2465327,0
1.0,0.9568617,1.2477806,0
1.0,0.9561938,1.2265646,0
1.0,0.95763123,1.191649,0
1.0,0.95856977,1.1630845,0
1.0,0.9589412,1.0739427,0
1.0,0.96096635,0.9984019,0
1.0,0.9635393,0.9204451,0
1.0,0.9594763,0.80163974,0
1.0,0.9569494,0.7144147,0
1.0,0.96345586,0.6220112,0
1.0,0.96628666,0.5300815,0
1.0,0.9586014,0.45036566,0
1.0,0.95570993,0.35849428,0
1.0,0.96009135,0.3033017,0
1.0,0.95888084,0.27491456,0
1.0,0.9426718,0.24449667,0
1.0,0.9351889,0.2351206,0
1.0,0.94374907,0.2556331,0
1.0,0.9454104,0.28714028,0
1.0,0.9432636,0.3278506,0
1.0,0.9450967,0.37609586,0
1.0,0.9553852,0.4396036,0
1.0,0.9585311,0.5103942,0
1.0,0.9583087,0.5653503,0
1.0,0.96000355,0.6109512,0
1.0,0.9619414,0.6832964,0
1.0,0.96001023,0.74083066,0
1.0,0.9501354,0.74733645,0
1.0,0.9534754,0.75784105,0
1.0,0.9601433,0.7674408,0
1.0,0.9616988,0.76971626,0
1.0,0.9628859,0.7743139,0
1.0,0.9645305,0.77219486,0
1.0,0.9626903,0.7602799,0
1.0,0.9583236,0.73726684,0
1.0,0.95650387,0.7105436,0
1.0,0.9536321,0.6942765,0
1.0,0.9506205,0.6810379,0
1.0,0.95568466,0.6791898,0
1.0,0.9612631,0.6885921,0
1.0,0.95948935,0.69152856,0
1.0,0.95572025,0.68563175,0
1.0,0.95542866,0.6889758,0
1.0,0.943959,0.6740972,0
1.0,0.9209987,0.6392919,0
1.0,0.9069231,0.6172738,0
1.0,0.90659684,0.6068986,0
1.0,0.89098483,0.5850203,0
1.0,0.8634296,0.5484997,0
1.0,0.8741048,0.5356773,0
1.0,0.87816834,0.50729585,0
1.0,0.87455773,0.46502268,0
1.0,0.8278573,0.3815016,0
1.0,0.81257594,0.3283531,0
1.0,0.8059421,0.27022344,0
1.0,0.7776988,0.21297121,0
1.0,0.67750436,0.15529634,0
1.0,0.65753305,0.10660342,0
1.0,0.6822403,0.065761164,0
1.0,0.7053672,0.055575944,0
1.0,0.6906957,0.053161137,0
1.0,0.66788274,0.053114515,0
1.0,0.69126475,0.051458985,0
1.0,0.64228374,0.05045937,0
1.0,0.6028876,0.058903724,0
1.0,0.5573431,0.07100595,0
1.0,0.64094424,0.04863755,0
1.0,0.63206875,0.050514586,0
1.0,0.6318334,0.060126737,0
1.0,0.576029,0.07698165,0
1.0,0.64003485,0.058066517,0
1.0,0.6238156,0.06697443,0
1.0,0.6124453,0.07226009,0
1.0,0.5410387,0.0976073,0
1.0,0.64725935,0.06763995,0
1.0,0.72269064,0.06482375,0
1.0,0.75210387,0.06593221,0
1.0,0.70987815,0.074507505,0
1.0,0.79004663,0.09395397,0
1.0,0.8363174,0.119470984,0
1.0,0.83176875,0.14143363,0
1.0,0.78146076,0.14519253,0
1.0,0.8277313,0.18368009,0
1.0,0.8648874,0.21588781,0
1.0,0.8550547,0.2269339,0
1.0,0.8269589,0.23470347,0
1.0,0.8373193,0.2589552,0
1.0,0.8793328,0.297072,0
1.0,0.88220185,0.31100628,0
1.0,0.8559531,0.2939463,0
1.0,0.8533606,0.2951148,0
1.0,0.89158136,0.3333163,0
1.0,0.894621,0.33506107,0
1.0,0.8712051,0.32617775,0
1.0,0.8789332,0.34956068,0
1.0,0.8954129,0.3772763,0
1.0,0.9000525,0.3962493,0
1.0,0.87869805,0.3891572,0
1.0,0.8799658,0.40658092,0
1.0,0.85224646,0.40260118,0
1.0,0.8447769,0.44441804,0
1.0,0.81068933,0.4611856,0
1.0,0.8223611,0.51281524,0
1.0,0.8152067,0.5484346,0
1.0,0.8382469,0.6279552,0
1.0,0.8460803,0.6634696,0
1.0,0.8598386,0.70169365,0
1.0,0.8415734,0.70289207,0
1.0,0.84887856,0.74952585,0
1.0,0.8448883,0.7548646,0
1.0,0.8665866,0.7909688,0
1.0,0.86183125,0.7837056,0
1.0,0.8582836,0.7659767,0
1.0,0.86200815,0.7479402,0
1.0,0.8889561,0.77294284,0
1.0,0.89863,0.7721259,0
1.0,0.90175563,0.75758755,0
1.0,0.91299975,0.75763965,0
1.0,0.92449605,0.7631297,0
1.0,0.9297389,0.7670342,0
1.0,0.9260066,0.7582828,0
1.0,0.91623914,0.7367048,0
1.0,0.9194446,0.74174154,0
1.0,0.9292023,0.757038,0
1.0,0.9249633,0.7570301,0
1.0,0.91360414,0.7666403,0
1.0,0.92423195,0.80397636,0
1.0,0.93913925,0.8603976,0
1.0,0.9452862,0.9046432,0
1.0,0.9406146,0.90227103,0
1.0,0.9528601,0.93614626,0
1.0,0.9631781,0.95148283,0
1.0,0.95910627,0.93032545,0
1.0,0.9509244,0.9175919,0
1.0,0.9534288,0.9159509,0
1.0,0.9614736,0.92559993,0
1.0,0.9582241,0.8899073,0
1.0,0.9462705,0.85657215,0
1.0,0.9447705,0.84913725,0
1.0,0.946068,0.8176143,0
1.0,0.93579125,0.77101254,0
1.0,0.91667926,0.71992433,0
1.0,0.91757154,0.71680766,0
1.0,0.92536217,0.72561455,0
1.0,0.92258126,0.7076661,0
1.0,0.915967,0.6970016,0
1.0,0.9216545,0.7026682,0
1.0,0.9386207,0.72838974,0
1.0,0.9426242,0.7348132,0
1.0,0.9465107,0.725612,0
1.0,0.9427561,0.710548,0
1.0,0.94798124,0.7158258,0
1.0,0.9402747,0.69415796,0
1.0,0.9300851,0.6748618,0
1.0,0.9061517,0.64070493,0
1.0,0.91624904,0.6447641,0
1.0,0.925477,0.65202,0
1.0,0.92914695,0.6179077,0
1.0,0.91399544,0.5548942,0
1.0,0.92605036,0.55039513,0
1.0,0.927865,0.52246374,0
1.0,0.9331123,0.51617014,0
1.0,0.9273841,0.5080329,0
1.0,0.9355482,0.4984774,0
1.0,0.93474174,0.45313653,0
1.0,0.93970263,0.39299905,0
1.0,0.9245814,0.35085368,0
1.0,0.9218785,0.31549394,0
1.0,0.9225577,0.29105467,0
1.0,0.9234799,0.2809323,0
1.0,0.90873736,0.24874894,0
1.0,0.8855953,0.2221061,0
1.0,0.87489176,0.21299602,0
1.0,0.8632603,0.19745034,0
1.0,0.83833843,0.17414401,0
1.0,0.8093398,0.16683179,0
1.0,0.7877343,0.16426522,0
1.0,0.8234212,0.19444406,0
1.0,0.8466971,0.22794431,0
1.0,0.79566896,0.19422553,0
1.0,0.7844643,0.1848032,0
1.0,0.80673283,0.20448218,0
1.0,0.8286189,0.22655566,0
1.0,0.7910678,0.1976822,0
1.0,0.809684,0.21283522,0
1.0,0.8243878,0.22441255,0
1.0,0.8161886,0.2177664,0
1.0,0.7796936,0.1910733,0
1.0,0.7997299,0.2006346,0
1.0,0.82466763,0.21748443,0
1.0,0.8359312,0.22599626,0
1.0,0.8296538,0.19991708,0
1.0,0.8229867,0.18261513,0
1.0,0.84697527,0.19159424,0
1.0,0.8510751,0.17400591,0
1.0,0.8770923,0.21574384,0
1.0,0.8973954,0.2671276,0
1.0,0.9247318,0.318071,0
1.0,0.9280688,0.36560753,0
1.0,0.93597126,0.40264684,0
1.0,0.9486286,0.44737333,0
1.0,0.95513374,0.50199795,0
1.0,0.9506298,0.54373443,0
1.0,0.9558309,0.61191523,0
1.0,0.95266587,0.64941865,0
1.0,0.95297235,0.7028728,0
1.0,0.9495781,0.7786663,0
1.0,0.94870585,0.80437565,0
1.0,0.94320685,0.8166647,0
1.0,0.9476669,0.8348776,0
1.0,0.945418,0.83407176,0
1.0,0.9406498,0.85203886,0
1.0,0.9387473,0.86850435,0
1.0,0.9367909,0.8865042,0
1.0,0.9365139,0.9049535,0
1.0,0.9306603,0.91394484,0
1.0,0.9323879,0.9375618,0
1.0,0.9260189,0.93792593,0
1.0,0.92413783,0.94464254,0
1.0,0.9122844,0.9427894,0
1.0,0.906284,0.94505227,0
1.0,0.88310367,0.90766037,0
1.0,0.8750642,0.89704823,0
1.0,0.8446905,0.8508326,0
1.0,0.8263755,0.81960917,0
1.0,0.7792686,0.74396366,0
1.0,0.8106664,0.792246,0
1.0,0.80376035,0.7529241,0
1.0,0.8294835,0.7609031,0
1.0,0.8056687,0.7005293,0
1.0,0.8225928,0.6814904,0
1.0,0.8062998,0.6321329,0
1.0,0.83582723,0.647665,0
1.0,0.83982414,0.62020934,0
1.0,0.8755886,0.6396178,0
1.0,0.8676717,0.57538104,0
1.0,0.8820112,0.55887324,0
1.0,0.88528705,0.5331221,0
1.0,0.8950729,0.5054643,0
1.0,0.86591905,0.44927543,0
1.0,0.8835014,0.47235328,0
1.0,0.9112977,0.54079914,0
1.0,0.9239596,0.55747056,0
1.0,0.9062491,0.52871406,0
1.0,0.9167359,0.5530966,0
1.0,0.93249124,0.5599613,0
1.0,0.9339119,0.5543691,0
1.0,0.9148139,0.5231272,0
1.0,0.91876155,0.51472294,0
1.0,0.9312221,0.53308356,0
1.0,0.92760175,0.5223503,0
1.0,0.90960586,0.48940533,0
1.0,0.9159462,0.5061672,0
1.0,0.93090075,0.5362071,0
1.0,0.9302676,0.55614054,0
1.0,0.9220125,0.57326996,0
1.0,0.92517376,0.6266242,0
1.0,0.9347029,0.68452644,0
1.0,0.92214274,0.693594,0
1.0,0.910226,0.73134875,0
1.0,0.9111766,0.7689514,0
1.0,0.9151404,0.80979335,0
1.0,0.90105414,0.8248159,0
1.0,0.908835,0.85897785,0
1.0,0.91009384,0.89590144,0
1.0,0.90494096,0.88386786,0
1.0,0.88411784,0.84872115,0
1.0,0.89123625,0.8724183,0
1.0,0.8910909,0.8628606,0
1.0,0.89304495,0.8591737,0
1.0,0.892915,0.8249507,0
1.0,0.9010645,0.811587,0
1.0,0.9052433,0.793043,0
1.0,0.9137926,0.7530525,0
1.0,0.9092767,0.7296394,0
1.0,0.9158363,0.7282748,0
1.0,0.91209066,0.69830257,0
1.0,0.9134635,0.69595134,0
1.0,0.90222615,0.68343437,0
1.0,0.90281075,0.68689036,0
1.0,0.9035951,0.69657505,0
1.0,0.89606994,0.7085924,0
1.0,0.8798456,0.6971873,0
1.0,0.8863487,0.7129997,0
1.0,0.89572674,0.72744715,0
1.0,0.8963164,0.7257632,0
1.0,0.88318026,0.68810666,0
1.0,0.8910006,0.67407644,0
1.0,0.90687233,0.6569295,0
1.0,0.91285956,0.6218103,0
1.0,0.90357345,0.57734513,0
1.0,0.9176387,0.5404553,0
1.0,0.9273922,0.514174,0
1.0,0.9273726,0.48081538,0
1.0,0.9089464,0.41655776,0
1.0,0.9171934,0.39941967,0
1.0,0.9270521,0.38139826,0
1.0,0.9305121,0.37711048,0
1.0,0.9206877,0.365806,0
1.0,0.93143344,0.38346672,0
1.0,0.9451457,0.41446096,0
1.0,0.95128995,0.4284501,0
1.0,0.946235,0.43614557,0
1.0,0.94883883,0.4682843,0
1.0,0.9457782,0.51830834,0
1.0,0.9474604,0.5612065,0
1.0,0.9447289,0.58956754,0
1.0,0.94688827,0.64665335,0
1.0,0.9425967,0.6591058,0
1.0,0.94956726,0.67069185,0
1.0,0.94967777,0.674814,0
1.0,0.9531011,0.6985327,0
1.0,0.94435614,0.6984359,0
1.0,0.9490246,0.6871327,0
1.0,0.94504416,0.68665934,0
1.0,0.9455943,0.6970194,0
1.0,0.93234044,0.68134654,0
1.0,0.9356011,0.72132695,0
1.0,0.927362,0.7434152,0
1.0,0.92934996,0.7774689,0
1.0,0.9101769,0.7881775,0
1.0,0.9023031,0.8084879,0
1.0,0.88454694,0.7931616,0
1.0,0.8843102,0.82010853,0
1.0,0.8495632,0.7872416,0
1.0,0.84257674,0.7804959,0
1.0,0.8423714,0.7894405,0
1.0,0.8696853,0.8343747,0
1.0,0.857907,0.8087864,0
1.0,0.8693554,0.83933675,0
1.0,0.86747515,0.8194772,0
1.0,0.87884253,0.81678206,0
1.0,0.86053216,0.78461194,0
1.0,0.8609472,0.77972746,0
1.0,0.85293925,0.75442165,0
1.0,0.8497333,0.7257402,0
1.0,0.8085872,0.6112541,0
1.0,0.8059535,0.57358146,0
1.0,0.81261694,0.5521339,0
1.0,0.8187377,0.50459677,0
1.0,0.8082087,0.47343826,0
1.0,0.8256123,0.49152654,0
1.0,0.83464617,0.48386472,0
1.0,0.8381874,0.4609738,0
1.0,0.8019077,0.40775317,0
1.0,0.8301704,0.43940687,0
1.0,0.85929304,0.45882013,0
1.0,0.86140907,0.4459112,0
1.0,0.8369155,0.39976305,0
1.0,0.85507953,0.38395792,0
1.0,0.8244525,0.32892495,0
1.0,0.79022384,0.29084826,0
1.0,0.761948,0.25818986,0
1.0,0.8379131,0.3239336,0
1.0,0.86124295,0.36341435,0
1.0,0.8719593,0.41263586,0
1.0,0.8598319,0.45289934,0
1.0,0.9074915,0.56850636,0
1.0,0.9162485,0.6229222,0
1.0,0.9162256,0.68026525,0
1.0,0.91211665,0.7464855,0
1.0,0.9384089,0.8148172,0
1.0,0.9370672,0.85770833,0
1.0,0.9326745,0.8962239,0
1.0,0.9115548,0.859184,0
1.0,0.9367623,0.902171,0
1.0,0.94327897,0.9230192,0
1.0,0.94200855,0.92798877,0
1.0,0.9352028,0.9160688,0
1.0,0.94921255,0.9426845,0
1.0,0.94515115,0.95174927,0
1.0,0.9438086,0.9507712,0
1.0,0.9359864,0.9377377,0
1.0,0.9452521,0.95621717,0
1.0,0.9475668,0.9577955,0
1.0,0.95078653,0.9669197,0
1.0,0.9398688,0.9385986,0
1.0,0.9308715,0.9195023,0
1.0,0.92417145,0.91884506,0
1.0,0.93589926,0.94507,0
1.0,0.9221669,0.92669094,0
1.0,0.9085225,0.8979864,0
1.0,0.9076452,0.89324284,0
1.0,0.9134393,0.8805622,0
1.0,0.8998199,0.817448,0
1.0,0.8887231,0.7818773,0
1.0,0.8906976,0.7592811,0
1.0,0.8949812,0.701384,0
1.0,0.8832676,0.60861933,0
1.0,0.85089153,0.5037406,0
1.0,0.83518666,0.44359344,0
1.0,0.83080196,0.3972979,0
1.0,0.819222,0.322626,0
1.0,0.80605733,0.29154187,0
1.0,0.83146846,0.3121267,0
1.0,0.8644876,0.33658898,0
1.0,0.86272633,0.36184198,0
1.0,0.8686744,0.4026292,0
1.0,0.89475554,0.4412582,0
1.0,0.9001341,0.4691124,0
1.0,0.8923175,0.4917876,0
1.0,0.89651746,0.5186489,0
1.0,0.9043205,0.54841495,0
1.0,0.88402075,0.5362511,0
1.0,0.8793331,0.5462989,0
1.0,0.8852,0.56973886,0
1.0,0.8973502,0.5896584,0
1.0,0.9042379,0.5971092,0
1.0,0.9111755,0.6046941,0
1.0,0.91413873,0.59756243,0
1.0,0.925329,0.59820986,0
1.0,0.93149966,0.6006799,0
1.0,0.9346376,0.5997038,0
1.0,0.93946713,0.6167374,0
1.0,0.942255,0.6166135,0
1.0,0.9417971,0.6125473,0
1.0,0.9379629,0.63310254,0
1.0,0.9357465,0.64194775,0
1.0,0.93254876,0.65455186,0
1.0,0.9245218,0.6654544,0
1.0,0.9150133,0.6688416,0
1.0,0.91455644,0.6887592,0
1.0,0.9117331,0.69524074,0
1.0,0.9086648,0.70953923,0
1.0,0.90190756,0.6983148,0
1.0,0.9146276,0.7011925,0
1.0,0.9099213,0.6807938,0
1.0,0.906209,0.6568887,0
1.0,0.8943024,0.6348254,0
1.0,0.91378134,0.64608896,0
1.0,0.8988947,0.6132632,0
1.0,0.89397717,0.6004226,0
1.0,0.85987484,0.5440492,0
1.0,0.8798539,0.5882524,0
1.0,0.8555905,0.55557334,0
1.0,0.85030454,0.5482873,0
1.0,0.8081739,0.5016195,0
1.0,0.8419648,0.5605791,0
1.0,0.81732106,0.5505526,0
1.0,0.820597,0.58712554,0
1.0,0.7764216,0.5392323,0
1.0,0.807428,0.5919502,0
1.0,0.76983887,0.55748546,0
1.0,0.77477634,0.5666636,0
1.0,0.7590428,0.5419976,0
1.0,0.8034504,0.6141326,0
1.0,0.79562765,0.6081438,0
1.0,0.8021866,0.6160412,0
1.0,0.8159469,0.6249795,0
1.0,0.82783806,0.62524754,0
1.0,0.81413186,0.58936846,0
1.0,0.8018111,0.56342876,0
1.0,0.82222813,0.5759805,0
1.0,0.8208726,0.56442094,0
1.0,0.82081836,0.5719099,0
1.0,0.81190145,0.55198336,0
1.0,0.86797214,0.65603983,0
1.0,0.883758,0.7116223,0
1.0,0.8859451,0.71332407,0
1.0,0.89049083,0.7365056,0
1.0,0.9222878,0.7957205,0
1.0,0.92288506,0.7857372,0
1.0,0.91737044,0.77463377,0
1.0,0.9124589,0.757228,0
1.0,0.93324655,0.79857826,0
1.0,0.9307768,0.78382486,0
1.0,0.92610896,0.7559359,0
1.0,0.91759115,0.7378705,0
1.0,0.9262061,0.72443855,0
1.0,0.91264844,0.66879666,0
1.0,0.9132224,0.634786,0
1.0,0.9302568,0.6182318,0
1.0,0.9446034,0.647977,0
1.0,0.9395939,0.6404264,0
1.0,0.94251484,0.62187195,0
1.0,0.9469888,0.64223707,0
1.0,0.94556665,0.6530107,0
1.0,0.9441344,0.636241,0
1.0,0.9454799,0.6210122,0
1.0,0.950399,0.6365524,0
1.0,0.9260841,0.62238204,0
1.0,0.9093925,0.6282322,0
1.0,0.9124374,0.67866576,0
1.0,0.93549436,0.71520996,0
1.0,0.9102183,0.6868332,0
1.0,0.9116884,0.69135225,0
1.0,0.92697227,0.6853715,0
1.0,0.94390464,0.7116249,0
1.0,0.9247793,0.6809684,0
1.0,0.91109407,0.6431476,0
1.0,0.93486965,0.7315827,0
1.0,0.9577985,0.7839203,0
1.0,0.9412959,0.7342702,0
1.0,0.9386426,0.74650145,0
1.0,0.9438507,0.76089334,0
1.0,0.95349807,0.80189335,0
1.0,0.908302,0.7595399,0
1.0,0.90508085,0.7564847,0
1.0,0.9115175,0.82446283,0
1.0,0.94094294,0.92647576,0
1.0,0.9094593,0.908875,0
1.0,0.90446997,0.9552907,0
1.0,0.90925616,0.98369396,0
1.0,0.9342683,1.0519603,0
1.0,0.91548216,1.0234561,0
1.0,0.91726696,1.0285195,0
1.0,0.91769254,1.047269,0
1.0,0.92558855,1.0643091,0
1.0,0.9052125,1.0174916,0
1.0,0.90319026,1.015926,0
1.0,0.901252,1.0272279,0
1.0,0.9192316,1.06686,0
1.0,0.9014171,1.0522783,0
1.0,0.9092616,1.0835963,0
1.0,0.90396696,1.0608699,0
1.0,0.9148109,1.1375039,0
1.0,0.9033661,1.1372867,0
1.0,0.9056727,1.1497285,0
1.0,0.90621847,1.1864853,0
1.0,0.91283226,1.1877112,0
1.0,0.9081084,1.14391,0
1.0,0.9184529,1.1644893,0
1.0,0.92266846,1.1387715,0
1.0,0.9256889,1.1172144,0
1.0,0.92558867,1.1245654,0
1.0,0.9296764,1.1185219,0
1.0,0.9268114,1.1043185,0
1.0,0.9192284,1.0496206,0
1.0,0.920571,0.9945595,0
1.0,0.9262236,0.9958916,0
1.0,0.9315801,0.9427786,0
1.0,0.9198597,0.8751115,0
1.0,0.92918915,0.8834176,0
1.0,0.9304877,0.83912206,0
1.0,0.93056375,0.8321647,0
1.0,0.9227764,0.81528854,0
1.0,0.93119246,0.802606,0
1.0,0.92340237,0.79110926,0
1.0,0.91015124,0.76894355,0
1.0,0.88359195,0.72280586,0
1.0,0.8916108,0.74761397,0
1.0,0.87472636,0.72718763,0
1.0,0.8469743,0.6800541,0
1.0,0.82408154,0.6384636,0
1.0,0.8429985,0.63307893,0
1.0,0.8139685,0.55841744,0
1.0,0.7607439,0.47079447,0
1.0,0.7259966,0.38542482,0
1.0,0.7494269,0.38873017,0
1.0,0.71861875,0.3437405,0
1.0,0.7022758,0.30079067,0
1.0,0.70296097,0.2917106,0
1.0,0.7496111,0.34152472,0
1.0,0.7337466,0.30702442,0
1.0,0.6982134,0.24353774,0
1.0,0.7278883,0.26044255,0
1.0,0.7498808,0.263436,0
1.0,0.735771,0.2483804,0
1.0,0.7552691,0.2746858,0
1.0,0.78789014,0.3125639,0
1.0,0.7951967,0.3147748,0
1.0,0.8170655,0.3224092,0
1.0,0.8189151,0.3437083,0
1.0,0.8116064,0.33053774,0
1.0,0.7987158,0.3060832,0
1.0,0.834138,0.3604411,0
1.0,0.84156424,0.3678795,0
1.0,0.858859,0.38602173,0
1.0,0.8441613,0.36904323,0
1.0,0.88728595,0.40865368,0
1.0,0.8845702,0.39251587,0
1.0,0.8841936,0.3865542,0
1.0,0.86138815,0.3557967,0
1.0,0.89316535,0.3879435,0
1.0,0.8776977,0.3716088,0
1.0,0.8586847,0.34799758,0
1.0,0.80885255,0.29504925,0
1.0,0.84008735,0.34280673,0
1.0,0.814711,0.31281403,0
1.0,0.7955553,0.29804796,0
1.0,0.7581434,0.303693,0
1.0,0.81548977,0.36902556,0
1.0,0.7831164,0.34380963,0
1.0,0.7477228,0.32554758,0
1.0,0.746134,0.32348478,0
1.0,0.77400625,0.35874307,0
1.0,0.7916611,0.3788084,0
1.0,0.8326011,0.42226756,0
1.0,0.8550349,0.44134665,0
1.0,0.8738733,0.44788694,0
1.0,0.88264966,0.44006962,0
1.0,0.8873683,0.43395227,0
1.0,0.89971673,0.44688338,0
1.0,0.89860576,0.44020778,0
1.0,0.9025906,0.40887666,0
1.0,0.89562404,0.39501888,0
1.0,0.91055155,0.40789455,0
1.0,0.9229815,0.4027148,0
1.0,0.93714607,0.44251233,0
1.0,0.9479987,0.4979105,0
1.0,0.95789635,0.5533563,0
1.0,0.9640061,0.5944745,0
1.0,0.9697898,0.64765954,0
1.0,0.97275656,0.737307,0
1.0,0.9728602,0.77212805,0
1.0,0.972347,0.78969276,0
1.0,0.9724018,0.8293747,0
1.0,0.97296137,0.8410678,0
1.0,0.97117573,0.84146416,0
1.0,0.9728578,0.84849125,0
1.0,0.97130233,0.85032123,0
1.0,0.9677748,0.83621997,0
1.0,0.9644893,0.7928697,0
1.0,0.9628276,0.7886221,0
1.0,0.95812666,0.780828,0
1.0,0.9512052,0.77042556,0
1.0,0.9462046,0.77641743,0
1.0,0.94679654,0.7740959,0
1.0,0.94671696,0.7873324,0
1.0,0.9417425,0.801343,0
1.0,0.9343437,0.80506396,0
1.0,0.9180052,0.79525113,0
1.0,0.9028534,0.78493744,0
1.0,0.87710965,0.75602365,0
1.0,0.851794,0.72481537,0
1.0,0.8167021,0.678149,0
1.0,0.7865839,0.63970506,0
1.0,0.7519059,0.5892328,0
1.0,0.7292702,0.5568087,0
1.0,0.7149915,0.533074,0
1.0,0.7002258,0.4915052,0
1.0,0.66498727,0.41622847,0
1.0,0.6452648,0.367514,0
1.0,0.60313183,0.31268322,0
1.0,0.5954851,0.28866202,0
1.0,0.6050961,0.249608,0
1.0,0.60183036,0.22403665,0
1.0,0.60786563,0.22033933,0
1.0,0.65377325,0.24052006,0
1.0,0.6587737,0.23896655,0
1.0,0.6380349,0.22686899,0
1.0,0.65093,0.2305809,0
1.0,0.670813,0.23873454,0
1.0,0.70418394,0.26030308,0
1.0,0.7003273,0.24632797,0
1.0,0.78509367,0.323483,0
1.0,0.83486605,0.3649413,0
1.0,0.86586595,0.37568358,0
1.0,0.8588059,0.35250682,0
1.0,0.8912493,0.37999874,0
1.0,0.9007759,0.37567025,0
1.0,0.8912999,0.34688485,0
1.0,0.866516,0.3120075,0
1.0,0.89337015,0.3216889,0
1.0,0.90590334,0.337241,0
1.0,0.9125937,0.3697115,0
1.0,0.92016876,0.388475,0
1.0,0.9467248,0.44200635,0
1.0,0.958758,0.47608012,0
1.0,0.95806867,0.49897835,0
1.0,0.9608566,0.5224588,0
1.0,0.9666859,0.5429689,0
1.0,0.96569234,0.569232,0
1.0,0.9601665,0.5736249,0
1.0,0.95696163,0.5685953,0
1.0,0.9627903,0.5844989,0
1.0,0.9648479,0.57434803,0
1.0,0.95915264,0.5315756,0
1.0,0.95865196,0.5196086,0
1.0,0.96041507,0.505251,0
1.0,0.9607104,0.47911638,0
1.0,0.95671856,0.46665335,0
1.0,0.95955366,0.4555593,0
1.0,0.962948,0.44379443,0
1.0,0.9661551,0.4590803,0
1.0,0.966969,0.48082644,0
1.0,0.9703452,0.49503627,0
1.0,0.97324365,0.518606,0
1.0,0.97482693,0.5557867,0
1.0,0.9717273,0.5725009,0
1.0,0.96601963,0.5918187,0
1.0,0.95934737,0.60638475,0
1.0,0.95390606,0.613278,0
1.0,0.94689596,0.64060485,0
1.0,0.92840374,0.6588931,0
1.0,0.92249715,0.6767204,0
1.0,0.9279948,0.6870618,0
1.0,0.93320036,0.67346257,0
1.0,0.92661625,0.6576592,0
1.0,0.92751163,0.628237,0
1.0,0.9391093,0.61780536,0
1.0,0.9529138,0.62723196,0
1.0,0.94374824,0.5959843,0
1.0,0.9347506,0.574202,0
1.0,0.9370917,0.5759238,0
1.0,0.9451476,0.59890616,0
1.0,0.9359083,0.60596555,0
1.0,0.93047696,0.6106726,0
1.0,0.93003553,0.64057255,0
1.0,0.9319635,0.70009273,0
1.0,0.914007,0.72108865,0
1.0,0.89231116,0.74925715,0
1.0,0.8824454,0.80037946,0
1.0,0.8920778,0.8533335,0
1.0,0.88773465,0.88228875,0
1.0,0.8871528,0.9269692,0
1.0,0.8845434,0.92927825,0
1.0,0.8996093,0.95336103,0
1.0,0.9041649,0.97505176,0
1.0,0.90950435,0.9733932,0
1.0,0.9132906,0.954184,0
1.0,0.9286679,0.9754447,0
1.0,0.934297,0.96177226,0
1.0,0.93365663,0.9448285,0
1.0,0.93217784,0.95089614,0
1.0,0.93304634,0.9183705,0
1.0,0.9343653,0.87890124,0
1.0,0.92941153,0.85545933,0
1.0,0.9153453,0.81701815,0
1.0,0.9180065,0.81836385,0
1.0,0.9087656,0.80210686,0
1.0,0.8886069,0.7875484,0
1.0,0.88412,0.815665,0
1.0,0.9090421,0.8701152,0
1.0,0.9132106,0.8983159,0
1.0,0.9116315,0.9127897,0
1.0,0.9212025,0.9195601,0
1.0,0.942539,0.93942857,0
1.0,0.9420279,0.9147091,0
1.0,0.9287917,0.86122465,0
1.0,0.93203264,0.8330724,0
1.0,0.9448628,0.81701154,0
1.0,0.9389319,0.76715356,0
1.0,0.9136807,0.6718041,0
1.0,0.906138,0.6001426,0
1.0,0.90970874,0.57271725,0
1.0,0.89825475,0.51342165,0
1.0,0.8741833,0.4307074,0
1.0,0.87275887,0.41644657,0
1.0,0.8874902,0.4363963,0
1.0,0.88479155,0.41766357,0
1.0,0.86637306,0.39255732,0
1.0,0.85677224,0.3858436,0
1.0,0.8624523,0.38904744,0
1.0,0.85800296,0.38402468,0
1.0,0.84467214,0.36681256,0
1.0,0.8337553,0.3412091,0
1.0,0.8008064,0.30818278,0
1.0,0.7890769,0.29727644,0
1.0,0.7612974,0.26691636,0
1.0,0.72230726,0.23451193,0
1.0,0.7034219,0.23497346,0
1.0,0.75981116,0.3078824,0
1.0,0.7929768,0.3322004,0
1.0,0.7841576,0.3285364,0
1.0,0.8024026,0.38558358,0
1.0,0.84972334,0.4489414,0
1.0,0.8798494,0.5461007,0
1.0,0.8778487,0.6060835,0
1.0,0.8892362,0.67669356,0
1.0,0.8994094,0.75041497,0
1.0,0.9022733,0.80265987,0
1.0,0.88924855,0.82837474,0
1.0,0.9017375,0.857807,0
1.0,0.9086058,0.9244814,0
1.0,0.91857177,1.0129739,0
1.0,0.91956383,1.0425978,0
1.0,0.93033385,1.1124837,0
1.0,0.93122375,1.1523612,0
1.0,0.932403,1.1763006,0
1.0,0.925766,1.1858217,0
1.0,0.9321323,1.2159234,0
1.0,0.93184245,1.2286329,0
1.0,0.93431866,1.2436098,0
1.0,0.9316971,1.2604287,0
1.0,0.9304531,1.2840185,0
1.0,0.9212814,1.2791312,0
1.0,0.91616786,1.2784779,0
1.0,0.9058196,1.2666849,0
1.0,0.8943649,1.2489944,0
1.0,0.88244605,1.2258496,0
1.0,0.8651762,1.1972072,0
1.0,0.86357015,1.2023337,0
1.0,0.8409361,1.134216,0
1.0,0.83983827,1.0984408,0
1.0,0.8136622,1.0451382,0
1.0,0.8076854,1.0052052,0
1.0,0.78154063,0.89771,0
1.0,0.80090505,0.89306253,0
1.0,0.7995189,0.8113168,0
1.0,0.80742997,0.7512552,0
1.0,0.7742873,0.65175176,0
1.0,0.79997164,0.6493542,0
1.0,0.7881596,0.5946401,0
1.0,0.82880944,0.6263326,0
1.0,0.85043246,0.6767123,0
1.0,0.88490695,0.7080635,0
1.0,0.87219757,0.6732026,0
1.0,0.89067096,0.7407057,0
1.0,0.8969641,0.74407804,0
1.0,0.90388095,0.76753557,0
1.0,0.8841989,0.78966343,0
1.0,0.8987576,0.85293406,0
1.0,0.9116456,0.92771834,0
1.0,0.9177592,1.0251278,0
1.0,0.90751445,1.0881689,0
1.0,0.9175312,1.1614227,0
1.0,0.9332768,1.2202232,0
1.0,0.9371188,1.2690032,0
1.0,0.933674,1.3157989,0
1.0,0.9400932,1.3800492,0
1.0,0.94675726,1.4482379,0
1.0,0.9463933,1.4888879,0
1.0,0.93636924,1.4880717,0
1.0,0.94119537,1.5128736,0
1.0,0.9462207,1.5380795,0
1.0,0.9423702,1.5576105,0
1.0,0.9332484,1.5729747,0
1.0,0.9275565,1.5797112,0
1.0,0.92100364,1.5839229,0
1.0,0.9031998,1.5569196,0
1.0,0.88374513,1.5164039,0
1.0,0.8801103,1.5077835,0
1.0,0.90135056,1.5392736,0
1.0,0.9110065,1.5352223,0
1.0,0.91787374,1.5533485,0
1.0,0.92058027,1.5668128,0
1.0,0.93448204,1.5953032,0
1.0,0.9364493,1.5801151,0
1.0,0.9377074,1.525833,0
1.0,0.93105423,1.4353234,0
1.0,0.94717926,1.4234881,0
1.0,0.94206804,1.372166,0
1.0,0.9431594,1.3187774,0
1.0,0.9330153,1.2551892,0
1.0,0.9489686,1.2471652,0
1.0,0.9534696,1.1880262,0
1.0,0.9561942,1.127072,0
1.0,0.9523712,1.0613923,0
1.0,0.9641663,1.0425273,0
1.0,0.96518373,1.0441228,0
1.0,0.958815,1.0477041,0
1.0,0.950671,1.0352118,0
1.0,0.96209484,1.0885677,0
1.0,0.96922886,1.1061763,0
1.0,0.96667886,1.0917212,0
1.0,0.9605742,1.0894241,0
1.0,0.9656091,1.081178,0
1.0,0.9711585,1.0611515,0
1.0,0.9672666,1.0321195,0
1.0,0.9590725,0.99397326,0
1.0,0.96338785,0.9961627,0
1.0,0.96544456,1.0326622,0
1.0,0.9566624,1.0463738,0
1.0,0.94878227,1.0596862,0
1.0,0.9479916,1.07388,0
1.0,0.95879525,1.1072316,0
1.0,0.95715827,1.1258583,0
1.0,0.9468678,1.1029198,0
1.0,0.9393544,1.0934507,0
1.0,0.94050545,1.1210763,0
1.0,0.935221,1.1448336,0
1.0,0.9244326,1.1601248,0
1.0,0.9180587,1.1638412,0
1.0,0.9277216,1.1837772,0
1.0,0.93616074,1.199394,0
1.0,0.9271883,1.1874945,0
1.0,0.9185979,1.136235,0
1.0,0.92294824,1.11062,0
1.0,0.93720824,1.1252939,0
1.0,0.92484903,1.0867298,0
1.0,0.9216725,1.0641439,0
1.0,0.9175419,1.0022818,0
1.0,0.92901736,0.95032305,0
1.0,0.9096458,0.8604013,0
1.0,0.9117505,0.78765637,0
1.0,0.8984611,0.7635548,0
1.0,0.921181,0.8025234,0
1.0,0.9021646,0.7698949,0
1.0,0.92595685,0.8846148,0
1.0,0.92051065,0.9004767,0
1.0,0.9394911,0.93123776,0
1.0,0.93405,0.9503976,0
1.0,0.9424145,0.9895027,0
1.0,0.92735475,0.93727976,0
1.0,0.93860376,0.9480946,0
1.0,0.9315007,0.9489349,0
1.0,0.93761975,0.97075814,0
1.0,0.9189165,0.941725,0
1.0,0.9275102,0.9385823,0
1.0,0.9189209,0.89932823,0
1.0,0.920963,0.8729364,0
1.0,0.89944845,0.8150195,0
1.0,0.90283906,0.81907415,0
1.0,0.9016654,0.82550406,0
1.0,0.90615416,0.8747965,0
1.0,0.8869937,0.8750506,0
1.0,0.8905122,0.90192425,0
1.0,0.8959424,0.93637186,0
1.0,0.902063,0.98828274,0
1.0,0.88024414,0.9871186,0
1.0,0.87646335,1.0013943,0
1.0,0.86579126,1.0089848,0
1.0,0.8451208,1.0053735,0
1.0,0.8059727,0.9541975,0
1.0,0.79016155,0.9404607,0
1.0,0.7855789,0.9316987,0
1.0,0.79643273,0.94692194,0
1.0,0.7961821,0.9119723,0
1.0,0.80713475,0.9117176,0
1.0,0.82295436,0.9125575,0
1.0,0.8450395,0.88575804,0
1.0,0.84904236,0.87665397,0
1.0,0.8603749,0.8935912,0
1.0,0.8632934,0.8698885,0
1.0,0.8636311,0.8374057,0
1.0,0.85502183,0.8111075,0
1.0,0.8694028,0.8382449,0
1.0,0.8681113,0.819878,0
1.0,0.86246544,0.8111572,0
1.0,0.8547254,0.8066534,0
1.0,0.8775484,0.8601675,0
1.0,0.8872579,0.89250594,0
1.0,0.881371,0.8668104,0
1.0,0.8943765,0.8727914,0
1.0,0.9080808,0.87352216,0
1.0,0.90632296,0.8318474,0
1.0,0.90127695,0.7811352,0
1.0,0.9107376,0.75709224,0
1.0,0.9184103,0.7415786,0
1.0,0.91288275,0.6846465,0
1.0,0.88420105,0.58770156,0
1.0,0.9028704,0.5724712,0
1.0,0.90633076,0.55733055,0
1.0,0.8963407,0.5024873,0
1.0,0.84288764,0.41144758,0
1.0,0.8713923,0.43237698,0
1.0,0.8554769,0.39725536,0
1.0,0.8696749,0.40932167,0
1.0,0.79851747,0.32398292,0
1.0,0.8888475,0.42326093,0
1.0,0.8491171,0.384874,0
1.0,0.8613665,0.4073627,0
1.0,0.7750289,0.34204632,0
1.0,0.89254135,0.52144706,0
1.0,0.8896459,0.5767667,0
1.0,0.91971415,0.669119,0
1.0,0.8714684,0.6521869,0
1.0,0.9326088,0.7978018,0
1.0,0.92320335,0.8330189,0
1.0,0.93058205,0.89537656,0
1.0,0.87285155,0.8278214,0
1.0,0.92499334,0.97134477,0
1.0,0.91849655,0.99861777,0
1.0,0.9332472,1.075263,0
1.0,0.9050335,1.1233804,0
1.0,0.93566287,1.2287118,0
1.0,0.9293041,1.2450502,0
1.0,0.9363362,1.287865,0
1.0,0.91754925,1.2667212,0
1.0,0.9379701,1.326989,0
1.0,0.9397102,1.3346488,0
1.0,0.9388688,1.3308356,0
1.0,0.93741256,1.3305418,0
1.0,0.94288135,1.3467529,0
1.0,0.95585215,1.3629283,0
1.0,0.9586448,1.3767958,0
1.0,0.95705706,1.3629977,0
1.0,0.95318276,1.3390561,0
1.0,0.9486722,1.3199421,0
1.0,0.9342258,1.2815793,0
1.0,0.931729,1.276257,0
1.0,0.9271545,1.257678,0
1.0,0.9303844,1.2564489,0
1.0,0.9160509,1.2198019,0
1.0,0.934007,1.228503,0
1.0,0.9436942,1.2029823,0
1.0,0.95288414,1.1605186,0
1.0,0.95466053,1.1521456,0
1.0,0.96059006,1.1255897,0
1.0,0.9660673,1.0906932,0
1.0,0.9673171,1.0529395,0
1.0,0.96465975,1.0019181,0
1.0,0.9660963,1.0017388,0
1.0,0.9662461,0.94533706,0
1.0,0.965775,0.8935045,0
1.0,0.959365,0.82722354,0
1.0,0.95673144,0.72253454,0
1.0,0.95341384,0.67814255,0
1.0,0.9509092,0.6385578,0
1.0,0.9425187,0.59204483,0
1.0,0.9427485,0.57457286,0
1.0,0.94530463,0.5604496,0
1.0,0.95081866,0.57486403,0
1.0,0.94905996,0.60337454,0
1.0,0.9448437,0.6175275,0
1.0,0.9459479,0.63994956,0
1.0,0.95047134,0.6658846,0
1.0,0.9504368,0.6920366,0
1.0,0.94272655,0.73629403,0
1.0,0.93241006,0.75671816,0
1.0,0.9308829,0.7761424,0
1.0,0.91716516,0.7992191,0
1.0,0.9046195,0.8189518,0
1.0,0.8822312,0.7909374,0
1.0,0.89796704,0.81683004,0
1.0,0.9035774,0.8213097,0
1.0,0.9126237,0.81840634,0
1.0,0.91840124,0.8141122,0
1.0,0.9342149,0.82542646,0
1.0,0.93903214,0.78479016,0
1.0,0.94473326,0.76835597,0
1.0,0.9438351,0.74841803,0
1.0,0.94039094,0.7028056,0
1.0,0.932841,0.6685693,0
1.0,0.9372122,0.6355689,0
1.0,0.9350314,0.60108614,0
1.0,0.9363219,0.59983784,0
1.0,0.9321437,0.6045788,0
1.0,0.94255334,0.6412498,0
1.0,0.9485411,0.65970266,0
1.0,0.95460254,0.6833513,0
1.0,0.95519954,0.709505,0
1.0,0.9634667,0.71759486,0
1.0,0.9640344,0.7147568,0
1.0,0.9631997,0.70855117,0
1.0,0.96174794,0.68069607,0
1.0,0.9651952,0.6725879,0
1.0,0.96491796,0.6485358,0
1.0,0.9632457,0.6201843,0
1.0,0.9590988,0.57654226,0
1.0,0.9655272,0.51703644,0
1.0,0.96413887,0.4826805,0
1.0,0.9574515,0.45048591,0
1.0,0.952276,0.39974946,0
1.0,0.9575971,0.3717258,0
1.0,0.95599437,0.36598384,0
1.0,0.9589945,0.39366668,0
1.0,0.96294594,0.41408575,0
1.0,0.96697223,0.4320336,0
1.0,0.9678844,0.44928813,0
1.0,0.9675945,0.45752144,0
1.0,0.9642513,0.49102998,0
1.0,0.9616108,0.5098325,0
1.0,0.95521814,0.5095032,0
1.0,0.94881904,0.5380622,0
1.0,0.9422203,0.5522268,0
1.0,0.9400155,0.5582007,0
1.0,0.9375162,0.5605844,0
1.0,0.9422785,0.55356014,0
1.0,0.9389885,0.5192313,0
1.0,0.94120413,0.4927514,0
1.0,0.9396239,0.48272026,0
1.0,0.94594747,0.5030159,0
1.0,0.9338203,0.48219448,0
1.0,0.9364913,0.48441154,0
1.0,0.9176164,0.4639416,0
1.0,0.92827624,0.4703418,0
1.0,0.9187545,0.4474157,0
1.0,0.9250233,0.45285994,0
1.0,0.91014,0.4386373,0
1.0,0.92142886,0.45558658,0
1.0,0.883676,0.41891497,0
1.0,0.89476395,0.43195084,0
1.0,0.8488898,0.374286,0
1.0,0.86465126,0.39679655,0
1.0,0.8282824,0.3548988,0
1.0,0.863238,0.38730264,0
1.0,0.8430852,0.35774818,0
1.0,0.87246436,0.36743733,0
1.0,0.8401068,0.3223982,0
1.0,0.86392474,0.34021047,0
1.0,0.81651163,0.28840548,0
1.0,0.83491397,0.30430886,0
1.0,0.8422703,0.30507845,0
1.0,0.89684486,0.36701003,0
1.0,0.8893301,0.37680086,0
1.0,0.9026496,0.39515346,0
1.0,0.9154316,0.40862155,0
1.0,0.93261254,0.46088454,0
1.0,0.9340074,0.501657,0
1.0,0.93629736,0.5239533,0
1.0,0.9329438,0.54179513,0
1.0,0.93523115,0.5657779,0
1.0,0.92736614,0.5452048,0
1.0,0.92280036,0.5118305,0
1.0,0.93621624,0.5211831,0
1.0,0.9403256,0.52189577,0
1.0,0.9419927,0.52325034,0
1.0,0.9384006,0.50755394,0
1.0,0.94444686,0.51324546,0
1.0,0.94211805,0.5231589,0
1.0,0.94312865,0.52380204,0
1.0,0.93639326,0.52843744,0
1.0,0.94435245,0.5542201,0
1.0,0.9429816,0.57562375,0
1.0,0.955488,0.6330428,0
1.0,0.9523411,0.6557267,0
1.0,0.9504598,0.6781019,0
1.0,0.943574,0.6887989,0
1.0,0.9426542,0.732744,0
1.0,0.92754954,0.7325708,0
1.0,0.91916925,0.72417825,0
1.0,0.9064198,0.72195387,0
1.0,0.912963,0.7432432,0
1.0,0.9019376,0.7290342,0
1.0,0.9101591,0.74188894,0
1.0,0.90273654,0.7290338,0
1.0,0.91496164,0.7300543,0
1.0,0.88188404,0.6490739,0
1.0,0.8775684,0.6366929,0
1.0,0.85961145,0.59085536,0
1.0,0.8890329,0.6564384,0
1.0,0.86504644,0.65592515,0
1.0,0.8786155,0.6876744,0
1.0,0.88291943,0.73790914,0
1.0,0.9088338,0.8500972,0
1.0,0.90331215,0.88701266,0
1.0,0.90810525,0.93098336,0
1.0,0.90541947,0.9597362,0
1.0,0.8954929,0.9657918,0
1.0,0.86808306,0.95216256,0
1.0,0.87596554,0.9946624,0
1.0,0.868367,0.9953528,0
1.0,0.86456776,1.0094681,0
1.0,0.8509987,0.9847275,0
1.0,0.8616814,1.003598,0
1.0,0.85265183,0.9738643,0
1.0,0.8530384,0.9449625,0
1.0,0.8652177,0.94751376,0
1.0,0.87433714,0.9520618,0
1.0,0.87508035,0.9423367,0
1.0,0.8737057,0.90110725,0
1.0,0.88208455,0.8988893,0
1.0,0.8847395,0.89741063,0
1.0,0.88629305,0.8779121,0
1.0,0.89055514,0.8747529,0
1.0,0.902927,0.8822682,0
1.0,0.8919819,0.83966124,0
1.0,0.88735324,0.8187891,0
1.0,0.88046634,0.8027799,0
1.0,0.88407135,0.80058324,0
1.0,0.8556359,0.7419832,0
1.0,0.8693156,0.7427144,0
1.0,0.85794115,0.671512,0
1.0,0.8700183,0.64680195,0
1.0,0.8554565,0.6069752,0
1.0,0.884248,0.59941363,0
1.0,0.8977589,0.5557672,0
1.0,0.90078723,0.50991446,0
1.0,0.90645915,0.48733315,0
1.0,0.91182834,0.47280085,0
1.0,0.89140654,0.42366657,0
1.0,0.8498057,0.37025476,0
1.0,0.85733247,0.37668264,0
1.0,0.8813326,0.39965957,0
1.0,0.8879897,0.4167999,0
1.0,0.86692643,0.390122,0
1.0,0.8908407,0.41791207,0
1.0,0.9073765,0.47455364,0
1.0,0.89373183,0.47785163,0
1.0,0.84159356,0.42031303,0
1.0,0.8778386,0.4796464,0
1.0,0.88788,0.5069912,0
1.0,0.8821629,0.50953686,0
1.0,0.8310238,0.44726226,0
1.0,0.89228874,0.5288743,0
1.0,0.8994965,0.54768825,0
1.0,0.9089535,0.5651858,0
1.0,0.8759337,0.5247742,0
1.0,0.9088259,0.5698799,0
1.0,0.8981403,0.54118466,0
1.0,0.8789208,0.5122235,0
1.0,0.84741086,0.47947586,0
1.0,0.86975837,0.5099283,0
1.0,0.87007624,0.51177776,0
1.0,0.8782062,0.52055913,0
1.0,0.89048004,0.52972186,0
1.0,0.9122268,0.56173325,0
1.0,0.90570325,0.5439629,0
1.0,0.90077776,0.5304095,0
1.0,0.90815747,0.5589987,0
1.0,0.909714,0.5613363,0
1.0,0.8774564,0.5121844,0
1.0,0.87892246,0.5243572,0
1.0,0.89399624,0.52781165,0
1.0,0.8949969,0.51423794,0
1.0,0.8596612,0.44963777,0
1.0,0.86821514,0.42855296,0
1.0,0.8835134,0.44077104,0
1.0,0.8615498,0.40659103,0
1.0,0.8036519,0.31213433,0
1.0,0.805094,0.3065344,0
1.0,0.8337279,0.34244686,0
1.0,0.8192041,0.31734073,0
1.0,0.78219587,0.29272056,0
1.0,0.8074581,0.32663167,0
1.0,0.8351016,0.35968804,0
1.0,0.8387535,0.38512158,0
1.0,0.7876465,0.33510175,0
1.0,0.7859471,0.34269136,0
1.0,0.7803419,0.34558812,0
1.0,0.7563148,0.32531992,0
1.0,0.69990385,0.27591974,0
1.0,0.68211436,0.26079813,0
1.0,0.692554,0.2687147,0
1.0,0.7212974,0.30049193,0
1.0,0.7222788,0.3026963,0
1.0,0.71070266,0.3011982,0
1.0,0.7127145,0.30177742,0
1.0,0.728429,0.3104913,0
1.0,0.707655,0.2949549,0
1.0,0.69037825,0.2753446,0
1.0,0.6844355,0.2586165,0
1.0,0.70217615,0.28163505,0
1.0,0.67540485,0.28098506,0
1.0,0.6788228,0.30822963,0
1.0,0.7147354,0.35834718,0
1.0,0.7706628,0.44433445,0
1.0,0.7411016,0.45054552,0
1.0,0.7610268,0.50103986,0
1.0,0.7933676,0.568712,0
1.0,0.8107655,0.63349426,0
1.0,0.78958845,0.635848,0
1.0,0.7841011,0.6535238,0
1.0,0.8144488,0.7143807,0
1.0,0.8320952,0.7494306,0
1.0,0.8200253,0.7081012,0
1.0,0.82812387,0.70910555,0
1.0,0.86386895,0.76338,0
1.0,0.8864846,0.7846015,0
1.0,0.87805307,0.75978106,0
1.0,0.88407004,0.7538445,0
1.0,0.90585935,0.7946109,0
1.0,0.9180388,0.8320563,0
1.0,0.9098233,0.8206031,0
1.0,0.9066262,0.82858795,0
1.0,0.9191104,0.87336403,0
1.0,0.9315583,0.93843687,0
1.0,0.92824054,0.96425605,0
1.0,0.9268969,0.98137176,0
1.0,0.9253504,1.0375762,0
1.0,0.92788905,1.1121914,0
1.0,0.9188201,1.135214,0
1.0,0.9139128,1.1780782,0
1.0,0.9165056,1.2547095,0
1.0,0.9239503,1.3307898,0
1.0,0.91965395,1.3387438,0
1.0,0.9237618,1.334464,0
1.0,0.92458594,1.3447394,0
1.0,0.93029237,1.3576114,0
1.0,0.9197553,1.30501,0
1.0,0.92282873,1.30356,0
1.0,0.9151362,1.2707072,0
1.0,0.91275924,1.2328107,0
1.0,0.8957938,1.1701493,0
1.0,0.8985032,1.1464388,0
1.0,0.8892127,1.1214945,0
1.0,0.88436836,1.1270697,0
1.0,0.8679629,1.1081973,0
1.0,0.86300933,1.127979,0
1.0,0.84914666,1.1282265,0
1.0,0.8279615,1.0913179,0
1.0,0.8131086,1.0770705,0
1.0,0.8077131,1.080052,0
1.0,0.79676425,1.0596576,0
1.0,0.7910286,1.0439446,0
1.0,0.7858081,1.0254837,0
1.0,0.78816456,1.0409825,0
1.0,0.7701601,0.9988447,0
1.0,0.76081425,0.9467635,0
1.0,0.75041056,0.9169778,0
1.0,0.7573285,0.9071214,0
1.0,0.7363587,0.81941426,0
1.0,0.7319695,0.769554,0
1.0,0.7203466,0.72968996,0
1.0,0.7322669,0.7291211,0
1.0,0.7317704,0.69586134,0
1.0,0.737031,0.6604986,0
1.0,0.72759265,0.63820994,0
1.0,0.7605038,0.71455073,0
1.0,0.76805496,0.740338,0
1.0,0.78074175,0.7768358,0
1.0,0.7602337,0.74691796,0
1.0,0.7735975,0.7900406,0
1.0,0.7876408,0.8556677,0
1.0,0.8011955,0.9085455,0
1.0,0.7791358,0.8914628,0
1.0,0.78441006,0.9156381,0
1.0,0.797477,0.9510518,0
1.0,0.80023766,0.9551363,0
1.0,0.7808084,0.915921,0
1.0,0.7904319,0.944138,0
1.0,0.80180836,0.9712962,0
1.0,0.8066433,0.9912048,0
1.0,0.7915074,0.9946885,0
1.0,0.7890129,1.0123322,0
1.0,0.7983787,1.0281456,0
1.0,0.8025893,1.0470624,0
1.0,0.7927193,1.0448668,0
1.0,0.78103733,1.0163797,0
1.0,0.7831133,1.0344055,0
1.0,0.7726966,1.0284278,0
1.0,0.766669,1.0029215,0
1.0,0.7497073,0.9662163,0
1.0,0.76427,0.99484444,0
1.0,0.76685274,0.9837154,0
1.0,0.79193354,1.0081426,0
1.0,0.79198676,0.98157763,0
1.0,0.8027136,0.97052443,0
1.0,0.7990947,0.9364004,0
1.0,0.82224417,0.9423611,0
1.0,0.8163169,0.8837956,0
1.0,0.8187405,0.8440788,0
1.0,0.8116166,0.80382615,0
1.0,0.83817,0.83272266,0
1.0,0.84585375,0.82510513,0
1.0,0.8619902,0.8264885,0
1.0,0.85137725,0.76865566,0
1.0,0.8814868,0.79800004,0
1.0,0.8832359,0.80027467,0
1.0,0.887984,0.80268425,0
1.0,0.8657525,0.7671972,0
1.0,0.89006567,0.8073863,0
1.0,0.89208394,0.78346133,0
1.0,0.8917692,0.7557163,0
1.0,0.87319267,0.71753204,0
1.0,0.8936187,0.70700705,0
1.0,0.89460707,0.6733998,0
1.0,0.8830178,0.6539171,0
1.0,0.85446024,0.5883206,0
1.0,0.8635046,0.5832879,0
1.0,0.8638352,0.57038456,0
1.0,0.8394251,0.5121718,0
1.0,0.8081712,0.4598591,0
1.0,0.8144808,0.4651541,0
1.0,0.8183329,0.4744203,0
1.0,0.79223984,0.45600542,0
1.0,0.76674587,0.45381808,0
1.0,0.79075444,0.5195533,0
1.0,0.781593,0.5208427,0
1.0,0.7408911,0.4917293,0
1.0,0.7407508,0.532347,0
1.0,0.7728296,0.577167,0
1.0,0.775046,0.5845951,0
1.0,0.7649228,0.588068,0
1.0,0.7793317,0.59985006,0
1.0,0.7999947,0.62382686,0
1.0,0.8114519,0.6307398,0
1.0,0.80184704,0.59613097,0
1.0,0.8139881,0.6040318,0
1.0,0.82880396,0.60389245,0
1.0,0.837367,0.59253216,0
1.0,0.8413323,0.56884456,0
1.0,0.8522618,0.56223106,0
1.0,0.86652094,0.5770838,0
1.0,0.8709736,0.57141984,0
1.0,0.88926244,0.5981692,0
1.0,0.89222914,0.5969343,0
1.0,0.90001214,0.6070758,0
1.0,0.9080515,0.6184304,0
1.0,0.9164267,0.6198983,0
1.0,0.9028136,0.60561806,0
1.0,0.8858704,0.59511006,0
1.0,0.8808275,0.6030321,0
1.0,0.9014503,0.6464386,0
1.0,0.88916177,0.63226414,0
1.0,0.8724296,0.6129489,0
1.0,0.8720533,0.6243752,0
1.0,0.89108145,0.64610904,0
1.0,0.86729676,0.59949607,0
1.0,0.8366502,0.5842075,0
1.0,0.8249139,0.5772401,0
1.0,0.8662209,0.62221664,0
1.0,0.85359687,0.5846025,0
1.0,0.8370282,0.56595814,0
1.0,0.8172244,0.54833174,0
1.0,0.8587736,0.5986321,0
1.0,0.8456512,0.5767536,0
1.0,0.8225159,0.55574447,0
1.0,0.8041127,0.5271874,0
1.0,0.82364374,0.55273247,0
1.0,0.8083533,0.55121595,0
1.0,0.77802694,0.5181932,0
1.0,0.76010716,0.49974436,0
1.0,0.78119653,0.531489,0
1.0,0.7947418,0.5411532,0
1.0,0.7960192,0.5339563,0
1.0,0.8135532,0.55207634,0
1.0,0.8332124,0.56770205,0
1.0,0.8499359,0.5789866,0
1.0,0.8411807,0.56003106,0
1.0,0.8537444,0.58295286,0
1.0,0.86494076,0.60085565,0
1.0,0.88732773,0.6329874,0
1.0,0.8876487,0.62273836,0
1.0,0.8957049,0.60662544,0
1.0,0.90089935,0.5921351,0
1.0,0.9137525,0.6033488,0
1.0,0.8856591,0.5506372,0
1.0,0.89237046,0.5340451,0
1.0,0.89394295,0.5194298,0
1.0,0.90228987,0.49418724,0
1.0,0.86973083,0.37992057,0
1.0,0.8749106,0.35771078,0
1.0,0.8811648,0.34521046,0
1.0,0.9041738,0.33647883,0
1.0,0.8842344,0.2947556,0
1.0,0.8811389,0.26457688,0
1.0,0.89197016,0.25805333,0
1.0,0.90388787,0.257707,0
1.0,0.87235194,0.21270336,0
1.0,0.85738504,0.19441013,0
1.0,0.8497369,0.18704446,0
1.0,0.85106933,0.16459489,0
1.0,0.78420466,0.13261189,0
1.0,0.7645297,0.12359174,0
1.0,0.7464137,0.11819096,0
1.0,0.73596805,0.117720276,0
1.0,0.6501558,0.120472685,0
1.0,0.62941146,0.13395213,0
1.0,0.6008688,0.14068997,0
1.0,0.62040734,0.14029144,0
1.0,0.64995736,0.1383071,0
1.0,0.6597357,0.14088583,0
1.0,0.6699535,0.14532027,0
1.0,0.69374174,0.14112777,0
1.0,0.74679995,0.16698447,0
1.0,0.73613864,0.17235468,0
1.0,0.7300428,0.17374355,0
1.0,0.6828459,0.17906332,0
1.0,0.72536325,0.18551013,0
1.0,0.72949797,0.19396248,0
1.0,0.72083783,0.20486648,0
1.0,0.68742967,0.20440765,0
1.0,0.75164235,0.22724827,0
1.0,0.7442761,0.22826727,0
1.0,0.7464974,0.22958916,0
1.0,0.7208988,0.21619065,0
1.0,0.8007783,0.25225922,0
1.0,0.8154328,0.25679368,0
1.0,0.8373038,0.26855946,0
1.0,0.8198107,0.26012406,0
1.0,0.86767507,0.29588556,0
1.0,0.8785733,0.30578136,0
1.0,0.8799628,0.30502015,0
1.0,0.8186522,0.25226104,0
1.0,0.82888854,0.2614748,0
1.0,0.8488952,0.27486128,0
1.0,0.8350939,0.26120555,0
1.0,0.7839128,0.21940625,0
1.0,0.78010535,0.2192311,0
1.0,0.81365347,0.23224632,0
1.0,0.80644953,0.22268526,0
1.0,0.80412835,0.21737513,0
1.0,0.79589325,0.20810677,0
1.0,0.8338259,0.233129,0
1.0,0.82994103,0.22260548,0
1.0,0.8408541,0.23057646,0
1.0,0.8324387,0.21357623,0
1.0,0.874607,0.2651409,0
1.0,0.88548404,0.30025005,0
1.0,0.8981329,0.3043673,0
1.0,0.8813951,0.28517312,0
1.0,0.9016905,0.3066615,0
1.0,0.8783585,0.26814243,0
1.0,0.87786907,0.26343456,0
1.0,0.87682277,0.25927326,0
1.0,0.90587246,0.27758583,0
1.0,0.8903737,0.26329756,0
1.0,0.91045123,0.27591252,0
1.0,0.9217893,0.29021946,0
1.0,0.9397895,0.30492258,0
1.0,0.9371025,0.29756194,0
1.0,0.9402594,0.29411203,0
1.0,0.94827783,0.2959255,0
1.0,0.9513873,0.29199857,0
1.0,0.9325426,0.2702888,0
1.0,0.92179173,0.26101372,0
1.0,0.9295262,0.2672624,0
1.0,0.9321799,0.2691744,0
1.0,0.90763855,0.2486822,0
1.0,0.88648367,0.23502773,0
1.0,0.89687496,0.24590103,0
1.0,0.90652734,0.2590831,0
1.0,0.89037627,0.25117287,0
1.0,0.87659353,0.23888546,0
1.0,0.8874238,0.24514928,0
1.0,0.90068656,0.25357497,0
1.0,0.89040047,0.2497702,0
1.0,0.8614345,0.23308258,0
1.0,0.85164577,0.20841122,0
1.0,0.86628747,0.20383677,0
1.0,0.8901605,0.22522154,0
1.0,0.8608941,0.2153472,0
1.0,0.8486761,0.21031755,0
1.0,0.8546746,0.21651018,0
1.0,0.8573403,0.22259898,0
1.0,0.813976,0.1908657,0
1.0,0.7968647,0.18115169,0
1.0,0.86479944,0.22438312,0
1.0,0.90212804,0.24475777,0
1.0,0.8827655,0.23120102,0
1.0,0.890821,0.23571633,0
1.0,0.92830145,0.26623756,0
1.0,0.9485501,0.28619778,0
1.0,0.94363546,0.2894162,0
1.0,0.94438136,0.29201168,0
1.0,0.95565134,0.30016518,0
1.0,0.9555229,0.29887342,0
1.0,0.9357251,0.28453267,0
1.0,0.9233883,0.27672997,0
1.0,0.93331116,0.2834548,0
1.0,0.9403077,0.28685984,0
1.0,0.9292597,0.27641708,0
1.0,0.9210308,0.2653398,0
1.0,0.93073183,0.27766722,0
1.0,0.93839765,0.28439283,0
1.0,0.9467883,0.30773866,0
1.0,0.9496714,0.365525,0
1.0,0.9634358,0.39185125,0
1.0,0.968933,0.39395487,0
1.0,0.9739847,0.4105729,0
1.0,0.97202617,0.4218558,0
1.0,0.97080517,0.42306572,0
1.0,0.9663767,0.40240234,0
1.0,0.9667809,0.39932653,0
1.0,0.95768327,0.41782564,0
1.0,0.95526356,0.41681027,0
1.0,0.9439725,0.4062502,0
1.0,0.9420094,0.41801903,0
1.0,0.9285209,0.4015409,0
1.0,0.93405867,0.40479136,0
1.0,0.93631583,0.4158669,0
1.0,0.94782376,0.4379243,0
1.0,0.9459525,0.46886912,0
1.0,0.95252603,0.4884566,0
1.0,0.94733137,0.49152339,0
1.0,0.9500575,0.5254767,0
1.0,0.95137227,0.53353643,0
1.0,0.9570303,0.5460888,0
1.0,0.94907916,0.54842913,0
1.0,0.94290364,0.5535883,0
1.0,0.9296426,0.56265783,0
1.0,0.92704105,0.5756657,0
1.0,0.8947819,0.542518,0
1.0,0.85913694,0.5053472,0
1.0,0.83092856,0.46743387,0
1.0,0.87301135,0.507535,0
1.0,0.8880066,0.51810455,0
1.0,0.9033317,0.5177674,0
1.0,0.8987428,0.45787764,0
1.0,0.91851103,0.45964664,0
1.0,0.93197,0.47384965,0
1.0,0.93390256,0.46635136,0
1.0,0.9301458,0.44940346,0
1.0,0.93906945,0.46239656,0
1.0,0.9403549,0.47297984,0
1.0,0.9345547,0.45655385,0
1.0,0.9287062,0.4509213,0
1.0,0.93573135,0.50953084,0
1.0,0.941393,0.5428195,0
1.0,0.94692737,0.5742317,0
1.0,0.9417485,0.6200703,0
1.0,0.9441085,0.65226537,0
1.0,0.9423185,0.68655336,0
1.0,0.9414694,0.73087835,0
1.0,0.9416546,0.7232293,0
1.0,0.9408379,0.74223226,0
1.0,0.9412053,0.7580502,0
1.0,0.9441896,0.7418195,0
1.0,0.9428835,0.76986945,0
1.0,0.93796885,0.7758863,0
1.0,0.93295157,0.7693639,0
1.0,0.92655075,0.7697619,0
1.0,0.9282897,0.75882995,0
1.0,0.9215924,0.7446518,0
1.0,0.9153877,0.73370475,0
1.0,0.89888096,0.7144728,0
1.0,0.8891318,0.7209796,0
1.0,0.8672978,0.69728756,0
1.0,0.8430088,0.67371166,0
1.0,0.8009215,0.62118554,0
1.0,0.7916528,0.6137403,0
1.0,0.7715341,0.58707917,0
1.0,0.7612559,0.5710304,0
1.0,0.7154062,0.50559455,0
1.0,0.72022885,0.51404166,0
1.0,0.69105023,0.4715451,0
1.0,0.68368095,0.44543308,0
1.0,0.6438944,0.39329684,0
1.0,0.65468997,0.38656488,0
1.0,0.6333668,0.32570493,0
1.0,0.63337225,0.32904065,0
1.0,0.5930975,0.27206245,0
1.0,0.61337954,0.26989335,0
1.0,0.6104845,0.260562,0
1.0,0.6015661,0.22984363,0
1.0,0.589383,0.20542285,0
1.0,0.589874,0.19744357,0
1.0,0.621772,0.20887512,0
1.0,0.58970255,0.18028301,0
1.0,0.591351,0.17916223,0
1.0,0.58300763,0.15974417,0
1.0,0.6382552,0.19833007,0
1.0,0.6212897,0.18061256,0
1.0,0.63663876,0.18513441,0
1.0,0.61590374,0.16885337,0
1.0,0.6805453,0.21922255,0
1.0,0.64230704,0.18470234,0
1.0,0.66409767,0.1961113,0
1.0,0.6233736,0.1683866,0
1.0,0.69969356,0.22920218,0
1.0,0.6548578,0.19761452,0
1.0,0.70652735,0.24338022,0
1.0,0.67082083,0.21469828,0
1.0,0.7673382,0.32111096,0
1.0,0.7247157,0.28343415,0
1.0,0.7779813,0.34905827,0
1.0,0.7179322,0.2900655,0
1.0,0.7563613,0.3289515,0
1.0,0.7045496,0.2799793,0
1.0,0.7552382,0.33030406,0
1.0,0.7196654,0.293976,0
1.0,0.7694923,0.33484864,0
1.0,0.7454962,0.28480506,0
1.0,0.7975357,0.33419693,0
1.0,0.7760977,0.2927575,0
1.0,0.8142188,0.31562585,0
1.0,0.79273397,0.28909725,0
1.0,0.83635616,0.3105744,0
1.0,0.818228,0.29007643,0
1.0,0.8422681,0.31282187,0
1.0,0.82073754,0.28043997,0
1.0,0.8656343,0.3390786,0
1.0,0.8642912,0.34491086,0
1.0,0.8859103,0.377807,0
1.0,0.86975026,0.38038406,0
1.0,0.8986824,0.42294526,0
1.0,0.8913569,0.42809603,0
1.0,0.89213073,0.4564476,0
1.0,0.8779888,0.4701854,0
1.0,0.9020854,0.52977014,0
1.0,0.8944129,0.5199302,0
1.0,0.9049503,0.5408882,0
1.0,0.9004855,0.5223854,0
1.0,0.9177433,0.54401267,0
1.0,0.90441865,0.5283601,0
1.0,0.9045563,0.5087456,0
1.0,0.8913181,0.47842562,0
1.0,0.91154075,0.48716038,0
1.0,0.8926602,0.45602703,0
1.0,0.90296984,0.4689687,0
1.0,0.8816195,0.43609357,0
1.0,0.8989308,0.46145633,0
1.0,0.86932266,0.46103352,0
1.0,0.8961674,0.53389287,0
1.0,0.89689666,0.57631195,0
1.0,0.9084898,0.64718175,0
1.0,0.87925833,0.64248896,0
1.0,0.90029204,0.724631,0
1.0,0.90712816,0.7685584,0
1.0,0.90991163,0.79122335,0
1.0,0.8840946,0.77635884,0
1.0,0.8997892,0.83133614,0
1.0,0.8992193,0.86621636,0
1.0,0.90535533,0.88358706,0
1.0,0.88320994,0.85405654,0
1.0,0.898891,0.8970714,0
1.0,0.89132583,0.8658918,0
1.0,0.8997563,0.8706735,0
1.0,0.8910576,0.83224356,0
1.0,0.9108703,0.8325807,0
1.0,0.92027223,0.8273263,0
1.0,0.92624754,0.8067814,0
1.0,0.9226503,0.7850466,0
1.0,0.9299407,0.7928463,0
1.0,0.93377906,0.82212436,0
1.0,0.9391582,0.854037,0
1.0,0.93845993,0.8471758,0
1.0,0.93898576,0.8718983,0
1.0,0.93570274,0.894484,0
1.0,0.93051773,0.9356294,0
1.0,0.9265745,0.9867488,0
1.0,0.91823024,0.9992441,0
1.0,0.92391056,1.0723886,0
1.0,0.92115486,1.0865189,0
1.0,0.92579436,1.074795,0
1.0,0.9291906,1.072653,0
1.0,0.9353344,1.0512878,0
1.0,0.9289503,1.0251588,0
1.0,0.9308336,1.0285077,0
1.0,0.9275205,0.9922558,0
1.0,0.93790025,1.0061294,0
1.0,0.92554706,0.9794276,0
1.0,0.9190077,0.94943726,0
1.0,0.9067978,0.90104747,0
1.0,0.9176406,0.88069654,0
1.0,0.91261935,0.8587706,0
1.0,0.9078241,0.84494865,0
1.0,0.8939695,0.808529,0
1.0,0.90447223,0.8307151,0
1.0,0.87430716,0.7882683,0
1.0,0.8524244,0.76569873,0
1.0,0.8214834,0.71728647,0
1.0,0.86090595,0.7719564,0
1.0,0.854176,0.7609505,0
1.0,0.8599444,0.76975715,0
1.0,0.8311489,0.71704507,0
1.0,0.8597013,0.74158394,0
1.0,0.8505718,0.7069037,0
1.0,0.85879904,0.7236507,0
1.0,0.8401283,0.68186414,0
1.0,0.8769138,0.7263639,0
1.0,0.86930645,0.68290687,0
1.0,0.8780945,0.652012,0
1.0,0.8529741,0.59074736,0
1.0,0.87339276,0.5777576,0
1.0,0.86382,0.56200147,0
1.0,0.86910766,0.5595777,0
1.0,0.84128666,0.49451083,0
1.0,0.8594646,0.5092205,0
1.0,0.83584934,0.44901532,0
1.0,0.84540594,0.4317518,0
1.0,0.82056105,0.38555434,0
1.0,0.8456766,0.40795502,0
1.0,0.84274304,0.3979193,0
1.0,0.8612532,0.41015851,0
1.0,0.83751893,0.3821165,0
1.0,0.82738185,0.3684349,0
1.0,0.8179534,0.3508892,0
1.0,0.8026165,0.32915705,0
1.0,0.77596986,0.29361978,0
1.0,0.7502516,0.27368492,0
1.0,0.77633065,0.33384717,0
1.0,0.7936005,0.35700798,0
1.0,0.78523713,0.3638743,0
1.0,0.775889,0.38676164,0
1.0,0.8169231,0.43777022,0
1.0,0.8382106,0.4782351,0
1.0,0.81485146,0.46193525,0
1.0,0.8200504,0.46683675,0
1.0,0.84809536,0.5166652,0
1.0,0.8670792,0.5327041,0
1.0,0.8422461,0.4866723,0
1.0,0.8282444,0.46604764,0
1.0,0.85448986,0.482277,0
1.0,0.8650005,0.48153552,0
1.0,0.84823817,0.46654695,0
1.0,0.8375599,0.4591185,0
1.0,0.86743325,0.49484175,0
1.0,0.887907,0.53109336,0
1.0,0.8752866,0.53585654,0
1.0,0.88201123,0.57635516,0
1.0,0.8943402,0.6186315,0
1.0,0.91705155,0.6724316,0
1.0,0.90524006,0.6875169,0
1.0,0.9054227,0.73375237,0
1.0,0.89872825,0.7686266,0
1.0,0.9113319,0.8354206,0
1.0,0.89401555,0.8674581,0
1.0,0.88910276,0.9241799,0
1.0,0.8835563,0.9502824,0
1.0,0.89139223,0.9816045,0
1.0,0.8858914,0.98508203,0
1.0,0.87288314,0.967852,0
1.0,0.8700787,0.94693387,0
1.0,0.88433266,0.96874374,0
1.0,0.8851806,0.9633853,0
1.0,0.87881404,0.93614566,0
1.0,0.87305576,0.9242008,0
1.0,0.89310384,0.94164526,0
1.0,0.8950433,0.9354009,0
1.0,0.8958193,0.9353388,0
1.0,0.88295746,0.902414,0
1.0,0.8828155,0.92769486,0
1.0,0.8747421,0.9286676,0
1.0,0.8694497,0.9283048,0
1.0,0.85733944,0.9332465,0
1.0,0.8630184,0.9571512,0
1.0,0.86758465,0.95979196,0
1.0,0.8787548,0.96962726,0
1.0,0.8763682,0.94884497,0
1.0,0.87868416,0.9391928,0
1.0,0.87742347,0.9349992,0
1.0,0.88823175,0.93549514,0
1.0,0.8746459,0.88506836,0
1.0,0.8750307,0.8789192,0
1.0,0.8586479,0.82139814,0
1.0,0.86607593,0.77548695,0
1.0,0.8571258,0.70464694,0
1.0,0.8697693,0.6763172,0
1.0,0.85637957,0.6009493,0
1.0,0.8665178,0.5754118,0
1.0,0.84992653,0.5663105,0
1.0,0.89755374,0.6447303,0
1.0,0.89408225,0.6717999,0
1.0,0.9114965,0.75391054,0
1.0,0.9001221,0.75568056,0
1.0,0.92850804,0.860901,0
1.0,0.9242091,0.9014853,0
1.0,0.92485183,0.9554885,0
1.0,0.90230495,1.0046724,0
1.0,0.9246546,1.1084316,0
1.0,0.92255175,1.1963894,0
1.0,0.9239641,1.2922804,0
1.0,0.9096328,1.2886894,0
1.0,0.9333723,1.3673828,0
1.0,0.9323503,1.4053619,0
1.0,0.93064624,1.4336705,0
1.0,0.9223364,1.4211669,0
1.0,0.9369239,1.4527245,0
1.0,0.93985444,1.4960077,0
1.0,0.9378777,1.5192795,0
1.0,0.92549336,1.5214384,0
1.0,0.9358315,1.5558321,0
1.0,0.93927103,1.5532904,0
1.0,0.93622625,1.6062351,0
1.0,0.923155,1.5899782,0
1.0,0.9190125,1.5708454,0
1.0,0.9179523,1.5923133,0
1.0,0.90630955,1.5719479,0
1.0,0.8846376,1.5187035,0
1.0,0.8789161,1.5036576,0
1.0,0.901372,1.5462618,0
1.0,0.90709466,1.5301872,0
1.0,0.9081845,1.471164,0
1.0,0.91338813,1.4385324,0
1.0,0.9256443,1.405582,0
1.0,0.9269838,1.3310272,0
1.0,0.9219607,1.263022,0
1.0,0.9105779,1.165584,0
1.0,0.91369456,1.1099738,0
1.0,0.9097767,1.0305653,0
1.0,0.9025111,0.9316633,0
1.0,0.8998573,0.87126666,0
1.0,0.91700983,0.8118962,0
1.0,0.92194945,0.7491812,0
1.0,0.9332281,0.7426667,0
1.0,0.9349724,0.7096015,0
1.0,0.94906455,0.7014737,0
1.0,0.9513107,0.68620086,0
1.0,0.95482385,0.6828779,0
1.0,0.94981354,0.6737491,0
1.0,0.9558731,0.6553986,0
1.0,0.95338666,0.6260979,0
1.0,0.9518707,0.5978595,0
1.0,0.94339556,0.5747614,0
1.0,0.9415707,0.56221336,0
1.0,0.93523574,0.48442852,0
1.0,0.93454933,0.45477024,0
1.0,0.9260187,0.43963516,0
1.0,0.9317959,0.45180708,0
1.0,0.9258672,0.4517929,0
1.0,0.9358303,0.48425093,0
1.0,0.941887,0.5282116,0
1.0,0.94915456,0.55608535,0
1.0,0.950264,0.6002139,0
1.0,0.95460093,0.6585257,0
1.0,0.95535225,0.6767895,0
1.0,0.9528005,0.7105252,0
1.0,0.9409825,0.7297299,0
1.0,0.9294403,0.72762513,0
1.0,0.931006,0.7448575,0
1.0,0.93244404,0.75096923,0
1.0,0.92508817,0.7393439,0
1.0,0.9230054,0.7308327,0
1.0,0.9369398,0.7440333,0
1.0,0.9434016,0.7386639,0
1.0,0.9411035,0.7062746,0
1.0,0.9433662,0.6943977,0
1.0,0.9527029,0.69212,0
1.0,0.95094293,0.66468084,0
1.0,0.9471029,0.6354924,0
1.0,0.9446586,0.61175156,0
1.0,0.956599,0.6287445,0
1.0,0.95355856,0.62917423,0
1.0,0.95240456,0.6254201,0
1.0,0.94569546,0.63090897,0
1.0,0.94921136,0.66152537,0
1.0,0.94451785,0.66055334,0
1.0,0.93999904,0.6576675,0
1.0,0.93183976,0.6564437,0
1.0,0.9338638,0.66096324,0
1.0,0.93859076,0.63466865,0
1.0,0.9491847,0.62784874,0
1.0,0.9513346,0.6071887,0
1.0,0.9548716,0.5702585,0
1.0,0.95693433,0.5502269,0
1.0,0.96182954,0.5131022,0
1.0,0.9606962,0.4573122,0
1.0,0.9604389,0.4349486,0
1.0,0.9572002,0.3939476,0
1.0,0.9576465,0.3497641,0
1.0,0.9490812,0.31972918,0
1.0,0.9439893,0.29932094,0
1.0,0.9401808,0.28727818,0
1.0,0.938814,0.2858163,0
1.0,0.923048,0.2852617,0
1.0,0.9231677,0.29337978,0
1.0,0.9387381,0.31364217,0
1.0,0.94699246,0.34103155,0
1.0,0.94525236,0.36382848,0
1.0,0.9487301,0.3877352,0
1.0,0.9627788,0.42294413,0
1.0,0.96424603,0.43392915,0
1.0,0.962025,0.44677106,0
1.0,0.9579817,0.465592,0
1.0,0.9618142,0.4614641,0
1.0,0.9592868,0.4592777,0
1.0,0.95136636,0.44716674,0
1.0,0.94044304,0.4190848,0
1.0,0.93937063,0.4421962,0
1.0,0.93224686,0.46642572,0
1.0,0.9177674,0.48978424,0
1.0,0.90590227,0.51583433,0
1.0,0.9109261,0.53969073,0
1.0,0.9133945,0.5862127,0
1.0,0.9172523,0.62490535,0
1.0,0.9075714,0.6408967,0
1.0,0.91531277,0.70271564,0
1.0,0.911922,0.73099947,0
1.0,0.9154652,0.7706795,0
1.0,0.891826,0.772969,0
1.0,0.87851304,0.77525413,0
1.0,0.8566801,0.7735646,0
1.0,0.85288745,0.7883725,0
1.0,0.7989368,0.71520656,0
1.0,0.7654415,0.68644285,0
1.0,0.747423,0.6605817,0
1.0,0.75264645,0.67034906,0
1.0,0.73145944,0.6548376,0
1.0,0.7320136,0.657554,0
1.0,0.70801246,0.6213885,0
1.0,0.738141,0.6684042,0
1.0,0.71647877,0.6280079,0
1.0,0.75079846,0.6941769,0
1.0,0.72840804,0.6758983,0
1.0,0.75448793,0.7135747,0
1.0,0.7317034,0.6610939,0
1.0,0.76551884,0.71847564,0
1.0,0.74595547,0.68660176,0
1.0,0.757462,0.6994032,0
1.0,0.74630535,0.6840273,0
1.0,0.7647369,0.69696355,0
1.0,0.7512246,0.650785,0
1.0,0.7497599,0.6261891,0
1.0,0.72975606,0.56937873,0
1.0,0.74504465,0.57791597,0
1.0,0.77453077,0.5869158,0
1.0,0.80501616,0.6033788,0
1.0,0.83211005,0.61993206,0
1.0,0.85032153,0.6007161,0
1.0,0.87303525,0.6190582,0
1.0,0.8839956,0.60645187,0
1.0,0.8919393,0.5927983,0
1.0,0.8943227,0.5866814,0
1.0,0.89677393,0.55694294,0
1.0,0.90151465,0.5526732,0
1.0,0.91323334,0.5665424,0
1.0,0.9027143,0.5555105,0
1.0,0.8956159,0.5896766,0
1.0,0.917323,0.64290214,0
1.0,0.9327102,0.69149905,0
1.0,0.9371433,0.726379,0
1.0,0.93594265,0.72313523,0
1.0,0.95050913,0.74997926,0
1.0,0.9519155,0.76463926,0
1.0,0.94667774,0.7468059,0
1.0,0.93777853,0.7319373,0
1.0,0.9489177,0.7617136,0
1.0,0.9551629,0.77316636,0
1.0,0.95115405,0.7777391,0
1.0,0.9359919,0.7644067,0
1.0,0.93767315,0.77094054,0
1.0,0.93509144,0.790301,0
1.0,0.9223018,0.79072845,0
1.0,0.8913036,0.74941754,0
1.0,0.89933604,0.7712444,0
1.0,0.8967785,0.772993,0
1.0,0.88110894,0.7502532,0
1.0,0.8660798,0.7294681,0
1.0,0.8951238,0.77918255,0
1.0,0.9088342,0.8034289,0
1.0,0.910281,0.8091675,0
1.0,0.90716004,0.7936029,0
1.0,0.9144933,0.8010888,0
1.0,0.9084363,0.7769588,0
1.0,0.8774651,0.7164302,0
1.0,0.87354225,0.7098017,0
1.0,0.8788928,0.70832413,0
1.0,0.89300925,0.7118577,0
1.0,0.8761164,0.65399516,0
1.0,0.882266,0.61179984,0
1.0,0.88521826,0.5858251,0
1.0,0.8984644,0.5528137,0
1.0,0.90892255,0.5375432,0
1.0,0.92363,0.54838777,0
1.0,0.928208,0.5358759,0
1.0,0.944052,0.5523442,0
1.0,0.9481431,0.552521,0
1.0,0.9560416,0.5471332,0
1.0,0.9587204,0.5444616,0
1.0,0.963453,0.5453441,0
1.0,0.9595281,0.54166514,0
1.0,0.9570847,0.5577173,0
1.0,0.94932824,0.5539915,0
1.0,0.94589007,0.5231254,0
1.0,0.93296736,0.5068699,0
1.0,0.9309284,0.50740343,0
1.0,0.9257635,0.4765646,0
1.0,0.9358222,0.49924785,0
1.0,0.9374533,0.5226105,0
1.0,0.93236613,0.5369661,0
1.0,0.930726,0.5934663,0
1.0,0.93000346,0.6270039,0
1.0,0.9340229,0.6497015,0
1.0,0.9297395,0.6652621,0
1.0,0.92965233,0.68484473,0
1.0,0.9269909,0.7052407,0
1.0,0.9159524,0.7042266,0
1.0,0.9038142,0.70137644,0
1.0,0.89355266,0.7214776,0
1.0,0.8764816,0.7167337,0
1.0,0.85234445,0.6953354,0
1.0,0.8239174,0.66558754,0
1.0,0.8131106,0.6524143,0
1.0,0.8111229,0.6675833,0
1.0,0.8000557,0.65081716,0
1.0,0.781555,0.6410049,0
1.0,0.77654344,0.6516761,0
1.0,0.77924275,0.642462,0
1.0,0.78482205,0.7236525,0
1.0,0.77960926,0.8066708,0
1.0,0.7928848,0.8538526,0
1.0,0.8299798,0.91003716,0
1.0,0.82832515,0.8837738,0
1.0,0.8421416,0.8969346,0
1.0,0.8324104,0.87221843,0
1.0,0.8596545,0.9318661,0
1.0,0.85832304,0.9184264,0
1.0,0.8635107,0.9168609,0
1.0,0.8530179,0.9049601,0
1.0,0.86503834,0.9020767,0
1.0,0.8592744,0.87057424,0
1.0,0.88664603,0.89915335,0
1.0,0.9023451,0.8693475,0
1.0,0.9169855,0.8605013,0
1.0,0.912356,0.8318539,0
1.0,0.928821,0.8315269,0
1.0,0.9317962,0.8193524,0
1.0,0.9322225,0.8049953,0
1.0,0.9131244,0.7618973,0
1.0,0.9278397,0.771755,0
1.0,0.933916,0.75529677,0
1.0,0.93807477,0.746632,0
1.0,0.9272792,0.7210324,0
1.0,0.9423887,0.7322021,0
1.0,0.94026417,0.7269787,0
1.0,0.94002527,0.7220845,0
1.0,0.9215289,0.70064044,0
1.0,0.9278442,0.69179535,0
1.0,0.92243713,0.66358095,0
1.0,0.9159875,0.66307855,0
1.0,0.88220245,0.52699775,0
1.0,0.89865774,0.42398354,0
1.0,0.8985333,0.39232504,0
1.0,0.88567185,0.38105923,0
1.0,0.8561972,0.34145892,0
1.0,0.8555012,0.31251943,0
1.0,0.8625836,0.30287218,0
1.0,0.84618974,0.2650537,0
1.0,0.82066375,0.22414559,0
1.0,0.832277,0.2266469,0
1.0,0.84679204,0.2423228,0
1.0,0.854571,0.275002,0
1.0,0.8741272,0.31646457,0
1.0,0.8927225,0.33926943,0
1.0,0.89720273,0.37027186,0
1.0,0.8949769,0.39528796,0
1.0,0.8917909,0.40048537,0
1.0,0.8905334,0.43653172,0
1.0,0.88859576,0.46425086,0
1.0,0.8808963,0.46627894,0
1.0,0.8942828,0.4936198,0
1.0,0.9002813,0.50597143,0
1.0,0.9077838,0.5080999,0
1.0,0.9141272,0.50684655,0
1.0,0.9350932,0.52432,0
1.0,0.943433,0.53067535,0
1.0,0.9450283,0.51959497,0
1.0,0.94954336,0.5061996,0
1.0,0.9562368,0.5082346,0
1.0,0.95305324,0.48508406,0
1.0,0.9394529,0.4509784,0
1.0,0.9376652,0.4273848,0
1.0,0.9497227,0.42698607,0
1.0,0.94050807,0.43274108,0
1.0,0.9247915,0.42966175,0
1.0,0.9309248,0.47140372,0
1.0,0.9512674,0.54108685,0
1.0,0.95611227,0.5884719,0
1.0,0.9502246,0.61089236,0
1.0,0.95690346,0.63342357,0
1.0,0.9676596,0.6750453,0
1.0,0.96509373,0.7085053,0
1.0,0.95680565,0.71656924,0
1.0,0.9566758,0.7239671,0
1.0,0.96697617,0.75066996,0
1.0,0.965776,0.76585275,0
1.0,0.9545229,0.73311996,0
1.0,0.95041186,0.704095,0
1.0,0.957461,0.7089873,0
1.0,0.9514069,0.6697312,0
1.0,0.9360207,0.6256639,0
1.0,0.9333533,0.61281484,0
1.0,0.94738597,0.6258395,0
1.0,0.94597465,0.6239433,0
1.0,0.9259347,0.59664345,0
1.0,0.9231795,0.5947155,0
1.0,0.94488853,0.6265843,0
1.0,0.9551497,0.6363485,0
1.0,0.945559,0.6221702,0
1.0,0.934005,0.5977881,0
1.0,0.9401186,0.5943688,0
1.0,0.9356042,0.58810043,0
1.0,0.9108834,0.5529578,0
1.0,0.8681608,0.49990523,0
1.0,0.87378275,0.5053103,0
1.0,0.88493633,0.5002036,0
1.0,0.8796786,0.4622641,0
1.0,0.85442215,0.39762127,0
1.0,0.87476677,0.37907946,0
1.0,0.8956945,0.36588112,0
1.0,0.9052454,0.3695953,0
1.0,0.8870974,0.36300254,0
1.0,0.9063021,0.38371283,0
1.0,0.9182676,0.3919112,0
1.0,0.92424864,0.4067515,0
1.0,0.91242033,0.3887887,0
1.0,0.9285489,0.38659677,0
1.0,0.93920213,0.4069299,0
1.0,0.948083,0.43406847,0
1.0,0.9353074,0.4453229,0
1.0,0.9380205,0.48843884,0
1.0,0.9331945,0.48782608,0
1.0,0.93651843,0.4980117,0
1.0,0.92315805,0.49313757,0
1.0,0.9286797,0.49865475,0
1.0,0.92924625,0.50095797,0
1.0,0.93945146,0.51571494,0
1.0,0.9316503,0.52223486,0
1.0,0.9409894,0.56061584,0
1.0,0.9421284,0.5714294,0
1.0,0.9437458,0.5885187,0
1.0,0.9225981,0.5917218,0
1.0,0.93196255,0.6405772,0
1.0,0.93638724,0.6973957,0
1.0,0.9343643,0.7411946,0
1.0,0.90832675,0.7528105,0
1.0,0.91246635,0.8306283,0
1.0,0.91490006,0.87454677,0
1.0,0.9145346,0.9009794,0
1.0,0.8749192,0.867934,0
1.0,0.8798027,0.90736914,0
1.0,0.875583,0.9434078,0
1.0,0.89936495,1.0360706,0
1.0,0.86901313,0.9779384,0
1.0,0.8882936,1.0099745,0
1.0,0.88671064,0.9920994,0
1.0,0.9064297,0.99031407,0
1.0,0.88872147,0.9371247,0
1.0,0.9065223,0.97717845,0
1.0,0.8999154,0.9610451,0
1.0,0.9059742,0.9691355,0
1.0,0.8889168,0.93113375,0
1.0,0.89795023,0.92381966,0
1.0,0.8809448,0.88641584,0
1.0,0.9012143,0.9122876,0
1.0,0.8969963,0.90707916,0
1.0,0.90632725,0.95467603,0
1.0,0.87370974,0.89815795,0
1.0,0.8871146,0.9316953,0
1.0,0.8850036,0.9494052,0
1.0,0.89463025,0.9612712,0
1.0,0.8592995,0.90456915,0
1.0,0.8752546,0.9347256,0
1.0,0.8850263,0.93098474,0
1.0,0.89751184,0.930135,0
1.0,0.876071,0.8467695,0
1.0,0.89310336,0.83580124,0
1.0,0.91701496,0.83002895,0
1.0,0.9214327,0.76714337,0
1.0,0.9034767,0.7107162,0
1.0,0.91240036,0.7138294,0
1.0,0.9229878,0.70741355,0
1.0,0.92115796,0.71663445,0
1.0,0.9084976,0.6962403,0
1.0,0.92249614,0.7147565,0
1.0,0.934921,0.775705,0
1.0,0.9411771,0.8308046,0
1.0,0.94355494,0.89790046,0
1.0,0.9439583,0.974084,0
1.0,0.9459098,1.0624267,0
1.0,0.94524854,1.1498713,0
1.0,0.94813776,1.23119,0
1.0,0.9510885,1.2798102,0
1.0,0.9529344,1.3382394,0
1.0,0.95329064,1.3999884,0
1.0,0.9551869,1.440931,0
1.0,0.9559604,1.5028803,0
1.0,0.95312107,1.5379181,0
1.0,0.95191705,1.5488446,0
1.0,0.9531456,1.6101782,0
1.0,0.9506378,1.6585912,0
1.0,0.94544464,1.658366,0
1.0,0.94619703,1.6725553,0
1.0,0.94840884,1.6946454,0
1.0,0.9443541,1.7232244,0
1.0,0.9381881,1.745986,0
1.0,0.93257964,1.7566932,0
1.0,0.9245968,1.7842114,0
1.0,0.9100726,1.7731066,0
1.0,0.89509994,1.7469945,0
1.0,0.8788021,1.7360973,0
1.0,0.8706462,1.7176788,0
1.0,0.86930853,1.7074422,0
1.0,0.8781801,1.7263601,0
1.0,0.8763819,1.6882466,0
1.0,0.87008685,1.635746,0
1.0,0.86752456,1.5785099,0
1.0,0.86392426,1.5154183,0
1.0,0.84374464,1.4212832,0
1.0,0.8189714,1.3176208,0
1.0,0.81539345,1.2607044,0
1.0,0.81974655,1.2067387,0
1.0,0.8197496,1.1508801,0
1.0,0.8075187,1.0655104,0
1.0,0.8150604,1.0374981,0
1.0,0.82827735,1.0078733,0
1.0,0.8433147,0.9705598,0
1.0,0.8278702,0.9249598,0
1.0,0.83283705,0.9113014,0
1.0,0.8429285,0.8773029,0
1.0,0.8478316,0.8475083,0
1.0,0.83782214,0.7763798,0
1.0,0.84337616,0.7216214,0
1.0,0.8523508,0.7000996,0
1.0,0.8662779,0.7121911,0
1.0,0.855498,0.67939657,0
1.0,0.8501373,0.6393585,0
1.0,0.8521615,0.61383164,0
1.0,0.8535114,0.6134902,0
1.0,0.85229486,0.58448,0
1.0,0.8455941,0.5634433,0
1.0,0.8651325,0.61922514,0
1.0,0.86592335,0.6224508,0
1.0,0.8693729,0.6402655,0
1.0,0.87607014,0.6768385,0
1.0,0.8904255,0.7284908,0
1.0,0.8848783,0.75590444,0
1.0,0.8774469,0.776035,0
1.0,0.878543,0.80438924,0
1.0,0.8831315,0.8231871,0
1.0,0.8628658,0.79532814,0
1.0,0.8541916,0.7807165,0
1.0,0.8542521,0.7849887,0
1.0,0.86305624,0.8247048,0
1.0,0.8461004,0.79463506,0
1.0,0.8395114,0.77197987,0
1.0,0.8443639,0.77555656,0
1.0,0.8561588,0.80365205,0
1.0,0.8302304,0.79835165,0
1.0,0.8311692,0.82488644,0
1.0,0.8398704,0.85258853,0
1.0,0.84466463,0.93829536,0
1.0,0.83817,1.0318012,0
1.0,0.8345253,1.1057389,0
1.0,0.8474076,1.1860907,0
1.0,0.8527054,1.2501258,0
1.0,0.86366564,1.351666,0
1.0,0.871562,1.4339914,0
1.0,0.87672323,1.4723365,0
1.0,0.88516015,1.5386118,0
1.0,0.88366455,1.6054579,0
1.0,0.8954512,1.7016857,0
1.0,0.89818543,1.7624921,0
1.0,0.90898746,1.7918136,0
1.0,0.91016304,1.798557,0
1.0,0.91817504,1.8488022,0
1.0,0.91640687,1.8494574,0
1.0,0.9235132,1.855195,0
1.0,0.9206438,1.87105,0
1.0,0.9281301,1.9394029,0
1.0,0.9244302,1.941193,0
1.0,0.9309563,1.9905465,0
1.0,0.92912215,2.0344138,0
1.0,0.93068033,2.0644622,0
1.0,0.9256471,2.0956168,0
1.0,0.92953664,2.1380877,0
1.0,0.92361087,2.1063547,0
1.0,0.9252793,2.1189032,0
1.0,0.91780645,2.1317344,0
1.0,0.92146426,2.1387463,0
1.0,0.9127238,2.0801044,0
1.0,0.91850823,2.0698357,0
1.0,0.9100035,2.0106332,0
1.0,0.91112703,1.9480244,0
1.0,0.90544456,1.8257682,0
1.0,0.90317905,1.7262112,0
1.0,0.89312035,1.6576462,0
1.0,0.8908513,1.6007911,0
1.0,0.8860596,1.5081967,0
1.0,0.8797823,1.4552965,0
1.0,0.87900156,1.469722,0
1.0,0.890446,1.5156652,0
1.0,0.90113395,1.5266863,0
1.0,0.9048698,1.5236174,0
1.0,0.91049016,1.5447619,0
1.0,0.9207883,1.6134456,0
1.0,0.92266285,1.6785815,0
1.0,0.92128897,1.7022775,0
1.0,0.92310876,1.738916,0
1.0,0.92441446,1.7971473,0
1.0,0.9287537,1.8178167,0
1.0,0.92867416,1.816384,0
1.0,0.9318209,1.8625983,0
1.0,0.9322961,1.8594574,0
1.0,0.93390197,1.8312538,0
1.0,0.9253623,1.7900854,0
1.0,0.92617583,1.7677149,0
1.0,0.93217194,1.7514273,0
1.0,0.9367585,1.7559744,0
1.0,0.93102854,1.7714485,0
1.0,0.9340805,1.8281715,0
1.0,0.93675447,1.8706055,0
1.0,0.9405411,1.9126441,0
1.0,0.93717706,1.9272728,0
1.0,0.93445903,1.930454,0
1.0,0.93248045,1.9233475,0
1.0,0.92522,1.9285944,0
1.0,0.91757053,1.9503249,0
1.0,0.90760636,1.931512,0
1.0,0.90018934,1.9351127,0
1.0,0.8929038,1.9255538,0
1.0,0.89049935,1.8799846,0
1.0,0.88375866,1.8199532,0
1.0,0.8915009,1.7634461,0
1.0,0.89577025,1.6950519,0
1.0,0.9047395,1.6746949,0
1.0,0.8900326,1.5648148,0
1.0,0.8972656,1.5155394,0
1.0,0.88918465,1.4278245,0
1.0,0.8724622,1.3221537,0
1.0,0.86551994,1.2660003,0
1.0,0.87572175,1.2189392,0
1.0,0.8696574,1.1579189,0
1.0,0.86003625,1.0963584,0
1.0,0.85563093,1.0389808,0
1.0,0.87310106,1.056276,0
1.0,0.8726631,1.0394053,0
1.0,0.8653756,1.029288,0
1.0,0.86035645,0.99375474,0
1.0,0.865542,0.9673483,0
1.0,0.8714115,0.98446006,0
1.0,0.8494229,0.91589934,0
1.0,0.8433497,0.83375984,0
1.0,0.8465545,0.7962462,0
1.0,0.8614011,0.7848996,0
1.0,0.84214956,0.72526383,0
1.0,0.83771515,0.70145226,0
1.0,0.8356709,0.68378365,0
1.0,0.8457478,0.6778292,0
1.0,0.80459523,0.580848,0
1.0,0.81213886,0.5828192,0
1.0,0.8026582,0.5561789,0
1.0,0.80585563,0.5536827,0
1.0,0.8080638,0.5792756,0
1.0,0.8327852,0.63207567,0
1.0,0.83781403,0.6799676,0
1.0,0.8430155,0.716906,0
1.0,0.8423366,0.70973957,0
1.0,0.8598345,0.7638167,0
1.0,0.8573505,0.77640754,0
1.0,0.8417539,0.7724091,0
1.0,0.8367388,0.7893179,0
1.0,0.86331916,0.8196519,0
1.0,0.86909217,0.8229623,0
1.0,0.852726,0.7751884,0
1.0,0.86281645,0.7431543,0
1.0,0.9078357,0.7801869,0
1.0,0.919613,0.7798705,0
1.0,0.9088937,0.7445237,0
1.0,0.9117925,0.72287655,0
1.0,0.9325154,0.7392903,0
1.0,0.9254577,0.71749413,0
1.0,0.89964396,0.648824,0
1.0,0.90230525,0.62204504,0
1.0,0.9313893,0.64520794,0
1.0,0.92419004,0.6286827,0
1.0,0.912434,0.61200523,0
1.0,0.9036317,0.60030353,0
1.0,0.93198854,0.6418145,0
1.0,0.9239629,0.6390377,0
1.0,0.9135646,0.623909,0
1.0,0.90088713,0.59811497,0
1.0,0.94311935,0.6425863,0
1.0,0.9349519,0.604071,0
1.0,0.9444111,0.5931133,0
1.0,0.9443986,0.5600307,0
1.0,0.96563417,0.55179,0
1.0,0.95975524,0.5020916,0
1.0,0.9586083,0.4652282,0
1.0,0.9464939,0.42000714,0
1.0,0.9479825,0.38970304,0
1.0,0.92816186,0.33887088,0
1.0,0.9182367,0.28103435,0
1.0,0.89385504,0.23031081,0
1.0,0.91750294,0.25509432,0
1.0,0.92479444,0.2614174,0
1.0,0.9424122,0.27422845,0
1.0,0.92897666,0.26692793,0
1.0,0.9447948,0.2816124,0
1.0,0.9455005,0.26884237,0
1.0,0.94926333,0.26471245,0
1.0,0.94484395,0.24708337,0
1.0,0.95248026,0.24490267,0
1.0,0.949542,0.23851833,0
1.0,0.95623165,0.23886256,0
1.0,0.952506,0.23959216,0
1.0,0.9523587,0.23816563,0
1.0,0.9528112,0.23226763,0
1.0,0.9499226,0.21879777,0
1.0,0.9379121,0.1906785,0
1.0,0.9344155,0.1779637,0
1.0,0.93830365,0.16285118,0
1.0,0.9338321,0.14913824,0
1.0,0.9320369,0.14978434,0
1.0,0.9465208,0.15623377,0
1.0,0.94835997,0.16418606,0
1.0,0.9488825,0.1812536,0
1.0,0.9452641,0.18984282,0
1.0,0.9583461,0.202424,0
1.0,0.95432216,0.19919026,0
1.0,0.95026964,0.18927565,0
1.0,0.94991744,0.19044149,0
1.0,0.95294154,0.19206172,0
1.0,0.958187,0.1803056,0
1.0,0.9608293,0.17303434,0
1.0,0.95475477,0.15633488,0
1.0,0.9574136,0.13378209,0
1.0,0.9566267,0.12000837,0
1.0,0.94285065,0.10569586,0
1.0,0.9268882,0.09760375,0
1.0,0.93055135,0.099881664,0
1.0,0.9348677,0.11539294,0
1.0,0.92573255,0.13075984,0
1.0,0.9345336,0.16536453,0
1.0,0.95508444,0.20579806,0
1.0,0.9642046,0.22957614,0
1.0,0.96423143,0.2510192,0
1.0,0.9649445,0.26344442,0
1.0,0.9702088,0.27774325,0
1.0,0.9685144,0.28305203,0
1.0,0.9648604,0.28502205,0
1.0,0.96207887,0.31628406,0
1.0,0.9641544,0.3512012,0
1.0,0.9654377,0.35823625,0
1.0,0.9615464,0.3526805,0
1.0,0.9575193,0.34812114,0
1.0,0.9580646,0.34983307,0
1.0,0.9509188,0.33852592,0
1.0,0.9398138,0.31795284,0
1.0,0.9426463,0.32424384,0
1.0,0.9469542,0.33878395,0
1.0,0.959276,0.36371452,0
1.0,0.9594406,0.3720765,0
1.0,0.9595032,0.37969714,0
1.0,0.9671203,0.40468925,0
1.0,0.9698221,0.4250479,0
1.0,0.9598026,0.46152532,0
1.0,0.9449664,0.47507617,0
1.0,0.9402517,0.47640795,0
1.0,0.94504607,0.5211738,0
1.0,0.92029715,0.5012529,0
1.0,0.89666945,0.47246215,0
1.0,0.89507914,0.4822671,0
1.0,0.92576385,0.50722986,0
1.0,0.90184414,0.4597629,0
1.0,0.88659525,0.41579682,0
1.0,0.89284,0.39483166,0
1.0,0.92458326,0.41232654,0
1.0,0.90851337,0.37503952,0
1.0,0.8918234,0.3552163,0
1.0,0.88535225,0.34542465,0
1.0,0.9262198,0.3855266,0
1.0,0.90709335,0.37259007,0
1.0,0.8738958,0.3146972,0
1.0,0.8751119,0.30435437,0
1.0,0.89075685,0.32916886,0
1.0,0.85326344,0.29583597,0
1.0,0.8289761,0.2936643,0
1.0,0.80174905,0.28300056,0
1.0,0.8419055,0.33416867,0
1.0,0.8489707,0.35994706,0
1.0,0.8339534,0.3416614,0
1.0,0.8295132,0.33329815,0
1.0,0.8420639,0.34515786,0
1.0,0.84395957,0.3525982,0
1.0,0.80390537,0.31673825,0
1.0,0.79045206,0.3016637,0
1.0,0.7663847,0.28468144,0
1.0,0.7739939,0.26381832,0
1.0,0.7157195,0.20595658,0
1.0,0.6970591,0.22338489,0
1.0,0.6931228,0.2098125,0
1.0,0.72526336,0.24127415,0
1.0,0.70607674,0.23690276,0
1.0,0.71984065,0.2459936,0
1.0,0.688614,0.23863861,0
1.0,0.682517,0.24771532,0
1.0,0.67450464,0.25000048,0
1.0,0.6660626,0.26454484,0
1.0,0.64085317,0.24440491,0
1.0,0.64915645,0.2521008,0
1.0,0.66963404,0.2719248,0
1.0,0.6939191,0.29545033,0
1.0,0.69612694,0.30504858,0
1.0,0.7029363,0.32014832,0
1.0,0.7069662,0.34020078,0
1.0,0.7467745,0.38664168,0
1.0,0.7444267,0.38492304,0
1.0,0.75760615,0.4277705,0
1.0,0.7695958,0.4476828,0
1.0,0.7936572,0.5038596,0
1.0,0.7909393,0.5304168,0
1.0,0.79656,0.5556971,0
1.0,0.818116,0.6398748,0
1.0,0.8426487,0.68539554,0
1.0,0.84592587,0.6961115,0
1.0,0.84480095,0.7119169,0
1.0,0.84610146,0.7190442,0
1.0,0.8591716,0.75691235,0
1.0,0.8545387,0.74573827,0
1.0,0.8527544,0.75051546,0
1.0,0.8554376,0.7590004,0
1.0,0.8621139,0.74212265,0
1.0,0.8528001,0.71760714,0
1.0,0.8437623,0.68916947,0
1.0,0.84430104,0.6803993,0
1.0,0.8571154,0.6950463,0
1.0,0.85206896,0.66667217,0
1.0,0.8398043,0.6465378,0
1.0,0.8453633,0.6594335,0
1.0,0.85272074,0.67144793,0
1.0,0.87267166,0.7181212,0
1.0,0.85595614,0.69820976,0
1.0,0.86644405,0.7173767,0
1.0,0.88118213,0.7532393,0
1.0,0.88367254,0.7742099,0
1.0,0.8610809,0.7758207,0
1.0,0.8659686,0.806728,0
1.0,0.89395005,0.86115706,0
1.0,0.90369993,0.89810324,0
1.0,0.8847133,0.8722216,0
1.0,0.89172256,0.89906996,0
1.0,0.9076704,0.91186446,0
1.0,0.90804756,0.8968142,0
1.0,0.879498,0.8433976,0
1.0,0.88448256,0.8120613,0
1.0,0.8985441,0.8517606,0
1.0,0.9044844,0.8780407,0
1.0,0.87868893,0.84009254,0
1.0,0.8804265,0.88329625,0
1.0,0.8859913,0.91620255,0
1.0,0.8869756,0.9490678,0
1.0,0.85006404,0.90975404,0
1.0,0.8572697,0.9525198,0
1.0,0.8558698,0.9732069,0
1.0,0.8299934,0.93477046,0
1.0,0.7880834,0.87941384,0
1.0,0.7946651,0.9126871,0
1.0,0.78789645,0.93755776,0
1.0,0.7975345,0.9863809,0
1.0,0.77319205,0.93067765,0
1.0,0.80029047,0.9753601,0
1.0,0.77789956,0.9230899,0
1.0,0.77883315,0.9184021,0
1.0,0.7713506,0.9080107,0
1.0,0.78394,0.94103146,0
1.0,0.7729034,0.91846216,0
1.0,0.77690196,0.9062074,0
1.0,0.7711898,0.8577502,0
1.0,0.7681129,0.838128,0
1.0,0.7667005,0.85704446,0
1.0,0.78949296,0.90370655,0
1.0,0.802544,0.9287933,0
1.0,0.8032407,0.9652777,0
1.0,0.81120723,1.0242212,0
1.0,0.83687764,1.1000309,0
1.0,0.8500572,1.1282202,0
1.0,0.85140383,1.1370883,0
1.0,0.8473975,1.1343704,0
1.0,0.8612424,1.1561365,0
1.0,0.86854666,1.1534213,0
1.0,0.86407536,1.1217645,0
1.0,0.85866565,1.1028239,0
1.0,0.86110604,1.0911992,0
1.0,0.87164927,1.0925851,0
1.0,0.8513335,1.0206232,0
1.0,0.8458157,0.9840727,0
1.0,0.8439746,0.9872779,0
1.0,0.8515571,0.9905439,0
1.0,0.8356522,0.94031703,0
1.0,0.8347471,0.9367957,0
1.0,0.83734155,0.94087005,0
1.0,0.85712564,0.9900317,0
1.0,0.85898995,0.99807006,0
1.0,0.84626424,0.97193795,0
1.0,0.84609765,0.99557984,0
1.0,0.8530157,1.0240533,0
1.0,0.8478464,1.0176241,0
1.0,0.8267556,0.98444754,0
1.0,0.81998146,0.97176373,0
1.0,0.82529426,0.98790246,0
1.0,0.8215395,0.96911013,0
1.0,0.8140517,0.9193723,0
1.0,0.81442386,0.9072093,0
1.0,0.81543845,0.87673515,0
1.0,0.8049532,0.79657495,0
1.0,0.8014127,0.74871385,0
1.0,0.78545046,0.6818834,0
1.0,0.7880486,0.66526335,0
1.0,0.7883581,0.6615293,0
1.0,0.7867974,0.672775,0
1.0,0.8061555,0.74339175,0
1.0,0.810476,0.7761595,0
1.0,0.8201668,0.81361055,0
1.0,0.82044894,0.82954305,0
1.0,0.8441527,0.87523806,0
1.0,0.8374483,0.87754583,0
1.0,0.82822996,0.9056549,0
1.0,0.84114796,0.95546854,0
1.0,0.8436012,0.9772053,0
1.0,0.8370469,1.0128583,0
1.0,0.83028793,1.0112073,0
1.0,0.84459466,1.0115685,0
1.0,0.854168,1.0242295,0
1.0,0.8581669,1.0303066,0
1.0,0.8484777,1.0119376,0
1.0,0.85659915,1.0279094,0
1.0,0.8560019,1.0109344,0
1.0,0.8641377,1.0459702,0
1.0,0.85198843,1.0235823,0
1.0,0.8491859,1.014811,0
1.0,0.8525983,1.0491464,0
1.0,0.8632273,1.0660689,0
1.0,0.84908324,1.0423095,0
1.0,0.8462642,1.068394,0
1.0,0.8257932,1.0421183,0
1.0,0.8355964,1.0883071,0
1.0,0.81247324,1.0519212,0
1.0,0.8119895,1.0412552,0
1.0,0.7862709,0.9954996,0
1.0,0.81139207,1.0315167,0
1.0,0.8303103,1.0430025,0
1.0,0.8567671,1.0431165,0
1.0,0.8615132,0.983799,0
1.0,0.88026744,0.97276956,0
1.0,0.89038724,0.9384155,0
1.0,0.8964256,0.89059824,0
1.0,0.89020205,0.8462349,0
1.0,0.8851806,0.79722893,0
1.0,0.87865776,0.72571003,0
1.0,0.8751632,0.6838895,0
1.0,0.8767057,0.64747083,0
1.0,0.875134,0.60803825,0
1.0,0.8898174,0.6286254,0
1.0,0.91708124,0.67629546,0
1.0,0.933274,0.728856,0
1.0,0.9386631,0.74916095,0
1.0,0.9492653,0.77331877,0
1.0,0.96055144,0.83707887,0
1.0,0.96267176,0.85911053,0
1.0,0.95858073,0.8450879,0
1.0,0.958442,0.88263077,0
1.0,0.9640713,0.9010496,0
1.0,0.9654269,0.8815619,0
1.0,0.9595991,0.87768316,0
1.0,0.9525057,0.8616823,0
1.0,0.94982547,0.83436006,0
1.0,0.9447422,0.8060868,0
1.0,0.9315967,0.77160513,0
1.0,0.9214847,0.75084305,0
1.0,0.9208713,0.7411076,0
1.0,0.9185261,0.74572724,0
1.0,0.907468,0.7533736,0
1.0,0.9100338,0.78543866,0
1.0,0.91596466,0.8519168,0
1.0,0.91361874,0.8672249,0
1.0,0.8957081,0.85641706,0
1.0,0.89048666,0.9047222,0
1.0,0.8837621,0.90344965,0
1.0,0.875127,0.8969883,0
1.0,0.8507537,0.88996637,0
1.0,0.84421504,0.90234077,0
1.0,0.8261117,0.8868386,0
1.0,0.8385644,0.91604275,0
1.0,0.8083554,0.8469551,0
1.0,0.8275286,0.868213,0
1.0,0.8174161,0.8428881,0
1.0,0.830187,0.8362105,0
1.0,0.7993508,0.7675482,0
1.0,0.8062994,0.79156506,0
1.0,0.8170619,0.7987014,0
1.0,0.8253833,0.802378,0
1.0,0.8195182,0.8057221,0
1.0,0.8299705,0.81699735,0
1.0,0.8533819,0.8974652,0
1.0,0.8616113,0.9861816,0
1.0,0.8543266,0.9943952,0
1.0,0.85817796,1.0413114,0
1.0,0.87354106,1.1346052,0
1.0,0.8826262,1.1770582,0
1.0,0.8781114,1.1891361,0
1.0,0.87438285,1.2177527,0
1.0,0.88046664,1.2569656,0
1.0,0.87882555,1.2540376,0
1.0,0.8604869,1.2175632,0
1.0,0.8515932,1.1993897,0
1.0,0.864145,1.1833653,0
1.0,0.8629853,1.1668149,0
1.0,0.86957633,1.1756855,0
1.0,0.86369896,1.1332479,0
1.0,0.88156563,1.164227,0
1.0,0.87983525,1.1613032,0
1.0,0.8845501,1.1548887,0
1.0,0.8721353,1.1094679,0
1.0,0.8732091,1.1067309,0
1.0,0.8583784,1.0785094,0
1.0,0.8502671,1.0577505,0
1.0,0.8367134,1.0432209,0
1.0,0.8321381,1.0497208,0
1.0,0.81863433,1.023124,0
1.0,0.82474864,1.0414946,0
1.0,0.8310916,1.0457007,0
1.0,0.82929456,1.0156833,0
1.0,0.82378113,0.9899376,0
1.0,0.8328511,0.9708283,0
1.0,0.83096045,0.9297153,0
1.0,0.8181945,0.861603,0
1.0,0.7964709,0.7584008,0
1.0,0.7999829,0.7311597,0
1.0,0.7990769,0.6895529,0
1.0,0.778355,0.59317,0
1.0,0.7459706,0.51745504,0
1.0,0.7262571,0.4903952,0
1.0,0.73673767,0.49157792,0
1.0,0.71709025,0.46320987,0
1.0,0.73021233,0.49189937,0
1.0,0.7285128,0.4860051,0
1.0,0.7594794,0.5438918,0
1.0,0.75009876,0.5533827,0
1.0,0.7635464,0.5845654,0
1.0,0.76216394,0.60587513,0
1.0,0.769309,0.6229704,0
1.0,0.7592193,0.615703,0
1.0,0.78158265,0.6701648,0
1.0,0.77228767,0.6576911,0
1.0,0.77296776,0.6582879,0
1.0,0.7730568,0.6568378,0
1.0,0.79764795,0.7025419,0
1.0,0.78197765,0.68883044,0
1.0,0.7906286,0.70208454,0
1.0,0.7875125,0.67829025,0
1.0,0.8076804,0.6854402,0
1.0,0.79185843,0.6424221,0
1.0,0.81284463,0.6575581,0
1.0,0.8294131,0.66574734,0
1.0,0.8525939,0.69521916,0
1.0,0.8296564,0.6577914,0
1.0,0.8473163,0.67800736,0
1.0,0.84769225,0.65907437,0
1.0,0.8295512,0.6184186,0
1.0,0.8038039,0.584265,0
1.0,0.81367505,0.5989752,0
1.0,0.7991422,0.5822305,0
1.0,0.79952955,0.5857875,0
1.0,0.7801171,0.53326225,0
1.0,0.82233596,0.5698419,0
1.0,0.81570584,0.5592911,0
1.0,0.81445867,0.57771176,0
1.0,0.80033314,0.5888629,0
1.0,0.8331357,0.65305024,0
1.0,0.82995844,0.6504768,0
1.0,0.8210619,0.64754075,0
1.0,0.82992876,0.6611186,0
1.0,0.84489745,0.6916153,0
1.0,0.84560835,0.7329973,0
1.0,0.8437626,0.74601483,0
1.0,0.8444781,0.76131874,0
1.0,0.84850115,0.82218033,0
1.0,0.8338648,0.8138596,0
1.0,0.8200519,0.78764224,0
1.0,0.83889467,0.82199407,0
1.0,0.8486689,0.8269054,0
1.0,0.84704745,0.8277858,0
1.0,0.8630441,0.86812997,0
1.0,0.8731133,0.8857479,0
1.0,0.88384163,0.89822507,0
1.0,0.8864967,0.91212034,0
1.0,0.8904595,0.9225542,0
1.0,0.89065856,0.91009057,0
1.0,0.879034,0.8932006,0
1.0,0.8709889,0.8902052,0
1.0,0.87299246,0.8948202,0
1.0,0.876285,0.89516234,0
1.0,0.8552327,0.8589045,0
1.0,0.8402235,0.84882003,0
1.0,0.8505927,0.8692081,0
1.0,0.8548536,0.88187134,0
1.0,0.8328879,0.8530921,0
1.0,0.8262177,0.81652087,0
1.0,0.85103536,0.8127656,0
1.0,0.86024547,0.7951138,0
1.0,0.8378766,0.70931756,0
1.0,0.8271154,0.671563,0
1.0,0.8507075,0.7025461,0
1.0,0.8520218,0.67576534,0
1.0,0.8146167,0.6085351,0
1.0,0.7919121,0.5357709,0
1.0,0.8072905,0.5146482,0
1.0,0.809436,0.4947023,0
1.0,0.76999104,0.39445686,0
1.0,0.7261652,0.33344406,0
1.0,0.77128613,0.39978886,0
1.0,0.7608601,0.38246268,0
1.0,0.7861278,0.4313729,0
1.0,0.7765627,0.4298461,0
1.0,0.82412535,0.49502748,0
1.0,0.8216891,0.5063245,0
1.0,0.84292066,0.5479067,0
1.0,0.8160144,0.5246576,0
1.0,0.8236406,0.5474645,0
1.0,0.7965437,0.5400629,0
1.0,0.8357817,0.6440972,0
1.0,0.80569357,0.6047803,0
1.0,0.81150436,0.62982774,0
1.0,0.79708344,0.63325,0
1.0,0.8367319,0.6925657,0
1.0,0.8070466,0.6480621,0
1.0,0.8143788,0.6864283,0
1.0,0.79953337,0.67476004,0
1.0,0.8438075,0.78300726,0
1.0,0.8166593,0.77452314,0
1.0,0.813202,0.79278815,0
1.0,0.7874058,0.7872549,0
1.0,0.8326075,0.9020062,0
1.0,0.81024265,0.8919426,0
1.0,0.79606855,0.87848663,0
1.0,0.7860296,0.8783597,0
1.0,0.805052,0.92289996,0
1.0,0.76769346,0.8569114,0
1.0,0.74765116,0.84750897,0
1.0,0.73089135,0.84693277,0
1.0,0.7572383,0.9062005,0
1.0,0.7450917,0.89064693,0
1.0,0.758039,0.90447927,0
1.0,0.7568637,0.8961494,0
1.0,0.7818198,0.9247098,0
1.0,0.7869938,0.91751385,0
1.0,0.8065565,0.9455184,0
1.0,0.803726,0.93554294,0
1.0,0.81441516,0.9487318,0
1.0,0.8190804,0.94030166,0
1.0,0.8158499,0.93036985,0
1.0,0.8027254,0.8947556,0
1.0,0.8105809,0.8769075,0
1.0,0.82707614,0.90526015,0
1.0,0.8242145,0.9123758,0
1.0,0.82013386,0.9261423,0
1.0,0.827006,0.95057094,0
1.0,0.85148174,0.98584443,0
1.0,0.85182863,0.9856835,0
1.0,0.8522867,1.0046053,0
1.0,0.8517384,0.9854482,0
1.0,0.8724919,1.0302062,0
1.0,0.87061554,1.0374787,0
1.0,0.86525095,0.98810995,0
1.0,0.8604598,0.96755743,0
1.0,0.8721542,0.97755456,0
1.0,0.86630553,0.9525978,0
1.0,0.85810167,0.94434154,0
1.0,0.84246874,0.9170167,0
1.0,0.8424766,0.93748426,0
1.0,0.82382524,0.9035983,0
1.0,0.8105836,0.8688527,0
1.0,0.79686326,0.86025697,0
1.0,0.8063536,0.8663783,0
1.0,0.80243367,0.8547373,0
1.0,0.8050023,0.8734935,0
1.0,0.7920004,0.85289454,0
1.0,0.7915999,0.8680512,0
1.0,0.7955456,0.88889897,0
1.0,0.7879682,0.8645668,0
1.0,0.78236645,0.8500962,0
1.0,0.785349,0.848591,0
1.0,0.82447,0.9027504,0
1.0,0.8463515,0.91760486,0
1.0,0.8694905,0.93134856,0
1.0,0.87337375,0.91760045,0
1.0,0.89159554,0.91378117,0
1.0,0.9011836,0.873298,0
1.0,0.9047106,0.8581171,0
1.0,0.90738446,0.8693723,0
1.0,0.92380965,0.8793056,0
1.0,0.93443644,0.8599646,0
1.0,0.9414051,0.8566803,0
1.0,0.9458932,0.84782547,0
1.0,0.95563686,0.8743448,0
1.0,0.95900726,0.9121717,0
1.0,0.96130896,0.9453125,0
1.0,0.961555,0.997736,0
1.0,0.96299136,1.0087558,0
1.0,0.96277064,1.0064816,0
1.0,0.96391565,1.0116879,0
1.0,0.9630693,0.9967345,0
1.0,0.96306497,0.99644053,0
1.0,0.9631308,0.98059875,0
1.0,0.9622606,0.9470885,0
1.0,0.96198136,0.9377036,0
1.0,0.961004,0.9191414,0
1.0,0.96205246,0.89479834,0
1.0,0.96195894,0.8864018,0
1.0,0.9649504,0.8650503,0
1.0,0.96627766,0.8619802,0
1.0,0.9677481,0.8977103,0
1.0,0.9648313,0.89969134,0
1.0,0.96402776,0.9455915,0
1.0,0.9593311,0.97164965,0
1.0,0.953788,0.9679694,0
1.0,0.9516787,0.9813137,0
1.0,0.9461298,0.99166435,0
1.0,0.92718667,0.9846059,0
1.0,0.9216314,1.0008845,0
1.0,0.92552173,1.0171366,0
1.0,0.93695784,1.0452371,0
1.0,0.93296504,1.0346475,0
1.0,0.9286472,1.0123014,0
1.0,0.93685895,1.0085453,0
1.0,0.9422594,0.99035954,0
1.0,0.93478614,0.92889816,0
1.0,0.9276245,0.8918189,0
1.0,0.9316243,0.84779525,0
1.0,0.94148874,0.80886275,0
1.0,0.9358625,0.8004116,0
1.0,0.92161965,0.7527653,0
1.0,0.92528534,0.74418837,0
1.0,0.9326014,0.74258596,0
1.0,0.9252435,0.71778727,0
1.0,0.8940962,0.6837187,0
1.0,0.90191436,0.6953769,0
1.0,0.9041878,0.7085321,0
1.0,0.8856771,0.6960074,0
1.0,0.84961635,0.64846504,0
1.0,0.84746975,0.65482235,0
1.0,0.86154854,0.68911874,0
1.0,0.85635483,0.6682622,0
1.0,0.8195192,0.59178466,0
1.0,0.8253614,0.6216131,0
1.0,0.8181703,0.58641887,0
1.0,0.80419326,0.5563813,0
1.0,0.7861155,0.54686487,0
1.0,0.7637381,0.5157049,0
1.0,0.7746528,0.5337591,0
1.0,0.7673898,0.5114018,0
1.0,0.7422266,0.47381866,0
1.0,0.7253957,0.4621355,0
1.0,0.71480435,0.44369972,0
1.0,0.71773803,0.46747437,0
1.0,0.71816355,0.47729117,0
1.0,0.69490993,0.44556463,0
1.0,0.71248597,0.48060834,0
1.0,0.7149711,0.4853578,0
1.0,0.7328045,0.5016736,0
1.0,0.7254433,0.5001212,0
1.0,0.72066283,0.47674623,0
1.0,0.7363799,0.49084425,0
1.0,0.7279613,0.49259818,0
1.0,0.71648604,0.4646793,0
1.0,0.70799816,0.46227437,0
1.0,0.73368704,0.50670695,0
1.0,0.72948694,0.48832,0
1.0,0.72749686,0.50415117,0
1.0,0.72013646,0.5063493,0
1.0,0.7462282,0.5565719,0
1.0,0.72077346,0.54486835,0
1.0,0.72234994,0.55061674,0
1.0,0.69969213,0.5362183,0
1.0,0.72775126,0.6017504,0
1.0,0.70804036,0.57384527,0
1.0,0.7328121,0.59585965,0
1.0,0.7406395,0.60207266,0
1.0,0.7651139,0.63008803,0
1.0,0.76778984,0.6172981,0
1.0,0.8087228,0.6693065,0
1.0,0.81656957,0.66409457,0
1.0,0.83981013,0.6840502,0
1.0,0.8460133,0.66963094,0
1.0,0.8586048,0.65936077,0
1.0,0.8718966,0.64622045,0
1.0,0.87403464,0.59933627,0
1.0,0.872008,0.57711536,0
1.0,0.8752729,0.5693287,0
1.0,0.88219565,0.5528605,0
1.0,0.8822848,0.5403345,0
1.0,0.8798625,0.5165748,0
1.0,0.8916966,0.51040363,0
1.0,0.91051525,0.55704904,0
1.0,0.92591065,0.560618,0
1.0,0.92262274,0.5280319,0
1.0,0.9339492,0.54360473,0
1.0,0.939946,0.5353317,0
1.0,0.9442354,0.51284873,0
1.0,0.9234226,0.47745562,0
1.0,0.93005687,0.46663624,0
1.0,0.9336362,0.45521557,0
1.0,0.93813974,0.45190132,0
1.0,0.9077063,0.39397672,0
1.0,0.8960633,0.3684163,0
1.0,0.8975592,0.33976316,0
1.0,0.8904074,0.30072907,0
1.0,0.82824004,0.24731757,0
1.0,0.8208938,0.24260211,0
1.0,0.83092993,0.24491122,0
1.0,0.8383174,0.25619572,0
1.0,0.7883207,0.2221217,0
1.0,0.7948828,0.22981724,0
1.0,0.8218805,0.26366767,0
1.0,0.83200425,0.28112048,0
1.0,0.7761561,0.24202377,0
1.0,0.7559556,0.23152867,0
1.0,0.7483529,0.22642928,0
1.0,0.71489745,0.2027507,0
1.0,0.6408553,0.14921951,0
1.0,0.6327186,0.14316519,0
1.0,0.660436,0.1625232,0
1.0,0.6856915,0.17909385,0
1.0,0.6456657,0.15255001,0
1.0,0.6816363,0.1824522,0
1.0,0.68616605,0.15858018,0
1.0,0.6902929,0.15686448,0
1.0,0.6404933,0.12500286,0
1.0,0.69717526,0.15266773,0
1.0,0.6676516,0.13630295,0
1.0,0.6876534,0.15319273,0
1.0,0.65262365,0.1279406,0
1.0,0.72615314,0.19006634,0
1.0,0.7409711,0.20705394,0
1.0,0.768437,0.23066229,0
1.0,0.7595185,0.23027283,0
1.0,0.8293936,0.3044831,0
1.0,0.83809996,0.33003345,0
1.0,0.830807,0.32388243,0
1.0,0.82150835,0.3107004,0
1.0,0.86868,0.3747356,0
1.0,0.88432074,0.3939603,0
1.0,0.8654748,0.3709285,0
1.0,0.85975677,0.36586463,0
1.0,0.87724555,0.38161647,0
1.0,0.8854611,0.3817586,0
1.0,0.8578391,0.34322575,0
1.0,0.88838947,0.36750287,0
1.0,0.89329624,0.3799905,0
1.0,0.90733826,0.40258706,0
1.0,0.8930561,0.39249617,0
1.0,0.9196703,0.44161898,0
1.0,0.915859,0.44288763,0
1.0,0.9290323,0.4616515,0
1.0,0.9192282,0.46513808,0
1.0,0.92807734,0.48434797,0
1.0,0.9005231,0.44578773,0
1.0,0.89147115,0.45245835,0
1.0,0.8733201,0.44774914,0
1.0,0.89343995,0.48089504,0
1.0,0.86217654,0.4466685,0
1.0,0.8501483,0.4257472,0
1.0,0.8538984,0.42559624,0
1.0,0.8648458,0.4373889,0
1.0,0.82702917,0.36848187,0
1.0,0.81314874,0.3327646,0
1.0,0.8445179,0.3507966,0
1.0,0.8546873,0.34095958,0
1.0,0.8283242,0.29991177,0
1.0,0.80738264,0.27146313,0
1.0,0.8194303,0.2904797,0
1.0,0.8175811,0.2891414,0
1.0,0.8000708,0.25612158,0
1.0,0.7784264,0.24857473,0
1.0,0.7967915,0.27620038,0
1.0,0.78090733,0.26139054,0
1.0,0.7779732,0.2681935,0
1.0,0.75994956,0.25433686,0
1.0,0.73856616,0.24850276,0
1.0,0.71537215,0.24302134,0
1.0,0.755776,0.27238932,0
1.0,0.7659597,0.2842391,0
1.0,0.7477167,0.2651392,0
1.0,0.73578393,0.24162917,0
1.0,0.78091455,0.28272688,0
1.0,0.83077204,0.33284226,0
1.0,0.8028724,0.29151034,0
1.0,0.7961017,0.2789824,0
1.0,0.81474024,0.2898516,0
1.0,0.82854706,0.28421485,0
1.0,0.7567346,0.20684615,0
1.0,0.7479781,0.19113284,0
1.0,0.7624406,0.19292621,0
1.0,0.81120974,0.22459264,0
1.0,0.74508286,0.17171025,0
1.0,0.7459082,0.1684167,0
1.0,0.73434407,0.15943712,0
1.0,0.76714784,0.18094125,0
1.0,0.6901706,0.12741014,0
1.0,0.6929347,0.12690736,0
1.0,0.6711532,0.11638512,0
1.0,0.7057204,0.1240619,0
1.0,0.6558322,0.094665155,0
1.0,0.68055856,0.10295652,0
1.0,0.66553754,0.09040782,0
1.0,0.6837678,0.08320364,0
1.0,0.63393855,0.05940146,0
1.0,0.6378785,0.057534367,0
1.0,0.6131927,0.049865488,0
1.0,0.60021216,0.048319317,0
1.0,0.5572216,0.038336627,0
1.0,0.5680245,0.028582104,0
1.0,0.55531293,0.03793574,0
1.0,0.5846597,0.043696582,0
1.0,0.61099607,0.047825646,0
1.0,0.6511742,0.06370056,0
1.0,0.6439706,0.07144296,0
1.0,0.68226403,0.08672253,0
1.0,0.7093321,0.10267457,0
1.0,0.74564475,0.118545294,0
1.0,0.7119413,0.10990324,0
1.0,0.7211663,0.12292181,0
1.0,0.728897,0.12943015,0
1.0,0.7625689,0.15048394,0
1.0,0.7454494,0.1399849,0
1.0,0.77405965,0.15689883,0
1.0,0.80731195,0.175367,0
1.0,0.8453769,0.20926452,0
1.0,0.84169436,0.21119666,0
1.0,0.8502349,0.21630675,0
1.0,0.8632397,0.24972224,0
1.0,0.86375535,0.26652226,0
1.0,0.86062515,0.2669093,0
1.0,0.8664748,0.29666793,0
1.0,0.8612021,0.3192488,0
1.0,0.87548625,0.3512903,0
1.0,0.8650225,0.35444182,0
1.0,0.881968,0.39537597,0
1.0,0.8763877,0.42218202,0
1.0,0.8787394,0.44499958,0
1.0,0.8662261,0.43594223,0
1.0,0.87591076,0.449023,0
1.0,0.87538034,0.45626244,0
1.0,0.86667097,0.4415602,0
1.0,0.8835205,0.4403931,0
1.0,0.91915035,0.46573305,0
1.0,0.92502654,0.45932227,0
1.0,0.9251389,0.43820897,0
1.0,0.92458695,0.41557854,0
1.0,0.9373355,0.41667402,0
1.0,0.9269469,0.38967457,0
1.0,0.9179659,0.37191397,0
1.0,0.90519047,0.34800553,0
1.0,0.92249227,0.3482596,0
1.0,0.9119991,0.32853526,0
1.0,0.90848774,0.32324344,0
1.0,0.88580835,0.3053807,0
1.0,0.8919291,0.3111786,0
1.0,0.8932706,0.31331283,0
1.0,0.8686606,0.28401774,0
1.0,0.8505842,0.2640957,0
1.0,0.8450653,0.2610165,0
1.0,0.8452833,0.23738046,0
1.0,0.8234497,0.20817408,0
1.0,0.81249917,0.20058392,0
1.0,0.80454534,0.17602915,0
1.0,0.7991985,0.15388519,0
1.0,0.7578231,0.119485624,0
1.0,0.70143646,0.09911148,0
1.0,0.65284175,0.08369629,0
1.0,0.63067615,0.06172006,0
1.0,0.5856672,0.058316767,0
1.0,0.5643738,0.060553357,0
1.0,0.60406834,0.0481902,0
1.0,0.63803935,0.04571762,0
1.0,0.6384005,0.048594445,0
1.0,0.65106195,0.04744795,0
1.0,0.7137698,0.045053653,0
1.0,0.7314869,0.045680523,0
1.0,0.658405,0.052213967,0
1.0,0.6432125,0.052659664,0
1.0,0.7247665,0.054105308,0
1.0,0.7447519,0.057525724,0
1.0,0.6720474,0.050160743,0
1.0,0.6608334,0.051225558,0
1.0,0.7418079,0.057411633,0
1.0,0.805054,0.0760289,0
1.0,0.7266623,0.062885255,0
1.0,0.7145623,0.06184076,0
1.0,0.7814306,0.07000761,0
1.0,0.8241032,0.08367138,0
1.0,0.7940884,0.07732883,0
1.0,0.81015223,0.08339213,0
1.0,0.8555975,0.09811606,0
1.0,0.89401174,0.119821,0
1.0,0.8703669,0.11106287,0
1.0,0.8368908,0.09424316,0
1.0,0.8171034,0.093051314,0
1.0,0.8369704,0.10008722,0
1.0,0.80587745,0.08713334,0
1.0,0.7685606,0.073972106,0
1.0,0.7433663,0.06649941,0
1.0,0.7714312,0.07228189,0
1.0,0.79286677,0.07926745,0
1.0,0.797482,0.079275504,0
1.0,0.76850295,0.06803849,0
1.0,0.7911793,0.0632714,0
1.0,0.81327367,0.064616375,0
1.0,0.80043674,0.06562349,0
1.0,0.77344877,0.06004565,0
1.0,0.7722854,0.060418487,0
1.0,0.77987236,0.052478522,0
1.0,0.78738636,0.053246625,0
1.0,0.7430573,0.047489196,0
1.0,0.74536294,0.046793282,0
1.0,0.7020569,0.047467425,0
1.0,0.700306,0.05275876,0
1.0,0.71523666,0.055703234,0
1.0,0.76113594,0.06496062,0
1.0,0.7425796,0.07584098,0
1.0,0.7825648,0.09155087,0
1.0,0.8265691,0.10986598,0
1.0,0.85380435,0.12325245,0
1.0,0.783925,0.094149396,0
1.0,0.8125347,0.10424212,0
1.0,0.85648537,0.12425254,0
1.0,0.87936646,0.14290898,0
1.0,0.81652725,0.11172889,0
1.0,0.81666756,0.11203784,0
1.0,0.8258519,0.11287412,0
1.0,0.84103924,0.116580606,0
1.0,0.7709273,0.089478485,0
1.0,0.7811302,0.10660057,0
1.0,0.79262,0.113658085,0
1.0,0.79832953,0.1188141,0
1.0,0.7432263,0.09985148,0
1.0,0.7532346,0.11094175,0
1.0,0.7792757,0.12630314,0
1.0,0.7877553,0.12912293,0
1.0,0.78015673,0.12696491,0
1.0,0.7544751,0.11628012,0
1.0,0.7189332,0.101750255,0
1.0,0.6914696,0.08946389,0
1.0,0.6775342,0.08535525,0
1.0,0.6558645,0.08186993,0
1.0,0.6108499,0.06777811,0
1.0,0.58920705,0.062906235,0
1.0,0.6264602,0.07038595,0
1.0,0.6123761,0.06366536,0
1.0,0.554087,0.05413179,0
1.0,0.5338759,0.05316462,0
1.0,0.57439506,0.05023385,0
1.0,0.57879865,0.051208124,0
1.0,0.571854,0.04565463,0
1.0,0.5783769,0.0477295,0
1.0,0.607284,0.051843412,0
1.0,0.6101381,0.050282463,0
1.0,0.6196645,0.05235877,0
1.0,0.6422823,0.054337792,0
1.0,0.6296382,0.051656995,0
1.0,0.6357291,0.054991737,0
1.0,0.6044931,0.048665844,0
1.0,0.6304139,0.058837373,0
1.0,0.6167162,0.067815006,0
1.0,0.6901355,0.074151784,0
1.0,0.6739203,0.070142075,0
1.0,0.7100806,0.07632375,0
1.0,0.6823128,0.069086,0
1.0,0.77481204,0.09619008,0
1.0,0.80911887,0.1172981,0
1.0,0.87367094,0.17396873,0
1.0,0.86575645,0.1857796,0
1.0,0.9033191,0.2249307,0
1.0,0.9137651,0.2487013,0
1.0,0.92951673,0.3019693,0
1.0,0.92156774,0.35334122,0
1.0,0.93112206,0.38169098,0
1.0,0.93577313,0.42242745,0
1.0,0.9430721,0.45140463,0
1.0,0.93820405,0.45423928,0
1.0,0.94646466,0.48084924,0
1.0,0.947649,0.47786772,0
1.0,0.9537796,0.47017017,0
1.0,0.9581001,0.4638918,0
1.0,0.9630507,0.46173236,0
1.0,0.9675428,0.46203205,0
1.0,0.9711274,0.46972606,0
1.0,0.9712605,0.46803355,0
1.0,0.9706227,0.45880497,0
1.0,0.9721797,0.46420306,0
1.0,0.9719216,0.4678544,0
1.0,0.9707008,0.4810483,0
1.0,0.9695151,0.50103444,0
1.0,0.9697576,0.52480173,0
1.0,0.96930337,0.5458994,0
1.0,0.96622765,0.55037606,0
1.0,0.9649777,0.5696885,0
1.0,0.9624862,0.6097943,0
1.0,0.9597361,0.6385058,0
1.0,0.9512665,0.63513607,0
1.0,0.95388067,0.63760114,0
1.0,0.9578277,0.6516681,0
1.0,0.95820385,0.64271927,0
1.0,0.9477661,0.6264863,0
1.0,0.9498801,0.6413951,0
1.0,0.94853175,0.62976664,0
1.0,0.9360798,0.594836,0
1.0,0.90594923,0.536605,0
1.0,0.9039641,0.5288001,0
1.0,0.91045713,0.534514,0
1.0,0.90149426,0.5348807,0
1.0,0.86058825,0.5203098,0
1.0,0.8788177,0.5792701,0
1.0,0.8967416,0.621964,0
1.0,0.9009008,0.6582233,0
1.0,0.8590336,0.63879555,0
1.0,0.8621323,0.66383564,0
1.0,0.85781115,0.67684734,0
1.0,0.83587694,0.66025406,0
1.0,0.7611775,0.56106937,0
1.0,0.7505674,0.54879355,0
1.0,0.7818686,0.5924887,0
1.0,0.8154237,0.641153,0
1.0,0.82081,0.644517,0
1.0,0.83017194,0.64930165,0
1.0,0.84842825,0.66359925,0
1.0,0.8639234,0.6792195,0
1.0,0.8592861,0.6707391,0
1.0,0.8472029,0.6404357,0
1.0,0.8503759,0.61305404,0
1.0,0.8741593,0.6221396,0
1.0,0.8666023,0.598891,0
1.0,0.8411382,0.562709,0
1.0,0.8357245,0.5609603,0
1.0,0.86926085,0.60504067,0
1.0,0.8828755,0.6107686,0
1.0,0.8471108,0.5351927,0
1.0,0.85043865,0.5367862,0
1.0,0.8746844,0.5571819,0
1.0,0.8929177,0.5393169,0
1.0,0.8535771,0.47188777,0
1.0,0.8536781,0.45657796,0
1.0,0.8667554,0.43870342,0
1.0,0.8879151,0.41790915,0
1.0,0.8448016,0.32149678,0
1.0,0.8109031,0.27338657,0
1.0,0.81858724,0.25349295,0
1.0,0.8119656,0.21168727,0
1.0,0.7601205,0.15856573,0
1.0,0.7166946,0.11685409,0
1.0,0.7522244,0.12542354,0
1.0,0.75944716,0.12392418,0
1.0,0.7231299,0.101355165,0
1.0,0.70093155,0.0919829,0
1.0,0.7340197,0.111631654,0
1.0,0.74302936,0.11891846,0
1.0,0.7406862,0.12502071,0
1.0,0.7364463,0.12186436,0
1.0,0.7396299,0.11891814,0
1.0,0.72654694,0.11498053,0
1.0,0.6977649,0.10808157,0
1.0,0.66663903,0.09287657,0
1.0,0.674159,0.09646654,0
1.0,0.66097677,0.09348806,0
1.0,0.6222156,0.0732968,0
1.0,0.5986226,0.05174064,0
1.0,0.6212593,0.0545612,0
1.0,0.61716664,0.055280145,0
1.0,0.58188343,0.04979729,0
1.0,0.601862,0.056448102,0
1.0,0.64199317,0.08105205,0
1.0,0.67069054,0.10224167,0
1.0,0.65075517,0.094219305,0
1.0,0.6886915,0.11432156,0
1.0,0.7209799,0.14206767,0
1.0,0.7236613,0.1574463,0
1.0,0.6705187,0.1302469,0
1.0,0.68278,0.14738053,0
1.0,0.71403044,0.18252419,0
1.0,0.70916545,0.18045297,0
1.0,0.6645477,0.15253899,0
1.0,0.6743798,0.16120587,0
1.0,0.74829245,0.21836373,0
1.0,0.73378474,0.21446532,0
1.0,0.7321265,0.21454832,0
1.0,0.7278612,0.20904142,0
1.0,0.79882264,0.28386784,0
1.0,0.7569874,0.24418086,0
1.0,0.7535273,0.23334028,0
1.0,0.7389605,0.2267615,0
1.0,0.80106145,0.2992738,0
1.0,0.765579,0.28345805,0
1.0,0.80167717,0.32208806,0
1.0,0.756083,0.28021252,0
1.0,0.8052951,0.33658606,0
1.0,0.76070654,0.28432047,0
1.0,0.77730376,0.303133,0
1.0,0.72307736,0.25652412,0
1.0,0.79346156,0.33109373,0
1.0,0.75118434,0.28407204,0
1.0,0.8017023,0.32410657,0
1.0,0.7461283,0.26407778,0
1.0,0.7989743,0.29950112,0
1.0,0.7763727,0.26389927,0
1.0,0.82669,0.30800146,0
1.0,0.78999764,0.26606143,0
1.0,0.79759175,0.27574247,0
1.0,0.7894636,0.2612893,0
1.0,0.8295683,0.29504272,0
1.0,0.7828204,0.24157566,0
1.0,0.7933179,0.23781843,0
1.0,0.80494344,0.2523176,0
1.0,0.8476057,0.30929774,0
1.0,0.7923348,0.28020912,0
1.0,0.79503995,0.29449016,0
1.0,0.8253143,0.3216448,0
1.0,0.8405683,0.34099984,0
1.0,0.81727684,0.3152123,0
1.0,0.8147626,0.29778644,0
1.0,0.864962,0.34263977,0
1.0,0.90040946,0.37884644,0
1.0,0.87580764,0.3446197,0
1.0,0.85470915,0.30495894,0
1.0,0.89522743,0.31404638,0
1.0,0.89938635,0.2989247,0
1.0,0.87498224,0.26480335,0
1.0,0.85617334,0.24367356,0
1.0,0.89880496,0.28053814,0
1.0,0.8919671,0.26891646,0
1.0,0.8623369,0.24712,0
1.0,0.88417655,0.26933524,0
1.0,0.9173489,0.30392593,0
1.0,0.921548,0.32143337,0
1.0,0.910142,0.31320816,0
1.0,0.9267268,0.33161685,0
1.0,0.9399617,0.3603226,0
1.0,0.9315257,0.36528158,0
1.0,0.9073839,0.3461991,0
1.0,0.91950387,0.35421735,0
1.0,0.9298387,0.36399806,0
1.0,0.92751193,0.36787304,0
1.0,0.8919265,0.32454717,0
1.0,0.9079257,0.33930182,0
1.0,0.9032868,0.327869,0
1.0,0.89543253,0.29230678,0
1.0,0.8501538,0.22526711,0
1.0,0.8802616,0.24331233,0
1.0,0.8838422,0.24000703,0
1.0,0.89969534,0.25650495,0
1.0,0.8700358,0.240129,0
1.0,0.9047799,0.2862237,0
1.0,0.9110217,0.30559283,0
1.0,0.92396426,0.32183352,0
1.0,0.895911,0.30495763,0
1.0,0.89250386,0.3241883,0
1.0,0.8603621,0.31054664,0
1.0,0.8538693,0.32086864,0
1.0,0.80835587,0.2782265,0
1.0,0.80405724,0.27988762,0
1.0,0.78061914,0.25931934,0
1.0,0.810645,0.29244852,0
1.0,0.8110767,0.29187804,0
1.0,0.8383279,0.31451446,0
1.0,0.7931759,0.27611715,0
1.0,0.8275004,0.31788215,0
1.0,0.81350845,0.29971644,0
1.0,0.83266634,0.32877913,0
1.0,0.7674642,0.25890338,0
1.0,0.7803657,0.2730418,0
1.0,0.747666,0.25000563,0
1.0,0.7696417,0.27771562,0
1.0,0.7000779,0.23656401,0
1.0,0.7391417,0.2816675,0
1.0,0.72469985,0.28580755,0
1.0,0.75919586,0.35907695,0
1.0,0.689669,0.29617685,0
1.0,0.7660135,0.38102308,0
1.0,0.74742377,0.36089113,0
1.0,0.8004107,0.42273024,0
1.0,0.7740282,0.39263564,0
1.0,0.84796757,0.48444927,0
1.0,0.82983166,0.45273894,0
1.0,0.8556928,0.47168258,0
1.0,0.8298099,0.42775047,0
1.0,0.88989997,0.50296086,0
1.0,0.8954843,0.4955337,0
1.0,0.9140565,0.4943259,0
1.0,0.910971,0.4685102,0
1.0,0.9361547,0.47754407,0
1.0,0.9365321,0.47078586,0
1.0,0.93450236,0.45675462,0
1.0,0.9184361,0.4333001,0
1.0,0.9337217,0.43930998,0
1.0,0.9401394,0.4293398,0
1.0,0.9312132,0.4183267,0
1.0,0.91038156,0.37561294,0
1.0,0.9244106,0.3677984,0
1.0,0.930709,0.36824337,0
1.0,0.9204731,0.34293175,0
1.0,0.88754666,0.30965456,0
1.0,0.90141815,0.3037528,0
1.0,0.9026213,0.2786929,0
1.0,0.8779438,0.2409091,0
1.0,0.82062787,0.17307279,0
1.0,0.83480185,0.1588587,0
1.0,0.846399,0.14113389,0
1.0,0.8258371,0.090550005,0
1.0,0.76928324,0.06576502,0
1.0,0.77446866,0.063405514,0
1.0,0.7537293,0.055119924,0
1.0,0.6585874,0.054781467,0
1.0,0.56851846,0.07232843,0
1.0,0.5713631,0.07085784,0
1.0,0.591327,0.065585986,0
1.0,0.5460736,0.07998237,0
1.0,0.5415929,0.07755783,0
1.0,0.5357753,0.05929627,0
1.0,0.5451247,0.04163953,0
1.0,0.5396607,0.037506696,0
1.0,0.54296297,0.036749125,0
1.0,0.53408664,0.036829464,0
1.0,0.5343468,0.038474802,0
1.0,0.5150519,0.046175234,0
1.0,0.5342191,0.03269199,0
1.0,0.5327369,0.023644911,0
1.0,0.5297526,0.024117667,0
1.0,0.53820485,0.025351379,0
1.0,0.5592007,0.024467863,0
1.0,0.6074913,0.023725614,0
1.0,0.59208864,0.023588058,0
1.0,0.6169492,0.02743623,0
1.0,0.6116463,0.029205075,0
1.0,0.6456983,0.039165556,0
1.0,0.64002234,0.055321284,0
1.0,0.68789244,0.07417968,0
1.0,0.71378654,0.08961033,0
1.0,0.74823445,0.114220284,0
1.0,0.7544737,0.115335315,0
1.0,0.7970851,0.14066823,0
1.0,0.7767942,0.14048041,0
1.0,0.8082343,0.16464683,0
1.0,0.8034234,0.17189838,0
1.0,0.83917135,0.19843958,0
1.0,0.8034736,0.16726175,0
1.0,0.81551045,0.17298406,0
1.0,0.8177843,0.17371136,0
1.0,0.8589643,0.20961988,0
1.0,0.84288806,0.21002454,0
1.0,0.82511455,0.19809243,0
1.0,0.8520533,0.22816753,0
1.0,0.8809555,0.26222813,0
1.0,0.853988,0.23937725,0
1.0,0.80608094,0.20687072,0
1.0,0.84574497,0.247894,0
1.0,0.8458067,0.25656036,0
1.0,0.8202664,0.24445948,0
1.0,0.7759973,0.20722583,0
1.0,0.8136927,0.24964221,0
1.0,0.8048287,0.2457928,0
1.0,0.7562668,0.1995495,0
1.0,0.7075375,0.17814359,0
1.0,0.7364413,0.20330378,0
1.0,0.72105694,0.18546572,0
1.0,0.68581486,0.16176996,0
1.0,0.62541556,0.11920723,0
1.0,0.6794838,0.13359126,0
1.0,0.66287,0.11772345,0
1.0,0.6742419,0.12162888,0
1.0,0.63938046,0.097496614,0
1.0,0.68995786,0.1251519,0
1.0,0.6333416,0.09441138,0
1.0,0.5969178,0.071318,0
1.0,0.5847892,0.066072874,0
1.0,0.6109413,0.07496679,0
1.0,0.5638909,0.056901135,0
1.0,0.56372523,0.057946388,0
1.0,0.55593604,0.057524044,0
1.0,0.57850176,0.06472572,0
1.0,0.56406134,0.058776706,0
1.0,0.57840735,0.05643582,0
1.0,0.5768771,0.055067904,0
1.0,0.59934217,0.059347045,0
1.0,0.59434617,0.05480256,0
1.0,0.6027462,0.059109185,0
1.0,0.60988307,0.058773417,0
1.0,0.60956806,0.058194607,0
1.0,0.60305685,0.05449409,0
1.0,0.6047496,0.050700717,0
1.0,0.60833,0.05166775,0
1.0,0.6071958,0.04686696,0
1.0,0.586209,0.04315954,0
1.0,0.6105672,0.05267804,0
1.0,0.69466645,0.07217932,0
1.0,0.696547,0.0749954,0
1.0,0.6927548,0.07466548,0
1.0,0.7368587,0.09715322,0
1.0,0.7557026,0.120734096,0
1.0,0.730472,0.110307604,0
1.0,0.69376385,0.09768045,0
1.0,0.7310529,0.11617127,0
1.0,0.76221544,0.13275409,0
1.0,0.7388822,0.12652083,0
1.0,0.7165497,0.11173874,0
1.0,0.77425444,0.14351292,0
1.0,0.8121438,0.17361993,0
1.0,0.77584904,0.14122558,0
1.0,0.76022243,0.13813631,0
1.0,0.7898998,0.16361484,0
1.0,0.78575045,0.16278023,0
1.0,0.80568594,0.1880601,0
1.0,0.8104239,0.19164442,0
1.0,0.83981586,0.2223981,0
1.0,0.8454799,0.23598054,0
1.0,0.8228366,0.2208899,0
1.0,0.80246747,0.23700178,0
1.0,0.80815387,0.25438896,0
1.0,0.7643047,0.22138938,0
1.0,0.7674608,0.24079406,0
1.0,0.7575372,0.23751952,0
1.0,0.7859102,0.25900167,0
1.0,0.7985511,0.27145833,0
1.0,0.85485035,0.3253228,0
1.0,0.8494332,0.3041749,0
1.0,0.8738787,0.31981814,0
1.0,0.8747608,0.3134745,0
1.0,0.9001594,0.32968095,0
1.0,0.8787087,0.303919,0
1.0,0.8668419,0.28381348,0
1.0,0.8472091,0.24793917,0
1.0,0.89658684,0.27907062,0
1.0,0.87409014,0.24676344,0
1.0,0.8812277,0.25058895,0
1.0,0.8827962,0.25251052,0
1.0,0.892702,0.24662854,0
1.0,0.84981084,0.21713133,0
1.0,0.83946556,0.20945992,0
1.0,0.8335529,0.19662467,0
1.0,0.8566593,0.21350026,0
1.0,0.83179826,0.18842058,0
1.0,0.82055146,0.18007389,0
1.0,0.8472208,0.18611169,0
1.0,0.8460844,0.17338261,0
1.0,0.8234053,0.16128057,0
1.0,0.77337056,0.13638143,0
1.0,0.7689075,0.1341753,0
1.0,0.7123909,0.117870554,0
1.0,0.71176964,0.08635771,0
1.0,0.6148872,0.08358881,0
1.0,0.67919284,0.083032675,0
1.0,0.72582465,0.0771343,0
1.0,0.7997666,0.08898596,0
1.0,0.77929765,0.08796072,0
1.0,0.8382142,0.10656231,0
1.0,0.8500487,0.13401589,0
1.0,0.85367286,0.17908955,0
1.0,0.79568094,0.17741913,0
1.0,0.8362213,0.23001045,0
1.0,0.8765839,0.30064517,0
1.0,0.9031573,0.35156572,0
1.0,0.87448925,0.36139074,0
1.0,0.904664,0.3965064,0
1.0,0.93405265,0.44133925,0
1.0,0.9445898,0.47115833,0
1.0,0.921107,0.45137224,0
1.0,0.93125695,0.47433978,0
1.0,0.9494174,0.49619627,0
1.0,0.9539095,0.50121117,0
1.0,0.9420549,0.49191603,0
1.0,0.95396703,0.50822663,0
1.0,0.96594894,0.5399015,0
1.0,0.96551925,0.55275786,0
1.0,0.95869905,0.53194284,0
1.0,0.9568156,0.5399899,0
1.0,0.95635253,0.5460398,0
1.0,0.94619614,0.53267485,0
1.0,0.93010604,0.51974404,0
1.0,0.9265426,0.5137682,0
1.0,0.92645794,0.51310694,0
1.0,0.9260885,0.516701,0
1.0,0.92127705,0.50328934,0
1.0,0.91954225,0.48509288,0
1.0,0.9012498,0.44871825,0
1.0,0.8862176,0.42489547,0
1.0,0.8799486,0.41549152,0
1.0,0.87147534,0.40050182,0
1.0,0.84646845,0.35538608,0
1.0,0.817713,0.28798544,0
1.0,0.82083577,0.26852363,0
1.0,0.79744625,0.22215958,0
1.0,0.76086307,0.16241804,0
1.0,0.76953775,0.14892791,0
1.0,0.82565427,0.1523889,0
1.0,0.793408,0.13241954,0
1.0,0.77417976,0.120093,0
1.0,0.773208,0.12267802,0
1.0,0.82762384,0.16096525,0
1.0,0.8045278,0.15536281,0
1.0,0.8106623,0.16794191,0
1.0,0.8263162,0.18016359,0
1.0,0.8607254,0.20343934,0
1.0,0.83132577,0.18383923,0
1.0,0.8449757,0.17520016,0
1.0,0.88008136,0.19430417,0
1.0,0.9063429,0.21975753,0
1.0,0.8821171,0.19058181,0
1.0,0.89255995,0.19140789,0
1.0,0.89316124,0.19060473,0
1.0,0.8960627,0.18824993,0
1.0,0.8859326,0.18119223,0
1.0,0.9101424,0.1941117,0
1.0,0.9293204,0.19982067,0
1.0,0.9210256,0.1988784,0
1.0,0.9211516,0.20169409,0
1.0,0.93070865,0.21418455,0
1.0,0.9363089,0.22488913,0
1.0,0.9186845,0.2168067,0
1.0,0.92311937,0.22746934,0
1.0,0.9309659,0.23697785,0
1.0,0.940265,0.25683314,0
1.0,0.91991407,0.24912941,0
1.0,0.91947,0.2536569,0
1.0,0.92476684,0.26651037,0
1.0,0.930673,0.2612464,0
1.0,0.9148818,0.2406177,0
1.0,0.910438,0.23205309,0
1.0,0.9080103,0.2230211,0
1.0,0.89927757,0.20048872,0
1.0,0.88023245,0.1680332,0
1.0,0.8693792,0.15237297,0
1.0,0.88452035,0.1553835,0
1.0,0.9028446,0.16297473,0
1.0,0.8912369,0.16533646,0
1.0,0.87626934,0.16198424,0
1.0,0.8753594,0.166129,0
1.0,0.880017,0.17457399,0
1.0,0.86753386,0.1604993,0
1.0,0.8431308,0.15260692,0
1.0,0.8314334,0.149977,0
1.0,0.8273387,0.14844267,0
1.0,0.783759,0.124221265,0
1.0,0.74108976,0.1032006,0
1.0,0.72414017,0.097806655,0
1.0,0.7217468,0.09783985,0
1.0,0.714158,0.101437956,0
1.0,0.74130756,0.13077097,0
1.0,0.77623826,0.15892372,0
1.0,0.7857494,0.17405725,0
1.0,0.7785718,0.17754214,0
1.0,0.80012035,0.20814872,0
1.0,0.78789014,0.21926017,0
1.0,0.7673455,0.22528148,0
1.0,0.75103104,0.24368945,0
1.0,0.79465646,0.2945256,0
1.0,0.7888092,0.31796396,0
1.0,0.78542936,0.3512041,0
1.0,0.8050874,0.37496072,0
1.0,0.8409118,0.43262565,0
1.0,0.84476936,0.4895674,0
1.0,0.84010065,0.4995316,0
1.0,0.8581071,0.5348305,0
1.0,0.8801458,0.57821846,0
1.0,0.88472027,0.59434557,0
1.0,0.8767771,0.593958,0
1.0,0.8837498,0.59604156,0
1.0,0.9071217,0.6266852,0
1.0,0.91654634,0.6411825,0
1.0,0.9129954,0.6293393,0
1.0,0.91255707,0.6340081,0
1.0,0.91905224,0.64021975,0
1.0,0.90850174,0.62362915,0
1.0,0.8930863,0.6105015,0
1.0,0.8765806,0.59349406,0
1.0,0.89168984,0.629848,0
1.0,0.8982737,0.6496388,0
1.0,0.8935514,0.64666927,0
1.0,0.8896256,0.6418458,0
1.0,0.9008983,0.6595862,0
1.0,0.90911806,0.6812512,0
1.0,0.8960861,0.6574238,0
1.0,0.87344575,0.62626064,0
1.0,0.87159646,0.6225551,0
1.0,0.87565094,0.6102965,0
1.0,0.8605391,0.5618173,0
1.0,0.83210707,0.48313385,0
1.0,0.8358958,0.4723442,0
1.0,0.85625774,0.46223512,0
1.0,0.84450394,0.4108122,0
1.0,0.8251375,0.3953956,0
1.0,0.80363375,0.35771856,0
1.0,0.8113489,0.32401946,0
1.0,0.78602654,0.2955758,0
1.0,0.7742249,0.28073484,0
1.0,0.7788959,0.2842378,0
1.0,0.804238,0.3203169,0
1.0,0.80044025,0.33459336,0
1.0,0.81554806,0.36468816,0
1.0,0.8137252,0.3651076,0
1.0,0.8402005,0.4086574,0
1.0,0.81021357,0.3842843,0
1.0,0.7958675,0.37512982,0
1.0,0.80187315,0.4075102,0
1.0,0.82272905,0.44270897,0
1.0,0.795036,0.40076777,0
1.0,0.7974107,0.39883608,0
1.0,0.8242531,0.42211726,0
1.0,0.86913115,0.4646164,0
1.0,0.8700176,0.45554903,0
1.0,0.8592963,0.43061864,0
1.0,0.86593693,0.42906335,0
1.0,0.8911194,0.45228928,0
1.0,0.874544,0.43239215,0
1.0,0.85079914,0.40440792,0
1.0,0.87087995,0.41609854,0
1.0,0.90153545,0.46096784,0
1.0,0.8917622,0.46113214,0
1.0,0.8792369,0.44679254,0
1.0,0.8718844,0.4469955,0
1.0,0.89364785,0.48491764,0
1.0,0.8832961,0.46943402,0
1.0,0.8590941,0.4352451,0
1.0,0.8593495,0.4364066,0
1.0,0.8794215,0.44913185,0
1.0,0.8961583,0.4505621,0
1.0,0.89541924,0.44043413,0
1.0,0.8999961,0.4213096,0
1.0,0.91515857,0.41100925,0
1.0,0.9265299,0.39143735,0
1.0,0.9233755,0.36825633,0
1.0,0.91364634,0.35109925,0
1.0,0.9041779,0.3219512,0
1.0,0.8880066,0.28984594,0
1.0,0.8838574,0.27065372,0
1.0,0.8753685,0.23181276,0
1.0,0.85458153,0.20252383,0
1.0,0.8434219,0.19461203,0
1.0,0.84628034,0.19346361,0
1.0,0.82324755,0.1703141,0
1.0,0.7838738,0.14526507,0
1.0,0.77170056,0.14072666,0
1.0,0.76881754,0.13583522,0
1.0,0.7639994,0.1255053,0
1.0,0.7393604,0.10767918,0
1.0,0.7382567,0.09937567,0
1.0,0.74977314,0.09671265,0
1.0,0.76207757,0.09602454,0
1.0,0.72130066,0.073995724,0
1.0,0.6947578,0.056215003,0
1.0,0.683134,0.055495717,0
1.0,0.7056531,0.049525574,0
1.0,0.71032405,0.04333607,0
1.0,0.7324411,0.047536373,0
1.0,0.7344797,0.043003824,0
1.0,0.7887302,0.05708101,0
1.0,0.79634476,0.07382926,0
1.0,0.8107942,0.09158626,0
1.0,0.81194663,0.11057001,0
1.0,0.8596219,0.15826584,0
1.0,0.87283295,0.18490449,0
1.0,0.88466096,0.21020314,0
1.0,0.88929874,0.22266467,0
1.0,0.91272646,0.2554175,0
1.0,0.90911406,0.29045105,0
1.0,0.9013818,0.30153754,0
1.0,0.89995456,0.31470084,0
1.0,0.9246965,0.3608628,0
1.0,0.9140437,0.3607133,0
1.0,0.90659577,0.3621224,0
1.0,0.9012585,0.36899135,0
1.0,0.9179331,0.3925467,0
1.0,0.9043247,0.38269073,0
1.0,0.89345425,0.3894074,0
1.0,0.88043606,0.40048423,0
1.0,0.89730036,0.44683725,0
1.0,0.8802064,0.45004737,0
1.0,0.83942604,0.4136675,0
1.0,0.83152366,0.40473247,0
1.0,0.8587608,0.44399512,0
1.0,0.84540987,0.44553846,0
1.0,0.81834614,0.4242696,0
1.0,0.8058963,0.42222756,0
1.0,0.81923,0.46721187,0
1.0,0.82155687,0.4781942,0
1.0,0.7706086,0.415425,0
1.0,0.7725692,0.42596725,0
1.0,0.81092054,0.468386,0
1.0,0.85355204,0.5097228,0
1.0,0.85368496,0.4997838,0
1.0,0.8675867,0.5009934,0
1.0,0.8836989,0.519983,0
1.0,0.9085866,0.5496941,0
1.0,0.88866884,0.5018773,0
1.0,0.86524284,0.46945453,0
1.0,0.8606639,0.45689368,0
1.0,0.8874008,0.45620304,0
1.0,0.86735576,0.41733685,0
1.0,0.8636975,0.40575176,0
1.0,0.84309065,0.36603254,0
1.0,0.87802917,0.4016946,0
1.0,0.8517952,0.3641412,0
1.0,0.82925725,0.32515824,0
1.0,0.7933219,0.28905094,0
1.0,0.8363298,0.32794625,0
1.0,0.80450237,0.27591208,0
1.0,0.8114594,0.26267424,0
1.0,0.76044875,0.20044851,0
1.0,0.81207097,0.2250416,0
1.0,0.79482096,0.20383355,0
1.0,0.7783727,0.19042529,0
1.0,0.7192666,0.15265414,0
1.0,0.78060704,0.18102956,0
1.0,0.7060842,0.12350461,0
1.0,0.69352776,0.10468194,0
1.0,0.6058205,0.05419276,0
1.0,0.66060466,0.06926902,0
1.0,0.6230153,0.054571673,0
1.0,0.6839773,0.07260841,0
1.0,0.636142,0.05698082,0
1.0,0.69017166,0.07753445,0
1.0,0.6718221,0.069779955,0
1.0,0.68287987,0.07506175,0
1.0,0.6743053,0.05754281,0
1.0,0.6699361,0.051608287,0
1.0,0.6877477,0.057619676,0
1.0,0.6933207,0.055535488,0
1.0,0.6805108,0.049402237,0
1.0,0.6869628,0.059828654,0
1.0,0.710712,0.06304303,0
1.0,0.7062802,0.059458196,0
1.0,0.711446,0.06395188,0
1.0,0.70421207,0.059476014,0
1.0,0.72688216,0.063378386,0
1.0,0.7058167,0.06023526,0
1.0,0.68138975,0.057514265,0
1.0,0.6459345,0.056704618,0
1.0,0.68156964,0.06477012,0
1.0,0.6498058,0.08001782,0
1.0,0.65424246,0.08090007,0
1.0,0.6573015,0.08026793,0
1.0,0.67702293,0.0792275,0
1.0,0.643552,0.08502278,0
1.0,0.62775147,0.095994085,0
1.0,0.61981946,0.100103416,0
1.0,0.6202473,0.10649598,0
1.0,0.59592235,0.13636895,0
1.0,0.5481629,0.16163668,0
1.0,0.5767376,0.14530641,0
1.0,0.5564126,0.15613261,0
1.0,0.5909549,0.13706806,0
1.0,0.6102642,0.1269381,0
1.0,0.67984843,0.09863899,0
1.0,0.6618147,0.105054475,0
1.0,0.6788838,0.09870214,0
1.0,0.7172146,0.093082264,0
1.0,0.73343205,0.10272544,0
1.0,0.70865977,0.11990465,0
1.0,0.77640986,0.13820904,0
1.0,0.8340869,0.1554783,0
1.0,0.8509929,0.16423869,0
1.0,0.8504977,0.17942394,0
1.0,0.8760863,0.18863383,0
1.0,0.8972277,0.2057577,0
1.0,0.9026011,0.22035626,0
1.0,0.9029681,0.2217758,0
1.0,0.9113639,0.2405375,0
1.0,0.9324967,0.25708246,0
1.0,0.93006897,0.25559834,0
1.0,0.9249132,0.2525519,0
1.0,0.92861545,0.2544902,0
1.0,0.94395125,0.26748633,0
1.0,0.9392555,0.26616743,0
1.0,0.93737835,0.27132356,0
1.0,0.9236938,0.26636317,0
1.0,0.9280151,0.26976672,0
1.0,0.8968727,0.24641311,0
1.0,0.8904863,0.24095163,0
1.0,0.8627316,0.21560822,0
1.0,0.86269987,0.21752167,0
1.0,0.8298931,0.1948075,0
1.0,0.8400502,0.20202415,0
1.0,0.7926476,0.16681921,0
1.0,0.7775181,0.16031262,0
1.0,0.74630713,0.14820977,0
1.0,0.7707174,0.15738165,0
1.0,0.71602345,0.14150989,0
1.0,0.73060924,0.14333135,0
1.0,0.6644827,0.12320009,0
1.0,0.65811527,0.11980996,0
1.0,0.60936046,0.12289446,0
1.0,0.61947477,0.12340334,0
1.0,0.5877145,0.13099521,0
1.0,0.6080161,0.117833786,0
1.0,0.5898705,0.12500529,0
1.0,0.68483686,0.09451834,0
1.0,0.6900215,0.08773485,0
1.0,0.70750374,0.08532874,0
1.0,0.7050055,0.078785,0
1.0,0.7875707,0.06671454,0
1.0,0.74785626,0.06839749,0
1.0,0.70412964,0.076869264,0
1.0,0.69275326,0.08694883,0
1.0,0.805454,0.0883822,0
1.0,0.8292878,0.09193666,0
1.0,0.7973248,0.091575846,0
1.0,0.79018414,0.09109294,0
1.0,0.86678857,0.09957591,0
1.0,0.8669656,0.11161195,0
1.0,0.77027917,0.11028797,0
1.0,0.7544426,0.127707,0
1.0,0.85383356,0.16333722,0
1.0,0.90050155,0.19442937,0
1.0,0.8516777,0.18729465,0
1.0,0.84905386,0.19092786,0
1.0,0.9183049,0.23820111,0
1.0,0.9305385,0.2595737,0
1.0,0.88880676,0.23881388,0
1.0,0.8604347,0.22448099,0
1.0,0.8983925,0.25694352,0
1.0,0.89772075,0.2621429,0
1.0,0.84468085,0.22089763,0
1.0,0.8077307,0.1910962,0
1.0,0.8653063,0.23579918,0
1.0,0.89136505,0.25948137,0
1.0,0.87518877,0.24492805,0
1.0,0.8710966,0.23574083,0
1.0,0.9051917,0.26126346,0
1.0,0.8927594,0.2508505,0
1.0,0.87801176,0.23463003,0
1.0,0.8442044,0.20983967,0
1.0,0.866686,0.22620562,0
1.0,0.84948534,0.21320502,0
1.0,0.84813225,0.20914856,0
1.0,0.8299355,0.1842838,0
1.0,0.8354532,0.17509596,0
1.0,0.7722906,0.14234978,0
1.0,0.7738422,0.1394637,0
1.0,0.74318093,0.12581596,0
1.0,0.7341009,0.1240195,0
1.0,0.696944,0.10674588,0
1.0,0.7056674,0.10324055,0
1.0,0.68188274,0.08296587,0
1.0,0.6788096,0.07331312,0
1.0,0.6565672,0.069129094,0
1.0,0.6724238,0.06200692,0
1.0,0.6528448,0.06315616,0
1.0,0.65370315,0.061627794,0
1.0,0.5994573,0.073113814,0
1.0,0.59765637,0.07269022,0
1.0,0.53499144,0.09803334,0
1.0,0.56213886,0.08544016,0
1.0,0.5633816,0.08463497,0
1.0,0.5519477,0.08948341,0
1.0,0.5585134,0.08830547,0
1.0,0.5998522,0.073510036,0
1.0,0.6398684,0.057634957,0
1.0,0.6265363,0.057163917,0
1.0,0.6458724,0.057339795,0
1.0,0.6812276,0.057933755,0
1.0,0.70496404,0.058241785,0
1.0,0.71094394,0.05760685,0
1.0,0.7150727,0.055676196,0
1.0,0.7541293,0.061307304,0
1.0,0.7742879,0.06447268,0
1.0,0.80219626,0.072432764,0
1.0,0.794719,0.06990808,0
1.0,0.82913244,0.07837111,0
1.0,0.80508506,0.07222177,0
1.0,0.79065245,0.06700444,0
1.0,0.77391,0.06325333,0
1.0,0.8094484,0.06864247,0
1.0,0.79238087,0.065108076,0
1.0,0.7931108,0.069981664,0
1.0,0.77262944,0.06440256,0
1.0,0.8014847,0.079508245,0
1.0,0.77341884,0.07974824,0
1.0,0.8023304,0.09272495,0
1.0,0.7756795,0.088300705,0
1.0,0.8181533,0.10787206,0
1.0,0.79486966,0.09768191,0
1.0,0.784101,0.095800325,0
1.0,0.72596556,0.073731706,0
1.0,0.7723242,0.0934701,0
1.0,0.76814514,0.09249552,0
1.0,0.7441767,0.082095996,0
1.0,0.6929955,0.06039837,0
1.0,0.723007,0.06631108,0
1.0,0.76173025,0.07487421,0
1.0,0.72598785,0.06388149,0
1.0,0.7051546,0.051607303,0
1.0,0.7139219,0.04884517,0
1.0,0.8092864,0.08126676,0
1.0,0.80644464,0.08029136,0
1.0,0.79664725,0.08233376,0
1.0,0.8066418,0.09261967,0
1.0,0.87351245,0.13290168,0
1.0,0.8662515,0.13864993,0
1.0,0.8487564,0.14598592,0
1.0,0.850749,0.16824809,0
1.0,0.8992422,0.22679082,0
1.0,0.8874682,0.24682894,0
1.0,0.8749628,0.25646043,0
1.0,0.88247865,0.29191625,0
1.0,0.915828,0.34450796,0
1.0,0.91724044,0.3507483,0
1.0,0.90439636,0.3595204,0
1.0,0.90246433,0.35935614,0
1.0,0.92075425,0.3774177,0
1.0,0.92471313,0.3954352,0
1.0,0.9074184,0.37709415,0
1.0,0.9006548,0.38675082,0
1.0,0.89966434,0.40394136,0
1.0,0.8892038,0.3927946,0
1.0,0.8600958,0.37180552,0
1.0,0.84802204,0.3746856,0
1.0,0.83768886,0.37323925,0
1.0,0.82307345,0.37140983,0
1.0,0.7820754,0.33779877,0
1.0,0.7588906,0.33092135,0
1.0,0.7443998,0.3394606,0
1.0,0.7355154,0.33409297,0
1.0,0.7033974,0.3091699,0
1.0,0.68622047,0.2985581,0
1.0,0.65998226,0.2719656,0
1.0,0.63268805,0.25309122,0
1.0,0.6122709,0.23531057,0
1.0,0.5850663,0.2125512,0
1.0,0.5724503,0.20181718,0
1.0,0.5547601,0.18475693,0
1.0,0.5500058,0.18081146,0
1.0,0.55040354,0.17867665,0
1.0,0.55060065,0.17282301,0
1.0,0.533499,0.14932957,0
1.0,0.5369068,0.15667063,0
1.0,0.5573856,0.17638725,0
1.0,0.56811917,0.17775196,0
1.0,0.581711,0.18607467,0
1.0,0.60404956,0.19665939,0
1.0,0.6207222,0.20929952,0
1.0,0.59967965,0.19087645,0
1.0,0.63358295,0.21277685,0
1.0,0.6464249,0.22052926,0
1.0,0.6658526,0.22855647,0
1.0,0.6456472,0.20119432,0
1.0,0.68201184,0.22971971,0
1.0,0.7229937,0.25630933,0
1.0,0.72444886,0.24157101,0
1.0,0.70736694,0.22270077,0
1.0,0.7338795,0.23415352,0
1.0,0.7421006,0.2343901,0
1.0,0.7250055,0.20476678,0
1.0,0.71261746,0.17458184,0
1.0,0.7393911,0.18890029,0
1.0,0.76459885,0.19690424,0
1.0,0.75707734,0.18840335,0
1.0,0.7620444,0.19747245,0
1.0,0.80248904,0.2233659,0
1.0,0.8296765,0.24252567,0
1.0,0.80720156,0.21947613,0
1.0,0.8225366,0.23413491,0
1.0,0.8189927,0.22959557,0
1.0,0.81823975,0.21597053,0
1.0,0.7749445,0.173197,0
1.0,0.81370497,0.19006008,0
1.0,0.78320926,0.16597405,0
1.0,0.79909676,0.15754363,0
1.0,0.74836206,0.10092114,0
1.0,0.7855898,0.12274555,0
1.0,0.7555017,0.1098012,0
1.0,0.7604779,0.12979338,0
1.0,0.7484336,0.14097635,0
1.0,0.8191748,0.20599416,0
1.0,0.8234399,0.24818718,0
1.0,0.8569453,0.31769764,0
1.0,0.858046,0.36589924,0
1.0,0.89906996,0.468473,0
1.0,0.88915014,0.5234771,0
1.0,0.8964184,0.6160478,0
1.0,0.87517166,0.65810156,0
1.0,0.90074533,0.7482052,0
1.0,0.8836611,0.75466275,0
1.0,0.8924038,0.77960515,0
1.0,0.887193,0.79324317,0
1.0,0.9118076,0.84616053,0
1.0,0.9112276,0.85485184,0
1.0,0.92138433,0.88765895,0
1.0,0.9173238,0.87618744,0
1.0,0.9279366,0.8981955,0
1.0,0.9274755,0.9011237,0
1.0,0.92508876,0.89804,0
1.0,0.91428095,0.89691657,0
1.0,0.9228999,0.9135711,0
1.0,0.9224075,0.93004286,0
1.0,0.9178318,0.9561453,0
1.0,0.8982059,0.9547014,0
1.0,0.90524036,1.019236,0
1.0,0.89775354,1.0353009,0
1.0,0.88568336,1.0689003,0
1.0,0.8662618,1.0836804,0
1.0,0.87477434,1.1350801,0
1.0,0.87549347,1.1922066,0
1.0,0.87226146,1.1909311,0
1.0,0.866421,1.1835434,0
1.0,0.87818617,1.2193702,0
1.0,0.87608826,1.193965,0
1.0,0.85922,1.1517919,0
1.0,0.8408304,1.0882586,0
1.0,0.8323032,1.0368207,0
1.0,0.81996953,0.9807242,0
1.0,0.78705734,0.8733548,0
1.0,0.77232647,0.8171116,0
1.0,0.77408594,0.80725235,0
1.0,0.7720706,0.82445467,0
1.0,0.761531,0.8435879,0
1.0,0.7694671,0.8856808,0
1.0,0.7781621,0.944811,0
1.0,0.77580965,0.96974385,0
1.0,0.75864303,0.95913154,0
1.0,0.7578437,1.0226685,0
1.0,0.7480253,1.0407434,0
1.0,0.7447943,1.0660956,0
1.0,0.7334916,1.0998148,0
1.0,0.72864455,1.108194,0
1.0,0.728877,1.1402994,0
1.0,0.7341091,1.1686895,0
1.0,0.7381972,1.160605,0
1.0,0.74588674,1.1686555,0
1.0,0.75161445,1.1532571,0
1.0,0.74733967,1.1342013,0
1.0,0.7608207,1.1479223,0
1.0,0.75845146,1.114849,0
1.0,0.77689505,1.1351261,0
1.0,0.76287717,1.0590544,0
1.0,0.78187376,1.077849,0
1.0,0.77663136,1.0491724,0
1.0,0.80479103,1.0764787,0
1.0,0.7889796,1.0424979,0
1.0,0.8027053,1.0556848,0
1.0,0.78569007,1.007081,0
1.0,0.8060674,1.0367005,0
1.0,0.7672158,0.94128406,0
1.0,0.7929225,0.96323174,0
1.0,0.7731613,0.9026828,0
1.0,0.8062605,0.94348943,0
1.0,0.7569261,0.82733953,0
1.0,0.78245926,0.8389615,0
1.0,0.76192045,0.7672827,0
1.0,0.78094435,0.750162,0
1.0,0.73359364,0.65865225,0
1.0,0.7646221,0.6825931,0
1.0,0.7281161,0.5779017,0
1.0,0.7439312,0.58450055,0
1.0,0.6993997,0.496305,0
1.0,0.7529378,0.53644675,0
1.0,0.7425118,0.5189587,0
1.0,0.75122076,0.50912803,0
1.0,0.7436517,0.48318,0
1.0,0.78067714,0.5361579,0
1.0,0.76413536,0.5163783,0
1.0,0.7392585,0.48405042,0
1.0,0.7290759,0.46289173,0
1.0,0.7614156,0.48746923,0
1.0,0.75786245,0.47789595,0
1.0,0.7384974,0.44929785,0
1.0,0.7498145,0.4710945,0
1.0,0.7572923,0.5013432,0
1.0,0.7619879,0.5263752,0
1.0,0.72972524,0.49620438,0
1.0,0.74681455,0.54433554,0
1.0,0.7509262,0.5893532,0
1.0,0.7549247,0.61691695,0
1.0,0.74029076,0.6235996,0
1.0,0.7420038,0.67551446,0
1.0,0.744124,0.7209985,0
1.0,0.75780964,0.778249,0
1.0,0.75683755,0.80455065,0
1.0,0.7588572,0.8393041,0
1.0,0.74208057,0.8419318,0
1.0,0.74447435,0.8738335,0
1.0,0.74423707,0.885158,0
1.0,0.74134725,0.87739944,0
1.0,0.74197406,0.88043684,0
1.0,0.75986516,0.90348816,0
1.0,0.7794308,0.9176826,0
1.0,0.7841956,0.9232452,0
1.0,0.78572977,0.9059454,0
1.0,0.7955855,0.8922888,0
1.0,0.80738693,0.8992919,0
1.0,0.7986372,0.88470346,0
1.0,0.8025967,0.8923118,0
1.0,0.79652345,0.8630637,0
1.0,0.8108637,0.88403416,0
1.0,0.79049796,0.8551141,0
1.0,0.80101323,0.86176026,0
1.0,0.7960064,0.8597903,0
1.0,0.7967792,0.8699268,0
1.0,0.7777249,0.8200672,0
1.0,0.7800919,0.8360306,0
1.0,0.7668862,0.83819306,0
1.0,0.786095,0.85845935,0
1.0,0.79197747,0.8513564,0
1.0,0.8040692,0.83846784,0
1.0,0.8099924,0.8229593,0
1.0,0.83014625,0.8311076,0
1.0,0.8345775,0.79621935,0
1.0,0.8347774,0.76658595,0
1.0,0.82174855,0.72968316,0
1.0,0.8164642,0.6894746,0
1.0,0.80552614,0.6325484,0
1.0,0.7924053,0.5752945,0
1.0,0.79157376,0.54642785,0
1.0,0.8003183,0.5601909,0
1.0,0.8065091,0.56628144,0
1.0,0.79276705,0.5511152,0
1.0,0.8071926,0.59892917,0
1.0,0.8138535,0.6148002,0
1.0,0.81887525,0.63768405,0
1.0,0.7872101,0.5970819,0
1.0,0.8092313,0.63195264,0
1.0,0.82533115,0.6666527,0
1.0,0.8213968,0.6503177,0
1.0,0.7951959,0.6212325,0
1.0,0.82717687,0.6893358,0
1.0,0.8250793,0.6780187,0
1.0,0.8155504,0.66241026,0
1.0,0.7666604,0.5919629,0
1.0,0.7963792,0.6227535,0
1.0,0.789243,0.59559697,0
1.0,0.78467447,0.5893903,0
1.0,0.71984446,0.4712056,0
1.0,0.7640656,0.4779813,0
1.0,0.75202835,0.46561465,0
1.0,0.7761024,0.5086302,0
1.0,0.7147647,0.41029721,0
1.0,0.75115114,0.4594964,0
1.0,0.743919,0.4473305,0
1.0,0.7806631,0.48104447,0
1.0,0.7433902,0.4198566,0
1.0,0.7741232,0.43422294,0
1.0,0.7841801,0.4381575,0
1.0,0.7990609,0.453386,0
1.0,0.76212156,0.40965027,0
1.0,0.76513135,0.4090982,0
1.0,0.7613746,0.3872734,0
1.0,0.7719915,0.39367738,0
1.0,0.7450569,0.349219,0
1.0,0.7500586,0.32104194,0
1.0,0.7805654,0.33572668,0
1.0,0.79042095,0.33411524,0
1.0,0.78814375,0.3268478,0
1.0,0.78256416,0.3380959,0
1.0,0.8411397,0.40596324,0
1.0,0.81081957,0.36558807,0
1.0,0.8303422,0.3767112,0
1.0,0.8201215,0.34024158,0
1.0,0.8819785,0.41319346,0
1.0,0.8374733,0.35929513,0
1.0,0.85292304,0.37647474,0
1.0,0.82177883,0.3531626,0
1.0,0.89264995,0.4286713,0
1.0,0.8351882,0.35601598,0
1.0,0.8550186,0.3656675,0
1.0,0.8418241,0.34855294,0
1.0,0.9045325,0.40593547,0
1.0,0.8735481,0.32920882,0
1.0,0.87660533,0.3286029,0
1.0,0.8808084,0.32170278,0
1.0,0.91655403,0.34228712,0
1.0,0.8759557,0.30737448,0
1.0,0.8584966,0.28509152,0
1.0,0.8626739,0.28250095,0
1.0,0.89622563,0.31499782,0
1.0,0.8233252,0.24902187,0
1.0,0.8369505,0.25969163,0
1.0,0.8775103,0.29211584,0
1.0,0.8887889,0.30372122,0
1.0,0.8439817,0.2680692,0
1.0,0.8452448,0.27490562,0
1.0,0.88654834,0.32640553,0
1.0,0.8848598,0.33687985,0
1.0,0.8530585,0.2982435,0
1.0,0.83275014,0.267399,0
1.0,0.88408464,0.2920166,0
1.0,0.87806076,0.27375156,0
1.0,0.8745154,0.26162922,0
1.0,0.86491764,0.23441252,0
1.0,0.89569324,0.25489533,0
1.0,0.87349796,0.22634721,0
1.0,0.86761296,0.20227298,0
1.0,0.8585923,0.18205976,0
1.0,0.8629532,0.16176063,0
1.0,0.8432336,0.15319031,0
1.0,0.85958517,0.1762811,0
1.0,0.87349397,0.18966466,0
1.0,0.89324397,0.21076712,0
1.0,0.88086325,0.21773973,0
1.0,0.90822,0.26258862,0
1.0,0.9049801,0.27836576,0
1.0,0.8986962,0.2938762,0
1.0,0.88718563,0.30110294,0
1.0,0.90668404,0.32647377,0
1.0,0.89315754,0.3259139,0
1.0,0.8890662,0.32693437,0
1.0,0.875885,0.31091508,0
1.0,0.9030635,0.3473125,0
1.0,0.9085343,0.33344376,0
1.0,0.9124226,0.33004537,0
1.0,0.9091544,0.32217774,0
1.0,0.9169447,0.31283176,0
1.0,0.9107893,0.29813457,0
1.0,0.9048987,0.2861331,0
1.0,0.89186275,0.25717908,0
1.0,0.8912901,0.25219667,0
1.0,0.8745967,0.2538822,0
1.0,0.8771218,0.24879102,0
1.0,0.8667155,0.23435152,0
1.0,0.857996,0.2373301,0
1.0,0.8251439,0.21307966,0
1.0,0.80060935,0.19391263,0
1.0,0.7808588,0.17912638,0
1.0,0.7767688,0.17677194,0
1.0,0.72801214,0.15058073,0
1.0,0.70704937,0.14248143,0
1.0,0.6980504,0.13846889,0
1.0,0.68962157,0.12720945,0
1.0,0.6650582,0.11500405,0
1.0,0.65779454,0.11053443,0
1.0,0.6326119,0.09282105,0
1.0,0.61355644,0.07839183,0
1.0,0.58503515,0.067138284,0
1.0,0.5889073,0.059707202,0
1.0,0.6275553,0.07057874,0
1.0,0.64144826,0.09738792,0
1.0,0.6537281,0.11056544,0
1.0,0.67680234,0.13053495,0
1.0,0.7450183,0.17910475,0
1.0,0.77585137,0.2214417,0
1.0,0.7976047,0.28001314,0
1.0,0.8045855,0.29798362,0
1.0,0.8522502,0.34986728,0
1.0,0.86560124,0.408401,0
1.0,0.8656567,0.43082657,0
1.0,0.87081,0.4380983,0
1.0,0.90896094,0.5078181,0
1.0,0.9088028,0.5249753,0
1.0,0.910536,0.5245444,0
1.0,0.9072548,0.52935916,0
1.0,0.92396706,0.5527519,0
1.0,0.9298842,0.5570025,0
1.0,0.9304854,0.56623137,0
1.0,0.92649865,0.582769,0
1.0,0.93889564,0.62801945,0
1.0,0.9418097,0.6502695,0
1.0,0.94440293,0.6865599,0
1.0,0.94116974,0.7039937,0
1.0,0.9404308,0.71766067,0
1.0,0.9405512,0.74466264,0
1.0,0.93822384,0.7477759,0
1.0,0.9300583,0.73869824,0
1.0,0.92644876,0.7392465,0
1.0,0.92864466,0.7436699,0
1.0,0.9270768,0.7509353,0
1.0,0.92408735,0.75053334,0
1.0,0.9175552,0.7233632,0
1.0,0.9146311,0.6820598,0
1.0,0.90758973,0.64471066,0
1.0,0.9145664,0.6319878,0
1.0,0.90891105,0.60122603,0
1.0,0.91863555,0.5829978,0
1.0,0.9093548,0.53003794,0
1.0,0.9212112,0.547945,0
1.0,0.92740375,0.56547666,0
1.0,0.93658584,0.5490574,0
1.0,0.93855256,0.5490954,0
1.0,0.9455102,0.56976485,0
1.0,0.9497345,0.5647898,0
1.0,0.94908386,0.5580282,0
1.0,0.9318707,0.5497498,0
1.0,0.921301,0.5548554,0
1.0,0.92480946,0.5802915,0
1.0,0.92907554,0.6197202,0
1.0,0.9071797,0.58396375,0
1.0,0.9041962,0.56040657,0
1.0,0.91952765,0.57117397,0
1.0,0.9238141,0.56323993,0
1.0,0.9081271,0.504797,0
1.0,0.9120735,0.48500127,0
1.0,0.9230748,0.4923736,0
1.0,0.93992144,0.5175948,0
1.0,0.9338081,0.51502883,0
1.0,0.9259408,0.5127877,0
1.0,0.9250933,0.5288211,0
1.0,0.9411465,0.55610335,0
1.0,0.93505967,0.573629,0
1.0,0.92347074,0.5946039,0
1.0,0.91538626,0.59768486,0
1.0,0.922989,0.6652015,0
1.0,0.9039235,0.67249125,0
1.0,0.9020254,0.6943108,0
1.0,0.8886144,0.70636326,0
1.0,0.90640336,0.73909926,0
1.0,0.9038538,0.7455585,0
1.0,0.9160087,0.7648605,0
1.0,0.9048231,0.7492855,0
1.0,0.9115651,0.77500236,0
1.0,0.90315264,0.7394232,0
1.0,0.91352206,0.73714876,0
1.0,0.8993906,0.7028114,0
1.0,0.92067987,0.7186177,0
1.0,0.914533,0.6926124,0
1.0,0.92482895,0.70576954,0
1.0,0.9095302,0.6609411,0
1.0,0.9236958,0.6517566,0
1.0,0.88710135,0.61417013,0
1.0,0.898725,0.6320708,0
1.0,0.88360757,0.5983679,0
1.0,0.90094453,0.6208627,0
1.0,0.86916834,0.5739181,0
1.0,0.88592446,0.5930627,0
1.0,0.8760801,0.57374924,0
1.0,0.90649045,0.5988938,0
1.0,0.86982733,0.54253787,0
1.0,0.86831987,0.52395445,0
1.0,0.8290374,0.45305791,0
1.0,0.87023884,0.490462,0
1.0,0.83293855,0.40752685,0
1.0,0.8586136,0.39393067,0
1.0,0.8478727,0.3658272,0
1.0,0.8811825,0.34024948,0
1.0,0.8638027,0.29504347,0
1.0,0.88545334,0.29522035,0
1.0,0.8460546,0.2300706,0
1.0,0.8586847,0.23294163,0
1.0,0.82794577,0.21051952,0
1.0,0.85226315,0.22330439,0
1.0,0.82522315,0.1892982,0
1.0,0.84141797,0.19784139,0
1.0,0.87075174,0.24648191,0
1.0,0.90716606,0.3041252,0
1.0,0.8990026,0.32672518,0
1.0,0.8972744,0.34625348,0
1.0,0.9096622,0.36822528,0
1.0,0.92163336,0.38998136,0
1.0,0.9029812,0.39186072,0
1.0,0.89053667,0.381616,0
1.0,0.9087599,0.38640407,0
1.0,0.9232735,0.4079173,0
1.0,0.9265564,0.42281726,0
1.0,0.9212633,0.42001867,0
1.0,0.93449175,0.43815875,0
1.0,0.9326455,0.4506696,0
1.0,0.9206614,0.4359349,0
1.0,0.91864353,0.42263862,0
1.0,0.92037046,0.42463362,0
1.0,0.91120917,0.42098778,0
1.0,0.90715635,0.42519298,0
1.0,0.90157545,0.42682838,0
1.0,0.89355,0.4195447,0
1.0,0.86588246,0.39512753,0
1.0,0.86181855,0.39669722,0
1.0,0.8535777,0.38312924,0
1.0,0.8364262,0.37269637,0
1.0,0.7862389,0.32365018,0
1.0,0.7752529,0.31540743,0
1.0,0.7897011,0.33834004,0
1.0,0.7594338,0.29271412,0
1.0,0.7235733,0.254998,0
1.0,0.7328174,0.26509538,0
1.0,0.74550176,0.25539744,0
1.0,0.6928094,0.19972727,0
1.0,0.65710896,0.15936536,0
1.0,0.64693296,0.13451335,0
1.0,0.663694,0.1523264,0
1.0,0.62106156,0.12271633,0
1.0,0.6259446,0.111891255,0
1.0,0.64060926,0.11949875,0
1.0,0.6573087,0.12707782,0
1.0,0.6701268,0.13168597,0
1.0,0.68303806,0.13636598,0
1.0,0.697739,0.14025407,0
1.0,0.7406883,0.16662492,0
1.0,0.7816007,0.19692189,0
1.0,0.78677785,0.192286,0
1.0,0.8006726,0.20261014,0
1.0,0.81711274,0.22229382,0
1.0,0.82967997,0.23074651,0
1.0,0.79827744,0.20062661,0
1.0,0.8267455,0.21746325,0
1.0,0.8318742,0.21398252,0
1.0,0.8461696,0.2268784,0
1.0,0.8181731,0.19969957,0
1.0,0.8328357,0.20456854,0
1.0,0.85070294,0.22547725,0
1.0,0.87940085,0.25100872,0
1.0,0.86820394,0.2437774,0
1.0,0.90182775,0.275851,0
1.0,0.90281135,0.2663053,0
1.0,0.92615026,0.30971906,0
1.0,0.8994829,0.29168785,0
1.0,0.90729594,0.28754735,0
1.0,0.90624875,0.28962696,0
1.0,0.9212917,0.2915782,0
1.0,0.8908879,0.25388336,0
1.0,0.89612806,0.25560492,0
1.0,0.89632446,0.22621875,0
1.0,0.9031365,0.21068725,0
1.0,0.883665,0.1818311,0
1.0,0.8818437,0.16247895,0
1.0,0.883418,0.15572117,0
1.0,0.89315206,0.16069987,0
1.0,0.8858081,0.15896103,0
1.0,0.8640347,0.14350438,0
1.0,0.87719417,0.15302576,0
1.0,0.8897494,0.165771,0
1.0,0.8822232,0.1796134,0
1.0,0.9019642,0.214349,0
1.0,0.92311275,0.25731224,0
1.0,0.93368053,0.30730554,0
1.0,0.92219406,0.31169033,0
1.0,0.9309315,0.34178922,0
1.0,0.94270056,0.3871491,0
1.0,0.93472975,0.39794326,0
1.0,0.9223808,0.4234699,0
1.0,0.9283675,0.45486942,0
1.0,0.9424573,0.47673312,0
1.0,0.9352867,0.48047465,0
1.0,0.9224508,0.4646064,0
1.0,0.9265423,0.4877898,0
1.0,0.9269166,0.5269061,0
1.0,0.9170293,0.5212101,0
1.0,0.90397656,0.55281353,0
1.0,0.90918255,0.61434567,0
1.0,0.9138642,0.67146206,0
1.0,0.9184601,0.75750375,0
1.0,0.9094195,0.7871719,0
1.0,0.92276615,0.8572716,0
1.0,0.9213352,0.95239973,0
1.0,0.9210913,1.0276785,0
1.0,0.90746117,1.0448239,0
1.0,0.9085952,1.0979373,0
1.0,0.8917325,1.1129601,0
1.0,0.8819597,1.1153902,0
1.0,0.84861916,1.0786102,0
1.0,0.8397471,1.0810255,0
1.0,0.82268023,1.052161,0
1.0,0.8345394,1.0967462,0
1.0,0.8388407,1.100306,0
1.0,0.8561581,1.1177409,0
1.0,0.851656,1.1057844,0
1.0,0.8609367,1.1030793,0
1.0,0.8599483,1.1009371,0
1.0,0.8752683,1.1317508,0
1.0,0.8544214,1.0743129,0
1.0,0.8664182,1.0921501,0
1.0,0.85089016,1.0426675,0
1.0,0.8588988,1.0497735,0
1.0,0.83051413,0.98448694,0
1.0,0.84153944,0.9906058,0
1.0,0.82942396,0.9746765,0
1.0,0.84622,0.9842541,0
1.0,0.8181158,0.8961806,0
1.0,0.84816176,0.9288482,0
1.0,0.8207534,0.83767533,0
1.0,0.8446072,0.8347883,0
1.0,0.7951625,0.70632195,0
1.0,0.79515594,0.6361183,0
1.0,0.7651954,0.56098795,0
1.0,0.79827154,0.5621065,0
1.0,0.73649454,0.41120973,0
1.0,0.7711369,0.39068943,0
1.0,0.7045047,0.29521266,0
1.0,0.787479,0.34577012,0
1.0,0.73886275,0.27911878,0
1.0,0.80937994,0.36375552,0
1.0,0.7921102,0.3240276,0
1.0,0.8548858,0.39119563,0
1.0,0.85736156,0.42772263,0
1.0,0.87953913,0.4491965,0
1.0,0.85936004,0.44640002,0
1.0,0.89205426,0.5154177,0
1.0,0.8999285,0.52787256,0
1.0,0.9073395,0.5579394,0
1.0,0.88282484,0.54230815,0
1.0,0.9010834,0.5735278,0
1.0,0.9048781,0.5744096,0
1.0,0.9034811,0.57555985,0
1.0,0.8898755,0.55847377,0
1.0,0.8951174,0.5654829,0
1.0,0.9089786,0.6011298,0
1.0,0.9153855,0.605747,0
1.0,0.89836884,0.57152605,0
1.0,0.89550287,0.590474,0
1.0,0.8990066,0.6189018,0
1.0,0.8928121,0.62747866,0
1.0,0.8878803,0.6437417,0
1.0,0.88126093,0.6516205,0
1.0,0.8859315,0.67652065,0
1.0,0.86383814,0.67115265,0
1.0,0.84454626,0.6566106,0
1.0,0.83930343,0.656574,0
1.0,0.82757646,0.6527234,0
1.0,0.8020953,0.63179874,0
1.0,0.7950186,0.6337636,0
1.0,0.81940067,0.67679834,0
1.0,0.792465,0.61766994,0
1.0,0.7812734,0.5742843,0
1.0,0.7867429,0.5860738,0
1.0,0.82136554,0.626463,0
1.0,0.805996,0.5693946,0
1.0,0.79424083,0.5393642,0
1.0,0.77945775,0.49750108,0
1.0,0.8143735,0.53022224,0
1.0,0.7911374,0.48102778,0
1.0,0.76852334,0.43311793,0
1.0,0.7549083,0.4012753,0
1.0,0.80747706,0.4634971,0
1.0,0.79657453,0.47137788,0
1.0,0.7840881,0.448982,0
1.0,0.76130414,0.40821326,0
1.0,0.79698503,0.4606817,0
1.0,0.7518125,0.41444355,0
1.0,0.73582697,0.4197089,0
1.0,0.7254206,0.4199617,0
1.0,0.7711165,0.4775194,0
1.0,0.73932856,0.43818718,0
1.0,0.74042875,0.43110225,0
1.0,0.75900596,0.43451002,0
1.0,0.7874863,0.47158542,0
1.0,0.76673603,0.45258132,0
1.0,0.7508038,0.4340073,0
1.0,0.7824172,0.49104077,0
1.0,0.79958457,0.52792627,0
1.0,0.76654875,0.4928745,0
1.0,0.7475944,0.4681664,0
1.0,0.7939829,0.5380448,0
1.0,0.7940774,0.54920334,0
1.0,0.7628007,0.5087527,0
1.0,0.7498595,0.5051968,0
1.0,0.79710156,0.5707459,0
1.0,0.7972739,0.57149506,0
1.0,0.7761911,0.55951345,0
1.0,0.7680401,0.54407966,0
1.0,0.79972476,0.5869065,0
1.0,0.8048511,0.59345305,0
1.0,0.7991414,0.5745886,0
1.0,0.7878625,0.5542134,0
1.0,0.8044955,0.57744354,0
1.0,0.8111213,0.57019496,0
1.0,0.79846305,0.528501,0
1.0,0.7823549,0.50188434,0
1.0,0.77715874,0.491136,0
1.0,0.77814096,0.48056805,0
1.0,0.7605958,0.4357438,0
1.0,0.743761,0.3880996,0
1.0,0.730919,0.3612617,0
1.0,0.7383103,0.35487142,0
1.0,0.7281406,0.32939556,0
1.0,0.7226178,0.32323593,0
1.0,0.7018345,0.29637954,0
1.0,0.7200798,0.2963186,0
1.0,0.7108343,0.27774298,0
1.0,0.6974071,0.2421477,0
1.0,0.66741085,0.19831902,0
1.0,0.6939655,0.20292193,0
1.0,0.67818326,0.16770701,0
1.0,0.65481997,0.14179188,0
1.0,0.6389526,0.1176501,0
1.0,0.6833417,0.11747272,0
1.0,0.66284215,0.1034405,0
1.0,0.6613062,0.09017746,0
1.0,0.61428875,0.074401766,0
1.0,0.6303567,0.07528403,0
1.0,0.61189973,0.06083945,0
1.0,0.61273646,0.061351888,0
1.0,0.574411,0.056049805,0
1.0,0.601857,0.05572395,0
1.0,0.58627456,0.054836996,0
1.0,0.60406053,0.05278645,0
1.0,0.56407815,0.068891026,0
1.0,0.58659166,0.07003701,0
1.0,0.5628247,0.072810605,0
1.0,0.57082045,0.07137144,0
1.0,0.532192,0.080038354,0
1.0,0.57703143,0.069036275,0
1.0,0.6090405,0.06500622,0
1.0,0.6817798,0.063191265,0
1.0,0.63585716,0.060240563,0
1.0,0.67597187,0.06036049,0
1.0,0.66657364,0.057207637,0
1.0,0.69683546,0.05802065,0
1.0,0.62808955,0.06587372,0
1.0,0.701729,0.083373636,0
1.0,0.76210743,0.110930644,0
1.0,0.7997694,0.13934018,0
1.0,0.77144676,0.1398892,0
1.0,0.84296495,0.17935951,0
1.0,0.87310755,0.213873,0
1.0,0.8696805,0.23690888,0
1.0,0.8199917,0.22140117,0
1.0,0.86408865,0.27040607,0
1.0,0.89057136,0.30794078,0
1.0,0.8808743,0.31223655,0
1.0,0.8351475,0.28502756,0
1.0,0.88136655,0.33468562,0
1.0,0.90633595,0.36520597,0
1.0,0.8979444,0.36875418,0
1.0,0.85712177,0.3472825,0
1.0,0.8734463,0.37032068,0
1.0,0.8716145,0.3726617,0
1.0,0.8347008,0.3465058,0
1.0,0.7687303,0.2813781,0
1.0,0.7902736,0.32851338,0
1.0,0.8209001,0.4004677,0
1.0,0.8058625,0.40474653,0
1.0,0.7836885,0.41324162,0
1.0,0.8218801,0.48284367,0
1.0,0.8170837,0.49115068,0
1.0,0.80486447,0.51835006,0
1.0,0.7557147,0.47505164,0
1.0,0.7764581,0.5136657,0
1.0,0.7563693,0.5190812,0
1.0,0.78772485,0.5802836,0
1.0,0.7746274,0.5562652,0
1.0,0.81971174,0.609817,0
1.0,0.81839305,0.5854213,0
1.0,0.8561707,0.62877893,0
1.0,0.85077244,0.6157261,0
1.0,0.878074,0.6613716,0
1.0,0.8670078,0.66349375,0
1.0,0.88896036,0.6915762,0
1.0,0.8714274,0.65538955,0
1.0,0.8820516,0.68289435,0
1.0,0.8746478,0.6816629,0
1.0,0.89654666,0.73565185,0
1.0,0.88850915,0.72815144,0
1.0,0.8884484,0.74675804,0
1.0,0.8780633,0.77654064,0
1.0,0.8892264,0.7985883,0
1.0,0.8700246,0.7808844,0
1.0,0.8531458,0.7820097,0
1.0,0.8583442,0.791862,0
1.0,0.86007243,0.80847573,0
1.0,0.856633,0.8111998,0
1.0,0.85814786,0.7903516,0
1.0,0.8748561,0.7846643,0
1.0,0.8849535,0.7851832,0
1.0,0.87468183,0.7308084,0
1.0,0.87379456,0.70305604,0
1.0,0.86837244,0.6861974,0
1.0,0.8677782,0.64143485,0
1.0,0.84699327,0.60035485,0
1.0,0.84545696,0.6212477,0
1.0,0.8487151,0.5953674,0
1.0,0.8548577,0.598691,0
1.0,0.8666865,0.6342237,0
1.0,0.87186325,0.6433105,0
1.0,0.88543576,0.6744835,0
1.0,0.8760098,0.67736477,0
1.0,0.8762678,0.69925374,0
1.0,0.8670733,0.706393,0
1.0,0.88607633,0.7370732,0
1.0,0.88291055,0.73064405,0
1.0,0.88414943,0.7383003,0
1.0,0.8856699,0.72181916,0
1.0,0.8998123,0.71741074,0
1.0,0.905782,0.7051554,0
1.0,0.9135783,0.7027089,0
1.0,0.90755326,0.6643653,0
1.0,0.91678447,0.6398096,0
1.0,0.917061,0.63648653,0
1.0,0.92164004,0.63751817,0
1.0,0.91197056,0.6040633,0
1.0,0.9180799,0.6095641,0
1.0,0.91923916,0.6034012,0
1.0,0.9280114,0.6094308,0
1.0,0.91730505,0.60752606,0
1.0,0.9086585,0.62912756,0
1.0,0.9053351,0.6447965,0
1.0,0.90685517,0.661309,0
1.0,0.90412974,0.6658591,0
1.0,0.89173704,0.65007657,0
1.0,0.9037908,0.672222,0
1.0,0.91430634,0.66945827,0
1.0,0.92548114,0.65702355,0
1.0,0.9121754,0.63419557,0
1.0,0.9162598,0.6157987,0
1.0,0.92431897,0.6153731,0
1.0,0.9263092,0.61425775,0
1.0,0.90058684,0.5596353,0
1.0,0.8911297,0.53390473,0
1.0,0.8818498,0.5032481,0
1.0,0.89158344,0.49032044,0
1.0,0.85515255,0.4357993,0
1.0,0.85756904,0.4523271,0
1.0,0.863669,0.4656117,0
1.0,0.8818527,0.51465166,0
1.0,0.8664469,0.5128462,0
1.0,0.88162935,0.5391104,0
1.0,0.8832146,0.55753875,0
1.0,0.8876558,0.56671995,0
1.0,0.88321507,0.5598467,0
1.0,0.90013576,0.5909056,0
1.0,0.89559543,0.5609256,0
1.0,0.89924085,0.55296516,0
1.0,0.88690096,0.53525555,0
1.0,0.8963388,0.5389107,0
1.0,0.88944155,0.5172233,0
1.0,0.8781733,0.48090106,0
1.0,0.87198144,0.4393574,0
1.0,0.89380497,0.44086722,0
1.0,0.8869412,0.42563027,0
1.0,0.8826388,0.42523435,0
1.0,0.88710654,0.42677054,0
1.0,0.91931087,0.50147307,0
1.0,0.931835,0.5374195,0
1.0,0.9283969,0.5321654,0
1.0,0.93339586,0.5743321,0
1.0,0.93991417,0.61086345,0
1.0,0.9394593,0.6144446,0
1.0,0.9190286,0.5982281,0
1.0,0.92565185,0.63018334,0
1.0,0.927385,0.6421217,0
1.0,0.92327744,0.63942134,0
1.0,0.90621096,0.6247444,0
1.0,0.9117988,0.6179515,0
1.0,0.90218294,0.58775365,0
1.0,0.897292,0.57617795,0
1.0,0.8735758,0.51082695,0
1.0,0.88935506,0.5178717,0
1.0,0.8858169,0.5256669,0
1.0,0.8823653,0.5376929,0
1.0,0.85453904,0.50938654,0
1.0,0.8700211,0.53082407,0
1.0,0.85959053,0.5462848,0
1.0,0.8782121,0.5977175,0
1.0,0.86096364,0.5871048,0
1.0,0.8769457,0.6437769,0
1.0,0.84793663,0.6182183,0
1.0,0.85020524,0.6348288,0
1.0,0.81410277,0.5925674,0
1.0,0.82543486,0.6279726,0
1.0,0.80745083,0.6083799,0
1.0,0.8244911,0.6273451,0
1.0,0.8116418,0.6150844,0
1.0,0.82449174,0.62864,0
1.0,0.81812763,0.5850478,0
1.0,0.8429692,0.624091,0
1.0,0.83625627,0.60721034,0
1.0,0.84929335,0.5924026,0
1.0,0.85128695,0.5804547,0
1.0,0.85605675,0.5768781,0
1.0,0.8452414,0.55209506,0
1.0,0.8478833,0.56323326,0
1.0,0.8400663,0.5587214,0
1.0,0.8493114,0.57028115,0
1.0,0.8564885,0.5823624,0
1.0,0.8567584,0.59322643,0
1.0,0.86314815,0.61244744,0
1.0,0.8492117,0.58614,0
1.0,0.8519352,0.5941149,0
1.0,0.8444985,0.5995648,0
1.0,0.8376329,0.57898355,0
1.0,0.8091018,0.5176538,0
1.0,0.82354033,0.5367874,0
1.0,0.80245423,0.5040989,0
1.0,0.7928347,0.4594617,0
1.0,0.7546675,0.39156675,0
1.0,0.7790632,0.4109934,0
1.0,0.75303066,0.35783994,0
1.0,0.7464018,0.3416192,0
1.0,0.6965507,0.29507542,0
1.0,0.73392284,0.34512258,0
1.0,0.72118473,0.32720613,0
1.0,0.72966886,0.3510245,0
1.0,0.7188476,0.36367327,0
1.0,0.75635487,0.40761137,0
1.0,0.7547438,0.4213657,0
1.0,0.77158856,0.45557636,0
1.0,0.7258233,0.40014735,0
1.0,0.72195905,0.41446042,0
1.0,0.718693,0.41226405,0
1.0,0.7378444,0.44255733,0
1.0,0.69738525,0.40457916,0
1.0,0.69366455,0.39578268,0
1.0,0.71013004,0.39637163,0
1.0,0.7790586,0.46137422,0
1.0,0.78639334,0.45864514,0
1.0,0.79766667,0.4549287,0
1.0,0.8268553,0.47864258,0
1.0,0.86533827,0.51738954,0
1.0,0.8683569,0.52216,0
1.0,0.87454414,0.5392173,0
1.0,0.8852533,0.54342043,0
1.0,0.90939224,0.5807897,0
1.0,0.91280097,0.5958665,0
1.0,0.91671515,0.60757923,0
1.0,0.912461,0.6294326,0
1.0,0.9154854,0.65960646,0
1.0,0.9081807,0.6689329,0
1.0,0.9193906,0.70666945,0
1.0,0.9171819,0.7166972,0
1.0,0.9200022,0.7350851,0
1.0,0.91404533,0.72636503,0
1.0,0.92435527,0.73449767,0
1.0,0.9181346,0.7168883,0
1.0,0.9133878,0.69572186,0
1.0,0.90064126,0.64955574,0
1.0,0.9143191,0.65910155,0
1.0,0.9054059,0.6388448,0
1.0,0.89398324,0.6100373,0
1.0,0.8641799,0.5617056,0
1.0,0.87855375,0.5909499,0
1.0,0.8601435,0.5865452,0
1.0,0.8528634,0.57255566,0
1.0,0.8146828,0.5166767,0
1.0,0.825251,0.5650511,0
1.0,0.7955444,0.53550345,0
1.0,0.77732015,0.52461725,0
1.0,0.73621297,0.48172936,0
1.0,0.74934685,0.50791746,0
1.0,0.7257034,0.48312315,0
1.0,0.7498437,0.51373696,0
1.0,0.7271845,0.4869766,0
1.0,0.73147565,0.48745626,0
1.0,0.7041338,0.44367832,0
1.0,0.7400016,0.4818741,0
1.0,0.75228924,0.48930693,0
1.0,0.7636433,0.50602186,0
1.0,0.73035055,0.4452446,0
1.0,0.76123637,0.46513915,0
1.0,0.7748385,0.4770003,0
1.0,0.7823175,0.4676396,0
1.0,0.75519544,0.420641,0
1.0,0.79142505,0.4663394,0
1.0,0.8016836,0.46432987,0
1.0,0.7821403,0.44166464,0
1.0,0.7626857,0.43197924,0
1.0,0.7827103,0.45237434,0
1.0,0.80634725,0.4954043,0
1.0,0.78569025,0.47169507,0
1.0,0.7674568,0.44062775,0
1.0,0.78576565,0.4729243,0
1.0,0.78581715,0.4725107,0
1.0,0.7409929,0.39452475,0
1.0,0.7368715,0.3675039,0
1.0,0.76476824,0.3906785,0
1.0,0.77910185,0.39703235,0
1.0,0.7431095,0.33967978,0
1.0,0.745927,0.35002947,0
1.0,0.7572445,0.3557097,0
1.0,0.7425768,0.33884913,0
1.0,0.71793556,0.32070997,0
1.0,0.73274857,0.32916182,0
1.0,0.749508,0.35891813,0
1.0,0.7271884,0.3604754,0
1.0,0.7082279,0.35878366,0
1.0,0.73329186,0.41727608,0
1.0,0.7603286,0.4803687,0
1.0,0.7513733,0.47281712,0
1.0,0.79192007,0.5247381,0
1.0,0.80448717,0.54273397,0
1.0,0.81601274,0.5657757,0
1.0,0.7936598,0.53768754,0
1.0,0.8081444,0.5728524,0
1.0,0.8128706,0.5896001,0
1.0,0.81787413,0.58273554,0
1.0,0.7915419,0.54351544,0
1.0,0.8220039,0.5711632,0
1.0,0.8465777,0.5822703,0
1.0,0.8638173,0.61037785,0
1.0,0.8453807,0.57323146,0
1.0,0.8581611,0.6071874,0
1.0,0.8871845,0.6892482,0
1.0,0.90411776,0.7246337,0
1.0,0.8986973,0.71287465,0
1.0,0.89761883,0.72421795,0
1.0,0.91725653,0.78474253,0
1.0,0.9168078,0.8012848,0
1.0,0.9023107,0.8034817,0
1.0,0.89448166,0.80151296,0
1.0,0.9109893,0.83146614,0
1.0,0.90879387,0.85290354,0
1.0,0.8982472,0.8306454,0
1.0,0.8838226,0.7864784,0
1.0,0.9097718,0.81995773,0
1.0,0.92007905,0.81426525,0
1.0,0.91975045,0.7701342,0
1.0,0.92133373,0.7374443,0
1.0,0.9373907,0.7247099,0
1.0,0.94786733,0.7125912,0
1.0,0.9436015,0.71259344,0
1.0,0.94022155,0.703856,0
1.0,0.9489122,0.71216774,0
1.0,0.95252657,0.7122285,0
1.0,0.95048296,0.69451165,0
1.0,0.94491357,0.70898294,0
1.0,0.9478157,0.74557096,0
1.0,0.9376896,0.7499732,0
1.0,0.93205345,0.78868395,0
1.0,0.9324809,0.82676256,0
1.0,0.9338092,0.8537711,0
1.0,0.939577,0.86861813,0
1.0,0.93886966,0.8671764,0
1.0,0.9441305,0.88268226,0
1.0,0.94102657,0.83585095,0
1.0,0.94387186,0.822696,0
1.0,0.9440376,0.83961105,0
1.0,0.9488461,0.82163894,0
1.0,0.9416484,0.7843653,0
1.0,0.94035214,0.7662015,0
1.0,0.9296187,0.71932065,0
1.0,0.9327484,0.7113818,0
1.0,0.9269581,0.6796371,0
1.0,0.9115935,0.63845944,0
1.0,0.89636415,0.6223234,0
1.0,0.9056252,0.6549562,0
1.0,0.90065026,0.6782726,0
1.0,0.8821543,0.6664012,0
1.0,0.86008,0.64579153,0
1.0,0.87874216,0.6801591,0
1.0,0.8758015,0.6787597,0
1.0,0.8624856,0.6610098,0
1.0,0.84825814,0.62649244,0
1.0,0.8664982,0.6432005,0
1.0,0.86710745,0.631063,0
1.0,0.8496229,0.59129655,0
1.0,0.8496237,0.5805955,0
1.0,0.87147224,0.56950873,0
1.0,0.88485605,0.5411773,0
1.0,0.8625625,0.49468902,0
1.0,0.86979127,0.46044242,0
1.0,0.89272183,0.45845407,0
1.0,0.89665323,0.46102995,0
1.0,0.87494,0.4359846,0
1.0,0.88940996,0.46029985,0
1.0,0.90839285,0.48086333,0
1.0,0.91042197,0.50340825,0
1.0,0.9120284,0.52925825,0
1.0,0.9254892,0.54696065,0
1.0,0.9310402,0.5848249,0
1.0,0.92764837,0.6027061,0
1.0,0.9240684,0.6041956,0
1.0,0.92603815,0.6238304,0
1.0,0.92734593,0.6251442,0
1.0,0.92373353,0.6224177,0
1.0,0.92390364,0.61763644,0
1.0,0.9238822,0.5996247,0
1.0,0.928506,0.5844104,0
1.0,0.93017745,0.5642251,0
1.0,0.92927766,0.5548692,0
1.0,0.92908084,0.54805624,0
1.0,0.92933714,0.5809063,0
1.0,0.9320081,0.6237227,0
1.0,0.934524,0.61771774,0
1.0,0.92932576,0.62142336,0
1.0,0.92682695,0.6513601,0
1.0,0.92891175,0.6928754,0
1.0,0.9210614,0.7598015,0
1.0,0.90882474,0.7836431,0
1.0,0.9090982,0.8219658,0
1.0,0.9160752,0.90231484,0
1.0,0.91391635,0.9281679,0
1.0,0.9053437,0.9469094,0
1.0,0.905883,0.9962966,0
1.0,0.911496,1.0230458,0
1.0,0.9070208,1.0346489,0
1.0,0.90212697,1.0426347,0
1.0,0.90213746,1.0382507,0
1.0,0.9038456,1.0611176,0
1.0,0.8975885,1.0740094,0
1.0,0.8856681,1.0710273,0
1.0,0.8842727,1.0973179,0
1.0,0.8838834,1.1154928,0
1.0,0.8760491,1.1308755,0
1.0,0.863108,1.1237502,0
1.0,0.8643847,1.1316142,0
1.0,0.8488135,1.1445625,0
1.0,0.8275809,1.1441448,0
1.0,0.80640525,1.1229471,0
1.0,0.80537313,1.14255,0
1.0,0.7977446,1.1286594,0
1.0,0.8047823,1.1452396,0
1.0,0.8067647,1.154227,0
1.0,0.8123477,1.1429003,0
1.0,0.8134043,1.1182605,0
1.0,0.80901915,1.1061555,0
1.0,0.8120574,1.0974584,0
1.0,0.81065387,1.0769706,0
1.0,0.8112648,1.060354,0
1.0,0.8036959,0.9834904,0
1.0,0.80958986,0.9663681,0
1.0,0.801829,0.93672895,0
1.0,0.813312,0.908723,0
1.0,0.81430686,0.88719493,0
1.0,0.82157046,0.89362466,0
1.0,0.80233544,0.8383398,0
1.0,0.81765765,0.84907806,0
1.0,0.8256664,0.8539845,0
1.0,0.83332723,0.85643506,0
1.0,0.81884426,0.8276677,0
1.0,0.8263162,0.81807154,0
1.0,0.82484424,0.7767423,0
1.0,0.82694566,0.7552754,0
1.0,0.80159426,0.66985965,0
1.0,0.7984169,0.63372684,0
1.0,0.7848198,0.5991273,0
1.0,0.7668754,0.542909,0
1.0,0.7196586,0.46777064,0
1.0,0.712438,0.44168955,0
1.0,0.71086377,0.41505924,0
1.0,0.72061026,0.41985697,0
1.0,0.70762384,0.3964327,0
1.0,0.6965667,0.40704712,0
1.0,0.7209888,0.45684582,0
1.0,0.7386118,0.47370005,0
1.0,0.7507316,0.49958768,0
1.0,0.7289477,0.49676663,0
1.0,0.72989804,0.5124619,0
1.0,0.7423536,0.54313636,0
1.0,0.7675398,0.58714586,0
1.0,0.7421146,0.5512146,0
1.0,0.7402816,0.5671569,0
1.0,0.7436169,0.5758827,0
1.0,0.7575513,0.5989148,0
1.0,0.7374988,0.58341813,0
1.0,0.738198,0.57624173,0
1.0,0.73957247,0.5772775,0
1.0,0.7559598,0.59735084,0
1.0,0.74804384,0.574329,0
1.0,0.74669,0.58443284,0
1.0,0.745484,0.58104265,0
1.0,0.7596513,0.6042833,0
1.0,0.76795775,0.65586126,0
1.0,0.76260275,0.66077805,0
1.0,0.75827634,0.6667471,0
1.0,0.7624937,0.7131884,0
1.0,0.7803681,0.7664193,0
1.0,0.76372147,0.7631774,0
1.0,0.7528616,0.78484106,0
1.0,0.7460268,0.80569917,0
1.0,0.7587485,0.8597546,0
1.0,0.7446704,0.85540414,0
1.0,0.7392572,0.869184,0
1.0,0.7296587,0.8892958,0
1.0,0.74819887,0.92592925,0
1.0,0.7362213,0.9015374,0
1.0,0.74102336,0.94128275,0
1.0,0.7441218,0.9686089,0
1.0,0.76155907,0.99216807,0
1.0,0.75415754,0.9913007,0
1.0,0.7569243,1.0199181,0
1.0,0.7593007,1.0427054,0
1.0,0.7659509,1.0801656,0
1.0,0.75542057,1.069783,0
1.0,0.757583,1.0807883,0
1.0,0.76637167,1.0877941,0
1.0,0.7705843,1.0805804,0
1.0,0.7719473,1.0979518,0
1.0,0.77643245,1.0991495,0
1.0,0.78612036,1.1133118,0
1.0,0.7819358,1.1070504,0
1.0,0.7827668,1.0816797,0
1.0,0.7795711,1.0613182,0
1.0,0.7733817,1.0354038,0
1.0,0.7726628,0.98476905,0
1.0,0.79480773,0.999604,0
1.0,0.7987073,0.9798908,0
1.0,0.79157573,0.92475665,0
1.0,0.7899492,0.8912941,0
1.0,0.8037836,0.8894149,0
1.0,0.8065943,0.87119687,0
1.0,0.808992,0.84495556,0
1.0,0.83456117,0.8351569,0
1.0,0.84082377,0.8101461,0
1.0,0.86159194,0.8220415,0
1.0,0.84634066,0.7565147,0
1.0,0.8471591,0.7387727,0
1.0,0.8328941,0.71073544,0
1.0,0.857425,0.73574805,0
1.0,0.84608376,0.69497085,0
1.0,0.83833015,0.66678596,0
1.0,0.8191391,0.62090087,0
1.0,0.83699316,0.6217987,0
1.0,0.8185158,0.5629435,0
1.0,0.8118632,0.5195707,0
1.0,0.7974642,0.47421864,0
1.0,0.8244117,0.49931344,0
1.0,0.8238462,0.4947799,0
1.0,0.8129129,0.47472686,0
1.0,0.78157234,0.4135137,0
1.0,0.80625755,0.42485368,0
1.0,0.81665266,0.42897373,0
1.0,0.8152019,0.42127848,0
1.0,0.79007673,0.39139038,0
1.0,0.8090595,0.42443275,0
1.0,0.80421174,0.40940085,0
1.0,0.7444588,0.33875144,0
1.0,0.7235856,0.31900555,0
1.0,0.7318049,0.32234752,0
1.0,0.75628096,0.343717,0
1.0,0.77085483,0.36129665,0
1.0,0.7643555,0.3334477,0
1.0,0.7776507,0.32255328,0
1.0,0.77759755,0.31517473,0
1.0,0.76145315,0.2892337,0
1.0,0.72896874,0.25058407,0
1.0,0.74703777,0.25837234,0
1.0,0.74161476,0.23883846,0
1.0,0.7287136,0.21166107,0
1.0,0.6828289,0.16486996,0
1.0,0.70486873,0.15753493,0
1.0,0.70520157,0.14471814,0
1.0,0.71346635,0.1559881,0
1.0,0.6960203,0.14944735,0
1.0,0.7524549,0.18632674,0
1.0,0.77846825,0.21747312,0
1.0,0.77554464,0.23646832,0
1.0,0.7830996,0.2358651,0
1.0,0.8329815,0.27636284,0
1.0,0.8441866,0.30551538,0
1.0,0.8398116,0.30706722,0
1.0,0.81766164,0.2980843,0
1.0,0.8528172,0.34873646,0
1.0,0.85759515,0.35774812,0
1.0,0.8267658,0.3320167,0
1.0,0.8064958,0.3057561,0
1.0,0.85529214,0.3361764,0
1.0,0.8834179,0.36384898,0
1.0,0.88751566,0.3645172,0
1.0,0.8842047,0.36477953,0
1.0,0.9111221,0.41265148,0
1.0,0.92466325,0.42835528,0
1.0,0.9228815,0.42556986,0
1.0,0.90812355,0.422752,0
1.0,0.93169963,0.4625122,0
1.0,0.9381013,0.47046325,0
1.0,0.934815,0.46959546,0
1.0,0.9158204,0.46044096,0
1.0,0.91073424,0.46133593,0
1.0,0.89672524,0.45456573,0
1.0,0.8903892,0.46813717,0
1.0,0.85807765,0.42533174,0
1.0,0.8419107,0.41472024,0
1.0,0.8357423,0.41669172,0
1.0,0.8537638,0.41720077,0
1.0,0.84728503,0.38687208,0
1.0,0.8426245,0.3707556,0
1.0,0.85493696,0.36181462,0
1.0,0.87313676,0.3491416,0
1.0,0.8875509,0.36851168,0
1.0,0.874724,0.35065043,0
1.0,0.8691977,0.31960604,0
1.0,0.85212135,0.28779522,0
1.0,0.8333995,0.2541489,0
1.0,0.8037085,0.2224383,0
1.0,0.808273,0.24970481,0
1.0,0.80920285,0.25180504,0
1.0,0.8357195,0.287492,0
1.0,0.84121656,0.3177062,0
1.0,0.8562757,0.34091794,0
1.0,0.8638923,0.362045,0
1.0,0.88652873,0.39222753,0
1.0,0.89253443,0.39561114,0
1.0,0.8877777,0.4160815,0
1.0,0.87367845,0.3973441,0
1.0,0.88999766,0.40096438,0
1.0,0.9024954,0.40601206,0
1.0,0.9080669,0.40039724,0
1.0,0.91152334,0.40101963,0
1.0,0.92701125,0.41274422,0
1.0,0.92626184,0.3934506,0
1.0,0.92131317,0.37290758,0
1.0,0.9132534,0.34061655,0
1.0,0.8967078,0.3186724,0
1.0,0.88504887,0.29596382,0
1.0,0.8798431,0.2754845,0
1.0,0.884503,0.27928588,0
1.0,0.884518,0.2815109,0
1.0,0.895017,0.28828508,0
1.0,0.8930844,0.28924048,0
1.0,0.8834736,0.28320384,0
1.0,0.850069,0.2439137,0
1.0,0.82233524,0.21922822,0
1.0,0.79614574,0.2044802,0
1.0,0.77722275,0.1923767,0
1.0,0.73008364,0.16359955,0
1.0,0.7326053,0.15882978,0
1.0,0.73823184,0.13354145,0
1.0,0.74586105,0.13147904,0
1.0,0.7062339,0.1019771,0
1.0,0.71291625,0.08709911,0
1.0,0.6774935,0.076846406,0
1.0,0.6631561,0.07240108,0
1.0,0.6224262,0.05886978,0
1.0,0.6606713,0.070744306,0
1.0,0.60782933,0.05046416,0
1.0,0.6538431,0.06762667,0
1.0,0.6708266,0.07389647,0
1.0,0.74653214,0.1084204,0
1.0,0.6807675,0.083030485,0
1.0,0.7091223,0.10149251,0
1.0,0.7005236,0.106516816,0
1.0,0.7592148,0.1472809,0
1.0,0.6820786,0.105792925,0
1.0,0.7209442,0.13399956,0
1.0,0.7061084,0.12651777,0
1.0,0.7809342,0.18460417,0
1.0,0.7083721,0.14453143,0
1.0,0.7348251,0.17807427,0
1.0,0.6978551,0.16539891,0
1.0,0.79027516,0.25022107,0
1.0,0.7189024,0.196394,0
1.0,0.7550037,0.2373699,0
1.0,0.71595323,0.20974424,0
1.0,0.7934633,0.29338402,0
1.0,0.7152664,0.24116921,0
1.0,0.72635657,0.2540924,0
1.0,0.6475125,0.19188468,0
1.0,0.72033066,0.2696123,0
1.0,0.65889126,0.2142349,0
1.0,0.6567778,0.21770695,0
1.0,0.60799414,0.17878625,0
1.0,0.67645055,0.2387304,0
1.0,0.6351272,0.19808319,0
1.0,0.6450876,0.19853458,0
1.0,0.6258565,0.1902177,0
1.0,0.68325204,0.23206729,0
1.0,0.65138704,0.19225688,0
1.0,0.6389707,0.18348774,0
1.0,0.6110549,0.16358326,0
1.0,0.6646052,0.21625242,0
1.0,0.6647549,0.21961965,0
1.0,0.660405,0.2210154,0
1.0,0.6859496,0.26012677,0
1.0,0.73722273,0.30675384,0
1.0,0.7523434,0.32913178,0
1.0,0.7521258,0.3400431,0
1.0,0.7350175,0.33280393,0
1.0,0.74857205,0.3802491,0
1.0,0.7732675,0.41062343,0
1.0,0.7773307,0.42336026,0
1.0,0.78450936,0.45012105,0
1.0,0.79847044,0.47040367,0
1.0,0.8189879,0.5167163,0
1.0,0.8235716,0.5203785,0
1.0,0.8286079,0.52169895,0
1.0,0.8311837,0.51633745,0
1.0,0.86203295,0.53032684,0
1.0,0.8677886,0.55503166,0
1.0,0.8692228,0.5668228,0
1.0,0.8594346,0.5602432,0
1.0,0.8937842,0.6429496,0
1.0,0.89623386,0.63558614,0
1.0,0.8973897,0.6474539,0
1.0,0.8965946,0.66184705,0
1.0,0.9112487,0.6855974,0
1.0,0.9043116,0.69718754,0
1.0,0.8923773,0.6788627,0
1.0,0.87265027,0.6708174,0
1.0,0.8988897,0.7461457,0
1.0,0.8871487,0.7289431,0
1.0,0.885164,0.7311848,0
1.0,0.89261097,0.72867846,0
1.0,0.91169935,0.7569331,0
1.0,0.8970135,0.72099257,0
1.0,0.90496564,0.6935733,0
1.0,0.908683,0.7018413,0
1.0,0.9272333,0.72414935,0
1.0,0.9128902,0.68611217,0
1.0,0.91335654,0.68554324,0
1.0,0.90940106,0.6379045,0
1.0,0.9157216,0.6369702,0
1.0,0.89719987,0.58683896,0
1.0,0.8952336,0.5457752,0
1.0,0.8929155,0.5502117,0
1.0,0.8781607,0.52702224,0
1.0,0.8473412,0.5146799,0
1.0,0.8797448,0.5874181,0
1.0,0.879351,0.5895034,0
1.0,0.87385774,0.6015966,0
1.0,0.87361157,0.5903102,0
1.0,0.891248,0.6004444,0
1.0,0.90581465,0.6242122,0
1.0,0.879909,0.5775412,0
1.0,0.8813992,0.5873431,0
1.0,0.90444064,0.6076304,0
1.0,0.9037579,0.5859788,0
1.0,0.87908363,0.5507405,0
1.0,0.888034,0.5531606,0
1.0,0.8961864,0.55098367,0
1.0,0.8945303,0.5311574,0
1.0,0.8639146,0.4660275,0
1.0,0.8785828,0.48133633,0
1.0,0.8864686,0.5002823,0
1.0,0.8909765,0.5144731,0
1.0,0.85911417,0.48034427,0
1.0,0.87568575,0.5197624,0
1.0,0.8729204,0.5289347,0
1.0,0.8820691,0.5515537,0
1.0,0.8607539,0.53361595,0
1.0,0.87923914,0.5540707,0
1.0,0.8575911,0.5155592,0
1.0,0.85555935,0.517101,0
1.0,0.84304243,0.4923584,0
1.0,0.84841186,0.502448,0
1.0,0.8426962,0.49616617,0
1.0,0.8147095,0.44455743,0
1.0,0.8136851,0.42343754,0
1.0,0.8062072,0.38146594,0
1.0,0.7919709,0.36891276,0
1.0,0.7761717,0.34877777,0
1.0,0.789356,0.3580916,0
1.0,0.77629507,0.3709119,0
1.0,0.7545331,0.35125038,0
1.0,0.7614968,0.37520668,0
1.0,0.7853688,0.40272784,0
1.0,0.77176946,0.3975845,0
1.0,0.76952916,0.44741917,0
1.0,0.76712334,0.4554056,0
1.0,0.8220207,0.54096663,0
1.0,0.79566276,0.51170075,0
1.0,0.7993825,0.5148103,0
1.0,0.7963568,0.52819765,0
1.0,0.8407637,0.59621435,0
1.0,0.8261182,0.5661694,0
1.0,0.8172267,0.5554817,0
1.0,0.81801355,0.5522231,0
1.0,0.83898634,0.5671569,0
1.0,0.82380396,0.5349101,0
1.0,0.7986217,0.49603617,0
1.0,0.81052256,0.507136,0
1.0,0.82469445,0.51276344,0
1.0,0.811752,0.49851328,0
1.0,0.78051484,0.48054945,0
1.0,0.78822386,0.48540196,0
1.0,0.7979952,0.5013916,0
1.0,0.7803792,0.49837756,0
1.0,0.74995875,0.45907593,0
1.0,0.7449015,0.45144612,0
1.0,0.7762097,0.48995477,0
1.0,0.76194584,0.468606,0
1.0,0.7123956,0.38919097,0
1.0,0.7155207,0.38949376,0
1.0,0.73968464,0.40683174,0
1.0,0.73758423,0.38081244,0
1.0,0.6814624,0.31508446,0
1.0,0.67491746,0.2742967,0
1.0,0.6834116,0.26332045,0
1.0,0.6572522,0.22668669,0
1.0,0.62945735,0.16107799,0
1.0,0.6144612,0.14616352,0
1.0,0.6333984,0.15407494,0
1.0,0.6418896,0.15752727,0
1.0,0.71213156,0.2184518,0
1.0,0.7279451,0.23012257,0
1.0,0.7403675,0.24464273,0
1.0,0.77034146,0.27667433,0
1.0,0.8358471,0.33457947,0
1.0,0.8315472,0.32637107,0
1.0,0.80326366,0.30107552,0
1.0,0.80280423,0.31746674,0
1.0,0.8596153,0.3772855,0
1.0,0.84931666,0.3525545,0
1.0,0.825904,0.327757,0
1.0,0.8093029,0.30452514,0
1.0,0.87821025,0.34113914,0
1.0,0.87886727,0.33724952,0
1.0,0.8784628,0.32917094,0
1.0,0.8473076,0.2681892,0
1.0,0.90932,0.330065,0
1.0,0.8945432,0.30927438,0
1.0,0.88708216,0.29611215,0
1.0,0.85341257,0.2655526,0
1.0,0.9107409,0.31512046,0
1.0,0.89783925,0.31670016,0
1.0,0.9065488,0.3356324,0
1.0,0.8696504,0.28553444,0
1.0,0.89643437,0.33552474,0
1.0,0.87499315,0.34073293,0
1.0,0.8860158,0.36317384,0
1.0,0.84733236,0.3337779,0
1.0,0.87745476,0.3700897,0
1.0,0.8600691,0.36207396,0
1.0,0.8657548,0.3643372,0
1.0,0.8273592,0.30915833,0
1.0,0.86492354,0.3438587,0
1.0,0.8604374,0.32398266,0
1.0,0.85505575,0.3039282,0
1.0,0.82525074,0.27588338,0
1.0,0.85153157,0.30840597,0
1.0,0.83433086,0.31897253,0
1.0,0.82434213,0.31928247,0
1.0,0.7994823,0.27530357,0
1.0,0.82168406,0.3048554,0
1.0,0.8226608,0.33110195,0
1.0,0.8071555,0.33913285,0
1.0,0.78511053,0.33992723,0
1.0,0.80656785,0.39623743,0
1.0,0.82213295,0.44919142,0
1.0,0.8097191,0.45124316,0
1.0,0.8028639,0.4508658,0
1.0,0.8303845,0.49422938,0
1.0,0.8307016,0.5040331,0
1.0,0.8178437,0.49202853,0
1.0,0.8117794,0.48475462,0
1.0,0.84604007,0.52841604,0
1.0,0.84704804,0.5216928,0
1.0,0.860309,0.5264821,0
1.0,0.87001175,0.534316,0
1.0,0.88943976,0.5391263,0
1.0,0.8898096,0.51082915,0
1.0,0.9001941,0.50927246,0
1.0,0.90427506,0.5028267,0
1.0,0.91280395,0.51458144,0
1.0,0.9046079,0.49215454,0
1.0,0.9010108,0.47835568,0
1.0,0.901427,0.48499745,0
1.0,0.9078077,0.4851718,0
1.0,0.89740413,0.4639653,0
1.0,0.9083032,0.4849189,0
1.0,0.90120316,0.4788677,0
1.0,0.9035171,0.46655986,0
1.0,0.8878605,0.4255762,0
1.0,0.89708734,0.4433659,0
1.0,0.88338983,0.4300581,0
1.0,0.88163567,0.417893,0
1.0,0.8705013,0.38629878,0
1.0,0.87629944,0.37173703,0
1.0,0.8381785,0.3180951,0
1.0,0.81708395,0.280352,0
1.0,0.8074804,0.26521635,0
1.0,0.8304793,0.30415386,0
1.0,0.8128747,0.3028266,0
1.0,0.8064223,0.30429733,0
1.0,0.79412514,0.31091735,0
1.0,0.8328111,0.3646429,0
1.0,0.8077971,0.3542704,0
1.0,0.7938034,0.3815506,0
1.0,0.7823104,0.41402006,0
1.0,0.81166005,0.48508003,0
1.0,0.8100983,0.49575174,0
1.0,0.8037282,0.49559617,0
1.0,0.8081589,0.51186776,0
1.0,0.8424249,0.5623125,0
1.0,0.8704689,0.6031625,0
1.0,0.8820274,0.61080956,0
1.0,0.884168,0.6081879,0
1.0,0.90235287,0.6407037,0
1.0,0.91473424,0.65400517,0
1.0,0.9139823,0.64652455,0
1.0,0.90248317,0.6289885,0
1.0,0.90638864,0.63175786,0
1.0,0.91931,0.6466667,0
1.0,0.9275589,0.66143435,0
1.0,0.9245952,0.6546266,0
1.0,0.9189941,0.62714577,0
1.0,0.9211338,0.63638574,0
1.0,0.92237425,0.6575637,0
1.0,0.92490643,0.66259134,0
1.0,0.9125576,0.6516279,0
1.0,0.91166914,0.6643584,0
1.0,0.9164063,0.66643596,0
1.0,0.9257295,0.6610253,0
1.0,0.9165835,0.6166191,0
1.0,0.91954833,0.5988436,0
1.0,0.9111903,0.5696206,0
1.0,0.9139223,0.54077035,0
1.0,0.89085585,0.50821257,0
1.0,0.8831659,0.49066222,0
1.0,0.8451635,0.39979166,0
1.0,0.8460656,0.37576014,0
1.0,0.8022456,0.29783195,0
1.0,0.8015872,0.2972874,0
1.0,0.7788969,0.31410867,0
1.0,0.80621505,0.34933466,0
1.0,0.79277736,0.36391753,0
1.0,0.8274768,0.45695904,0
1.0,0.8066093,0.4672282,0
1.0,0.8270558,0.53408116,0
1.0,0.814278,0.5453958,0
1.0,0.8314516,0.59388924,0
1.0,0.81175804,0.5861024,0
1.0,0.8075329,0.60154086,0
1.0,0.80208963,0.6188446,0
1.0,0.82729465,0.6819781,0
1.0,0.8205104,0.704,0
1.0,0.8183933,0.71732104,0
1.0,0.80877703,0.7014189,0
1.0,0.8369216,0.7374421,0
1.0,0.8484221,0.7485974,0
1.0,0.8532677,0.7617147,0
1.0,0.85388786,0.769056,0
1.0,0.86250526,0.7969916,0
1.0,0.883049,0.8466451,0
1.0,0.8843553,0.85901177,0
1.0,0.87392575,0.8645691,0
1.0,0.8790873,0.8870188,0
1.0,0.88971597,0.90814877,0
1.0,0.890295,0.93489045,0
1.0,0.86931336,0.9110099,0
1.0,0.8629186,0.9131536,0
1.0,0.8744343,0.9835419,0
1.0,0.8724108,1.0029082,0
1.0,0.8598723,0.9998551,0
1.0,0.8540999,0.99689627,0
1.0,0.87447345,1.0024881,0
1.0,0.87697005,1.0090225,0
1.0,0.86247164,0.97284055,0
1.0,0.8575207,0.9258479,0
1.0,0.8736411,0.9407388,0
1.0,0.881668,0.9694048,0
1.0,0.8681653,0.93806446,0
1.0,0.8523153,0.88847756,0
1.0,0.866634,0.9230947,0
1.0,0.87447,0.9263897,0
1.0,0.8510078,0.85205877,0
1.0,0.8551418,0.85639685,0
1.0,0.8597251,0.8608606,0
1.0,0.8606065,0.8622066,0
1.0,0.8521513,0.8610131,0
1.0,0.841117,0.84542906,0
1.0,0.8360254,0.83802664,0
1.0,0.8476947,0.86066735,0
1.0,0.84899426,0.85889024,0
1.0,0.84767884,0.8408133,0
1.0,0.8311569,0.7966753,0
1.0,0.8397829,0.81189,0
1.0,0.8366813,0.803251,0
1.0,0.8259774,0.78557044,0
1.0,0.8031136,0.77689385,0
1.0,0.8189683,0.8100192,0
1.0,0.8192827,0.78730255,0
1.0,0.82142425,0.7826546,0
1.0,0.81106704,0.7426156,0
1.0,0.8209541,0.72412026,0
1.0,0.8296314,0.7414105,0
1.0,0.8294715,0.76777345,0
1.0,0.82217896,0.76101243,0
1.0,0.8306546,0.7868604,0
1.0,0.82502085,0.7593533,0
1.0,0.82253844,0.73342454,0
1.0,0.81190026,0.7124379,0
1.0,0.834861,0.70411444,0
1.0,0.81818014,0.65760267,0
1.0,0.8395971,0.7137127,0
1.0,0.8350793,0.6890112,0
1.0,0.8570067,0.73029613,0
1.0,0.83797187,0.70472896,0
1.0,0.84322697,0.6840559,0
1.0,0.8644695,0.6952041,0
1.0,0.872436,0.6977001,0
1.0,0.85138214,0.673175,0
1.0,0.85386014,0.6783373,0
1.0,0.86492807,0.6906476,0
1.0,0.87062865,0.7229248,0
1.0,0.85071206,0.68629366,0
1.0,0.85207254,0.6827899,0
1.0,0.8640121,0.7194549,0
1.0,0.8707162,0.7253784,0
1.0,0.8405734,0.6657005,0
1.0,0.8406652,0.6542109,0
1.0,0.85540473,0.64566505,0
1.0,0.8606557,0.6378734,0
1.0,0.83386004,0.6009208,0
1.0,0.80906725,0.54632574,0
1.0,0.84179056,0.56471455,0
1.0,0.8423529,0.55603373,0
1.0,0.82944167,0.51448375,0
1.0,0.78402865,0.41831607,0
1.0,0.8463084,0.4810099,0
1.0,0.831019,0.44123015,0
1.0,0.85179824,0.48712224,0
1.0,0.83701015,0.48069087,0
1.0,0.8611123,0.50466055,0
1.0,0.87309396,0.5429486,0
1.0,0.88475275,0.57686025,0
1.0,0.8622235,0.5330201,0
1.0,0.8784386,0.55872166,0
1.0,0.8921812,0.59322757,0
1.0,0.90361387,0.65053046,0
1.0,0.88166356,0.64199233,0
1.0,0.8963979,0.66854,0
1.0,0.9062984,0.68961036,0
1.0,0.9145951,0.6947886,0
1.0,0.8939325,0.65149665,0
1.0,0.90828365,0.66233695,0
1.0,0.9270313,0.6668898,0
1.0,0.9372601,0.6706838,0
1.0,0.92364323,0.63582194,0
1.0,0.9257389,0.61619097,0
1.0,0.92954624,0.60068876,0
1.0,0.9285057,0.5899451,0
1.0,0.90722334,0.5673206,0
1.0,0.90052867,0.5514987,0
1.0,0.9092533,0.5531702,0
1.0,0.892158,0.52237403,0
1.0,0.8500898,0.4785681,0
1.0,0.84699464,0.4848301,0
1.0,0.8390078,0.47508094,0
1.0,0.81997055,0.4597371,0
1.0,0.79859954,0.43860894,0
1.0,0.800721,0.43857604,0
1.0,0.79440004,0.4230938,0
1.0,0.7884232,0.39284316,0
1.0,0.76439553,0.36231208,0
1.0,0.7693424,0.36229035,0
1.0,0.7590351,0.327452,0
1.0,0.7579716,0.30465394,0
1.0,0.72388464,0.2594065,0
1.0,0.6936109,0.23033808,0
1.0,0.6360107,0.16512796,0
1.0,0.60977846,0.11636862,0
1.0,0.5916108,0.09729498,0
1.0,0.58458537,0.087160274,0
1.0,0.58455354,0.07567613,0
1.0,0.59210336,0.068936855,0
1.0,0.5965918,0.07335734,0
1.0,0.59622675,0.07621279,0
1.0,0.5864561,0.06503098,0
1.0,0.5883686,0.064305015,0
1.0,0.58803993,0.06446404,0
1.0,0.57874376,0.06131786,0
1.0,0.5900037,0.06787724,0
1.0,0.63543004,0.083753236,0
1.0,0.6403283,0.07694983,0
1.0,0.63797253,0.07485524,0
1.0,0.64367634,0.076241195,0
1.0,0.62622774,0.071833275,0
1.0,0.6126145,0.0639673,0
1.0,0.60672015,0.059414893,0
1.0,0.6061698,0.058172062,0
1.0,0.59612215,0.048323765,0
1.0,0.616429,0.046273995,0
1.0,0.6724478,0.063418075,0
1.0,0.73295265,0.08499995,0
1.0,0.74158055,0.09407354,0
1.0,0.758565,0.11403355,0
1.0,0.8016965,0.13714018,0
1.0,0.8303043,0.15736641,0
1.0,0.8243867,0.15688914,0
1.0,0.82010233,0.1542383,0
1.0,0.82747823,0.16251689,0
1.0,0.846373,0.17539036,0
1.0,0.8381355,0.17042781,0
1.0,0.8293559,0.16416359,0
1.0,0.8330258,0.16138645,0
1.0,0.846216,0.1698115,0
1.0,0.8129154,0.14846437,0
1.0,0.81707966,0.14324507,0
1.0,0.8062714,0.13230684,0
1.0,0.8247112,0.1455319,0
1.0,0.8112594,0.13871917,0
1.0,0.82448596,0.1592823,0
1.0,0.8139222,0.15967411,0
1.0,0.85028076,0.19203104,0
1.0,0.84589136,0.20340157,0
1.0,0.8503925,0.21009138,0
1.0,0.8181641,0.19722661,0
1.0,0.82174426,0.21415666,0
1.0,0.79767334,0.19699164,0
1.0,0.778989,0.19113451,0
1.0,0.7239821,0.15929538,0
1.0,0.7406938,0.17627814,0
1.0,0.73244256,0.17933497,0
1.0,0.72722226,0.1781644,0
1.0,0.707883,0.15444346,0
1.0,0.7415728,0.1779553,0
1.0,0.7388792,0.1734803,0
1.0,0.74390084,0.16446057,0
1.0,0.73047423,0.15659323,0
1.0,0.7489883,0.17209825,0
1.0,0.73875207,0.17973973,0
1.0,0.7493573,0.20884445,0
1.0,0.765128,0.21909297,0
1.0,0.7803331,0.2503036,0
1.0,0.7874755,0.29709578,0
1.0,0.81085354,0.33251473,0
1.0,0.8203323,0.3714826,0
1.0,0.8145147,0.402965,0
1.0,0.815434,0.4192365,0
1.0,0.8281196,0.45628232,0
1.0,0.82178205,0.4647475,0
1.0,0.81662196,0.48277763,0
1.0,0.8206529,0.53616774,0
1.0,0.84372514,0.5692163,0
1.0,0.84704316,0.5761887,0
1.0,0.8520642,0.58911324,0
1.0,0.8630655,0.5937035,0
1.0,0.876229,0.6225755,0
1.0,0.8936365,0.646218,0
1.0,0.8852777,0.62639254,0
1.0,0.8931036,0.6663772,0
1.0,0.88721263,0.6836217,0
1.0,0.8988337,0.72236764,0
1.0,0.8929188,0.72283494,0
1.0,0.8962704,0.7198423,0
1.0,0.8885556,0.71737516,0
1.0,0.88362896,0.7333865,0
1.0,0.86758703,0.7234415,0
1.0,0.8747942,0.75303876,0
1.0,0.85343546,0.7319783,0
1.0,0.8629742,0.7606802,0
1.0,0.829486,0.70338535,0
1.0,0.8510358,0.71860707,0
1.0,0.8400756,0.68433815,0
1.0,0.8762587,0.74010617,0
1.0,0.8415618,0.66602737,0
1.0,0.86361265,0.65893,0
1.0,0.843519,0.610258,0
1.0,0.8764516,0.63435495,0
1.0,0.81798214,0.511202,0
1.0,0.82075614,0.50641376,0
1.0,0.8012851,0.47926348,0
1.0,0.8299526,0.51811624,0
1.0,0.79673,0.4760871,0
1.0,0.82778764,0.48298696,0
1.0,0.82536775,0.4820865,0
1.0,0.86066693,0.5524431,0
1.0,0.8388471,0.52108717,0
1.0,0.8619122,0.578871,0
1.0,0.8220965,0.5482181,0
1.0,0.83995897,0.5779207,0
1.0,0.83352745,0.58185375,0
1.0,0.8524169,0.5972376,0
1.0,0.8442986,0.5544355,0
1.0,0.85274214,0.5428487,0
1.0,0.8790061,0.57227397,0
1.0,0.8880926,0.5845548,0
1.0,0.8786286,0.55360734,0
1.0,0.8648531,0.51005864,0
1.0,0.8895225,0.5280385,0
1.0,0.89936936,0.5243007,0
1.0,0.8979898,0.5049492,0
1.0,0.8791051,0.47465372,0
1.0,0.904881,0.52135384,0
1.0,0.92400765,0.5600221,0
1.0,0.9304667,0.5849358,0
1.0,0.9180565,0.57797027,0
1.0,0.9255528,0.59472793,0
1.0,0.9267853,0.61044383,0
1.0,0.92206985,0.608307,0
1.0,0.89015436,0.576543,0
1.0,0.8914236,0.6175212,0
1.0,0.8975486,0.6321516,0
1.0,0.90505576,0.62813854,0
1.0,0.88539225,0.605051,0
1.0,0.88915753,0.60634995,0
1.0,0.89510566,0.6037139,0
1.0,0.89627796,0.6013974,0
1.0,0.8737701,0.5563696,0
1.0,0.8560353,0.53157747,0
1.0,0.87208253,0.56358844,0
1.0,0.8685585,0.54007846,0
1.0,0.8400588,0.50134164,0
1.0,0.8267277,0.48483992,0
1.0,0.8508476,0.5124633,0
1.0,0.852752,0.5285805,0
1.0,0.82237893,0.49976823,0
1.0,0.8010578,0.49507347,0
1.0,0.8023846,0.5229835,0
1.0,0.78185314,0.51489913,0
1.0,0.7512635,0.49379385,0
1.0,0.72220737,0.45649552,0
1.0,0.75962394,0.51306987,0
1.0,0.76815563,0.5372203,0
1.0,0.78853875,0.5583619,0
1.0,0.78437155,0.546775,0
1.0,0.81630933,0.5886246,0
1.0,0.8155856,0.5796658,0
1.0,0.83100015,0.6209128,0
1.0,0.8072018,0.5968727,0
1.0,0.82587457,0.6269809,0
1.0,0.821676,0.63411486,0
1.0,0.8303267,0.6553756,0
1.0,0.81866837,0.62587464,0
1.0,0.82735485,0.66339135,0
1.0,0.8298659,0.7123945,0
1.0,0.8406791,0.7512647,0
1.0,0.82425207,0.74140084,0
1.0,0.835693,0.7832252,0
1.0,0.836072,0.79029506,0
1.0,0.8528081,0.82655895,0
1.0,0.8346459,0.80575824,0
1.0,0.8491077,0.80841887,0
1.0,0.84358853,0.787877,0
1.0,0.8569978,0.80950654,0
1.0,0.8348009,0.7670388,0
1.0,0.83803415,0.7654239,0
1.0,0.8350956,0.74401724,0
1.0,0.8583058,0.76713926,0
1.0,0.84218544,0.70724165,0
1.0,0.85168886,0.69040143,0
1.0,0.8599538,0.68328714,0
1.0,0.8758494,0.6850801,0
1.0,0.868629,0.6791562,0
1.0,0.87678754,0.6984011,0
1.0,0.8745695,0.6922255,0
1.0,0.8896394,0.71908236,0
1.0,0.87701315,0.69520783,0
1.0,0.89566237,0.7252809,0
1.0,0.892426,0.7106811,0
1.0,0.90025955,0.70092136,0
1.0,0.8762061,0.65634894,0
1.0,0.8869911,0.6651986,0
1.0,0.8794295,0.64616823,0
1.0,0.886567,0.6410564,0
1.0,0.8596591,0.578593,0
1.0,0.875212,0.5683285,0
1.0,0.856819,0.50815284,0
1.0,0.8552066,0.4739729,0
1.0,0.8154908,0.40164766,0
1.0,0.83559394,0.4238233,0
1.0,0.82973987,0.4252927,0
1.0,0.8493254,0.45657116,0
1.0,0.80926454,0.41056293,0
1.0,0.8299644,0.46931922,0
1.0,0.8192352,0.49277163,0
1.0,0.8300261,0.5202534,0
1.0,0.771098,0.45643634,0
1.0,0.7929766,0.5128706,0
1.0,0.77986413,0.51792306,0
1.0,0.78673786,0.5302813,0
1.0,0.74939746,0.49267906,0
1.0,0.76353353,0.52470565,0
1.0,0.78277934,0.54926586,0
1.0,0.8272553,0.612678,0
1.0,0.8417767,0.62566423,0
1.0,0.8588823,0.62996805,0
1.0,0.8735986,0.6361785,0
1.0,0.89284813,0.6618078,0
1.0,0.89368486,0.6594606,0
1.0,0.89367,0.6493118,0
1.0,0.8903159,0.6354818,0
1.0,0.8928207,0.6250449,0
1.0,0.8970963,0.6169262,0
1.0,0.8923761,0.604843,0
1.0,0.88332576,0.58569694,0
1.0,0.88337404,0.57706034,0
1.0,0.890018,0.584297,0
1.0,0.8841895,0.56896526,0
1.0,0.8743928,0.53840923,0
1.0,0.86525655,0.5088856,0
1.0,0.87856,0.503793,0
1.0,0.8840731,0.4854876,0
1.0,0.87592137,0.43920827,0
1.0,0.86664295,0.39600605,0
1.0,0.8715725,0.37844288,0
1.0,0.85337263,0.3073212,0
1.0,0.8206928,0.23128048,0
1.0,0.789405,0.18504807,0
1.0,0.774358,0.1480888,0
1.0,0.7444121,0.115752436,0
1.0,0.70571566,0.08789948,0
1.0,0.7317438,0.10246334,0
1.0,0.812196,0.16262731,0
1.0,0.8395116,0.1770677,0
1.0,0.8439627,0.19328788,0
1.0,0.8908919,0.2386186,0
1.0,0.91176337,0.26541153,0
1.0,0.90320027,0.29200482,0
1.0,0.87218976,0.28274965,0
1.0,0.8865571,0.30705744,0
1.0,0.9093127,0.35038325,0
1.0,0.90383995,0.35778612,0
1.0,0.8777584,0.33818483,0
1.0,0.90451103,0.3809494,0
1.0,0.92055964,0.4089451,0
1.0,0.9081559,0.394381,0
1.0,0.86897993,0.35315177,0
1.0,0.8866278,0.3822961,0
1.0,0.89852697,0.41431034,0
1.0,0.89579797,0.43563634,0
1.0,0.8618363,0.418051,0
1.0,0.87999743,0.4520424,0
1.0,0.8954378,0.48636505,0
1.0,0.89494216,0.5180905,0
1.0,0.8511864,0.48293534,0
1.0,0.84173244,0.48878998,0
1.0,0.8240236,0.49057388,0
1.0,0.7851657,0.45478237,0
1.0,0.70569324,0.36932966,0
1.0,0.6775371,0.34402794,0
1.0,0.69806135,0.37016493,0
1.0,0.7114791,0.3790899,0
1.0,0.7117926,0.37751186,0
1.0,0.7161552,0.37623763,0
1.0,0.7315739,0.3705385,0
1.0,0.7424207,0.37660658,0
1.0,0.73050535,0.3520183,0
1.0,0.7291823,0.34839898,0
1.0,0.7464451,0.37776968,0
1.0,0.74002457,0.34958887,0
1.0,0.75529575,0.3573665,0
1.0,0.75954247,0.37120223,0
1.0,0.7908808,0.40125707,0
1.0,0.7867427,0.39972085,0
1.0,0.8094004,0.4526404,0
1.0,0.8098591,0.44664922,0
1.0,0.8414793,0.4796807,0
1.0,0.8201023,0.46775493,0
1.0,0.8316105,0.47737816,0
1.0,0.8303609,0.46779382,0
1.0,0.86597973,0.5168682,0
1.0,0.84139204,0.4675851,0
1.0,0.8545809,0.47748795,0
1.0,0.8471206,0.46778154,0
1.0,0.84841084,0.45932975,0
1.0,0.8165957,0.40565157,0
1.0,0.8148493,0.40401736,0
1.0,0.8058454,0.38507575,0
1.0,0.8096457,0.37515545,0
1.0,0.77769023,0.3518221,0
1.0,0.79172724,0.39234844,0
1.0,0.8076918,0.42581242,0
1.0,0.81162786,0.46113047,0
1.0,0.78835255,0.4670371,0
1.0,0.80547994,0.50097126,0
1.0,0.8246998,0.5538839,0
1.0,0.8022075,0.5468377,0
1.0,0.77541894,0.5234698,0
1.0,0.77460384,0.558839,0
1.0,0.7941072,0.59383345,0
1.0,0.7793742,0.5553966,0
1.0,0.7827181,0.5592097,0
1.0,0.817525,0.6034001,0
1.0,0.85124815,0.63097113,0
1.0,0.85051423,0.61336684,0
1.0,0.8601521,0.61157036,0
1.0,0.87442005,0.610157,0
1.0,0.8967612,0.63752735,0
1.0,0.8953871,0.6420194,0
1.0,0.89386994,0.6334365,0
1.0,0.9034182,0.64987075,0
1.0,0.92161745,0.6763346,0
1.0,0.9252272,0.66199243,0
1.0,0.9262551,0.67582315,0
1.0,0.91432744,0.66366553,0
1.0,0.9095864,0.64839435,0
1.0,0.90045273,0.6342483,0
1.0,0.9040367,0.630411,0
1.0,0.87961364,0.57984877,0
1.0,0.88023263,0.56804776,0
1.0,0.8956878,0.5740483,0
1.0,0.91882914,0.5711741,0
1.0,0.9068956,0.5096193,0
1.0,0.9015393,0.47472236,0
1.0,0.91424525,0.4472636,0
1.0,0.92510074,0.40586615,0
1.0,0.9082686,0.36159545,0
1.0,0.8834192,0.3015451,0
1.0,0.86855054,0.25734106,0
1.0,0.8767157,0.2432101,0
1.0,0.8454164,0.18147717,0
1.0,0.81534976,0.15772852,0
1.0,0.85297495,0.18714988,0
1.0,0.8856298,0.21012266,0
1.0,0.86258245,0.19792902,0
1.0,0.8350267,0.18282816,0
1.0,0.8712741,0.21666461,0
1.0,0.8864587,0.23659477,0
1.0,0.8797103,0.2284055,0
1.0,0.85453814,0.21220556,0
1.0,0.8780296,0.2295251,0
1.0,0.8901999,0.22328955,0
1.0,0.89200914,0.21534109,0
1.0,0.86690336,0.19069287,0
1.0,0.88335997,0.19767301,0
1.0,0.8861539,0.17906512,0
1.0,0.8841645,0.15874976,0
1.0,0.85767394,0.13562587,0
1.0,0.86700195,0.13645945,0
1.0,0.8591177,0.12529495,0
1.0,0.83307,0.1119237,0
1.0,0.82730967,0.11268534,0
1.0,0.8669466,0.13584723,0
1.0,0.8681847,0.14425945,0
1.0,0.8542275,0.14162852,0
1.0,0.82431626,0.122649364,0
1.0,0.8398166,0.14148551,0
1.0,0.8005597,0.123912126,0
1.0,0.7614823,0.10128702,0
1.0,0.7134519,0.07985958,0
1.0,0.74248385,0.09581549,0
1.0,0.7024743,0.078034,0
1.0,0.6862154,0.06940566,0
1.0,0.6706543,0.0591157,0
1.0,0.7320632,0.0831258,0
1.0,0.695032,0.06403646,0
1.0,0.67542213,0.05621253,0
1.0,0.6463271,0.046141192,0
1.0,0.682426,0.053395003,0
1.0,0.5932206,0.036882337,0
1.0,0.56957746,0.03428369,0
1.0,0.5337398,0.034337908,0
1.0,0.5706211,0.03306658,0
1.0,0.5660335,0.03689205,0
1.0,0.5520005,0.04057613,0
1.0,0.5415972,0.041966435,0
1.0,0.532123,0.0401822,0
1.0,0.52724427,0.041162662,0
1.0,0.510596,0.043454457,0
1.0,0.51693976,0.040623326,0
1.0,0.50913996,0.04194637,0
1.0,0.51985466,0.040397093,0
1.0,0.5048789,0.04209767,0
1.0,0.5169057,0.042462602,0
1.0,0.50562215,0.044915386,0
1.0,0.51648706,0.042215537,0
1.0,0.50202245,0.04553031,0
1.0,0.52316916,0.04342275,0
1.0,0.5563514,0.040310077,0
1.0,0.6334567,0.052122533,0
1.0,0.676304,0.07283184,0
1.0,0.69825006,0.081572905,0
1.0,0.73571765,0.111379966,0
1.0,0.7938463,0.17859007,0
1.0,0.79244065,0.20688674,0
1.0,0.78882676,0.23342967,0
1.0,0.814017,0.29176128,0
1.0,0.841228,0.3439979,0
1.0,0.8576264,0.38421747,0
1.0,0.8401105,0.39137086,0
1.0,0.8706021,0.43947554,0
1.0,0.8895314,0.47753048,0
1.0,0.8992588,0.5043301,0
1.0,0.8777487,0.49472466,0
1.0,0.89775217,0.51892924,0
1.0,0.90554565,0.53170216,0
1.0,0.91380155,0.55146825,0
1.0,0.89509696,0.528846,0
1.0,0.9174923,0.55966973,0
1.0,0.9216291,0.5753597,0
1.0,0.9295043,0.60419345,0
1.0,0.9073914,0.5890132,0
1.0,0.9227697,0.6218526,0
1.0,0.8962503,0.5867978,0
1.0,0.8912436,0.5919881,0
1.0,0.8484218,0.54542077,0
1.0,0.85913604,0.5635507,0
1.0,0.81213725,0.50020146,0
1.0,0.854812,0.55143404,0
1.0,0.82731766,0.50318885,0
1.0,0.8580121,0.53523797,0
1.0,0.816867,0.46227193,0
1.0,0.8600195,0.49806792,0
1.0,0.8361793,0.4596473,0
1.0,0.8529552,0.4554292,0
1.0,0.7846538,0.33763117,0
1.0,0.82442343,0.3458994,0
1.0,0.79650354,0.29107296,0
1.0,0.8183967,0.27085912,0
1.0,0.74974245,0.19380802,0
1.0,0.8280936,0.24171555,0
1.0,0.835242,0.23964345,0
1.0,0.85435444,0.26806003,0
1.0,0.8234229,0.23688288,0
1.0,0.8696369,0.27576116,0
1.0,0.89596045,0.29779112,0
1.0,0.88498807,0.28837568,0
1.0,0.85976696,0.27695256,0
1.0,0.87446314,0.30249292,0
1.0,0.89409983,0.34211963,0
1.0,0.8876555,0.36066258,0
1.0,0.8742925,0.35491908,0
1.0,0.8630604,0.3358461,0
1.0,0.89433974,0.3597988,0
1.0,0.8803328,0.3431986,0
1.0,0.8541358,0.32053012,0
1.0,0.83509284,0.29834908,0
1.0,0.87101394,0.3401927,0
1.0,0.8589239,0.34300852,0
1.0,0.8472095,0.33797973,0
1.0,0.8344187,0.34580722,0
1.0,0.8698631,0.4016813,0
1.0,0.85998106,0.39925563,0
1.0,0.8504992,0.4157622,0
1.0,0.8096108,0.38580453,0
1.0,0.81330395,0.40307683,0
1.0,0.78429973,0.4017396,0
1.0,0.74745244,0.3813784,0
1.0,0.7106097,0.34735018,0
1.0,0.7050886,0.34886694,0
1.0,0.7234753,0.3740486,0
1.0,0.73152685,0.38553157,0
1.0,0.7444358,0.40073687,0
1.0,0.76350445,0.4107505,0
1.0,0.78011656,0.4212892,0
1.0,0.7819242,0.42935586,0
1.0,0.78856796,0.42906666,0
1.0,0.7721043,0.4093538,0
1.0,0.7722318,0.4143157,0
1.0,0.76826066,0.40329725,0
1.0,0.7807867,0.43098044,0
1.0,0.7741482,0.43150145,0
1.0,0.7869946,0.44348577,0
1.0,0.80922115,0.48700225,0
1.0,0.8412357,0.55763894,0
1.0,0.83872485,0.566291,0
1.0,0.8580441,0.60074925,0
1.0,0.8594213,0.63026214,0
1.0,0.87450576,0.67086154,0
1.0,0.8661154,0.65145636,0
1.0,0.8766944,0.68305826,0
1.0,0.8736323,0.68951607,0
1.0,0.8865162,0.693208,0
1.0,0.8754288,0.67409,0
1.0,0.88101554,0.69594985,0
1.0,0.8752566,0.665011,0
1.0,0.8849213,0.66969836,0
1.0,0.8629686,0.6475196,0
1.0,0.8715348,0.6387545,0
1.0,0.863401,0.61922735,0
1.0,0.8751354,0.67058533,0
1.0,0.8618246,0.66000104,0
1.0,0.87818015,0.6911831,0
1.0,0.8777833,0.70141095,0
1.0,0.88047016,0.73110616,0
1.0,0.8603735,0.738855,0
1.0,0.8679248,0.75469065,0
1.0,0.8546939,0.73446786,0
1.0,0.8456577,0.7612332,0
1.0,0.82847965,0.7361357,0
1.0,0.83481556,0.7365434,0
1.0,0.8459555,0.7732799,0
1.0,0.85586965,0.7778834,0
1.0,0.8363629,0.7164035,0
1.0,0.8484978,0.7285814,0
1.0,0.85999966,0.73273754,0
1.0,0.86400247,0.7190274,0
1.0,0.8413255,0.6851638,0
1.0,0.8285508,0.66575974,0
1.0,0.83205634,0.6512785,0
1.0,0.8302348,0.6527946,0
1.0,0.8139315,0.6286319,0
1.0,0.80634826,0.59904045,0
1.0,0.8135253,0.62777215,0
1.0,0.81178886,0.6459556,0
1.0,0.80239576,0.6397599,0
1.0,0.8012048,0.6402637,0
1.0,0.79255515,0.62790024,0
1.0,0.80820227,0.6531763,0
1.0,0.8034836,0.6404309,0
1.0,0.80743223,0.64503646,0
1.0,0.8003076,0.62162566,0
1.0,0.8099732,0.6042808,0
1.0,0.79789495,0.5728843,0
1.0,0.79617983,0.5685328,0
1.0,0.75420356,0.49791217,0
1.0,0.74320877,0.45774278,0
1.0,0.7417487,0.43445817,0
1.0,0.73091656,0.4195449,0
1.0,0.6933826,0.3727942,0
1.0,0.6919133,0.35908994,0
1.0,0.71556216,0.39183736,0
1.0,0.75447166,0.45115614,0
1.0,0.75206816,0.44205424,0
1.0,0.75346166,0.44585884,0
1.0,0.78159577,0.48391086,0
1.0,0.79780316,0.49902305,0
1.0,0.7758025,0.4697985,0
1.0,0.7738888,0.45877278,0
1.0,0.79396766,0.47314814,0
1.0,0.79717666,0.4764229,0
1.0,0.7739419,0.43418947,0
1.0,0.7575097,0.39245883,0
1.0,0.77801377,0.41112733,0
1.0,0.8048015,0.43196952,0
1.0,0.7768461,0.3722053,0
1.0,0.7839881,0.36916107,0
1.0,0.78805566,0.3602782,0
1.0,0.83304274,0.40479803,0
1.0,0.81091005,0.38430804,0
1.0,0.8302275,0.4173236,0
1.0,0.8313062,0.41953796,0
1.0,0.87566215,0.49061525,0
1.0,0.8581687,0.5002022,0
1.0,0.86648834,0.5276407,0
1.0,0.8438585,0.5044749,0
1.0,0.8746528,0.5673688,0
1.0,0.85373795,0.55999064,0
1.0,0.85555065,0.57728404,0
1.0,0.8283502,0.5407982,0
1.0,0.8663263,0.59138757,0
1.0,0.8455798,0.564415,0
1.0,0.8385261,0.5441214,0
1.0,0.8089179,0.4890659,0
1.0,0.8423783,0.5494338,0
1.0,0.8319173,0.53024054,0
1.0,0.8234492,0.50465107,0
1.0,0.80094695,0.49914354,0
1.0,0.8191674,0.54121745,0
1.0,0.80527264,0.53360325,0
1.0,0.8043386,0.5600432,0
1.0,0.7921129,0.55875725,0
1.0,0.7948081,0.57547003,0
1.0,0.7897794,0.5834458,0
1.0,0.77774924,0.58702004,0
1.0,0.76037925,0.58397377,0
1.0,0.7473906,0.5901295,0
1.0,0.74032557,0.59527785,0
1.0,0.7392792,0.58928597,0
1.0,0.75738865,0.614725,0
1.0,0.76125884,0.6173909,0
1.0,0.7686747,0.6366447,0
1.0,0.78552336,0.6558577,0
1.0,0.79057753,0.65095377,0
1.0,0.78533673,0.6481895,0
1.0,0.7868949,0.62752885,0
1.0,0.7942362,0.6215328,0
1.0,0.8007735,0.6487065,0
1.0,0.80373394,0.64932454,0
1.0,0.80890495,0.64757967,0
1.0,0.82873005,0.706887,0
1.0,0.8316331,0.7290697,0
1.0,0.83130366,0.7356529,0
1.0,0.83988976,0.7996439,0
1.0,0.8432216,0.85430413,0
1.0,0.85270196,0.8724748,0
1.0,0.84997344,0.8536151,0
1.0,0.85722375,0.889534,0
1.0,0.861052,0.91117,0
1.0,0.8722231,0.9188607,0
1.0,0.8776486,0.92832834,0
1.0,0.88302845,0.924873,0
1.0,0.88518846,0.9054389,0
1.0,0.87644744,0.88791585,0
1.0,0.861253,0.850636,0
1.0,0.85698545,0.8246776,0
1.0,0.8693559,0.8221024,0
1.0,0.87545884,0.8297496,0
1.0,0.8669998,0.8039435,0
1.0,0.8682235,0.8002764,0
1.0,0.8846057,0.8453469,0
1.0,0.8888311,0.859692,0
1.0,0.8813672,0.8564493,0
1.0,0.87715614,0.8439667,0
1.0,0.890811,0.86446214,0
1.0,0.8856392,0.86859035,0
1.0,0.8697775,0.84391224,0
1.0,0.8541328,0.82540816,0
1.0,0.8782851,0.8790343,0
1.0,0.86738074,0.84125924,0
1.0,0.8534677,0.79596674,0
1.0,0.83567715,0.755629,0
1.0,0.8688069,0.77077395,0
1.0,0.85660684,0.7234787,0
1.0,0.83836424,0.68255687,0
1.0,0.81422925,0.5773662,0
1.0,0.85139847,0.5711787,0
1.0,0.8429877,0.5616137,0
1.0,0.84914374,0.55666584,0
1.0,0.82348335,0.49709553,0
1.0,0.84648716,0.51857543,0
1.0,0.8288647,0.48975796,0
1.0,0.84743327,0.51234806,0
1.0,0.81941664,0.4740514,0
1.0,0.8282687,0.4837983,0
1.0,0.81748456,0.4597587,0
1.0,0.81499594,0.45669818,0
1.0,0.7727226,0.4148466,0
1.0,0.7628849,0.41761684,0
1.0,0.76979214,0.4168929,0
1.0,0.78723687,0.4244771,0
1.0,0.76259387,0.3918095,0
1.0,0.74135935,0.38309264,0
1.0,0.76496655,0.42640504,0
1.0,0.776058,0.4407016,0
1.0,0.7556561,0.40583783,0
1.0,0.7122571,0.3626294,0
1.0,0.73931175,0.39333993,0
1.0,0.73735744,0.36539173,0
1.0,0.7414228,0.378689,0
1.0,0.7087757,0.37006074,0
1.0,0.74745965,0.42697665,0
1.0,0.77621764,0.52663594,0
1.0,0.79331225,0.610924,0
1.0,0.7682346,0.59414744,0
1.0,0.8175633,0.6924348,0
1.0,0.8094949,0.71941435,0
1.0,0.8259072,0.7901881,0
1.0,0.7981053,0.79373324,0
1.0,0.8328875,0.9014888,0
1.0,0.84167373,0.95025384,0
1.0,0.86599547,1.0152563,0
1.0,0.840365,0.9997645,0
1.0,0.86279064,1.0493492,0
1.0,0.87369496,1.0575467,0
1.0,0.8944557,1.1112641,0
1.0,0.8794019,1.1041305,0
1.0,0.8860553,1.1258224,0
1.0,0.8921402,1.1380715,0
1.0,0.89717346,1.154821,0
1.0,0.8840641,1.1330986,0
1.0,0.8811965,1.1457003,0
1.0,0.88234615,1.1898854,0
1.0,0.8820148,1.1842309,0
1.0,0.8752018,1.1299381,0
1.0,0.87893045,1.1351354,0
1.0,0.8726914,1.1210067,0
1.0,0.87759805,1.1283635,0
1.0,0.88548577,1.1518357,0
1.0,0.8725398,1.1250153,0
1.0,0.8767368,1.1403372,0
1.0,0.8739832,1.1144004,0
1.0,0.86818624,1.0549798,0
1.0,0.8591552,1.0090946,0
1.0,0.8761247,0.96447676,0
1.0,0.88652956,0.913092,0
1.0,0.88530755,0.9053533,0
1.0,0.8865394,0.89404285,0
1.0,0.89748824,0.8871753,0
1.0,0.9106867,0.8915359,0
1.0,0.9151791,0.8736818,0
1.0,0.9195364,0.8555083,0
1.0,0.92451704,0.8707217,0
1.0,0.93178564,0.89631915,0
1.0,0.93159914,0.87743026,0
1.0,0.9235721,0.8959967,0
1.0,0.925309,0.9748347,0
1.0,0.93482614,1.0220357,0
1.0,0.9358982,1.0453782,0
1.0,0.9282207,1.0527928,0
1.0,0.92506766,1.0753763,0
1.0,0.93128633,1.1118574,0
1.0,0.91757846,1.0803363,0
1.0,0.91116405,1.0726272,0
1.0,0.898342,1.0360472,0
1.0,0.9120247,1.0754042,0
1.0,0.90647936,1.1000004,0
1.0,0.8958599,1.0855303,0
1.0,0.87968284,1.0755602,0
1.0,0.8921278,1.1081536,0
1.0,0.8847798,1.0927563,0
1.0,0.8738404,1.091707,0
1.0,0.8526089,1.0510557,0
1.0,0.8433355,1.0583291,0
1.0,0.82320654,1.0558097,0
1.0,0.7849598,1.0106717,0
1.0,0.7665101,1.0017169,0
1.0,0.75165766,0.9768772,0
1.0,0.7613933,1.0005383,0
1.0,0.7662552,1.0042615,0
1.0,0.7776958,1.0142773,0
1.0,0.7804684,1.0195165,0
1.0,0.7785832,0.98960364,0
1.0,0.77993006,0.96316147,0
1.0,0.79121435,0.9489701,0
1.0,0.79344517,0.9151103,0
1.0,0.7978925,0.9120896,0
1.0,0.8030821,0.88948345,0
1.0,0.810512,0.8338678,0
1.0,0.8157356,0.8011999,0
1.0,0.81143713,0.7595652,0
1.0,0.81607515,0.73613435,0
1.0,0.8227252,0.7098691,0
1.0,0.83526874,0.70441777,0
1.0,0.82018495,0.6766497,0
1.0,0.81444705,0.64884055,0
1.0,0.8106621,0.64324355,0
1.0,0.837215,0.68339026,0
1.0,0.82387245,0.64964545,0
1.0,0.8335186,0.65991354,0
1.0,0.82084554,0.6203981,0
1.0,0.85876596,0.6824186,0
1.0,0.8337438,0.6375435,0
1.0,0.8168539,0.59784627,0
1.0,0.7808828,0.553969,0
1.0,0.8115414,0.57257694,0
1.0,0.7834165,0.50847787,0
1.0,0.76713735,0.4750268,0
1.0,0.73206997,0.4149003,0
1.0,0.7616446,0.4559772,0
1.0,0.7324,0.41896266,0
1.0,0.69846106,0.3759731,0
1.0,0.67490107,0.3530984,0
1.0,0.7092829,0.40910298,0
1.0,0.70121044,0.41649717,0
1.0,0.6775391,0.38981295,0
1.0,0.66859543,0.3847688,0
1.0,0.7017574,0.43567538,0
1.0,0.7064454,0.43599576,0
1.0,0.7097058,0.42979538,0
1.0,0.7332758,0.46774614,0
1.0,0.74197817,0.48710507,0
1.0,0.7323168,0.46998686,0
1.0,0.7074715,0.4309327,0
1.0,0.7120478,0.43387264,0
1.0,0.7136961,0.42822626,0
1.0,0.73718,0.44304103,0
1.0,0.7536946,0.4480487,0
1.0,0.7948845,0.47499418,0
1.0,0.78407776,0.44672605,0
1.0,0.81528664,0.47340244,0
1.0,0.82194346,0.45528448,0
1.0,0.8074199,0.4255611,0
1.0,0.7972287,0.4099881,0
1.0,0.8222871,0.42695695,0
1.0,0.8348063,0.43347484,0
1.0,0.8130412,0.40295917,0
1.0,0.81086236,0.39036575,0
1.0,0.82673734,0.39788,0
1.0,0.8377267,0.39360258,0
1.0,0.79733753,0.34012175,0
1.0,0.77768666,0.32424322,0
1.0,0.7898702,0.32147264,0
1.0,0.7920241,0.3200488,0
1.0,0.7444328,0.2722236,0
1.0,0.74440277,0.23644602,0
1.0,0.7630655,0.23479596,0
1.0,0.7948846,0.27070245,0
1.0,0.7604243,0.24221677,0
1.0,0.7375142,0.23374067,0
1.0,0.75860614,0.287376,0
1.0,0.80350405,0.35029337,0
1.0,0.773339,0.31571957,0
1.0,0.77479,0.31537464,0
1.0,0.7987823,0.3453049,0
1.0,0.8132673,0.39321548,0
1.0,0.81803066,0.4234778,0
1.0,0.7851324,0.39174008,0
1.0,0.82075447,0.4744584,0
1.0,0.8294198,0.5121095,0
1.0,0.8435292,0.5320717,0
1.0,0.81809556,0.506597,0
1.0,0.86293995,0.58301306,0
1.0,0.8593908,0.5961028,0
1.0,0.8706416,0.62494373,0
1.0,0.8408076,0.5766139,0
1.0,0.87639534,0.6414229,0
1.0,0.8543978,0.61531407,0
1.0,0.85259664,0.6104164,0
1.0,0.8054228,0.5528115,0
1.0,0.84578073,0.620716,0
1.0,0.80366224,0.5671198,0
1.0,0.8207785,0.59844434,0
1.0,0.7845507,0.53863776,0
1.0,0.81042236,0.57300115,0
1.0,0.73782057,0.47107166,0
1.0,0.733216,0.4659633,0
1.0,0.68399376,0.40385228,0
1.0,0.7111859,0.4354061,0
1.0,0.67049986,0.37985033,0
1.0,0.6831327,0.3824979,0
1.0,0.6645793,0.34135148,0
1.0,0.7125661,0.358589,0
1.0,0.6962108,0.32662025,0
1.0,0.70082235,0.3256867,0
1.0,0.6658143,0.28318155,0
1.0,0.69301945,0.30518088,0
1.0,0.6996445,0.28800592,0
1.0,0.72148585,0.29512113,0
1.0,0.713624,0.2899703,0
1.0,0.7591579,0.3229598,0
1.0,0.76450276,0.3338253,0
1.0,0.78206855,0.3733983,0
1.0,0.79243505,0.4057421,0
1.0,0.83655256,0.46854568,0
1.0,0.8519918,0.48611253,0
1.0,0.8707887,0.5095311,0
1.0,0.87214017,0.5204077,0
1.0,0.8872721,0.55198574,0
1.0,0.8863256,0.54116756,0
1.0,0.8964226,0.5463071,0
1.0,0.8964073,0.54215956,0
1.0,0.9067732,0.5438745,0
1.0,0.90008724,0.5353999,0
1.0,0.91247904,0.5515716,0
1.0,0.91007096,0.5337436,0
1.0,0.905202,0.5311831,0
1.0,0.89561486,0.51105,0
1.0,0.902288,0.5036998,0
1.0,0.88818365,0.49583614,0
1.0,0.8743219,0.48536757,0
1.0,0.8601205,0.4863904,0
1.0,0.88215846,0.5332387,0
1.0,0.88688254,0.5543598,0
1.0,0.8666458,0.54594934,0
1.0,0.87465984,0.5613996,0
1.0,0.901638,0.61413246,0
1.0,0.8906946,0.60212517,0
1.0,0.8600743,0.54622877,0
1.0,0.85199577,0.5301922,0
1.0,0.8828048,0.5705602,0
1.0,0.8845711,0.56034386,0
1.0,0.86827976,0.50876176,0
1.0,0.8658015,0.47040796,0
1.0,0.89908457,0.48270187,0
1.0,0.89682204,0.43375129,0
1.0,0.8860901,0.38484588,0
1.0,0.886617,0.36744297,0
1.0,0.91268706,0.37573197,0
1.0,0.9112646,0.3512467,0
1.0,0.89318085,0.3028847,0
1.0,0.86550313,0.26693696,0
1.0,0.8867499,0.28058255,0
1.0,0.8961003,0.27877638,0
1.0,0.89297396,0.27866614,0
1.0,0.86519116,0.24716336,0
1.0,0.8853333,0.26250058,0
1.0,0.8937158,0.27367675,0
1.0,0.883688,0.25627467,0
1.0,0.85944813,0.24214578,0
1.0,0.8594385,0.24768224,0
1.0,0.8606671,0.24019602,0
1.0,0.8481329,0.23349088,0
1.0,0.82556367,0.20692644,0
1.0,0.84160876,0.20815462,0
1.0,0.8524451,0.22095492,0
1.0,0.83083475,0.20020032,0
1.0,0.8248447,0.19877869,0
1.0,0.8306235,0.21545416,0
1.0,0.8305179,0.22336298,0
1.0,0.79048777,0.22024742,0
1.0,0.79498255,0.25845003,0
1.0,0.8030886,0.28193626,0
1.0,0.8148701,0.31504342,0
1.0,0.7924786,0.3111282,0
1.0,0.8372271,0.35872164,0
1.0,0.84935784,0.39316547,0
1.0,0.8487938,0.42646614,0
1.0,0.810542,0.39596498,0
1.0,0.8496293,0.4602224,0
1.0,0.8372366,0.47009155,0
1.0,0.81827176,0.45216963,0
1.0,0.7902513,0.42849407,0
1.0,0.82838535,0.4771793,0
1.0,0.8568285,0.5113631,0
1.0,0.8737005,0.5400793,0
1.0,0.8630146,0.5245728,0
1.0,0.88305485,0.5574205,0
1.0,0.886694,0.56626487,0
1.0,0.8801335,0.5630876,0
1.0,0.868703,0.5547986,0
1.0,0.8685896,0.54498154,0
1.0,0.8888795,0.5654546,0
1.0,0.8915532,0.5704484,0
1.0,0.8834923,0.5570811,0
1.0,0.8735865,0.54108006,0
1.0,0.8915206,0.57715607,0
1.0,0.9079953,0.59090686,0
1.0,0.89889264,0.56118107,0
1.0,0.87666065,0.5188463,0
1.0,0.90409225,0.52984035,0
1.0,0.9085589,0.5120369,0
1.0,0.91032386,0.48008972,0
1.0,0.8945218,0.4274091,0
1.0,0.91331357,0.42287192,0
1.0,0.92287946,0.39960223,0
1.0,0.91255647,0.37567228,0
1.0,0.86409754,0.32020205,0
1.0,0.8695855,0.30297855,0
1.0,0.873284,0.27965647,0
1.0,0.8545848,0.25555366,0
1.0,0.79752976,0.19375111,0
1.0,0.8360045,0.21692652,0
1.0,0.85745215,0.24430877,0
1.0,0.8427112,0.22236887,0
1.0,0.7998252,0.19118702,0
1.0,0.8356909,0.22581902,0
1.0,0.8446319,0.22865841,0
1.0,0.81575775,0.20393968,0
1.0,0.7941834,0.17943062,0
1.0,0.8383994,0.20230614,0
1.0,0.8278742,0.18544066,0
1.0,0.8167483,0.17058587,0
1.0,0.82124734,0.17368886,0
1.0,0.8638444,0.20371066,0
1.0,0.8625585,0.19523671,0
1.0,0.83127236,0.16376998,0
1.0,0.82690156,0.14611898,0
1.0,0.8603353,0.14553115,0
1.0,0.835747,0.12547939,0
1.0,0.8129475,0.113358356,0
1.0,0.8413712,0.12735334,0
1.0,0.87213176,0.13609791,0
1.0,0.84505147,0.12232817,0
1.0,0.82333404,0.11331602,0
1.0,0.8279642,0.107498184,0
1.0,0.8355237,0.110404536,0
1.0,0.7897709,0.094856754,0
1.0,0.76589966,0.08331123,0
1.0,0.79167825,0.09055354,0
1.0,0.80853766,0.09742997,0
1.0,0.7604757,0.075164266,0
1.0,0.7616114,0.07141271,0
1.0,0.73058105,0.06685987,0
1.0,0.7325612,0.05302868,0
1.0,0.6794321,0.040044162,0
1.0,0.68433964,0.045284763,0
1.0,0.6699681,0.04565424,0
1.0,0.71025807,0.050085865,0
1.0,0.6924805,0.055637952,0
1.0,0.6857872,0.06264329,0
1.0,0.70471764,0.08418827,0
1.0,0.75643903,0.12651029,0
1.0,0.76467884,0.15118209,0
1.0,0.77958876,0.1773059,0
1.0,0.79664016,0.20122859,0
1.0,0.833764,0.23656729,0
1.0,0.8374104,0.25936165,0
1.0,0.8371372,0.26563358,0
1.0,0.8586852,0.28990108,0
1.0,0.8865538,0.32819188,0
1.0,0.8870736,0.3309103,0
1.0,0.88311845,0.32746542,0
1.0,0.9065396,0.34572393,0
1.0,0.92449224,0.3642769,0
1.0,0.9300076,0.37275505,0
1.0,0.92294294,0.36634278,0
1.0,0.9421494,0.38544893,0
1.0,0.94760084,0.39053035,0
1.0,0.9450245,0.3932686,0
1.0,0.9296491,0.37493587,0
1.0,0.93342716,0.3903746,0
1.0,0.93506217,0.40538812,0
1.0,0.93363076,0.41058233,0
1.0,0.924079,0.40650463,0
1.0,0.92341363,0.4033094,0
1.0,0.9337246,0.43142414,0
1.0,0.9184468,0.4178062,0
1.0,0.89542335,0.38417217,0
1.0,0.881511,0.37843823,0
1.0,0.89914995,0.39689192,0
1.0,0.88636154,0.37628335,0
1.0,0.8666313,0.34623882,0
1.0,0.8592633,0.30980903,0
1.0,0.88706964,0.2965338,0
1.0,0.8768671,0.26008314,0
1.0,0.8730147,0.23162112,0
1.0,0.8553787,0.20358257,0
1.0,0.8708956,0.20921645,0
1.0,0.8633961,0.18268935,0
1.0,0.8255509,0.14996168,0
1.0,0.78366274,0.13027002,0
1.0,0.82056504,0.15658957,0
1.0,0.8463481,0.17698458,0
1.0,0.84252656,0.18263799,0
1.0,0.813979,0.17673825,0
1.0,0.85196096,0.2161518,0
1.0,0.83823913,0.20511334,0
1.0,0.8558935,0.21733174,0
1.0,0.8125262,0.18717963,0
1.0,0.8462605,0.21599023,0
1.0,0.84755194,0.2092739,0
1.0,0.8843983,0.23997596,0
1.0,0.8514164,0.19960383,0
1.0,0.8827451,0.21026996,0
1.0,0.8766625,0.20023158,0
1.0,0.89637864,0.20799339,0
1.0,0.85743225,0.1741114,0
1.0,0.881624,0.17360805,0
1.0,0.8490797,0.14632699,0
1.0,0.8466981,0.14045331,0
1.0,0.7728017,0.0913966,0
1.0,0.80596787,0.09660411,0
1.0,0.7586567,0.076354615,0
1.0,0.7915664,0.08265562,0
1.0,0.74056107,0.06849476,0
1.0,0.78528804,0.086179495,0
1.0,0.7332862,0.07169504,0
1.0,0.7616716,0.08098827,0
1.0,0.75063246,0.080399916,0
1.0,0.761271,0.08193885,0
1.0,0.7464131,0.07882035,0
1.0,0.7235196,0.07330856,0
1.0,0.73590213,0.07174528,0
1.0,0.6763154,0.048766896,0
1.0,0.67419964,0.045513563,0
1.0,0.6362221,0.04918168,0
1.0,0.6789094,0.04656471,0
1.0,0.63932025,0.04179324,0
1.0,0.6924915,0.05794399,0
1.0,0.7057573,0.07020233,0
1.0,0.7708621,0.09278105,0
1.0,0.7235041,0.080902405,0
1.0,0.7892594,0.111155376,0
1.0,0.7673043,0.10941465,0
1.0,0.7894975,0.12561785,0
1.0,0.7239491,0.10193996,0
1.0,0.7861839,0.14450024,0
1.0,0.7586587,0.12958495,0
1.0,0.78949434,0.14759365,0
1.0,0.73930407,0.122751854,0
1.0,0.8232206,0.17672712,0
1.0,0.77311003,0.14683549,0
1.0,0.7848569,0.15471096,0
1.0,0.7244573,0.118101895,0
1.0,0.796193,0.16395491,0
1.0,0.7361388,0.12623577,0
1.0,0.7195288,0.11804566,0
1.0,0.6974948,0.102362886,0
1.0,0.77386,0.1443392,0
1.0,0.7193636,0.12299564,0
1.0,0.71083355,0.115207255,0
1.0,0.694823,0.10596117,0
1.0,0.7361011,0.1268706,0
1.0,0.676126,0.09638512,0
1.0,0.63816804,0.080238074,0
1.0,0.61502016,0.071698636,0
1.0,0.6379107,0.07955925,0
1.0,0.6296713,0.06999901,0
1.0,0.62998444,0.06897005,0
1.0,0.65571547,0.074481264,0
1.0,0.6532784,0.06278698,0
1.0,0.65832037,0.05569028,0
1.0,0.6346444,0.047016222,0
1.0,0.6402313,0.045267217,0
1.0,0.6079422,0.03812203,0
1.0,0.6333063,0.03846225,0
1.0,0.59064156,0.032071467,0
1.0,0.6208111,0.03526996,0
1.0,0.57987386,0.02583422,0
1.0,0.64107376,0.03113763,0
1.0,0.6054222,0.028807849,0
1.0,0.63141274,0.036266383,0
1.0,0.6099673,0.04325393,0
1.0,0.7027366,0.06653775,0
1.0,0.6387828,0.04937975,0
1.0,0.6843495,0.06651855,0
1.0,0.63780147,0.054180227,0
1.0,0.69834596,0.071199656,0
1.0,0.6454102,0.05513426,0
1.0,0.74396044,0.0934222,0
1.0,0.6953539,0.07305863,0
1.0,0.7430745,0.084891334,0
1.0,0.69932586,0.06599358,0
1.0,0.76981443,0.10088123,0
1.0,0.7269126,0.08371675,0
1.0,0.74108815,0.0888381,0
1.0,0.7183768,0.08049549,0
1.0,0.78320575,0.11308772,0
1.0,0.72845423,0.091377646,0
1.0,0.7778499,0.11608024,0
1.0,0.84232116,0.15978554,0
1.0,0.87896514,0.1843723,0
1.0,0.8658665,0.19202296,0
1.0,0.8768547,0.22711185,0
1.0,0.8991069,0.25830722,0
1.0,0.8962529,0.28238255,0
1.0,0.87778336,0.2829569,0
1.0,0.87541014,0.2902435,0
1.0,0.9165083,0.35632002,0
1.0,0.89789325,0.3475377,0
1.0,0.9005808,0.35095352,0
1.0,0.90735805,0.36580497,0
1.0,0.9320802,0.3950039,0
1.0,0.88966626,0.34018642,0
1.0,0.8983157,0.33611405,0
1.0,0.90828854,0.3447318,0
1.0,0.92817694,0.3670567,0
1.0,0.8907772,0.32808805,0
1.0,0.8940198,0.3305848,0
1.0,0.8997303,0.33681124,0
1.0,0.9161189,0.36493897,0
1.0,0.8785909,0.34625542,0
1.0,0.8890382,0.36922267,0
1.0,0.88567156,0.36777687,0
1.0,0.8549309,0.34405452,0
1.0,0.7947334,0.2946731,0
1.0,0.7834834,0.2885475,0
1.0,0.80004454,0.3056523,0
1.0,0.7805825,0.28843105,0
1.0,0.7820031,0.28341597,0
1.0,0.7794771,0.28055042,0
1.0,0.80347836,0.3070322,0
1.0,0.7756831,0.26998478,0
1.0,0.78429526,0.27748382,0
1.0,0.74873966,0.23550597,0
1.0,0.74917775,0.21357647,0
1.0,0.71594435,0.18155564,0
1.0,0.7387128,0.18613933,0
1.0,0.69399315,0.13981454,0
1.0,0.679163,0.1313163,0
1.0,0.6791383,0.12975922,0
1.0,0.70824486,0.14134555,0
1.0,0.7220171,0.1547755,0
1.0,0.72182906,0.15699589,0
1.0,0.74757916,0.17586392,0
1.0,0.77754563,0.1984258,0
1.0,0.78018206,0.19460458,0
1.0,0.74474037,0.16902027,0
1.0,0.7921783,0.22428897,0
1.0,0.7884449,0.22283791,0
1.0,0.8048126,0.23582947,0
1.0,0.73043454,0.17619762,0
1.0,0.7551309,0.18271038,0
1.0,0.74748945,0.1647396,0
1.0,0.80792737,0.19790033,0
1.0,0.8122268,0.1922875,0
1.0,0.8289501,0.20112608,0
1.0,0.8375272,0.19069844,0
1.0,0.8706971,0.20808484,0
1.0,0.82933176,0.18088464,0
1.0,0.8049541,0.1632016,0
1.0,0.81139207,0.16537663,0
1.0,0.8450331,0.18179262,0
1.0,0.8247242,0.15762122,0
1.0,0.79031557,0.14302263,0
1.0,0.8118598,0.15723473,0
1.0,0.8362667,0.16804996,0
1.0,0.7947007,0.14878654,0
1.0,0.7648581,0.13438952,0
1.0,0.77812576,0.13253766,0
1.0,0.8145328,0.1513314,0
1.0,0.74909,0.11465871,0
1.0,0.68338233,0.07427606,0
1.0,0.7099688,0.07477988,0
1.0,0.761024,0.08817044,0
1.0,0.7306858,0.06951204,0
1.0,0.7244,0.06279843,0
1.0,0.7250267,0.062532924,0
1.0,0.74572265,0.0710362,0
1.0,0.6057749,0.0509808,0
1.0,0.61652285,0.04487861,0
1.0,0.63838774,0.065665714,0
1.0,0.7616504,0.111758895,0
1.0,0.74368066,0.11657938,0
1.0,0.7932897,0.16572395,0
1.0,0.81540936,0.18260165,0
1.0,0.88584983,0.23992667,0
1.0,0.853934,0.2445801,0
1.0,0.868582,0.2641379,0
1.0,0.855378,0.2675823,0
1.0,0.9024542,0.32859898,0
1.0,0.8750854,0.30896047,0
1.0,0.8752247,0.31485975,0
1.0,0.8678202,0.3114413,0
1.0,0.91490954,0.36482915,0
1.0,0.9126659,0.35950133,0
1.0,0.91826975,0.36363953,0
1.0,0.91631716,0.38670063,0
1.0,0.9374795,0.414474,0
1.0,0.93814117,0.42775545,0
1.0,0.9301775,0.44693986,0
1.0,0.9207091,0.4417387,0
1.0,0.9393904,0.47809726,0
1.0,0.9446549,0.50566113,0
1.0,0.93484706,0.50209844,0
1.0,0.9043048,0.48737425,0
1.0,0.9141884,0.52751803,0
1.0,0.9102967,0.52736026,0
1.0,0.8932768,0.5201951,0
1.0,0.8404699,0.45816827,0
1.0,0.8694875,0.4908473,0
1.0,0.8814611,0.5163435,0
1.0,0.8734666,0.49821946,0
1.0,0.81884813,0.39673966,0
1.0,0.84853613,0.43480343,0
1.0,0.8670717,0.4481367,0
1.0,0.87064666,0.4259057,0
1.0,0.8128537,0.3764217,0
1.0,0.8213414,0.39129502,0
1.0,0.82840544,0.39761588,0
1.0,0.8411209,0.43860143,0
1.0,0.7781718,0.36838096,0
1.0,0.80801904,0.41977388,0
1.0,0.8225948,0.47388092,0
1.0,0.8461223,0.53928363,0
1.0,0.8135575,0.5309277,0
1.0,0.82843494,0.56882334,0
1.0,0.8247084,0.5930029,0
1.0,0.84740835,0.6682743,0
1.0,0.8378395,0.65549076,0
1.0,0.84838647,0.680583,0
1.0,0.8519661,0.69005835,0
1.0,0.8680889,0.7067378,0
1.0,0.85733515,0.69465315,0
1.0,0.86163163,0.6924429,0
1.0,0.8721692,0.70108354,0
1.0,0.8788277,0.7564894,0
1.0,0.87770045,0.75441635,0
1.0,0.87891626,0.7451074,0
1.0,0.8887556,0.78649855,0
1.0,0.88731647,0.78354603,0
1.0,0.8942711,0.81302667,0
1.0,0.8987998,0.85955226,0
1.0,0.901685,0.8614222,0
1.0,0.88948816,0.84454787,0
1.0,0.8775081,0.84490806,0
1.0,0.8721278,0.83205605,0
1.0,0.87687325,0.85506564,0
1.0,0.86107445,0.8360536,0
1.0,0.84760857,0.7951814,0
1.0,0.85132194,0.7974793,0
1.0,0.8695712,0.8025427,0
1.0,0.8810043,0.78208387,0
1.0,0.88475263,0.7782031,0
1.0,0.89276356,0.76175207,0
1.0,0.90103656,0.7255533,0
1.0,0.90684676,0.69674504,0
1.0,0.8975219,0.6455162,0
1.0,0.8712006,0.58362794,0
1.0,0.8634496,0.55599535,0
1.0,0.8638925,0.5308564,0
1.0,0.8530114,0.4952732,0
1.0,0.84429723,0.48656657,0
1.0,0.8351572,0.45708504,0
1.0,0.8389024,0.44842607,0
1.0,0.8136482,0.418872,0
1.0,0.7887697,0.3907783,0
1.0,0.75763685,0.35497373,0
1.0,0.7957762,0.35593563,0
1.0,0.7720734,0.32997042,0
1.0,0.8019627,0.3644693,0
1.0,0.7782109,0.3150608,0
1.0,0.7919781,0.32117563,0
1.0,0.78987795,0.30645075,0
1.0,0.8089267,0.2932255,0
1.0,0.7585083,0.23621587,0
1.0,0.777252,0.25791913,0
1.0,0.72176176,0.23030931,0
1.0,0.7748402,0.29504615,0
1.0,0.77412075,0.29485813,0
1.0,0.7997611,0.3324324,0
1.0,0.79526055,0.34938252,0
1.0,0.8659666,0.42802367,0
1.0,0.87559855,0.44967714,0
1.0,0.8839089,0.47830802,0
1.0,0.8721897,0.4794088,0
1.0,0.8940015,0.5513292,0
1.0,0.8941565,0.5772068,0
1.0,0.90935147,0.60339355,0
1.0,0.88636446,0.5750768,0
1.0,0.9170271,0.6187143,0
1.0,0.9306796,0.6245467,0
1.0,0.9388615,0.6196228,0
1.0,0.9389871,0.61560714,0
1.0,0.9403934,0.60064566,0
1.0,0.94873565,0.61197126,0
1.0,0.951723,0.61260045,0
1.0,0.93290955,0.57740265,0
1.0,0.93054944,0.5732316,0
1.0,0.9391827,0.57511544,0
1.0,0.9418351,0.57279825,0
1.0,0.92244095,0.5431481,0
1.0,0.92034614,0.54054743,0
1.0,0.935284,0.5774665,0
1.0,0.9483585,0.6196066,0
1.0,0.9420615,0.63287127,0
1.0,0.9367823,0.63162404,0
1.0,0.9551223,0.6572809,0
1.0,0.9618944,0.6584418,0
1.0,0.94679946,0.5959945,0
1.0,0.9364631,0.552789,0
1.0,0.9516083,0.5726826,0
1.0,0.95988744,0.5574384,0
1.0,0.9511234,0.5190792,0
1.0,0.929877,0.48221892,0
1.0,0.944156,0.48550144,0
1.0,0.94418323,0.46648648,0
1.0,0.93797207,0.44046724,0
1.0,0.9144745,0.36564395,0
1.0,0.9366851,0.36378103,0
1.0,0.9402731,0.3606107,0
1.0,0.9325279,0.35321838,0
1.0,0.9027441,0.32488477,0
1.0,0.93011326,0.3536327,0
1.0,0.9356077,0.35300136,0
1.0,0.93131113,0.34620073,0
1.0,0.8836873,0.2976633,0
1.0,0.9005312,0.31416184,0
1.0,0.89079344,0.31339154,0
1.0,0.8534346,0.28276005,0
1.0,0.7943155,0.23139106,0
1.0,0.7942564,0.23457012,0
1.0,0.79576534,0.23589888,0
1.0,0.7721985,0.20180798,0
1.0,0.70208824,0.14083716,0
1.0,0.70807403,0.14291638,0
1.0,0.73320514,0.13679934,0
1.0,0.7441054,0.1249882,0
1.0,0.72541493,0.1310049,0
1.0,0.7091684,0.13191815,0
1.0,0.73804677,0.16139987,0
1.0,0.6969043,0.1340468,0
1.0,0.70562875,0.13349429,0
1.0,0.68906564,0.14083098,0
1.0,0.68212956,0.13917592,0
1.0,0.6824362,0.14485362,0
1.0,0.7204585,0.18781933,0
1.0,0.7013043,0.17832491,0
1.0,0.7210034,0.19894278,0
1.0,0.7220331,0.206487,0
1.0,0.7823318,0.25404787,0
1.0,0.77672756,0.24893466,0
1.0,0.8036192,0.27414542,0
1.0,0.8166621,0.27966237,0
1.0,0.8409804,0.30180305,0
1.0,0.841793,0.31852746,0
1.0,0.8448907,0.325109,0
1.0,0.8531216,0.3378008,0
1.0,0.87583935,0.37812513,0
1.0,0.86926246,0.37390372,0
1.0,0.88388425,0.383114,0
1.0,0.875294,0.3747382,0
1.0,0.88696754,0.39709395,0
1.0,0.86142886,0.37456998,0
1.0,0.851433,0.36313212,0
1.0,0.83216465,0.34498957,0
1.0,0.8390977,0.34802365,0
1.0,0.80510974,0.29929194,0
1.0,0.8379244,0.3313858,0
1.0,0.84607273,0.33077127,0
1.0,0.85060287,0.30905196,0
1.0,0.81785727,0.26160362,0
1.0,0.84257114,0.25891393,0
1.0,0.8435444,0.25468594,0
1.0,0.8303558,0.23458716,0
1.0,0.7802943,0.16110419,0
1.0,0.7940976,0.16965169,0
1.0,0.78279674,0.15115975,0
1.0,0.7626212,0.116702795,0
1.0,0.69058526,0.08841329,0
1.0,0.7477877,0.113225,0
1.0,0.7749282,0.120794065,0
1.0,0.78453636,0.13303092,0
1.0,0.7147455,0.10746617,0
1.0,0.7924179,0.16121975,0
1.0,0.8167643,0.18687633,0
1.0,0.8351983,0.21756633,0
1.0,0.79508954,0.18352437,0
1.0,0.85257214,0.23465109,0
1.0,0.85320234,0.23655395,0
1.0,0.8656319,0.2307964,0
1.0,0.8387031,0.20621958,0
1.0,0.8896355,0.24258828,0
1.0,0.880021,0.22744344,0
1.0,0.88929653,0.22664891,0
1.0,0.86739427,0.19926149,0
1.0,0.9107724,0.23934297,0
1.0,0.8976155,0.22748952,0
1.0,0.9096746,0.24040201,0
1.0,0.8881125,0.22922766,0
1.0,0.9190912,0.25603566,0
1.0,0.9088307,0.2455885,0
1.0,0.9185631,0.25147986,0
1.0,0.89525974,0.23415512,0
1.0,0.9146673,0.27046537,0
1.0,0.88785285,0.2548997,0
1.0,0.8866642,0.25603616,0
1.0,0.8514958,0.2287478,0
1.0,0.8619291,0.22924301,0
1.0,0.8333401,0.20542002,0
1.0,0.845101,0.216394,0
1.0,0.8414569,0.20002718,0
1.0,0.86774564,0.21000281,0
1.0,0.85152096,0.19367406,0
1.0,0.8658683,0.19409163,0
1.0,0.81470984,0.14376396,0
1.0,0.7941662,0.11698752,0
1.0,0.75049156,0.08782476,0
1.0,0.7626764,0.078929216,0
1.0,0.70661205,0.058009937,0
1.0,0.70037663,0.0542456,0
1.0,0.7372117,0.06101139,0
1.0,0.7947533,0.09184981,0
1.0,0.77444595,0.09048703,0
1.0,0.76286227,0.08518958,0
1.0,0.8077666,0.104856,0
1.0,0.82972026,0.117747955,0
1.0,0.79378694,0.09796441,0
1.0,0.75542897,0.0749435,0
1.0,0.8202819,0.101868,0
1.0,0.8306728,0.1020854,0
1.0,0.8282666,0.09324673,0
1.0,0.78860223,0.07658607,0
1.0,0.83191925,0.09489935,0
1.0,0.8226419,0.0908695,0
1.0,0.78470206,0.07510729,0
1.0,0.72567374,0.04763488,0
1.0,0.78551704,0.061773114,0
1.0,0.7902572,0.0651104,0
1.0,0.80782044,0.07211469,0
1.0,0.79637736,0.07772923,0
1.0,0.84864104,0.10388307,0
1.0,0.8584542,0.11432892,0
1.0,0.8784117,0.13850164,0
1.0,0.8564352,0.13910004,0
1.0,0.845177,0.14126903,0
1.0,0.81973624,0.12965587,0
1.0,0.85219157,0.15340373,0
1.0,0.8268247,0.1428441,0
1.0,0.7917142,0.124288864,0
1.0,0.78747696,0.124453284,0
1.0,0.8515931,0.15817219,0
1.0,0.82622576,0.1356913,0
1.0,0.7829259,0.12079274,0
1.0,0.7720997,0.120542735,0
1.0,0.83950984,0.15560398,0
1.0,0.8196569,0.14813924,0
1.0,0.7939259,0.14133513,0
1.0,0.78695565,0.1395746,0
1.0,0.8379047,0.1850355,0
1.0,0.81146955,0.18234089,0
1.0,0.78427213,0.19204332,0
1.0,0.7952821,0.24576607,0
1.0,0.85523874,0.34126264,0
1.0,0.8365338,0.35772717,0
1.0,0.8100766,0.34083003,0
1.0,0.84126985,0.38445944,0
1.0,0.8810413,0.4517885,0
1.0,0.8583808,0.43884465,0
1.0,0.85423845,0.44201115,0
1.0,0.87695193,0.48431098,0
1.0,0.8975345,0.5186163,0
1.0,0.88037425,0.49526197,0
1.0,0.8738064,0.48910475,0
1.0,0.8872293,0.5025278,0
1.0,0.89980304,0.51515484,0
1.0,0.89810187,0.5041112,0
1.0,0.8898657,0.48603022,0
1.0,0.89584637,0.5053552,0
1.0,0.90640426,0.53086853,0
1.0,0.9024116,0.5367954,0
1.0,0.8936,0.5300756,0
1.0,0.89090353,0.53912854,0
1.0,0.9072209,0.59774375,0
1.0,0.9088901,0.61622906,0
1.0,0.90048826,0.6083194,0
1.0,0.88081616,0.5726787,0
1.0,0.88842297,0.58634466,0
1.0,0.87614506,0.5791677,0
1.0,0.85904837,0.553602,0
1.0,0.8181295,0.50163496,0
1.0,0.8295603,0.52334356,0
1.0,0.8122227,0.49622685,0
1.0,0.78634644,0.43796033,0
1.0,0.7378542,0.34177172,0
1.0,0.7718175,0.34915024,0
1.0,0.7605861,0.3121766,0
1.0,0.7603572,0.311562,0
1.0,0.71700966,0.2702682,0
1.0,0.73799884,0.2905096,0
1.0,0.7084927,0.26138803,0
1.0,0.7135889,0.26417238,0
1.0,0.6732197,0.22663869,0
1.0,0.69779056,0.24588948,0
1.0,0.6753026,0.22197595,0
1.0,0.66830957,0.2234271,0
1.0,0.62742233,0.18970291,0
1.0,0.65098405,0.20700917,0
1.0,0.6568706,0.21202826,0
1.0,0.6757794,0.22680405,0
1.0,0.6477599,0.19696149,0
1.0,0.66923314,0.20887142,0
1.0,0.692874,0.21949473,0
1.0,0.69698954,0.22109951,0
1.0,0.66979295,0.18994889,0
1.0,0.6627308,0.16065258,0
1.0,0.68737125,0.16923848,0
1.0,0.68435735,0.15568349,0
1.0,0.6714373,0.14012657,0
1.0,0.65376717,0.12674528,0
1.0,0.67661417,0.13367912,0
1.0,0.6660076,0.126924,0
1.0,0.67145616,0.13262,0
1.0,0.707758,0.15113193,0
1.0,0.7393308,0.1650581,0
1.0,0.7174141,0.14486076,0
1.0,0.7317554,0.15119243,0
1.0,0.76027423,0.16628154,0
1.0,0.75489336,0.15623604,0
1.0,0.79182214,0.17333302,0
1.0,0.7777128,0.15548621,0
1.0,0.8240286,0.17273104,0
1.0,0.7858859,0.13329871,0
1.0,0.76445055,0.112177365,0
1.0,0.7355443,0.08475914,0
1.0,0.78273904,0.102768496,0
1.0,0.7425143,0.08213845,0
1.0,0.75978965,0.07725277,0
1.0,0.71652764,0.06497774,0
1.0,0.80458575,0.10281888,0
1.0,0.8089666,0.11437518,0
1.0,0.83788836,0.13189712,0
1.0,0.7872429,0.109698996,0
1.0,0.8698589,0.17803878,0
1.0,0.86822116,0.17998892,0
1.0,0.88480574,0.20611903,0
1.0,0.8207906,0.17009278,0
1.0,0.86088157,0.2022765,0
1.0,0.84285897,0.19783488,0
1.0,0.8691944,0.2188566,0
1.0,0.8104922,0.17931393,0
1.0,0.8558009,0.21279283,0
1.0,0.8560235,0.20794722,0
1.0,0.85028464,0.19447668,0
1.0,0.8280717,0.16704692,0
1.0,0.8468974,0.1747705,0
1.0,0.8690553,0.18912232,0
1.0,0.8727544,0.1904172,0
1.0,0.84429765,0.1755374,0
1.0,0.8494412,0.18509534,0
1.0,0.8797162,0.2171198,0
1.0,0.89289355,0.23839746,0
1.0,0.8839882,0.24055645,0
1.0,0.8811137,0.25329307,0
1.0,0.8906616,0.27167568,0
1.0,0.88938516,0.2955289,0
1.0,0.8851748,0.3150596,0
1.0,0.863925,0.29772347,0
1.0,0.87418157,0.32994986,0
1.0,0.8635656,0.3498184,0
1.0,0.8728338,0.36300522,0
1.0,0.8582683,0.35461432,0
1.0,0.88328815,0.37556726,0
1.0,0.8849508,0.37738603,0
1.0,0.88409203,0.37463117,0
1.0,0.86173165,0.34452724,0
1.0,0.8726361,0.36148185,0
1.0,0.8516374,0.33747306,0
1.0,0.84406465,0.3362885,0
1.0,0.81590897,0.3035737,0
1.0,0.8262158,0.31664044,0
1.0,0.82586557,0.32047987,0
1.0,0.8500551,0.34607375,0
1.0,0.82499,0.34227,0
1.0,0.8273968,0.35886317,0
1.0,0.79454744,0.33356875,0
1.0,0.8230084,0.38323832,0
1.0,0.7664925,0.32583952,0
1.0,0.7719607,0.3533457,0
1.0,0.740852,0.33351332,0
1.0,0.78218377,0.3833837,0
1.0,0.7383529,0.34476927,0
1.0,0.7444697,0.35134995,0
1.0,0.73155636,0.33195743,0
1.0,0.78826153,0.39202863,0
1.0,0.7686011,0.3603112,0
1.0,0.7572671,0.35036206,0
1.0,0.73972,0.32205242,0
1.0,0.7746514,0.3436525,0
1.0,0.7412559,0.3084452,0
1.0,0.69787675,0.251986,0
1.0,0.71977144,0.24748075,0
1.0,0.7586565,0.27826923,0
1.0,0.77820504,0.29223585,0
1.0,0.7153336,0.22954026,0
1.0,0.73967177,0.2516772,0
1.0,0.73188436,0.23943047,0
1.0,0.73477316,0.22819875,0
1.0,0.67021257,0.1727784,0
1.0,0.71847886,0.1984328,0
1.0,0.71196926,0.18409431,0
1.0,0.7453068,0.2066297,0
1.0,0.6841486,0.15850642,0
1.0,0.7232508,0.17887734,0
1.0,0.7173802,0.17371477,0
1.0,0.7291807,0.16161889,0
1.0,0.66654134,0.12232854,0
1.0,0.7006318,0.12918131,0
1.0,0.6747115,0.10628089,0
1.0,0.65905917,0.09709902,0
1.0,0.6237589,0.0743323,0
1.0,0.6905438,0.07890335,0
1.0,0.7157723,0.08541085,0
1.0,0.72464657,0.08169499,0
1.0,0.72972614,0.084559575,0
1.0,0.78461975,0.10911281,0
1.0,0.7913148,0.105881184,0
1.0,0.77354604,0.09653629,0
1.0,0.74569935,0.08952707,0
1.0,0.74090797,0.0831716,0
1.0,0.7667187,0.09364834,0
1.0,0.7673164,0.10176594,0
1.0,0.74882144,0.095188014,0
1.0,0.75051016,0.09845019,0
1.0,0.7658041,0.11530327,0
1.0,0.7555208,0.10740613,0
1.0,0.7356408,0.097022,0
1.0,0.7218046,0.09867496,0
1.0,0.7296009,0.1050274,0
1.0,0.72771513,0.10579659,0
1.0,0.7222284,0.114177674,0
1.0,0.6893066,0.1088219,0
1.0,0.7344556,0.12444218,0
1.0,0.7258139,0.11892148,0
1.0,0.7513149,0.13267177,0
1.0,0.6820577,0.096395284,0
1.0,0.7238923,0.11637802,0
1.0,0.7234701,0.11684558,0
1.0,0.73120105,0.12149528,0
1.0,0.65312344,0.082402624,0
1.0,0.6960103,0.10597124,0
1.0,0.67055047,0.09023334,0
1.0,0.68716574,0.098767295,0
1.0,0.67045796,0.09169519,0
1.0,0.72607857,0.116603255,0
1.0,0.7320055,0.11386204,0
1.0,0.7668045,0.12552539,0
1.0,0.7433488,0.12566441,0
1.0,0.7984937,0.15625378,0
1.0,0.82615256,0.16800025,0
1.0,0.75573945,0.11691745,0
1.0,0.7803544,0.1266526,0
1.0,0.77204525,0.12310702,0
1.0,0.8001004,0.12581092,0
1.0,0.71563095,0.09303014,0
1.0,0.7766034,0.1251966,0
1.0,0.8149172,0.13130735,0
1.0,0.842242,0.14946246,0
1.0,0.7416668,0.101888895,0
1.0,0.7895313,0.1146519,0
1.0,0.7721168,0.10141155,0
1.0,0.7941171,0.10881869,0
1.0,0.70560455,0.06558006,0
1.0,0.760419,0.07207204,0
1.0,0.7594629,0.07248062,0
1.0,0.79856735,0.087312646,0
1.0,0.7329056,0.06437019,0
1.0,0.7552947,0.07186748,0
1.0,0.75124955,0.07218357,0
1.0,0.7698716,0.07738151,0
1.0,0.67316085,0.06176102,0
1.0,0.6872961,0.06422688,0
1.0,0.6748537,0.064688,0
1.0,0.7267387,0.08487511,0
1.0,0.7213427,0.08379158,0
1.0,0.72729164,0.09013438,0
1.0,0.7544006,0.103342935,0
1.0,0.8305167,0.15030602,0
1.0,0.783765,0.13160655,0
1.0,0.75096506,0.11662678,0
1.0,0.7125971,0.100483656,0
1.0,0.8076944,0.15969253,0
1.0,0.7546361,0.13106379,0
1.0,0.7436791,0.12238635,0
1.0,0.73715246,0.118796535,0
1.0,0.82010204,0.1773305,0
1.0,0.7613691,0.14042443,0
1.0,0.7329954,0.12778744,0
1.0,0.75918293,0.15338993,0
1.0,0.844543,0.23511209,0
1.0,0.83699197,0.24879095,0
1.0,0.8235574,0.25174844,0
1.0,0.851859,0.30119705,0
1.0,0.8957718,0.35637167,0
1.0,0.88447213,0.3505383,0
1.0,0.8551138,0.3619201,0
1.0,0.8621006,0.39304814,0
1.0,0.8756743,0.42285535,0
1.0,0.86957157,0.4443882,0
1.0,0.82097095,0.39011574,0
1.0,0.85091764,0.43344203,0
1.0,0.8625169,0.46051827,0
1.0,0.8955109,0.48920476,0
1.0,0.88640666,0.47592664,0
1.0,0.9126626,0.5054995,0
1.0,0.91498816,0.4940734,0
1.0,0.9298329,0.512844,0
1.0,0.9186105,0.5005034,0
1.0,0.9242274,0.5011996,0
1.0,0.9123837,0.47728577,0
1.0,0.91062754,0.4580416,0
1.0,0.8984791,0.4256041,0
1.0,0.8927295,0.41429573,0
1.0,0.8727192,0.38619125,0
1.0,0.8534733,0.35971648,0
1.0,0.8383144,0.3490672,0
1.0,0.8286491,0.34280905,0
1.0,0.82061636,0.3312754,0
1.0,0.80366504,0.31105506,0
1.0,0.814808,0.30858094,0
1.0,0.818174,0.30507824,0
1.0,0.80986285,0.2849892,0
1.0,0.7869374,0.2456389,0
1.0,0.79632497,0.2469784,0
1.0,0.7873547,0.22349146,0
1.0,0.7592391,0.20237142,0
1.0,0.7134484,0.17733812,0
1.0,0.7048906,0.14662224,0
1.0,0.6874903,0.13184774,0
1.0,0.67200863,0.123450235,0
1.0,0.65336436,0.10278089,0
1.0,0.6570449,0.1127118,0
1.0,0.67109025,0.13106263,0
1.0,0.6594147,0.13491225,0
1.0,0.65811837,0.1443527,0
1.0,0.66976386,0.16900617,0
1.0,0.6876899,0.18841411,0
1.0,0.67845446,0.1922602,0
1.0,0.6793526,0.20925082,0
1.0,0.687123,0.2138295,0
1.0,0.6993363,0.23046789,0
1.0,0.6797444,0.21564925,0
1.0,0.68698245,0.22459948,0
1.0,0.6935311,0.23301011,0
1.0,0.72127837,0.256945,0
1.0,0.71739554,0.2560709,0
1.0,0.71550965,0.26205182,0
1.0,0.72726667,0.27645308,0
1.0,0.75997114,0.31946224,0
1.0,0.7717412,0.334296,0
1.0,0.7474387,0.31097907,0
1.0,0.7584008,0.33019066,0
1.0,0.7770246,0.35116747,0
1.0,0.7797922,0.3628616,0
1.0,0.73587334,0.3251833,0
1.0,0.72836137,0.3179124,0
1.0,0.7422129,0.3379803,0
1.0,0.76158106,0.35523853,0
1.0,0.7457517,0.32684076,0
1.0,0.7456541,0.32122207,0
1.0,0.7736002,0.3371271,0
1.0,0.788189,0.35382405,0
1.0,0.7745078,0.33706024,0
1.0,0.757589,0.30517763,0
1.0,0.75980383,0.28904325,0
1.0,0.7474533,0.2561172,0
1.0,0.7352934,0.2321212,0
1.0,0.7220403,0.20303205,0
1.0,0.74168324,0.21379504,0
1.0,0.69749093,0.16925493,0
1.0,0.73882926,0.18538514,0
1.0,0.7372217,0.18728444,0
1.0,0.7579531,0.19980875,0
1.0,0.7099895,0.16076118,0
1.0,0.7848997,0.21665262,0
1.0,0.7540085,0.18741769,0
1.0,0.7365073,0.18127364,0
1.0,0.6665539,0.14074972,0
1.0,0.7766771,0.23692216,0
1.0,0.8135488,0.27818975,0
1.0,0.8317146,0.2908225,0
1.0,0.7855475,0.24823585,0
1.0,0.8634042,0.31539494,0
1.0,0.88396066,0.32742342,0
1.0,0.85377383,0.31064278,0
1.0,0.80164385,0.27029574,0
1.0,0.8631222,0.36557066,0
1.0,0.9159509,0.46172845,0
1.0,0.91325134,0.4812461,0
1.0,0.89672905,0.4885713,0
1.0,0.92310625,0.5383315,0
1.0,0.9526921,0.59511614,0
1.0,0.93480176,0.5927886,0
1.0,0.919351,0.5868609,0
1.0,0.9123159,0.6013595,0
1.0,0.9407805,0.6782281,0
1.0,0.9230451,0.66941464,0
1.0,0.9063007,0.65177786,0
1.0,0.8981596,0.6586132,0
1.0,0.937398,0.72234905,0
1.0,0.93955266,0.7178808,0
1.0,0.93608505,0.7170817,0
1.0,0.93104506,0.70233905,0
1.0,0.94266635,0.7167696,0
1.0,0.9402016,0.72036445,0
1.0,0.92965335,0.7009522,0
1.0,0.9129057,0.6758564,0
1.0,0.91799116,0.6808374,0
1.0,0.9222485,0.6869806,0
1.0,0.913386,0.694692,0
1.0,0.899414,0.6623673,0
1.0,0.89897037,0.6526207,0
1.0,0.8975604,0.65329796,0
1.0,0.88057274,0.626858,0
1.0,0.86225677,0.6142782,0
1.0,0.85652953,0.6096595,0
1.0,0.86392313,0.6013303,0
1.0,0.8551035,0.57072353,0
1.0,0.8391705,0.51125175,0
1.0,0.8344676,0.47778994,0
1.0,0.8355666,0.4628284,0
1.0,0.8349653,0.44188493,0
1.0,0.8081482,0.39925826,0
1.0,0.80194986,0.37487477,0
1.0,0.7946044,0.34769416,0
1.0,0.7755229,0.31485385,0
1.0,0.736797,0.25598657,0
1.0,0.7368789,0.24159524,0
1.0,0.74250805,0.25388005,0
1.0,0.7820516,0.30998623,0
1.0,0.7997392,0.34574503,0
1.0,0.8304998,0.3982128,0
1.0,0.8462447,0.4373532,0
1.0,0.8698203,0.49260297,0
1.0,0.8518992,0.48395222,0
1.0,0.8421657,0.48428938,0
1.0,0.84210384,0.5133009,0
1.0,0.85363233,0.55432606,0
1.0,0.8440989,0.559625,0
1.0,0.82927096,0.55325663,0
1.0,0.8349207,0.5697262,0
1.0,0.8549059,0.5791528,0
1.0,0.8565103,0.57231253,0
1.0,0.85764074,0.56828415,0
1.0,0.8769508,0.5825217,0
1.0,0.89338744,0.6126677,0
1.0,0.8911267,0.61318076,0
1.0,0.88681996,0.6061297,0
1.0,0.8881471,0.61916023,0
1.0,0.89687294,0.63417685,0
1.0,0.89206296,0.6362791,0
1.0,0.89159745,0.63603276,0
1.0,0.88254464,0.6196674,0
1.0,0.8801553,0.63595915,0
1.0,0.8425062,0.58883786,0
1.0,0.8253708,0.5885535,0
1.0,0.81871724,0.5991645,0
1.0,0.81724936,0.58450603,0
1.0,0.8215753,0.5833346,0
1.0,0.8245833,0.58672905,0
1.0,0.8421242,0.6019402,0
1.0,0.84833837,0.5864529,0
1.0,0.8445442,0.5561832,0
1.0,0.8420709,0.5435636,0
1.0,0.85010594,0.533308,0
1.0,0.84406793,0.4998759,0
1.0,0.8344113,0.49156204,0
1.0,0.81559104,0.45742375,0
1.0,0.8144014,0.42934385,0
1.0,0.79933864,0.3940735,0
1.0,0.7729296,0.3562876,0
1.0,0.7598221,0.35279977,0
1.0,0.77880466,0.37999094,0
1.0,0.77471864,0.39530146,0
1.0,0.75374335,0.3925774,0
1.0,0.76031125,0.4145544,0
1.0,0.7957976,0.4756138,0
1.0,0.8061743,0.48604673,0
1.0,0.79285973,0.46833646,0
1.0,0.8098019,0.50554097,0
1.0,0.820546,0.5250238,0
1.0,0.816745,0.52079153,0
1.0,0.7755568,0.45985264,0
1.0,0.77908415,0.4671856,0
1.0,0.7662725,0.45190853,0
1.0,0.75176746,0.41583747,0
1.0,0.7230878,0.38038382,0
1.0,0.73070353,0.39245912,0
1.0,0.72601444,0.37478843,0
1.0,0.7261525,0.37854734,0
1.0,0.71436816,0.38644636,0
1.0,0.7085722,0.40503034,0
1.0,0.7200368,0.43454227,0
1.0,0.72920257,0.45555338,0
1.0,0.7358463,0.46901757,0
1.0,0.73780084,0.46304515,0
1.0,0.7594297,0.49563265,0
1.0,0.7662383,0.513381,0
1.0,0.79514664,0.539054,0
1.0,0.7743157,0.5075997,0
1.0,0.7881883,0.52133894,0
1.0,0.76940674,0.4906906,0
1.0,0.79262453,0.5096754,0
1.0,0.78505224,0.4721471,0
1.0,0.8458487,0.52781785,0
1.0,0.8589355,0.5029566,0
1.0,0.8751878,0.4983176,0
1.0,0.8754336,0.48377025,0
1.0,0.9106462,0.50536764,0
1.0,0.9072537,0.5032599,0
1.0,0.91404504,0.51761925,0
1.0,0.91461056,0.49473837,0
1.0,0.9375402,0.5090641,0
1.0,0.93473446,0.5196016,0
1.0,0.9327334,0.51579094,0
1.0,0.91930205,0.49077445,0
1.0,0.9337746,0.50858384,0
1.0,0.92705375,0.50762856,0
1.0,0.9294553,0.51476127,0
1.0,0.9055831,0.46667612,0
1.0,0.9134573,0.4854229,0
1.0,0.9039616,0.4856842,0
1.0,0.88585097,0.44397688,0
1.0,0.84864515,0.36418906,0
1.0,0.86619025,0.371982,0
1.0,0.86251265,0.38357383,0
1.0,0.8557499,0.36387736,0
1.0,0.8075956,0.33567446,0
1.0,0.8131713,0.3595847,0
1.0,0.7892004,0.32845813,0
1.0,0.79870903,0.38331616,0
1.0,0.72301286,0.32214108,0
1.0,0.74926585,0.3547818,0
1.0,0.7354094,0.36524668,0
1.0,0.7504092,0.3895337,0
1.0,0.6750054,0.3245619,0
1.0,0.6988723,0.36504036,0
1.0,0.6861691,0.36368173,0
1.0,0.7060538,0.39349505,0
1.0,0.6831259,0.37426072,0
1.0,0.70850617,0.41780132,0
1.0,0.68700314,0.38879842,0
1.0,0.7018475,0.39413226,0
1.0,0.70799047,0.40182805,0
1.0,0.7676842,0.4733661,0
1.0,0.7719285,0.46081918,0
1.0,0.79318166,0.48351052,0
1.0,0.79900604,0.4868574,0
1.0,0.83361405,0.52939904,0
1.0,0.8211899,0.49914134,0
1.0,0.8187345,0.48963282,0
1.0,0.81769466,0.50346774,0
1.0,0.85036373,0.5422689,0
1.0,0.83871174,0.51745915,0
1.0,0.81734246,0.48611206,0
1.0,0.82340246,0.49649775,0
1.0,0.83575964,0.51141894,0
1.0,0.8193541,0.47003764,0
1.0,0.78840655,0.4307114,0
1.0,0.7917254,0.4167051,0
1.0,0.7914027,0.39760572,0
1.0,0.7738355,0.37882945,0
1.0,0.74895924,0.31159925,0
1.0,0.7628242,0.30721328,0
1.0,0.7585236,0.30440778,0
1.0,0.75243735,0.2798434,0
1.0,0.7357825,0.26371863,0
1.0,0.74461955,0.28971288,0
1.0,0.71803534,0.26375222,0
1.0,0.7214589,0.27795136,0
1.0,0.7350454,0.30333847,0
1.0,0.7496554,0.34610763,0
1.0,0.7504407,0.39214885,0
1.0,0.76877946,0.4226594,0
1.0,0.7961431,0.46951294,0
1.0,0.8018459,0.5135104,0
1.0,0.78890365,0.5301737,0
1.0,0.80155593,0.56659377,0
1.0,0.8324301,0.62076443,0
1.0,0.8305471,0.6334697,0
1.0,0.8333357,0.6383157,0
1.0,0.8427228,0.6586821,0
1.0,0.87203246,0.7041386,0
1.0,0.8682029,0.6725129,0
1.0,0.8807616,0.68137276,0
1.0,0.88771075,0.6837648,0
1.0,0.90577304,0.7157601,0
1.0,0.9047028,0.734482,0
1.0,0.9078922,0.73835504,0
1.0,0.9117541,0.7462706,0
1.0,0.9161814,0.7641293,0
1.0,0.9144616,0.786244,0
1.0,0.91144794,0.8056911,0
1.0,0.9087244,0.7996711,0
1.0,0.90487564,0.81339526,0
1.0,0.90006804,0.8467055,0
1.0,0.88143563,0.8101907,0
1.0,0.89015263,0.8336641,0
1.0,0.89230996,0.85784376,0
1.0,0.90345746,0.8453634,0
1.0,0.8915526,0.80241406,0
1.0,0.9054381,0.80516696,0
1.0,0.9073826,0.78089553,0
1.0,0.9157452,0.7484652,0
1.0,0.90310943,0.6742041,0
1.0,0.9136599,0.6891922,0
1.0,0.9100284,0.6692202,0
1.0,0.9159087,0.6546289,0
1.0,0.89024097,0.6097945,0
1.0,0.90703696,0.6253984,0
1.0,0.9063359,0.6189389,0
1.0,0.91151524,0.63029855,0
1.0,0.888793,0.62870437,0
1.0,0.89341664,0.66388685,0
1.0,0.89499164,0.6860111,0
1.0,0.8947368,0.7147985,0
1.0,0.8748733,0.6968454,0
1.0,0.88090867,0.721827,0
1.0,0.88452053,0.73107535,0
1.0,0.8946301,0.7235131,0
1.0,0.8894927,0.7125257,0
1.0,0.88951087,0.7129875,0
1.0,0.8837698,0.69811875,0
1.0,0.89003485,0.6967478,0
1.0,0.8749095,0.64482945,0
1.0,0.8663207,0.62318856,0
1.0,0.8454736,0.5728358,0
1.0,0.8765251,0.5737412,0
1.0,0.86127657,0.5482803,0
1.0,0.8631373,0.54998326,0
1.0,0.8259697,0.47595719,0
1.0,0.8769433,0.5712685,0
1.0,0.88006014,0.5986129,0
1.0,0.87367463,0.5936545,0
1.0,0.84997964,0.5758572,0
1.0,0.8926044,0.6521708,0
1.0,0.90018725,0.667431,0
1.0,0.89459246,0.66849864,0
1.0,0.8639257,0.6403679,0
1.0,0.88848263,0.67282945,0
1.0,0.89931566,0.66832054,0
1.0,0.8887111,0.6528548,0
1.0,0.8554754,0.6119384,0
1.0,0.86942065,0.6211237,0
1.0,0.8748783,0.59773517,0
1.0,0.8550541,0.5610541,0
1.0,0.8263263,0.52071893,0
1.0,0.836936,0.5235622,0
1.0,0.8524195,0.54591286,0
1.0,0.8384052,0.53619736,0
1.0,0.81705165,0.52343965,0
1.0,0.81369793,0.5304328,0
1.0,0.8304966,0.57401615,0
1.0,0.80583394,0.57163143,0
1.0,0.7950371,0.56929433,0
1.0,0.7710305,0.5465419,0
1.0,0.7757318,0.57189304,0
1.0,0.7433911,0.53888524,0
1.0,0.7169933,0.5189797,0
1.0,0.6872784,0.49345872,0
1.0,0.6810354,0.4906585,0
1.0,0.6744105,0.48504856,0
1.0,0.67744625,0.5029112,0
1.0,0.68282884,0.49303287,0
1.0,0.6746071,0.47144488,0
1.0,0.6679212,0.46983734,0
1.0,0.67537856,0.47788054,0
1.0,0.669959,0.46815795,0
1.0,0.66560864,0.46365958,0
1.0,0.6587979,0.4554451,0
1.0,0.66770357,0.46544495,0
1.0,0.6616663,0.4737109,0
1.0,0.6604735,0.4906245,0
1.0,0.6562527,0.4943933,0
1.0,0.66748726,0.52903616,0
1.0,0.66870385,0.5373459,0
1.0,0.67400885,0.5557742,0
1.0,0.6660265,0.54498506,0
1.0,0.6844349,0.55268157,0
1.0,0.68936175,0.56397873,0
1.0,0.7114702,0.608637,0
1.0,0.7008852,0.5794194,0
1.0,0.7203241,0.6060472,0
1.0,0.7363472,0.63405573,0
1.0,0.74868345,0.6356823,0
1.0,0.73195815,0.5825855,0
1.0,0.7449434,0.58784,0
1.0,0.77626145,0.6122962,0
1.0,0.7925316,0.6276406,0
1.0,0.77790713,0.60739625,0
1.0,0.77639574,0.58922124,0
1.0,0.7993943,0.61665547,0
1.0,0.7985829,0.6158885,0
1.0,0.773216,0.5633415,0
1.0,0.7634357,0.5356482,0
1.0,0.79521805,0.58488417,0
1.0,0.7895698,0.5759194,0
1.0,0.7623202,0.5214895,0
1.0,0.7380575,0.47984967,0
1.0,0.7663599,0.51178735,0
1.0,0.7564294,0.48134,0
1.0,0.7294227,0.43216786,0
1.0,0.7069486,0.4051326,0
1.0,0.7354321,0.42497176,0
1.0,0.7114834,0.3753791,0
1.0,0.6675762,0.30576202,0
1.0,0.64120764,0.25142032,0
1.0,0.6623133,0.2659995,0
1.0,0.65531015,0.24696697,0
1.0,0.61365527,0.20502758,0
1.0,0.61049014,0.22553955,0
1.0,0.63673806,0.24749076,0
1.0,0.6761975,0.2752483,0
1.0,0.64781266,0.25973374,0
1.0,0.66532403,0.2741289,0
1.0,0.7061146,0.31484076,0
1.0,0.7345421,0.33856213,0
1.0,0.724824,0.3262696,0
1.0,0.7218746,0.34096926,0
1.0,0.7506971,0.37459907,0
1.0,0.7665466,0.39113495,0
1.0,0.77239513,0.39134017,0
1.0,0.76544166,0.37676722,0
1.0,0.79980856,0.41338754,0
1.0,0.80124974,0.4065431,0
1.0,0.80719775,0.41719684,0
1.0,0.78810996,0.39650524,0
1.0,0.81517893,0.4274397,0
1.0,0.79242843,0.4169728,0
1.0,0.81661016,0.45199895,0
1.0,0.79826903,0.4384174,0
1.0,0.82778966,0.5036839,0
1.0,0.80389297,0.4818825,0
1.0,0.8390888,0.56257164,0
1.0,0.8211826,0.55593157,0
1.0,0.84120876,0.5775037,0
1.0,0.80930907,0.5485908,0
1.0,0.83401316,0.60999477,0
1.0,0.8153757,0.59629047,0
1.0,0.83489424,0.63330066,0
1.0,0.81061596,0.5967971,0
1.0,0.8226796,0.61322725,0
1.0,0.80178267,0.5668534,0
1.0,0.81418777,0.5689941,0
1.0,0.80740136,0.5456808,0
1.0,0.82988125,0.55741155,0
1.0,0.8205846,0.52961993,0
1.0,0.8319362,0.5380989,0
1.0,0.8279163,0.5388459,0
1.0,0.83814746,0.54752505,0
1.0,0.81229323,0.48940563,0
1.0,0.8085116,0.4977352,0
1.0,0.8065894,0.50972676,0
1.0,0.8119173,0.5234899,0
1.0,0.7835912,0.49379495,0
1.0,0.76584566,0.46727064,0
1.0,0.77934134,0.48802412,0
1.0,0.77128917,0.48724028,0
1.0,0.74470514,0.45685312,0
1.0,0.71005917,0.41170752,0
1.0,0.7176543,0.3983538,0
1.0,0.7152182,0.38691038,0
1.0,0.6914311,0.3557667,0
1.0,0.6665063,0.30642587,0
1.0,0.7039143,0.3364644,0
1.0,0.7163415,0.32029295,0
1.0,0.689486,0.26142067,0
1.0,0.68969995,0.26076335,0
1.0,0.71955454,0.27380452,0
1.0,0.654934,0.19511634,0
1.0,0.63850534,0.17693701,0
1.0,0.64445496,0.17801696,0
1.0,0.6879461,0.21083471,0
1.0,0.64908653,0.17375097,0
1.0,0.64551383,0.16778582,0
1.0,0.6770264,0.19719258,0
1.0,0.71466565,0.2306053,0
1.0,0.67001843,0.19673447,0
1.0,0.65891445,0.19523406,0
1.0,0.68856627,0.21665806,0
1.0,0.6918515,0.21358216,0
1.0,0.6690512,0.19834298,0
1.0,0.6489366,0.18474774,0
1.0,0.6895957,0.2066792,0
1.0,0.68271834,0.1879355,0
1.0,0.6642716,0.16546619,0
1.0,0.6336084,0.14698072,0
1.0,0.6610943,0.18001522,0
1.0,0.6311361,0.16035642,0
1.0,0.6197705,0.15751126,0
1.0,0.6444376,0.19471785,0
1.0,0.6901705,0.24848223,0
1.0,0.67702746,0.24811047,0
1.0,0.7251978,0.31738716,0
1.0,0.7354249,0.36048624,0
1.0,0.7478264,0.38700557,0
1.0,0.7284659,0.38085234,0
1.0,0.7689221,0.45447463,0
1.0,0.782091,0.4749893,0
1.0,0.78881544,0.493699,0
1.0,0.77841353,0.49837112,0
1.0,0.81386733,0.5529681,0
1.0,0.82394177,0.5626874,0
1.0,0.8384601,0.5680318,0
1.0,0.83905834,0.5708234,0
1.0,0.86030924,0.6044274,0
1.0,0.8710909,0.60432386,0
1.0,0.8672681,0.6130389,0
1.0,0.86544234,0.6260369,0
1.0,0.8748211,0.6381608,0
1.0,0.88726246,0.67961866,0
1.0,0.8876755,0.69192785,0
1.0,0.88085747,0.68551105,0
1.0,0.8901442,0.72018737,0
1.0,0.87762743,0.7141543,0
1.0,0.87158,0.7102275,0
1.0,0.8634642,0.71202826,0
1.0,0.8735741,0.7417963,0
1.0,0.85793775,0.71489835,0
1.0,0.86264974,0.71852803,0
1.0,0.8518723,0.6953963,0
1.0,0.86045665,0.6886791,0
1.0,0.8363691,0.6217627,0
1.0,0.840988,0.6047081,0
1.0,0.823389,0.5696519,0
1.0,0.82513446,0.5669585,0
1.0,0.80019397,0.5019726,0
1.0,0.805067,0.52037966,0
1.0,0.8021767,0.5221195,0
1.0,0.7945915,0.48165697,0
1.0,0.7851426,0.48865655,0
1.0,0.7903182,0.50983596,0
1.0,0.79264194,0.4974136,0
1.0,0.79074574,0.5027447,0
1.0,0.77320856,0.4840002,0
1.0,0.75708354,0.4804563,0
1.0,0.78172,0.5425899,0
1.0,0.75092864,0.50675493,0
1.0,0.75749505,0.5193025,0
1.0,0.7469945,0.48979643,0
1.0,0.7849803,0.52947664,0
1.0,0.7500672,0.4826646,0
1.0,0.79372597,0.5156384,0
1.0,0.77485895,0.47632223,0
1.0,0.8151021,0.52886254,0
1.0,0.76905876,0.4510951,0
1.0,0.7940876,0.47151315,0
1.0,0.7590454,0.4339528,0
1.0,0.8051995,0.49842128,0
1.0,0.7685088,0.4428515,0
1.0,0.8218184,0.5223484,0
1.0,0.7954459,0.48904574,0
1.0,0.81704515,0.5190636,0
1.0,0.7982791,0.5099082,0
1.0,0.80989313,0.5423919,0
1.0,0.76887476,0.50491583,0
1.0,0.79144424,0.5392339,0
1.0,0.7782604,0.50917506,0
1.0,0.7991994,0.5375056,0
1.0,0.7590275,0.47189096,0
1.0,0.7745637,0.49716976,0
1.0,0.7724043,0.49958158,0
1.0,0.79383,0.50953794,0
1.0,0.74078804,0.42117506,0
1.0,0.7378778,0.4167527,0
1.0,0.73930746,0.41403502,0
1.0,0.7346795,0.40711525,0
1.0,0.68318564,0.3471629,0
1.0,0.6832428,0.3253287,0
1.0,0.69303143,0.33072433,0
1.0,0.6987225,0.3499561,0
1.0,0.66739964,0.31810647,0
1.0,0.6651356,0.33096653,0
1.0,0.66864926,0.35414785,0
1.0,0.6456696,0.32916275,0
1.0,0.61462533,0.30584753,0
1.0,0.61895627,0.32872525,0
1.0,0.62380546,0.34219533,0
1.0,0.6301274,0.3513342,0
1.0,0.65028554,0.36600643,0
1.0,0.6776644,0.38652813,0
1.0,0.6710099,0.3788593,0
1.0,0.67229766,0.36609486,0
1.0,0.69625163,0.37995645,0
1.0,0.7159078,0.4069208,0
1.0,0.7101967,0.39320123,0
1.0,0.7143344,0.3784215,0
1.0,0.71115124,0.36279345,0
1.0,0.7173602,0.370128,0
1.0,0.71923697,0.37107053,0
1.0,0.7333832,0.39183635,0
1.0,0.72223574,0.37478936,0
1.0,0.7190904,0.3608243,0
1.0,0.72172076,0.36947307,0
1.0,0.74060374,0.391887,0
1.0,0.72622555,0.36843175,0
1.0,0.72359633,0.36243337,0
1.0,0.7138554,0.35551125,0
1.0,0.73911554,0.37939847,0
1.0,0.7085329,0.33071223,0
1.0,0.7013333,0.31869605,0
1.0,0.6846833,0.29227287,0
1.0,0.73063713,0.32279176,0
1.0,0.71198434,0.29470724,0
1.0,0.7419628,0.30233765,0
1.0,0.7178854,0.25490913,0
1.0,0.76251835,0.28694507,0
1.0,0.7395196,0.2514104,0
1.0,0.7586152,0.25375134,0
1.0,0.74460816,0.22601178,0
1.0,0.7984486,0.27016962,0
1.0,0.81423664,0.29288557,0
1.0,0.836297,0.31759438,0
1.0,0.82581085,0.30383685,0
1.0,0.8451864,0.32765287,0
1.0,0.8595197,0.35064554,0
1.0,0.87092775,0.36104983,0
1.0,0.8412691,0.3274937,0
1.0,0.8490255,0.33841574,0
1.0,0.8532539,0.34079903,0
1.0,0.8539643,0.34862906,0
1.0,0.82159996,0.31359783,0
1.0,0.82123166,0.3071448,0
1.0,0.83181334,0.3154817,0
1.0,0.8335538,0.30169505,0
1.0,0.808951,0.26236314,0
1.0,0.7980726,0.24966732,0
1.0,0.8016436,0.26258254,0
1.0,0.7767031,0.24532361,0
1.0,0.74298686,0.21295956,0
1.0,0.7467021,0.22744498,0
1.0,0.7815065,0.27798867,0
1.0,0.7875355,0.29190165,0
1.0,0.7512826,0.25752255,0
1.0,0.78270644,0.2889348,0
1.0,0.7884531,0.30156833,0
1.0,0.7866489,0.30474693,0
1.0,0.75180966,0.2711317,0
1.0,0.7977014,0.3223347,0
1.0,0.8006943,0.33028457,0
1.0,0.8073155,0.32598025,0
1.0,0.76161194,0.27249813,0
1.0,0.83949846,0.3480173,0
1.0,0.8568922,0.35306448,0
1.0,0.88018745,0.36455312,0
1.0,0.8445055,0.31610274,0
1.0,0.89306647,0.35597622,0
1.0,0.89868087,0.3546418,0
1.0,0.9020294,0.34768647,0
1.0,0.83897245,0.26836038,0
1.0,0.8702055,0.29674605,0
1.0,0.87005955,0.2921502,0
1.0,0.88808674,0.296,0
1.0,0.8534425,0.2638806,0
1.0,0.8747732,0.27116826,0
1.0,0.8719113,0.26323432,0
1.0,0.8825137,0.27646208,0
1.0,0.8363748,0.236649,0
1.0,0.8113863,0.21950103,0
1.0,0.8058072,0.2081957,0
1.0,0.8123046,0.20256746,0
1.0,0.75834334,0.15350538,0
1.0,0.7392714,0.12541941,0
1.0,0.7671625,0.11945784,0
1.0,0.8238501,0.1371179,0
1.0,0.83802295,0.14681348,0
1.0,0.80173004,0.12320194,0
1.0,0.80919755,0.120383404,0
1.0,0.8222344,0.12956849,0
1.0,0.8273783,0.13140208,0
1.0,0.81900764,0.12861748,0
1.0,0.85194945,0.1512241,0
1.0,0.86212695,0.15598944,0
1.0,0.8900685,0.18473074,0
1.0,0.88016826,0.20349878,0
1.0,0.881793,0.22338834,0
1.0,0.8649985,0.22545858,0
1.0,0.885873,0.26281396,0
1.0,0.88113666,0.28061485,0
1.0,0.89181346,0.29067194,0
1.0,0.8798002,0.2772802,0
1.0,0.9112552,0.31983486,0
1.0,0.9141806,0.31987372,0
1.0,0.9174401,0.32016754,0
1.0,0.9045441,0.30950004,0
1.0,0.92638195,0.32460636,0
1.0,0.9248337,0.33454937,0
1.0,0.9199345,0.34618917,0
1.0,0.8950551,0.3245719,0
1.0,0.91736084,0.36495137,0
1.0,0.91563934,0.37082046,0
1.0,0.91024315,0.36203372,0
1.0,0.8797823,0.36391887,0
1.0,0.89967763,0.41841292,0
1.0,0.87874484,0.4153577,0
1.0,0.85344744,0.4140494,0
1.0,0.82628214,0.39571166,0
1.0,0.8416199,0.4372325,0
1.0,0.8389625,0.44914174,0
1.0,0.84114414,0.46543202,0
1.0,0.8402746,0.48331666,0
1.0,0.8346907,0.47422224,0
1.0,0.8175492,0.46040386,0
1.0,0.80856955,0.45241463,0
1.0,0.8113084,0.45625862,0
1.0,0.7886181,0.4432062,0
1.0,0.7745437,0.42152214,0
1.0,0.7649487,0.41813028,0
1.0,0.80526215,0.5103431,0
1.0,0.79962313,0.49948996,0
1.0,0.78003514,0.46777192,0
1.0,0.7998615,0.51743585,0
1.0,0.8279383,0.5721859,0
1.0,0.7993324,0.55460435,0
1.0,0.77483064,0.5455898,0
1.0,0.7768718,0.55732036,0
1.0,0.8111181,0.61537945,0
1.0,0.80079985,0.6057488,0
1.0,0.79947805,0.59827495,0
1.0,0.812496,0.6036444,0
1.0,0.853291,0.6614429,0
1.0,0.8474569,0.63547826,0
1.0,0.84572786,0.6157981,0
1.0,0.8632033,0.6389787,0
1.0,0.8914798,0.64942765,0
1.0,0.88821745,0.61350787,0
1.0,0.8860056,0.59619105,0
1.0,0.8880998,0.5888229,0
1.0,0.90441114,0.6157546,0
1.0,0.9120049,0.61474353,0
1.0,0.910718,0.60938275,0
1.0,0.9150633,0.6087858,0
1.0,0.9195478,0.601803,0
1.0,0.9165957,0.6122762,0
1.0,0.9135252,0.6168926,0
1.0,0.8924099,0.5971905,0
1.0,0.89322937,0.60957795,0
1.0,0.9016364,0.6218529,0
1.0,0.90002847,0.6212063,0
1.0,0.88729674,0.58083534,0
1.0,0.8961292,0.53871465,0
1.0,0.91610026,0.55103564,0
1.0,0.9147575,0.5348621,0
1.0,0.9080904,0.4953194,0
1.0,0.9141002,0.48190004,0
1.0,0.9312291,0.4693305,0
1.0,0.9283205,0.43177927,0
1.0,0.9145861,0.39913845,0
1.0,0.9061574,0.38367647,0
1.0,0.9226946,0.4013486,0
1.0,0.9247278,0.41878635,0
1.0,0.9273534,0.42874217,0
1.0,0.9196466,0.4140017,0
1.0,0.92699105,0.44140914,0
1.0,0.9181381,0.45350027,0
1.0,0.9141875,0.4782549,0
1.0,0.88672495,0.4631817,0
1.0,0.9038603,0.49734193,0
1.0,0.9095842,0.52923006,0
1.0,0.9226734,0.5395565,0
1.0,0.90435696,0.5113436,0
1.0,0.91774726,0.54358244,0
1.0,0.92338103,0.55489814,0
1.0,0.9146455,0.5420287,0
1.0,0.8895504,0.51115596,0
1.0,0.88401264,0.5214194,0
1.0,0.8937119,0.52856517,0
1.0,0.8838584,0.5287285,0
1.0,0.8501826,0.50547504,0
1.0,0.8412523,0.48142943,0
1.0,0.8647464,0.5301229,0
1.0,0.858706,0.5507686,0
1.0,0.829292,0.537627,0
1.0,0.83075315,0.5679754,0
1.0,0.83456945,0.60940653,0
1.0,0.80150837,0.6379252,0
1.0,0.7692025,0.59779745,0
1.0,0.75733274,0.6013186,0
1.0,0.7858085,0.69663566,0
1.0,0.78884834,0.7106897,0
1.0,0.7893431,0.74153197,0
1.0,0.76508504,0.70209914,0
1.0,0.7795571,0.7128164,0
1.0,0.77198184,0.70336294,0
1.0,0.7640007,0.69467163,0
1.0,0.7446848,0.67774284,0
1.0,0.7519421,0.68828046,0
1.0,0.7626375,0.6916398,0
1.0,0.74398035,0.65377027,0
1.0,0.7338764,0.6344229,0
1.0,0.7441688,0.64671034,0
1.0,0.7465833,0.6651656,0
1.0,0.7138285,0.62786514,0
1.0,0.7117963,0.62097627,0
1.0,0.72423434,0.64620936,0
1.0,0.73380995,0.6749499,0
1.0,0.7192006,0.6464216,0
1.0,0.7427515,0.6594775,0
1.0,0.7656268,0.690853,0
1.0,0.7593033,0.66906923,0
1.0,0.7381691,0.63305813,0
1.0,0.7552358,0.68412185,0
1.0,0.79002345,0.73021936,0
1.0,0.7770433,0.6848726,0
1.0,0.761694,0.6494981,0
1.0,0.79543304,0.70015854,0
1.0,0.81316006,0.70907354,0
1.0,0.80063486,0.6524043,0
1.0,0.7818698,0.67104834,0
1.0,0.8226787,0.76345754,0
1.0,0.8488711,0.81642723,0
1.0,0.8448523,0.8563612,0
1.0,0.83467126,0.84692967,0
1.0,0.86483455,0.9387907,0
1.0,0.8722034,0.9724214,0
1.0,0.862335,0.9677242,0
1.0,0.85368663,1.000401,0
1.0,0.8764625,1.0669825,0
1.0,0.87796897,1.0760756,0
1.0,0.87086374,1.0667251,0
1.0,0.8623556,1.0591149,0
1.0,0.8785183,1.0911906,0
1.0,0.87833446,1.0810881,0
1.0,0.8860497,1.072217,0
1.0,0.890855,1.0512297,0
1.0,0.90578747,1.0806955,0
1.0,0.8985572,1.0545207,0
1.0,0.9006265,1.0483829,0
1.0,0.90217674,1.0838394,0
1.0,0.9027634,1.0927941,0
1.0,0.9024656,1.0934246,0
1.0,0.9043887,1.0766221,0
1.0,0.9135498,1.0685612,0
1.0,0.9110343,1.0435939,0
1.0,0.9006074,1.0024693,0
1.0,0.89596975,1.0141438,0
1.0,0.9053105,1.0449528,0
1.0,0.9080209,1.0343804,0
1.0,0.90489566,1.0319191,0
1.0,0.9045471,0.9899023,0
1.0,0.9241026,0.9614292,0
1.0,0.9243688,0.9123317,0
1.0,0.92429984,0.84611714,0
1.0,0.924281,0.780625,0
1.0,0.9358964,0.74311656,0
1.0,0.93554735,0.6985624,0
1.0,0.935803,0.6783036,0
1.0,0.9255446,0.6410407,0
1.0,0.9287368,0.5948865,0
1.0,0.9216795,0.5331749,0
1.0,0.92673105,0.5218415,0
1.0,0.9169499,0.5100772,0
1.0,0.92380726,0.52150536,0
1.0,0.91411215,0.5219327,0
1.0,0.9159742,0.52758217,0
1.0,0.9015464,0.50927794,0
1.0,0.9134406,0.53767884,0
1.0,0.8935327,0.5201127,0
1.0,0.8965834,0.5275973,0
1.0,0.8828022,0.49581176,0
1.0,0.9049557,0.49025708,0
1.0,0.8677538,0.44351017,0
1.0,0.8797834,0.45486,0
1.0,0.8613446,0.42999065,0
1.0,0.8735095,0.4412809,0
1.0,0.8309234,0.3736691,0
1.0,0.82578695,0.3667672,0
1.0,0.8028456,0.3262138,0
1.0,0.8142298,0.32355198,0
1.0,0.765094,0.28425092,0
1.0,0.80438906,0.3184549,0
1.0,0.8040151,0.32074448,0
1.0,0.81814086,0.35858417,0
1.0,0.80739844,0.35714892,0
1.0,0.80919355,0.35373816,0
1.0,0.81163985,0.35721993,0
1.0,0.82970846,0.3776559,0
1.0,0.84386045,0.39203703,0
1.0,0.85026956,0.39650375,0
1.0,0.860847,0.40099746,0
1.0,0.85122293,0.38687155,0
1.0,0.8634325,0.39403597,0
1.0,0.8458277,0.36496234,0
1.0,0.85495055,0.35411304,0
1.0,0.85983765,0.33557585,0
1.0,0.8785097,0.33317572,0
1.0,0.8504828,0.28936213,0
1.0,0.85111946,0.28410405,0
1.0,0.85028213,0.27389246,0
1.0,0.83691144,0.23147358,0
1.0,0.808472,0.19829044,0
1.0,0.79869294,0.18925752,0
1.0,0.8183037,0.20065552,0
1.0,0.81497425,0.18590124,0
1.0,0.78617543,0.1577487,0
1.0,0.78382516,0.15807413,0
1.0,0.8046529,0.16873342,0
1.0,0.80661684,0.16712129,0
1.0,0.76529443,0.13803488,0
1.0,0.7435954,0.12056243,0
1.0,0.7207923,0.10273667,0
1.0,0.72023505,0.0834164,0
1.0,0.67273337,0.06481071,0
1.0,0.6584692,0.0600148,0
1.0,0.64260346,0.04442041,0
1.0,0.6689747,0.03356034,0
1.0,0.66586304,0.033503555,0
1.0,0.6568275,0.034170717,0
1.0,0.60963213,0.035904378,0
1.0,0.6460948,0.035210244,0
1.0,0.6499844,0.036931384,0
1.0,0.6821221,0.04367012,0
1.0,0.67811215,0.048208006,0
1.0,0.73336285,0.054709814,0
1.0,0.7552989,0.06709751,0
1.0,0.78515154,0.08589572,0
1.0,0.7461776,0.07149924,0
1.0,0.72736126,0.07334671,0
1.0,0.7202758,0.07787776,0
1.0,0.7274285,0.08393799,0
1.0,0.70577276,0.07244243,0
1.0,0.68762165,0.0658185,0
1.0,0.713807,0.08462213,0
1.0,0.7400351,0.096642785,0
1.0,0.71129817,0.079825275,0
1.0,0.6881673,0.07396205,0
1.0,0.71202934,0.08303781,0
1.0,0.7407711,0.09506023,0
1.0,0.71408635,0.094497286,0
1.0,0.68171114,0.08648737,0
1.0,0.74750173,0.13161355,0
1.0,0.82924867,0.19666958,0
1.0,0.7990553,0.17962192,0
1.0,0.79902416,0.1923785,0
1.0,0.8143638,0.21345025,0
1.0,0.8460712,0.257364,0
1.0,0.75734216,0.19056202,0
1.0,0.73073626,0.18078187,0
1.0,0.7397086,0.19740474,0
1.0,0.7936211,0.24060836,0
1.0,0.75846255,0.2105247,0
1.0,0.7806683,0.2277365,0
1.0,0.8211159,0.25732464,0
1.0,0.86828864,0.2925799,0
1.0,0.8470193,0.25863755,0
1.0,0.8466945,0.25698543,0
1.0,0.87737364,0.27272633,0
1.0,0.88729835,0.2678688,0
1.0,0.8571669,0.24828188,0
1.0,0.8407664,0.2266878,0
1.0,0.8811282,0.24717765,0
1.0,0.884469,0.24927133,0
1.0,0.8561809,0.2280786,0
1.0,0.8480938,0.22001752,0
1.0,0.8581698,0.22505465,0
1.0,0.816666,0.21508291,0
1.0,0.7954691,0.20549902,0
1.0,0.8007168,0.20434575,0
1.0,0.8198603,0.22950613,0
1.0,0.8153909,0.22930893,0
1.0,0.79579735,0.19992498,0
1.0,0.8272327,0.21395406,0
1.0,0.86079913,0.22252944,0
1.0,0.8684243,0.21916303,0
1.0,0.82140124,0.1816412,0
1.0,0.8423498,0.19144177,0
1.0,0.83976054,0.18506712,0
1.0,0.8621115,0.1937898,0
1.0,0.82927597,0.17141268,0
1.0,0.86340356,0.18743825,0
1.0,0.8584699,0.1774165,0
1.0,0.88358307,0.20680076,0
1.0,0.85954976,0.1955944,0
1.0,0.8624121,0.2136232,0
1.0,0.84829324,0.24469271,0
1.0,0.8914015,0.3096065,0
1.0,0.8906177,0.32568964,0
1.0,0.89334387,0.33994105,0
1.0,0.8972425,0.34979936,0
1.0,0.92970383,0.3993827,0
1.0,0.91666234,0.3820877,0
1.0,0.9156318,0.37986156,0
1.0,0.91616446,0.3858927,0
1.0,0.9348174,0.4064678,0
1.0,0.92690593,0.4121421,0
1.0,0.921768,0.41542673,0
1.0,0.8973567,0.3782961,0
1.0,0.9092073,0.37907654,0
1.0,0.9035433,0.373972,0
1.0,0.8982947,0.3685834,0
1.0,0.8758941,0.33387986,0
1.0,0.8779459,0.34122312,0
1.0,0.8450501,0.33407784,0
1.0,0.83352774,0.3553834,0
1.0,0.8297564,0.38158453,0
1.0,0.8544283,0.42441875,0
1.0,0.84541565,0.41671282,0
1.0,0.8882661,0.46611,0
1.0,0.9007823,0.4839058,0
1.0,0.8908676,0.48292494,0
1.0,0.87648165,0.46907923,0
1.0,0.8890202,0.48309004,0
1.0,0.89621365,0.48507708,0
1.0,0.87068266,0.44776556,0
1.0,0.8557904,0.419891,0
1.0,0.86477804,0.41007933,0
1.0,0.9078635,0.41529936,0
1.0,0.90075713,0.37707853,0
1.0,0.8936052,0.35238975,0
1.0,0.9029858,0.35998285,0
1.0,0.9347339,0.3896008,0
1.0,0.91445255,0.35570034,0
1.0,0.8966539,0.3373409,0
1.0,0.8990217,0.3355722,0
1.0,0.9324935,0.36342514,0
1.0,0.90982366,0.33449912,0
1.0,0.89931285,0.30924734,0
1.0,0.90372103,0.30290857,0
1.0,0.9198108,0.3233727,0
1.0,0.8730884,0.27037373,0
1.0,0.8522301,0.24589452,0
1.0,0.8238999,0.2241162,0
1.0,0.8365227,0.23051776,0
1.0,0.7837302,0.19108713,0
1.0,0.7413766,0.15138954,0
1.0,0.7461192,0.12623662,0
1.0,0.77042925,0.10795674,0
1.0,0.73675936,0.09175254,0
1.0,0.70593137,0.08191863,0
1.0,0.6846823,0.07942042,0
1.0,0.6670215,0.078458756,0
1.0,0.57489085,0.08430412,0
1.0,0.5627581,0.081835076,0
1.0,0.5237066,0.09720594,0
1.0,0.5354979,0.09289019,0
1.0,0.5107528,0.10443521,0
1.0,0.52598065,0.09692088,0
1.0,0.50623065,0.10060105,0
1.0,0.51133454,0.09822666,0
1.0,0.49379957,0.10436259,0
1.0,0.5024981,0.104551405,0
1.0,0.4751065,0.12412582,0
1.0,0.48722124,0.12326697,0
1.0,0.46554124,0.1350222,0
1.0,0.4876712,0.12137259,0
1.0,0.48527306,0.13544936,0
1.0,0.50559783,0.121619634,0
1.0,0.47230333,0.1390224,0
1.0,0.49138194,0.11756535,0
1.0,0.4745492,0.12424622,0
1.0,0.48548895,0.11821318,0
1.0,0.46274132,0.12746644,0
1.0,0.5211001,0.09344218,0
1.0,0.53155416,0.08865651,0
1.0,0.53245467,0.079477,0
1.0,0.52821887,0.07669056,0
1.0,0.57686675,0.06389175,0
1.0,0.5508706,0.06591663,0
1.0,0.5263925,0.06398495,0
1.0,0.5219764,0.06840363,0
1.0,0.5825653,0.059616003,0
1.0,0.5699243,0.06154205,0
1.0,0.5596604,0.06686459,0
1.0,0.5473853,0.065998316,0
1.0,0.61340386,0.063707866,0
1.0,0.57887083,0.06417611,0
1.0,0.5710607,0.06412046,0
1.0,0.55685496,0.06496425,0
1.0,0.6126863,0.06380322,0
1.0,0.58158463,0.061122153,0
1.0,0.5704253,0.06221424,0
1.0,0.598411,0.063829064,0
1.0,0.6912002,0.08491367,0
1.0,0.7016985,0.09498968,0
1.0,0.69696057,0.09344861,0
1.0,0.72699326,0.1069148,0
1.0,0.76965934,0.12852949,0
1.0,0.72452307,0.10872663,0
1.0,0.6520671,0.07912625,0
1.0,0.6788049,0.089865685,0
1.0,0.7295596,0.117704034,0
1.0,0.70887935,0.11264105,0
1.0,0.65941447,0.08521876,0
1.0,0.69499105,0.10446484,0
1.0,0.7301699,0.122494295,0
1.0,0.7109638,0.104019254,0
1.0,0.65248466,0.07588315,0
1.0,0.69182146,0.09722697,0
1.0,0.7193842,0.11642578,0
1.0,0.6981654,0.1053613,0
1.0,0.6192882,0.07189917,0
1.0,0.6765618,0.09449903,0
1.0,0.7091887,0.11779863,0
1.0,0.711102,0.13529828,0
1.0,0.65999323,0.10291115,0
1.0,0.6954078,0.12273514,0
1.0,0.69710886,0.1278511,0
1.0,0.64513916,0.10094813,0
1.0,0.5993,0.07750832,0
1.0,0.6385667,0.0986468,0
1.0,0.6857139,0.12824477,0
1.0,0.6685233,0.11684865,0
1.0,0.65786195,0.10718916,0
1.0,0.70678437,0.13401243,0
1.0,0.7458264,0.15531662,0
1.0,0.73715156,0.14632615,0
1.0,0.71508235,0.12951767,0
1.0,0.74412346,0.15488304,0
1.0,0.8073452,0.21949577,0
1.0,0.82099867,0.23266566,0
1.0,0.819514,0.23485868,0
1.0,0.8247536,0.26122105,0
1.0,0.8752137,0.35535827,0
1.0,0.87506616,0.38017106,0
1.0,0.87652224,0.3987589,0
1.0,0.8768617,0.4381421,0
1.0,0.9113121,0.5220728,0
1.0,0.9062182,0.52848816,0
1.0,0.9029471,0.54783416,0
1.0,0.90387803,0.5669613,0
1.0,0.92567647,0.60703146,0
1.0,0.9248086,0.6359889,0
1.0,0.9177113,0.6332374,0
1.0,0.91163784,0.63426054,0
1.0,0.9148336,0.6411599,0
1.0,0.91398764,0.62000155,0
1.0,0.90529466,0.6113013,0
1.0,0.9056519,0.6271389,0
1.0,0.9075172,0.63799655,0
1.0,0.906992,0.6411175,0
1.0,0.8889356,0.6239946,0
1.0,0.8850881,0.6310394,0
1.0,0.86657375,0.6240885,0
1.0,0.8533117,0.63038456,0
1.0,0.8153447,0.5894954,0
1.0,0.8195491,0.6082284,0
1.0,0.79289705,0.5773733,0
1.0,0.7822115,0.570923,0
1.0,0.73503274,0.5193963,0
1.0,0.738857,0.5239636,0
1.0,0.7080373,0.47325027,0
1.0,0.69641984,0.45566854,0
1.0,0.65742946,0.40923604,0
1.0,0.6483256,0.3930969,0
1.0,0.6182761,0.32628885,0
1.0,0.6237517,0.30813485,0
1.0,0.5989754,0.2788596,0
1.0,0.60366577,0.2590417,0
1.0,0.5896382,0.2209951,0
1.0,0.58670294,0.22933987,0
1.0,0.5742015,0.21536225,0
1.0,0.6166,0.2662597,0
1.0,0.6505409,0.30953106,0
1.0,0.64562476,0.28521258,0
1.0,0.6808924,0.34143913,0
1.0,0.7157789,0.38063762,0
1.0,0.74001235,0.4059837,0
1.0,0.7160789,0.40863037,0
1.0,0.7407881,0.44036812,0
1.0,0.76953167,0.47827786,0
1.0,0.7951728,0.52111006,0
1.0,0.7615153,0.47016895,0
1.0,0.7905343,0.5146041,0
1.0,0.8100849,0.53769577,0
1.0,0.84000313,0.5583221,0
1.0,0.8170662,0.517102,0
1.0,0.8405458,0.5708868,0
1.0,0.84540284,0.58436,0
1.0,0.8740648,0.6345519,0
1.0,0.85921025,0.62604445,0
1.0,0.8716578,0.6592303,0
1.0,0.88038135,0.70637,0
1.0,0.9017779,0.77560925,0
1.0,0.88992625,0.79614824,0
1.0,0.8949718,0.8327628,0
1.0,0.8668983,0.7988943,0
1.0,0.8723819,0.84484637,0
1.0,0.8657582,0.85972023,0
1.0,0.8619072,0.87515026,0
1.0,0.8412093,0.86864185,0
1.0,0.8490682,0.88666546,0
1.0,0.84660554,0.8733443,0
1.0,0.8409678,0.85882956,0
1.0,0.8299608,0.809031,0
1.0,0.836132,0.81664634,0
1.0,0.8536178,0.8610903,0
1.0,0.841164,0.810246,0
1.0,0.83796316,0.81363416,0
1.0,0.82790947,0.8003714,0
1.0,0.8402842,0.7891948,0
1.0,0.81457615,0.74839115,0
1.0,0.81852865,0.7470206,0
1.0,0.79745376,0.7080728,0
1.0,0.7943725,0.7174213,0
1.0,0.753505,0.65223414,0
1.0,0.74708885,0.66001105,0
1.0,0.7243719,0.64053047,0
1.0,0.721484,0.6359133,0
1.0,0.69383097,0.5783207,0
1.0,0.7235096,0.6155546,0
1.0,0.7124492,0.5957295,0
1.0,0.7026844,0.56633437,0
1.0,0.66836935,0.49820465,0
1.0,0.6937876,0.5061612,0
1.0,0.68772113,0.46997315,0
1.0,0.6763849,0.42230147,0
1.0,0.6425817,0.36034924,0
1.0,0.64940614,0.3523597,0
1.0,0.6204138,0.29824415,0
1.0,0.59402955,0.26512465,0
1.0,0.5736308,0.22940797,0
1.0,0.5836165,0.21994022,0
1.0,0.57203525,0.20614257,0
1.0,0.5628195,0.18938541,0
1.0,0.5542601,0.18355727,0
1.0,0.55316675,0.18441267,0
1.0,0.5468832,0.16771594,0
1.0,0.55093277,0.16057038,0
1.0,0.5585879,0.16387254,0
1.0,0.5548778,0.1530489,0
1.0,0.5495984,0.14709717,0
1.0,0.5489142,0.14573237,0
1.0,0.5361122,0.13043611,0
1.0,0.5245311,0.12069614,0
1.0,0.5272394,0.11619043,0
1.0,0.52802956,0.11360116,0
1.0,0.5251552,0.11922618,0
1.0,0.5258707,0.11331663,0
1.0,0.59986186,0.17018583,0
1.0,0.6726321,0.24853581,0
1.0,0.6968053,0.2789187,0
1.0,0.70660484,0.30491865,0
1.0,0.7782808,0.3947367,0
1.0,0.8003242,0.43791923,0
1.0,0.7786874,0.44299525,0
1.0,0.7471439,0.43635616,0
1.0,0.80798596,0.5681387,0
1.0,0.8302348,0.632034,0
1.0,0.81986564,0.61624444,0
1.0,0.8060176,0.60332155,0
1.0,0.86114806,0.70378816,0
1.0,0.87363386,0.7364491,0
1.0,0.87090325,0.74233305,0
1.0,0.8525761,0.71787715,0
1.0,0.891097,0.7980243,0
1.0,0.89328814,0.8138664,0
1.0,0.88786775,0.8005463,0
1.0,0.8646815,0.7711834,0
1.0,0.894543,0.8437538,0
1.0,0.89650804,0.87918353,0
1.0,0.89203596,0.89163095,0
1.0,0.86264956,0.84618896,0
1.0,0.8673575,0.8712735,0
1.0,0.8418353,0.8365558,0
1.0,0.82412493,0.8193253,0
1.0,0.77901125,0.7627051,0
1.0,0.7873243,0.7826526,0
1.0,0.7758521,0.7542799,0
1.0,0.80389076,0.78030276,0
1.0,0.8046528,0.7613809,0
1.0,0.83705646,0.79293764,0
1.0,0.83396566,0.75809073,0
1.0,0.85791796,0.7719903,0
1.0,0.83893263,0.7143433,0
1.0,0.8528154,0.73221856,0
1.0,0.82267636,0.66380227,0
1.0,0.83834153,0.6476147,0
1.0,0.80396825,0.56749594,0
1.0,0.8255886,0.55697143,0
1.0,0.797781,0.4900543,0
1.0,0.83337116,0.5357213,0
1.0,0.79302335,0.4865757,0
1.0,0.8292753,0.5382769,0
1.0,0.8052339,0.49999696,0
1.0,0.8568773,0.5756296,0
1.0,0.8092512,0.5072993,0
1.0,0.86388636,0.56544214,0
1.0,0.83645964,0.5144823,0
1.0,0.87243026,0.5584009,0
1.0,0.83586407,0.5072172,0
1.0,0.8880993,0.5651384,0
1.0,0.8598829,0.4892801,0
1.0,0.8807966,0.5007583,0
1.0,0.81444585,0.41609818,0
1.0,0.8535385,0.44562775,0
1.0,0.8009259,0.37268573,0
1.0,0.8162737,0.39062542,0
1.0,0.7538967,0.31228927,0
1.0,0.8231235,0.3896455,0
1.0,0.79787076,0.38640612,0
1.0,0.79608375,0.40105063,0
1.0,0.7641639,0.3721603,0
1.0,0.8261306,0.47097734,0
1.0,0.80487853,0.46426356,0
1.0,0.78632796,0.46096477,0
1.0,0.77807385,0.4614439,0
1.0,0.8282743,0.5166939,0
1.0,0.8117631,0.4987235,0
1.0,0.77258295,0.44784713,0
1.0,0.7920165,0.46232837,0
1.0,0.8428988,0.51709557,0
1.0,0.8469744,0.5098892,0
1.0,0.82191503,0.46537152,0
1.0,0.82980615,0.45857632,0
1.0,0.8663014,0.4770707,0
1.0,0.87584436,0.45875716,0
1.0,0.85146886,0.40727755,0
1.0,0.84791243,0.39493614,0
1.0,0.8730008,0.4193883,0
1.0,0.90125483,0.46162856,0
1.0,0.8953,0.47001362,0
1.0,0.90137583,0.48667926,0
1.0,0.920435,0.52128166,0
1.0,0.9296321,0.541195,0
1.0,0.9363092,0.5575644,0
1.0,0.93291783,0.5556413,0
1.0,0.92983276,0.5535227,0
1.0,0.9238204,0.5655774,0
1.0,0.93192375,0.6044147,0
1.0,0.93174773,0.6226963,0
1.0,0.93437725,0.6244203,0
1.0,0.93023264,0.5831032,0
1.0,0.94432926,0.59035337,0
1.0,0.9417314,0.57908034,0
1.0,0.93712854,0.5428623,0
1.0,0.9339313,0.53163415,0
1.0,0.9402694,0.53135407,0
1.0,0.9384306,0.52096516,0
1.0,0.93110573,0.51134974,0
1.0,0.9122168,0.48159194,0
1.0,0.92947185,0.5191604,0
1.0,0.93324697,0.5506256,0
1.0,0.92853487,0.55515,0
1.0,0.895503,0.517769,0
1.0,0.9069283,0.5466502,0
1.0,0.89444673,0.54518867,0
1.0,0.8638045,0.5307702,0
1.0,0.8082665,0.4712697,0
1.0,0.8122111,0.47404265,0
1.0,0.8155952,0.4799044,0
1.0,0.8127954,0.4757064,0
1.0,0.7959921,0.4450247,0
1.0,0.81555855,0.4605981,0
1.0,0.8306742,0.45741594,0
1.0,0.7966754,0.40069482,0
1.0,0.7902348,0.3908832,0
1.0,0.7562193,0.34049422,0
1.0,0.7534876,0.32849616,0
1.0,0.69227004,0.27154523,0
1.0,0.6585711,0.22726479,0
1.0,0.6657656,0.20866394,0
1.0,0.6890579,0.21616158,0
1.0,0.673798,0.2029728,0
1.0,0.69524324,0.22122757,0
1.0,0.73183835,0.25330263,0
1.0,0.7233138,0.2506867,0
1.0,0.6833549,0.21626022,0
1.0,0.6749411,0.20123601,0
1.0,0.7159652,0.23074919,0
1.0,0.7101331,0.22360247,0
1.0,0.6817152,0.19566236,0
1.0,0.6719682,0.18151438,0
1.0,0.7433861,0.23094627,0
1.0,0.74100333,0.21337202,0
1.0,0.73201174,0.19327067,0
1.0,0.68245864,0.15558821,0
1.0,0.74700254,0.20476954,0
1.0,0.70689726,0.16511966,0
1.0,0.7481636,0.19387645,0
1.0,0.720585,0.16714792,0
1.0,0.795444,0.2374753,0
1.0,0.79572564,0.25193003,0
1.0,0.82843757,0.28930205,0
1.0,0.80214334,0.2787256,0
1.0,0.8269064,0.3049206,0
1.0,0.80466104,0.28693756,0
1.0,0.80790246,0.29746243,0
1.0,0.78194374,0.2748433,0
1.0,0.7787299,0.29688266,0
1.0,0.77415603,0.29126143,0
1.0,0.78687376,0.2985415,0
1.0,0.7874246,0.31305784,0
1.0,0.77936226,0.29655218,0
1.0,0.7925088,0.30197734,0
1.0,0.80737096,0.31144494,0
1.0,0.8028763,0.31806162,0
1.0,0.77670985,0.32557166,0
1.0,0.7688509,0.31445894,0
1.0,0.7501841,0.31055352,0
1.0,0.76798254,0.34900832,0
1.0,0.7670056,0.35635093,0
1.0,0.8003644,0.43409285,0
1.0,0.75040555,0.40341333,0
1.0,0.77806556,0.45613098,0
1.0,0.76215553,0.45332608,0
1.0,0.7655642,0.4669673,0
1.0,0.72505623,0.44067216,0
1.0,0.7646809,0.5149026,0
1.0,0.7696226,0.536093,0
1.0,0.77820027,0.55625534,0
1.0,0.7458491,0.5011935,0
1.0,0.79809356,0.57323354,0
1.0,0.80981565,0.58471483,0
1.0,0.8298186,0.607366,0
1.0,0.81693816,0.58401036,0
1.0,0.8453933,0.6125889,0
1.0,0.8457772,0.6249843,0
1.0,0.8420718,0.619789,0
1.0,0.81657696,0.5969358,0
1.0,0.84261006,0.65791523,0
1.0,0.83956,0.6295153,0
1.0,0.85164374,0.6596793,0
1.0,0.8351886,0.6571931,0
1.0,0.84835243,0.6806799,0
1.0,0.824343,0.6761378,0
1.0,0.8251872,0.6957201,0
1.0,0.8172488,0.6995592,0
1.0,0.8223846,0.7092595,0
1.0,0.81998336,0.66500604,0
1.0,0.84407115,0.7063834,0
1.0,0.84404606,0.7045802,0
1.0,0.8417419,0.6849326,0
1.0,0.8368385,0.6726618,0
1.0,0.8576099,0.6649768,0
1.0,0.85027266,0.6270367,0
1.0,0.82878345,0.5802674,0
1.0,0.80761224,0.5417892,0
1.0,0.8168815,0.557201,0
1.0,0.8017042,0.515671,0
1.0,0.77759904,0.47214812,0
1.0,0.7598232,0.44873217,0
1.0,0.7845522,0.48363465,0
1.0,0.782951,0.49000278,0
1.0,0.7384851,0.43130136,0
1.0,0.7457947,0.4487747,0
1.0,0.73999906,0.45998833,0
1.0,0.74394715,0.47716364,0
1.0,0.6932117,0.4135108,0
1.0,0.7259094,0.45338842,0
1.0,0.70366937,0.4421568,0
1.0,0.7356523,0.4664528,0
1.0,0.69082856,0.39513138,0
1.0,0.7386974,0.46230128,0
1.0,0.70578605,0.40674865,0
1.0,0.70853376,0.39322338,0
1.0,0.6829925,0.35613677,0
1.0,0.7430392,0.40582126,0
1.0,0.72519445,0.36914808,0
1.0,0.72201383,0.3534611,0
1.0,0.69386107,0.33436978,0
1.0,0.755171,0.42029682,0
1.0,0.75948405,0.4225193,0
1.0,0.74830484,0.40594748,0
1.0,0.737138,0.3865906,0
1.0,0.7738344,0.435813,0
1.0,0.778249,0.45939875,0
1.0,0.7408867,0.4134889,0
1.0,0.7329414,0.42330617,0
1.0,0.7556327,0.4674551,0
1.0,0.77747047,0.4901436,0
1.0,0.75808835,0.47197154,0
1.0,0.76270294,0.46868587,0
1.0,0.7875722,0.4792934,0
1.0,0.8321529,0.51986015,0
1.0,0.8307769,0.5043751,0
1.0,0.836255,0.5071805,0
1.0,0.83787346,0.49646935,0
1.0,0.85971546,0.51091003,0
1.0,0.8537435,0.49353758,0
1.0,0.8526174,0.49997622,0
1.0,0.86263156,0.515967,0
1.0,0.87577784,0.51081765,0
1.0,0.8889775,0.54761666,0
1.0,0.89669394,0.56243443,0
1.0,0.90057236,0.56846845,0
1.0,0.8946861,0.5978497,0
1.0,0.8979531,0.6081727,0
1.0,0.9034088,0.60967374,0
1.0,0.91194516,0.61996627,0
1.0,0.90693694,0.6091509,0
1.0,0.90496975,0.6109749,0
1.0,0.9106991,0.5968054,0
1.0,0.91165906,0.5775968,0
1.0,0.90426356,0.55967736,0
1.0,0.89274406,0.529817,0
1.0,0.9006725,0.5363411,0
1.0,0.8975901,0.5154418,0
1.0,0.8788688,0.4603554,0
1.0,0.85845506,0.42166162,0
1.0,0.8605356,0.4003883,0
1.0,0.86886585,0.38389716,0
1.0,0.822339,0.3264818,0
1.0,0.80913347,0.31387323,0
1.0,0.8209146,0.33237052,0
1.0,0.85857767,0.38394457,0
1.0,0.80817604,0.33542347,0
1.0,0.81251633,0.33789986,0
1.0,0.82319427,0.35446602,0
1.0,0.8349459,0.37587267,0
1.0,0.7743564,0.30378383,0
1.0,0.78911316,0.3273878,0
1.0,0.8056965,0.33285272,0
1.0,0.8199666,0.32497442,0
1.0,0.7589094,0.25739235,0
1.0,0.79817396,0.2785981,0
1.0,0.81072646,0.28521085,0
1.0,0.83297837,0.2999003,0
1.0,0.7701924,0.23487283,0
1.0,0.856727,0.32174075,0
1.0,0.8847336,0.35471368,0
1.0,0.9001904,0.39911306,0
1.0,0.8652565,0.36517125,0
1.0,0.907148,0.41116294,0
1.0,0.91817486,0.43892512,0
1.0,0.9047527,0.45019013,0
1.0,0.87789893,0.44443494,0
1.0,0.91185826,0.49489102,0
1.0,0.9121702,0.49644455,0
1.0,0.87817836,0.46571034,0
1.0,0.84906316,0.44780123,0
1.0,0.8837646,0.51087946,0
1.0,0.88872105,0.53903097,0
1.0,0.8678523,0.5143316,0
1.0,0.85052514,0.4850333,0
1.0,0.8790016,0.52483785,0
1.0,0.88280284,0.52603096,0
1.0,0.8709155,0.49989593,0
1.0,0.8657618,0.49504986,0
1.0,0.8815165,0.52410537,0
1.0,0.8847037,0.5467453,0
1.0,0.8804184,0.58523345,0
1.0,0.87538034,0.59003913,0
1.0,0.8711569,0.5830482,0
1.0,0.870708,0.6263648,0
1.0,0.8537317,0.6476961,0
1.0,0.8499632,0.6638804,0
1.0,0.8384685,0.65503854,0
1.0,0.85091305,0.6820861,0
1.0,0.85612035,0.71979034,0
1.0,0.87359285,0.77031755,0
1.0,0.86712277,0.7864908,0
1.0,0.8822303,0.8461108,0
1.0,0.8902166,0.8462763,0
1.0,0.89950013,0.8562134,0
1.0,0.895735,0.8591151,0
1.0,0.908262,0.8722308,0
1.0,0.9188054,0.8673166,0
1.0,0.9264461,0.8715228,0
1.0,0.9212804,0.8772019,0
1.0,0.92823744,0.91701216,0
1.0,0.93196857,0.9366811,0
1.0,0.92655003,0.9271957,0
1.0,0.9173496,0.9239853,0
1.0,0.92504585,0.93228775,0
1.0,0.9214057,0.9325585,0
1.0,0.9098608,0.9360137,0
1.0,0.89703447,0.9100739,0
1.0,0.89429826,0.9134506,0
1.0,0.8843145,0.91117144,0
1.0,0.85787755,0.85775936,0
1.0,0.8540839,0.84057367,0
1.0,0.8663632,0.8403443,0
1.0,0.88657016,0.82964194,0
1.0,0.8684925,0.77114886,0
1.0,0.8695902,0.75423515,0
1.0,0.87140536,0.72278917,0
1.0,0.8879602,0.71249986,0
1.0,0.8615768,0.6545384,0
1.0,0.8512039,0.6398726,0
1.0,0.84964174,0.6421367,0
1.0,0.87701744,0.665143,0
1.0,0.85501075,0.59856033,0
1.0,0.8424824,0.55920386,0
1.0,0.843161,0.5670773,0
1.0,0.87195134,0.6445801,0
1.0,0.8708872,0.6635085,0
1.0,0.88218164,0.69073355,0
1.0,0.87817514,0.6957346,0
1.0,0.89492077,0.73458624,0
1.0,0.88546866,0.72560966,0
1.0,0.8940343,0.73520637,0
1.0,0.89334977,0.7148751,0
1.0,0.90217257,0.7236513,0
1.0,0.89348006,0.7038233,0
1.0,0.8880208,0.6685343,0
1.0,0.87919664,0.6450869,0
1.0,0.8805002,0.638836,0
1.0,0.8681795,0.6078775,0
1.0,0.8600789,0.59828967,0
1.0,0.8494796,0.56871045,0
1.0,0.8410455,0.546224,0
1.0,0.827456,0.5319241,0
1.0,0.814519,0.5163696,0
1.0,0.8075163,0.5114571,0
1.0,0.7806222,0.4844747,0
1.0,0.7462174,0.44100547,0
1.0,0.73475057,0.42875308,0
1.0,0.71965504,0.40957844,0
1.0,0.701173,0.38241315,0
1.0,0.6776368,0.35446137,0
1.0,0.68899685,0.35705918,0
1.0,0.70781595,0.36077538,0
1.0,0.6879893,0.32953838,0
1.0,0.6959748,0.32476032,0
1.0,0.69182396,0.30257696,0
1.0,0.7017044,0.26950014,0
1.0,0.6733595,0.20351428,0
1.0,0.672776,0.18792579,0
1.0,0.6979287,0.18629026,0
1.0,0.7149465,0.18143733,0
1.0,0.68725884,0.15481043,0
1.0,0.69552046,0.14474559,0
1.0,0.7408649,0.1730062,0
1.0,0.7775297,0.20215915,0
1.0,0.7754523,0.1981132,0
1.0,0.80630744,0.22685781,0
1.0,0.83461106,0.259803,0
1.0,0.86917645,0.29679182,0
1.0,0.85720736,0.29211,0
1.0,0.86313385,0.30391794,0
1.0,0.862606,0.29210275,0
1.0,0.8847359,0.32024622,0
1.0,0.8594069,0.2987636,0
1.0,0.8611301,0.29267234,0
1.0,0.845676,0.28106678,0
1.0,0.86493903,0.29174986,0
1.0,0.8574544,0.26909107,0
1.0,0.85303664,0.2783605,0
1.0,0.845497,0.27793512,0
1.0,0.867682,0.3130073,0
1.0,0.89100814,0.34803772,0
1.0,0.8663033,0.32246575,0
1.0,0.8659416,0.3515621,0
1.0,0.87257534,0.37338758,0
1.0,0.8887269,0.39709082,0
1.0,0.84391373,0.35830912,0
1.0,0.84373605,0.36194345,0
1.0,0.82555056,0.3576712,0
1.0,0.8510842,0.39778143,0
1.0,0.75059736,0.28770927,0
1.0,0.76015705,0.31389165,0
1.0,0.7256463,0.28096893,0
1.0,0.7802726,0.33562347,0
1.0,0.69524515,0.25122625,0
1.0,0.7576329,0.29821676,0
1.0,0.7524248,0.27926648,0
1.0,0.8257161,0.34439927,0
1.0,0.7575822,0.27851778,0
1.0,0.78926563,0.32439932,0
1.0,0.7887866,0.3230979,0
1.0,0.8549286,0.39576024,0
1.0,0.7884076,0.3203448,0
1.0,0.8204691,0.3538689,0
1.0,0.8325019,0.35873422,0
1.0,0.8650858,0.38956228,0
1.0,0.8459226,0.370346,0
1.0,0.8520346,0.377935,0
1.0,0.8655137,0.4003877,0
1.0,0.89318895,0.4386931,0
1.0,0.8718842,0.3969587,0
1.0,0.847055,0.35626185,0
1.0,0.8668861,0.35448545,0
1.0,0.9014529,0.3828181,0
1.0,0.9123821,0.39075837,0
1.0,0.9058545,0.35587186,0
1.0,0.90494925,0.3487911,0
1.0,0.9326172,0.37480098,0
1.0,0.935262,0.37220317,0
1.0,0.91403794,0.36095798,0
1.0,0.9172118,0.36464724,0
1.0,0.9448544,0.39874318,0
1.0,0.9433043,0.41522843,0
1.0,0.9258636,0.41381603,0
1.0,0.9236192,0.4368137,0
1.0,0.9432401,0.48231325,0
1.0,0.95090735,0.4946147,0
1.0,0.938709,0.49164695,0
1.0,0.9238483,0.50348544,0
1.0,0.9317693,0.51702076,0
1.0,0.9391192,0.501682,0
1.0,0.92801833,0.47199208,0
1.0,0.91731256,0.45657614,0
1.0,0.9290744,0.46453613,0
1.0,0.939558,0.46414962,0
1.0,0.93653286,0.45016104,0
1.0,0.9247912,0.4352334,0
1.0,0.9255602,0.4392577,0
1.0,0.928377,0.44847164,0
1.0,0.9210016,0.4443516,0
1.0,0.9114873,0.44247112,0
1.0,0.92926663,0.5178262,0
1.0,0.9401636,0.56169295,0
1.0,0.93458533,0.5577191,0
1.0,0.9324738,0.57434,0
1.0,0.9343349,0.60688066,0
1.0,0.93239534,0.6083287,0
1.0,0.9257903,0.59305984,0
1.0,0.9243684,0.5903648,0
1.0,0.92893314,0.5979582,0
1.0,0.92776275,0.59117115,0
1.0,0.9200226,0.5615672,0
1.0,0.9234179,0.54613113,0
1.0,0.9393457,0.5479995,0
1.0,0.9350408,0.51349473,0
1.0,0.93068093,0.46404707,0
1.0,0.94079995,0.43937325,0
1.0,0.94773036,0.41681087,0
1.0,0.9494371,0.40320212,0
1.0,0.93971854,0.381496,0
1.0,0.9342689,0.3459046,0
1.0,0.93518215,0.33489993,0
1.0,0.93536067,0.3315289,0
1.0,0.9228836,0.3099795,0
1.0,0.9301177,0.2951196,0
1.0,0.9110626,0.27281082,0
1.0,0.89805645,0.25933245,0
1.0,0.87635356,0.2479426,0
1.0,0.8569972,0.2374486,0
1.0,0.82962847,0.2223082,0
1.0,0.82856846,0.21180394,0
1.0,0.8004968,0.19432878,0
1.0,0.7636302,0.17892882,0
1.0,0.72872394,0.13168126,0
1.0,0.74752694,0.109779626,0
1.0,0.69847226,0.11693984,0
1.0,0.68064016,0.11323362,0
1.0,0.599038,0.13900504,0
1.0,0.6147911,0.13215898,0
1.0,0.5321097,0.18058217,0
1.0,0.4975704,0.20366499,0
1.0,0.4827685,0.21543032,0
1.0,0.49249065,0.20822552,0
1.0,0.5055682,0.19343647,0
1.0,0.50514424,0.1804018,0
1.0,0.5311718,0.15785135,0
1.0,0.51439583,0.16284724,0
1.0,0.5501322,0.14186625,0
1.0,0.51232296,0.15060097,0
1.0,0.56193984,0.11768169,0
1.0,0.54071426,0.12783003,0
1.0,0.5833578,0.0919977,0
1.0,0.55587983,0.09943132,0
1.0,0.5828328,0.10674331,0
1.0,0.5667153,0.14152043,0
1.0,0.6674027,0.110493705,0
1.0,0.6478969,0.12687981,0
1.0,0.6772739,0.11886065,0
1.0,0.63806164,0.13674141,0
1.0,0.7128384,0.10939841,0
1.0,0.6561543,0.13788944,0
1.0,0.65373445,0.15197295,0
1.0,0.62552744,0.16992342,0
1.0,0.70506924,0.13306254,0
1.0,0.6454995,0.16347748,0
1.0,0.620168,0.18426925,0
1.0,0.6104337,0.19165076,0
1.0,0.6674549,0.15874112,0
1.0,0.6287096,0.18060145,0
1.0,0.58306694,0.21968201,0
1.0,0.5891404,0.23611253,0
1.0,0.59702235,0.23319688,0
1.0,0.56293845,0.28237444,0
1.0,0.49847206,0.3727827,0
1.0,0.5089137,0.37853473,0
1.0,0.52770305,0.4039964,0
1.0,0.5021261,0.45464867,0
1.0,0.47474933,0.49855295,0
1.0,0.46364692,0.5281874,0
1.0,0.43402672,0.57282764,0
1.0,0.39905968,0.6409043,0
1.0,0.37209395,0.70028156,0
1.0,0.3775859,0.69321615,0
1.0,0.36983377,0.700442,0
1.0,0.36769122,0.70290416,0
1.0,0.366542,0.6902066,0
1.0,0.37663996,0.6424797,0
1.0,0.37537128,0.6383525,0
1.0,0.3702958,0.63818276,0
1.0,0.3630653,0.6417929,0
1.0,0.37067056,0.63443136,0
1.0,0.36765775,0.63625085,0
1.0,0.3633251,0.6487694,0
1.0,0.35976106,0.6508938,0
1.0,0.36670724,0.64194155,0
1.0,0.36713135,0.6879606,0
1.0,0.36025226,0.7103164,0
1.0,0.36262348,0.6943663,0
1.0,0.35469586,0.7148878,0
1.0,0.3590032,0.7239342,0
1.0,0.34934315,0.74621695,0
1.0,0.34210777,0.7449723,0
1.0,0.34893328,0.7036762,0
1.0,0.35266066,0.6875906,0
1.0,0.36807865,0.63707167,0
1.0,0.37757686,0.5953164,0
1.0,0.39544284,0.55374944,0
1.0,0.4097581,0.4846831,0
1.0,0.41264877,0.4668157,0
1.0,0.39708662,0.48867288,0
1.0,0.41185293,0.45896673,0
1.0,0.4477295,0.4188183,0
1.0,0.4555271,0.4168468,0
1.0,0.45034197,0.42875564,0
1.0,0.4638594,0.4094029,0
1.0,0.50623995,0.3737275,0
1.0,0.4970651,0.40496814,0
1.0,0.46733537,0.42981392,0
1.0,0.46112618,0.45563328,0
1.0,0.49391738,0.41769946,0
1.0,0.4785087,0.43188584,0
1.0,0.44312972,0.4819433,0
1.0,0.44895175,0.45964456,0
1.0,0.48971647,0.4071931,0
1.0,0.4979543,0.38946772,0
1.0,0.4786089,0.39743227,0
1.0,0.48143953,0.39127123,0
1.0,0.5192195,0.3112361,0
1.0,0.48931724,0.32869095,0
1.0,0.458892,0.362562,0
1.0,0.44985798,0.35706496,0
1.0,0.5011532,0.2887414,0
1.0,0.47247195,0.31687218,0
1.0,0.46611622,0.31715065,0
1.0,0.439043,0.35116303,0
1.0,0.4520866,0.36145276,0
1.0,0.43790215,0.3854209,0
1.0,0.461866,0.3545686,0
1.0,0.42257145,0.3945919,0
1.0,0.47058612,0.3350712,0
1.0,0.50448614,0.29225498,0
1.0,0.5164395,0.27780953,0
1.0,0.50934523,0.27885714,0
1.0,0.5393917,0.23791464,0
1.0,0.5396511,0.22023758,0
1.0,0.5385692,0.20329668,0
1.0,0.53441155,0.2011475,0
1.0,0.5785961,0.16133337,0
1.0,0.580522,0.13607363,0
1.0,0.5573453,0.15015347,0
1.0,0.55542916,0.14535555,0
1.0,0.5773313,0.1200386,0
1.0,0.588555,0.11291973,0
1.0,0.5670524,0.12006204,0
1.0,0.5689119,0.12232211,0
1.0,0.56874144,0.12089318,0
1.0,0.58812815,0.10405451,0
1.0,0.5568276,0.11914507,0
1.0,0.5696123,0.105417125,0
1.0,0.5747032,0.09660904,0
1.0,0.58371836,0.09454479,0
1.0,0.5061621,0.13272992,0
1.0,0.53549385,0.12233761,0
1.0,0.51543283,0.12917586,0
1.0,0.5476123,0.11434723,0
1.0,0.5442932,0.114681624,0
1.0,0.5445435,0.10859592,0
1.0,0.57096195,0.082600564,0
1.0,0.61431754,0.07066645,0
1.0,0.6097677,0.07180355,0
1.0,0.6016743,0.07460183,0
1.0,0.6381232,0.07423575,0
1.0,0.6686459,0.07730031,0
1.0,0.6703853,0.073434174,0
1.0,0.62061495,0.07242671,0
1.0,0.6540464,0.07208926,0
1.0,0.6648644,0.072479695,0
1.0,0.67264736,0.069676064,0
1.0,0.6250319,0.06836079,0
1.0,0.6785082,0.07505055,0
1.0,0.7160284,0.083800256,0
1.0,0.76410234,0.10302633,0
1.0,0.7382158,0.10237715,0
1.0,0.7790675,0.12890601,0
1.0,0.81839234,0.1590684,0
1.0,0.8587488,0.20834291,0
1.0,0.84530574,0.22502181,0
1.0,0.83971006,0.25032043,0
1.0,0.8354706,0.2683087,0
1.0,0.8611539,0.31022924,0
1.0,0.86655706,0.34151503,0
1.0,0.85644287,0.34041268,0
1.0,0.8655807,0.3544438,0
1.0,0.88627493,0.37965602,0
1.0,0.88709986,0.3743702,0
1.0,0.8584597,0.35147905,0
1.0,0.86687803,0.36896667,0
1.0,0.8810033,0.39744318,0
1.0,0.90213335,0.43530542,0
1.0,0.88701355,0.43789184,0
1.0,0.8959173,0.48183513,0
1.0,0.9055683,0.51523674,0
1.0,0.92028403,0.5494244,0
1.0,0.9023619,0.5636828,0
1.0,0.8911973,0.5690094,0
1.0,0.87740034,0.5733899,0
1.0,0.88281596,0.641393,0
1.0,0.8596704,0.6312572,0
1.0,0.8435072,0.6184342,0
1.0,0.83453417,0.62416154,0
1.0,0.85246134,0.66164654,0
1.0,0.8502773,0.65860283,0
1.0,0.85443485,0.6628263,0
1.0,0.8623763,0.6681899,0
1.0,0.8759046,0.6729485,0
1.0,0.86997896,0.6643396,0
1.0,0.8715092,0.6852077,0
1.0,0.8669158,0.6686396,0
1.0,0.8746454,0.6667596,0
1.0,0.8625571,0.6281954,0
1.0,0.8676633,0.6241329,0
1.0,0.86593497,0.62691796,0
1.0,0.87468445,0.6314716,0
1.0,0.84654427,0.611904,0
1.0,0.8510702,0.6643269,0
1.0,0.8558612,0.68992865,0
1.0,0.87613195,0.7399501,0
1.0,0.8584103,0.7332161,0
1.0,0.87538904,0.7560688,0
1.0,0.88235146,0.7553661,0
1.0,0.8933488,0.790684,0
1.0,0.8675572,0.7622086,0
1.0,0.87130344,0.74723274,0
1.0,0.8750439,0.7515506,0
1.0,0.88436675,0.7637381,0
1.0,0.8609519,0.68699366,0
1.0,0.8642402,0.70119524,0
1.0,0.8589419,0.69976616,0
1.0,0.8611121,0.6692306,0
1.0,0.8446902,0.6627903,0
1.0,0.8513559,0.6834967,0
1.0,0.844455,0.6768065,0
1.0,0.8563602,0.7227532,0
1.0,0.8417132,0.73566425,0
1.0,0.84181863,0.7710575,0
1.0,0.8340878,0.78877014,0
1.0,0.8368584,0.8320336,0
1.0,0.83857846,0.8463694,0
1.0,0.84545875,0.8589335,0
1.0,0.8265703,0.8411031,0
1.0,0.8226067,0.83991206,0
1.0,0.81233126,0.84132147,0
1.0,0.8093495,0.8361074,0
1.0,0.7957619,0.79449123,0
1.0,0.80807114,0.81258607,0
1.0,0.8163534,0.8009076,0
1.0,0.8214591,0.7680726,0
1.0,0.8176634,0.751104,0
1.0,0.8200346,0.7447368,0
1.0,0.8280308,0.7350498,0
1.0,0.8175855,0.7159796,0
1.0,0.7874943,0.675731,0
1.0,0.79808104,0.67000914,0
1.0,0.80351037,0.65312195,0
1.0,0.78541476,0.644096,0
1.0,0.76868606,0.6293455,0
1.0,0.7615488,0.6146507,0
1.0,0.7836002,0.66072595,0
1.0,0.75761425,0.6129433,0
1.0,0.75516754,0.58958673,0
1.0,0.7590875,0.5859668,0
1.0,0.7902147,0.60679156,0
1.0,0.7673154,0.57225895,0
1.0,0.7538898,0.56042254,0
1.0,0.7600835,0.549723,0
1.0,0.79785055,0.5839169,0
1.0,0.7732571,0.52451515,0
1.0,0.7647297,0.48641628,0
1.0,0.76826876,0.47634456,0
1.0,0.7726272,0.49781537,0
1.0,0.74590015,0.4838193,0
1.0,0.74595654,0.51919687,0
1.0,0.7918472,0.6415836,0
1.0,0.814726,0.7242688,0
1.0,0.81654,0.76688504,0
1.0,0.8361228,0.8407514,0
1.0,0.8639274,0.93296885,0
1.0,0.86531067,0.97907174,0
1.0,0.8466627,0.9661168,0
1.0,0.8618048,1.0191438,0
1.0,0.8820432,1.1353288,0
1.0,0.88526005,1.2111049,0
1.0,0.8751576,1.2055279,0
1.0,0.89055926,1.2347296,0
1.0,0.9064358,1.2885177,0
1.0,0.9089981,1.3043597,0
1.0,0.8954726,1.26053,0
1.0,0.9155495,1.3312968,0
1.0,0.9185557,1.3757337,0
1.0,0.9220607,1.3939996,0
1.0,0.9075882,1.40263,0
1.0,0.9178109,1.466418,0
1.0,0.9151929,1.4676454,0
1.0,0.92472494,1.5155102,0
1.0,0.9137953,1.5148301,0
1.0,0.9175778,1.534901,0
1.0,0.9059852,1.5680764,0
1.0,0.90904737,1.6326946,0
1.0,0.8936255,1.6435285,0
1.0,0.8961628,1.7052231,0
1.0,0.88452363,1.6889728,0
1.0,0.89207286,1.6918241,0
1.0,0.88874376,1.6502296,0
1.0,0.89630884,1.6369674,0
1.0,0.8901009,1.6001899,0
1.0,0.8932233,1.5642701,0
1.0,0.8907449,1.5318227,0
1.0,0.896232,1.5243363,0
1.0,0.8813849,1.4665775,0
1.0,0.8802372,1.463537,0
1.0,0.8704076,1.4388736,0
1.0,0.8674863,1.4109232,0
1.0,0.8528399,1.3344172,0
1.0,0.8480836,1.304925,0
1.0,0.8437973,1.3114974,0
1.0,0.8513919,1.34625,0
1.0,0.8458869,1.3514665,0
1.0,0.8402572,1.3625511,0
1.0,0.8377906,1.3545172,0
1.0,0.84409744,1.3432101,0
1.0,0.84309477,1.3374143,0
1.0,0.8332294,1.3215194,0
1.0,0.83600384,1.3304532,0
1.0,0.8379642,1.3415887,0
1.0,0.83801544,1.3563108,0
1.0,0.8300573,1.3211644,0
1.0,0.826341,1.2759616,0
1.0,0.8305883,1.2830784,0
1.0,0.8346833,1.2677597,0
1.0,0.82715195,1.198272,0
1.0,0.82451904,1.1898396,0
1.0,0.8328289,1.2056174,0
1.0,0.84165746,1.2196953,0
1.0,0.8376467,1.2530262,0
1.0,0.8316706,1.2788455,0
1.0,0.83749056,1.2910708,0
1.0,0.8452694,1.2904254,0
1.0,0.837294,1.2592967,0
1.0,0.8307441,1.2433798,0
1.0,0.835005,1.2676418,0
1.0,0.842436,1.287211,0
1.0,0.834545,1.2589053,0
1.0,0.8289776,1.2308552,0
1.0,0.84668577,1.2484586,0
1.0,0.8553938,1.2382983,0
1.0,0.8641242,1.222918,0
1.0,0.862195,1.1778895,0
1.0,0.87707716,1.1943634,0
1.0,0.87831086,1.1850193,0
1.0,0.88964826,1.1933738,0
1.0,0.8814149,1.1976287,0
1.0,0.8872375,1.2120047,0
1.0,0.8810752,1.1820018,0
1.0,0.8908184,1.1957946,0
1.0,0.8684701,1.117866,0
1.0,0.86199784,1.1020682,0
1.0,0.8556239,1.0812621,0
1.0,0.8679053,1.110777,0
1.0,0.8621256,1.1452903,0
1.0,0.8524994,1.110155,0
1.0,0.85097355,1.081728,0
1.0,0.86496556,1.0981932,0
1.0,0.8677634,1.0440841,0
1.0,0.86186916,0.9964781,0
1.0,0.8704169,1.0104067,0
1.0,0.88547224,0.99647963,0
1.0,0.8898399,0.9569676,0
1.0,0.8764516,0.90572965,0
1.0,0.8705153,0.8930079,0
1.0,0.8701922,0.8894479,0
1.0,0.8695461,0.89113367,0
1.0,0.8465898,0.85310626,0
1.0,0.8437815,0.83131146,0
1.0,0.83649504,0.82813394,0
1.0,0.8331116,0.8788265,0
1.0,0.8251527,0.92536175,0
1.0,0.8303741,0.98236,0
1.0,0.8263614,1.0119188,0
1.0,0.84045714,1.0905309,0
1.0,0.8496638,1.1347198,0
1.0,0.85180146,1.1616113,0
1.0,0.85038537,1.1769385,0
1.0,0.8563788,1.1907248,0
1.0,0.85912585,1.2082207,0
1.0,0.8537237,1.190928,0
1.0,0.8463688,1.1773865,0
1.0,0.8363576,1.1529601,0
1.0,0.8363127,1.1149793,0
1.0,0.8215794,1.0858436,0
1.0,0.8188276,1.1112357,0
1.0,0.81510717,1.0999787,0
1.0,0.8216571,1.1245321,0
1.0,0.8248866,1.1535813,0
1.0,0.82955515,1.1831412,0
1.0,0.82404244,1.1973537,0
1.0,0.82562864,1.2355072,0
1.0,0.8248222,1.2428617,0
1.0,0.8212558,1.229718,0
1.0,0.80626595,1.2214197,0
1.0,0.8101759,1.2632568,0
1.0,0.81025445,1.2451879,0
1.0,0.8189039,1.2552013,0
1.0,0.82379526,1.2440941,0
1.0,0.8300926,1.2217801,0
1.0,0.8354803,1.2195522,0
1.0,0.8505739,1.2050375,0
1.0,0.8546764,1.1594802,0
1.0,0.8643379,1.1265532,0
1.0,0.8687629,1.0838583,0
1.0,0.8774865,1.0847781,0
1.0,0.8756704,1.0314187,0
1.0,0.87597626,0.99197453,0
1.0,0.88715506,0.98131585,0
1.0,0.8910635,0.97679657,0
1.0,0.8800878,0.9506326,0
1.0,0.87168884,0.9282416,0
1.0,0.8818323,0.9695534,0
1.0,0.8891094,0.9568814,0
1.0,0.8885764,0.9363339,0
1.0,0.89463025,0.9632987,0
1.0,0.9036488,0.961953,0
1.0,0.9110162,0.93338186,0
1.0,0.91063285,0.89431155,0
1.0,0.9078694,0.86908245,0
1.0,0.91515106,0.8658811,0
1.0,0.9121825,0.83420604,0
1.0,0.8995968,0.78827184,0
1.0,0.8964452,0.7523291,0
1.0,0.8967539,0.72711354,0
1.0,0.8802441,0.682897,0
1.0,0.8709318,0.6582009,0
1.0,0.8635642,0.62767106,0
1.0,0.88003176,0.64588374,0
1.0,0.8658712,0.65045595,0
1.0,0.86432165,0.6724049,0
1.0,0.8637239,0.6829705,0
1.0,0.87916946,0.71798307,0
1.0,0.8695315,0.71620256,0
1.0,0.87758565,0.74325085,0
1.0,0.872224,0.7402807,0
1.0,0.87083524,0.7434839,0
1.0,0.8571941,0.70460165,0
1.0,0.84845686,0.6835112,0
1.0,0.83364934,0.6619167,0
1.0,0.83505124,0.6475836,0
1.0,0.8403011,0.62168336,0
1.0,0.8543131,0.6166172,0
1.0,0.86544645,0.59788823,0
1.0,0.8630659,0.55598503,0
1.0,0.88275063,0.5928666,0
1.0,0.89082617,0.6147661,0
1.0,0.88981366,0.6098524,0
1.0,0.89019847,0.60312355,0
1.0,0.89833343,0.6003491,0
1.0,0.90597224,0.60119283,0
1.0,0.8984578,0.58468276,0
1.0,0.8761025,0.5325575,0
1.0,0.87535626,0.5283532,0
1.0,0.87722546,0.5492546,0
1.0,0.8865782,0.5398159,0
1.0,0.84284663,0.4658704,0
1.0,0.8510652,0.47665155,0
1.0,0.86327595,0.46249253,0
1.0,0.8946866,0.47642747,0
1.0,0.8677317,0.4352223,0
1.0,0.87920314,0.42274547,0
1.0,0.8929356,0.4265039,0
1.0,0.9323999,0.45940095,0
1.0,0.90162647,0.4162106,0
1.0,0.89641637,0.41785097,0
1.0,0.89704627,0.39433104,0
1.0,0.92492753,0.41062352,0
1.0,0.88270855,0.37279803,0
1.0,0.8591253,0.36833268,0
1.0,0.86681604,0.40588114,0
1.0,0.91716814,0.5022645,0
1.0,0.8949434,0.48173603,0
1.0,0.8867482,0.47087407,0
1.0,0.90057755,0.4906996,0
1.0,0.9325457,0.5486951,0
1.0,0.9349223,0.553856,0
1.0,0.93122417,0.53752315,0
1.0,0.9352235,0.53305125,0
1.0,0.9491354,0.53384626,0
1.0,0.94585794,0.52846086,0
1.0,0.9291801,0.49956036,0
1.0,0.93616533,0.4990536,0
1.0,0.9520551,0.5102958,0
1.0,0.9448651,0.48543757,0
1.0,0.92633736,0.45208293,0
1.0,0.9286782,0.43278888,0
1.0,0.93289596,0.4371503,0
1.0,0.92197347,0.4414279,0
1.0,0.90996766,0.43812364,0
1.0,0.92116827,0.45471713,0
1.0,0.92322075,0.46902198,0
1.0,0.92651975,0.47394854,0
1.0,0.91978353,0.45018148,0
1.0,0.9258428,0.4520383,0
1.0,0.9030311,0.4291417,0
1.0,0.89238477,0.40892404,0
1.0,0.89021194,0.39253485,0
1.0,0.871286,0.3677603,0
1.0,0.8521819,0.34993723,0
1.0,0.80208844,0.2714545,0
1.0,0.82238233,0.24330863,0
1.0,0.8256936,0.21211852,0
1.0,0.85382485,0.19395213,0
1.0,0.8174215,0.16262983,0
1.0,0.8719644,0.20331696,0
1.0,0.84157604,0.17769772,0
1.0,0.8346813,0.16570468,0
1.0,0.80217713,0.13755423,0
1.0,0.8600892,0.17392813,0
1.0,0.8496992,0.16478357,0
1.0,0.8413502,0.15361598,0
1.0,0.77967215,0.11898708,0
1.0,0.8172242,0.14734063,0
1.0,0.7885925,0.13000944,0
1.0,0.78083825,0.13021961,0
1.0,0.69958204,0.09060183,0
1.0,0.7478751,0.11899941,0
1.0,0.729587,0.11112468,0
1.0,0.71379185,0.102428496,0
1.0,0.65224695,0.073956996,0
1.0,0.69501805,0.07818936,0
1.0,0.6946049,0.077617764,0
1.0,0.6900229,0.069757015,0
1.0,0.62281334,0.06910482,0
1.0,0.6282051,0.07041657,0
1.0,0.58366215,0.065064624,0
1.0,0.51421815,0.07523965,0
1.0,0.47176415,0.091947496,0
1.0,0.46219885,0.09685928,0
1.0,0.45478198,0.09907624,0
1.0,0.42589366,0.11744469,0
1.0,0.3908108,0.13896874,0
1.0,0.40258837,0.12378092,0
1.0,0.38668042,0.13307515,0
1.0,0.3963919,0.12981965,0
1.0,0.3798636,0.15984371,0
1.0,0.40104637,0.16197658,0
1.0,0.38792098,0.17627178,0
1.0,0.39884022,0.18978348,0
1.0,0.38479385,0.20877714,0
1.0,0.41553324,0.19064361,0
1.0,0.39756405,0.20514612,0
1.0,0.43437472,0.17829594,0
1.0,0.42470336,0.19370146,0
1.0,0.44179696,0.18266577,0
1.0,0.43964446,0.18906742,0
1.0,0.45262912,0.18215549,0
1.0,0.43703887,0.19017565,0
1.0,0.45452702,0.16140825,0
1.0,0.4642621,0.15500785,0
1.0,0.5234869,0.11961251,0
1.0,0.5175972,0.123058125,0
1.0,0.528467,0.11445381,0
1.0,0.5410039,0.113333665,0
1.0,0.57619566,0.103567,0
1.0,0.5493082,0.10175626,0
1.0,0.59424746,0.07972561,0
1.0,0.5797524,0.09974088,0
1.0,0.62180966,0.08948177,0
1.0,0.5539102,0.12971914,0
1.0,0.5852282,0.1294903,0
1.0,0.55801135,0.14564139,0
1.0,0.6074134,0.12640195,0
1.0,0.54597765,0.16049689,0
1.0,0.58043903,0.14198558,0
1.0,0.59906477,0.1366881,0
1.0,0.5942596,0.13985093,0
1.0,0.5223232,0.16874558,0
1.0,0.5502855,0.146958,0
1.0,0.5396766,0.15592188,0
1.0,0.5455862,0.14360936,0
1.0,0.5011484,0.16319838,0
1.0,0.53537655,0.14078611,0
1.0,0.5332653,0.14173368,0
1.0,0.52797365,0.1468716,0
1.0,0.47109762,0.17940378,0
1.0,0.51956666,0.14897989,0
1.0,0.49215865,0.16746867,0
1.0,0.49132338,0.18072318,0
1.0,0.46684766,0.20453858,0
1.0,0.50149405,0.17960146,0
1.0,0.48049733,0.19536105,0
1.0,0.49688423,0.1914169,0
1.0,0.4781017,0.20619087,0
1.0,0.5001541,0.18858325,0
1.0,0.48788336,0.1919817,0
1.0,0.5019953,0.17404318,0
1.0,0.4894858,0.18279313,0
1.0,0.51711816,0.16357537,0
1.0,0.4965073,0.16392218,0
1.0,0.52297956,0.14082721,0
1.0,0.51506144,0.13193116,0
1.0,0.52711004,0.108093664,0
1.0,0.51787317,0.121053845,0
1.0,0.5561438,0.096005216,0
1.0,0.54784346,0.10026883,0
1.0,0.5473201,0.10033603,0
1.0,0.52995986,0.113946006,0
1.0,0.5331904,0.115549326,0
1.0,0.54239804,0.11273928,0
1.0,0.5234484,0.14799911,0
1.0,0.52661985,0.15957613,0
1.0,0.52447003,0.15887415,0
1.0,0.50365645,0.17513716,0
1.0,0.45397043,0.21279746,0
1.0,0.5053854,0.17422035,0
1.0,0.54170054,0.14665613,0
1.0,0.64508957,0.09381146,0
1.0,0.63899726,0.09774199,0
1.0,0.70412236,0.07667604,0
1.0,0.73542446,0.06905925,0
1.0,0.78491265,0.071706176,0
1.0,0.74918324,0.07660416,0
1.0,0.782722,0.08983417,0
1.0,0.8021182,0.09783563,0
1.0,0.83567756,0.11464123,0
1.0,0.819997,0.12418229,0
1.0,0.8406453,0.13421841,0
1.0,0.8466026,0.13585581,0
1.0,0.8758262,0.14437778,0
1.0,0.8829369,0.14397605,0
1.0,0.90295875,0.16603094,0
1.0,0.9078201,0.19280006,0
1.0,0.92512184,0.21060169,0
1.0,0.93310714,0.21786484,0
1.0,0.925362,0.2174972,0
1.0,0.9234291,0.22464271,0
1.0,0.93120515,0.23825383,0
1.0,0.9398592,0.25710875,0
1.0,0.91532385,0.24999127,0
1.0,0.89575934,0.23640439,0
1.0,0.8859062,0.23468597,0
1.0,0.88629305,0.24004671,0
1.0,0.8276052,0.18795884,0
1.0,0.7948022,0.16538647,0
1.0,0.8142786,0.18110177,0
1.0,0.83870834,0.19839281,0
1.0,0.77790505,0.15281034,0
1.0,0.7670339,0.14559865,0
1.0,0.8103569,0.17075333,0
1.0,0.8364347,0.18436462,0
1.0,0.7837896,0.14626575,0
1.0,0.7698564,0.13555215,0
1.0,0.7760763,0.13575248,0
1.0,0.7910596,0.1385798,0
1.0,0.7223711,0.11011921,0
1.0,0.75472176,0.12569611,0
1.0,0.77944624,0.14109652,0
1.0,0.8141059,0.17913684,0
1.0,0.8146862,0.1885045,0
1.0,0.85001236,0.22263342,0
1.0,0.8787522,0.25486118,0
1.0,0.89267653,0.27696025,0
1.0,0.87112945,0.26155668,0
1.0,0.88362384,0.2595923,0
1.0,0.89562064,0.2646649,0
1.0,0.91000056,0.276421,0
1.0,0.897904,0.2613325,0
1.0,0.92536557,0.27696508,0
1.0,0.9360543,0.2776102,0
1.0,0.94979733,0.2759909,0
1.0,0.9436293,0.25746787,0
1.0,0.9539013,0.26613072,0
1.0,0.9518302,0.25703195,0
1.0,0.9468542,0.23318943,0
1.0,0.9273807,0.22315747,0
1.0,0.9403447,0.2299265,0
1.0,0.9442625,0.22826937,0
1.0,0.93548644,0.22588664,0
1.0,0.9040105,0.2053844,0
1.0,0.9087463,0.21031639,0
1.0,0.9093609,0.213803,0
1.0,0.87443066,0.19339296,0
1.0,0.820093,0.16218609,0
1.0,0.81756026,0.15770437,0
1.0,0.8277793,0.16032174,0
1.0,0.7874222,0.13992122,0
1.0,0.74996483,0.10988566,0
1.0,0.769216,0.11129323,0
1.0,0.80132014,0.11058958,0
1.0,0.75412375,0.07313435,0
1.0,0.70723593,0.059005212,0
1.0,0.6734444,0.05318539,0
1.0,0.66002184,0.05343256,0
1.0,0.5425124,0.072702155,0
1.0,0.5164182,0.07812731,0
1.0,0.5107031,0.083296955,0
1.0,0.5421047,0.07384198,0
1.0,0.5860231,0.068584874,0
1.0,0.6654657,0.06446555,0
1.0,0.683419,0.07141313,0
1.0,0.71975034,0.08709669,0
1.0,0.741149,0.09571026,0
1.0,0.7741741,0.11577415,0
1.0,0.7521272,0.11694346,0
1.0,0.74326265,0.123200074,0
1.0,0.751348,0.14764836,0
1.0,0.78756636,0.17424533,0
1.0,0.7576169,0.15774603,0
1.0,0.77022314,0.16465816,0
1.0,0.7862562,0.17649177,0
1.0,0.83664453,0.22522976,0
1.0,0.8143105,0.21005419,0
1.0,0.80472654,0.20258488,0
1.0,0.8133593,0.22616288,0
1.0,0.837378,0.25600678,0
1.0,0.8225953,0.25128436,0
1.0,0.82393605,0.2603944,0
1.0,0.81941926,0.26093686,0
1.0,0.8497989,0.30742925,0
1.0,0.80047834,0.28171712,0
1.0,0.79983073,0.2910663,0
1.0,0.744427,0.23696165,0
1.0,0.7642091,0.25518402,0
1.0,0.6846144,0.19743791,0
1.0,0.67119944,0.18647736,0
1.0,0.63736415,0.16186062,0
1.0,0.72777903,0.22963458,0
1.0,0.7007731,0.19823909,0
1.0,0.7061339,0.19698292,0
1.0,0.70421135,0.1854766,0
1.0,0.78857964,0.24201466,0
1.0,0.74535155,0.19948082,0
1.0,0.7498856,0.1965495,0
1.0,0.76549006,0.20880601,0
1.0,0.8298814,0.2667444,0
1.0,0.7912181,0.23593143,0
1.0,0.8031703,0.25226527,0
1.0,0.82447124,0.26329148,0
1.0,0.8763002,0.31375942,0
1.0,0.85775316,0.32752025,0
1.0,0.8512837,0.3426184,0
1.0,0.8684179,0.37893164,0
1.0,0.8897711,0.4074885,0
1.0,0.88695264,0.41317773,0
1.0,0.8776006,0.4268329,0
1.0,0.8854275,0.42454255,0
1.0,0.8975422,0.4367468,0
1.0,0.9013658,0.44938108,0
1.0,0.8900768,0.43726817,0
1.0,0.88222945,0.4374016,0
1.0,0.87123233,0.40979788,0
1.0,0.8603893,0.38160837,0
1.0,0.85078543,0.37446833,0
1.0,0.838463,0.37192053,0
1.0,0.8227121,0.37720752,0
1.0,0.8254342,0.38254535,0
1.0,0.79256546,0.34871894,0
1.0,0.760047,0.32698828,0
1.0,0.7257603,0.30072305,0
1.0,0.7182165,0.30985793,0
1.0,0.6636134,0.27009064,0
1.0,0.61725163,0.23202938,0
1.0,0.5782501,0.20267546,0
1.0,0.5734577,0.2029941,0
1.0,0.5585867,0.19828002,0
1.0,0.554994,0.19673073,0
1.0,0.5602935,0.1975258,0
1.0,0.6019621,0.22622207,0
1.0,0.60038507,0.21627787,0
1.0,0.6313993,0.23525345,0
1.0,0.6236043,0.2240743,0
1.0,0.6590162,0.23376857,0
1.0,0.638258,0.20639893,0
1.0,0.65636545,0.21338198,0
1.0,0.65745544,0.20963971,0
1.0,0.72115093,0.26291078,0
1.0,0.68379587,0.21432792,0
1.0,0.722464,0.26084438,0
1.0,0.68539524,0.22532552,0
1.0,0.73911136,0.2748357,0
1.0,0.6979635,0.2652644,0
1.0,0.7430374,0.30855972,0
1.0,0.72085905,0.28651935,0
1.0,0.77684474,0.3433305,0
1.0,0.76114005,0.31918654,0
1.0,0.8012963,0.35472786,0
1.0,0.7778602,0.3081515,0
1.0,0.833218,0.36194062,0
1.0,0.8160163,0.3461302,0
1.0,0.84439576,0.36239174,0
1.0,0.7923855,0.29632998,0
1.0,0.8016552,0.29133046,0
1.0,0.7763509,0.2504413,0
1.0,0.78870803,0.25423446,0
1.0,0.7388151,0.2083205,0
1.0,0.7449726,0.20943749,0
1.0,0.77814424,0.22125497,0
1.0,0.79604685,0.22979084,0
1.0,0.7475018,0.19478258,0
1.0,0.73070407,0.18857968,0
1.0,0.7568176,0.20801374,0
1.0,0.736687,0.19101247,0
1.0,0.7206458,0.18164206,0
1.0,0.7014351,0.16734387,0
1.0,0.73595405,0.19177221,0
1.0,0.70709723,0.16952665,0
1.0,0.68854225,0.14896604,0
1.0,0.65483457,0.13314949,0
1.0,0.66868144,0.14139505,0
1.0,0.6339808,0.105684504,0
1.0,0.6109568,0.093599394,0
1.0,0.5679861,0.07100474,0
1.0,0.5874593,0.05107655,0
1.0,0.5588104,0.038758337,0
1.0,0.5708841,0.041256804,0
1.0,0.561597,0.053591873,0
1.0,0.60600924,0.06920676,0
1.0,0.60292953,0.06719654,0
1.0,0.61079603,0.08171676,0
1.0,0.60949725,0.081092544,0
1.0,0.6171446,0.08083198,0
1.0,0.59353304,0.07300675,0
1.0,0.5993529,0.07611348,0
1.0,0.60312855,0.076137185,0
1.0,0.6212402,0.08389701,0
1.0,0.6213707,0.086860925,0
1.0,0.63367444,0.09494496,0
1.0,0.6350891,0.093464375,0
1.0,0.64225185,0.09734206,0
1.0,0.63234997,0.096293546,0
1.0,0.64307606,0.10630427,0
1.0,0.6591907,0.11394133,0
1.0,0.6665753,0.124215454,0
1.0,0.64522284,0.124762826,0
1.0,0.6693102,0.14978099,0
1.0,0.7033235,0.18620777,0
1.0,0.7039926,0.20179787,0
1.0,0.684665,0.19830087,0
1.0,0.7145655,0.23196788,0
1.0,0.7419672,0.2604128,0
1.0,0.7113134,0.24948055,0
1.0,0.66906744,0.24181655,0
1.0,0.69365054,0.27329952,0
1.0,0.7330551,0.31830245,0
1.0,0.72179174,0.31629676,0
1.0,0.70548886,0.29880434,0
1.0,0.73176944,0.32792705,0
1.0,0.8068807,0.38717675,0
1.0,0.82879084,0.40560007,0
1.0,0.80643076,0.39733976,0
1.0,0.81736076,0.4197548,0
1.0,0.85942084,0.48527217,0
1.0,0.87668437,0.5243026,0
1.0,0.8647615,0.5144447,0
1.0,0.87018144,0.5358238,0
1.0,0.8944402,0.6098739,0
1.0,0.9064064,0.66779935,0
1.0,0.892988,0.6847061,0
1.0,0.88861716,0.7487485,0
1.0,0.8948321,0.79229355,0
1.0,0.91385543,0.8481268,0
1.0,0.91056406,0.8706107,0
1.0,0.90940124,0.888855,0
1.0,0.9085476,0.919971,0
1.0,0.92414343,0.95178896,0
1.0,0.914571,0.9358915,0
1.0,0.91220677,0.94215477,0
1.0,0.9040136,0.92571414,0
1.0,0.9170674,0.958009,0
1.0,0.90445215,0.93906665,0
1.0,0.8986931,0.9366107,0
1.0,0.8765299,0.893605,0
1.0,0.88959557,0.8983645,0
1.0,0.87978876,0.8602433,0
1.0,0.8761263,0.8612026,0
1.0,0.8495097,0.8381107,0
1.0,0.857204,0.86886835,0
1.0,0.8372346,0.8526554,0
1.0,0.83246297,0.8750612,0
1.0,0.790095,0.83046275,0
1.0,0.80893683,0.8818511,0
1.0,0.81165314,0.8832873,0
1.0,0.8175224,0.8854115,0
1.0,0.78072613,0.83501285,0
1.0,0.7972482,0.88267493,0
1.0,0.7888636,0.8793943,0
1.0,0.8008817,0.90414435,0
1.0,0.7677619,0.8261008,0
1.0,0.78866327,0.84112215,0
1.0,0.7841504,0.8077769,0
1.0,0.79755616,0.77299416,0
1.0,0.76808697,0.7000046,0
1.0,0.7840962,0.73915553,0
1.0,0.78424364,0.7382598,0
1.0,0.79929453,0.74739885,0
1.0,0.77482086,0.7013037,0
1.0,0.7879098,0.73263574,0
1.0,0.7970312,0.73308945,0
1.0,0.81230026,0.7578444,0
1.0,0.78269315,0.75975513,0
1.0,0.79859257,0.7875991,0
1.0,0.79837567,0.78660095,0
1.0,0.82055527,0.8477163,0
1.0,0.79998827,0.81109834,0
1.0,0.8113893,0.84042823,0
1.0,0.8095062,0.8438201,0
1.0,0.83946705,0.8790818,0
1.0,0.83621854,0.8506299,0
1.0,0.84347045,0.8559257,0
1.0,0.8475818,0.8608843,0
1.0,0.8647849,0.8853366,0
1.0,0.86859447,0.90168333,0
1.0,0.86343265,0.8949363,0
1.0,0.8616412,0.8924894,0
1.0,0.8741906,0.91788584,0
1.0,0.8814827,0.9179711,0
1.0,0.872536,0.9058654,0
1.0,0.8693031,0.9209301,0
1.0,0.87821394,0.9596356,0
1.0,0.88573325,1.0140417,0
1.0,0.87917465,1.0281997,0
1.0,0.8762352,1.0215257,0
1.0,0.88538945,1.0426943,0
1.0,0.8951019,1.0804515,0
1.0,0.8811411,1.0471259,0
1.0,0.8783346,1.0244689,0
1.0,0.8772197,1.0224154,0
1.0,0.893172,1.0435338,0
1.0,0.87235904,0.98265547,0
1.0,0.8709697,0.98403287,0
1.0,0.86141473,0.96003693,0
1.0,0.87931925,0.9381063,0
1.0,0.855278,0.8851476,0
1.0,0.85380906,0.88657135,0
1.0,0.8372042,0.8572159,0
1.0,0.8577742,0.9330826,0
1.0,0.8367934,0.918014,0
1.0,0.8438875,0.9617269,0
1.0,0.824552,0.9572842,0
1.0,0.84328526,1.0116338,0
1.0,0.8288993,0.99442446,0
1.0,0.84282666,1.020141,0
1.0,0.82672715,0.99236274,0
1.0,0.8443488,1.0271893,0
1.0,0.8239221,0.9812125,0
1.0,0.8363315,1.016675,0
1.0,0.81130874,0.9730134,0
1.0,0.8252444,0.9809472,0
1.0,0.8168889,0.92865545,0
1.0,0.8371308,0.92590904,0
1.0,0.8307851,0.87827456,0
1.0,0.8475261,0.8703471,0
1.0,0.83930874,0.83765507,0
1.0,0.85805357,0.86869204,0
1.0,0.850089,0.8600615,0
1.0,0.85955614,0.87353593,0
1.0,0.84909236,0.8322649,0
1.0,0.8666688,0.86405313,0
1.0,0.8642764,0.87149906,0
1.0,0.8532506,0.8488287,0
1.0,0.8321712,0.8225891,0
1.0,0.8424431,0.8521569,0
1.0,0.84515244,0.8634596,0
1.0,0.83634824,0.84813535,0
1.0,0.81987095,0.8009876,0
1.0,0.8458205,0.8276001,0
1.0,0.84791476,0.8092308,0
1.0,0.8357449,0.7533691,0
1.0,0.8185712,0.69558525,0
1.0,0.8355775,0.68010634,0
1.0,0.83612764,0.6620704,0
1.0,0.8211214,0.6519477,0
1.0,0.7991335,0.60813606,0
1.0,0.8057775,0.619395,0
1.0,0.8090934,0.62743366,0
1.0,0.784805,0.5689528,0
1.0,0.7699661,0.5575506,0
1.0,0.7794719,0.5872359,0
1.0,0.7794582,0.5925364,0
1.0,0.7572103,0.59506327,0
1.0,0.74459666,0.6244639,0
1.0,0.74314064,0.6369232,0
1.0,0.7585159,0.67387694,0
1.0,0.7580295,0.68499196,0
1.0,0.78131276,0.7092673,0
1.0,0.79187506,0.7273418,0
1.0,0.81766546,0.7746303,0
1.0,0.8138293,0.7607806,0
1.0,0.8278236,0.78712523,0
1.0,0.8221469,0.7664176,0
1.0,0.83251107,0.7765857,0
1.0,0.81764466,0.74482304,0
1.0,0.82423466,0.74780273,0
1.0,0.8140201,0.7567134,0
1.0,0.8358137,0.8173584,0
1.0,0.83171254,0.85181856,0
1.0,0.85286415,0.92481744,0
1.0,0.8553295,0.9404581,0
1.0,0.87092805,0.9980173,0
1.0,0.87595594,1.0154743,0
1.0,0.87001455,1.0241488,0
1.0,0.87418485,1.092685,0
1.0,0.8779634,1.1142151,0
1.0,0.88376564,1.1140358,0
1.0,0.8833087,1.1327369,0
1.0,0.87979555,1.135999,0
1.0,0.8836167,1.126855,0
1.0,0.8862761,1.1177484,0
1.0,0.88850135,1.098634,0
1.0,0.8870174,1.0603243,0
1.0,0.8832508,1.0242577,0
1.0,0.89114213,1.0108938,0
1.0,0.8931179,0.97496253,0
1.0,0.8903559,0.9500145,0
1.0,0.8865726,0.9362466,0
1.0,0.883522,0.91862345,0
1.0,0.8914594,0.9395434,0
1.0,0.8914226,0.9431772,0
1.0,0.8838789,0.9271614,0
1.0,0.87157184,0.92129576,0
1.0,0.86933416,0.9193202,0
1.0,0.8645044,0.90924525,0
1.0,0.8673358,0.90674704,0
1.0,0.84280443,0.8583205,0
1.0,0.8570695,0.88957304,0
1.0,0.85728323,0.85731876,0
1.0,0.86159486,0.8178988,0
1.0,0.84065086,0.7367581,0
1.0,0.8396571,0.6970118,0
1.0,0.84220546,0.6803396,0
1.0,0.84204036,0.65711486,0
1.0,0.82699084,0.62889624,0
1.0,0.78571576,0.5474339,0
1.0,0.7826647,0.50542796,0
1.0,0.7807428,0.50697637,0
1.0,0.799979,0.52831596,0
1.0,0.794614,0.50007546,0
1.0,0.7994118,0.48871034,0
1.0,0.8287747,0.53556204,0
1.0,0.8511469,0.59517276,0
1.0,0.8192915,0.5645877,0
1.0,0.81541824,0.5776894,0
1.0,0.83779293,0.6185102,0
1.0,0.86671233,0.6494365,0
1.0,0.8400561,0.5894102,0
1.0,0.8489708,0.60707414,0
1.0,0.8596815,0.6159881,0
1.0,0.8900103,0.63681245,0
1.0,0.8667815,0.59833497,0
1.0,0.8680495,0.59314847,0
1.0,0.8801555,0.5867971,0
1.0,0.8943641,0.5892135,0
1.0,0.86731064,0.5423906,0
1.0,0.86885524,0.5385378,0
1.0,0.8838178,0.5529418,0
1.0,0.8911976,0.56724954,0
1.0,0.8591525,0.519831,0
1.0,0.85330147,0.5177182,0
1.0,0.8682843,0.54482645,0
1.0,0.8496856,0.51094157,0
1.0,0.8004577,0.45175582,0
1.0,0.79916817,0.4483298,0
1.0,0.84499097,0.4795063,0
1.0,0.85034275,0.47331414,0
1.0,0.83950996,0.46185565,0
1.0,0.8306326,0.42649585,0
1.0,0.87742025,0.44726324,0
1.0,0.854748,0.3950901,0
1.0,0.7984112,0.31037933,0
1.0,0.77086955,0.2753655,0
1.0,0.83186376,0.3126024,0
1.0,0.824994,0.27351442,0
1.0,0.7774098,0.21488045,0
1.0,0.75747997,0.17947678,0
1.0,0.82963556,0.22437249,0
1.0,0.84749234,0.24390304,0
1.0,0.83278996,0.24098796,0
1.0,0.8224523,0.22562467,0
1.0,0.8767837,0.27443025,0
1.0,0.8886064,0.29861054,0
1.0,0.8687996,0.2763274,0
1.0,0.84022236,0.24891415,0
1.0,0.8722572,0.27890986,0
1.0,0.88485867,0.2764766,0
1.0,0.8602668,0.2543903,0
1.0,0.81706095,0.22604251,0
1.0,0.82883584,0.23625493,0
1.0,0.81941414,0.22796288,0
1.0,0.7679226,0.17997505,0
1.0,0.7230116,0.13001704,0
1.0,0.742459,0.13689159,0
1.0,0.77416927,0.1624631,0
1.0,0.75283223,0.15440303,0
1.0,0.70979893,0.14277151,0
1.0,0.7314329,0.16380651,0
1.0,0.7473188,0.19029647,0
1.0,0.7690721,0.21589983,0
1.0,0.7143503,0.18429556,0
1.0,0.76260084,0.2472454,0
1.0,0.7522891,0.25406867,0
1.0,0.74006325,0.26559,0
1.0,0.66099226,0.21049869,0
1.0,0.70926034,0.26045096,0
1.0,0.71675193,0.29273617,0
1.0,0.7225723,0.31167722,0
1.0,0.68624014,0.2764761,0
1.0,0.73748785,0.34555632,0
1.0,0.7507399,0.36088943,0
1.0,0.76050687,0.36168316,0
1.0,0.7521603,0.36389416,0
1.0,0.80354315,0.42697197,0
1.0,0.8087152,0.42477494,0
1.0,0.81265014,0.43865567,0
1.0,0.8014488,0.42096758,0
1.0,0.831043,0.45876536,0
1.0,0.8251955,0.46600413,0
1.0,0.81451005,0.45184016,0
1.0,0.8049992,0.44195142,0
1.0,0.8109668,0.4535409,0
1.0,0.78714114,0.41463026,0
1.0,0.7552262,0.37881833,0
1.0,0.73781574,0.36705363,0
1.0,0.74333644,0.36928144,0
1.0,0.7200031,0.34538454,0
1.0,0.71058035,0.3388741,0
1.0,0.7130208,0.3259806,0
1.0,0.7231541,0.33012855,0
1.0,0.71695006,0.30563945,0
1.0,0.75225306,0.32599074,0
1.0,0.7496594,0.30767685,0
1.0,0.7771138,0.30900493,0
1.0,0.74814075,0.27775848,0
1.0,0.79768366,0.30348152,0
1.0,0.7800949,0.2686199,0
1.0,0.75105256,0.233152,0
1.0,0.7375373,0.195647,0
1.0,0.77906793,0.22005677,0
1.0,0.7461259,0.19216082,0
1.0,0.7173729,0.1586711,0
1.0,0.7488877,0.19820872,0
1.0,0.84162015,0.28001463,0
1.0,0.81260735,0.24112888,0
1.0,0.8032538,0.23733467,0
1.0,0.80882853,0.24085005,0
1.0,0.8620071,0.279422,0
1.0,0.8199122,0.23825276,0
1.0,0.8195969,0.23391,0
1.0,0.81409705,0.22842366,0
1.0,0.86950046,0.26694185,0
1.0,0.8150649,0.20919502,0
1.0,0.8089751,0.20130256,0
1.0,0.7898158,0.18591166,0
1.0,0.8204402,0.19969082,0
1.0,0.74491644,0.14728534,0
1.0,0.7144306,0.13801895,0
1.0,0.736412,0.14705357,0
1.0,0.8262105,0.19347194,0
1.0,0.74690455,0.15135609,0
1.0,0.7704042,0.17115626,0
1.0,0.7880594,0.1843268,0
1.0,0.87200826,0.25206363,0
1.0,0.80768067,0.20182733,0
1.0,0.8177166,0.21455234,0
1.0,0.81181705,0.1955862,0
1.0,0.85976523,0.22882076,0
1.0,0.808421,0.19225058,0
1.0,0.7975489,0.18044919,0
1.0,0.80632997,0.18772636,0
1.0,0.85427046,0.21304935,0
1.0,0.8280317,0.18549022,0
1.0,0.79821795,0.15891126,0
1.0,0.82291347,0.14416358,0
1.0,0.8392683,0.1488472,0
1.0,0.8094325,0.1301224,0
1.0,0.7841211,0.10420309,0
1.0,0.800349,0.109891936,0
1.0,0.81563574,0.11313915,0
1.0,0.7945119,0.10283976,0
1.0,0.79242337,0.10031421,0
1.0,0.77793545,0.08028333,0
1.0,0.7308793,0.067186296,0
1.0,0.6967316,0.056359217,0
1.0,0.678207,0.05094805,0
1.0,0.6679237,0.049814075,0
1.0,0.6142898,0.046117224,0
1.0,0.60100365,0.044384003,0
1.0,0.5765487,0.046475567,0
1.0,0.5750433,0.046883173,0
1.0,0.5403349,0.053989597,0
1.0,0.5361135,0.05776729,0
1.0,0.5324834,0.07578594,0
1.0,0.5648983,0.06841041,0
1.0,0.54762477,0.077437386,0
1.0,0.519348,0.097803615,0
1.0,0.52100134,0.096251085,0
1.0,0.52331376,0.09579906,0
1.0,0.52869755,0.09474091,0
1.0,0.53014004,0.09453946,0
1.0,0.5266612,0.10364619,0
1.0,0.535983,0.092647925,0
1.0,0.51757616,0.100730225,0
1.0,0.5216654,0.10525943,0
1.0,0.50976783,0.11009623,0
1.0,0.5166268,0.10251155,0
1.0,0.5144731,0.102654584,0
1.0,0.55023664,0.08654794,0
1.0,0.5169157,0.112967975,0
1.0,0.5506315,0.09904436,0
1.0,0.5039318,0.13028459,0
1.0,0.5580458,0.112803996,0
1.0,0.5479885,0.11817769,0
1.0,0.6001664,0.09498736,0
1.0,0.54110473,0.1308185,0
1.0,0.5903547,0.103827,0
1.0,0.53912115,0.13090843,0
1.0,0.57392967,0.1113985,0
1.0,0.5218043,0.14250883,0
1.0,0.5703329,0.115871765,0
1.0,0.53131115,0.13240522,0
1.0,0.56695676,0.10815985,0
1.0,0.51396435,0.14174008,0
1.0,0.55622905,0.11503517,0
1.0,0.51543283,0.12171516,0
1.0,0.5472822,0.102033064,0
1.0,0.5139526,0.12214673,0
1.0,0.5569066,0.09368393,0
1.0,0.52537906,0.11354855,0
1.0,0.5500305,0.10536269,0
1.0,0.51309973,0.12523957,0
1.0,0.5289472,0.121297635,0
1.0,0.52346206,0.12586507,0
1.0,0.5210179,0.1334979,0
1.0,0.52297187,0.14773344,0
1.0,0.5147323,0.1509355,0
1.0,0.4871295,0.17119887,0
1.0,0.46725467,0.19249962,0
1.0,0.48205525,0.18982705,0
1.0,0.47108236,0.2127023,0
1.0,0.47556198,0.20553711,0
1.0,0.4548565,0.2310669,0
1.0,0.46883512,0.23380437,0
1.0,0.46593595,0.22634757,0
1.0,0.4809739,0.22056772,0
1.0,0.45805803,0.25807896,0
1.0,0.4788349,0.24006946,0
1.0,0.45287398,0.28509405,0
1.0,0.46042225,0.30050802,0
1.0,0.43917143,0.33271304,0
1.0,0.45939505,0.3319298,0
1.0,0.4372336,0.36718133,0
1.0,0.4394413,0.3708077,0
1.0,0.42504826,0.3923717,0
1.0,0.44868723,0.36424103,0
1.0,0.43406102,0.39113992,0
1.0,0.431041,0.40109348,0
1.0,0.42243525,0.4144349,0
1.0,0.42655867,0.40990844,0
1.0,0.40781343,0.4313702,0
1.0,0.40703085,0.42879784,0
1.0,0.41677472,0.40612525,0
1.0,0.47062013,0.34145838,0
1.0,0.43536457,0.38955712,0
1.0,0.474632,0.34172305,0
1.0,0.44505167,0.37126777,0
1.0,0.47031522,0.32835644,0
1.0,0.42713192,0.37096542,0
1.0,0.47494406,0.32327178,0
1.0,0.44450635,0.35688305,0
1.0,0.47901618,0.32629293,0
1.0,0.4401931,0.3637542,0
1.0,0.4868364,0.303388,0
1.0,0.4582987,0.340918,0
1.0,0.49177888,0.28742594,0
1.0,0.4493704,0.32878444,0
1.0,0.4914837,0.2973763,0
1.0,0.45671627,0.313214,0
1.0,0.46009335,0.309384,0
1.0,0.4201088,0.35807186,0
1.0,0.46179137,0.30294025,0
1.0,0.42613748,0.34109595,0
1.0,0.4461111,0.31039912,0
1.0,0.4093703,0.3369342,0
1.0,0.45052713,0.28927875,0
1.0,0.40901658,0.35767722,0
1.0,0.3881648,0.40167478,0
1.0,0.37367508,0.41071922,0
1.0,0.38512656,0.42564136,0
1.0,0.37332484,0.46714866,0
1.0,0.37129366,0.47174242,0
1.0,0.35784462,0.5093826,0
1.0,0.35228088,0.552181,0
1.0,0.3523779,0.59124994,0
1.0,0.33620113,0.6349716,0
1.0,0.33491886,0.62874573,0
1.0,0.33035734,0.65044767,0
1.0,0.33313903,0.6587681,0
1.0,0.321302,0.6710168,0
1.0,0.33548146,0.6454992,0
1.0,0.35912055,0.6094706,0
1.0,0.39004433,0.5590792,0
1.0,0.37474626,0.5591262,0
1.0,0.41406706,0.5052735,0
1.0,0.41332898,0.5124103,0
1.0,0.4486347,0.44720945,0
1.0,0.397711,0.5158212,0
1.0,0.42055368,0.48776126,0
1.0,0.42062452,0.47639877,0
1.0,0.4609874,0.44301435,0
1.0,0.41381437,0.50433445,0
1.0,0.4449426,0.4573167,0
1.0,0.44844612,0.454742,0
1.0,0.49201125,0.39394158,0
1.0,0.4304678,0.46447673,0
1.0,0.4684019,0.42325145,0
1.0,0.4653016,0.4261431,0
1.0,0.5157252,0.3463439,0
1.0,0.47226602,0.37416413,0
1.0,0.50431013,0.33923763,0
1.0,0.514433,0.2994179,0
1.0,0.5406664,0.24846075,0
1.0,0.48812723,0.2902852,0
1.0,0.5090457,0.2537558,0
1.0,0.4977369,0.23672554,0
1.0,0.5051428,0.2028391,0
1.0,0.4707712,0.21793,0
1.0,0.47556216,0.22861119,0
1.0,0.49478713,0.20745917,0
1.0,0.543163,0.16539952,0
1.0,0.5586216,0.17689843,0
1.0,0.5585126,0.18695337,0
1.0,0.58233774,0.16715604,0
1.0,0.60203034,0.1546705,0
1.0,0.6132244,0.15142627,0
1.0,0.5652714,0.18555513,0
1.0,0.57288367,0.17710021,0
1.0,0.5976551,0.16020793,0
1.0,0.6010206,0.15484613,0
1.0,0.5490531,0.18937454,0
1.0,0.5823484,0.15892816,0
1.0,0.64830476,0.109098144,0
1.0,0.63818425,0.109629996,0
1.0,0.5964573,0.119137965,0
1.0,0.6085889,0.1029529,0
1.0,0.6481233,0.0852931,0
1.0,0.63822037,0.08531633,0
1.0,0.58920074,0.10717487,0
1.0,0.603098,0.10462332,0
1.0,0.6442308,0.08620539,0
1.0,0.63808066,0.08701646,0
1.0,0.5901164,0.105831526,0
1.0,0.5878977,0.10807131,0
1.0,0.5790193,0.11232997,0
1.0,0.5490616,0.12724587,0
1.0,0.5277494,0.14083657,0
1.0,0.5159967,0.14657485,0
1.0,0.5241693,0.13997412,0
1.0,0.5294207,0.13698813,0
1.0,0.543094,0.11168732,0
1.0,0.5526442,0.09792476,0
1.0,0.54318345,0.097121045,0
1.0,0.5468785,0.07223835,0
1.0,0.540204,0.06564186,0
1.0,0.53912795,0.065027304,0
1.0,0.4948549,0.07715541,0
1.0,0.506785,0.06602912,0
1.0,0.50446886,0.057997007,0
1.0,0.51518583,0.051819976,0
1.0,0.49916533,0.053034503,0
1.0,0.5127826,0.047497854,0
1.0,0.50920445,0.048378758,0
1.0,0.51533073,0.048547417,0
1.0,0.5036587,0.051175106,0
1.0,0.5123119,0.050909996,0
1.0,0.5044401,0.053034957,0
1.0,0.52273005,0.051401507,0
1.0,0.5713337,0.056124736,0
1.0,0.61089957,0.05934141,0
1.0,0.6247826,0.05666165,0
1.0,0.64063656,0.05746185,0
1.0,0.70839196,0.08334247,0
1.0,0.63949114,0.066725954,0
1.0,0.632579,0.06837025,0
1.0,0.6244303,0.06828121,0
1.0,0.7233599,0.11296729,0
1.0,0.65272504,0.08028709,0
1.0,0.67458886,0.08922991,0
1.0,0.6891827,0.09222183,0
1.0,0.827036,0.16993582,0
1.0,0.7816501,0.14012888,0
1.0,0.7842036,0.13455686,0
1.0,0.79845697,0.138545,0
1.0,0.88274544,0.1983743,0
1.0,0.8006848,0.13709664,0
1.0,0.7695112,0.11262624,0
1.0,0.7855831,0.12297456,0
1.0,0.87374145,0.18096575,0
1.0,0.8184819,0.1394716,0
1.0,0.7829269,0.12260189,0
1.0,0.81512785,0.15226974,0
1.0,0.8721894,0.18879904,0
1.0,0.7897232,0.13142273,0
1.0,0.7440546,0.10652863,0
1.0,0.77145416,0.12015421,0
1.0,0.7977319,0.13488387,0
1.0,0.77700275,0.11296038,0
1.0,0.7543555,0.09670843,0
1.0,0.7952101,0.10986378,0
1.0,0.81460464,0.104330175,0
1.0,0.7952186,0.08867298,0
1.0,0.7360816,0.070406534,0
1.0,0.7559988,0.074414,0
1.0,0.71760505,0.060603734,0
1.0,0.6835492,0.050252058,0
1.0,0.626426,0.04569502,0
1.0,0.65433043,0.040378027,0
1.0,0.640705,0.04049723,0
1.0,0.7100855,0.042947803,0
1.0,0.7211811,0.046850078,0
1.0,0.7548494,0.052762624,0
1.0,0.7558616,0.056259975,0
1.0,0.80844057,0.0747861,0
1.0,0.78678936,0.07118432,0
1.0,0.76053226,0.06775203,0
1.0,0.7242054,0.059099372,0
1.0,0.7832787,0.079902805,0
1.0,0.75244457,0.07861775,0
1.0,0.7284935,0.069413304,0
1.0,0.7146705,0.065122634,0
1.0,0.75756943,0.07683635,0
1.0,0.72060704,0.061751224,0
1.0,0.678349,0.051886126,0
1.0,0.67727196,0.051764138,0
1.0,0.736627,0.06277449,0
1.0,0.72754604,0.074173994,0
1.0,0.7084334,0.075115114,0
1.0,0.7339162,0.08424814,0
1.0,0.7645498,0.10220154,0
1.0,0.7759595,0.10986371,0
1.0,0.7444885,0.102632746,0
1.0,0.73578167,0.10908987,0
1.0,0.7169517,0.10536623,0
1.0,0.70207936,0.09539455,0
1.0,0.6748394,0.08255516,0
1.0,0.65213126,0.0749511,0
1.0,0.6545546,0.0744246,0
1.0,0.6859062,0.09103622,0
1.0,0.69830394,0.09615666,0
1.0,0.6791187,0.08690657,0
1.0,0.67861134,0.08403629,0
1.0,0.7062994,0.09379305,0
1.0,0.71435,0.09770663,0
1.0,0.7042463,0.093251064,0
1.0,0.68814087,0.084812835,0
1.0,0.72415125,0.099122405,0
1.0,0.7392797,0.1064215,0
1.0,0.7229942,0.10879924,0
1.0,0.72325456,0.104950964,0
1.0,0.7483465,0.108930886,0
1.0,0.74234354,0.11615594,0
1.0,0.66778797,0.08337906,0
1.0,0.6553904,0.07926276,0
1.0,0.6785181,0.091103114,0
1.0,0.6844718,0.0886298,0
1.0,0.6475229,0.07360412,0
1.0,0.64712775,0.074038,0
1.0,0.68721193,0.07767021,0
1.0,0.7058156,0.08023988,0
1.0,0.68575233,0.07589261,0
1.0,0.64700484,0.06507352,0
1.0,0.67442155,0.06725069,0
1.0,0.6866328,0.06586611,0
1.0,0.67175883,0.052666064,0
1.0,0.62361926,0.04557063,0
1.0,0.6893956,0.055861406,0
1.0,0.7382612,0.06998667,0
1.0,0.72061825,0.062487382,0
1.0,0.68394303,0.05336348,0
1.0,0.7123978,0.062366456,0
1.0,0.72787315,0.0694351,0
1.0,0.7134853,0.07340038,0
1.0,0.71665025,0.080238,0
1.0,0.76229274,0.10368246,0
1.0,0.7818265,0.12172721,0
1.0,0.7959757,0.12684602,0
1.0,0.8084698,0.13810793,0
1.0,0.80827147,0.14021692,0
1.0,0.82977706,0.14618382,0
1.0,0.8507492,0.14398727,0
1.0,0.8820619,0.16269107,0
1.0,0.8715352,0.15870138,0
1.0,0.872714,0.14397675,0
1.0,0.87781626,0.14551383,0
1.0,0.8979184,0.16799352,0
1.0,0.87186944,0.14504936,0
1.0,0.851495,0.13225651,0
1.0,0.86217743,0.144149,0
1.0,0.8840185,0.16037992,0
1.0,0.8352033,0.13596109,0
1.0,0.7961979,0.1165123,0
1.0,0.80818903,0.123445384,0
1.0,0.8359556,0.14410785,0
1.0,0.8019136,0.12417464,0
1.0,0.77635044,0.11262779,0
1.0,0.7914003,0.11813936,0
1.0,0.7918753,0.11260533,0
1.0,0.730884,0.08575465,0
1.0,0.7273176,0.08370621,0
1.0,0.7520064,0.091141805,0
1.0,0.7656558,0.09457053,0
1.0,0.73308355,0.07898314,0
1.0,0.7112057,0.073342405,0
1.0,0.69005746,0.06223233,0
1.0,0.64371395,0.05728863,0
1.0,0.5991454,0.058097176,0
1.0,0.59364754,0.056204494,0
1.0,0.5756984,0.064826004,0
1.0,0.6047855,0.059828512,0
1.0,0.62081254,0.0581918,0
1.0,0.66913307,0.055726312,0
1.0,0.63489074,0.053047627,0
1.0,0.69424176,0.057043143,0
1.0,0.62629324,0.053953253,0
1.0,0.67370033,0.054948043,0
1.0,0.6354534,0.052439593,0
1.0,0.68801796,0.04999142,0
1.0,0.6158736,0.04257202,0
1.0,0.66297877,0.047521133,0
1.0,0.6319782,0.045890376,0
1.0,0.6977,0.048011415,0
1.0,0.65899336,0.060040973,0
1.0,0.6714737,0.06055236,0
1.0,0.63915443,0.06268316,0
1.0,0.70134085,0.055172075,0
1.0,0.64584595,0.060181633,0
1.0,0.6251315,0.07590275,0
1.0,0.5879119,0.08668756,0
1.0,0.6455081,0.07098848,0
1.0,0.6147878,0.08039967,0
1.0,0.58061445,0.086380936,0
1.0,0.55772704,0.0927427,0
1.0,0.5945096,0.0831316,0
1.0,0.5516049,0.09473951,0
1.0,0.5055698,0.10892191,0
1.0,0.5050668,0.12497231,0
1.0,0.54933953,0.1350626,0
1.0,0.5988169,0.1169357,0
1.0,0.5511952,0.15005949,0
1.0,0.5502866,0.17700434,0
1.0,0.5760167,0.18382034,0
1.0,0.6022285,0.18936524,0
1.0,0.5389394,0.24288224,0
1.0,0.5140795,0.27873868,0
1.0,0.51155347,0.30951837,0
1.0,0.49158114,0.34745997,0
1.0,0.43505892,0.40862018,0
1.0,0.42368504,0.42702013,0
1.0,0.44704986,0.40568185,0
1.0,0.46779832,0.37950605,0
1.0,0.45921636,0.3904479,0
1.0,0.48505595,0.36773878,0
1.0,0.520458,0.3333944,0
1.0,0.5141956,0.32684436,0
1.0,0.47798184,0.36107874,0
1.0,0.4893622,0.34830865,0
1.0,0.53454983,0.3031755,0
1.0,0.5628049,0.2783244,0
1.0,0.5508657,0.27716875,0
1.0,0.5332707,0.30062893,0
1.0,0.5528166,0.29265225,0
1.0,0.5087375,0.33998862,0
1.0,0.50597787,0.35757023,0
1.0,0.5430681,0.31944007,0
1.0,0.55826575,0.3019144,0
1.0,0.580841,0.2785192,0
1.0,0.61185455,0.25302094,0
1.0,0.69533515,0.18494499,0
1.0,0.7490164,0.13978839,0
1.0,0.76020813,0.13494875,0
1.0,0.8001256,0.11474311,0
1.0,0.8160822,0.09529985,0
1.0,0.7614627,0.09691851,0
1.0,0.7430316,0.09316726,0
1.0,0.77830875,0.085290805,0
1.0,0.8097,0.076498635,0
1.0,0.7634438,0.062720746,0
1.0,0.7607594,0.056405045,0
1.0,0.82880706,0.06337927,0
1.0,0.85249746,0.06660481,0
1.0,0.850422,0.066320606,0
1.0,0.8276279,0.061758302,0
1.0,0.8728349,0.06593456,0
1.0,0.88955534,0.07073162,0
1.0,0.85165393,0.064157605,0
1.0,0.83251077,0.05968343,0
1.0,0.8503685,0.062699094,0
1.0,0.85729337,0.06418919,0
1.0,0.8259429,0.062401373,0
1.0,0.7993776,0.066178866,0
1.0,0.8407254,0.072838575,0
1.0,0.8177069,0.06822468,0
1.0,0.77257806,0.058737077,0
1.0,0.7312246,0.05063529,0
1.0,0.7434863,0.045289773,0
1.0,0.75601727,0.048784368,0
1.0,0.7949803,0.054750606,0
1.0,0.7677617,0.051465765,0
1.0,0.77289194,0.04663886,0
1.0,0.7722842,0.048295096,0
1.0,0.7921484,0.050569076,0
1.0,0.7526719,0.052277576,0
1.0,0.7556361,0.05352533,0
1.0,0.7324172,0.05408038,0
1.0,0.69276047,0.05867519,0
1.0,0.64002526,0.0683001,0
1.0,0.6812485,0.056762792,0
1.0,0.68939424,0.055061705,0
1.0,0.6963184,0.05806151,0
1.0,0.66904116,0.05953054,0
1.0,0.7306839,0.04710992,0
1.0,0.7316825,0.046208836,0
1.0,0.7407242,0.04643465,0
1.0,0.686534,0.04806962,0
1.0,0.68480444,0.047490034,0
1.0,0.7078959,0.045624916,0
1.0,0.7069674,0.04719162,0
1.0,0.68247384,0.05057127,0
1.0,0.685163,0.05016378,0
1.0,0.69758785,0.0583803,0
1.0,0.6551836,0.075347796,0
1.0,0.6312811,0.08286124,0
1.0,0.6404284,0.085109904,0
1.0,0.6485228,0.08245589,0
1.0,0.65334105,0.081719674,0
1.0,0.62688774,0.102531105,0
1.0,0.5965425,0.11666393,0
1.0,0.61041677,0.10694906,0
1.0,0.59851027,0.111222774,0
1.0,0.5807242,0.12142496,0
1.0,0.52809757,0.16431133,0
1.0,0.52711135,0.15384254,0
1.0,0.516464,0.15268113,0
1.0,0.49525088,0.16300038,0
1.0,0.457427,0.18678099,0
1.0,0.45549023,0.18525603,0
1.0,0.4583462,0.18826517,0
1.0,0.45368585,0.19449691,0
1.0,0.43235287,0.21902898,0
1.0,0.43212757,0.24398868,0
1.0,0.42909065,0.26374274,0
1.0,0.4237812,0.30435115,0
1.0,0.41756988,0.3170955,0
1.0,0.41495997,0.31916833,0
1.0,0.41796142,0.32620394,0
1.0,0.3962461,0.35916585,0
1.0,0.36532402,0.39629817,0
1.0,0.3663114,0.39734238,0
1.0,0.36450383,0.3986019,0
1.0,0.36432987,0.39671707,0
1.0,0.36392617,0.39877868,0
1.0,0.37030268,0.37344214,0
1.0,0.38429543,0.33391207,0
1.0,0.40558323,0.30208212,0
1.0,0.4211416,0.27688766,0
1.0,0.41192147,0.29323334,0
1.0,0.4374171,0.27900648,0
1.0,0.43730807,0.26187676,0
1.0,0.428347,0.2684741,0
1.0,0.42304623,0.27397195,0
1.0,0.46410865,0.24424142,0
1.0,0.46088398,0.24968755,0
1.0,0.46405905,0.22793537,0
1.0,0.44605133,0.2494753,0
1.0,0.47114974,0.24805689,0
1.0,0.46056828,0.25418755,0
1.0,0.45817184,0.25053647,0
1.0,0.44007483,0.26465517,0
1.0,0.48135155,0.22009377,0
1.0,0.50052476,0.20575073,0
1.0,0.50610423,0.19674611,0
1.0,0.5063308,0.18479457,0
1.0,0.5318142,0.15763098,0
1.0,0.5310598,0.12758869,0
1.0,0.53011537,0.1295991,0
1.0,0.5299014,0.1388398,0
1.0,0.54005253,0.124900624,0
1.0,0.52487594,0.1264254,0
1.0,0.49562714,0.1523047,0
1.0,0.49969596,0.16570303,0
1.0,0.49733186,0.16841602,0
1.0,0.49754485,0.19290172,0
1.0,0.4922107,0.21936765,0
1.0,0.4927726,0.22451776,0
1.0,0.49429318,0.2509439,0
1.0,0.48167816,0.2956782,0
1.0,0.48159763,0.3231219,0
1.0,0.46636188,0.34025028,0
1.0,0.4754468,0.32020274,0
1.0,0.4584922,0.35465705,0
1.0,0.44978225,0.38005602,0
1.0,0.43529832,0.4012415,0
1.0,0.43590242,0.41018915,0
1.0,0.4073892,0.45903605,0
1.0,0.41016886,0.48948628,0
1.0,0.41216192,0.5188831,0
1.0,0.42702025,0.4974915,0
1.0,0.41503742,0.5163697,0
1.0,0.4097088,0.5416244,0
1.0,0.39655983,0.6021702,0
1.0,0.40042648,0.6474451,0
1.0,0.37965176,0.7051393,0
1.0,0.3766927,0.72109854,0
1.0,0.3714326,0.7458538,0
1.0,0.38458824,0.7427348,0
1.0,0.36451802,0.7856933,0
1.0,0.36869958,0.79294556,0
1.0,0.36242166,0.809691,0
1.0,0.35687354,0.81897736,0
1.0,0.35004964,0.84152424,0
1.0,0.3500503,0.8364285,0
1.0,0.36007315,0.8054731,0
1.0,0.3624296,0.8048435,0
1.0,0.35616007,0.7920752,0
1.0,0.35705054,0.7796463,0
1.0,0.3766421,0.7611233,0
1.0,0.38140872,0.7450703,0
1.0,0.38776302,0.7008508,0
1.0,0.38477892,0.6837691,0
1.0,0.38491663,0.71721566,0
1.0,0.37229168,0.75464106,0
1.0,0.3583264,0.76475585,0
1.0,0.35270488,0.7752695,0
1.0,0.35530278,0.78957903,0
1.0,0.35859057,0.7758448,0
1.0,0.35776645,0.75649714,0
1.0,0.35782498,0.7406698,0
1.0,0.36419258,0.698796,0
1.0,0.3612855,0.6844264,0
1.0,0.3609859,0.6900728,0
1.0,0.35906336,0.6810913,0
1.0,0.36764038,0.6309477,0
1.0,0.37394565,0.5720464,0
1.0,0.37242064,0.55172324,0
1.0,0.37265807,0.5671383,0
1.0,0.37758717,0.54173297,0
1.0,0.37730134,0.5286586,0
1.0,0.37667102,0.54575914,0
1.0,0.37374914,0.55813193,0
1.0,0.4063157,0.5266291,0
1.0,0.38749903,0.57067406,0
1.0,0.3843974,0.59483737,0
1.0,0.37652582,0.61671335,0
1.0,0.3910792,0.6047176,0
1.0,0.37973928,0.64252424,0
1.0,0.39002964,0.62692475,0
1.0,0.38167378,0.63154984,0
1.0,0.39807388,0.58645767,0
1.0,0.399601,0.56456935,0
1.0,0.4006638,0.5967016,0
1.0,0.3990479,0.6025078,0
1.0,0.39886516,0.5606977,0
1.0,0.39029753,0.5604619,0
1.0,0.394227,0.5522537,0
1.0,0.39410025,0.54642344,0
1.0,0.400733,0.52329934,0
1.0,0.3917345,0.5322912,0
1.0,0.3945837,0.5432901,0
1.0,0.39012185,0.54866457,0
1.0,0.41043794,0.5205832,0
1.0,0.407729,0.5405824,0
1.0,0.40552172,0.5516555,0
1.0,0.40439284,0.55466485,0
1.0,0.38144946,0.5969646,0
1.0,0.38860062,0.6143038,0
1.0,0.37759972,0.6328726,0
1.0,0.38464382,0.6011443,0
1.0,0.37500513,0.6229001,0
1.0,0.38610446,0.6013293,0
1.0,0.37496188,0.6130781,0
1.0,0.3839241,0.5766705,0
1.0,0.37819225,0.55327344,0
1.0,0.374699,0.56414425,0
1.0,0.36466876,0.5586009,0
1.0,0.36598998,0.54171914,0
1.0,0.36978152,0.5417764,0
1.0,0.37258685,0.5139605,0
1.0,0.36259785,0.5172897,0
1.0,0.3613814,0.5266672,0
1.0,0.36953792,0.5161745,0
1.0,0.37060457,0.5120661,0
1.0,0.3661084,0.48536026,0
1.0,0.3615829,0.47870547,0
1.0,0.35279742,0.503799,0
1.0,0.35486203,0.49819848,0
1.0,0.34837833,0.50012654,0
1.0,0.34631932,0.49337524,0
1.0,0.35078546,0.4709645,0
1.0,0.35805774,0.4542901,0
1.0,0.36510235,0.42612287,0
1.0,0.38021275,0.38653365,0
1.0,0.40295208,0.35319215,0
1.0,0.3985612,0.3518722,0
1.0,0.41944316,0.31621605,0
1.0,0.40020967,0.33598357,0
1.0,0.4175585,0.3028614,0
1.0,0.42492628,0.26569703,0
1.0,0.4558614,0.2331168,0
1.0,0.44760236,0.24045701,0
1.0,0.45457733,0.21794072,0
1.0,0.45953655,0.20911983,0
1.0,0.47987205,0.19265574,0
1.0,0.46628252,0.20582625,0
1.0,0.51165855,0.17355034,0
1.0,0.5015693,0.16008335,0
1.0,0.5390214,0.13167924,0
1.0,0.50817424,0.14513807,0
1.0,0.518644,0.120973945,0
1.0,0.52945495,0.11030739,0
1.0,0.5879696,0.08601555,0
1.0,0.5631636,0.0827853,0
1.0,0.5783137,0.07530975,0
1.0,0.578512,0.07451594,0
1.0,0.62142795,0.06257913,0
1.0,0.55665624,0.08035171,0
1.0,0.5722039,0.07330231,0
1.0,0.6234935,0.066005915,0
1.0,0.632525,0.06603226,0
1.0,0.6212039,0.06642851,0
1.0,0.5991035,0.06789027,0
1.0,0.6181716,0.07366812,0
1.0,0.6123876,0.07361493,0
1.0,0.5930554,0.07048388,0
1.0,0.6023449,0.07681664,0
1.0,0.6344856,0.071284935,0
1.0,0.6544157,0.08311996,0
1.0,0.6317255,0.090534195,0
1.0,0.5921127,0.08759524,0
1.0,0.6769517,0.12740815,0
1.0,0.7101799,0.15580994,0
1.0,0.70637614,0.16945374,0
1.0,0.72126234,0.1964185,0
1.0,0.76311606,0.22941104,0
1.0,0.7866138,0.2632659,0
1.0,0.74870676,0.24446136,0
1.0,0.73752123,0.24696371,0
1.0,0.7661073,0.2808997,0
1.0,0.8017132,0.31555337,0
1.0,0.7793424,0.29955384,0
1.0,0.7720534,0.29715565,0
1.0,0.8015135,0.32310498,0
1.0,0.85614383,0.38169444,0
1.0,0.8430733,0.3655178,0
1.0,0.8490161,0.3683815,0
1.0,0.87374234,0.40666756,0
1.0,0.90500546,0.4560838,0
1.0,0.8926595,0.4437201,0
1.0,0.89904135,0.4548382,0
1.0,0.9138589,0.48477876,0
1.0,0.93439776,0.53008294,0
1.0,0.9268783,0.5395409,0
1.0,0.93491435,0.5613686,0
1.0,0.9291919,0.55535537,0
1.0,0.93122756,0.57613325,0
1.0,0.9100189,0.5524768,0
1.0,0.9133353,0.54739743,0
1.0,0.9151896,0.5552335,0
1.0,0.9187091,0.5361593,0
1.0,0.9152714,0.504668,0
1.0,0.92912245,0.52480364,0
1.0,0.93236446,0.4918102,0
1.0,0.9307855,0.46474266,0
1.0,0.92082137,0.42624646,0
1.0,0.9204852,0.39788154,0
1.0,0.91203827,0.3847379,0
1.0,0.90654194,0.35425526,0
1.0,0.8841839,0.31408298,0
1.0,0.8926445,0.32763106,0
1.0,0.8945254,0.34236687,0
1.0,0.91090786,0.38319916,0
1.0,0.9028204,0.37789503,0
1.0,0.8859088,0.36212108,0
1.0,0.89811337,0.38251737,0
1.0,0.8880135,0.37388858,0
1.0,0.8629369,0.3669837,0
1.0,0.8044396,0.3166012,0
1.0,0.8496584,0.36169404,0
1.0,0.85406095,0.35797173,0
1.0,0.86193967,0.35845008,0
1.0,0.80480653,0.28819835,0
1.0,0.8542528,0.32832658,0
1.0,0.87291896,0.32746577,0
1.0,0.88354725,0.3152553,0
1.0,0.8306083,0.25631613,0
1.0,0.8660208,0.29196364,0
1.0,0.8858339,0.2958727,0
1.0,0.88691854,0.28778037,0
1.0,0.81569,0.22134297,0
1.0,0.8506365,0.2486418,0
1.0,0.8820887,0.28015727,0
1.0,0.8910351,0.29507548,0
1.0,0.8243386,0.23301968,0
1.0,0.84024084,0.25670698,0
1.0,0.8795798,0.32866696,0
1.0,0.88662416,0.351427,0
1.0,0.8315322,0.30548394,0
1.0,0.8377734,0.3350341,0
1.0,0.89011776,0.38936752,0
1.0,0.91458535,0.4144547,0
1.0,0.8649724,0.35411438,0
1.0,0.86370325,0.3367539,0
1.0,0.90543383,0.36677444,0
1.0,0.9283175,0.3890183,0
1.0,0.8808763,0.33490276,0
1.0,0.8708019,0.3309254,0
1.0,0.89698184,0.36628458,0
1.0,0.9057352,0.3664709,0
1.0,0.8354076,0.29464364,0
1.0,0.8316934,0.29453814,0
1.0,0.8402178,0.312903,0
1.0,0.8691002,0.35605875,0
1.0,0.8073773,0.29393408,0
1.0,0.81096137,0.3107137,0
1.0,0.81643504,0.33737552,0
1.0,0.8428167,0.37819085,0
1.0,0.7877666,0.33269364,0
1.0,0.7948212,0.33102074,0
1.0,0.7504078,0.29055312,0
1.0,0.7589515,0.32128173,0
1.0,0.69040996,0.2578,0
1.0,0.6935094,0.26127076,0
1.0,0.64954466,0.22608094,0
1.0,0.6603977,0.23395829,0
1.0,0.599671,0.18368882,0
1.0,0.60497653,0.18988964,0
1.0,0.5917598,0.16426615,0
1.0,0.5804893,0.15813532,0
1.0,0.58939487,0.16218641,0
1.0,0.60508716,0.1604674,0
1.0,0.59180313,0.17397374,0
1.0,0.5765635,0.16375318,0
1.0,0.5850689,0.16538067,0
1.0,0.60958606,0.1864209,0
1.0,0.6241297,0.19577962,0
1.0,0.59592664,0.1746479,0
1.0,0.6148257,0.19151172,0
1.0,0.6431331,0.20856975,0
1.0,0.6735684,0.2287687,0
1.0,0.64182794,0.19851582,0
1.0,0.68701845,0.22848074,0
1.0,0.7115266,0.24338333,0
1.0,0.76086813,0.2781725,0
1.0,0.71699184,0.22819544,0
1.0,0.7660801,0.27128053,0
1.0,0.78355616,0.28475252,0
1.0,0.80233794,0.28767872,0
1.0,0.77017474,0.24883297,0
1.0,0.81382257,0.28166848,0
1.0,0.82954586,0.2925166,0
1.0,0.8276631,0.2924674,0
1.0,0.783964,0.26138252,0
1.0,0.82628864,0.30481076,0
1.0,0.8589274,0.34548426,0
1.0,0.86532396,0.36025715,0
1.0,0.83213216,0.32989353,0
1.0,0.8716675,0.37475327,0
1.0,0.879467,0.38211623,0
1.0,0.8676827,0.37418166,0
1.0,0.8255337,0.317842,0
1.0,0.8467054,0.34811175,0
1.0,0.8454936,0.34303465,0
1.0,0.8321113,0.29261607,0
1.0,0.80118805,0.261392,0
1.0,0.826639,0.28371596,0
1.0,0.833406,0.28678447,0
1.0,0.8043512,0.2608782,0
1.0,0.7770617,0.23058732,0
1.0,0.7814187,0.25282145,0
1.0,0.78100693,0.26079938,0
1.0,0.763512,0.2502733,0
1.0,0.73372006,0.23718205,0
1.0,0.7393663,0.2475632,0
1.0,0.7404498,0.25249934,0
1.0,0.7497934,0.26046884,0
1.0,0.7576355,0.26962996,0
1.0,0.74754703,0.26604944,0
1.0,0.7196476,0.23811473,0
1.0,0.6969165,0.22844318,0
1.0,0.70261526,0.23410617,0
1.0,0.67018944,0.20186678,0
1.0,0.67947215,0.20966679,0
1.0,0.6843987,0.21069118,0
1.0,0.72584724,0.21741499,0
1.0,0.713774,0.2059,0
1.0,0.71714175,0.22506592,0
1.0,0.7521592,0.2534198,0
1.0,0.81481797,0.3193207,0
1.0,0.7820889,0.29369155,0
1.0,0.7841752,0.286894,0
1.0,0.8095768,0.32965833,0
1.0,0.8383176,0.3965246,0
1.0,0.798484,0.34396848,0
1.0,0.81668246,0.37096483,0
1.0,0.8279676,0.3943072,0
1.0,0.85619664,0.43604407,0
1.0,0.8212284,0.4134668,0
1.0,0.83477575,0.42599094,0
1.0,0.8403236,0.43949413,0
1.0,0.8477236,0.45309886,0
1.0,0.8100198,0.3860587,0
1.0,0.82361794,0.40468985,0
1.0,0.8383531,0.4173596,0
1.0,0.8446614,0.41234636,0
1.0,0.8153625,0.3855527,0
1.0,0.81593966,0.39749604,0
1.0,0.8141344,0.40742594,0
1.0,0.81117225,0.40645218,0
1.0,0.76593,0.35026604,0
1.0,0.7827134,0.36641338,0
1.0,0.7490797,0.32553005,0
1.0,0.70247597,0.2825393,0
1.0,0.64655554,0.23431936,0
1.0,0.65525293,0.2467375,0
1.0,0.62034255,0.21631998,0
1.0,0.61497605,0.21332341,0
1.0,0.5914235,0.18995081,0
1.0,0.6029068,0.18171239,0
1.0,0.5873006,0.16483524,0
1.0,0.5894365,0.16399176,0
1.0,0.5638227,0.1419725,0
1.0,0.5765464,0.14997505,0
1.0,0.5580364,0.11940649,0
1.0,0.5616756,0.10083234,0
1.0,0.5397511,0.09031947,0
1.0,0.5742551,0.10827164,0
1.0,0.5578637,0.10007697,0
1.0,0.5557715,0.09441925,0
1.0,0.55387247,0.09143713,0
1.0,0.5900873,0.11863443,0
1.0,0.5870668,0.12155332,0
1.0,0.5744215,0.13348708,0
1.0,0.5858134,0.14121883,0
1.0,0.6260013,0.16606922,0
1.0,0.6453399,0.18840036,0
1.0,0.6159578,0.16811395,0
1.0,0.6192318,0.17330158,0
1.0,0.6631109,0.20631327,0
1.0,0.66703624,0.2102819,0
1.0,0.64940685,0.20348944,0
1.0,0.6422549,0.20103669,0
1.0,0.67503995,0.24177238,0
1.0,0.67270094,0.23926431,0
1.0,0.65343595,0.22113982,0
1.0,0.6312214,0.21886387,0
1.0,0.66109043,0.2584774,0
1.0,0.6672845,0.27690685,0
1.0,0.6742336,0.2932303,0
1.0,0.6474632,0.26955137,0
1.0,0.671122,0.3126217,0
1.0,0.66945124,0.3330307,0
1.0,0.69152063,0.36181998,0
1.0,0.6526274,0.3274348,0
1.0,0.6728906,0.36930814,0
1.0,0.6733724,0.38525486,0
1.0,0.71687347,0.4670298,0
1.0,0.67005503,0.42883545,0
1.0,0.69508743,0.45962214,0
1.0,0.6936912,0.4584021,0
1.0,0.74558985,0.53612244,0
1.0,0.70779455,0.48411787,0
1.0,0.74217725,0.54764485,0
1.0,0.74239206,0.54936355,0
1.0,0.78165454,0.5898754,0
1.0,0.7558413,0.59332764,0
1.0,0.78256744,0.68836236,0
1.0,0.7783485,0.7128846,0
1.0,0.81121266,0.78248537,0
1.0,0.80966353,0.7724637,0
1.0,0.8340862,0.8264619,0
1.0,0.83083385,0.8515829,0
1.0,0.85085255,0.9205637,0
1.0,0.859039,0.9625746,0
1.0,0.870546,0.986395,0
1.0,0.8677246,0.99815047,0
1.0,0.8786377,1.0317782,0
1.0,0.87524354,0.99702626,0
1.0,0.89415115,1.0082614,0
1.0,0.8995909,1.0103581,0
1.0,0.90471303,1.0208929,0
1.0,0.9038933,1.0344095,0
1.0,0.91286445,1.0298386,0
1.0,0.9073656,0.98781705,0
1.0,0.8969115,0.975034,0
1.0,0.89066243,0.9467027,0
1.0,0.8958522,0.9401021,0
1.0,0.89341897,0.9321047,0
1.0,0.87817097,0.86768734,0
1.0,0.8811659,0.9040519,0
1.0,0.9029243,1.0210733,0
1.0,0.90594083,1.0569266,0
1.0,0.90473413,1.0751472,0
1.0,0.9093176,1.0926164,0
1.0,0.929187,1.1452824,0
1.0,0.9300278,1.1859337,0
1.0,0.91530806,1.1924634,0
1.0,0.9104962,1.194912,0
1.0,0.925364,1.2041146,0
1.0,0.92173296,1.1820209,0
1.0,0.90444976,1.1765649,0
1.0,0.89676386,1.1880385,0
1.0,0.90420544,1.2033286,0
1.0,0.88917345,1.1614492,0
1.0,0.86161685,1.1064042,0
1.0,0.8612528,1.126018,0
1.0,0.8778758,1.1673882,0
1.0,0.87654936,1.1832168,0
1.0,0.86730975,1.2182271,0
1.0,0.8698934,1.2670953,0
1.0,0.880038,1.342971,0
1.0,0.8818979,1.4070832,0
1.0,0.8738342,1.4160491,0
1.0,0.87103003,1.4152794,0
1.0,0.8641709,1.4541875,0
1.0,0.86829317,1.5456152,0
1.0,0.85321414,1.5344565,0
1.0,0.85460126,1.5615976,0
1.0,0.8454706,1.5620147,0
1.0,0.84919536,1.5825813,0
1.0,0.84060454,1.5670003,0
1.0,0.83608365,1.5114212,0
1.0,0.83813095,1.4540515,0
1.0,0.83971334,1.4336505,0
1.0,0.83537805,1.4347848,0
1.0,0.83781356,1.445647,0
1.0,0.8341115,1.4120189,0
1.0,0.83373207,1.3791149,0
1.0,0.8314266,1.3556321,0
1.0,0.8316845,1.3502843,0
1.0,0.83038414,1.3465128,0
1.0,0.82862407,1.3717178,0
1.0,0.8284541,1.389295,0
1.0,0.8295787,1.400728,0
1.0,0.83144194,1.4362607,0
1.0,0.8275787,1.4279004,0
1.0,0.8312306,1.4200039,0
1.0,0.83106667,1.4163226,0
1.0,0.833141,1.4268932,0
1.0,0.82412887,1.3925393,0
1.0,0.8156266,1.3417214,0
1.0,0.8059763,1.3031619,0
1.0,0.8037681,1.2635723,0
1.0,0.7881476,1.1936814,0
1.0,0.78377295,1.1861186,0
1.0,0.7799858,1.1774297,0
1.0,0.77336764,1.1389205,0
1.0,0.76738673,1.0856184,0
1.0,0.7630125,1.0568022,0
1.0,0.7638532,1.0676774,0
1.0,0.76619446,1.0972452,0
1.0,0.76040035,1.1133623,0
1.0,0.76177895,1.1502758,0
1.0,0.76287925,1.1870342,0
1.0,0.7634048,1.223774,0
1.0,0.7635501,1.2493032,0
1.0,0.75995487,1.2431467,0
1.0,0.76779515,1.2624085,0
1.0,0.7593816,1.2531998,0
1.0,0.7563037,1.2536001,0
1.0,0.7479028,1.220274,0
1.0,0.74969625,1.1965233,0
1.0,0.74793494,1.2116532,0
1.0,0.7490235,1.1933994,0
1.0,0.7516378,1.156209,0
1.0,0.76408964,1.1815104,0
1.0,0.76343274,1.1614516,0
1.0,0.76766616,1.1795495,0
1.0,0.7718533,1.2229782,0
1.0,0.78044975,1.2545602,0
1.0,0.78026295,1.2906586,0
1.0,0.7840092,1.3302128,0
1.0,0.7893318,1.3543286,0
1.0,0.79792446,1.4034332,0
1.0,0.8006194,1.4226395,0
1.0,0.8103575,1.4472585,0
1.0,0.8093995,1.4684836,0
1.0,0.8157868,1.5046713,0
1.0,0.8140779,1.525171,0
1.0,0.8205912,1.5584217,0
1.0,0.82076424,1.5661371,0
1.0,0.82385516,1.5700423,0
1.0,0.8190551,1.5213706,0
1.0,0.82382935,1.500791,0
1.0,0.82999474,1.4939256,0
1.0,0.82655597,1.4600936,0
1.0,0.82309973,1.4583701,0
1.0,0.8256723,1.4736779,0
1.0,0.8280386,1.4801314,0
1.0,0.8246961,1.4813912,0
1.0,0.8206599,1.4609203,0
1.0,0.8258941,1.4636651,0
1.0,0.8297204,1.4894251,0
1.0,0.82535964,1.4922884,0
1.0,0.82627213,1.4582101,0
1.0,0.8249935,1.4323967,0
1.0,0.83069754,1.4674726,0
1.0,0.822992,1.4238598,0
1.0,0.82233953,1.3899859,0
1.0,0.82462925,1.3778131,0
1.0,0.8398963,1.3528283,0
1.0,0.8252978,1.2658018,0
1.0,0.8343456,1.2352865,0
1.0,0.8187266,1.1506755,0
1.0,0.84251934,1.1828343,0
1.0,0.8245111,1.1133418,0
1.0,0.82676387,1.1083784,0
1.0,0.8111597,1.0732167,0
1.0,0.82985586,1.060928,0
1.0,0.81888163,1.0329039,0
1.0,0.8190848,1.0471983,0
1.0,0.80696625,1.016601,0
1.0,0.83639455,1.0752822,0
1.0,0.8280076,1.071227,0
1.0,0.8331482,1.1120789,0
1.0,0.8244978,1.0937698,0
1.0,0.84322864,1.117024,0
1.0,0.8419929,1.111118,0
1.0,0.8327039,1.0931354,0
1.0,0.8304071,1.0830216,0
1.0,0.84404016,1.0876894,0
1.0,0.85470104,1.079369,0
1.0,0.84785646,1.0636575,0
1.0,0.8424503,1.061367,0
1.0,0.84379745,1.0397817,0
1.0,0.8642163,1.0580201,0
1.0,0.8422047,1.0405209,0
1.0,0.85626394,1.1082984,0
1.0,0.851935,1.1228305,0
1.0,0.8756051,1.2233188,0
1.0,0.863132,1.2454753,0
1.0,0.88049924,1.2868745,0
1.0,0.8816962,1.3215585,0
1.0,0.89706606,1.397922,0
1.0,0.88509196,1.3830003,0
1.0,0.8952825,1.4546161,0
1.0,0.88913864,1.473825,0
1.0,0.9045621,1.5053025,0
1.0,0.8919046,1.4748741,0
1.0,0.89565605,1.4854853,0
1.0,0.8904139,1.4605644,0
1.0,0.9091014,1.4686275,0
1.0,0.9079597,1.3989503,0
1.0,0.91195756,1.3571378,0
1.0,0.9054172,1.3203872,0
1.0,0.9177262,1.3166422,0
1.0,0.90864533,1.2632234,0
1.0,0.907842,1.2488741,0
1.0,0.89959186,1.2269843,0
1.0,0.9001574,1.2101355,0
1.0,0.89634,1.1403714,0
1.0,0.89233905,1.0933174,0
1.0,0.8793272,1.0632067,0
1.0,0.8732949,1.0734711,0
1.0,0.87195635,1.076673,0
1.0,0.8584803,1.0238658,0
1.0,0.8434398,0.99099314,0
1.0,0.84352386,0.97359073,0
1.0,0.8616343,0.95544815,0
1.0,0.87522244,0.9334358,0
1.0,0.8784521,0.8710625,0
1.0,0.8691875,0.78637904,0
1.0,0.8822793,0.77117187,0
1.0,0.87820315,0.74574405,0
1.0,0.8650098,0.6801316,0
1.0,0.838841,0.59217143,0
1.0,0.8456686,0.58420736,0
1.0,0.82791054,0.5068986,0
1.0,0.8028556,0.42333007,0
1.0,0.7688024,0.40348536,0
1.0,0.80453026,0.43562752,0
1.0,0.8148059,0.4332651,0
1.0,0.8286862,0.47086728,0
1.0,0.8218686,0.45581913,0
1.0,0.8654423,0.5066293,0
1.0,0.8595743,0.49924466,0
1.0,0.8772532,0.5153115,0
1.0,0.865303,0.48742062,0
1.0,0.89748245,0.5082102,0
1.0,0.8867339,0.47809917,0
1.0,0.89209753,0.47808206,0
1.0,0.8554433,0.42238712,0
1.0,0.8737752,0.43509454,0
1.0,0.8450401,0.38786444,0
1.0,0.8580548,0.3815694,0
1.0,0.8237946,0.31262046,0
1.0,0.84735024,0.31650543,0
1.0,0.8308976,0.29880133,0
1.0,0.8466635,0.33490634,0
1.0,0.8451439,0.35050446,0
1.0,0.8826455,0.3995357,0
1.0,0.8724002,0.37720728,0
1.0,0.9004484,0.4052298,0
1.0,0.8910487,0.4009195,0
1.0,0.8843368,0.3802889,0
1.0,0.85020286,0.33964512,0
1.0,0.867546,0.37899858,0
1.0,0.86739874,0.3878153,0
1.0,0.86854327,0.37423396,0
1.0,0.8165204,0.31450027,0
1.0,0.84175444,0.33384946,0
1.0,0.83154625,0.28135926,0
1.0,0.82539576,0.2680059,0
1.0,0.78903216,0.2299242,0
1.0,0.82986915,0.25575405,0
1.0,0.85088587,0.29654467,0
1.0,0.8838246,0.34270912,0
1.0,0.8353454,0.29865682,0
1.0,0.86482215,0.35695505,0
1.0,0.8814457,0.39091218,0
1.0,0.91198814,0.42588773,0
1.0,0.87175125,0.39586344,0
1.0,0.88675874,0.45433718,0
1.0,0.86846524,0.44696063,0
1.0,0.88431627,0.4817658,0
1.0,0.8527526,0.46045166,0
1.0,0.85191834,0.4746725,0
1.0,0.8501775,0.47230375,0
1.0,0.9012937,0.53888047,0
1.0,0.89541256,0.5375657,0
1.0,0.89815867,0.51903117,0
1.0,0.88931113,0.48686445,0
1.0,0.90848076,0.5105683,0
1.0,0.91144353,0.5148492,0
1.0,0.89457476,0.4885865,0
1.0,0.890519,0.4754017,0
1.0,0.8981596,0.48954982,0
1.0,0.9003675,0.49102014,0
1.0,0.886852,0.45479056,0
1.0,0.8838623,0.4463181,0
1.0,0.8665704,0.44520593,0
1.0,0.8949361,0.5086272,0
1.0,0.88805854,0.51387334,0
1.0,0.8869515,0.52038443,0
1.0,0.87274677,0.50448257,0
1.0,0.903511,0.54370964,0
1.0,0.87245524,0.4941362,0
1.0,0.87262213,0.47775918,0
1.0,0.8627805,0.4561509,0
1.0,0.890631,0.48319143,0
1.0,0.86130035,0.41409457,0
1.0,0.8611392,0.3927371,0
1.0,0.85854256,0.39187104,0
1.0,0.8755524,0.3909423,0
1.0,0.825568,0.29499277,0
1.0,0.8324824,0.3028338,0
1.0,0.8420321,0.29948348,0
1.0,0.8556109,0.2950058,0
1.0,0.7776419,0.21205783,0
1.0,0.77933824,0.21119192,0
1.0,0.80375844,0.23346706,0
1.0,0.8143057,0.24257365,0
1.0,0.73821855,0.18083341,0
1.0,0.7510815,0.19496933,0
1.0,0.83446586,0.26134664,0
1.0,0.7934205,0.22360787,0
1.0,0.74142116,0.19281948,0
1.0,0.71291846,0.18013552,0
1.0,0.749306,0.2014464,0
1.0,0.68891996,0.15199259,0
1.0,0.6991865,0.1578891,0
1.0,0.6709364,0.13921566,0
1.0,0.71358764,0.1468603,0
1.0,0.6591392,0.09937893,0
1.0,0.70931935,0.109779835,0
1.0,0.65188086,0.08423436,0
1.0,0.69792783,0.10152677,0
1.0,0.61807007,0.07276814,0
1.0,0.71096873,0.11484307,0
1.0,0.7018864,0.10945801,0
1.0,0.77303,0.15434894,0
1.0,0.72181547,0.14393297,0
1.0,0.8298454,0.23595509,0
1.0,0.8057624,0.21884063,0
1.0,0.8480883,0.2585966,0
1.0,0.79920095,0.23003191,0
1.0,0.85819465,0.28146213,0
1.0,0.8193617,0.23731299,0
1.0,0.8324745,0.25959092,0
1.0,0.8019296,0.23897837,0
1.0,0.83128244,0.28251743,0
1.0,0.82085925,0.28515178,0
1.0,0.8337623,0.2955405,0
1.0,0.81582546,0.26755685,0
1.0,0.84348106,0.29144907,0
1.0,0.8503301,0.30220753,0
1.0,0.8554427,0.32253093,0
1.0,0.8434648,0.3269844,0
1.0,0.8578493,0.3382491,0
1.0,0.869851,0.34419116,0
1.0,0.86250854,0.3541931,0
1.0,0.8473289,0.36117753,0
1.0,0.8578147,0.37708044,0
1.0,0.825071,0.34373248,0
1.0,0.7869851,0.32067305,0
1.0,0.7498303,0.2924878,0
1.0,0.7777737,0.32466042,0
1.0,0.76117224,0.30212367,0
1.0,0.75826234,0.29853243,0
1.0,0.73722833,0.2681746,0
1.0,0.7865924,0.30768567,0
1.0,0.7766172,0.29822564,0
1.0,0.7590478,0.26953414,0
1.0,0.72780144,0.21870014,0
1.0,0.76705766,0.24626246,0
1.0,0.74661064,0.23088335,0
1.0,0.7583491,0.2352612,0
1.0,0.720586,0.20013025,0
1.0,0.7411152,0.22609615,0
1.0,0.7131818,0.20746174,0
1.0,0.75503975,0.26247227,0
1.0,0.7330625,0.25393015,0
1.0,0.72314924,0.24150717,0
1.0,0.73476076,0.26318896,0
1.0,0.78025985,0.31885806,0
1.0,0.795384,0.343286,0
1.0,0.7575973,0.31802124,0
1.0,0.77932924,0.3405956,0
1.0,0.7966813,0.36689168,0
1.0,0.8312405,0.41694486,0
1.0,0.7709763,0.3459368,0
1.0,0.7953779,0.39043155,0
1.0,0.7847083,0.36888885,0
1.0,0.8393671,0.4107389,0
1.0,0.7935669,0.3579353,0
1.0,0.8315008,0.41236705,0
1.0,0.80869746,0.4063943,0
1.0,0.8691884,0.51314825,0
1.0,0.84654343,0.48524934,0
1.0,0.85705924,0.4996629,0
1.0,0.8388681,0.49073178,0
1.0,0.87907755,0.5796181,0
1.0,0.85565245,0.5643718,0
1.0,0.87139964,0.59221476,0
1.0,0.8197699,0.5557457,0
1.0,0.8818243,0.69115144,0
1.0,0.87362784,0.70553875,0
1.0,0.8735046,0.72165674,0
1.0,0.84069484,0.69172245,0
1.0,0.8845946,0.77773786,0
1.0,0.87353706,0.75451136,0
1.0,0.86492574,0.7388576,0
1.0,0.8617473,0.7198489,0
1.0,0.8900681,0.7790433,0
1.0,0.89136404,0.79623973,0
1.0,0.88463295,0.78236884,0
1.0,0.8863917,0.8250193,0
1.0,0.89357185,0.86345184,0
1.0,0.8863601,0.85124415,0
1.0,0.864878,0.8290384,0
1.0,0.87214226,0.8419007,0
1.0,0.8705738,0.84847444,0
1.0,0.8555031,0.866927,0
1.0,0.85532564,0.9034366,0
1.0,0.85929686,0.95590943,0
1.0,0.87164,1.0179839,0
1.0,0.8589837,1.0269547,0
1.0,0.8475166,1.0076394,0
1.0,0.8603325,1.0046291,0
1.0,0.8506036,0.9640446,0
1.0,0.8363379,0.9485171,0
1.0,0.82508624,0.95757055,0
1.0,0.8406797,0.9956895,0
1.0,0.82558894,0.9505755,0
1.0,0.8282972,0.97296596,0
1.0,0.8181658,0.97188777,0
1.0,0.81917053,0.98272616,0
1.0,0.804398,0.9352977,0
1.0,0.8088304,0.9306376,0
1.0,0.80101913,0.9653578,0
1.0,0.8002322,1.0044705,0
1.0,0.7927761,1.0444491,0
1.0,0.813553,1.1269267,0
1.0,0.81021124,1.127252,0
1.0,0.8200458,1.1851771,0
1.0,0.83045995,1.238982,0
1.0,0.8409944,1.3091568,0
1.0,0.85430086,1.3798009,0
1.0,0.8490609,1.3515377,0
1.0,0.8589506,1.4345713,0
1.0,0.8656094,1.5053782,0
1.0,0.86444867,1.5032102,0
1.0,0.8658692,1.516262,0
1.0,0.8687818,1.5151805,0
1.0,0.87198824,1.5386684,0
1.0,0.8829755,1.6035581,0
1.0,0.8825386,1.6045272,0
1.0,0.8960328,1.6678416,0
1.0,0.9023135,1.720265,0
1.0,0.90911037,1.80087,0
1.0,0.90679795,1.8785505,0
1.0,0.9145126,1.945678,0
1.0,0.9215846,2.0019722,0
1.0,0.9265955,2.0509655,0
1.0,0.92386466,2.116775,0
1.0,0.9325807,2.2081945,0
1.0,0.9332692,2.210443,0
1.0,0.93753314,2.230852,0
1.0,0.9322879,2.227467,0
1.0,0.934372,2.2643561,0
1.0,0.9360822,2.3139048,0
1.0,0.9318854,2.2692447,0
1.0,0.9282295,2.2051737,0
1.0,0.9295625,2.1569731,0
1.0,0.92942965,2.1440744,0
1.0,0.9273039,2.1613739,0
1.0,0.9286269,2.1610816,0
1.0,0.9270341,2.1347847,0
1.0,0.9320558,2.141018,0
1.0,0.92148095,2.1359875,0
1.0,0.91877604,2.1908107,0
1.0,0.9078751,2.1502266,0
1.0,0.91696465,2.1453493,0
1.0,0.90737444,2.1433616,0
1.0,0.9131562,2.1997337,0
1.0,0.9077083,2.197339,0
1.0,0.91798925,2.184495,0
1.0,0.9090162,2.1038113,0
1.0,0.9135094,2.1097884,0
1.0,0.9018322,2.0593636,0
1.0,0.9078806,2.0412948,0
1.0,0.8934538,1.94171,0
1.0,0.90095896,1.8927596,0
1.0,0.88611466,1.8050302,0
1.0,0.8890457,1.7875891,0
1.0,0.8691043,1.7112658,0
1.0,0.8800845,1.6921918,0
1.0,0.8652349,1.6231523,0
1.0,0.87621546,1.6416495,0
1.0,0.86172736,1.6081678,0
1.0,0.86019397,1.5957156,0
1.0,0.848703,1.5419962,0
1.0,0.8525431,1.5202456,0
1.0,0.8423448,1.4822702,0
1.0,0.84058744,1.4916422,0
1.0,0.8334285,1.4995896,0
1.0,0.8304684,1.4984335,0
1.0,0.8171667,1.4423909,0
1.0,0.8131263,1.4020157,0
1.0,0.81014085,1.3810182,0
1.0,0.7957736,1.3011167,0
1.0,0.7987505,1.2297759,0
1.0,0.8087314,1.1720545,0
1.0,0.80762935,1.1116529,0
1.0,0.79863834,1.0760183,0
1.0,0.8065271,1.0711329,0
1.0,0.80795157,1.0350776,0
1.0,0.8042048,1.0235227,0
1.0,0.80156434,1.0225374,0
1.0,0.805224,1.0146155,0
1.0,0.8095299,1.0182186,0
1.0,0.79676545,1.0039757,0
1.0,0.79085135,1.0143377,0
1.0,0.79608524,1.0429904,0
1.0,0.80991995,1.0851529,0
1.0,0.8012017,1.083788,0
1.0,0.80314004,1.0922835,0
1.0,0.80498195,1.080643,0
1.0,0.82476264,1.0855833,0
1.0,0.81356746,1.0333729,0
1.0,0.81036675,1.0242255,0
1.0,0.8065185,0.99476784,0
1.0,0.82038796,0.9957422,0
1.0,0.8050929,0.9623465,0
1.0,0.80295783,0.9499982,0
1.0,0.7841988,0.9054699,0
1.0,0.7828158,0.8964945,0
1.0,0.7595732,0.83384615,0
1.0,0.7581725,0.80538476,0
1.0,0.7384459,0.78083766,0
1.0,0.7460766,0.8234718,0
1.0,0.7320297,0.7997324,0
1.0,0.73480326,0.8502049,0
1.0,0.72498125,0.88032466,0
1.0,0.73557806,0.9099415,0
1.0,0.7454834,0.93566024,0
1.0,0.7579018,0.9467133,0
1.0,0.77001613,0.95256466,0
1.0,0.7858452,0.9750203,0
1.0,0.79381657,0.9943891,0
1.0,0.7972646,1.0128472,0
1.0,0.805525,1.0314254,0
1.0,0.8133168,1.051275,0
1.0,0.8119725,1.0231296,0
1.0,0.8047828,0.95807695,0
1.0,0.82353467,0.97010946,0
1.0,0.8325078,0.9736177,0
1.0,0.8317826,0.95560545,0
1.0,0.826336,0.9617961,0
1.0,0.84569407,1.0613072,0
1.0,0.86473954,1.1464698,0
1.0,0.8720787,1.1865487,0
1.0,0.87376857,1.2181298,0
1.0,0.8828446,1.2644657,0
1.0,0.8969538,1.3004689,0
1.0,0.8940305,1.3030635,0
1.0,0.89049304,1.3081644,0
1.0,0.8905337,1.3173742,0
1.0,0.90191853,1.3773215,0
1.0,0.8925464,1.3717799,0
1.0,0.88916874,1.3744192,0
1.0,0.8820643,1.3466549,0
1.0,0.8917956,1.3209082,0
1.0,0.87617856,1.2749224,0
1.0,0.8811989,1.2410147,0
1.0,0.8753335,1.2015775,0
1.0,0.8835835,1.2331767,0
1.0,0.87511975,1.2066836,0
1.0,0.8847297,1.2725673,0
1.0,0.86605394,1.2709355,0
1.0,0.87601393,1.2974625,0
1.0,0.87148124,1.2778294,0
1.0,0.8818197,1.2968185,0
1.0,0.8562139,1.2473007,0
1.0,0.8608098,1.2442874,0
1.0,0.8503567,1.2648541,0
1.0,0.8606884,1.3306684,0
1.0,0.8380983,1.2829837,0
1.0,0.8413324,1.2996445,0
1.0,0.8353638,1.2931142,0
1.0,0.8451883,1.2759706,0
1.0,0.8463943,1.194691,0
1.0,0.86227643,1.1935967,0
1.0,0.8657952,1.1861962,0
1.0,0.87391055,1.1661544,0
1.0,0.87126815,1.1723452,0
1.0,0.8827363,1.2115526,0
1.0,0.877571,1.1804125,0
1.0,0.87195635,1.1778684,0
1.0,0.8690611,1.1987073,0
1.0,0.87720144,1.2104294,0
1.0,0.8693612,1.2035571,0
1.0,0.8581275,1.1997566,0
1.0,0.8663329,1.2690188,0
1.0,0.875265,1.3350568,0
1.0,0.8710958,1.3211063,0
1.0,0.86890113,1.3163748,0
1.0,0.8811014,1.3386579,0
1.0,0.8880745,1.331364,0
1.0,0.88892967,1.3238618,0
1.0,0.88327396,1.2792623,0
1.0,0.8951264,1.284772,0
1.0,0.899511,1.2806082,0
1.0,0.895774,1.2488934,0
1.0,0.8830287,1.1934114,0
1.0,0.88258696,1.1604984,0
1.0,0.8835466,1.1434164,0
1.0,0.874056,1.0843306,0
1.0,0.86342883,1.0483749,0
1.0,0.870657,1.1123815,0
1.0,0.8784786,1.1519681,0
1.0,0.8781446,1.133625,0
1.0,0.8788869,1.1498079,0
1.0,0.8942143,1.2276657,0
1.0,0.8924946,1.2321082,0
1.0,0.89819175,1.2799292,0
1.0,0.8948157,1.3143256,0
1.0,0.9071337,1.2987082,0
1.0,0.9084488,1.287269,0
1.0,0.9098802,1.320328,0
1.0,0.8988093,1.2721375,0
1.0,0.9112676,1.2503693,0
1.0,0.91452205,1.2162039,0
1.0,0.90527093,1.1520445,0
1.0,0.8953335,1.1006073,0
1.0,0.9066337,1.0750265,0
1.0,0.9110866,1.0463822,0
1.0,0.9035867,1.0347488,0
1.0,0.8946101,1.0140144,0
1.0,0.901292,1.0093722,0
1.0,0.9004009,1.0046507,0
1.0,0.8918974,1.000727,0
1.0,0.8830665,1.0132186,0
1.0,0.886739,1.0358365,0
1.0,0.87203693,1.0184721,0
1.0,0.8729582,1.0318384,0
1.0,0.8598925,1.0133908,0
1.0,0.8659704,1.0373435,0
1.0,0.85278213,1.0094438,0
1.0,0.8584119,0.9950967,0
1.0,0.8319309,0.92076945,0
1.0,0.83580196,0.8709073,0
1.0,0.81270456,0.78198147,0
1.0,0.8151722,0.78928185,0
1.0,0.7831952,0.7287978,0
1.0,0.779698,0.7007877,0
1.0,0.7438341,0.63817596,0
1.0,0.7556484,0.60815585,0
1.0,0.72078425,0.53921366,0
1.0,0.7362825,0.5894902,0
1.0,0.72598976,0.56151205,0
1.0,0.76485056,0.6013719,0
1.0,0.7432119,0.5814574,0
1.0,0.76481074,0.6314192,0
1.0,0.7664664,0.6469725,0
1.0,0.8005735,0.71404463,0
1.0,0.7825763,0.68783367,0
1.0,0.7911927,0.6928526,0
1.0,0.78051895,0.6883084,0
1.0,0.792486,0.7122165,0
1.0,0.7772615,0.6700756,0
1.0,0.78631383,0.6790266,0
1.0,0.79839844,0.6991633,0
1.0,0.79217607,0.6854337,0
1.0,0.8030155,0.67990804,0
1.0,0.80849415,0.6742692,0
1.0,0.8303693,0.7326323,0
1.0,0.8307621,0.73308694,0
1.0,0.8446683,0.75879073,0
1.0,0.8557697,0.81282467,0
1.0,0.86511236,0.8381388,0
1.0,0.8519881,0.8366239,0
1.0,0.8559119,0.8723751,0
1.0,0.8547189,0.88424253,0
1.0,0.8703744,0.93393254,0
1.0,0.85099167,0.89939475,0
1.0,0.85119027,0.89991814,0
1.0,0.8523034,0.8857427,0
1.0,0.86413145,0.8865065,0
1.0,0.85127616,0.8624383,0
1.0,0.8582366,0.8414586,0
1.0,0.86023957,0.7986556,0
1.0,0.8802269,0.8233968,0
1.0,0.872062,0.8026564,0
1.0,0.87779725,0.776886,0
1.0,0.87074137,0.7344142,0
1.0,0.86653113,0.70893055,0
1.0,0.84189045,0.64891577,0
1.0,0.8485933,0.6735717,0
1.0,0.86299473,0.7087135,0
1.0,0.85345155,0.6758738,0
1.0,0.8361793,0.6503513,0
1.0,0.8604781,0.70384175,0
1.0,0.8750215,0.75082445,0
1.0,0.87464327,0.77043784,0
1.0,0.8660137,0.7558719,0
1.0,0.88054115,0.7771647,0
1.0,0.87811244,0.7755298,0
1.0,0.86830306,0.7317889,0
1.0,0.86350995,0.71863323,0
1.0,0.8779174,0.74590683,0
1.0,0.871819,0.69505125,0
1.0,0.8587876,0.65677935,0
1.0,0.848379,0.61745274,0
1.0,0.86378247,0.60088354,0
1.0,0.8552511,0.57181215,0
1.0,0.85056853,0.5622736,0
1.0,0.8361424,0.5389893,0
1.0,0.848361,0.5510532,0
1.0,0.82898813,0.525733,0
1.0,0.8364992,0.5409011,0
1.0,0.8372869,0.5551703,0
1.0,0.84530497,0.60218096,0
1.0,0.8061929,0.5847377,0
1.0,0.81445146,0.60780334,0
1.0,0.80833477,0.59369457,0
1.0,0.8178023,0.61876845,0
1.0,0.7859452,0.5754653,0
1.0,0.781721,0.5716976,0
1.0,0.8174427,0.6368895,0
1.0,0.82245374,0.6171405,0
1.0,0.81636626,0.58503735,0
1.0,0.80516005,0.5663595,0
1.0,0.8225823,0.5896379,0
1.0,0.8234441,0.5830897,0
1.0,0.81544757,0.5462998,0
1.0,0.78583694,0.48147136,0
1.0,0.7950066,0.4876736,0
1.0,0.78057635,0.45140797,0
1.0,0.7856454,0.4398501,0
1.0,0.720277,0.37322593,0
1.0,0.75180876,0.4187418,0
1.0,0.75434935,0.41251516,0
1.0,0.79051757,0.4643827,0
1.0,0.7322592,0.40380237,0
1.0,0.7782819,0.45663637,0
1.0,0.7770333,0.46536344,0
1.0,0.80425423,0.53330106,0
1.0,0.7432674,0.4533084,0
1.0,0.7753921,0.5070309,0
1.0,0.78584945,0.5214223,0
1.0,0.7792759,0.51279616,0
1.0,0.7511924,0.49017215,0
1.0,0.73490316,0.45805335,0
1.0,0.7788177,0.48166844,0
1.0,0.79221684,0.462432,0
1.0,0.7803263,0.4475826,0
1.0,0.78866994,0.47966382,0
1.0,0.8250985,0.53538793,0
1.0,0.8314493,0.5802402,0
1.0,0.84656924,0.6180752,0
1.0,0.8516754,0.61203414,0
1.0,0.877366,0.66699266,0
1.0,0.8804546,0.6804161,0
1.0,0.893124,0.6950157,0
1.0,0.89397234,0.69738704,0
1.0,0.89934325,0.71284485,0
1.0,0.89530283,0.72071075,0
1.0,0.9067596,0.7415516,0
1.0,0.8835871,0.6859424,0
1.0,0.8935989,0.6960011,0
1.0,0.8941632,0.6864059,0
1.0,0.91444784,0.68366593,0
1.0,0.9067916,0.6515931,0
1.0,0.90355486,0.63197255,0
1.0,0.91172284,0.63839126,0
1.0,0.9210725,0.6473088,0
1.0,0.9119303,0.6315608,0
1.0,0.90223825,0.6144544,0
1.0,0.9020908,0.5746962,0
1.0,0.92199415,0.5739929,0
1.0,0.9101501,0.53664553,0
1.0,0.8917736,0.52128917,0
1.0,0.88349235,0.5212432,0
1.0,0.8917983,0.5093094,0
1.0,0.869218,0.4762038,0
1.0,0.8359766,0.43447578,0
1.0,0.82235354,0.416151,0
1.0,0.8614901,0.4458507,0
1.0,0.85482466,0.41405472,0
1.0,0.84005165,0.3816318,0
1.0,0.8211703,0.32259554,0
1.0,0.860567,0.33777684,0
1.0,0.85382295,0.32713595,0
1.0,0.8246735,0.28210682,0
1.0,0.7893272,0.24143238,0
1.0,0.82428247,0.27046233,0
1.0,0.7982761,0.24373594,0
1.0,0.7684083,0.22147125,0
1.0,0.77866393,0.23278423,0
1.0,0.8534764,0.31330857,0
1.0,0.8341079,0.31017625,0
1.0,0.825872,0.31317276,0
1.0,0.8427879,0.3575936,0
1.0,0.8939847,0.44272578,0
1.0,0.86567587,0.42309743,0
1.0,0.84223056,0.41435406,0
1.0,0.85130274,0.4152309,0
1.0,0.9042402,0.48650575,0
1.0,0.8836644,0.507735,0
1.0,0.8712745,0.48510286,0
1.0,0.8760973,0.48625198,0
1.0,0.9106882,0.5458263,0
1.0,0.8601837,0.48102993,0
1.0,0.8294471,0.43204293,0
1.0,0.83938307,0.4424967,0
1.0,0.8741759,0.49703276,0
1.0,0.8490401,0.47232684,0
1.0,0.83637816,0.47276983,0
1.0,0.84817255,0.50032395,0
1.0,0.8718475,0.5463517,0
1.0,0.84935105,0.532384,0
1.0,0.82793504,0.5215373,0
1.0,0.8034728,0.51717556,0
1.0,0.80692583,0.5574408,0
1.0,0.78457624,0.5388309,0
1.0,0.75524426,0.5134586,0
1.0,0.7416931,0.5124277,0
1.0,0.7552143,0.53905153,0
1.0,0.7569459,0.5423242,0
1.0,0.7512133,0.5271479,0
1.0,0.74492353,0.5067691,0
1.0,0.755798,0.50906944,0
1.0,0.7573083,0.5106873,0
1.0,0.7480745,0.5114956,0
1.0,0.7277541,0.46520603,0
1.0,0.7223287,0.4400648,0
1.0,0.71911037,0.44236398,0
1.0,0.713772,0.44028452,0
1.0,0.7107299,0.46123087,0
1.0,0.7472822,0.5278884,0
1.0,0.7381545,0.50541824,0
1.0,0.74093634,0.5347637,0
1.0,0.7518639,0.5788808,0
1.0,0.7846555,0.65310514,0
1.0,0.77339005,0.660665,0
1.0,0.7757793,0.67184573,0
1.0,0.7759451,0.6743942,0
1.0,0.79552233,0.7259054,0
1.0,0.7761742,0.70136905,0
1.0,0.7763777,0.7025435,0
1.0,0.7696682,0.7054124,0
1.0,0.787232,0.73930365,0
1.0,0.76780915,0.70193887,0
1.0,0.76250654,0.6938422,0
1.0,0.7542131,0.6635658,0
1.0,0.7687089,0.67307013,0
1.0,0.756152,0.6690315,0
1.0,0.7488853,0.6738015,0
1.0,0.75127983,0.71089464,0
1.0,0.7742494,0.77213967,0
1.0,0.7697253,0.78259,0
1.0,0.7686462,0.8014005,0
1.0,0.76221853,0.8003794,0
1.0,0.7567034,0.8301642,0
1.0,0.75049794,0.8428861,0
1.0,0.7319546,0.8154348,0
1.0,0.72256815,0.8273795,0
1.0,0.7167647,0.8266207,0
1.0,0.71828943,0.8381603,0
1.0,0.71858436,0.83713424,0
1.0,0.72746086,0.83191776,0
1.0,0.7348555,0.83267236,0
1.0,0.7397804,0.82226944,0
1.0,0.7282322,0.7909837,0
1.0,0.74426216,0.8225554,0
1.0,0.73582333,0.79672927,0
1.0,0.753305,0.8213156,0
1.0,0.7336813,0.78477967,0
1.0,0.7502136,0.82166445,0
1.0,0.74908537,0.8457908,0
1.0,0.76633555,0.89198476,0
1.0,0.75209993,0.87847257,0
1.0,0.764112,0.9079065,0
1.0,0.7596359,0.9006431,0
1.0,0.77677476,0.95266306,0
1.0,0.7574852,0.9488333,0
1.0,0.76798797,0.9691051,0
1.0,0.7737676,0.9735789,0
1.0,0.7875368,1.0047855,0
1.0,0.7785064,0.96612966,0
1.0,0.7892563,0.95993173,0
1.0,0.799678,0.9693129,0
1.0,0.80386484,0.95714927,0
1.0,0.7982711,0.95636135,0
1.0,0.7958157,0.95664203,0
1.0,0.78900486,0.9390346,0
1.0,0.78709424,0.96843994,0
1.0,0.78917277,0.9661325,0
1.0,0.7868598,0.96999735,0
1.0,0.79586977,1.0154064,0
1.0,0.79378974,0.989395,0
1.0,0.8044472,1.0297337,0
1.0,0.8067961,1.0837493,0
1.0,0.815349,1.1182896,0
1.0,0.8143342,1.1512222,0
1.0,0.8201402,1.1636012,0
1.0,0.8218065,1.1413426,0
1.0,0.83044755,1.151651,0
1.0,0.8230359,1.1347443,0
1.0,0.83579844,1.1636252,0
1.0,0.83106893,1.1474366,0
1.0,0.83568203,1.1475897,0
1.0,0.83192825,1.1365256,0
1.0,0.83528405,1.1400031,0
1.0,0.82299876,1.1032305,0
1.0,0.82469285,1.0963013,0
1.0,0.83357877,1.1041899,0
1.0,0.8347465,1.0885892,0
1.0,0.8324834,1.1083181,0
1.0,0.84319776,1.1700976,0
1.0,0.85732,1.206213,0
1.0,0.86065096,1.2330967,0
1.0,0.8550226,1.2251797,0
1.0,0.8547707,1.223146,0
1.0,0.86154485,1.2387502,0
1.0,0.85888326,1.205766,0
1.0,0.846115,1.1743367,0
1.0,0.8420625,1.1358311,0
1.0,0.8434033,1.0745726,0
1.0,0.84040153,1.0617657,0
1.0,0.82528436,1.003803,0
1.0,0.8110281,0.94015753,0
1.0,0.81337225,0.9586198,0
1.0,0.7967064,0.9205009,0
1.0,0.78809994,0.8650887,0
1.0,0.78135276,0.83055353,0
1.0,0.7811091,0.82500684,0
1.0,0.7781138,0.8643054,0
1.0,0.7875826,0.91168773,0
1.0,0.7891826,0.92715216,0
1.0,0.7940772,0.95470536,0
1.0,0.7938197,0.9897026,0
1.0,0.80396634,1.0317107,0
1.0,0.7911848,0.9897778,0
1.0,0.787963,0.99962676,0
1.0,0.777317,0.99994576,0
1.0,0.7844727,1.0401796,0
1.0,0.776907,1.0652728,0
1.0,0.7743582,1.0693098,0
1.0,0.768939,1.0502398,0
1.0,0.7870235,1.0597124,0
1.0,0.78922397,1.0264738,0
1.0,0.80002815,1.0429988,0
1.0,0.8034266,1.0397363,0
1.0,0.8218556,1.0660611,0
1.0,0.83014697,1.077277,0
1.0,0.83740395,1.0983925,0
1.0,0.8376169,1.1222438,0
1.0,0.83832777,1.1188831,0
1.0,0.8379474,1.1169193,0
1.0,0.84365183,1.1446064,0
1.0,0.83952916,1.1297977,0
1.0,0.82817256,1.120521,0
1.0,0.82850087,1.1493336,0
1.0,0.8243006,1.130619,0
1.0,0.82534194,1.122402,0
1.0,0.8042606,1.0793686,0
1.0,0.8076229,1.0874032,0
1.0,0.7997969,1.0526619,0
1.0,0.8044435,1.0064406,0
1.0,0.78172004,0.94782746,0
1.0,0.78766304,0.946651,0
1.0,0.7767352,0.891349,0
1.0,0.7844906,0.8801509,0
1.0,0.7621292,0.82966137,0
1.0,0.7679339,0.8379456,0
1.0,0.7589072,0.79859674,0
1.0,0.76268554,0.7862016,0
1.0,0.73272896,0.72016424,0
1.0,0.74016446,0.70914406,0
1.0,0.7244099,0.6822011,0
1.0,0.7299887,0.6854738,0
1.0,0.70449895,0.6607409,0
1.0,0.7124388,0.69665414,0
1.0,0.69248474,0.6581315,0
1.0,0.7042992,0.6910691,0
1.0,0.6901615,0.6727171,0
1.0,0.70040405,0.68405807,0
1.0,0.7005567,0.683406,0
1.0,0.7057778,0.6920973,0
1.0,0.7035886,0.7018149,0
1.0,0.71986467,0.7321832,0
1.0,0.72220016,0.7248312,0
1.0,0.73502886,0.74713606,0
1.0,0.73044825,0.72894806,0
1.0,0.7430208,0.72993255,0
1.0,0.7450526,0.7415404,0
1.0,0.7503501,0.7680826,0
1.0,0.7538013,0.7934384,0
1.0,0.75706255,0.8010176,0
1.0,0.7493387,0.78330207,0
1.0,0.75166076,0.81522363,0
1.0,0.764001,0.8324369,0
1.0,0.754701,0.81875455,0
1.0,0.75833297,0.8411484,0
1.0,0.7642557,0.831404,0
1.0,0.77646214,0.84213483,0
1.0,0.77273065,0.8334204,0
1.0,0.7763763,0.82708514,0
1.0,0.7837685,0.8175581,0
1.0,0.80536234,0.82578206,0
1.0,0.79599214,0.79687154,0
1.0,0.79766756,0.7787063,0
1.0,0.80540603,0.7794782,0
1.0,0.81804717,0.79979646,0
1.0,0.80804485,0.77876806,0
1.0,0.8258241,0.83075666,0
1.0,0.8323804,0.8256563,0
1.0,0.85007036,0.84121,0
1.0,0.8521464,0.8628781,0
1.0,0.86678714,0.89275956,0
1.0,0.85160756,0.8545282,0
1.0,0.8686439,0.9018098,0
1.0,0.86246926,0.9090133,0
1.0,0.8860776,0.9698311,0
1.0,0.8674087,0.95280075,0
1.0,0.8714507,0.9564742,0
1.0,0.86621857,0.9474178,0
1.0,0.88185394,0.97170365,0
1.0,0.8601223,0.8906505,0
1.0,0.86977786,0.87849885,0
1.0,0.8693059,0.8786241,0
1.0,0.88694054,0.91285473,0
1.0,0.8699196,0.86440206,0
1.0,0.8752832,0.8628859,0
1.0,0.8623024,0.82206297,0
1.0,0.8768991,0.8303554,0
1.0,0.85678476,0.8098826,0
1.0,0.8690139,0.8516187,0
1.0,0.8578091,0.8393117,0
1.0,0.8571805,0.8550533,0
1.0,0.848572,0.88628256,0
1.0,0.8625199,0.96071,0
1.0,0.847952,0.9439913,0
1.0,0.86547494,0.9819775,0
1.0,0.87122446,1.0097739,0
1.0,0.865283,1.0063517,0
1.0,0.84560645,0.9513364,0
1.0,0.8526756,0.9263396,0
1.0,0.86871713,0.9503674,0
1.0,0.8688026,0.9587447,0
1.0,0.85200304,0.914157,0
1.0,0.8514679,0.89167917,0
1.0,0.8624742,0.8898448,0
1.0,0.8547907,0.83681005,0
1.0,0.8342939,0.7853346,0
1.0,0.8350008,0.80216724,0
1.0,0.8509829,0.8266193,0
1.0,0.8466965,0.82865876,0
1.0,0.85133386,0.8273352,0
1.0,0.85079664,0.8143934,0
1.0,0.8814644,0.8915548,0
1.0,0.86704135,0.86273783,0
1.0,0.8762052,0.8601495,0
1.0,0.87109333,0.83833504,0
1.0,0.8783993,0.8533087,0
1.0,0.8621949,0.8332795,0
1.0,0.864918,0.8402068,0
1.0,0.824347,0.76844263,0
1.0,0.8523997,0.7934933,0
1.0,0.85155106,0.7458637,0
1.0,0.8800855,0.7635534,0
1.0,0.8620133,0.7049345,0
1.0,0.8831344,0.6796694,0
1.0,0.8775056,0.6172526,0
1.0,0.8942527,0.6158072,0
1.0,0.8567787,0.54161835,0
1.0,0.87016284,0.5293129,0
1.0,0.8505073,0.4659742,0
1.0,0.8775562,0.48184866,0
1.0,0.8450592,0.44311368,0
1.0,0.8857169,0.48051417,0
1.0,0.88089937,0.4595154,0
1.0,0.8834678,0.44758812,0
1.0,0.86579466,0.42173427,0
1.0,0.87411493,0.4199847,0
1.0,0.8754386,0.40877205,0
1.0,0.8653189,0.37567604,0
1.0,0.8725526,0.33282927,0
1.0,0.87882274,0.30416206,0
1.0,0.88321877,0.2820735,0
1.0,0.87883806,0.26614523,0
1.0,0.8913645,0.26476145,0
1.0,0.87472826,0.22467586,0
1.0,0.85856205,0.19927166,0
1.0,0.8317864,0.17511067,0
1.0,0.8387636,0.17315504,0
1.0,0.80452055,0.12333719,0
1.0,0.8110932,0.11574641,0
1.0,0.81307334,0.11163184,0
1.0,0.81877846,0.10666241,0
1.0,0.8047817,0.108141944,0
1.0,0.80543816,0.11059636,0
1.0,0.80138344,0.10035524,0
1.0,0.79293513,0.10221479,0
1.0,0.7417665,0.08061814,0
1.0,0.7206379,0.07901484,0
1.0,0.75345176,0.1022401,0
1.0,0.7279139,0.09013245,0
1.0,0.70274687,0.08010745,0
1.0,0.67088836,0.072807014,0
1.0,0.68705064,0.07561952,0
1.0,0.58649606,0.044239216,0
1.0,0.6033441,0.045826368,0
1.0,0.5514546,0.045208856,0
1.0,0.6409417,0.06552622,0
1.0,0.64973533,0.06981924,0
1.0,0.7077453,0.10009212,0
1.0,0.6836913,0.098415755,0
1.0,0.7694141,0.14255118,0
1.0,0.7663618,0.15784729,0
1.0,0.77390367,0.20526388,0
1.0,0.7111426,0.18904606,0
1.0,0.7788296,0.24805324,0
1.0,0.8078092,0.2814207,0
1.0,0.8090227,0.28662452,0
1.0,0.7948391,0.27437013,0
1.0,0.8527733,0.33178893,0
1.0,0.9044508,0.38331056,0
1.0,0.9112574,0.3894254,0
1.0,0.8939399,0.3621139,0
1.0,0.9221669,0.40534547,0
1.0,0.93817854,0.42879033,0
1.0,0.9286192,0.40688592,0
1.0,0.8990524,0.3820035,0
1.0,0.9173464,0.41692495,0
1.0,0.9431248,0.45221978,0
1.0,0.9370104,0.45526046,0
1.0,0.9146778,0.43697828,0
1.0,0.9196827,0.47835565,0
1.0,0.9397535,0.5488582,0
1.0,0.9375305,0.5650958,0
1.0,0.9200541,0.5394255,0
1.0,0.9289932,0.5660143,0
1.0,0.9390412,0.6060275,0
1.0,0.93586856,0.60693973,0
1.0,0.9324143,0.620913,0
1.0,0.9352978,0.62766135,0
1.0,0.9463332,0.6455394,0
1.0,0.9351119,0.62110746,0
1.0,0.9269668,0.59127915,0
1.0,0.9303469,0.606089,0
1.0,0.9341041,0.61048025,0
1.0,0.91186416,0.5372208,0
1.0,0.9017511,0.51855767,0
1.0,0.9140149,0.5482714,0
1.0,0.92531514,0.58642143,0
1.0,0.9220979,0.59887743,0
1.0,0.9245334,0.60492927,0
1.0,0.9420649,0.65033996,0
1.0,0.9391575,0.67398906,0
1.0,0.91843724,0.6531365,0
1.0,0.92702067,0.68322164,0
1.0,0.93632525,0.70178926,0
1.0,0.92936724,0.7176777,0
1.0,0.9114069,0.7287177,0
1.0,0.91162586,0.72981817,0
1.0,0.91565466,0.7267997,0
1.0,0.9237897,0.7234939,0
1.0,0.91805017,0.7013628,0
1.0,0.9172876,0.7062116,0
1.0,0.93321633,0.7054136,0
1.0,0.9358013,0.6683272,0
1.0,0.936348,0.65508956,0
1.0,0.91537577,0.63643754,0
1.0,0.9141552,0.6306692,0
1.0,0.915379,0.61427474,0
1.0,0.9160512,0.60800457,0
1.0,0.8943097,0.5486784,0
1.0,0.88843775,0.54349244,0
1.0,0.8766644,0.556424,0
1.0,0.86834043,0.5585142,0
1.0,0.8505847,0.5564301,0
1.0,0.8322869,0.53446054,0
1.0,0.8445605,0.5366286,0
1.0,0.8739414,0.58515966,0
1.0,0.84145147,0.5218691,0
1.0,0.83634627,0.49398094,0
1.0,0.8395844,0.4871008,0
1.0,0.8604339,0.51071423,0
1.0,0.84151214,0.49717292,0
1.0,0.84369034,0.48619124,0
1.0,0.8025786,0.4090975,0
1.0,0.8318578,0.44153756,0
1.0,0.78103447,0.37515724,0
1.0,0.77676034,0.36043733,0
1.0,0.746891,0.3134972,0
1.0,0.7759944,0.32282865,0
1.0,0.7948202,0.34086072,0
1.0,0.827582,0.3780419,0
1.0,0.77916133,0.33989477,0
1.0,0.81319445,0.4029377,0
1.0,0.8140174,0.3978963,0
1.0,0.82377833,0.39523572,0
1.0,0.79019105,0.36434942,0
1.0,0.80917245,0.39889264,0
1.0,0.79222345,0.37493548,0
1.0,0.7852782,0.36084557,0
1.0,0.7703376,0.34241107,0
1.0,0.76056033,0.34560394,0
1.0,0.76589143,0.3530361,0
1.0,0.72528356,0.29526782,0
1.0,0.711079,0.25566453,0
1.0,0.70310074,0.23273207,0
1.0,0.7152788,0.23099297,0
1.0,0.6804631,0.19729242,0
1.0,0.70701796,0.23122883,0
1.0,0.6773454,0.2068272,0
1.0,0.7241726,0.24568579,0
1.0,0.69984984,0.23116823,0
1.0,0.71824753,0.25560883,0
1.0,0.70582134,0.24573167,0
1.0,0.7396078,0.2734483,0
1.0,0.71106744,0.25054038,0
1.0,0.7268912,0.2728383,0
1.0,0.6742898,0.22416982,0
1.0,0.7338133,0.27554235,0
1.0,0.74815255,0.29478922,0
1.0,0.7647995,0.31081045,0
1.0,0.70792794,0.24571152,0
1.0,0.76165754,0.3009572,0
1.0,0.7558367,0.28959382,0
1.0,0.7488816,0.26940447,0
1.0,0.6967453,0.20559353,0
1.0,0.75696445,0.25141567,0
1.0,0.7521146,0.2507445,0
1.0,0.76300055,0.2552824,0
1.0,0.6954761,0.18647282,0
1.0,0.7448974,0.23030618,0
1.0,0.7477706,0.24667737,0
1.0,0.77452,0.28017542,0
1.0,0.7164133,0.22139674,0
1.0,0.73540896,0.24873531,0
1.0,0.7395973,0.26124462,0
1.0,0.7657195,0.30904585,0
1.0,0.7188938,0.26795563,0
1.0,0.7426479,0.28798914,0
1.0,0.75441253,0.30043626,0
1.0,0.77711564,0.30889964,0
1.0,0.775725,0.29267853,0
1.0,0.8159731,0.3339622,0
1.0,0.812739,0.32422018,0
1.0,0.83057666,0.31764692,0
1.0,0.82231855,0.2932381,0
1.0,0.8268771,0.30071193,0
1.0,0.82289904,0.30253956,0
1.0,0.8647878,0.364883,0
1.0,0.8741555,0.38396907,0
1.0,0.8584525,0.36911315,0
1.0,0.86838675,0.4239168,0
1.0,0.8843875,0.48134005,0
1.0,0.9043916,0.5207417,0
1.0,0.89524657,0.5435434,0
1.0,0.89341563,0.5698649,0
1.0,0.9129305,0.6061628,0
1.0,0.92621326,0.6380789,0
1.0,0.9195115,0.63507754,0
1.0,0.9190582,0.6293354,0
1.0,0.9284502,0.65262926,0
1.0,0.93568563,0.66613674,0
1.0,0.92445785,0.6341314,0
1.0,0.92071354,0.6168567,0
1.0,0.9266254,0.6141851,0
1.0,0.9271273,0.6023158,0
1.0,0.89975226,0.55647385,0
1.0,0.89803976,0.53901666,0
1.0,0.8973499,0.51600415,0
1.0,0.9017877,0.5273447,0
1.0,0.88088685,0.5029029,0
1.0,0.88421714,0.5136558,0
1.0,0.8566777,0.49987403,0
1.0,0.8435613,0.50252897,0
1.0,0.84037846,0.49794012,0
1.0,0.8281707,0.47491032,0
1.0,0.8263825,0.47948986,0
1.0,0.7980218,0.45159993,0
1.0,0.7962764,0.44279283,0
1.0,0.7931692,0.44007602,0
1.0,0.7715726,0.39783844,0
1.0,0.7310424,0.34258115,0
1.0,0.69966334,0.30688864,0
1.0,0.6862043,0.25088385,0
1.0,0.70920485,0.23663788,0
1.0,0.6931388,0.21905878,0
1.0,0.6914739,0.18326432,0
1.0,0.68467945,0.1586034,0
1.0,0.7329892,0.2096203,0
1.0,0.7306352,0.20401405,0
1.0,0.7555395,0.22118896,0
1.0,0.7761268,0.25353652,0
1.0,0.81828225,0.2900021,0
1.0,0.83382547,0.3159017,0
1.0,0.8274434,0.333673,0
1.0,0.83812076,0.35208333,0
1.0,0.859922,0.39021713,0
1.0,0.862281,0.39824978,0
1.0,0.8479451,0.37677878,0
1.0,0.8573662,0.3980139,0
1.0,0.8567416,0.39128685,0
1.0,0.8737555,0.39548838,0
1.0,0.8767971,0.39998835,0
1.0,0.8840678,0.39991808,0
1.0,0.88579905,0.38583583,0
1.0,0.89901775,0.38568798,0
1.0,0.898561,0.38006702,0
1.0,0.8812423,0.36300373,0
1.0,0.8568919,0.32885364,0
1.0,0.86478204,0.32930425,0
1.0,0.86772025,0.33364812,0
1.0,0.852728,0.3121965,0
1.0,0.81621057,0.2790338,0
1.0,0.85767686,0.3301299,0
1.0,0.86172265,0.35178137,0
1.0,0.8221079,0.30982792,0
1.0,0.8166812,0.3039166,0
1.0,0.84396815,0.3262675,0
1.0,0.85582495,0.33720994,0
1.0,0.8212657,0.3011364,0
1.0,0.8366399,0.2954877,0
1.0,0.86536974,0.3221007,0
1.0,0.8888587,0.3413813,0
1.0,0.8428909,0.270584,0
1.0,0.8395393,0.26214045,0
1.0,0.86500204,0.26427215,0
1.0,0.8782874,0.2508769,0
1.0,0.81331974,0.19117849,0
1.0,0.83305365,0.19965634,0
1.0,0.87441194,0.25397032,0
1.0,0.93024904,0.31048557,0
1.0,0.9084053,0.27556944,0
1.0,0.92250586,0.28942722,0
1.0,0.942434,0.3206266,0
1.0,0.9494087,0.33646455,0
1.0,0.9059251,0.30326664,0
1.0,0.9125711,0.33149517,0
1.0,0.9277303,0.35229626,0
1.0,0.9375132,0.35487682,0
1.0,0.8987087,0.3134337,0
1.0,0.90840286,0.31975132,0
1.0,0.93985605,0.34188086,0
1.0,0.9536396,0.34625983,0
1.0,0.92372775,0.30706406,0
1.0,0.9287474,0.3098073,0
1.0,0.95425135,0.32256094,0
1.0,0.9554268,0.30126745,0
1.0,0.91125333,0.2624362,0
1.0,0.9327446,0.2803513,0
1.0,0.94741476,0.28754097,0
1.0,0.94918025,0.2875986,0
1.0,0.9059265,0.25634772,0
1.0,0.9210928,0.27744126,0
1.0,0.9419292,0.2838556,0
1.0,0.8972135,0.24138777,0
1.0,0.81497616,0.18864982,0
1.0,0.8343606,0.20018554,0
1.0,0.86566234,0.22088465,0
1.0,0.8442825,0.20814046,0
1.0,0.82778084,0.19107178,0
1.0,0.8370619,0.1879794,0
1.0,0.88272005,0.18514505,0
1.0,0.83640444,0.14493902,0
1.0,0.81780165,0.1378322,0
1.0,0.78329873,0.11958039,0
1.0,0.81702703,0.123448685,0
1.0,0.6804678,0.08002011,0
1.0,0.6667433,0.06985231,0
1.0,0.60071677,0.055329755,0
1.0,0.6811049,0.052541077,0
1.0,0.5740408,0.0681341,0
1.0,0.7171684,0.07041903,0
1.0,0.6491123,0.06176149,0
1.0,0.7499128,0.07925515,0
1.0,0.66317606,0.062608115,0
1.0,0.7155301,0.07130953,0
1.0,0.63139933,0.054942872,0
1.0,0.72210646,0.066810794,0
1.0,0.6485779,0.05715558,0
1.0,0.7250978,0.07011734,0
1.0,0.64002424,0.057173766,0
1.0,0.7188607,0.06929791,0
1.0,0.6364365,0.05859552,0
1.0,0.6943386,0.06423979,0
1.0,0.64278865,0.053220324,0
1.0,0.7036242,0.05760882,0
1.0,0.6750673,0.054368064,0
1.0,0.7333021,0.062060166,0
1.0,0.6518371,0.04537282,0
1.0,0.68313044,0.04613518,0
1.0,0.6717526,0.043299977,0
1.0,0.7157928,0.050427284,0
1.0,0.6545986,0.04173761,0
1.0,0.66961664,0.041577287,0
1.0,0.6544261,0.04028999,0
1.0,0.64926505,0.04000276,0
1.0,0.57550114,0.040042907,0
1.0,0.5992931,0.040949605,0
1.0,0.58037055,0.044987805,0
1.0,0.6296831,0.0397745,0
1.0,0.562866,0.04637551,0
1.0,0.54461145,0.046727553,0
1.0,0.5424004,0.061455477,0
1.0,0.565043,0.06977532,0
1.0,0.5259019,0.08370123,0
1.0,0.52648115,0.08981811,0
1.0,0.50559086,0.113832,0
1.0,0.50118625,0.1223664,0
1.0,0.45229155,0.15654454,0
1.0,0.44813517,0.16027105,0
1.0,0.4371297,0.17111072,0
1.0,0.44469956,0.1678136,0
1.0,0.43261272,0.17481112,0
1.0,0.44868004,0.16527468,0
1.0,0.43864113,0.16915333,0
1.0,0.44756418,0.15686779,0
1.0,0.42786035,0.17509577,0
1.0,0.44059232,0.17970839,0
1.0,0.43203306,0.20304212,0
1.0,0.44169602,0.19780755,0
1.0,0.42679128,0.20636761,0
1.0,0.440922,0.21072918,0
1.0,0.43341547,0.2218846,0
1.0,0.43887,0.21322036,0
1.0,0.41731218,0.2620846,0
1.0,0.41679665,0.2618819,0
1.0,0.38111612,0.29381186,0
1.0,0.38645983,0.32558966,0
1.0,0.3675733,0.34237438,0
1.0,0.36132073,0.337888,0
1.0,0.33970776,0.35362613,0
1.0,0.35189655,0.33429784,0
1.0,0.34809235,0.3411628,0
1.0,0.34558743,0.3433472,0
1.0,0.3350981,0.319486,0
1.0,0.33599654,0.29112756,0
1.0,0.33436102,0.29388523,0
1.0,0.3272963,0.3024392,0
1.0,0.3268589,0.28414208,0
1.0,0.32372364,0.2764197,0
1.0,0.3257767,0.2754466,0
1.0,0.3250017,0.2869587,0
1.0,0.3590045,0.2645457,0
1.0,0.3421874,0.28875393,0
1.0,0.3569372,0.27365965,0
1.0,0.35383123,0.27006292,0
1.0,0.3763472,0.2548183,0
1.0,0.35868493,0.2736479,0
1.0,0.38071626,0.24829443,0
1.0,0.39610535,0.22011267,0
1.0,0.46640593,0.15747088,0
1.0,0.5008165,0.13655218,0
1.0,0.50132626,0.13564399,0
1.0,0.5665015,0.10365931,0
1.0,0.5877837,0.10302597,0
1.0,0.6469627,0.10857365,0
1.0,0.66084117,0.09673056,0
1.0,0.7082898,0.10333884,0
1.0,0.7500297,0.112567075,0
1.0,0.7494554,0.09909179,0
1.0,0.73215187,0.09654229,0
1.0,0.7809058,0.1095399,0
1.0,0.8077306,0.11862102,0
1.0,0.802715,0.11294821,0
1.0,0.7977034,0.11754153,0
1.0,0.8193919,0.13778299,0
1.0,0.78704643,0.1200425,0
1.0,0.7751603,0.1093848,0
1.0,0.7701616,0.112327695,0
1.0,0.79899436,0.12514743,0
1.0,0.7860769,0.12388421,0
1.0,0.7711352,0.13365608,0
1.0,0.7727885,0.14315662,0
1.0,0.83073694,0.19266295,0
1.0,0.84093165,0.22303565,0
1.0,0.79729176,0.19786407,0
1.0,0.84332174,0.24869534,0
1.0,0.8633841,0.27915332,0
1.0,0.87427104,0.29731625,0
1.0,0.78713304,0.2378245,0
1.0,0.81285405,0.2706759,0
1.0,0.8427569,0.29099786,0
1.0,0.8614842,0.30257595,0
1.0,0.8134051,0.26171774,0
1.0,0.8554208,0.29950932,0
1.0,0.8567744,0.2914765,0
1.0,0.8772855,0.31110954,0
1.0,0.82987636,0.24914706,0
1.0,0.86611456,0.26740825,0
1.0,0.84334373,0.26559752,0
1.0,0.8769826,0.32201147,0
1.0,0.8523037,0.30866265,0
1.0,0.89282864,0.36838347,0
1.0,0.87035275,0.3541595,0
1.0,0.9051575,0.41005722,0
1.0,0.8885242,0.41000965,0
1.0,0.9159632,0.44356167,0
1.0,0.8559378,0.37820876,0
1.0,0.85628957,0.39995894,0
1.0,0.8161093,0.36881965,0
1.0,0.8567321,0.42507863,0
1.0,0.77403104,0.33025867,0
1.0,0.81577826,0.37403804,0
1.0,0.81475496,0.35555282,0
1.0,0.88076746,0.42290068,0
1.0,0.8244867,0.35367846,0
1.0,0.85602295,0.38814712,0
1.0,0.8237054,0.3543882,0
1.0,0.90215725,0.45619282,0
1.0,0.85894114,0.4238153,0
1.0,0.88259727,0.46887344,0
1.0,0.862563,0.4361481,0
1.0,0.9197055,0.51393193,0
1.0,0.89519536,0.5092189,0
1.0,0.90000325,0.52830863,0
1.0,0.8610872,0.49347284,0
1.0,0.9035719,0.5899453,0
1.0,0.88950723,0.5833191,0
1.0,0.8897661,0.584514,0
1.0,0.8501132,0.5362997,0
1.0,0.897882,0.6254447,0
1.0,0.88913035,0.6070981,0
1.0,0.8848427,0.5851636,0
1.0,0.8550181,0.55687493,0
1.0,0.8869761,0.59054935,0
1.0,0.87955415,0.5749749,0
1.0,0.8672816,0.57561105,0
1.0,0.8350966,0.51833034,0
1.0,0.866426,0.56299025,0
1.0,0.8614519,0.56610227,0
1.0,0.83450687,0.5304304,0
1.0,0.81382084,0.5263269,0
1.0,0.85103875,0.6090495,0
1.0,0.8275702,0.6043682,0
1.0,0.7771212,0.5642644,0
1.0,0.7677379,0.58484167,0
1.0,0.7952013,0.66492605,0
1.0,0.7852211,0.669701,0
1.0,0.7699266,0.6405635,0
1.0,0.77815187,0.66909885,0
1.0,0.8140016,0.74202573,0
1.0,0.80580175,0.71116316,0
1.0,0.79372334,0.7002669,0
1.0,0.804135,0.7330047,0
1.0,0.8276023,0.76980025,0
1.0,0.8200618,0.7670132,0
1.0,0.8016339,0.7614722,0
1.0,0.8054041,0.76763064,0
1.0,0.82869023,0.8015111,0
1.0,0.8232668,0.824895,0
1.0,0.8109315,0.82313406,0
1.0,0.8069651,0.83831567,0
1.0,0.82825744,0.90389025,0
1.0,0.81710845,0.9075078,0
1.0,0.80759525,0.9566109,0
1.0,0.791976,0.9380411,0
1.0,0.7950031,0.94598377,0
1.0,0.7894388,0.9836205,0
1.0,0.7849889,1.0040376,0
1.0,0.7640878,0.9903731,0
1.0,0.79377437,1.0754677,0
1.0,0.78918254,1.072201,0
1.0,0.80407923,1.103605,0
1.0,0.79159844,1.0598472,0
1.0,0.80318487,1.0872526,0
1.0,0.79929733,1.0936683,0
1.0,0.8038092,1.1060364,0
1.0,0.79748905,1.1080792,0
1.0,0.80676234,1.1306088,0
1.0,0.79753244,1.1283711,0
1.0,0.8070262,1.1961155,0
1.0,0.8001362,1.2186993,0
1.0,0.8125126,1.2907802,0
1.0,0.8032577,1.3099735,0
1.0,0.815277,1.3193908,0
1.0,0.8193009,1.3233957,0
1.0,0.8435667,1.4301451,0
1.0,0.8480865,1.4458563,0
1.0,0.86869687,1.4872167,0
1.0,0.87082577,1.5070869,0
1.0,0.8884587,1.5375478,0
1.0,0.8828773,1.491426,0
1.0,0.88299984,1.4890137,0
1.0,0.87497294,1.4649653,0
1.0,0.8717808,1.4309831,0
1.0,0.86856925,1.3962193,0
1.0,0.86587346,1.3375618,0
1.0,0.8602317,1.3267152,0
1.0,0.8689659,1.3675258,0
1.0,0.86259437,1.3364203,0
1.0,0.8676825,1.3282924,0
1.0,0.85562605,1.3258001,0
1.0,0.8669748,1.3793793,0
1.0,0.86232626,1.3718531,0
1.0,0.86671084,1.4249655,0
1.0,0.85997736,1.4631042,0
1.0,0.8653175,1.4878814,0
1.0,0.8657286,1.5028915,0
1.0,0.87269247,1.533885,0
1.0,0.8598802,1.5107732,0
1.0,0.86185586,1.520856,0
1.0,0.8498366,1.486126,0
1.0,0.8441738,1.4843792,0
1.0,0.8187865,1.4157559,0
1.0,0.818935,1.3519793,0
1.0,0.8104656,1.3200324,0
1.0,0.8247652,1.4257152,0
1.0,0.8218024,1.4522369,0
1.0,0.8434815,1.4814818,0
1.0,0.8456544,1.5052562,0
1.0,0.86054987,1.5883554,0
1.0,0.85928285,1.614477,0
1.0,0.8657365,1.6835858,0
1.0,0.8692295,1.7846799,0
1.0,0.875478,1.8536587,0
1.0,0.8764364,1.8794107,0
1.0,0.87918794,1.9423213,0
1.0,0.88501656,2.0215812,0
1.0,0.89202935,2.067596,0
1.0,0.89869297,2.106823,0
1.0,0.9014593,2.1767287,0
1.0,0.90394783,2.2338579,0
1.0,0.9081602,2.2860558,0
1.0,0.9141454,2.3214803,0
1.0,0.9158225,2.3016667,0
1.0,0.9180364,2.3213227,0
1.0,0.9199657,2.341024,0
1.0,0.9272944,2.343337,0
1.0,0.9309836,2.3758957,0
1.0,0.9328678,2.4079278,0
1.0,0.93316984,2.4110312,0
1.0,0.937608,2.4361827,0
1.0,0.9305506,2.4484034,0
1.0,0.92646503,2.4603896,0
1.0,0.9268854,2.4314952,0
1.0,0.93100375,2.4310393,0
1.0,0.9268828,2.4820554,0
1.0,0.9235966,2.5157309,0
1.0,0.9264756,2.4915173,0
1.0,0.93202305,2.502943,0
1.0,0.9279671,2.5028038,0
1.0,0.92476946,2.4831274,0
1.0,0.9231612,2.4234848,0
1.0,0.92567354,2.3679047,0
1.0,0.92653257,2.31811,0
1.0,0.9243796,2.2540529,0
1.0,0.92526245,2.2294946,0
1.0,0.93058217,2.2331758,0
1.0,0.93389654,2.219121,0
1.0,0.93460065,2.2110903,0
1.0,0.9295558,2.1799994,0
1.0,0.9267597,2.1701822,0
1.0,0.92181087,2.1297007,0
1.0,0.91961867,2.0682273,0
1.0,0.90967864,2.006048,0
1.0,0.9053851,1.9786024,0
1.0,0.9079372,2.0300007,0
1.0,0.91323316,2.0451374,0
1.0,0.9061738,1.9672298,0
1.0,0.9063962,1.9318105,0
1.0,0.9130225,1.8770354,0
1.0,0.91295594,1.8051524,0
1.0,0.9122153,1.773508,0
1.0,0.90366817,1.6977825,0
1.0,0.9129795,1.648129,0
1.0,0.909711,1.6083553,0
1.0,0.9100325,1.6318184,0
1.0,0.9009177,1.600821,0
1.0,0.9040278,1.5545465,0
1.0,0.904525,1.5043962,0
1.0,0.9020124,1.4836718,0
1.0,0.88354254,1.4415885,0
1.0,0.87794524,1.433686,0
1.0,0.8755502,1.4233134,0
1.0,0.87259996,1.4612601,0
1.0,0.8605193,1.5010443,0
1.0,0.86238354,1.5330939,0
1.0,0.8588272,1.5426216,0
1.0,0.8688803,1.5486073,0
1.0,0.8658166,1.5241277,0
1.0,0.8680229,1.5407777,0
1.0,0.8600414,1.5143124,0
1.0,0.8734695,1.5640645,0
1.0,0.8655754,1.5301784,0
1.0,0.8643629,1.4770257,0
1.0,0.8588315,1.4567533,0
1.0,0.8541509,1.455343,0
1.0,0.8505011,1.4253813,0
1.0,0.85383147,1.3909197,0
1.0,0.8544976,1.3904641,0
1.0,0.85406244,1.4289168,0
1.0,0.85550386,1.5004041,0
1.0,0.8541467,1.5475684,0
1.0,0.8498778,1.5918132,0
1.0,0.84893143,1.6342418,0
1.0,0.84982604,1.6291475,0
1.0,0.8577788,1.650559,0
1.0,0.86468613,1.6604061,0
1.0,0.8747555,1.652008,0
1.0,0.8837001,1.7049589,0
1.0,0.89380383,1.7458669,0
1.0,0.9010102,1.7479792,0
1.0,0.90632766,1.7325273,0
1.0,0.9065684,1.6793921,0
1.0,0.9082273,1.6388434,0
1.0,0.9220694,1.6542742,0
1.0,0.92479527,1.595517,0
1.0,0.9210797,1.5176862,0
1.0,0.92217296,1.4802415,0
1.0,0.926115,1.4412886,0
1.0,0.926714,1.4485204,0
1.0,0.92001325,1.424825,0
1.0,0.9133084,1.3539629,0
1.0,0.9194006,1.3339047,0
1.0,0.9167567,1.3111126,0
1.0,0.91030896,1.2944198,0
1.0,0.91298264,1.3160787,0
1.0,0.92336893,1.3329906,0
1.0,0.9161706,1.3123873,0
1.0,0.9119566,1.3147999,0
1.0,0.9130578,1.2819453,0
1.0,0.92610824,1.263648,0
1.0,0.92308885,1.2051187,0
1.0,0.9188681,1.1127896,0
1.0,0.91333437,1.0471634,0
1.0,0.92380095,1.0008221,0
1.0,0.9134936,0.9123923,0
1.0,0.9097893,0.9325439,0
1.0,0.9017239,0.9445965,0
1.0,0.8911642,0.89608544,0
1.0,0.8806701,0.86631644,0
1.0,0.8813028,0.82538956,0
1.0,0.8821406,0.7866286,0
1.0,0.88649875,0.79341465,0
1.0,0.8927856,0.8149549,0
1.0,0.8977151,0.8488965,0
1.0,0.90452963,0.88098985,0
1.0,0.9005184,0.8572155,0
1.0,0.89531296,0.8427745,0
1.0,0.9022935,0.85547423,0
1.0,0.9036636,0.8595401,0
1.0,0.9007524,0.84260786,0
1.0,0.903946,0.83672243,0
1.0,0.9035776,0.8471727,0
1.0,0.91192156,0.85512453,0
1.0,0.88755304,0.7982735,0
1.0,0.8831772,0.7635399,0
1.0,0.8751141,0.71861213,0
1.0,0.8871558,0.73295933,0
1.0,0.84209985,0.6418124,0
1.0,0.8476764,0.6179888,0
1.0,0.83414876,0.57578075,0
1.0,0.85891104,0.6221963,0
1.0,0.83896625,0.63038385,0
1.0,0.84407634,0.6399525,0
1.0,0.82994324,0.6290133,0
1.0,0.85486805,0.68385696,0
1.0,0.81788796,0.6315834,0
1.0,0.81064785,0.6358651,0
1.0,0.790673,0.584777,0
1.0,0.81052196,0.5988861,0
1.0,0.7542765,0.5227836,0
1.0,0.78731114,0.54670906,0
1.0,0.77174294,0.5064038,0
1.0,0.81695837,0.5751835,0
1.0,0.7741856,0.5075287,0
1.0,0.79602903,0.52775896,0
1.0,0.7817699,0.51456213,0
1.0,0.82956773,0.5756248,0
1.0,0.8211032,0.56459713,0
1.0,0.8348998,0.60067415,0
1.0,0.8287335,0.59582376,0
1.0,0.8572572,0.6485548,0
1.0,0.8296033,0.6217965,0
1.0,0.8334898,0.61559135,0
1.0,0.82559377,0.6051324,0
1.0,0.85950553,0.66929257,0
1.0,0.8277481,0.6359355,0
1.0,0.82859844,0.66811526,0
1.0,0.8199817,0.6468713,0
1.0,0.8670472,0.696828,0
1.0,0.85232633,0.6762037,0
1.0,0.8609298,0.6803557,0
1.0,0.8560049,0.66649216,0
1.0,0.89773846,0.7253867,0
1.0,0.88241637,0.6598273,0
1.0,0.87751096,0.6397705,0
1.0,0.8384369,0.5651328,0
1.0,0.8759651,0.6060928,0
1.0,0.848696,0.57278126,0
1.0,0.8456983,0.5686334,0
1.0,0.81888074,0.53635675,0
1.0,0.87341183,0.6264241,0
1.0,0.8569808,0.6250745,0
1.0,0.85197604,0.64892113,0
1.0,0.83933955,0.6674101,0
1.0,0.8812414,0.7466533,0
1.0,0.8749166,0.7495818,0
1.0,0.8642184,0.7590501,0
1.0,0.8483034,0.71656525,0
1.0,0.8897735,0.77238506,0
1.0,0.89241225,0.7757716,0
1.0,0.88326573,0.75423306,0
1.0,0.869105,0.7706787,0
1.0,0.88891584,0.810418,0
1.0,0.8752914,0.76389956,0
1.0,0.8500277,0.7239636,0
1.0,0.8398922,0.70165193,0
1.0,0.8619006,0.751912,0
1.0,0.86482984,0.77553374,0
1.0,0.84277624,0.7438437,0
1.0,0.8510767,0.7982726,0
1.0,0.8725761,0.8690785,0
1.0,0.8765265,0.90755415,0
1.0,0.8550958,0.9049958,0
1.0,0.850264,0.9099691,0
1.0,0.84167016,0.91567475,0
1.0,0.82492536,0.9125896,0
1.0,0.7953345,0.88850355,0
1.0,0.7809754,0.88819325,0
1.0,0.78318834,0.89495945,0
1.0,0.7842289,0.9032134,0
1.0,0.7766976,0.9057876,0
1.0,0.77185184,0.88045585,0
1.0,0.801289,0.9033762,0
1.0,0.80942726,0.8962323,0
1.0,0.81875515,0.9002841,0
1.0,0.813521,0.8909328,0
1.0,0.8398926,0.96693605,0
1.0,0.8511481,1.0217891,0
1.0,0.85991865,1.0428977,0
1.0,0.8582637,1.0434384,0
1.0,0.86853796,1.1028388,0
1.0,0.88312125,1.1764543,0
1.0,0.88275826,1.1901741,0
1.0,0.8711363,1.1573348,0
1.0,0.86809015,1.1593829,0
1.0,0.8873451,1.2189233,0
1.0,0.887269,1.2426257,0
1.0,0.87838274,1.2303736,0
1.0,0.87449944,1.2068202,0
1.0,0.89416224,1.2249615,0
1.0,0.8897812,1.1896657,0
1.0,0.87262005,1.1296612,0
1.0,0.87489855,1.1246734,0
1.0,0.88896936,1.1451422,0
1.0,0.8906404,1.1284497,0
1.0,0.8682217,1.0788488,0
1.0,0.8594272,1.0684848,0
1.0,0.863698,1.0851864,0
1.0,0.8617862,1.0938089,0
1.0,0.83676857,1.053019,0
1.0,0.8183491,1.0564919,0
1.0,0.8176587,1.086454,0
1.0,0.7984102,1.036583,0
1.0,0.7591296,0.97846353,0
1.0,0.7456807,1.0019717,0
1.0,0.7366984,1.0412586,0
1.0,0.7568577,1.1011655,0
1.0,0.74585,1.0596423,0
1.0,0.77246404,1.0896565,0
1.0,0.7675961,1.040467,0
1.0,0.79043186,1.0539818,0
1.0,0.7989528,1.0695419,0
1.0,0.815355,1.0787492,0
1.0,0.80721056,1.0336579,0
1.0,0.82219017,1.0682821,0
1.0,0.8300279,1.0613515,0
1.0,0.8192022,1.0149229,0
1.0,0.8201503,1.0133784,0
1.0,0.8303562,1.0279378,0
1.0,0.8432292,1.0592258,0
1.0,0.835721,1.052746,0
1.0,0.8366449,1.0666065,0
1.0,0.84721726,1.1050746,0
1.0,0.8584844,1.1229154,0
1.0,0.8510215,1.0998037,0
1.0,0.8559468,1.1047564,0
1.0,0.8614398,1.1062925,0
1.0,0.8615798,1.0971646,0
1.0,0.84834486,1.0488739,0
1.0,0.84622645,1.0181949,0
1.0,0.839692,0.96661514,0
1.0,0.83669144,0.9214111,0
1.0,0.81774485,0.8412217,0
1.0,0.82472736,0.80590874,0
1.0,0.815526,0.77036023,0
1.0,0.7958369,0.72789085,0
1.0,0.763169,0.64480615,0
1.0,0.77395463,0.60612595,0
1.0,0.7571445,0.5518092,0
1.0,0.7493024,0.5335593,0
1.0,0.74259204,0.52328646,0
1.0,0.7492718,0.54313457,0
1.0,0.72645503,0.521637,0
1.0,0.73149633,0.550241,0
1.0,0.7446699,0.5831139,0
1.0,0.7565271,0.5844847,0
1.0,0.76259255,0.56838626,0
1.0,0.7915788,0.59572035,0
1.0,0.81325895,0.6226386,0
1.0,0.8217302,0.62347543,0
1.0,0.82536346,0.5991814,0
1.0,0.8421354,0.5990571,0
1.0,0.86061555,0.60806435,0
1.0,0.8472262,0.5631902,0
1.0,0.8357523,0.52235126,0
1.0,0.8506368,0.5308043,0
1.0,0.86762625,0.5430124,0
1.0,0.84204865,0.50286525,0
1.0,0.8266656,0.48633927,0
1.0,0.84190655,0.51840377,0
1.0,0.8778368,0.5815921,0
1.0,0.8645821,0.5655396,0
1.0,0.8537688,0.56839025,0
1.0,0.8674425,0.60063577,0
1.0,0.9079073,0.6615176,0
1.0,0.90001,0.63994664,0
1.0,0.8975819,0.62942976,0
1.0,0.89648265,0.62063694,0
1.0,0.9267683,0.64090216,0
1.0,0.91712916,0.6158357,0
1.0,0.90519154,0.59140575,0
1.0,0.8888436,0.5496265,0
1.0,0.9129674,0.5612021,0
1.0,0.89275044,0.50305045,0
1.0,0.87889767,0.46102312,0
1.0,0.874476,0.41080543,0
1.0,0.9012923,0.398243,0
1.0,0.89894456,0.3943377,0
1.0,0.9000235,0.3892327,0
1.0,0.8827155,0.3679759,0
1.0,0.90136296,0.39096963,0
1.0,0.9027225,0.38435644,0
1.0,0.9103866,0.38223386,0
1.0,0.89520395,0.35234803,0
1.0,0.8995319,0.3478741,0
1.0,0.87463397,0.31549826,0
1.0,0.88057846,0.30864927,0
1.0,0.85291356,0.2869245,0
1.0,0.8564649,0.28376627,0
1.0,0.8109604,0.23243263,0
1.0,0.8053743,0.21132238,0
1.0,0.7686845,0.15846765,0
1.0,0.7739198,0.13969791,0
1.0,0.7339884,0.110031754,0
1.0,0.7375316,0.08784752,0
1.0,0.7428624,0.08043018,0
1.0,0.7719526,0.08263707,0
1.0,0.71436477,0.06397712,0
1.0,0.7119628,0.061596658,0
1.0,0.69492984,0.054408487,0
1.0,0.6923445,0.05891485,0
1.0,0.6490759,0.052369148,0
1.0,0.6585271,0.052718006,0
1.0,0.6849072,0.05555176,0
1.0,0.66849804,0.053590324,0
1.0,0.6323797,0.053170055,0
1.0,0.65098864,0.053261433,0
1.0,0.70264924,0.059038013,0
1.0,0.6703683,0.055656634,0
1.0,0.6643546,0.05754554,0
1.0,0.661832,0.05750334,0
1.0,0.68486327,0.056627054,0
1.0,0.6462476,0.05565827,0
1.0,0.64442044,0.05550268,0
1.0,0.6548344,0.056324184,0
1.0,0.6820317,0.052173875,0
1.0,0.6345354,0.055943385,0
1.0,0.61884004,0.057877537,0
1.0,0.6415528,0.05864542,0
1.0,0.6755729,0.051148772,0
1.0,0.6087219,0.0631932,0
1.0,0.6329958,0.049012043,0
1.0,0.618346,0.040305056,0
1.0,0.63180596,0.035711024,0
1.0,0.5939112,0.038445145,0
1.0,0.6128925,0.03600198,0
1.0,0.60874134,0.0364711,0
1.0,0.65235245,0.03200297,0
1.0,0.6055423,0.036830343,0
1.0,0.63673705,0.03431783,0
1.0,0.59399104,0.0577011,0
1.0,0.60358864,0.05971372,0
1.0,0.5626602,0.06779495,0
1.0,0.602829,0.058229383,0
1.0,0.57236797,0.06643236,0
1.0,0.612919,0.05612507,0
1.0,0.58193207,0.06284873,0
1.0,0.6863108,0.04471298,0
1.0,0.6287485,0.052388407,0
1.0,0.71752745,0.045000155,0
1.0,0.6296053,0.051203266,0
1.0,0.6937486,0.050082505,0
1.0,0.6119152,0.054002855,0
1.0,0.6940846,0.051733315,0
1.0,0.6021619,0.055162914,0
1.0,0.6695119,0.05855358,0
1.0,0.59759825,0.063598536,0
1.0,0.71526366,0.05967044,0
1.0,0.6755536,0.05818394,0
1.0,0.7187953,0.060624868,0
1.0,0.66118145,0.05974247,0
1.0,0.7286053,0.05839228,0
1.0,0.6551182,0.06222089,0
1.0,0.6810342,0.08209792,0
1.0,0.63059574,0.09088797,0
1.0,0.711385,0.07910307,0
1.0,0.62754816,0.09497461,0
1.0,0.65515405,0.08854374,0
1.0,0.58666116,0.10865514,0
1.0,0.656347,0.088981256,0
1.0,0.60549206,0.106603645,0
1.0,0.5994689,0.11288716,0
1.0,0.5598137,0.10937928,0
1.0,0.5915019,0.095021375,0
1.0,0.5361944,0.11406231,0
1.0,0.5512037,0.10694972,0
1.0,0.50508744,0.12673992,0
1.0,0.52031416,0.12047343,0
1.0,0.52034885,0.12228404,0
1.0,0.50999933,0.12973489,0
1.0,0.4979244,0.14353275,0
1.0,0.50694907,0.14869207,0
1.0,0.4700895,0.16956082,0
1.0,0.4916534,0.16078138,0
1.0,0.4890224,0.16247626,0
1.0,0.5383527,0.13669273,0
1.0,0.59481406,0.11084354,0
1.0,0.64050263,0.08930756,0
1.0,0.63675326,0.08840917,0
1.0,0.66616666,0.08575128,0
1.0,0.7275546,0.0889572,0
1.0,0.712118,0.09780953,0
1.0,0.7402137,0.11285356,0
1.0,0.7622617,0.11820847,0
1.0,0.8025864,0.13176242,0
1.0,0.7966957,0.11938775,0
1.0,0.8085209,0.12643816,0
1.0,0.8062909,0.13135281,0
1.0,0.8688681,0.16360581,0
1.0,0.8622213,0.1630292,0
1.0,0.8716022,0.18012837,0
1.0,0.8674334,0.17619182,0
1.0,0.894959,0.18291485,0
1.0,0.8741064,0.17201808,0
1.0,0.8649585,0.16703835,0
1.0,0.84857213,0.15324134,0
1.0,0.8710681,0.17021061,0
1.0,0.83011895,0.16649818,0
1.0,0.8230974,0.16733143,0
1.0,0.83318335,0.16785382,0
1.0,0.81179607,0.16393284,0
1.0,0.75767964,0.15541059,0
1.0,0.7337683,0.14054242,0
1.0,0.7320034,0.13673316,0
1.0,0.7180482,0.1351061,0
1.0,0.701207,0.12637743,0
1.0,0.65186065,0.10520573,0
1.0,0.66758794,0.11952997,0
1.0,0.6406936,0.106018275,0
1.0,0.64618886,0.10843423,0
1.0,0.5947281,0.08759811,0
1.0,0.6745706,0.1198052,0
1.0,0.61756754,0.08990939,0
1.0,0.67061734,0.10348678,0
1.0,0.592592,0.06818527,0
1.0,0.689796,0.09824298,0
1.0,0.6289108,0.07540075,0
1.0,0.6974307,0.09741944,0
1.0,0.63658756,0.07658605,0
1.0,0.7329006,0.10922055,0
1.0,0.6858162,0.09878795,0
1.0,0.74502635,0.1473028,0
1.0,0.7051539,0.12567773,0
1.0,0.7609344,0.15575115,0
1.0,0.73860455,0.14417133,0
1.0,0.7681871,0.16980705,0
1.0,0.7026573,0.13366431,0
1.0,0.76270247,0.16711022,0
1.0,0.77812433,0.17531957,0
1.0,0.8092508,0.17526282,0
1.0,0.7567481,0.1380943,0
1.0,0.8081036,0.17128304,0
1.0,0.8135828,0.1750622,0
1.0,0.8138816,0.15345119,0
1.0,0.7426137,0.11910735,0
1.0,0.76016116,0.12775263,0
1.0,0.7440175,0.121319294,0
1.0,0.7501359,0.12762868,0
1.0,0.73194027,0.11566529,0
1.0,0.7892998,0.13107319,0
1.0,0.78477746,0.15124872,0
1.0,0.8294918,0.20127879,0
1.0,0.79350364,0.18143755,0
1.0,0.8225001,0.20379618,0
1.0,0.78643775,0.18918921,0
1.0,0.7950008,0.20993388,0
1.0,0.7504556,0.19528401,0
1.0,0.7838661,0.21847644,0
1.0,0.75499845,0.19909024,0
1.0,0.76445746,0.21310535,0
1.0,0.758357,0.20908538,0
1.0,0.79690516,0.23669086,0
1.0,0.77071625,0.2061911,0
1.0,0.7768683,0.18629411,0
1.0,0.7626855,0.1801159,0
1.0,0.8022001,0.2236625,0
1.0,0.8066883,0.23842333,0
1.0,0.8304759,0.2672645,0
1.0,0.8695255,0.310894,0
1.0,0.882456,0.32515457,0
1.0,0.9129299,0.3641081,0
1.0,0.895205,0.36867213,0
1.0,0.8761326,0.35001707,0
1.0,0.84520763,0.3252444,0
1.0,0.8778324,0.37038988,0
1.0,0.85940903,0.363783,0
1.0,0.8590432,0.37158716,0
1.0,0.8420503,0.36157888,0
1.0,0.8761845,0.40902263,0
1.0,0.8813434,0.41404888,0
1.0,0.865889,0.40015692,0
1.0,0.84918255,0.3885227,0
1.0,0.86792094,0.3901405,0
1.0,0.87256765,0.38023704,0
1.0,0.8516196,0.36835533,0
1.0,0.82440907,0.3494211,0
1.0,0.8215613,0.34910616,0
1.0,0.81305164,0.32469118,0
1.0,0.79828656,0.29443014,0
1.0,0.7546142,0.26559275,0
1.0,0.76105297,0.28638434,0
1.0,0.73101056,0.2561528,0
1.0,0.654504,0.19948354,0
1.0,0.6137638,0.16903052,0
1.0,0.6035036,0.16153961,0
1.0,0.5980545,0.15869245,0
1.0,0.6308938,0.17962313,0
1.0,0.6318527,0.16878898,0
1.0,0.6656511,0.19328055,0
1.0,0.6353616,0.1746099,0
1.0,0.6797375,0.20708334,0
1.0,0.6808685,0.20747648,0
1.0,0.670999,0.19678831,0
1.0,0.65818477,0.17541152,0
1.0,0.7023919,0.206069,0
1.0,0.6952468,0.20000564,0
1.0,0.724019,0.22612911,0
1.0,0.70294535,0.21477152,0
1.0,0.8403318,0.35678655,0
1.0,0.85560244,0.3826936,0
1.0,0.8632646,0.39166644,0
1.0,0.86740977,0.40845597,0
1.0,0.9135813,0.47098428,0
1.0,0.9064929,0.46666324,0
1.0,0.88257414,0.4499159,0
1.0,0.8734983,0.44459844,0
1.0,0.91112226,0.4964612,0
1.0,0.9092212,0.47942322,0
1.0,0.8929385,0.44374433,0
1.0,0.8931759,0.44863185,0
1.0,0.9274714,0.5049054,0
1.0,0.91870236,0.4745084,0
1.0,0.8962579,0.42467424,0
1.0,0.8906578,0.42325914,0
1.0,0.91871154,0.45191568,0
1.0,0.91010636,0.44059652,0
1.0,0.9041775,0.4459855,0
1.0,0.88348335,0.42791867,0
1.0,0.92797744,0.510612,0
1.0,0.92855537,0.53449905,0
1.0,0.9162028,0.53735924,0
1.0,0.90003586,0.54582345,0
1.0,0.91097754,0.57596844,0
1.0,0.9066355,0.6047994,0
1.0,0.88742375,0.6590017,0
1.0,0.86029303,0.6581745,0
1.0,0.88068986,0.70035243,0
1.0,0.89088404,0.7441579,0
1.0,0.90091336,0.774732,0
1.0,0.88937837,0.75297797,0
1.0,0.91391706,0.7838919,0
1.0,0.92104197,0.79274833,0
1.0,0.91706085,0.799285,0
1.0,0.8964324,0.768309,0
1.0,0.89966977,0.80636895,0
1.0,0.9060278,0.8640656,0
1.0,0.8981847,0.86471826,0
1.0,0.8851582,0.8706995,0
1.0,0.88707495,0.9411339,0
1.0,0.89536875,1.0095344,0
1.0,0.8895784,1.0295055,0
1.0,0.884759,1.0654204,0
1.0,0.8788323,1.0912992,0
1.0,0.87832737,1.1378782,0
1.0,0.87752897,1.1836509,0
1.0,0.8695892,1.1870406,0
1.0,0.8621725,1.2037368,0
1.0,0.8544706,1.2064981,0
1.0,0.8518037,1.2071431,0
1.0,0.83974457,1.1923103,0
1.0,0.83756196,1.1932037,0
1.0,0.83341354,1.1871483,0
1.0,0.82521725,1.1473371,0
1.0,0.8194394,1.1130419,0
1.0,0.8077056,1.1006651,0
1.0,0.8034926,1.0832155,0
1.0,0.79711086,1.0357571,0
1.0,0.79846215,1.040137,0
1.0,0.7947478,1.0624908,0
1.0,0.7983242,1.0783701,0
1.0,0.7928332,1.067879,0
1.0,0.7914655,1.1052666,0
1.0,0.78758657,1.1472539,0
1.0,0.7856628,1.1835897,0
1.0,0.7828479,1.2091968,0
1.0,0.77982306,1.2318228,0
1.0,0.77444273,1.232606,0
1.0,0.7784591,1.2428056,0
1.0,0.7657239,1.2599826,0
1.0,0.7786491,1.3015602,0
1.0,0.7715559,1.2355907,0
1.0,0.7891557,1.2470665,0
1.0,0.78886,1.2512313,0
1.0,0.7986933,1.2981088,0
1.0,0.81439,1.3304523,0
1.0,0.824088,1.3369808,0
1.0,0.8334281,1.3758422,0
1.0,0.834359,1.3978593,0
1.0,0.8447916,1.4510651,0
1.0,0.84311134,1.4906638,0
1.0,0.8450268,1.5228288,0
1.0,0.84660125,1.5855654,0
1.0,0.855633,1.6840968,0
1.0,0.8522803,1.7266431,0
1.0,0.8669049,1.8351233,0
1.0,0.8714246,1.8958663,0
1.0,0.8821953,1.9413979,0
1.0,0.88334954,1.9739585,0
1.0,0.8895732,2.020523,0
1.0,0.8942605,2.0554557,0
1.0,0.89984125,2.0666194,0
1.0,0.89590406,2.0677493,0
1.0,0.89916134,2.101984,0
1.0,0.8976144,2.104372,0
1.0,0.9051491,2.1511664,0
1.0,0.89778715,2.122539,0
1.0,0.9021826,2.1361732,0
1.0,0.9034278,2.1690464,0
1.0,0.90039486,2.202775,0
1.0,0.89790756,2.2377956,0
1.0,0.8994154,2.2286458,0
1.0,0.9057788,2.2708557,0
1.0,0.9041897,2.3031564,0
1.0,0.90600365,2.377538,0
1.0,0.9140514,2.4841409,0
1.0,0.9201021,2.4814987,0
1.0,0.9187229,2.5032263,0
1.0,0.92028797,2.5556512,0
1.0,0.9207384,2.5540833,0
1.0,0.92295,2.5652163,0
1.0,0.92062247,2.5506437,0
1.0,0.9174648,2.5334775,0
1.0,0.91997325,2.5525837,0
1.0,0.9166545,2.5454135,0
1.0,0.9145367,2.4806914,0
1.0,0.9122323,2.440813,0
1.0,0.91708475,2.44896,0
1.0,0.91400516,2.4316592,0
1.0,0.9149967,2.4925363,0
1.0,0.9186108,2.505949,0
1.0,0.9223345,2.4967408,0
1.0,0.92177737,2.5434332,0
1.0,0.92285836,2.569424,0
1.0,0.9201286,2.5912676,0
1.0,0.9262634,2.6319149,0
1.0,0.9214057,2.5853024,0
1.0,0.92346925,2.5571713,0
1.0,0.9176941,2.5348516,0
1.0,0.91564816,2.5280173,0
1.0,0.9159996,2.5363111,0
1.0,0.91465336,2.490315,0
1.0,0.9132402,2.4113522,0
1.0,0.9125679,2.382997,0
1.0,0.90869105,2.359416,0
1.0,0.9085968,2.3395495,0
1.0,0.91151947,2.3192317,0
1.0,0.91341937,2.317658,0
1.0,0.9133821,2.3382378,0
1.0,0.91726995,2.3838441,0
1.0,0.92036116,2.4112072,0
1.0,0.91854763,2.4160235,0
1.0,0.92079985,2.50168,0
1.0,0.92491794,2.5512052,0
1.0,0.9263161,2.5931077,0
1.0,0.9283382,2.657377,0
1.0,0.92833257,2.6176784,0
1.0,0.9315196,2.6578968,0
1.0,0.9349021,2.7225378,0
1.0,0.9291713,2.6865969,0
1.0,0.9350364,2.6874523,0
1.0,0.932564,2.625238,0
1.0,0.9408679,2.6727724,0
1.0,0.93677956,2.6551437,0
1.0,0.93344325,2.5723462,0
1.0,0.9319551,2.567261,0
1.0,0.93633735,2.5411987,0
1.0,0.9316184,2.507174,0
1.0,0.9309036,2.534685,0
1.0,0.92710066,2.5429573,0
1.0,0.929366,2.5714571,0
1.0,0.9206446,2.5272846,0
1.0,0.9177903,2.4967194,0
1.0,0.91146874,2.4717064,0
1.0,0.9136424,2.5004232,0
1.0,0.91242605,2.5234904,0
1.0,0.9052303,2.4763803,0
1.0,0.8934335,2.4495015,0
1.0,0.8929746,2.4477162,0
1.0,0.8853458,2.368104,0
1.0,0.8778807,2.3182552,0
1.0,0.8632302,2.215152,0
1.0,0.86243665,2.1478856,0
1.0,0.85720104,2.074828,0
1.0,0.84316474,1.924193,0
1.0,0.8359656,1.8340962,0
1.0,0.8312296,1.7425687,0
1.0,0.83448637,1.6910226,0
1.0,0.83144355,1.707782,0
1.0,0.8304615,1.6848764,0
1.0,0.83451563,1.6486175,0
1.0,0.8440149,1.6538942,0
1.0,0.83527344,1.633274,0
1.0,0.845366,1.6800793,0
1.0,0.8395374,1.6401054,0
1.0,0.8540953,1.67676,0
1.0,0.8408661,1.6928105,0
1.0,0.8508396,1.7108147,0
1.0,0.84624445,1.690505,0
1.0,0.85156775,1.7062995,0
1.0,0.8449675,1.6659441,0
1.0,0.85380024,1.6564741,0
1.0,0.8513494,1.6191031,0
1.0,0.8528604,1.6051476,0
1.0,0.84628195,1.5553505,0
1.0,0.8509993,1.5378302,0
1.0,0.84640735,1.5053837,0
1.0,0.84583384,1.504283,0
1.0,0.8396699,1.515412,0
1.0,0.8438171,1.5043843,0
1.0,0.8486412,1.491649,0
1.0,0.8474074,1.4959521,0
1.0,0.83998716,1.4726653,0
1.0,0.83958393,1.4649266,0
1.0,0.8412792,1.483624,0
1.0,0.8330511,1.4866401,0
1.0,0.82634807,1.4769001,0
1.0,0.8107882,1.4380919,0
1.0,0.8140399,1.4521124,0
1.0,0.79615426,1.3927323,0
1.0,0.79874593,1.3532913,0
1.0,0.77999693,1.2706044,0
1.0,0.7884522,1.2583765,0
1.0,0.77109134,1.2000272,0
1.0,0.770922,1.1603476,0
1.0,0.75555086,1.0705404,0
1.0,0.7544004,1.055555,0
1.0,0.74758875,1.0246589,0
1.0,0.7416495,0.9394965,0
1.0,0.7358965,0.89942276,0
1.0,0.73814785,0.89750564,0
1.0,0.73996615,0.8750719,0
1.0,0.7431273,0.86503273,0
1.0,0.7366567,0.82712775,0
1.0,0.7303538,0.79932714,0
1.0,0.730984,0.78465915,0
1.0,0.7175083,0.7464142,0
1.0,0.7089277,0.7388401,0
1.0,0.6871858,0.68722653,0
1.0,0.6916814,0.6509565,0
1.0,0.68110305,0.5940823,0
1.0,0.68251556,0.57515764,0
1.0,0.6793853,0.5442856,0
1.0,0.7166398,0.5528754,0
1.0,0.72233593,0.53575546,0
1.0,0.7321848,0.5288117,0
1.0,0.7189948,0.4797892,0
1.0,0.7357491,0.47898853,0
1.0,0.7195871,0.44406295,0
1.0,0.71890783,0.43731874,0
1.0,0.7195916,0.43111527,0
1.0,0.7386982,0.4449651,0
1.0,0.7283612,0.4165666,0
1.0,0.7384031,0.41791803,0
1.0,0.7274414,0.40691823,0
1.0,0.7298201,0.41023743,0
1.0,0.69686514,0.37055942,0
1.0,0.7054459,0.37711632,0
1.0,0.68413144,0.32969642,0
1.0,0.69370073,0.32151732,0
1.0,0.6817261,0.3028396,0
1.0,0.7317105,0.34289205,0
1.0,0.7485036,0.33623886,0
1.0,0.7578418,0.31713897,0
1.0,0.74974865,0.2906381,0
1.0,0.7879847,0.32097185,0
1.0,0.77044076,0.2941074,0
1.0,0.7636343,0.2813878,0
1.0,0.7480317,0.2580279,0
1.0,0.7905044,0.29062212,0
1.0,0.7971753,0.31179556,0
1.0,0.8162572,0.34601486,0
1.0,0.823293,0.3455631,0
1.0,0.8603799,0.3868046,0
1.0,0.87255067,0.42432863,0
1.0,0.8630461,0.42382035,0
1.0,0.85353285,0.41666597,0
1.0,0.87547773,0.45670855,0
1.0,0.8848519,0.46303642,0
1.0,0.8737268,0.45363253,0
1.0,0.8648734,0.44817442,0
1.0,0.88936865,0.46613932,0
1.0,0.90355325,0.47991726,0
1.0,0.8874642,0.43722838,0
1.0,0.8737632,0.41219446,0
1.0,0.87383676,0.42596063,0
1.0,0.8798275,0.44267604,0
1.0,0.8522752,0.40877545,0
1.0,0.8428014,0.39111245,0
1.0,0.83964354,0.39668757,0
1.0,0.8803722,0.47397724,0
1.0,0.85032266,0.45975828,0
1.0,0.854378,0.48163903,0
1.0,0.8356963,0.4672835,0
1.0,0.8747878,0.5354465,0
1.0,0.79032516,0.44005024,0
1.0,0.79098815,0.45688012,0
1.0,0.7621005,0.42294163,0
1.0,0.8221089,0.4906997,0
1.0,0.7641888,0.4155324,0
1.0,0.8113796,0.4702463,0
1.0,0.8064747,0.44558623,0
1.0,0.86894387,0.5022968,0
1.0,0.82369393,0.41511768,0
1.0,0.85668457,0.44730002,0
1.0,0.84268594,0.43031496,0
1.0,0.8818423,0.46076024,0
1.0,0.8415517,0.4066781,0
1.0,0.8664931,0.4243649,0
1.0,0.8598425,0.39758334,0
1.0,0.8882923,0.44688994,0
1.0,0.85404617,0.4088728,0
1.0,0.85767686,0.41966137,0
1.0,0.8674138,0.45502743,0
1.0,0.88189226,0.4746117,0
1.0,0.8603156,0.45213115,0
1.0,0.86406606,0.46663377,0
1.0,0.8791426,0.477436,0
1.0,0.87734604,0.45287773,0
1.0,0.887397,0.45307255,0
1.0,0.8870475,0.44819504,0
1.0,0.8961218,0.44738784,0
1.0,0.89362264,0.40999886,0
1.0,0.89817464,0.3899099,0
1.0,0.891173,0.365622,0
1.0,0.89408267,0.35016632,0
1.0,0.8803298,0.32426405,0
1.0,0.8908911,0.32365403,0
1.0,0.87135077,0.28789857,0
1.0,0.89384955,0.32326904,0
1.0,0.9011956,0.34297988,0
1.0,0.909926,0.35948795,0
1.0,0.8965273,0.35392886,0
1.0,0.91264147,0.3766114,0
1.0,0.91647786,0.38649318,0
1.0,0.91473156,0.4036619,0
1.0,0.90065664,0.40189576,0
1.0,0.9003499,0.4030136,0
1.0,0.89937013,0.40196162,0
1.0,0.89468753,0.3835407,0
1.0,0.88150114,0.36315006,0
1.0,0.89653605,0.37229425,0
1.0,0.92190003,0.3793214,0
1.0,0.92166483,0.36036944,0
1.0,0.9114717,0.32475963,0
1.0,0.9242424,0.30398965,0
1.0,0.9330516,0.29504302,0
1.0,0.90940964,0.26416552,0
1.0,0.87377864,0.22672594,0
1.0,0.89094645,0.23271917,0
1.0,0.9148947,0.24995707,0
1.0,0.8938894,0.23676917,0
1.0,0.87821776,0.2187902,0
1.0,0.88477606,0.21950895,0
1.0,0.8922338,0.2313281,0
1.0,0.85387033,0.20057657,0
1.0,0.8084502,0.16729483,0
1.0,0.82626325,0.1792627,0
1.0,0.86460155,0.19873497,0
1.0,0.84530014,0.18672138,0
1.0,0.8300005,0.170912,0
1.0,0.8479384,0.16345868,0
1.0,0.8644341,0.15906683,0
1.0,0.8281067,0.13091704,0
1.0,0.7967747,0.11167532,0
1.0,0.78783625,0.10243686,0
1.0,0.7773457,0.093631394,0
1.0,0.68199885,0.06928711,0
1.0,0.6640248,0.05646859,0
1.0,0.6324988,0.055685148,0
1.0,0.6489872,0.049507692,0
1.0,0.6163518,0.056972,0
1.0,0.6480566,0.053473197,0
1.0,0.6311006,0.05974698,0
1.0,0.6361952,0.054382134,0
1.0,0.57635283,0.069333635,0
1.0,0.59657776,0.067711085,0
1.0,0.56927717,0.0787704,0
1.0,0.5851909,0.0756113,0
1.0,0.52092856,0.10336011,0
1.0,0.5570895,0.09342715,0
1.0,0.50327915,0.13371408,0
1.0,0.5013642,0.15171686,0
1.0,0.4535662,0.19717664,0
1.0,0.4836723,0.17715222,0
1.0,0.45906457,0.20985706,0
1.0,0.49342942,0.20249987,0
1.0,0.4614108,0.23329917,0
1.0,0.4885774,0.21216582,0
1.0,0.46428728,0.22535506,0
1.0,0.48921794,0.20269391,0
1.0,0.49595237,0.20842072,0
1.0,0.48209122,0.2209087,0
1.0,0.49047732,0.19927546,0
1.0,0.4766586,0.20855473,0
1.0,0.4766275,0.20227203,0
1.0,0.46334213,0.2035315,0
1.0,0.47734246,0.192363,0
1.0,0.47327644,0.1947252,0
1.0,0.47858515,0.19128913,0
1.0,0.46185035,0.20981878,0
1.0,0.4838566,0.20326352,0
1.0,0.4936588,0.20067546,0
1.0,0.5002937,0.1926159,0
1.0,0.488899,0.19626099,0
1.0,0.5052239,0.18180926,0
1.0,0.4775666,0.20850958,0
1.0,0.4807439,0.20748755,0
1.0,0.46045783,0.215837,0
1.0,0.49330214,0.1841054,0
1.0,0.4917661,0.18336868,0
1.0,0.4912159,0.18487911,0
1.0,0.49218372,0.17709982,0
1.0,0.50009954,0.15950303,0
1.0,0.49840885,0.14838102,0
1.0,0.526616,0.12238772,0
1.0,0.50612384,0.13688919,0
1.0,0.5359947,0.11403665,0
1.0,0.5221231,0.10739674,0
1.0,0.5499182,0.09235653,0
1.0,0.56904346,0.08054566,0
1.0,0.64574677,0.061017543,0
1.0,0.6077408,0.07280793,0
1.0,0.6592739,0.052597143,0
1.0,0.6248842,0.0642883,0
1.0,0.6390616,0.06651522,0
1.0,0.58017105,0.09159848,0
1.0,0.6371158,0.070576355,0
1.0,0.60108596,0.08671485,0
1.0,0.66295636,0.07169236,0
1.0,0.6930761,0.0668916,0
1.0,0.75106746,0.062710136,0
1.0,0.73211735,0.0672227,0
1.0,0.7465036,0.07058101,0
1.0,0.7667704,0.07411836,0
1.0,0.7877853,0.08157036,0
1.0,0.76828897,0.08493123,0
1.0,0.76366866,0.09016594,0
1.0,0.8028442,0.10742362,0
1.0,0.7914695,0.113626644,0
1.0,0.79914033,0.11494331,0
1.0,0.7814113,0.10736549,0
1.0,0.82186353,0.12436518,0
1.0,0.81503606,0.1239667,0
1.0,0.7969335,0.12225133,0
1.0,0.7321785,0.100433245,0
1.0,0.7969104,0.1152221,0
1.0,0.81094813,0.12509117,0
1.0,0.8314545,0.14149037,0
1.0,0.80533063,0.13374299,0
1.0,0.86570513,0.16788535,0
1.0,0.8690385,0.17252447,0
1.0,0.86792284,0.177203,0
1.0,0.8368247,0.16284126,0
1.0,0.83574915,0.18679276,0
1.0,0.8585269,0.21383114,0
1.0,0.83676577,0.19735423,0
1.0,0.80888605,0.18202338,0
1.0,0.8131539,0.19108042,0
1.0,0.8676225,0.23559564,0
1.0,0.84897447,0.20747153,0
1.0,0.88563216,0.232235,0
1.0,0.8847922,0.23020482,0
1.0,0.9122942,0.2563012,0
1.0,0.8947214,0.24253774,0
1.0,0.8998839,0.23516138,0
1.0,0.87631446,0.21164656,0
1.0,0.8820953,0.21271643,0
1.0,0.8522373,0.18552616,0
1.0,0.8642481,0.19115624,0
1.0,0.84091246,0.18949604,0
1.0,0.8611215,0.2140803,0
1.0,0.87680376,0.23420888,0
1.0,0.91506594,0.29212046,0
1.0,0.89118713,0.2831077,0
1.0,0.9203011,0.31300712,0
1.0,0.9243202,0.31808347,0
1.0,0.9274104,0.3115518,0
1.0,0.8979717,0.27997655,0
1.0,0.90966916,0.3099613,0
1.0,0.9241244,0.33051187,0
1.0,0.9359369,0.3379546,0
1.0,0.91096604,0.337911,0
1.0,0.91249615,0.34760404,0
1.0,0.922196,0.3510962,0
1.0,0.90855026,0.33743072,0
1.0,0.88061523,0.29261014,0
1.0,0.87753034,0.30351615,0
1.0,0.8908371,0.3506407,0
1.0,0.9038062,0.40616047,0
1.0,0.9076089,0.47338143,0
1.0,0.9337511,0.5135044,0
1.0,0.9397125,0.53587997,0
1.0,0.9572825,0.59710705,0
1.0,0.9476199,0.60188687,0
1.0,0.943473,0.62731564,0
1.0,0.92585516,0.6083565,0
1.0,0.9299246,0.6484473,0
1.0,0.92189443,0.6869759,0
1.0,0.9031779,0.66007006,0
1.0,0.8900089,0.6435859,0
1.0,0.9153718,0.68983024,0
1.0,0.9216769,0.677969,0
1.0,0.9073296,0.64095396,0
1.0,0.9033071,0.64315295,0
1.0,0.923214,0.6744621,0
1.0,0.93327314,0.6844151,0
1.0,0.9228217,0.6797568,0
1.0,0.9047842,0.67414474,0
1.0,0.92223775,0.7127416,0
1.0,0.9304403,0.7354882,0
1.0,0.92345166,0.71598524,0
1.0,0.90659183,0.70316386,0
1.0,0.9093114,0.7553879,0
1.0,0.9117991,0.7710557,0
1.0,0.88129634,0.71811366,0
1.0,0.872513,0.71590686,0
1.0,0.86895424,0.7285026,0
1.0,0.88290626,0.7547904,0
1.0,0.8718215,0.73373735,0
1.0,0.86771005,0.7109605,0
1.0,0.8645576,0.6634928,0
1.0,0.8649282,0.60924494,0
1.0,0.8541356,0.602143,0
1.0,0.8368699,0.5802659,0
1.0,0.8244829,0.54887193,0
1.0,0.8129413,0.5382093,0
1.0,0.8018495,0.51813984,0
1.0,0.7728441,0.48974484,0
1.0,0.7692118,0.4690888,0
1.0,0.7549627,0.42906564,0
1.0,0.7493316,0.4639234,0
1.0,0.7504316,0.4796741,0
1.0,0.7426283,0.47782606,0
1.0,0.7422589,0.5037215,0
1.0,0.73498845,0.50246567,0
1.0,0.7536302,0.538705,0
1.0,0.75775325,0.5560193,0
1.0,0.75408906,0.5632926,0
1.0,0.744945,0.5656787,0
1.0,0.73091793,0.53818285,0
1.0,0.71769017,0.5166255,0
1.0,0.72354335,0.5470128,0
1.0,0.69460326,0.5240427,0
1.0,0.69561607,0.51656777,0
1.0,0.70328027,0.5232089,0
1.0,0.7283996,0.560961,0
1.0,0.7292605,0.5720009,0
1.0,0.7476061,0.6328616,0
1.0,0.74855626,0.6581063,0
1.0,0.76970655,0.72876084,0
1.0,0.7688178,0.7645448,0
1.0,0.7697304,0.78669393,0
1.0,0.769752,0.81218415,0
1.0,0.781877,0.85395586,0
1.0,0.7814209,0.8689216,0
1.0,0.78481555,0.89714265,0
1.0,0.7835598,0.92023325,0
1.0,0.78086567,0.9267506,0
1.0,0.7805281,0.92444503,0
1.0,0.7767179,0.90455973,0
1.0,0.78039867,0.9181893,0
1.0,0.7764004,0.9243841,0
1.0,0.7924578,0.92356265,0
1.0,0.78732896,0.9326618,0
1.0,0.80231,1.0056401,0
1.0,0.7946785,0.987906,0
1.0,0.81395745,1.0567036,0
1.0,0.8050616,1.0793691,0
1.0,0.81244284,1.1172512,0
1.0,0.8061892,1.1203878,0
1.0,0.81471103,1.1665179,0
1.0,0.8050373,1.2437017,0
1.0,0.8246589,1.3713496,0
1.0,0.8261024,1.4063816,0
1.0,0.848861,1.4843316,0
1.0,0.842967,1.5151653,0
1.0,0.86300135,1.5749074,0
1.0,0.85663134,1.5610055,0
1.0,0.87415856,1.6395652,0
1.0,0.86484694,1.6373477,0
1.0,0.8794228,1.6789479,0
1.0,0.873277,1.6727259,0
1.0,0.89028436,1.7150217,0
1.0,0.87845117,1.6861217,0
1.0,0.891541,1.727427,0
1.0,0.88267106,1.7174542,0
1.0,0.8945584,1.8043877,0
1.0,0.89397824,1.9042661,0
1.0,0.90191376,1.9832754,0
1.0,0.9028155,2.0083358,0
1.0,0.91614836,2.0937834,0
1.0,0.91454995,2.1822932,0
1.0,0.92214984,2.25725,0
1.0,0.92430025,2.3091266,0
1.0,0.93753505,2.4195957,0
1.0,0.9313874,2.3998792,0
1.0,0.9354681,2.4212456,0
1.0,0.92995715,2.4487252,0
1.0,0.93335557,2.447628,0
1.0,0.92694104,2.4004374,0
1.0,0.9254332,2.3697376,0
1.0,0.9213907,2.3891566,0
1.0,0.92281,2.39312,0
1.0,0.91854596,2.2682376,0
1.0,0.9232176,2.21059,0
1.0,0.92179245,2.2012122,0
1.0,0.9221746,2.2072802,0
1.0,0.9289244,2.2109275,0
1.0,0.93499565,2.2277577,0
1.0,0.93860966,2.2775552,0
1.0,0.93697804,2.2818623,0
1.0,0.9327017,2.269466,0
1.0,0.93180966,2.2990377,0
1.0,0.9293186,2.2899494,0
1.0,0.9219972,2.2562263,0
1.0,0.9168647,2.2681832,0
1.0,0.91537756,2.292497,0
1.0,0.9122011,2.2928734,0
1.0,0.9001226,2.1882915,0
1.0,0.9046946,2.0684397,0
1.0,0.9064008,2.0137327,0
1.0,0.90968657,2.0275307,0
1.0,0.9095825,1.9860301,0
1.0,0.91765225,1.9375471,0
1.0,0.9237681,1.9295375,0
1.0,0.9245976,1.8857,0
1.0,0.9202707,1.8307576,0
1.0,0.9172294,1.8558344,0
1.0,0.9167983,1.8225886,0
1.0,0.917037,1.7768734,0
1.0,0.9118025,1.7935653,0
1.0,0.9021684,1.7891343,0
1.0,0.8960749,1.7800304,0
1.0,0.8991576,1.7668395,0
1.0,0.8921646,1.7268124,0
1.0,0.88638586,1.7364695,0
1.0,0.8816061,1.7433943,0
1.0,0.88298583,1.699532,0
1.0,0.881319,1.636628,0
1.0,0.8826656,1.6167783,0
1.0,0.88210356,1.5878804,0
1.0,0.88009113,1.5463228,0
1.0,0.8853042,1.528137,0
1.0,0.87807584,1.4627112,0
1.0,0.8783803,1.4049008,0
1.0,0.86599636,1.3375483,0
1.0,0.8563737,1.3195398,0
1.0,0.8299571,1.2508535,0
1.0,0.8268737,1.2050277,0
1.0,0.8151697,1.1815102,0
1.0,0.81210274,1.2150519,0
1.0,0.8126254,1.2414117,0
1.0,0.82398087,1.259619,0
1.0,0.81617284,1.2242932,0
1.0,0.8225359,1.2346079,0
1.0,0.8145141,1.2109025,0
1.0,0.8201945,1.2228975,0
1.0,0.79686075,1.1878668,0
1.0,0.8076056,1.2067764,0
1.0,0.79964226,1.130522,0
1.0,0.82075495,1.1429613,0
1.0,0.8094012,1.1212356,0
1.0,0.82360077,1.0976751,0
1.0,0.8195752,1.040889,0
1.0,0.8361979,1.0649831,0
1.0,0.82283217,1.0185444,0
1.0,0.8352843,1.0459912,0
1.0,0.83046585,1.0212705,0
1.0,0.8249195,0.97299117,0
1.0,0.82756865,0.98428434,0
1.0,0.84451276,1.0431314,0
1.0,0.8423598,1.0595459,0
1.0,0.84533966,1.0843943,0
1.0,0.8432029,1.0868158,0
1.0,0.86699694,1.1369928,0
1.0,0.858319,1.1137335,0
1.0,0.85713315,1.1073741,0
1.0,0.8565919,1.1039121,0
1.0,0.8713415,1.0946636,0
1.0,0.8669224,1.0469555,0
1.0,0.8598119,1.0255315,0
1.0,0.86186165,0.9884568,0
1.0,0.8737605,0.9562534,0
1.0,0.86387867,0.91029465,0
1.0,0.843384,0.84397995,0
1.0,0.84470063,0.81914854,0
1.0,0.8547703,0.82836217,0
1.0,0.8290105,0.77897084,0
1.0,0.80034584,0.71885186,0
1.0,0.82249826,0.7286508,0
1.0,0.83405954,0.73349786,0
1.0,0.80886096,0.7000148,0
1.0,0.8081282,0.702218,0
1.0,0.825973,0.71543044,0
1.0,0.8317624,0.72343516,0
1.0,0.7924432,0.66724825,0
1.0,0.7666828,0.6191747,0
1.0,0.7892791,0.64446175,0
1.0,0.78576535,0.6163936,0
1.0,0.74544865,0.55363655,0
1.0,0.72041,0.523423,0
1.0,0.7432138,0.5482255,0
1.0,0.7346395,0.52252126,0
1.0,0.6781547,0.42079812,0
1.0,0.6590791,0.37683696,0
1.0,0.67846406,0.3762229,0
1.0,0.6775139,0.36012423,0
1.0,0.6352642,0.3369599,0
1.0,0.6374939,0.348432,0
1.0,0.65657413,0.37720937,0
1.0,0.6906492,0.43866292,0
1.0,0.6613987,0.40226865,0
1.0,0.69074976,0.43750662,0
1.0,0.6813279,0.44137836,0
1.0,0.68699527,0.47763208,0
1.0,0.6606761,0.4576779,0
1.0,0.66833913,0.47062916,0
1.0,0.6768343,0.48349553,0
1.0,0.7050533,0.5316826,0
1.0,0.69952404,0.5214925,0
1.0,0.7353131,0.55149037,0
1.0,0.747593,0.56888056,0
1.0,0.7681604,0.60987324,0
1.0,0.76991045,0.6008335,0
1.0,0.7911154,0.6244781,0
1.0,0.80124927,0.64294386,0
1.0,0.8053416,0.6534264,0
1.0,0.8144122,0.68442386,0
1.0,0.83048546,0.72934544,0
1.0,0.8365491,0.7475734,0
1.0,0.8498863,0.7844784,0
1.0,0.8602877,0.799245,0
1.0,0.87136966,0.8314307,0
1.0,0.87410545,0.860481,0
1.0,0.8612855,0.8309095,0
1.0,0.86076707,0.8473083,0
1.0,0.8552271,0.83977264,0
1.0,0.8579637,0.8426808,0
1.0,0.85109746,0.86144483,0
1.0,0.8498279,0.83471966,0
1.0,0.8524327,0.81632614,0
1.0,0.8496383,0.79050785,0
1.0,0.8548645,0.7632203,0
1.0,0.8573853,0.7572706,0
1.0,0.8657636,0.7634355,0
1.0,0.8658588,0.7529151,0
1.0,0.8707267,0.73501605,0
1.0,0.8814742,0.7476156,0
1.0,0.8929231,0.82220227,0
1.0,0.8924296,0.83159447,0
1.0,0.8983793,0.8228853,0
1.0,0.91010225,0.8347373,0
1.0,0.9150818,0.86027634,0
1.0,0.899305,0.8435136,0
1.0,0.89368755,0.8129729,0
1.0,0.8995312,0.8369433,0
1.0,0.9041994,0.84796894,0
1.0,0.8895606,0.819932,0
1.0,0.88601995,0.8296286,0
1.0,0.8933181,0.80177355,0
1.0,0.9090347,0.7833014,0
1.0,0.89871466,0.74145114,0
1.0,0.90673923,0.72198176,0
1.0,0.90338886,0.7167771,0
1.0,0.9269888,0.73860586,0
1.0,0.90512824,0.6605988,0
1.0,0.89527607,0.62997925,0
1.0,0.86816746,0.5658074,0
1.0,0.8970108,0.594916,0
1.0,0.86295766,0.53856844,0
1.0,0.86138886,0.501237,0
1.0,0.8095034,0.4305712,0
1.0,0.86049247,0.48694363,0
1.0,0.81678647,0.43342608,0
1.0,0.8028325,0.42600155,0
1.0,0.73526216,0.3450045,0
1.0,0.80000037,0.4069844,0
1.0,0.7686369,0.35353184,0
1.0,0.7709477,0.34264317,0
1.0,0.710765,0.27348423,0
1.0,0.78288096,0.2827945,0
1.0,0.7557252,0.2384918,0
1.0,0.75295633,0.24558195,0
1.0,0.70220757,0.20123181,0
1.0,0.7253995,0.20312765,0
1.0,0.68266994,0.15854695,0
1.0,0.63758135,0.131355,0
1.0,0.68472856,0.15787667,0
1.0,0.71610206,0.19520621,0
1.0,0.7193075,0.20091301,0
1.0,0.7041079,0.17480317,0
1.0,0.7930274,0.25919074,0
1.0,0.798709,0.28356612,0
1.0,0.78302574,0.28365758,0
1.0,0.7458705,0.26270974,0
1.0,0.8091546,0.32133466,0
1.0,0.78371495,0.29734957,0
1.0,0.7412331,0.26726606,0
1.0,0.71292,0.2616068,0
1.0,0.76941013,0.32669663,0
1.0,0.75863975,0.3074885,0
1.0,0.74417746,0.29237944,0
1.0,0.71389455,0.26524732,0
1.0,0.7878654,0.32515407,0
1.0,0.7666073,0.30622715,0
1.0,0.7665625,0.31660482,0
1.0,0.7420532,0.3040051,0
1.0,0.8370636,0.42066717,0
1.0,0.8401825,0.43905044,0
1.0,0.8424014,0.46306095,0
1.0,0.8411997,0.4754272,0
1.0,0.8660528,0.5078325,0
1.0,0.8419626,0.49254274,0
1.0,0.8184449,0.48454678,0
1.0,0.8001023,0.4669135,0
1.0,0.8250369,0.51790756,0
1.0,0.8206057,0.523203,0
1.0,0.8060886,0.5043195,0
1.0,0.80179757,0.511464,0
1.0,0.83483607,0.5653255,0
1.0,0.8345779,0.5396235,0
1.0,0.83982813,0.5334756,0
1.0,0.83369124,0.5566367,0
1.0,0.8540808,0.5992242,0
1.0,0.8536592,0.5961958,0
1.0,0.85893136,0.6195522,0
1.0,0.846669,0.60066444,0
1.0,0.8599481,0.6223217,0
1.0,0.8664246,0.6646511,0
1.0,0.8567955,0.66542053,0
1.0,0.84547484,0.649703,0
1.0,0.8244566,0.66027844,0
1.0,0.8183975,0.68691224,0
1.0,0.82399136,0.7156002,0
1.0,0.8069502,0.69886684,0
1.0,0.8077452,0.7063268,0
1.0,0.8133254,0.7325165,0
1.0,0.844503,0.80894864,0
1.0,0.8310738,0.7898288,0
1.0,0.8367158,0.79045916,0
1.0,0.84125465,0.79460365,0
1.0,0.8655345,0.8364471,0
1.0,0.85232633,0.8042319,0
1.0,0.8642759,0.8249446,0
1.0,0.87198687,0.8337576,0
1.0,0.8773951,0.82982194,0
1.0,0.868322,0.8286569,0
1.0,0.8756028,0.8692987,0
1.0,0.8705159,0.87126344,0
1.0,0.8765494,0.89828,0
1.0,0.8789429,0.8979459,0
1.0,0.88491833,0.88556165,0
1.0,0.8868846,0.9066584,0
1.0,0.8851183,0.92388237,0
1.0,0.8948357,0.9103935,0
1.0,0.8962779,0.92739874,0
1.0,0.90257406,0.9521021,0
1.0,0.89807177,0.9181294,0
1.0,0.89863,0.921527,0
1.0,0.8932968,0.9060024,0
1.0,0.9072828,0.8866691,0
1.0,0.90815306,0.858551,0
1.0,0.9164957,0.8566309,0
1.0,0.91300833,0.80946827,0
1.0,0.9209807,0.7967162,0
1.0,0.92278,0.8098895,0
1.0,0.92732114,0.8191773,0
1.0,0.9226301,0.82643807,0
1.0,0.9298075,0.8529748,0
1.0,0.92991674,0.8141585,0
1.0,0.9376463,0.8204024,0
1.0,0.9287513,0.8430699,0
1.0,0.92934364,0.8482078,0
1.0,0.9184679,0.8381645,0
1.0,0.92919964,0.89862466,0
1.0,0.91853046,0.8888742,0
1.0,0.91970086,0.9025237,0
1.0,0.9127889,0.9316869,0
1.0,0.92137045,0.93551314,0
1.0,0.9125806,0.87459576,0
1.0,0.91390693,0.86303157,0
1.0,0.91404027,0.84606504,0
1.0,0.9272414,0.85978603,0
1.0,0.9225259,0.8679475,0
1.0,0.91533643,0.84594,0
1.0,0.9053694,0.81654847,0
1.0,0.9116803,0.86547166,0
1.0,0.9057828,0.85074264,0
1.0,0.89336175,0.8179295,0
1.0,0.8895206,0.83164954,0
1.0,0.8983143,0.8426534,0
1.0,0.8871933,0.8408969,0
1.0,0.8595255,0.8673369,0
1.0,0.8554441,0.900063,0
1.0,0.8701324,0.94878304,0
1.0,0.8701703,0.9646035,0
1.0,0.869706,0.9677607,0
1.0,0.87499976,0.9723079,0
1.0,0.87431204,0.97784656,0
1.0,0.8809454,0.97253245,0
1.0,0.87375206,0.9340408,0
1.0,0.8768468,0.96294004,0
1.0,0.8676458,0.94031465,0
1.0,0.87786037,0.92512155,0
1.0,0.8610527,0.89094734,0
1.0,0.8595824,0.86964834,0
1.0,0.84426343,0.81548226,0
1.0,0.85102594,0.83700025,0
1.0,0.8287032,0.8065798,0
1.0,0.8394995,0.8045294,0
1.0,0.8339546,0.79557455,0
1.0,0.8417246,0.82984126,0
1.0,0.82417035,0.82320523,0
1.0,0.8224435,0.84481204,0
1.0,0.8226638,0.8473919,0
1.0,0.8227079,0.8476215,0
1.0,0.80784845,0.8628558,0
1.0,0.81304437,0.898493,0
1.0,0.81350183,0.8664324,0
1.0,0.8317581,0.8693303,0
1.0,0.82710624,0.8489059,0
1.0,0.8258918,0.8435293,0
1.0,0.8312334,0.88460493,0
1.0,0.83670896,0.87737536,0
1.0,0.81675714,0.78784335,0
1.0,0.82704985,0.83222806,0
1.0,0.8390224,0.865488,0
1.0,0.84703475,0.8832022,0
1.0,0.83997595,0.8976414,0
1.0,0.8517909,0.9601487,0
1.0,0.86416245,1.0345647,0
1.0,0.8697788,1.0935267,0
1.0,0.8713961,1.1575308,0
1.0,0.8739343,1.2061098,0
1.0,0.87773013,1.242935,0
1.0,0.881977,1.2968736,0
1.0,0.8819094,1.3475852,0
1.0,0.88508123,1.3704975,0
1.0,0.8867241,1.3819602,0
1.0,0.888978,1.3932583,0
1.0,0.89024836,1.3846948,0
1.0,0.8867282,1.4042814,0
1.0,0.8926258,1.440727,0
1.0,0.8857072,1.411057,0
1.0,0.88486975,1.4228619,0
1.0,0.878333,1.4144609,0
1.0,0.8796906,1.4480278,0
1.0,0.8753239,1.4947034,0
1.0,0.8734461,1.4682971,0
1.0,0.86532104,1.4370503,0
1.0,0.8608052,1.4609966,0
1.0,0.84701425,1.4964595,0
1.0,0.85278094,1.5765439,0
1.0,0.8503998,1.5726087,0
1.0,0.8507487,1.5787725,0
1.0,0.8461445,1.6246694,0
1.0,0.85260296,1.6742392,0
1.0,0.85687155,1.6894192,0
1.0,0.86035997,1.6949023,0
1.0,0.8552026,1.6704891,0
1.0,0.85806084,1.6664646,0
1.0,0.85377663,1.6333137,0
1.0,0.8594128,1.609668,0
1.0,0.857543,1.564884,0
1.0,0.8580296,1.5321302,0
1.0,0.8583669,1.5126929,0
1.0,0.85545856,1.5177817,0
1.0,0.8627649,1.563262,0
1.0,0.8548771,1.530946,0
1.0,0.8634231,1.6135533,0
1.0,0.8597232,1.6849917,0
1.0,0.8608551,1.7074931,0
1.0,0.86054575,1.763341,0
1.0,0.8676282,1.7947512,0
1.0,0.8699299,1.788715,0
1.0,0.87456745,1.8419845,0
1.0,0.8713597,1.8254037,0
1.0,0.87045664,1.8226931,0
1.0,0.8636282,1.8092546,0
1.0,0.86300147,1.7591562,0
1.0,0.85632837,1.7621838,0
1.0,0.84970456,1.7671294,0
1.0,0.83847785,1.7071744,0
1.0,0.8447872,1.6776164,0
1.0,0.83794016,1.6330297,0
1.0,0.8379546,1.6440382,0
1.0,0.83890104,1.6537762,0
1.0,0.840273,1.6493239,0
1.0,0.8406062,1.6413865,0
1.0,0.83562917,1.6265192,0
1.0,0.8367466,1.6568118,0
1.0,0.82935596,1.6819736,0
1.0,0.8332253,1.7187437,0
1.0,0.8286611,1.7036128,0
1.0,0.82885027,1.7375802,0
1.0,0.82767886,1.7923698,0
1.0,0.8318949,1.8307824,0
1.0,0.8322031,1.8352752,0
1.0,0.8285857,1.8190362,0
1.0,0.82431024,1.8115335,0
1.0,0.8270763,1.8248823,0
1.0,0.8267076,1.7654762,0
1.0,0.83443403,1.7162123,0
1.0,0.8362215,1.6967552,0
1.0,0.83769387,1.6663258,0
1.0,0.84519875,1.6897926,0
1.0,0.8543134,1.7257478,0
1.0,0.85670817,1.7159452,0
1.0,0.8604148,1.7429202,0
1.0,0.861415,1.7573278,0
1.0,0.85720795,1.7584593,0
1.0,0.8563261,1.7867332,0
1.0,0.85866505,1.7773122,0
1.0,0.8590383,1.7687191,0
1.0,0.8534821,1.8029002,0
1.0,0.8594033,1.8729018,0
1.0,0.8657861,1.8979849,0
1.0,0.86588293,1.8934487,0
1.0,0.8676593,1.9062868,0
1.0,0.86656845,1.9173625,0
1.0,0.8692247,1.9134661,0
1.0,0.8687561,1.90275,0
1.0,0.867802,1.9108055,0
1.0,0.86747885,1.8778601,0
1.0,0.8680927,1.881698,0
1.0,0.86920714,1.908359,0
1.0,0.8631986,1.8570311,0
1.0,0.86422455,1.8336647,0
1.0,0.865726,1.8107071,0
1.0,0.8606483,1.7968619,0
1.0,0.8589212,1.8576565,0
1.0,0.8596951,1.8535616,0
1.0,0.86372584,1.839087,0
1.0,0.871535,1.8857138,0
1.0,0.87363714,1.9113342,0
1.0,0.8774891,1.949766,0
1.0,0.88517326,2.0008771,0
1.0,0.8913661,1.9814713,0
1.0,0.89251107,1.9602289,0
1.0,0.8892181,1.9461792,0
1.0,0.88401514,1.9509637,0
1.0,0.8906229,1.9798951,0
1.0,0.8881434,1.9395211,0
1.0,0.89176947,1.9749789,0
1.0,0.88847464,1.9860649,0
1.0,0.88888645,1.9817727,0
1.0,0.88670725,1.9850022,0
1.0,0.88556254,1.9601548,0
1.0,0.88489145,2.0020592,0
1.0,0.89269334,2.094571,0
1.0,0.8884714,2.102872,0
1.0,0.89785784,2.1478853,0
1.0,0.89945704,2.1673617,0
1.0,0.9108767,2.190401,0
1.0,0.90681535,2.1615272,0
1.0,0.9112751,2.2246182,0
1.0,0.92038816,2.2807407,0
1.0,0.9211456,2.247149,0
1.0,0.92019916,2.2542868,0
1.0,0.9202187,2.269001,0
1.0,0.9174694,2.2589304,0
1.0,0.9172118,2.2535996,0
1.0,0.91555583,2.152035,0
1.0,0.918431,2.099715,0
1.0,0.9196322,2.1264467,0
1.0,0.916901,2.1073837,0
1.0,0.91519743,2.0741565,0
1.0,0.9151381,2.0613134,0
1.0,0.9167704,2.0607584,0
1.0,0.9143754,2.0651383,0
1.0,0.91057646,2.0767229,0
1.0,0.9086528,2.0812094,0
1.0,0.90743864,2.012704,0
1.0,0.89983857,1.954398,0
1.0,0.89942986,1.9794817,0
1.0,0.8916797,1.902208,0
1.0,0.89584327,1.8915325,0
1.0,0.8844226,1.8668004,0
1.0,0.8828614,1.823261,0
1.0,0.8742324,1.7853429,0
1.0,0.86258173,1.6770809,0
1.0,0.8500929,1.5587664,0
1.0,0.8447277,1.4844787,0
1.0,0.8386257,1.3984941,0
1.0,0.8301951,1.3663969,0
1.0,0.8258619,1.3387403,0
1.0,0.81768,1.2818236,0
1.0,0.82017356,1.2342994,0
1.0,0.8074672,1.155167,0
1.0,0.80964166,1.1900098,0
1.0,0.8052432,1.2156262,0
1.0,0.8014637,1.1867712,0
1.0,0.80405736,1.1770862,0
1.0,0.8075693,1.1646336,0
1.0,0.8160112,1.1941807,0
1.0,0.8164875,1.2198582,0
1.0,0.8298891,1.2301345,0
1.0,0.8245625,1.1894083,0
1.0,0.83334637,1.1952264,0
1.0,0.8281527,1.1634636,0
1.0,0.8264062,1.1202369,0
1.0,0.82629365,1.079201,0
1.0,0.84620553,1.0712368,0
1.0,0.84930944,1.0556383,0
1.0,0.85656595,1.0709505,0
1.0,0.8586916,1.0471567,0
1.0,0.8689283,1.0267589,0
1.0,0.8589224,1.0097001,0
1.0,0.86823314,1.0241416,0
1.0,0.87574023,1.0291066,0
1.0,0.88525397,1.027405,0
1.0,0.8727308,0.95941293,0
1.0,0.89304775,0.9942409,0
1.0,0.89163846,1.011168,0
1.0,0.8959608,1.0368133,0
1.0,0.8857298,1.026399,0
1.0,0.90054613,1.0370946,0
1.0,0.9017067,1.0221914,0
1.0,0.9002343,1.0075495,0
1.0,0.89329225,0.9643164,0
1.0,0.8990551,0.9457177,0
1.0,0.9058981,0.9266641,0
1.0,0.8948633,0.85293233,0
1.0,0.8883393,0.81729674,0
1.0,0.9016256,0.8339339,0
1.0,0.8956369,0.81667125,0
1.0,0.8818735,0.77830505,0
1.0,0.8694292,0.727513,0
1.0,0.88445324,0.7513961,0
1.0,0.87101215,0.7235949,0
1.0,0.8569356,0.6933189,0
1.0,0.8527062,0.7102934,0
1.0,0.8688781,0.74352896,0
1.0,0.83362794,0.7088803,0
1.0,0.8422938,0.7600868,0
1.0,0.84359217,0.7683007,0
1.0,0.85482305,0.80055505,0
1.0,0.8389831,0.7822046,0
1.0,0.8474902,0.80573714,0
1.0,0.8385168,0.79771525,0
1.0,0.840003,0.7806598,0
1.0,0.81318825,0.71958375,0
1.0,0.83017766,0.7606398,0
1.0,0.8161942,0.7518784,0
1.0,0.82208467,0.7710217,0
1.0,0.78719336,0.7044524,0
1.0,0.80121475,0.70208967,0
1.0,0.78607166,0.69365865,0
1.0,0.7906736,0.741349,0
1.0,0.7809891,0.7385186,0
1.0,0.7870575,0.78885597,0
1.0,0.7765389,0.81374377,0
1.0,0.78434557,0.8513074,0
1.0,0.7897041,0.8916391,0
1.0,0.79469573,0.91374195,0
1.0,0.7998347,0.9342469,0
1.0,0.7939758,0.9484321,0
1.0,0.79560083,0.96580154,0
1.0,0.7748527,0.94525015,0
1.0,0.78284603,0.99175125,0
1.0,0.76747286,0.9619253,0
1.0,0.76975214,0.97082686,0
1.0,0.7565421,0.9537075,0
1.0,0.7686239,0.9736646,0
1.0,0.7766112,1.0052896,0
1.0,0.7908967,1.0344985,0
1.0,0.7774604,1.0125812,0
1.0,0.7949152,1.0699649,0
1.0,0.7888158,1.0741992,0
1.0,0.7974673,1.1325693,0
1.0,0.7846999,1.1296196,0
1.0,0.80133516,1.1657257,0
1.0,0.7911972,1.1615331,0
1.0,0.7970347,1.2035623,0
1.0,0.78721315,1.2106733,0
1.0,0.80011034,1.2353601,0
1.0,0.7942353,1.223882,0
1.0,0.7967339,1.252499,0
1.0,0.7925033,1.2578154,0
1.0,0.7998633,1.2646592,0
1.0,0.8025019,1.2319012,0
1.0,0.8011208,1.2187946,0
1.0,0.80385685,1.2032641,0
1.0,0.79833597,1.1602325,0
1.0,0.8010898,1.1755128,0
1.0,0.79668933,1.1378391,0
1.0,0.7905555,1.1033692,0
1.0,0.7945394,1.1466746,0
1.0,0.7877868,1.1400585,0
1.0,0.77667636,1.1279444,0
1.0,0.76982486,1.1075596,0
1.0,0.7718091,1.0916857,0
1.0,0.7659791,1.1147864,0
1.0,0.7643191,1.1454867,0
1.0,0.7713277,1.1916394,0
1.0,0.77701,1.2145178,0
1.0,0.77570146,1.2129598,0
1.0,0.77992636,1.2553458,0
1.0,0.7831497,1.2637194,0
1.0,0.7821584,1.2464471,0
1.0,0.78325295,1.2251436,0
1.0,0.78351194,1.1899347,0
1.0,0.78212076,1.2036625,0
1.0,0.79508996,1.2591655,0
1.0,0.7941473,1.2523148,0
1.0,0.8171649,1.2798945,0
1.0,0.8152239,1.2579517,0
1.0,0.83128285,1.3329264,0
1.0,0.83288574,1.3642905,0
1.0,0.84775543,1.3971592,0
1.0,0.84982526,1.4123232,0
1.0,0.853897,1.4328425,0
1.0,0.85490847,1.4929789,0
1.0,0.8623703,1.5752604,0
1.0,0.86266553,1.6027577,0
1.0,0.86821014,1.6307775,0
1.0,0.8731276,1.6198766,0
1.0,0.87898684,1.6565921,0
1.0,0.87898,1.7044148,0
1.0,0.88748616,1.6858342,0
1.0,0.8935794,1.6699998,0
1.0,0.89789045,1.6680999,0
1.0,0.8946318,1.6698546,0
1.0,0.9022441,1.6952338,0
1.0,0.90251696,1.6687922,0
1.0,0.90380275,1.6711141,0
1.0,0.90333647,1.6507329,0
1.0,0.899737,1.6287639,0
1.0,0.89620394,1.6411119,0
1.0,0.8827653,1.6317971,0
1.0,0.88861394,1.6781597,0
1.0,0.88592005,1.6919572,0
1.0,0.88656473,1.7310061,0
1.0,0.87285835,1.7402138,0
1.0,0.8803322,1.7492377,0
1.0,0.88493747,1.7371418,0
1.0,0.8873126,1.7601786,0
1.0,0.8741681,1.7494905,0
1.0,0.87818855,1.7663636,0
1.0,0.87814194,1.7417021,0
1.0,0.87436056,1.7113448,0
1.0,0.85907996,1.6467009,0
1.0,0.8597612,1.6322854,0
1.0,0.84846216,1.6127536,0
1.0,0.8397379,1.5406803,0
1.0,0.81906587,1.4310129,0
1.0,0.82758975,1.4215834,0
1.0,0.81712675,1.3932997,0
1.0,0.8152919,1.4423162,0
1.0,0.8044919,1.4089087,0
1.0,0.8127973,1.3853741,0
1.0,0.8154566,1.4309299,0
1.0,0.82192856,1.4899411,0
1.0,0.8178615,1.4983661,0
1.0,0.8258803,1.5260864,0
1.0,0.821468,1.5169815,0
1.0,0.82093734,1.5118533,0
1.0,0.8101617,1.4734342,0
1.0,0.80636966,1.4590796,0
1.0,0.8007073,1.4324598,0
1.0,0.78944534,1.3526567,0
1.0,0.8009089,1.2987372,0
1.0,0.8067681,1.2597325,0
1.0,0.8160316,1.2629672,0
1.0,0.81632185,1.233828,0
1.0,0.8286262,1.2245095,0
1.0,0.84422654,1.235318,0
1.0,0.8434072,1.2223703,0
1.0,0.8376559,1.1980976,0
1.0,0.8476398,1.206747,0
1.0,0.8528207,1.1942692,0
1.0,0.8485729,1.1671191,0
1.0,0.8312683,1.1134124,0
1.0,0.8369458,1.1273594,0
1.0,0.84578985,1.1551898,0
1.0,0.8364247,1.1019986,0
1.0,0.8194484,1.0681216,0
1.0,0.82035595,1.0697435,0
1.0,0.8216972,1.0500258,0
1.0,0.82207197,1.0283294,0
1.0,0.8162063,0.9455233,0
1.0,0.83797824,0.9427811,0
1.0,0.8688042,0.9722954,0
1.0,0.8768869,0.91670436,0
1.0,0.8780397,0.8752197,0
1.0,0.8866997,0.8499876,0
1.0,0.89804,0.8160684,0
1.0,0.8832346,0.7596444,0
1.0,0.8490591,0.67682374,0
1.0,0.86490864,0.67229474,0
1.0,0.8691632,0.6532283,0
1.0,0.8594493,0.6147011,0
1.0,0.82830095,0.57412106,0
1.0,0.83938986,0.59742707,0
1.0,0.84490806,0.5846227,0
1.0,0.82475775,0.51963466,0
1.0,0.8001656,0.469078,0
1.0,0.80707294,0.4665864,0
1.0,0.81779575,0.45287064,0
1.0,0.7974831,0.39752275,0
1.0,0.7984683,0.36924592,0
1.0,0.80673105,0.34632397,0
1.0,0.8221261,0.33953136,0
1.0,0.79366016,0.3020543,0
1.0,0.78798383,0.2815295,0
1.0,0.7550025,0.23078021,0
1.0,0.72578245,0.18432313,0
1.0,0.63510686,0.12329832,0
1.0,0.6397809,0.106906734,0
1.0,0.6052815,0.08274245,0
1.0,0.6021952,0.08025809,0
1.0,0.57844156,0.07215997,0
1.0,0.65773183,0.10303683,0
1.0,0.63872814,0.09755711,0
1.0,0.62299985,0.09253636,0
1.0,0.6048174,0.08658518,0
1.0,0.6638274,0.09155824,0
1.0,0.6315807,0.07200575,0
1.0,0.6185692,0.06877303,0
1.0,0.63993704,0.07570732,0
1.0,0.67017037,0.077883855,0
1.0,0.67273253,0.07676679,0
1.0,0.6214219,0.06556515,0
1.0,0.62801623,0.06578317,0
1.0,0.61632466,0.058398847,0
1.0,0.6121331,0.052544598,0
1.0,0.56693697,0.05515405,0
1.0,0.5656597,0.055660952,0
1.0,0.5539285,0.055598654,0
1.0,0.56077033,0.050759874,0
1.0,0.54227716,0.053396817,0
1.0,0.5566651,0.04949819,0
1.0,0.5547176,0.047685444,0
1.0,0.55673486,0.051587842,0
1.0,0.5360749,0.056328982,0
1.0,0.5414164,0.05722566,0
1.0,0.5271631,0.05605343,0
1.0,0.5041644,0.05836868,0
1.0,0.4884604,0.062282093,0
1.0,0.48307228,0.06370379,0
1.0,0.47915184,0.07116093,0
1.0,0.4746103,0.072525315,0
1.0,0.45514587,0.08006908,0
1.0,0.42133662,0.101468846,0
1.0,0.43726915,0.09179631,0
1.0,0.41698417,0.10956801,0
1.0,0.43126744,0.10386264,0
1.0,0.41741562,0.11002994,0
1.0,0.43339726,0.10470587,0
1.0,0.41540307,0.11161435,0
1.0,0.43621463,0.10180171,0
1.0,0.4852672,0.08150024,0
1.0,0.5408821,0.06679987,0
1.0,0.5243624,0.06223814,0
1.0,0.58122194,0.053401403,0
1.0,0.60569173,0.051804632,0
1.0,0.5791204,0.049729668,0
1.0,0.523746,0.056973383,0
1.0,0.5927552,0.04890179,0
1.0,0.6208722,0.05033804,0
1.0,0.6078866,0.04950496,0
1.0,0.55250037,0.052051596,0
1.0,0.6353598,0.051380705,0
1.0,0.6778786,0.0542633,0
1.0,0.7016832,0.061408512,0
1.0,0.6371705,0.047539882,0
1.0,0.7232983,0.05821338,0
1.0,0.7345406,0.06066977,0
1.0,0.74388,0.06738371,0
1.0,0.7259798,0.06794914,0
1.0,0.80498976,0.0928563,0
1.0,0.8235156,0.11084102,0
1.0,0.829564,0.115470156,0
1.0,0.81417906,0.10734365,0
1.0,0.81241226,0.11797415,0
1.0,0.7824157,0.10884981,0
1.0,0.75056136,0.10257123,0
1.0,0.7795626,0.11549902,0
1.0,0.7458747,0.101382,0
1.0,0.7497081,0.10253188,0
1.0,0.73710215,0.09800608,0
1.0,0.78929883,0.113229536,0
1.0,0.7626546,0.097918466,0
1.0,0.7664912,0.09729195,0
1.0,0.768272,0.090603635,0
1.0,0.80727744,0.11318378,0
1.0,0.75471,0.09425478,0
1.0,0.7593421,0.103806615,0
1.0,0.7548767,0.108055554,0
1.0,0.8167992,0.1423453,0
1.0,0.7786135,0.13868079,0
1.0,0.79710335,0.1624299,0
1.0,0.8112256,0.18197039,0
1.0,0.83016837,0.21133256,0
1.0,0.77392113,0.17874067,0
1.0,0.7634149,0.18515438,0
1.0,0.7781298,0.20398375,0
1.0,0.79889923,0.22476271,0
1.0,0.7961709,0.22237584,0
1.0,0.79307824,0.2217969,0
1.0,0.8107915,0.2418647,0
1.0,0.8170443,0.26675186,0
1.0,0.81948143,0.28059894,0
1.0,0.79896086,0.25747284,0
1.0,0.802621,0.2660362,0
1.0,0.80522126,0.30929002,0
1.0,0.7933516,0.33970773,0
1.0,0.79798037,0.35399878,0
1.0,0.7915347,0.35826308,0
1.0,0.81617624,0.4315501,0
1.0,0.83929217,0.5044115,0
1.0,0.84893614,0.5537924,0
1.0,0.8178918,0.5420703,0
1.0,0.83972734,0.586421,0
1.0,0.8362734,0.606066,0
1.0,0.8316335,0.6372489,0
1.0,0.7912001,0.59424806,0
1.0,0.8161536,0.64412045,0
1.0,0.829103,0.6755464,0
1.0,0.8413242,0.6970897,0
1.0,0.824529,0.67024934,0
1.0,0.84436136,0.6981182,0
1.0,0.8614838,0.7055297,0
1.0,0.86950123,0.7151484,0
1.0,0.8567014,0.71063304,0
1.0,0.8648077,0.72939944,0
1.0,0.87539303,0.74885315,0
1.0,0.87434494,0.749714,0
1.0,0.8709096,0.7621143,0
1.0,0.8777706,0.8030375,0
1.0,0.89019674,0.86362183,0
1.0,0.87703985,0.881534,0
1.0,0.87747085,0.8908001,0
1.0,0.8789619,0.88712233,0
1.0,0.88390446,0.9214114,0
1.0,0.8616684,0.931779,0
1.0,0.8652211,0.9613968,0
1.0,0.8648371,0.92862844,0
1.0,0.87979347,0.92122316,0
1.0,0.86524945,0.8922209,0
1.0,0.86727035,0.8901363,0
1.0,0.8710689,0.8572222,0
1.0,0.87936324,0.8297463,0
1.0,0.8708473,0.7913523,0
1.0,0.86929905,0.76431394,0
1.0,0.8721968,0.77000785,0
1.0,0.86041754,0.73328096,0
1.0,0.8331901,0.6539583,0
1.0,0.8271824,0.6611171,0
1.0,0.84548277,0.7231852,0
1.0,0.8473681,0.73958415,0
1.0,0.83981544,0.7325509,0
1.0,0.83630496,0.728868,0
1.0,0.85494345,0.76869285,0
1.0,0.8562107,0.7875596,0
1.0,0.8335201,0.781786,0
1.0,0.8365037,0.78463113,0
1.0,0.8465538,0.7819172,0
1.0,0.8569095,0.7978977,0
1.0,0.84106344,0.7577776,0
1.0,0.8402056,0.7406816,0
1.0,0.8664348,0.77106774,0
1.0,0.8683733,0.7288623,0
1.0,0.840585,0.6553137,0
1.0,0.84102196,0.6553405,0
1.0,0.8348316,0.6364092,0
1.0,0.8430273,0.6312249,0
1.0,0.81430644,0.5574099,0
1.0,0.82373077,0.5750278,0
1.0,0.84513795,0.6236185,0
1.0,0.86987215,0.6732694,0
1.0,0.8607018,0.67345667,0
1.0,0.87614846,0.69246304,0
1.0,0.88303155,0.72979367,0
1.0,0.8762064,0.75398284,0
1.0,0.85098106,0.71318114,0
1.0,0.86188734,0.75589454,0
1.0,0.85953915,0.74810696,0
1.0,0.8560438,0.73569953,0
1.0,0.8461609,0.738456,0
1.0,0.84806836,0.71593195,0
1.0,0.86659,0.6991776,0
1.0,0.8587487,0.660859,0
1.0,0.8466914,0.6365651,0
1.0,0.853477,0.65884745,0
1.0,0.8511471,0.65717745,0
1.0,0.82935107,0.61788243,0
1.0,0.813845,0.56252724,0
1.0,0.8392617,0.5977616,0
1.0,0.8461961,0.6315546,0
1.0,0.83172953,0.61808836,0
1.0,0.80421996,0.58563566,0
1.0,0.8274114,0.6256641,0
1.0,0.79679424,0.59071,0
1.0,0.77034605,0.56578594,0
1.0,0.7448252,0.53543484,0
1.0,0.77360696,0.580358,0
1.0,0.7502744,0.55508804,0
1.0,0.752161,0.56663555,0
1.0,0.72595733,0.5325728,0
1.0,0.75636345,0.5625788,0
1.0,0.7378485,0.51210284,0
1.0,0.759256,0.51374936,0
1.0,0.7443043,0.4862832,0
1.0,0.7866908,0.55001664,0
1.0,0.75780696,0.48959675,0
1.0,0.77805954,0.50000525,0
1.0,0.76711553,0.4856567,0
1.0,0.80268645,0.52398694,0
1.0,0.78169227,0.5025791,0
1.0,0.82138085,0.5619513,0
1.0,0.8151545,0.5531032,0
1.0,0.8177265,0.56108665,0
1.0,0.78632855,0.5148971,0
1.0,0.82161164,0.57780355,0
1.0,0.82551926,0.5762502,0
1.0,0.8247469,0.5559075,0
1.0,0.80910134,0.5262925,0
1.0,0.8468776,0.5687197,0
1.0,0.8417675,0.5609062,0
1.0,0.8444707,0.54444194,0
1.0,0.81332713,0.4764496,0
1.0,0.84390306,0.5018008,0
1.0,0.8417336,0.48464072,0
1.0,0.8466052,0.4775496,0
1.0,0.81535184,0.41515803,0
1.0,0.8283177,0.41501832,0
1.0,0.8044607,0.36768508,0
1.0,0.77605665,0.3133155,0
1.0,0.71368015,0.2508883,0
1.0,0.7342362,0.2538037,0
1.0,0.73997945,0.2385123,0
1.0,0.72861767,0.22273664,0
1.0,0.71385884,0.21668455,0
1.0,0.7419837,0.24229911,0
1.0,0.76548946,0.2462068,0
1.0,0.79557455,0.2576369,0
1.0,0.7759087,0.23234549,0
1.0,0.7843436,0.22628874,0
1.0,0.7862971,0.21510096,0
1.0,0.81418616,0.21983378,0
1.0,0.77368665,0.17307341,0
1.0,0.7466872,0.14644928,0
1.0,0.7590868,0.13581763,0
1.0,0.7976812,0.15060587,0
1.0,0.7963307,0.1486589,0
1.0,0.7621867,0.11856952,0
1.0,0.78976923,0.14238268,0
1.0,0.8557223,0.19244118,0
1.0,0.8660434,0.20238899,0
1.0,0.8469247,0.19490352,0
1.0,0.87233955,0.21218579,0
1.0,0.9170736,0.26110995,0
1.0,0.9149199,0.2778598,0
1.0,0.88065106,0.26387328,0
1.0,0.8666546,0.26258248,0
1.0,0.9007817,0.29207963,0
1.0,0.9016285,0.28958714,0
1.0,0.8619393,0.2533161,0
1.0,0.86475086,0.25670224,0
1.0,0.8983112,0.29038882,0
1.0,0.9108518,0.28864536,0
1.0,0.86727345,0.24058914,0
1.0,0.8798628,0.25738227,0
1.0,0.90114766,0.2692953,0
1.0,0.9035899,0.2604543,0
1.0,0.87016356,0.2341423,0
1.0,0.88501793,0.2589716,0
1.0,0.8915409,0.2775668,0
1.0,0.89030874,0.29491434,0
1.0,0.8692589,0.2750609,0
1.0,0.8789826,0.29577643,0
1.0,0.8717319,0.31401613,0
1.0,0.84848446,0.30466506,0
1.0,0.8125102,0.28925502,0
1.0,0.8145137,0.29374957,0
1.0,0.8156899,0.29669333,0
1.0,0.8009519,0.29471874,0
1.0,0.7949083,0.28967482,0
1.0,0.8212868,0.31410438,0
1.0,0.83522326,0.32698384,0
1.0,0.79552394,0.28089103,0
1.0,0.7872274,0.2698495,0
1.0,0.77210593,0.26466355,0
1.0,0.7648409,0.2576741,0
1.0,0.685959,0.18037722,0
1.0,0.69420713,0.17864358,0
1.0,0.667099,0.15360174,0
1.0,0.6791956,0.175864,0
1.0,0.63254595,0.17058337,0
1.0,0.6427027,0.17854759,0
1.0,0.6168801,0.1659183,0
1.0,0.65169835,0.20859969,0
1.0,0.608983,0.18118742,0
1.0,0.6176792,0.18985808,0
1.0,0.5838659,0.16846612,0
1.0,0.61723304,0.19933031,0
1.0,0.5648305,0.1668647,0
1.0,0.58338916,0.19053006,0
1.0,0.5441265,0.15891653,0
1.0,0.5911027,0.1887875,0
1.0,0.5506388,0.15636694,0
1.0,0.59206676,0.1874405,0
1.0,0.5415572,0.1563784,0
1.0,0.6097074,0.20312473,0
1.0,0.5775936,0.1800561,0
1.0,0.66681486,0.25912184,0
1.0,0.6409374,0.2500225,0
1.0,0.705838,0.32820365,0
1.0,0.68309474,0.3046047,0
1.0,0.7451341,0.39143145,0
1.0,0.6866299,0.35047585,0
1.0,0.7317763,0.42139181,0
1.0,0.7157632,0.42378688,0
1.0,0.7816249,0.5155207,0
1.0,0.74774134,0.46067554,0
1.0,0.79358256,0.5185728,0
1.0,0.7870175,0.5246335,0
1.0,0.835124,0.60586274,0
1.0,0.80892915,0.5677601,0
1.0,0.8249156,0.57008004,0
1.0,0.8277728,0.5419482,0
1.0,0.855979,0.6018333,0
1.0,0.8384705,0.5853206,0
1.0,0.8241866,0.5371079,0
1.0,0.81799114,0.5170568,0
1.0,0.8298521,0.545629,0
1.0,0.8132341,0.5347762,0
1.0,0.7876004,0.51940393,0
1.0,0.79599184,0.5374097,0
1.0,0.79764605,0.5298023,0
1.0,0.7994189,0.5471451,0
1.0,0.79218966,0.5623859,0
1.0,0.81953365,0.618349,0
1.0,0.8176811,0.6197696,0
1.0,0.8404511,0.6495172,0
1.0,0.7993648,0.58378625,0
1.0,0.8231633,0.62085366,0
1.0,0.8214866,0.6306628,0
1.0,0.83382535,0.6372037,0
1.0,0.781125,0.54824835,0
1.0,0.7919972,0.55671847,0
1.0,0.78854376,0.52558887,0
1.0,0.8003664,0.5169761,0
1.0,0.7737614,0.46672368,0
1.0,0.7797919,0.457335,0
1.0,0.7871368,0.48712516,0
1.0,0.8122503,0.55341196,0
1.0,0.80261517,0.5478061,0
1.0,0.8313944,0.5845151,0
1.0,0.84868705,0.60726774,0
1.0,0.8736932,0.6641376,0
1.0,0.85345286,0.6772022,0
1.0,0.853149,0.70634186,0
1.0,0.8486607,0.69385165,0
1.0,0.8530612,0.6950959,0
1.0,0.8286519,0.68095064,0
1.0,0.8188548,0.7005572,0
1.0,0.8283945,0.71707284,0
1.0,0.8424021,0.71871555,0
1.0,0.85383725,0.70761764,0
1.0,0.8479353,0.693107,0
1.0,0.8561708,0.7283786,0
1.0,0.87183607,0.7518643,0
1.0,0.873719,0.74048626,0
1.0,0.8742303,0.766195,0
1.0,0.8830269,0.8383317,0
1.0,0.898132,0.88984215,0
1.0,0.89240956,0.9062058,0
1.0,0.89926845,0.9478827,0
1.0,0.902979,0.95194703,0
1.0,0.90369356,0.99285173,0
1.0,0.89223224,1.0268974,0
1.0,0.89015573,1.0588337,0
1.0,0.89168864,1.0811434,0
1.0,0.88595086,1.092385,0
1.0,0.885887,1.1455433,0
1.0,0.88839656,1.182577,0
1.0,0.89565,1.1976361,0
1.0,0.8904618,1.1673933,0
1.0,0.88877416,1.1654184,0
1.0,0.8887623,1.1965458,0
1.0,0.89700836,1.2436045,0
1.0,0.89214104,1.2518604,0
1.0,0.8838231,1.2233033,0
1.0,0.8878278,1.2123647,0
1.0,0.8922415,1.239951,0
1.0,0.8848483,1.2628511,0
1.0,0.8731169,1.2362761,0
1.0,0.8744762,1.2419634,0
1.0,0.86234045,1.2704649,0
1.0,0.8507448,1.2782835,0
1.0,0.833222,1.2682021,0
1.0,0.83963495,1.2981663,0
1.0,0.82595783,1.2550381,0
1.0,0.8264617,1.2816789,0
1.0,0.8196716,1.3091981,0
1.0,0.829366,1.3216605,0
1.0,0.8232438,1.2631047,0
1.0,0.8330273,1.2633531,0
1.0,0.8292795,1.2435397,0
1.0,0.83866304,1.2370131,0
1.0,0.8257264,1.201446,0
1.0,0.8385263,1.2076354,0
1.0,0.8209978,1.122014,0
1.0,0.8344455,1.1604156,0
1.0,0.81915414,1.1681619,0
1.0,0.82037157,1.1795727,0
1.0,0.80839705,1.1427627,0
1.0,0.8306748,1.1755157,0
1.0,0.8144786,1.1699843,0
1.0,0.8270932,1.2545867,0
1.0,0.8167964,1.2661433,0
1.0,0.8469119,1.3679402,0
1.0,0.8305399,1.3376555,0
1.0,0.8403683,1.3658164,0
1.0,0.8291364,1.3612571,0
1.0,0.84856594,1.454352,0
1.0,0.8404361,1.4693058,0
1.0,0.8483638,1.4649962,0
1.0,0.8344809,1.4606276,0
1.0,0.84884095,1.5002011,0
1.0,0.84174645,1.4286697,0
1.0,0.84359974,1.4584105,0
1.0,0.83370817,1.4431423,0
1.0,0.8410937,1.4732902,0
1.0,0.8433475,1.5441463,0
1.0,0.83355784,1.5078759,0
1.0,0.83157504,1.487503,0
1.0,0.8365419,1.5143523,0
1.0,0.8422187,1.5468956,0
1.0,0.8433711,1.6231687,0
1.0,0.8386223,1.6384492,0
1.0,0.8354563,1.6346631,0
1.0,0.84562254,1.682566,0
1.0,0.8366731,1.673853,0
1.0,0.8341822,1.701489,0
1.0,0.8323141,1.7060857,0
1.0,0.83695304,1.6951587,0
1.0,0.835336,1.6912429,0
1.0,0.8222106,1.6530308,0
1.0,0.8245416,1.6512723,0
1.0,0.8173555,1.5975485,0
1.0,0.81858844,1.5560839,0
1.0,0.80837137,1.507574,0
1.0,0.81518614,1.4944885,0
1.0,0.80755645,1.4637877,0
1.0,0.8162999,1.498914,0
1.0,0.802068,1.483569,0
1.0,0.811304,1.4878098,0
1.0,0.79104453,1.444396,0
1.0,0.8094582,1.5301306,0
1.0,0.7961079,1.5141014,0
1.0,0.813794,1.5622454,0
1.0,0.7970092,1.5504506,0
1.0,0.81102747,1.6213644,0
1.0,0.80428606,1.6336489,0
1.0,0.8289199,1.7264102,0
1.0,0.8160564,1.6616402,0
1.0,0.8366854,1.7026267,0
1.0,0.8344369,1.6934838,0
1.0,0.8433637,1.6990858,0
1.0,0.8337413,1.6763089,0
1.0,0.85705566,1.6994182,0
1.0,0.8526822,1.6786184,0
1.0,0.8673435,1.7349899,0
1.0,0.85604006,1.7131464,0
1.0,0.8653811,1.7765936,0
1.0,0.8565056,1.7476442,0
1.0,0.8669222,1.7506189,0
1.0,0.8591214,1.7815228,0
1.0,0.87083274,1.8480778,0
1.0,0.8672944,1.8727412,0
1.0,0.88948673,2.003776,0
1.0,0.8865825,2.0553977,0
1.0,0.89737785,2.1204205,0
1.0,0.8921627,2.1248746,0
1.0,0.9041961,2.1547823,0
1.0,0.9004042,2.1340146,0
1.0,0.90459883,2.1483474,0
1.0,0.8984163,2.1153383,0
1.0,0.90628713,2.1309464,0
1.0,0.8986285,2.0893934,0
1.0,0.9025877,2.055607,0
1.0,0.88738054,2.0077825,0
1.0,0.8940932,2.062199,0
1.0,0.8858242,2.0333223,0
1.0,0.8811599,1.9842267,0
1.0,0.87437147,1.9705845,0
1.0,0.8751279,1.9667264,0
1.0,0.8768796,1.9819254,0
1.0,0.88145816,2.0894585,0
1.0,0.89089346,2.1887355,0
1.0,0.89359033,2.1957502,0
1.0,0.8965067,2.2258701,0
1.0,0.8984567,2.2355986,0
1.0,0.9037602,2.2385955,0
1.0,0.8981798,2.240642,0
1.0,0.89888924,2.2495122,0
1.0,0.89530075,2.2278976,0
1.0,0.9009068,2.2696562,0
1.0,0.89495945,2.2571278,0
1.0,0.89416844,2.1849256,0
1.0,0.8930888,2.1299121,0
1.0,0.8927991,2.111365,0
1.0,0.8958705,2.0899332,0
1.0,0.89980227,2.088126,0
1.0,0.90286005,2.0924566,0
1.0,0.90925694,2.1392746,0
1.0,0.9117026,2.2303135,0
1.0,0.9150531,2.3497143,0
1.0,0.9181659,2.4729426,0
1.0,0.9286896,2.550412,0
1.0,0.93369436,2.5973587,0
1.0,0.93561876,2.6538854,0
1.0,0.94013894,2.7190173,0
1.0,0.94355017,2.7600346,0
1.0,0.9491634,2.788262,0
1.0,0.9457409,2.8062694,0
1.0,0.94769216,2.8400989,0
1.0,0.94797575,2.8185215,0
1.0,0.95005745,2.8013287,0
1.0,0.94401693,2.7924252,0
1.0,0.9453303,2.7434237,0
1.0,0.94668585,2.7256103,0
1.0,0.9526551,2.7740035,0
1.0,0.94846076,2.747425,0
1.0,0.9533004,2.84626,0
1.0,0.95363724,2.923364,0
1.0,0.95465314,2.9428267,0
1.0,0.95159084,2.956445,0
1.0,0.9549513,2.9446068,0
1.0,0.9557005,2.9531226,0
1.0,0.95794815,2.9921494,0
1.0,0.9548366,3.009418,0
1.0,0.95752156,3.0896027,0
1.0,0.95360744,3.105236,0
1.0,0.95508,3.0880399,0
1.0,0.95183927,3.0434291,0
1.0,0.9494127,3.0133765,0
1.0,0.9436417,2.9506865,0
1.0,0.94116974,2.8645804,0
1.0,0.93832284,2.7548242,0
1.0,0.93098164,2.5955997,0
1.0,0.92536026,2.5374494,0
1.0,0.92315185,2.5294085,0
1.0,0.92291397,2.4902775,0
1.0,0.9152768,2.4343624,0
1.0,0.90895504,2.3875084,0
1.0,0.90590745,2.3707738,0
1.0,0.9115364,2.3759065,0
1.0,0.9049171,2.3359137,0
1.0,0.9009447,2.3545566,0
1.0,0.9002535,2.3820033,0
1.0,0.89976275,2.3934085,0
1.0,0.89234406,2.3672945,0
1.0,0.8874042,2.3024688,0
1.0,0.88872087,2.2940922,0
1.0,0.8904686,2.275645,0
1.0,0.8771279,2.1414595,0
1.0,0.87949914,2.1288352,0
1.0,0.8783267,2.0882974,0
1.0,0.8809849,2.0474982,0
1.0,0.8753715,2.0450609,0
1.0,0.8738632,2.0095267,0
1.0,0.87018716,1.982429,0
1.0,0.86852616,1.9951661,0
1.0,0.8663661,1.932742,0
1.0,0.8640212,1.8869379,0
1.0,0.8612235,1.9155984,0
1.0,0.8666465,1.9661326,0
1.0,0.8714429,2.0221896,0
1.0,0.87251985,2.073009,0
1.0,0.87274766,2.0909333,0
1.0,0.87529314,2.1168337,0
1.0,0.8759223,2.1266184,0
1.0,0.87549335,2.0996099,0
1.0,0.8752309,2.0761292,0
1.0,0.875627,2.105696,0
1.0,0.8796099,2.1470327,0
1.0,0.8789413,2.1099758,0
1.0,0.8857312,2.0663314,0
1.0,0.88794947,2.0267735,0
1.0,0.89252704,1.9821035,0
1.0,0.8895489,1.917918,0
1.0,0.898906,1.9360249,0
1.0,0.90120983,1.9293253,0
1.0,0.9070807,1.9187238,0
1.0,0.9096514,1.9133508,0
1.0,0.91277605,1.9308021,0
1.0,0.9111907,1.9660001,0
1.0,0.916145,1.9804724,0
1.0,0.9236068,1.9697219,0
1.0,0.9250945,1.9876205,0
1.0,0.92405343,2.0020409,0
1.0,0.9221345,2.0128603,0
1.0,0.9231872,2.0384965,0
1.0,0.9201558,2.018061,0
1.0,0.9171584,1.9701772,0
1.0,0.9148482,1.9494284,0
1.0,0.9154594,1.9483807,0
1.0,0.91506195,1.9110754,0
1.0,0.91380996,1.840671,0
1.0,0.9069655,1.7607276,0
1.0,0.9085748,1.7411673,0
1.0,0.9035217,1.7140541,0
1.0,0.9033251,1.6913273,0
1.0,0.8982968,1.6666521,0
1.0,0.90046626,1.7050555,0
1.0,0.89017785,1.7130619,0
1.0,0.8844523,1.6613939,0
1.0,0.8785226,1.6252015,0
1.0,0.88112223,1.6584988,0
1.0,0.8743703,1.6883202,0
1.0,0.87376225,1.7623819,0
1.0,0.87402964,1.8341274,0
1.0,0.8702355,1.8422965,0
1.0,0.87512267,1.8022854,0
1.0,0.8799596,1.752761,0
1.0,0.88855314,1.7863663,0
1.0,0.89610124,1.8568168,0
1.0,0.90874976,1.8622506,0
1.0,0.9127934,1.8185052,0
1.0,0.9223095,1.829918,0
1.0,0.92183,1.8039002,0
1.0,0.92428535,1.7901183,0
1.0,0.91877925,1.7573515,0
1.0,0.92338485,1.7299405,0
1.0,0.9223744,1.7256478,0
1.0,0.9220907,1.7516199,0
1.0,0.91772276,1.7797735,0
1.0,0.9160971,1.8026626,0
1.0,0.91716826,1.7893792,0
1.0,0.9154795,1.796392,0
1.0,0.91357607,1.8539207,0
1.0,0.91376585,1.881495,0
1.0,0.91611254,1.86767,0
1.0,0.9144144,1.8301682,0
1.0,0.91170454,1.8285816,0
1.0,0.9083516,1.8382545,0
1.0,0.90565443,1.7746776,0
1.0,0.9087514,1.721689,0
1.0,0.9031128,1.6841896,0
1.0,0.89702845,1.6500554,0
1.0,0.8928121,1.6366704,0
1.0,0.88657033,1.612724,0
1.0,0.8720054,1.5422792,0
1.0,0.860667,1.4625635,0
1.0,0.8590116,1.4400333,0
1.0,0.8523374,1.4673402,0
1.0,0.8527523,1.527729,0
1.0,0.8533737,1.5410954,0
1.0,0.85589474,1.5327322,0
1.0,0.85946035,1.562422,0
1.0,0.8617456,1.610641,0
1.0,0.86946476,1.671181,0
1.0,0.8634456,1.6775932,0
1.0,0.8684483,1.7243118,0
1.0,0.8615132,1.7097099,0
1.0,0.864124,1.7012138,0
1.0,0.8527329,1.6661984,0
1.0,0.86042917,1.6502638,0
1.0,0.85354745,1.5962008,0
1.0,0.8630372,1.6132822,0
1.0,0.8539292,1.5917075,0
1.0,0.8563969,1.5894325,0
1.0,0.844909,1.5437628,0
1.0,0.84700716,1.5337054,0
1.0,0.8341907,1.507357,0
1.0,0.83453625,1.5699292,0
1.0,0.8268679,1.583684,0
1.0,0.8310745,1.576128,0
1.0,0.8267411,1.5911219,0
1.0,0.8376646,1.6691787,0
1.0,0.8349183,1.6775092,0
1.0,0.8372543,1.6995337,0
1.0,0.8338293,1.6969676,0
1.0,0.83518,1.6752145,0
1.0,0.83165896,1.6617515,0
1.0,0.82503617,1.6546519,0
1.0,0.82334363,1.6467223,0
1.0,0.82173824,1.63187,0
1.0,0.82202965,1.6188433,0
1.0,0.81750375,1.6123906,0
1.0,0.82025576,1.6259995,0
1.0,0.8207321,1.6146518,0
1.0,0.82696563,1.6114918,0
1.0,0.8139998,1.5807033,0
1.0,0.8227092,1.6202493,0
1.0,0.8242077,1.6124678,0
1.0,0.8370324,1.6663822,0
1.0,0.836082,1.7092367,0
1.0,0.84521085,1.739939,0
1.0,0.84768957,1.7361994,0
1.0,0.853302,1.7599642,0
1.0,0.85206044,1.7863827,0
1.0,0.8575,1.8005365,0
1.0,0.8549387,1.7904165,0
1.0,0.8554282,1.7871684,0
1.0,0.84791774,1.7705562,0
1.0,0.8459332,1.7732764,0
1.0,0.84296656,1.7036701,0
1.0,0.8398429,1.6322858,0
1.0,0.8464194,1.628037,0
1.0,0.8530245,1.6213526,0
1.0,0.8556336,1.5960329,0
1.0,0.862949,1.6077597,0
1.0,0.8623878,1.6020248,0
1.0,0.8752744,1.6141822,0
1.0,0.871538,1.5875374,0
1.0,0.8666236,1.557241,0
1.0,0.868367,1.5518258,0
1.0,0.86872274,1.5592246,0
1.0,0.8665084,1.5680504,0
1.0,0.84918314,1.5078578,0
1.0,0.8559766,1.4958491,0
1.0,0.85581887,1.45899,0
1.0,0.85524803,1.4280698,0
1.0,0.8383863,1.3828738,0
1.0,0.8483441,1.3709741,0
1.0,0.8382672,1.3051735,0
1.0,0.83063775,1.2650864,0
1.0,0.8086305,1.1724709,0
1.0,0.81868094,1.1488525,0
1.0,0.80908155,1.0982325,0
1.0,0.80657274,1.1028285,0
1.0,0.7987291,1.1257291,0
1.0,0.80605245,1.1295502,0
1.0,0.80285805,1.1307878,0
1.0,0.8071594,1.1539711,0
1.0,0.78833413,1.1171937,0
1.0,0.8057062,1.1652298,0
1.0,0.78458005,1.1138812,0
1.0,0.7976181,1.1804104,0
1.0,0.77895105,1.1852242,0
1.0,0.79203814,1.2387645,0
1.0,0.7829676,1.2511082,0
1.0,0.7884596,1.2563608,0
1.0,0.7791034,1.2230141,0
1.0,0.79137003,1.2281531,0
1.0,0.7871962,1.1902845,0
1.0,0.8031679,1.2148023,0
1.0,0.81105334,1.215899,0
1.0,0.8178472,1.2289155,0
1.0,0.82133466,1.2389917,0
1.0,0.83452725,1.2428486,0
1.0,0.84848017,1.252696,0
1.0,0.8440049,1.226909,0
1.0,0.84320915,1.2322953,0
1.0,0.85811704,1.295517,0
1.0,0.8622952,1.3336848,0
1.0,0.8600861,1.3418276,0
1.0,0.85616136,1.3378062,0
1.0,0.8644022,1.3883071,0
1.0,0.8685428,1.425098,0
1.0,0.8544316,1.411874,0
1.0,0.8558356,1.4388294,0
1.0,0.8554916,1.4195707,0
1.0,0.85843825,1.3762009,0
1.0,0.84509623,1.3192291,0
1.0,0.84628415,1.2997209,0
1.0,0.85261554,1.3057586,0
1.0,0.8623259,1.3230667,0
1.0,0.84957,1.2763581,0
1.0,0.8500859,1.2644498,0
1.0,0.84418565,1.2145939,0
1.0,0.84229875,1.2007997,0
1.0,0.8272144,1.1810716,0
1.0,0.8261752,1.1832228,0
1.0,0.820821,1.1896721,0
1.0,0.81088513,1.1821997,0
1.0,0.80706155,1.2295775,0
1.0,0.809888,1.2815336,0
1.0,0.80116373,1.3032845,0
1.0,0.80605984,1.3634129,0
1.0,0.79346895,1.33092,0
1.0,0.7960297,1.3421922,0
1.0,0.78866845,1.3266358,0
1.0,0.7893973,1.3267304,0
1.0,0.7898095,1.3492247,0
1.0,0.7869032,1.3357735,0
1.0,0.784194,1.3026992,0
1.0,0.787699,1.2812535,0
1.0,0.78412765,1.2547388,0
1.0,0.7818528,1.2351139,0
1.0,0.7730315,1.1927431,0
1.0,0.77531224,1.2114542,0
1.0,0.7704532,1.1878725,0
1.0,0.76611054,1.1698805,0
1.0,0.764498,1.202472,0
1.0,0.77411985,1.219985,0
1.0,0.7682596,1.2153333,0
1.0,0.763166,1.2301788,0
1.0,0.7598204,1.2057731,0
1.0,0.76580554,1.2082803,0
1.0,0.75628847,1.1785173,0
1.0,0.75390965,1.1600347,0
1.0,0.75628746,1.1689079,0
1.0,0.75403684,1.1413193,0
1.0,0.7467791,1.0890477,0
1.0,0.75347286,1.0612624,0
1.0,0.7608423,1.0372839,0
1.0,0.75177926,0.99597245,0
1.0,0.7536604,0.9518893,0
1.0,0.75343615,0.91153574,0
1.0,0.7617676,0.89721906,0
1.0,0.74830705,0.8464725,0
1.0,0.7602948,0.8555981,0
1.0,0.76698,0.847286,0
1.0,0.78109163,0.864097,0
1.0,0.77140653,0.8491257,0
1.0,0.7727281,0.8559544,0
1.0,0.7770697,0.87345713,0
1.0,0.7812875,0.89367247,0
1.0,0.7714386,0.88564354,0
1.0,0.7683065,0.8835144,0
1.0,0.7727845,0.91614175,0
1.0,0.7740199,0.9196281,0
1.0,0.7669536,0.8658806,0
1.0,0.7724766,0.8670938,0
1.0,0.77771914,0.85904884,0
1.0,0.7741303,0.82095146,0
1.0,0.7781958,0.8360685,0
1.0,0.78191733,0.8456151,0
1.0,0.7854257,0.8505863,0
1.0,0.77704823,0.8320571,0
1.0,0.78154486,0.83653224,0
1.0,0.7711549,0.866901,0
1.0,0.7865321,0.92449987,0
1.0,0.784696,0.9457756,0
1.0,0.80068994,1.058228,0
1.0,0.786369,1.0709704,0
1.0,0.80926937,1.1515032,0
1.0,0.8033513,1.1886413,0
1.0,0.8189368,1.2491117,0
1.0,0.8140454,1.283586,0
1.0,0.835657,1.3743272,0
1.0,0.8300205,1.3682106,0
1.0,0.8420107,1.3944026,0
1.0,0.8341566,1.4084091,0
1.0,0.84977585,1.4496465,0
1.0,0.8500157,1.4331232,0
1.0,0.8638921,1.4899166,0
1.0,0.85405445,1.4721321,0
1.0,0.86688745,1.4912889,0
1.0,0.8672619,1.4995013,0
1.0,0.8723992,1.5152955,0
1.0,0.86278266,1.5388882,0
1.0,0.8684039,1.5733356,0
1.0,0.86121774,1.5554801,0
1.0,0.8705469,1.6347914,0
1.0,0.86582786,1.6604185,0
1.0,0.8696807,1.702683,0
1.0,0.8684826,1.757345,0
1.0,0.87065583,1.7878917,0
1.0,0.8686952,1.7835675,0
1.0,0.8648549,1.7560463,0
1.0,0.8604051,1.7567021,0
1.0,0.8601085,1.7683651,0
1.0,0.8564133,1.7153246,0
1.0,0.849853,1.6954347,0
1.0,0.8454272,1.654896,0
1.0,0.8469846,1.5748361,0
1.0,0.84660685,1.5682149,0
1.0,0.8396049,1.5528989,0
1.0,0.8304125,1.5300684,0
1.0,0.8324469,1.5432124,0
1.0,0.8320747,1.5190275,0
1.0,0.824001,1.528915,0
1.0,0.81345737,1.5421853,0
1.0,0.817113,1.5608368,0
1.0,0.82165295,1.5814738,0
1.0,0.81488144,1.6135917,0
1.0,0.81703573,1.6667936,0
1.0,0.825441,1.6823857,0
1.0,0.8295725,1.7059823,0
1.0,0.82446384,1.7298502,0
1.0,0.8190992,1.7292541,0
1.0,0.8266592,1.7435997,0
1.0,0.831106,1.708662,0
1.0,0.8277519,1.6683395,0
1.0,0.8237799,1.6409513,0
1.0,0.8239719,1.6205022,0
1.0,0.83586884,1.6594181,0
1.0,0.82463974,1.6177325,0
1.0,0.82847136,1.6054673,0
1.0,0.829539,1.6177738,0
1.0,0.8372766,1.6520541,0
1.0,0.8334282,1.6775448,0
1.0,0.8362886,1.7279702,0
1.0,0.8395534,1.7685583,0
1.0,0.84658074,1.8273106,0
1.0,0.84177804,1.8445333,0
1.0,0.8457368,1.8710839,0
1.0,0.8510638,1.9096618,0
1.0,0.8555193,1.9452264,0
1.0,0.85227215,1.92085,0
1.0,0.85586864,1.896067,0
1.0,0.8529597,1.8939319,0
1.0,0.85952234,1.9121073,0
1.0,0.8536325,1.8431996,0
1.0,0.8629801,1.8249975,0
1.0,0.8568678,1.789865,0
1.0,0.8647264,1.8084983,0
1.0,0.85450876,1.7429492,0
1.0,0.86376417,1.7369916,0
1.0,0.85917383,1.7338992,0
1.0,0.8596415,1.7310699,0
1.0,0.85234845,1.7200823,0
1.0,0.8561456,1.7332299,0
1.0,0.8502425,1.723367,0
1.0,0.8597994,1.7646673,0
1.0,0.8523134,1.7799044,0
1.0,0.8589194,1.8541974,0
1.0,0.8582203,1.8716779,0
1.0,0.8649498,1.892174,0
1.0,0.8615339,1.892794,0
1.0,0.86362505,1.904442,0
1.0,0.8579817,1.8648374,0
1.0,0.86208177,1.835871,0
1.0,0.8585776,1.7985332,0
1.0,0.8574853,1.7629423,0
1.0,0.85412806,1.7406425,0
1.0,0.8615306,1.7392716,0
1.0,0.8600063,1.7042516,0
1.0,0.85664284,1.7129723,0
1.0,0.85528475,1.7398164,0
1.0,0.85504675,1.7503189,0
1.0,0.861112,1.7845397,0
1.0,0.861124,1.7935054,0
1.0,0.86453927,1.7830751,0
1.0,0.8681316,1.7996051,0
1.0,0.8727891,1.853095,0
1.0,0.88597184,1.9483691,0
1.0,0.88688254,1.9850833,0
1.0,0.8947333,1.9932923,0
1.0,0.89098406,2.0230036,0
1.0,0.8969919,2.0910676,0
1.0,0.88669056,2.06718,0
1.0,0.8985032,2.104448,0
1.0,0.8899273,2.048865,0
1.0,0.8985179,2.0506167,0
1.0,0.88738954,2.0286477,0
1.0,0.8975759,2.065721,0
1.0,0.8892401,2.013802,0
1.0,0.89830047,2.0033298,0
1.0,0.88540375,1.9675792,0
1.0,0.89034784,1.9864246,0
1.0,0.8830768,1.982528,0
1.0,0.8918462,2.0107126,0
1.0,0.8839365,2.0098252,0
1.0,0.8922053,2.0858688,0
1.0,0.88409567,2.0992756,0
1.0,0.89251584,2.1283894,0
1.0,0.88309056,2.0764067,0
1.0,0.8894274,2.084561,0
1.0,0.8793958,2.053442,0
1.0,0.87498546,2.0438013,0
1.0,0.86938256,1.992724,0
1.0,0.86639893,1.9264576,0
1.0,0.8635539,1.9051459,0
1.0,0.85716784,1.8723047,0
1.0,0.851711,1.8483748,0
1.0,0.8399743,1.7877126,0
1.0,0.83753914,1.732438,0
1.0,0.83086085,1.6929636,0
1.0,0.82955486,1.6842899,0
1.0,0.8209484,1.6889313,0
1.0,0.8205594,1.6624756,0
1.0,0.8231881,1.624925,0
1.0,0.82313544,1.630364,0
1.0,0.8228278,1.6099713,0
1.0,0.81870496,1.6049377,0
1.0,0.82676387,1.6373173,0
1.0,0.8133289,1.5960306,0
1.0,0.8172026,1.6505082,0
1.0,0.80995166,1.6779183,0
1.0,0.81363755,1.7066402,0
1.0,0.81646514,1.6822554,0
1.0,0.8254111,1.6558973,0
1.0,0.82881147,1.6408548,0
1.0,0.8369641,1.6469982,0
1.0,0.8420733,1.6595722,0
1.0,0.85520303,1.6648331,0
1.0,0.85408676,1.6227143,0
1.0,0.86226517,1.6568592,0
1.0,0.86605126,1.6799757,0
1.0,0.8620345,1.6806483,0
1.0,0.8669911,1.7119852,0
1.0,0.8710206,1.7113416,0
1.0,0.87789005,1.760148,0
1.0,0.8757651,1.8384995,0
1.0,0.8805113,1.9188799,0
1.0,0.88673735,1.9628558,0
1.0,0.8977375,2.0078144,0
1.0,0.8924406,2.0135593,0
1.0,0.901857,2.0466063,0
1.0,0.8988229,2.0496454,0
1.0,0.91864324,2.103764,0
1.0,0.90509534,2.0453906,0
1.0,0.91591907,2.1053488,0
1.0,0.9106747,2.0981312,0
1.0,0.91811484,2.1236975,0
1.0,0.8996366,2.073782,0
1.0,0.9036412,2.052507,0
1.0,0.8970184,2.0607529,0
1.0,0.9035836,2.1303391,0
1.0,0.8816883,2.0593526,0
1.0,0.8952586,2.0870426,0
1.0,0.90016353,2.1013222,0
1.0,0.9083871,2.2038631,0
1.0,0.90243083,2.250489,0
1.0,0.9073307,2.2559848,0
1.0,0.9179066,2.2817154,0
1.0,0.9212029,2.292517,0
1.0,0.9168521,2.3178344,0
1.0,0.92515796,2.3785193,0
1.0,0.9307207,2.3931346,0
1.0,0.93179256,2.4203308,0
1.0,0.924863,2.3790088,0
1.0,0.9261204,2.3358493,0
1.0,0.928844,2.3148751,0
1.0,0.9243875,2.2546818,0
1.0,0.9199751,2.168043,0
1.0,0.92651147,2.139865,0
1.0,0.9308615,2.1829133,0
1.0,0.9361872,2.2184167,0
1.0,0.9346677,2.1998754,0
1.0,0.938191,2.226679,0
1.0,0.93678665,2.2293863,0
1.0,0.9384328,2.2371144,0
1.0,0.9364971,2.2354312,0
1.0,0.93468934,2.2197258,0
1.0,0.926183,2.2083886,0
1.0,0.92954487,2.2185242,0
1.0,0.92152613,2.2321787,0
1.0,0.9245284,2.2612777,0
1.0,0.9118133,2.1555462,0
1.0,0.9226361,2.1145597,0
1.0,0.91707593,2.0489814,0
1.0,0.9184878,2.012127,0
1.0,0.91141856,1.9799154,0
1.0,0.9186871,1.93377,0
1.0,0.9185406,1.8723214,0
1.0,0.9169869,1.8652761,0
1.0,0.90563977,1.8393266,0
1.0,0.90630853,1.8102622,0
1.0,0.90788865,1.7651787,0
1.0,0.89618826,1.7183867,0
1.0,0.886147,1.6928778,0
1.0,0.8771931,1.648745,0
1.0,0.8861774,1.6778862,0
1.0,0.8738113,1.6600897,0
1.0,0.8748163,1.6521115,0
1.0,0.8664011,1.6440998,0
1.0,0.8712762,1.6877624,0
1.0,0.8657227,1.6613047,0
1.0,0.871068,1.6703513,0
1.0,0.8754319,1.6697912,0
1.0,0.8791733,1.6672767,0
1.0,0.87630814,1.6558332,0
1.0,0.8754427,1.6032529,0
1.0,0.8713677,1.5506575,0
1.0,0.87473106,1.5544081,0
1.0,0.8660957,1.5322918,0
1.0,0.8526829,1.4913578,0
1.0,0.85235286,1.4994357,0
1.0,0.8517265,1.5129681,0
1.0,0.8525369,1.529796,0
1.0,0.84801245,1.5825386,0
1.0,0.86009765,1.6986947,0
1.0,0.86186224,1.7256722,0
1.0,0.869656,1.7858803,0
1.0,0.8704857,1.8484821,0
1.0,0.88332826,1.9187508,0
1.0,0.8889811,1.9989841,0
1.0,0.8980252,2.0735018,0
1.0,0.8974559,2.0680394,0
1.0,0.9099094,2.1131718,0
1.0,0.9104308,2.1112745,0
1.0,0.9097331,2.1042092,0
1.0,0.9074214,2.12106,0
1.0,0.9102789,2.1127465,0
1.0,0.9142567,2.116015,0
1.0,0.91240084,2.160312,0
1.0,0.91367614,2.2163544,0
1.0,0.91412044,2.2335932,0
1.0,0.9192876,2.2401445,0
1.0,0.9177628,2.2419634,0
1.0,0.91887695,2.2657218,0
1.0,0.9153382,2.2880757,0
1.0,0.91608274,2.3217766,0
1.0,0.91836876,2.3496938,0
1.0,0.9160401,2.3740554,0
1.0,0.91487813,2.4252887,0
1.0,0.9138924,2.4440217,0
1.0,0.9146043,2.4235392,0
1.0,0.9097161,2.4129257,0
1.0,0.90815514,2.415656,0
1.0,0.9045,2.377575,0
1.0,0.9035468,2.3596735,0
1.0,0.900323,2.3064137,0
1.0,0.8976383,2.221454,0
1.0,0.8950099,2.1917977,0
1.0,0.8942798,2.149876,0
1.0,0.89209676,2.048753,0
1.0,0.88526106,1.9693263,0
1.0,0.8830573,1.9287646,0
1.0,0.88058466,1.9081583,0
1.0,0.8822536,1.922513,0
1.0,0.8819318,1.9235458,0
1.0,0.8811959,1.943983,0
1.0,0.87700593,1.9391131,0
1.0,0.8748406,1.9076204,0
1.0,0.87173355,1.9373267,0
1.0,0.87775195,1.985899,0
1.0,0.8673291,1.9450382,0
1.0,0.86680216,1.9555657,0
1.0,0.86086804,1.9333799,0
1.0,0.86771476,1.9191622,0
1.0,0.8587533,1.8863548,0
1.0,0.8643633,1.8681405,0
1.0,0.85923874,1.8097494,0
1.0,0.87019956,1.8294069,0
1.0,0.8578566,1.7954999,0
1.0,0.8647874,1.8298473,0
1.0,0.85723156,1.816147,0
1.0,0.86537987,1.8362092,0
1.0,0.85758305,1.8294468,0
1.0,0.8611586,1.8369615,0
1.0,0.8585638,1.8192375,0
1.0,0.8703718,1.8453586,0
1.0,0.86590064,1.8430626,0
1.0,0.86649793,1.8749335,0
1.0,0.8568327,1.8624668,0
1.0,0.86417615,1.906472,0
1.0,0.85686934,1.9097095,0
1.0,0.8576944,1.925961,0
1.0,0.8515201,1.9476242,0
1.0,0.85614514,1.9637516,0
1.0,0.8509233,1.9166481,0
1.0,0.856931,1.9081707,0
1.0,0.84974676,1.8688118,0
1.0,0.8534557,1.8568671,0
1.0,0.8428583,1.8274276,0
1.0,0.8513435,1.874572,0
1.0,0.84784997,1.8465714,0
1.0,0.8518563,1.8260041,0
1.0,0.84954685,1.7973937,0
1.0,0.85284334,1.764899,0
1.0,0.84636456,1.7339612,0
1.0,0.85952026,1.8112748,0
1.0,0.85748756,1.82792,0
1.0,0.85890496,1.8344638,0
1.0,0.85070705,1.8386161,0
1.0,0.858673,1.8592256,0
1.0,0.8477579,1.8136973,0
1.0,0.85104394,1.7919145,0
1.0,0.847495,1.7281188,0
1.0,0.8537488,1.7125615,0
1.0,0.8435283,1.7006248,0
1.0,0.8503733,1.713551,0
1.0,0.8504766,1.6679432,0
1.0,0.86170435,1.682128,0
1.0,0.85369956,1.6703553,0
1.0,0.8575218,1.6459422,0
1.0,0.86019343,1.6278437,0
1.0,0.86976,1.6354253,0
1.0,0.8651818,1.6191375,0
1.0,0.86437696,1.6547766,0
1.0,0.86590135,1.6725093,0
1.0,0.872894,1.6562946,0
1.0,0.86995995,1.6327865,0
1.0,0.871486,1.6463907,0
1.0,0.8749571,1.6839688,0
1.0,0.8880447,1.7667207,0
1.0,0.8843717,1.7459931,0
1.0,0.8914986,1.6999525,0
1.0,0.8942787,1.675761,0
1.0,0.9018342,1.6800086,0
1.0,0.8894135,1.6233492,0
1.0,0.90426815,1.6488731,0
1.0,0.89846593,1.6187592,0
1.0,0.907317,1.5841827,0
1.0,0.893269,1.5027353,0
1.0,0.9012472,1.4913901,0
1.0,0.8892613,1.4116404,0
1.0,0.89245194,1.3910369,0
1.0,0.87751675,1.3315468,0
1.0,0.8835722,1.319592,0
1.0,0.8668958,1.301567,0
1.0,0.87051153,1.312407,0
1.0,0.8539831,1.2367969,0
1.0,0.8629639,1.2456801,0
1.0,0.83766335,1.1981089,0
1.0,0.8470145,1.2014444,0
1.0,0.829978,1.1215467,0
1.0,0.83710754,1.1252651,0
1.0,0.8160901,1.0850333,0
1.0,0.8063812,1.0501473,0
1.0,0.77672774,0.98825413,0
1.0,0.7854333,0.9640663,0
1.0,0.76805645,0.8794089,0
1.0,0.75859827,0.86231947,0
1.0,0.763032,0.86553,0
1.0,0.7419019,0.8122862,0
1.0,0.74744433,0.78847146,0
1.0,0.7238299,0.6893411,0
1.0,0.74592304,0.7310616,0
1.0,0.7368491,0.73355144,0
1.0,0.75447834,0.74864185,0
1.0,0.7482956,0.732362,0
1.0,0.7789818,0.78496057,0
1.0,0.77421594,0.7768569,0
1.0,0.7925211,0.80717623,0
1.0,0.78222483,0.7844994,0
1.0,0.8024866,0.8087084,0
1.0,0.7881267,0.76261747,0
1.0,0.79313976,0.7765804,0
1.0,0.77225363,0.7445965,0
1.0,0.7855166,0.7566567,0
1.0,0.7728096,0.72661114,0
1.0,0.782944,0.7066948,0
1.0,0.77253485,0.66248846,0
1.0,0.7799806,0.6735181,0
1.0,0.7714904,0.6385958,0
1.0,0.7692834,0.6219624,0
1.0,0.75453055,0.5786436,0
1.0,0.74277824,0.5554371,0
1.0,0.73772705,0.5588005,0
1.0,0.72513837,0.52301,0
1.0,0.71557087,0.4902042,0
1.0,0.7100432,0.45662457,0
1.0,0.7051483,0.44036636,0
1.0,0.72142607,0.45561856,0
1.0,0.70408463,0.417794,0
1.0,0.7050828,0.41333017,0
1.0,0.69414884,0.38239908,0
1.0,0.72437,0.40565765,0
1.0,0.70657516,0.39226878,0
1.0,0.73336065,0.3957268,0
1.0,0.7032042,0.32933414,0
1.0,0.7432634,0.36421418,0
1.0,0.688123,0.30267906,0
1.0,0.72294503,0.32741696,0
1.0,0.69129133,0.28183734,0
1.0,0.73238784,0.30893797,0
1.0,0.6731758,0.24363066,0
1.0,0.71145475,0.30040112,0
1.0,0.68664336,0.29319498,0
1.0,0.7484749,0.34899336,0
1.0,0.6863311,0.27206874,0
1.0,0.7411595,0.31868964,0
1.0,0.7378206,0.31875682,0
1.0,0.7480258,0.35246167,0
1.0,0.6917045,0.29494676,0
1.0,0.7436289,0.32096207,0
1.0,0.7366291,0.3052858,0
1.0,0.7375917,0.29602176,0
1.0,0.6955259,0.25385737,0
1.0,0.75100785,0.29775566,0
1.0,0.81747055,0.33542818,0
1.0,0.82119364,0.33045,0
1.0,0.7755979,0.2880035,0
1.0,0.81686777,0.31156576,0
1.0,0.858773,0.33624768,0
1.0,0.83043766,0.29246855,0
1.0,0.7831424,0.24889684,0
1.0,0.83557415,0.2987924,0
1.0,0.8542009,0.33383682,0
1.0,0.8288428,0.3241781,0
1.0,0.8003885,0.27415526,0
1.0,0.8403167,0.29707947,0
1.0,0.8609759,0.34271005,0
1.0,0.79273504,0.2799678,0
1.0,0.7634373,0.25226384,0
1.0,0.7910326,0.27133733,0
1.0,0.82199097,0.28643718,0
1.0,0.75327706,0.23534974,0
1.0,0.7439664,0.22755021,0
1.0,0.75799394,0.2120142,0
1.0,0.8109126,0.22645333,0
1.0,0.7384094,0.16682337,0
1.0,0.7317648,0.1637704,0
1.0,0.7191141,0.15990594,0
1.0,0.70508176,0.1468032,0
1.0,0.56063884,0.08211578,0
1.0,0.5632801,0.080355436,0
1.0,0.5438885,0.0854993,0
1.0,0.5562142,0.10221311,0
1.0,0.4996018,0.09445083,0
1.0,0.5551996,0.100096345,0
1.0,0.52000284,0.09133919,0
1.0,0.5886715,0.103713684,0
1.0,0.52477694,0.081349045,0
1.0,0.5816398,0.09279424,0
1.0,0.61296487,0.10859321,0
1.0,0.6841359,0.1392661,0
1.0,0.6414299,0.12798932,0
1.0,0.67591506,0.14482953,0
1.0,0.66437286,0.1311606,0
1.0,0.62619704,0.10517786,0
1.0,0.58912903,0.08795293,0
1.0,0.60132307,0.09042652,0
1.0,0.61141497,0.09217682,0
1.0,0.60556716,0.07532575,0
1.0,0.575826,0.07129671,0
1.0,0.61490077,0.07523246,0
1.0,0.6303023,0.0835455,0
1.0,0.62843895,0.08510181,0
1.0,0.63495713,0.08447836,0
1.0,0.66161895,0.09110274,0
1.0,0.6902141,0.09564595,0
1.0,0.6822343,0.091208786,0
1.0,0.6333915,0.078590095,0
1.0,0.63872075,0.080259696,0
1.0,0.69508237,0.094632074,0
1.0,0.68368185,0.08868697,0
1.0,0.65895075,0.083219625,0
1.0,0.63797647,0.07761821,0
1.0,0.62896216,0.06548088,0
1.0,0.58085483,0.04368913,0
1.0,0.56347084,0.04391232,0
1.0,0.5343968,0.0507484,0
1.0,0.5771775,0.050342947,0
1.0,0.62217116,0.05391392,0
1.0,0.60714024,0.053270463,0
1.0,0.6081142,0.058912233,0
1.0,0.63073415,0.059159733,0
1.0,0.68104476,0.07611855,0
1.0,0.6378895,0.05911165,0
1.0,0.65244776,0.06597461,0
1.0,0.6446232,0.071283326,0
1.0,0.6873281,0.111644655,0
1.0,0.6025899,0.08835669,0
1.0,0.645208,0.1106333,0
1.0,0.62005717,0.09878058,0
1.0,0.6968414,0.14232431,0
1.0,0.63135654,0.12185106,0
1.0,0.6908544,0.1568574,0
1.0,0.6727451,0.14439955,0
1.0,0.7258551,0.17781255,0
1.0,0.65803003,0.13413893,0
1.0,0.70197684,0.17893547,0
1.0,0.6665551,0.15614836,0
1.0,0.7051545,0.1911915,0
1.0,0.6422902,0.15972036,0
1.0,0.6969931,0.19607545,0
1.0,0.68467104,0.20413901,0
1.0,0.68202436,0.21739006,0
1.0,0.6510814,0.20346059,0
1.0,0.6829775,0.24855083,0
1.0,0.71659017,0.29947835,0
1.0,0.6938637,0.3071888,0
1.0,0.7075136,0.33430636,0
1.0,0.7355495,0.35472488,0
1.0,0.7830842,0.41559827,0
1.0,0.7562014,0.40541035,0
1.0,0.7650574,0.4216817,0
1.0,0.793599,0.4568848,0
1.0,0.8190446,0.48341966,0
1.0,0.7951376,0.4448032,0
1.0,0.79161674,0.4413271,0
1.0,0.81564623,0.468863,0
1.0,0.8298878,0.4729762,0
1.0,0.8293148,0.4496175,0
1.0,0.81266934,0.40797898,0
1.0,0.8485804,0.44886202,0
1.0,0.8478786,0.47694957,0
1.0,0.84283745,0.4766794,0
1.0,0.83797574,0.4639799,0
1.0,0.8839774,0.5517887,0
1.0,0.88165706,0.552929,0
1.0,0.88457316,0.5608697,0
1.0,0.8874187,0.5719094,0
1.0,0.911023,0.5864606,0
1.0,0.88448983,0.55793375,0
1.0,0.87416846,0.5601677,0
1.0,0.8721138,0.5548689,0
1.0,0.8893799,0.5761154,0
1.0,0.8523876,0.50112545,0
1.0,0.8372986,0.46964586,0
1.0,0.841304,0.4647072,0
1.0,0.8540352,0.4547717,0
1.0,0.83142436,0.40821218,0
1.0,0.7990715,0.34827995,0
1.0,0.8262254,0.3720265,0
1.0,0.8455461,0.4125113,0
1.0,0.82275707,0.3896533,0
1.0,0.7638687,0.31237698,0
1.0,0.82553154,0.37106246,0
1.0,0.8465268,0.38292962,0
1.0,0.8354548,0.3758194,0
1.0,0.7986861,0.3554284,0
1.0,0.8314018,0.4047383,0
1.0,0.8214935,0.39427897,0
1.0,0.7931284,0.36730766,0
1.0,0.7322713,0.30934125,0
1.0,0.76414585,0.34849983,0
1.0,0.7758332,0.35696232,0
1.0,0.79442,0.3532794,0
1.0,0.7791179,0.32996026,0
1.0,0.7966803,0.3415818,0
1.0,0.8076895,0.3289925,0
1.0,0.81899196,0.32927865,0
1.0,0.7846237,0.28872883,0
1.0,0.78384113,0.28332552,0
1.0,0.7928354,0.298797,0
1.0,0.7898766,0.30133793,0
1.0,0.8018331,0.31253093,0
1.0,0.8352002,0.36174238,0
1.0,0.8640024,0.41223103,0
1.0,0.86741006,0.43746758,0
1.0,0.88773835,0.4762364,0
1.0,0.89501303,0.48620284,0
1.0,0.8979411,0.48919213,0
1.0,0.8966871,0.48046845,0
1.0,0.89979494,0.49403608,0
1.0,0.90572435,0.5231552,0
1.0,0.91056406,0.5107015,0
1.0,0.9116534,0.49612227,0
1.0,0.915592,0.4926158,0
1.0,0.9151658,0.49133587,0
1.0,0.9151949,0.4945405,0
1.0,0.91452694,0.48078293,0
1.0,0.91992646,0.46915847,0
1.0,0.92032737,0.47555926,0
1.0,0.920211,0.48607877,0
1.0,0.9262501,0.5131738,0
1.0,0.93957245,0.54362726,0
1.0,0.94726664,0.5700004,0
1.0,0.95194954,0.61390054,0
1.0,0.9566129,0.6485263,0
1.0,0.959392,0.655041,0
1.0,0.9525798,0.654459,0
1.0,0.9357033,0.6580813,0
1.0,0.934205,0.6861373,0
1.0,0.9399009,0.7506411,0
1.0,0.9328527,0.77757466,0
1.0,0.92508256,0.7669225,0
1.0,0.9187683,0.753134,0
1.0,0.9290034,0.75022745,0
1.0,0.9179466,0.7115537,0
1.0,0.9185081,0.71821487,0
1.0,0.9130005,0.72853786,0
1.0,0.9352348,0.78828824,0
1.0,0.93593234,0.8026024,0
1.0,0.9319309,0.820546,0
1.0,0.9176916,0.82395566,0
1.0,0.9344834,0.8446892,0
1.0,0.9311591,0.83911,0
1.0,0.92371887,0.8665379,0
1.0,0.89467585,0.84006476,0
1.0,0.9065845,0.88489234,0
1.0,0.89392745,0.88688684,0
1.0,0.87416965,0.8627664,0
1.0,0.832718,0.8039762,0
1.0,0.8557132,0.85464513,0
1.0,0.854873,0.83179104,0
1.0,0.86607534,0.8383295,0
1.0,0.84589714,0.7866292,0
1.0,0.8628792,0.8137214,0
1.0,0.8637165,0.8093916,0
1.0,0.8631643,0.7867136,0
1.0,0.83509535,0.7311271,0
1.0,0.8343596,0.73331624,0
1.0,0.84733284,0.772161,0
1.0,0.84794194,0.7846904,0
1.0,0.81316614,0.7281313,0
1.0,0.8198198,0.72304755,0
1.0,0.827732,0.72269535,0
1.0,0.832815,0.7377703,0
1.0,0.8262432,0.74112034,0
1.0,0.80333394,0.7236196,0
1.0,0.83050114,0.7816491,0
1.0,0.82435745,0.79056185,0
1.0,0.82184523,0.79586375,0
1.0,0.7967306,0.72903126,0
1.0,0.82809407,0.7840516,0
1.0,0.82543397,0.777421,0
1.0,0.8199701,0.75950384,0
1.0,0.79066116,0.724887,0
1.0,0.8082551,0.7344984,0
1.0,0.80663615,0.6957736,0
1.0,0.7995978,0.6678283,0
1.0,0.7780754,0.6260605,0
1.0,0.79618907,0.6557448,0
1.0,0.8089447,0.6849196,0
1.0,0.8070952,0.6856945,0
1.0,0.8028174,0.6770023,0
1.0,0.78874785,0.6668445,0
1.0,0.79555726,0.7166121,0
1.0,0.8055726,0.7516658,0
1.0,0.7911267,0.72241956,0
1.0,0.7764562,0.7112123,0
1.0,0.7821398,0.7285553,0
1.0,0.79140836,0.772219,0
1.0,0.791909,0.79330873,0
1.0,0.7887707,0.76434255,0
1.0,0.8067944,0.7805468,0
1.0,0.81319314,0.77571243,0
1.0,0.81242484,0.7454706,0
1.0,0.8237462,0.75269413,0
1.0,0.8344666,0.76645315,0
1.0,0.83994603,0.77472997,0
1.0,0.8349578,0.7771208,0
1.0,0.84425145,0.8048729,0
1.0,0.8395602,0.766413,0
1.0,0.83739907,0.7388772,0
1.0,0.836902,0.7650697,0
1.0,0.84681016,0.8010556,0
1.0,0.8402848,0.82215774,0
1.0,0.8404649,0.8443844,0
1.0,0.8376951,0.8516786,0
1.0,0.86162597,0.9451033,0
1.0,0.8526961,0.9580822,0
1.0,0.8530892,0.9664084,0
1.0,0.8522943,0.98740834,0
1.0,0.86959434,1.0374967,0
1.0,0.8564503,1.0071117,0
1.0,0.85896885,1.0322338,0
1.0,0.85459334,1.0389754,0
1.0,0.8735349,1.0672286,0
1.0,0.8585305,1.0187137,0
1.0,0.8562574,0.998457,0
1.0,0.850784,0.9865326,0
1.0,0.8594348,1.0380038,0
1.0,0.833627,0.99204767,0
1.0,0.837506,0.96748525,0
1.0,0.8322624,0.9690367,0
1.0,0.84369195,1.0316982,0
1.0,0.8271586,1.0051036,0
1.0,0.84221524,1.0392461,0
1.0,0.83495986,1.0463977,0
1.0,0.8424338,1.0755609,0
1.0,0.82408065,1.0461106,0
1.0,0.8341805,1.0704831,0
1.0,0.8216933,1.0176369,0
1.0,0.83150786,1.0128379,0
1.0,0.8177405,0.98401093,0
1.0,0.8315639,0.9945012,0
1.0,0.8211867,0.9433451,0
1.0,0.83910555,0.93764234,0
1.0,0.82111895,0.86659884,0
1.0,0.8276092,0.8774943,0
1.0,0.81427467,0.83513916,0
1.0,0.832717,0.8602383,0
1.0,0.8356633,0.8582742,0
1.0,0.84281224,0.8665874,0
1.0,0.84957683,0.88212466,0
1.0,0.860089,0.8781484,0
1.0,0.8591661,0.90236783,0
1.0,0.8574096,0.9143792,0
1.0,0.8547565,0.89591014,0
1.0,0.8671817,0.9404613,0
1.0,0.85849446,0.9411303,0
1.0,0.8483087,0.9516376,0
1.0,0.8393137,0.9436454,0
1.0,0.852283,0.91927016,0
1.0,0.84945554,0.9070039,0
1.0,0.84243333,0.896791,0
1.0,0.84057623,0.88313377,0
1.0,0.85703284,0.90740174,0
1.0,0.84979,0.88936377,0
1.0,0.8499702,0.900006,0
1.0,0.8432437,0.88744605,0
1.0,0.85045516,0.8903186,0
1.0,0.8453181,0.8889202,0
1.0,0.84057784,0.88326013,0
1.0,0.83621925,0.88509166,0
1.0,0.834805,0.93658364,0
1.0,0.8134437,0.94427055,0
1.0,0.8178314,0.9574539,0
1.0,0.8065518,0.94868433,0
1.0,0.8198705,1.0034752,0
1.0,0.80875444,0.99235094,0
1.0,0.82697564,1.0283608,0
1.0,0.8194324,1.0197375,0
1.0,0.8238974,1.0059736,0
1.0,0.81082606,0.97254634,0
1.0,0.823137,0.99416715,0
1.0,0.8080692,0.95083964,0
1.0,0.8174412,0.96615404,0
1.0,0.79987156,0.90655804,0
1.0,0.81626517,0.9206647,0
1.0,0.7986882,0.8970996,0
1.0,0.81190145,0.9137897,0
1.0,0.7947338,0.87010586,0
1.0,0.7946688,0.8667755,0
1.0,0.78502345,0.8550035,0
1.0,0.7975222,0.89606285,0
1.0,0.78320545,0.9005142,0
1.0,0.78474647,0.9148418,0
1.0,0.7843672,0.89572453,0
1.0,0.80321586,0.9196634,0
1.0,0.7906319,0.91196644,0
1.0,0.7906894,0.9098689,0
1.0,0.78876233,0.9147701,0
1.0,0.792614,0.94425607,0
1.0,0.7826569,0.9234161,0
1.0,0.76328224,0.8993585,0
1.0,0.75775886,0.8878511,0
1.0,0.76774323,0.8526828,0
1.0,0.77174336,0.83672845,0
1.0,0.76236427,0.8351103,0
1.0,0.7630208,0.8380383,0
1.0,0.7896743,0.91585326,0
1.0,0.78591955,0.9257752,0
1.0,0.78555185,0.92916924,0
1.0,0.78656787,0.9565998,0
1.0,0.7922639,0.977128,0
1.0,0.7896625,1.0209768,0
1.0,0.7949158,1.0871592,0
1.0,0.79207754,1.0913386,0
1.0,0.8002876,1.1327477,0
1.0,0.7979754,1.1519012,0
1.0,0.8078649,1.1782836,0
1.0,0.8067891,1.1969266,0
1.0,0.8124053,1.2273822,0
1.0,0.8040722,1.2069423,0
1.0,0.81071293,1.2056439,0
1.0,0.7964565,1.1609436,0
1.0,0.8028673,1.1598805,0
1.0,0.7917613,1.1226735,0
1.0,0.80699855,1.1650999,0
1.0,0.79855365,1.1710658,0
1.0,0.8100984,1.2081938,0
1.0,0.7929226,1.1705937,0
1.0,0.8026002,1.2201147,0
1.0,0.7948866,1.2094998,0
1.0,0.78081024,1.1923728,0
1.0,0.7700532,1.2194273,0
1.0,0.7662364,1.1981158,0
1.0,0.7711508,1.2077736,0
1.0,0.77225286,1.2375159,0
1.0,0.7755095,1.2714126,0
1.0,0.7819894,1.3223697,0
1.0,0.8050441,1.3973442,0
1.0,0.81020164,1.3978498,0
1.0,0.8184177,1.4003103,0
1.0,0.81329817,1.3750994,0
1.0,0.8157594,1.376426,0
1.0,0.8152047,1.370884,0
1.0,0.82899183,1.3664899,0
1.0,0.8215498,1.3089452,0
1.0,0.8256918,1.3101115,0
1.0,0.8295088,1.337976,0
1.0,0.83832484,1.3793066,0
1.0,0.8274537,1.3525193,0
1.0,0.83454114,1.3840249,0
1.0,0.8319704,1.408021,0
1.0,0.8389553,1.435183,0
1.0,0.83305424,1.4429519,0
1.0,0.8409873,1.4876499,0
1.0,0.8418699,1.52972,0
1.0,0.84985495,1.5955389,0
1.0,0.8480748,1.5976107,0
1.0,0.8558788,1.6143794,0
1.0,0.85555524,1.59432,0
1.0,0.86207485,1.5855699,0
1.0,0.85124177,1.537105,0
1.0,0.85229075,1.5442808,0
1.0,0.8470499,1.5141052,0
1.0,0.85029507,1.4635385,0
1.0,0.843701,1.4410152,0
1.0,0.8465119,1.4612284,0
1.0,0.8439384,1.445123,0
1.0,0.833849,1.3985343,0
1.0,0.83402604,1.4101586,0
1.0,0.83640045,1.4066269,0
1.0,0.8384786,1.3857052,0
1.0,0.8332997,1.4058933,0
1.0,0.8391713,1.4215664,0
1.0,0.8371096,1.3992013,0
1.0,0.84500706,1.4409056,0
1.0,0.8344664,1.4181906,0
1.0,0.83517694,1.4436219,0
1.0,0.83137447,1.4670169,0
1.0,0.8325203,1.440997,0
1.0,0.82081074,1.3894887,0
1.0,0.8157852,1.3810403,0
1.0,0.81784385,1.3485844,0
1.0,0.8147784,1.30517,0
1.0,0.8001242,1.2688801,0
1.0,0.79668486,1.245774,0
1.0,0.7885407,1.2409219,0
1.0,0.7866889,1.2353859,0
1.0,0.766287,1.1659517,0
1.0,0.76645976,1.193849,0
1.0,0.7707136,1.2226952,0
1.0,0.7766989,1.2520139,0
1.0,0.7787697,1.295967,0
1.0,0.77672774,1.3340915,0
1.0,0.78998476,1.3747673,0
1.0,0.7964106,1.4073693,0
1.0,0.7951325,1.4480622,0
1.0,0.7918915,1.4514189,0
1.0,0.80352575,1.4812765,0
1.0,0.7945502,1.4721628,0
1.0,0.7949681,1.4651666,0
1.0,0.79008687,1.4406592,0
1.0,0.80849963,1.4879897,0
1.0,0.8018336,1.4645505,0
1.0,0.8113303,1.4676167,0
1.0,0.806723,1.4706892,0
1.0,0.81657475,1.5215862,0
1.0,0.8274141,1.5648353,0
1.0,0.8287979,1.5855958,0
1.0,0.8384692,1.6251688,0
1.0,0.83808726,1.6448883,0
1.0,0.8474211,1.7081537,0
1.0,0.8465182,1.7361054,0
1.0,0.85619104,1.781173,0
1.0,0.85446835,1.81191,0
1.0,0.86246985,1.8572625,0
1.0,0.857328,1.8717203,0
1.0,0.8689452,1.9427679,0
1.0,0.86113185,1.9311965,0
1.0,0.86683315,1.9528371,0
1.0,0.86013514,1.9420576,0
1.0,0.8700885,1.963098,0
1.0,0.861448,1.9364126,0
1.0,0.87008387,1.9589212,0
1.0,0.86636263,1.945868,0
1.0,0.87593263,1.969871,0
1.0,0.8689615,1.960537,0
1.0,0.88381964,2.021894,0
1.0,0.8768058,2.003851,0
1.0,0.8909856,2.0628471,0
1.0,0.8845368,2.08459,0
1.0,0.8850026,2.1372602,0
1.0,0.8820632,2.1896882,0
1.0,0.89145535,2.2415771,0
1.0,0.8918956,2.2820659,0
1.0,0.892686,2.35062,0
1.0,0.8952519,2.4237475,0
1.0,0.9013283,2.5185547,0
1.0,0.90605736,2.5378072,0
1.0,0.90704805,2.510223,0
1.0,0.9104792,2.554064,0
1.0,0.91566956,2.5764465,0
1.0,0.91838,2.553611,0
1.0,0.92306066,2.5531142,0
1.0,0.92229724,2.5213718,0
1.0,0.9276676,2.5278368,0
1.0,0.92769635,2.564264,0
1.0,0.92943037,2.5978017,0
1.0,0.92937577,2.6127229,0
1.0,0.9377013,2.6862273,0
1.0,0.9369276,2.7121737,0
1.0,0.93798435,2.7099922,0
1.0,0.9356435,2.710255,0
1.0,0.94221175,2.7320795,0
1.0,0.9415593,2.7477603,0
1.0,0.9445055,2.7952898,0
1.0,0.93899566,2.7766514,0
1.0,0.942283,2.780627,0
1.0,0.93990964,2.7533083,0
1.0,0.94053096,2.716542,0
1.0,0.93236923,2.6604915,0
1.0,0.93307126,2.6311176,0
1.0,0.9266536,2.5740836,0
1.0,0.9252606,2.503612,0
1.0,0.9113431,2.3899226,0
1.0,0.9107928,2.3576665,0
1.0,0.9019259,2.2858434,0
1.0,0.8928601,2.2155237,0
1.0,0.88167626,2.1411014,0
1.0,0.8803903,2.0629144,0
1.0,0.876234,2.0267727,0
1.0,0.8711438,2.0019155,0
1.0,0.8561602,1.933187,0
1.0,0.8516511,1.9027452,0
1.0,0.8396456,1.8358881,0
1.0,0.83396506,1.8128265,0
1.0,0.8194182,1.7897688,0
1.0,0.8133003,1.7514715,0
1.0,0.8081283,1.7128661,0
1.0,0.79506695,1.6468596,0
1.0,0.7892801,1.5721903,0
1.0,0.788163,1.4827253,0
1.0,0.7911578,1.4154751,0
1.0,0.7876475,1.3724029,0
1.0,0.80057055,1.3752869,0
1.0,0.80171466,1.3544614,0
1.0,0.8116282,1.3602201,0
1.0,0.8117666,1.3391564,0
1.0,0.82261425,1.347887,0
1.0,0.8159638,1.2939041,0
1.0,0.8267731,1.3119171,0
1.0,0.828371,1.3433206,0
1.0,0.8387345,1.3678226,0
1.0,0.82998365,1.3588332,0
1.0,0.8383537,1.3793776,0
1.0,0.8375113,1.3660471,0
1.0,0.849049,1.3883178,0
1.0,0.8404554,1.3580577,0
1.0,0.855903,1.4055322,0
1.0,0.855461,1.3916144,0
1.0,0.86804616,1.3696028,0
1.0,0.8632502,1.3327972,0
1.0,0.87147987,1.3318548,0
1.0,0.8726488,1.297931,0
1.0,0.8934702,1.2926017,0
1.0,0.89144963,1.258778,0
1.0,0.8939964,1.2668645,0
1.0,0.893783,1.2399626,0
1.0,0.9016181,1.2474618,0
1.0,0.8930149,1.2393014,0
1.0,0.8901426,1.1753192,0
1.0,0.89184874,1.154113,0
1.0,0.9080929,1.2027497,0
1.0,0.9053122,1.1803507,0
1.0,0.9000575,1.1821833,0
1.0,0.9016386,1.2004545,0
1.0,0.91096413,1.1903541,0
1.0,0.91324526,1.172686,0
1.0,0.90739644,1.127223,0
1.0,0.90503407,1.0723898,0
1.0,0.9132253,1.0504019,0
1.0,0.91942674,1.0369769,0
1.0,0.9151336,0.99407053,0
1.0,0.911685,0.93075716,0
1.0,0.9168908,0.9142277,0
1.0,0.9217818,0.90188694,0
1.0,0.9159629,0.86304593,0
1.0,0.9096262,0.85698485,0
1.0,0.9081385,0.85567313,0
1.0,0.90885824,0.8086644,0
1.0,0.9058791,0.7534269,0
1.0,0.8909253,0.74024355,0
1.0,0.8851693,0.7624103,0
1.0,0.89048195,0.77519727,0
1.0,0.8989205,0.7865014,0
1.0,0.88585216,0.7836174,0
1.0,0.8779719,0.7919592,0
1.0,0.89088017,0.8050813,0
1.0,0.9021155,0.8180599,0
1.0,0.87995535,0.777755,0
1.0,0.8641789,0.71761763,0
1.0,0.85853857,0.67968154,0
1.0,0.88396084,0.7170496,0
1.0,0.8705062,0.6811501,0
1.0,0.8537613,0.64221984,0
1.0,0.8378399,0.6261661,0
1.0,0.8545351,0.6492138,0
1.0,0.82831395,0.59526986,0
1.0,0.81544375,0.5950215,0
1.0,0.82074225,0.62729275,0
1.0,0.8417026,0.65189576,0
1.0,0.8275954,0.6405791,0
1.0,0.81878686,0.65892315,0
1.0,0.80844533,0.66410327,0
1.0,0.815881,0.6954186,0
1.0,0.82327455,0.71395767,0
1.0,0.8205458,0.70889765,0
1.0,0.8148438,0.70440316,0
1.0,0.7995827,0.6708354,0
1.0,0.811354,0.6763501,0
1.0,0.815559,0.67215055,0
1.0,0.80894005,0.6648065,0
1.0,0.79087377,0.65056765,0
1.0,0.8028158,0.6429723,0
1.0,0.8125799,0.6214178,0
1.0,0.802813,0.5960835,0
1.0,0.76788294,0.546933,0
1.0,0.7822851,0.5579387,0
1.0,0.7890619,0.54492885,0
1.0,0.785642,0.5463604,0
1.0,0.74626285,0.51771975,0
1.0,0.78498316,0.5638964,0
1.0,0.7853768,0.56033903,0
1.0,0.7592875,0.5242101,0
1.0,0.721653,0.48104355,0
1.0,0.74593616,0.5300005,0
1.0,0.73512304,0.5109115,0
1.0,0.732778,0.5019845,0
1.0,0.7039107,0.44607303,0
1.0,0.7219866,0.4569776,0
1.0,0.7139839,0.4462301,0
1.0,0.7197617,0.4211166,0
1.0,0.6892199,0.37467563,0
1.0,0.694422,0.36935508,0
1.0,0.65117913,0.3069588,0
1.0,0.6642749,0.3026157,0
1.0,0.6235138,0.2423692,0
1.0,0.65777236,0.26572043,0
1.0,0.61202747,0.21868876,0
1.0,0.66768813,0.25144467,0
1.0,0.6326292,0.228407,0
1.0,0.64748025,0.25360352,0
1.0,0.631106,0.25441825,0
1.0,0.75437576,0.39321274,0
1.0,0.7529547,0.3816008,0
1.0,0.7461501,0.38105252,0
1.0,0.74883705,0.39268854,0
1.0,0.81006306,0.46256423,0
1.0,0.778384,0.4110942,0
1.0,0.7844801,0.4217279,0
1.0,0.7732451,0.4400602,0
1.0,0.8263918,0.4947545,0
1.0,0.78583103,0.4039444,0
1.0,0.79083455,0.4044906,0
1.0,0.7905353,0.39602673,0
1.0,0.8310486,0.4472124,0
1.0,0.80217355,0.42260212,0
1.0,0.8099878,0.43316257,0
1.0,0.83075655,0.4840855,0
1.0,0.8843941,0.5649897,0
1.0,0.86768264,0.56001794,0
1.0,0.86751914,0.58656496,0
1.0,0.8883514,0.60847175,0
1.0,0.90804255,0.6567417,0
1.0,0.8871978,0.6488415,0
1.0,0.88128203,0.6547421,0
1.0,0.88445127,0.6751791,0
1.0,0.8762193,0.6756029,0
1.0,0.8393007,0.6316097,0
1.0,0.83465147,0.6576116,0
1.0,0.8280802,0.6503132,0
1.0,0.85487014,0.6897172,0
1.0,0.83543676,0.66256946,0
1.0,0.8337949,0.6430861,0
1.0,0.82259077,0.60390794,0
1.0,0.8631442,0.66229916,0
1.0,0.8331515,0.6131276,0
1.0,0.84809434,0.6430484,0
1.0,0.8295621,0.62462574,0
1.0,0.86873746,0.69057363,0
1.0,0.8394473,0.6652608,0
1.0,0.8517376,0.6813321,0
1.0,0.8277993,0.62331694,0
1.0,0.8218674,0.6435591,0
1.0,0.7808382,0.607107,0
1.0,0.7896559,0.6233797,0
1.0,0.7791244,0.6147175,0
1.0,0.80274624,0.6555753,0
1.0,0.78001845,0.6041424,0
1.0,0.80222845,0.61419785,0
1.0,0.8178526,0.61711484,0
1.0,0.82941985,0.6255671,0
1.0,0.802065,0.5670388,0
1.0,0.8140379,0.5645826,0
1.0,0.81455356,0.5540697,0
1.0,0.8125792,0.5319326,0
1.0,0.77056265,0.4639988,0
1.0,0.7572553,0.4347401,0
1.0,0.77755284,0.436664,0
1.0,0.7500232,0.40362903,0
1.0,0.73049587,0.3927172,0
1.0,0.69731593,0.33106804,0
1.0,0.73451245,0.38504863,0
1.0,0.74589354,0.41911024,0
1.0,0.74433684,0.41129526,0
1.0,0.72779757,0.39778486,0
1.0,0.764714,0.44260412,0
1.0,0.799665,0.47218353,0
1.0,0.78185105,0.45281228,0
1.0,0.7536693,0.4077861,0
1.0,0.77308345,0.4255961,0
1.0,0.7924876,0.44069695,0
1.0,0.7630724,0.38065726,0
1.0,0.72604334,0.3322286,0
1.0,0.7416307,0.33747435,0
1.0,0.78030413,0.3506421,0
1.0,0.7822211,0.32808456,0
1.0,0.739653,0.28073376,0
1.0,0.77953076,0.3274137,0
1.0,0.81138825,0.3518512,0
1.0,0.7976475,0.32888162,0
1.0,0.7531752,0.2751046,0
1.0,0.7989039,0.31331813,0
1.0,0.7986093,0.31693235,0
1.0,0.7892684,0.30920762,0
1.0,0.7492141,0.26037452,0
1.0,0.7728985,0.27116886,0
1.0,0.7472066,0.2478292,0
1.0,0.71823525,0.22113979,0
1.0,0.6651478,0.17930467,0
1.0,0.6814424,0.19071437,0
1.0,0.6454428,0.15763688,0
1.0,0.63252276,0.1345177,0
1.0,0.5976961,0.11052488,0
1.0,0.6504024,0.11787018,0
1.0,0.64138687,0.09978433,0
1.0,0.64660156,0.09829316,0
1.0,0.68001544,0.105210915,0
1.0,0.7751833,0.1645042,0
1.0,0.7630853,0.16848025,0
1.0,0.7495413,0.157448,0
1.0,0.7960441,0.17947654,0
1.0,0.843053,0.21030211,0
1.0,0.821603,0.21569538,0
1.0,0.7759606,0.1923101,0
1.0,0.7996015,0.21212006,0
1.0,0.8417366,0.2575147,0
1.0,0.8368187,0.2632839,0
1.0,0.7898824,0.24494472,0
1.0,0.8198367,0.27201357,0
1.0,0.85879576,0.29067725,0
1.0,0.8724993,0.3069604,0
1.0,0.8078901,0.25109813,0
1.0,0.8406095,0.2815283,0
1.0,0.87190276,0.32672918,0
1.0,0.88889605,0.3474575,0
1.0,0.82973194,0.28901774,0
1.0,0.86256975,0.32423496,0
1.0,0.85342693,0.3248474,0
1.0,0.8723832,0.3536638,0
1.0,0.7937389,0.2822443,0
1.0,0.81515193,0.3552112,0
1.0,0.7937127,0.38308161,0
1.0,0.84244394,0.4473823,0
1.0,0.77489436,0.38591215,0
1.0,0.81406754,0.4373365,0
1.0,0.8121175,0.44319427,0
1.0,0.853749,0.50338566,0
1.0,0.8482319,0.49572182,0
1.0,0.8731373,0.5662359,0
1.0,0.8690911,0.56668353,0
1.0,0.88423944,0.5686685,0
1.0,0.8702382,0.55511546,0
1.0,0.8796153,0.56830466,0
1.0,0.8913535,0.57332706,0
1.0,0.89833236,0.56055516,0
1.0,0.9051154,0.5663961,0
1.0,0.90016896,0.57388806,0
1.0,0.9065946,0.594408,0
1.0,0.91244435,0.6048773,0
1.0,0.9111125,0.59566206,0
1.0,0.9169973,0.62228054,0
1.0,0.9291282,0.6601202,0
1.0,0.9354901,0.66800827,0
1.0,0.9335347,0.6731685,0
1.0,0.92144746,0.6731228,0
1.0,0.9219869,0.676189,0
1.0,0.9228625,0.6851372,0
1.0,0.91416675,0.68260837,0
1.0,0.89463943,0.6777297,0
1.0,0.88937134,0.6815734,0
1.0,0.89212704,0.6701704,0
1.0,0.8871294,0.65146494,0
1.0,0.87483096,0.58199453,0
1.0,0.8740569,0.53346884,0
1.0,0.8918659,0.5555104,0
1.0,0.89732915,0.5788727,0
1.0,0.89395964,0.6053038,0
1.0,0.90107065,0.6256342,0
1.0,0.9139474,0.6600548,0
1.0,0.91184187,0.6941333,0
1.0,0.90851784,0.67678833,0
1.0,0.9050492,0.67362887,0
1.0,0.90432507,0.7182009,0
1.0,0.9037458,0.745993,0
1.0,0.87456656,0.7260152,0
1.0,0.87785053,0.7785524,0
1.0,0.8683431,0.7811809,0
1.0,0.8714935,0.8071738,0
1.0,0.8651628,0.80420536,0
1.0,0.8809814,0.8082594,0
1.0,0.88131875,0.8112999,0
1.0,0.8896847,0.84274036,0
1.0,0.88319415,0.81945586,0
1.0,0.8982629,0.8529218,0
1.0,0.89715266,0.86654043,0
1.0,0.89708817,0.88449156,0
1.0,0.8844283,0.86989474,0
1.0,0.8901555,0.8855319,0
1.0,0.8839504,0.90321326,0
1.0,0.88139147,0.9004844,0
1.0,0.86242926,0.86287564,0
1.0,0.85107213,0.8668915,0
1.0,0.8415892,0.8614445,0
1.0,0.83702886,0.8748888,0
1.0,0.81901306,0.8618206,0
1.0,0.80034775,0.84807444,0
1.0,0.8148356,0.91398203,0
1.0,0.8124682,0.9080244,0
1.0,0.80587596,0.88333833,0
1.0,0.79299015,0.8544278,0
1.0,0.81688607,0.88561106,0
1.0,0.8182008,0.87046814,0
1.0,0.82888174,0.8714,0
1.0,0.80602634,0.8342353,0
1.0,0.82454747,0.8561101,0
1.0,0.8129605,0.81794083,0
1.0,0.82990843,0.85194063,0
1.0,0.7879619,0.76696,0
1.0,0.8016176,0.80816996,0
1.0,0.792023,0.8025731,0
1.0,0.80820596,0.8394221,0
1.0,0.78181195,0.836802,0
1.0,0.7934207,0.89029765,0
1.0,0.7889467,0.8899187,0
1.0,0.8092436,0.9587128,0
1.0,0.78805655,0.9330939,0
1.0,0.7964844,0.9481898,0
1.0,0.79355705,0.9440367,0
1.0,0.805778,0.97165024,0
1.0,0.78403336,0.9271978,0
1.0,0.78562033,0.91766906,0
1.0,0.77796453,0.91680336,0
1.0,0.79589623,0.9505868,0
1.0,0.7703959,0.88004005,0
1.0,0.76336354,0.86617506,0
1.0,0.7570944,0.84786516,0
1.0,0.76352245,0.8754988,0
1.0,0.74997383,0.8573303,0
1.0,0.73456174,0.80927104,0
1.0,0.74878734,0.8891807,0
1.0,0.74975836,0.9437337,0
1.0,0.7578302,0.9725176,0
1.0,0.77192473,1.0251893,0
1.0,0.7824235,1.0669789,0
1.0,0.7890902,1.1005123,0
1.0,0.79097426,1.1357827,0
1.0,0.8067606,1.1993926,0
1.0,0.8144672,1.2243633,0
1.0,0.8197446,1.2346721,0
1.0,0.8162599,1.2384377,0
1.0,0.82057166,1.2325408,0
1.0,0.8236346,1.2124088,0
1.0,0.83178467,1.2156332,0
1.0,0.8319849,1.1805961,0
1.0,0.82967275,1.1470408,0
1.0,0.8391016,1.1758935,0
1.0,0.8414673,1.1693037,0
1.0,0.8461382,1.1798899,0
1.0,0.84994304,1.2014216,0
1.0,0.84959507,1.190335,0
1.0,0.8557227,1.216679,0
1.0,0.8524511,1.2396104,0
1.0,0.85844326,1.265943,0
1.0,0.84854466,1.2723483,0
1.0,0.850351,1.3016322,0
1.0,0.84498805,1.3076315,0
1.0,0.84228015,1.328684,0
1.0,0.8248355,1.3124015,0
1.0,0.82735556,1.2906641,0
1.0,0.82291305,1.2578293,0
1.0,0.81583077,1.2555457,0
1.0,0.8052639,1.186788,0
1.0,0.812473,1.1492636,0
1.0,0.82042557,1.1769521,0
1.0,0.82606196,1.2033796,0
1.0,0.8234652,1.2229061,0
1.0,0.8229338,1.2481372,0
1.0,0.820021,1.2199855,0
1.0,0.8308336,1.2257453,0
1.0,0.8264293,1.2391253,0
1.0,0.8280014,1.2509533,0
1.0,0.8266236,1.2508298,0
1.0,0.8267269,1.2648863,0
1.0,0.8292848,1.2958677,0
1.0,0.8208553,1.3280022,0
1.0,0.8237267,1.3901085,0
1.0,0.82213336,1.4251707,0
1.0,0.8274601,1.443276,0
1.0,0.82539564,1.4630363,0
1.0,0.8269775,1.4768866,0
1.0,0.8300816,1.4614062,0
1.0,0.84563977,1.497689,0
1.0,0.85336244,1.5039252,0
1.0,0.85370433,1.4690132,0
1.0,0.85736793,1.4752095,0
1.0,0.8686188,1.5102668,0
1.0,0.876147,1.5346439,0
1.0,0.87403995,1.5312963,0
1.0,0.87091607,1.5203538,0
1.0,0.8663363,1.5574634,0
1.0,0.8776215,1.6283576,0
1.0,0.8773287,1.6519824,0
1.0,0.87735033,1.6978602,0
1.0,0.86856717,1.6862555,0
1.0,0.8830675,1.755099,0
1.0,0.8796461,1.7833164,0
1.0,0.8778927,1.7668763,0
1.0,0.8743501,1.7391021,0
1.0,0.886291,1.7267442,0
1.0,0.88307357,1.7046847,0
1.0,0.88670594,1.7311349,0
1.0,0.88451624,1.687093,0
1.0,0.8965186,1.692215,0
1.0,0.89704657,1.7137673,0
1.0,0.8998567,1.7431062,0
1.0,0.89766324,1.72125,0
1.0,0.905348,1.698534,0
1.0,0.89692503,1.6564571,0
1.0,0.8955589,1.6500124,0
1.0,0.887924,1.6558893,0
1.0,0.89385074,1.67833,0
1.0,0.88762563,1.6802788,0
1.0,0.89069325,1.7444081,0
1.0,0.89288586,1.7756798,0
1.0,0.8932993,1.7928486,0
1.0,0.89014053,1.8232751,0
1.0,0.8887819,1.8176972,0
1.0,0.89135206,1.8050942,0
1.0,0.8883307,1.8030537,0
1.0,0.88173145,1.7875125,0
1.0,0.88511336,1.7911946,0
1.0,0.8849253,1.7196404,0
1.0,0.88313454,1.6854167,0
1.0,0.87730044,1.6814001,0
1.0,0.8815309,1.6246831,0
1.0,0.87937766,1.6078161,0
1.0,0.87723786,1.6071608,0
1.0,0.8648471,1.5504136,0
1.0,0.8686188,1.5695142,0
1.0,0.8582457,1.5397192,0
1.0,0.84963715,1.5526525,0
1.0,0.84686077,1.5786681,0
1.0,0.84572315,1.5879788,0
1.0,0.8371695,1.6260617,0
1.0,0.8222559,1.6265831,0
1.0,0.8241771,1.6177444,0
1.0,0.82634026,1.6073415,0
1.0,0.81863266,1.5976508,0
1.0,0.8148663,1.5880046,0
1.0,0.8151083,1.5667363,0
1.0,0.8148603,1.538337,0
1.0,0.8067436,1.4673789,0
1.0,0.8005363,1.41573,0
1.0,0.80203724,1.4104745,0
1.0,0.80202866,1.3911984,0
1.0,0.7976347,1.3748627,0
1.0,0.7954767,1.3805124,0
1.0,0.79665565,1.3906273,0
1.0,0.795435,1.4433064,0
1.0,0.8008926,1.4899483,0
1.0,0.7994218,1.4872919,0
1.0,0.8096008,1.5607243,0
1.0,0.80801624,1.5843172,0
1.0,0.81966674,1.6672368,0
1.0,0.82982576,1.7379615,0
1.0,0.8353052,1.7461574,0
1.0,0.8315498,1.7840087,0
1.0,0.83464485,1.8210461,0
1.0,0.8427346,1.8085091,0
1.0,0.849428,1.8049631,0
1.0,0.8450691,1.8047338,0
1.0,0.85102165,1.813589,0
1.0,0.8544566,1.7990346,0
1.0,0.86628157,1.8277214,0
1.0,0.86342365,1.8034056,0
1.0,0.87194395,1.8081297,0
1.0,0.87631714,1.8447244,0
1.0,0.8828762,1.9298644,0
1.0,0.88215214,1.9679413,0
1.0,0.89396405,2.021922,0
1.0,0.89861846,2.0870154,0
1.0,0.90709955,2.1704645,0
1.0,0.90666884,2.2374582,0
1.0,0.9177412,2.3256464,0
1.0,0.91791344,2.3502603,0
1.0,0.92067826,2.3551579,0
1.0,0.9174224,2.363506,0
1.0,0.92082995,2.408216,0
1.0,0.91943735,2.407432,0
1.0,0.9221697,2.4027405,0
1.0,0.92166907,2.3306658,0
1.0,0.92546684,2.285736,0
1.0,0.920427,2.242292,0
1.0,0.91802275,2.1886866,0
1.0,0.92090356,2.195428,0
1.0,0.92156965,2.156289,0
1.0,0.9178881,2.1111708,0
1.0,0.90716225,2.1095634,0
1.0,0.910146,2.1123903,0
1.0,0.9057414,2.0906935,0
1.0,0.90469646,2.1268606,0
1.0,0.8946481,2.132965,0
1.0,0.8984918,2.1196904,0
1.0,0.8920528,2.108285,0
1.0,0.8882232,2.13316,0
1.0,0.87628126,2.0708866,0
1.0,0.876243,2.048663,0
1.0,0.8567757,2.0116422,0
1.0,0.85940266,1.9657823,0
1.0,0.8455479,1.8351648,0
1.0,0.8539663,1.8130765,0
1.0,0.8392545,1.7374189,0
1.0,0.8385648,1.6797516,0
1.0,0.82180184,1.573694,0
1.0,0.8251235,1.5182266,0
1.0,0.8134486,1.4787703,0
1.0,0.81791866,1.4789845,0
1.0,0.8122313,1.445816,0
1.0,0.81474435,1.439148,0
1.0,0.80652106,1.4020627,0
1.0,0.81384563,1.4079909,0
1.0,0.8121768,1.3963323,0
1.0,0.81722534,1.4083071,0
1.0,0.80775577,1.4032152,0
1.0,0.8104208,1.4348392,0
1.0,0.80417126,1.4122013,0
1.0,0.80683315,1.3821964,0
1.0,0.80384964,1.3619001,0
1.0,0.8098722,1.3698566,0
1.0,0.8053275,1.3355186,0
1.0,0.8171015,1.3296499,0
1.0,0.8135582,1.2871437,0
1.0,0.81528544,1.2610259,0
1.0,0.8091952,1.2402606,0
1.0,0.8093041,1.2340165,0
1.0,0.8003967,1.1808565,0
1.0,0.80515254,1.1692526,0
1.0,0.80147123,1.1958256,0
1.0,0.8110607,1.2525129,0
1.0,0.8180196,1.2766544,0
1.0,0.8295651,1.3160217,0
1.0,0.840366,1.3302326,0
1.0,0.84444827,1.3444169,0
1.0,0.850241,1.4048481,0
1.0,0.85590136,1.4248091,0
1.0,0.8706638,1.4644405,0
1.0,0.86649746,1.443511,0
1.0,0.87690806,1.4334188,0
1.0,0.87834626,1.4465733,0
1.0,0.8831261,1.4571536,0
1.0,0.8778232,1.4076488,0
1.0,0.8862207,1.391936,0
1.0,0.8851534,1.3719699,0
1.0,0.8897907,1.3497245,0
1.0,0.88387626,1.316576,0
1.0,0.8927358,1.3205853,0
1.0,0.8926937,1.284416,0
1.0,0.89913183,1.3218966,0
1.0,0.89774966,1.3605564,0
1.0,0.8996815,1.3729173,0
1.0,0.9018081,1.3723422,0
1.0,0.90826803,1.3753924,0
1.0,0.9063206,1.3846183,0
1.0,0.8984002,1.4177065,0
1.0,0.8983403,1.4569551,0
1.0,0.9001246,1.4578307,0
1.0,0.90038866,1.451542,0
1.0,0.89276403,1.4459959,0
1.0,0.8929783,1.4520152,0
1.0,0.87903064,1.3901794,0
1.0,0.88943493,1.3579257,0
1.0,0.8734816,1.2498338,0
1.0,0.8761113,1.2462735,0
1.0,0.86964285,1.2696936,0
1.0,0.886572,1.2999823,0
1.0,0.86518717,1.2272809,0
1.0,0.87537897,1.2464519,0
1.0,0.86683416,1.2386811,0
1.0,0.8793719,1.291703,0
1.0,0.84723634,1.2076708,0
1.0,0.8591026,1.21469,0
1.0,0.83942336,1.1825861,0
1.0,0.84840125,1.2358899,0
1.0,0.8252441,1.2209219,0
1.0,0.8337952,1.233345,0
1.0,0.8131356,1.2221297,0
1.0,0.82375,1.2829798,0
1.0,0.80748546,1.2458017,0
1.0,0.8128678,1.2797439,0
1.0,0.79321396,1.2153875,0
1.0,0.79831564,1.1943016,0
1.0,0.78027296,1.1606197,0
1.0,0.78047836,1.1886714,0
1.0,0.7728055,1.2165942,0
1.0,0.77239597,1.1979935,0
1.0,0.7687244,1.1428457,0
1.0,0.7806195,1.1583132,0
1.0,0.7821747,1.1541266,0
1.0,0.7860738,1.2066789,0
1.0,0.8092376,1.322052,0
1.0,0.8100601,1.3602915,0
1.0,0.82908064,1.4759265,0
1.0,0.8228893,1.4991916,0
1.0,0.8404691,1.5692695,0
1.0,0.8395321,1.5822926,0
1.0,0.86040103,1.6399394,0
1.0,0.86012113,1.6698592,0
1.0,0.88042855,1.7365415,0
1.0,0.87311876,1.7556939,0
1.0,0.8925514,1.8049663,0
1.0,0.88550204,1.7815408,0
1.0,0.8940887,1.8208243,0
1.0,0.88232225,1.7631292,0
1.0,0.90091956,1.8154441,0
1.0,0.89897865,1.8234456,0
1.0,0.9080935,1.8607337,0
1.0,0.90721714,1.9103153,0
1.0,0.9217484,1.9445746,0
1.0,0.9183386,1.9635539,0
1.0,0.92216086,2.0461447,0
1.0,0.9106966,2.019835,0
1.0,0.9252954,2.0811992,0
1.0,0.9186581,2.111711,0
1.0,0.9110936,2.1247566,0
1.0,0.9028067,2.1109667,0
1.0,0.9145197,2.1196098,0
1.0,0.91119146,2.14002,0
1.0,0.9080176,2.186634,0
1.0,0.8970012,2.1549034,0
1.0,0.90667266,2.1882868,0
1.0,0.90113264,2.1537294,0
1.0,0.89231586,2.0809827,0
1.0,0.8849825,2.0272737,0
1.0,0.892119,2.002659,0
1.0,0.89027685,1.9904811,0
1.0,0.8877156,1.998974,0
1.0,0.8860376,2.0104709,0
1.0,0.8913215,2.040915,0
1.0,0.88720644,2.0716205,0
1.0,0.88592917,2.089766,0
1.0,0.8766624,2.0684397,0
1.0,0.8816944,2.1550937,0
1.0,0.88342154,2.2066524,0
1.0,0.88307637,2.2567792,0
1.0,0.88892025,2.334637,0
1.0,0.887049,2.3320508,0
1.0,0.89123297,2.3369355,0
1.0,0.89033073,2.3153667,0
1.0,0.8912642,2.3108878,0
1.0,0.889314,2.3195639,0
1.0,0.8894976,2.2636437,0
1.0,0.8906113,2.2003012,0
1.0,0.89066225,2.1744294,0
1.0,0.882017,2.1151114,0
1.0,0.88532573,2.0991654,0
1.0,0.8856796,2.0722923,0
1.0,0.8869931,2.0502005,0
1.0,0.8800528,2.0548978,0
1.0,0.8797335,2.0469298,0
1.0,0.87992245,2.0252037,0
1.0,0.87804306,2.0423188,0
1.0,0.8759667,2.0424976,0
1.0,0.8732973,2.040259,0
1.0,0.87593657,2.063076,0
1.0,0.86967415,2.0728333,0
1.0,0.86821836,2.111052,0
1.0,0.86368775,2.1042929,0
1.0,0.8665814,2.1147387,0
1.0,0.85570747,2.0845902,0
1.0,0.8577053,2.0499763,0
1.0,0.8483318,1.9643517,0
1.0,0.8554447,1.9602488,0
1.0,0.84493965,1.9012985,0
1.0,0.8409609,1.8319705,0
1.0,0.8343158,1.7620432,0
1.0,0.8395188,1.7504463,0
1.0,0.8347521,1.7489388,0
1.0,0.8389648,1.7613324,0
1.0,0.83504474,1.7674379,0
1.0,0.8418513,1.8067136,0
1.0,0.83600557,1.7785001,0
1.0,0.84082776,1.8302631,0
1.0,0.84101564,1.8727595,0
1.0,0.8510625,1.9017476,0
1.0,0.8481112,1.9345123,0
1.0,0.85059655,1.975779,0
1.0,0.8494731,1.9647262,0
1.0,0.86132085,2.019287,0
1.0,0.8549796,1.9983805,0
1.0,0.85479283,1.9492164,0
1.0,0.8478549,1.9193833,0
1.0,0.8523074,1.8974569,0
1.0,0.83862257,1.8180883,0
1.0,0.8383058,1.8113177,0
1.0,0.8277697,1.7435772,0
1.0,0.8336904,1.7295334,0
1.0,0.8196933,1.6626341,0
1.0,0.82125443,1.6145731,0
1.0,0.8153233,1.580736,0
1.0,0.8218557,1.5667899,0
1.0,0.81059587,1.5252651,0
1.0,0.8137736,1.5318669,0
1.0,0.8037773,1.4837098,0
1.0,0.807605,1.4864812,0
1.0,0.7946444,1.4518807,0
1.0,0.7924175,1.436301,0
1.0,0.78136986,1.406519,0
1.0,0.7809654,1.3625301,0
1.0,0.77100366,1.2832776,0
1.0,0.7710204,1.2498837,0
1.0,0.7617119,1.1837854,0
1.0,0.7567692,1.131997,0
1.0,0.7452624,1.0790848,0
1.0,0.74825984,1.0260111,0
1.0,0.74027026,0.9601387,0
1.0,0.7302374,0.93023396,0
1.0,0.7295142,0.92310953,0
1.0,0.732415,0.89866465,0
1.0,0.7442834,0.89984524,0
1.0,0.7386161,0.868008,0
1.0,0.74591774,0.8653968,0
1.0,0.7518039,0.87886226,0
1.0,0.76547325,0.9165397,0
1.0,0.75586236,0.89194375,0
1.0,0.7632775,0.8889051,0
1.0,0.76185024,0.88200825,0
1.0,0.77538985,0.8953978,0
1.0,0.77545124,0.8751446,0
1.0,0.79621935,0.88806427,0
1.0,0.8086686,0.8717086,0
1.0,0.81406647,0.86685646,0
1.0,0.82165325,0.8723606,0
1.0,0.81633097,0.81587124,0
1.0,0.816833,0.78848004,0
1.0,0.8109494,0.7699988,0
1.0,0.82178324,0.7696797,0
1.0,0.81963545,0.76160026,0
1.0,0.83146936,0.76412785,0
1.0,0.8246393,0.73105115,0
1.0,0.84248465,0.76450646,0
1.0,0.8418674,0.76635957,0
1.0,0.85397416,0.80714524,0
1.0,0.8259258,0.7759285,0
1.0,0.8420794,0.79384935,0
1.0,0.83202845,0.77049625,0
1.0,0.84760946,0.7981199,0
1.0,0.8183979,0.76133335,0
1.0,0.84250015,0.7812269,0
1.0,0.8545527,0.7438485,0
1.0,0.87414277,0.7723454,0
1.0,0.84288704,0.71910995,0
1.0,0.855181,0.7037635,0
1.0,0.8457746,0.6608549,0
1.0,0.85626596,0.6525267,0
1.0,0.8251387,0.5823401,0
1.0,0.8361276,0.6024703,0
1.0,0.8349888,0.5867926,0
1.0,0.83825606,0.5557735,0
1.0,0.8198819,0.53351814,0
1.0,0.8272049,0.5411036,0
1.0,0.83086014,0.5400547,0
1.0,0.8015308,0.5090594,0
1.0,0.7946334,0.4856159,0
1.0,0.7830965,0.4636332,0
1.0,0.77606666,0.48171538,0
1.0,0.7458417,0.45712084,0
1.0,0.762299,0.47135887,0
1.0,0.75925577,0.4503638,0
1.0,0.77784294,0.44640166,0
1.0,0.7545201,0.40420973,0
1.0,0.7860474,0.4414178,0
1.0,0.7943592,0.44051298,0
1.0,0.78031814,0.41284874,0
1.0,0.742795,0.34353516,0
1.0,0.7503436,0.3199768,0
1.0,0.72181445,0.28840554,0
1.0,0.70855427,0.27143773,0
1.0,0.6936515,0.24077657,0
1.0,0.7172945,0.25441307,0
1.0,0.7053014,0.24591993,0
1.0,0.75123423,0.2966147,0
1.0,0.75580156,0.28967124,0
1.0,0.7742085,0.29522914,0
1.0,0.74823505,0.27653807,0
1.0,0.7543095,0.29500633,0
1.0,0.74348056,0.2818452,0
1.0,0.7489102,0.27103078,0
1.0,0.7491423,0.25988603,0
1.0,0.7469479,0.2541925,0
1.0,0.7557789,0.26197356,0
1.0,0.80134135,0.29590884,0
1.0,0.8422174,0.32998297,0
1.0,0.83403075,0.31082013,0
1.0,0.8152426,0.27825814,0
1.0,0.8315909,0.28566232,0
1.0,0.8062661,0.24915412,0
1.0,0.7682966,0.19276309,0
1.0,0.75132626,0.16491456,0
1.0,0.8089495,0.19640231,0
1.0,0.8178833,0.19304582,0
1.0,0.7968384,0.1836595,0
1.0,0.76816434,0.17111251,0
1.0,0.8340329,0.2087613,0
1.0,0.81559664,0.18819226,0
1.0,0.77068394,0.1580512,0
1.0,0.7389436,0.14008655,0
1.0,0.79777604,0.17726919,0
1.0,0.7738524,0.15208906,0
1.0,0.76027596,0.13493168,0
1.0,0.72310567,0.1087655,0
1.0,0.8024507,0.13309577,0
1.0,0.79548246,0.12124382,0
1.0,0.8094082,0.11411374,0
1.0,0.7486284,0.08596538,0
1.0,0.78541476,0.096061386,0
1.0,0.7000802,0.06697522,0
1.0,0.66482157,0.05878441,0
1.0,0.60438895,0.063114,0
1.0,0.6489193,0.05780322,0
1.0,0.6346558,0.05964094,0
1.0,0.6381697,0.057855867,0
1.0,0.5808313,0.060352955,0
1.0,0.6266118,0.04707625,0
1.0,0.63230306,0.046607435,0
1.0,0.63674146,0.05258514,0
1.0,0.590279,0.05982419,0
1.0,0.61498535,0.05652692,0
1.0,0.600438,0.06685296,0
1.0,0.5909619,0.07193364,0
1.0,0.58580196,0.079323314,0
1.0,0.5951664,0.07612175,0
1.0,0.6028405,0.07865842,0
1.0,0.5575097,0.10214328,0
1.0,0.54378015,0.10637904,0
1.0,0.5320014,0.11594726,0
1.0,0.5101268,0.13835622,0
1.0,0.45481756,0.17601684,0
1.0,0.45805457,0.17376617,0
1.0,0.44891274,0.18202412,0
1.0,0.475532,0.15798935,0
1.0,0.48902446,0.14735508,0
1.0,0.5328782,0.12378564,0
1.0,0.59831667,0.091261216,0
1.0,0.587157,0.0936437,0
1.0,0.6544538,0.073241904,0
1.0,0.62078446,0.07440494,0
1.0,0.60562265,0.076226786,0
1.0,0.58847433,0.08204655,0
1.0,0.64654744,0.064912,0
1.0,0.66897106,0.0601729,0
1.0,0.66351163,0.061539702,0
1.0,0.6427153,0.06421067,0
1.0,0.7159472,0.05980405,0
1.0,0.6687514,0.06333651,0
1.0,0.6710586,0.06224056,0
1.0,0.65018797,0.06513867,0
1.0,0.7191859,0.0677222,0
1.0,0.7060538,0.06775599,0
1.0,0.69114864,0.07176007,0
1.0,0.6436091,0.068790704,0
1.0,0.6980912,0.07211147,0
1.0,0.68225926,0.071329035,0
1.0,0.671454,0.072030626,0
1.0,0.61214083,0.06665711,0
1.0,0.6551397,0.059863824,0
1.0,0.5899365,0.05895432,0
1.0,0.54109675,0.06461383,0
1.0,0.5415445,0.055870086,0
1.0,0.6159197,0.05526862,0
1.0,0.5957195,0.06048857,0
1.0,0.6233212,0.0597998,0
1.0,0.59445477,0.060464166,0
1.0,0.6400382,0.056395307,0
1.0,0.55595946,0.064532444,0
1.0,0.5783201,0.06137817,0
1.0,0.5696102,0.06303339,0
1.0,0.6247225,0.056155346,0
1.0,0.54901356,0.06674293,0
1.0,0.5735689,0.06229503,0
1.0,0.5577885,0.06481985,0
1.0,0.61705226,0.053161763,0
1.0,0.5399048,0.06793224,0
1.0,0.58664817,0.056675915,0
1.0,0.60026705,0.05179129,0
1.0,0.6753664,0.05256372,0
1.0,0.61581767,0.051834166,0
1.0,0.6697723,0.05634197,0
1.0,0.6791592,0.05669614,0
1.0,0.7476471,0.058420606,0
1.0,0.6896232,0.047629062,0
1.0,0.70173514,0.044760507,0
1.0,0.691646,0.041681904,0
1.0,0.6823118,0.036206514,0
1.0,0.65122116,0.033322603,0
1.0,0.64288765,0.032345474,0
1.0,0.66169876,0.03150249,0
1.0,0.6674187,0.032693405,0
1.0,0.64497745,0.03298337,0
1.0,0.64660144,0.03275901,0
1.0,0.675816,0.0334777,0
1.0,0.6893618,0.033392303,0
1.0,0.65827966,0.032749347,0
1.0,0.655812,0.03460979,0
1.0,0.7078738,0.045959376,0
1.0,0.716024,0.049619954,0
1.0,0.6749133,0.040156715,0
1.0,0.6848607,0.042178504,0
1.0,0.71900904,0.051916115,0
1.0,0.7166702,0.050583925,0
1.0,0.70426095,0.04977642,0
1.0,0.7129253,0.05327951,0
1.0,0.7497157,0.068612725,0
1.0,0.7422221,0.06485662,0
1.0,0.6876643,0.049898446,0
1.0,0.69164866,0.048887607,0
1.0,0.70800215,0.052287586,0
1.0,0.6855124,0.04967218,0
1.0,0.65772426,0.044684026,0
1.0,0.6660999,0.043653585,0
1.0,0.67963004,0.045445163,0
1.0,0.6768578,0.04752725,0
1.0,0.6434191,0.050989706,0
1.0,0.6610562,0.05934085,0
1.0,0.6819858,0.06566235,0
1.0,0.672257,0.06415816,0
1.0,0.6721607,0.06333679,0
1.0,0.66551566,0.06293144,0
1.0,0.67442036,0.06506473,0
1.0,0.67825633,0.06638113,0
1.0,0.7300218,0.08427063,0
1.0,0.70865744,0.0733081,0
1.0,0.7377316,0.08354539,0
1.0,0.7429785,0.086556986,0
1.0,0.74277544,0.07871494,0
1.0,0.69930845,0.061784107,0
1.0,0.6969738,0.057155073,0
1.0,0.71162593,0.05842966,0
1.0,0.7529752,0.07284821,0
1.0,0.7281521,0.065436095,0
1.0,0.72843844,0.067060456,0
1.0,0.74631524,0.077987224,0
1.0,0.7906707,0.10112305,0
1.0,0.78996533,0.11638507,0
1.0,0.8109156,0.12930575,0
1.0,0.8230792,0.15363917,0
1.0,0.8717847,0.19379228,0
1.0,0.8688709,0.19072369,0
1.0,0.8713323,0.2083875,0
1.0,0.84855187,0.18812777,0
1.0,0.8739171,0.20466788,0
1.0,0.8782634,0.22698438,0
1.0,0.86801237,0.21832034,0
1.0,0.82117915,0.17870308,0
1.0,0.80116975,0.15932095,0
1.0,0.8156295,0.16085212,0
1.0,0.7988799,0.1663508,0
1.0,0.7513784,0.14266065,0
1.0,0.73693734,0.13626945,0
1.0,0.78895426,0.19572258,0
1.0,0.7966268,0.20450181,0
1.0,0.76361006,0.1919753,0
1.0,0.738557,0.21721417,0
1.0,0.76640517,0.24029538,0
1.0,0.7688825,0.24867326,0
1.0,0.7327968,0.23532826,0
1.0,0.6754947,0.20246983,0
1.0,0.6844187,0.2158106,0
1.0,0.6579198,0.19902907,0
1.0,0.649921,0.19698504,0
1.0,0.58774036,0.15498045,0
1.0,0.6022274,0.16876596,0
1.0,0.5659651,0.14821425,0
1.0,0.606564,0.17196208,0
1.0,0.5689626,0.14746319,0
1.0,0.5604768,0.14105865,0
1.0,0.5487005,0.13383365,0
1.0,0.57641596,0.14833659,0
1.0,0.5755354,0.15195166,0
1.0,0.5776086,0.15846285,0
1.0,0.6130834,0.20202145,0
1.0,0.65354395,0.25612047,0
1.0,0.6575619,0.2696238,0
1.0,0.67343444,0.28122866,0
1.0,0.6953955,0.31060928,0
1.0,0.72029513,0.34405333,0
1.0,0.6963926,0.3218069,0
1.0,0.732125,0.37484527,0
1.0,0.7370809,0.37271547,0
1.0,0.75681865,0.39672643,0
1.0,0.7162285,0.35748148,0
1.0,0.7481939,0.37028217,0
1.0,0.7543295,0.38051492,0
1.0,0.77195686,0.39304358,0
1.0,0.7546294,0.33104807,0
1.0,0.78335613,0.3826186,0
1.0,0.79829353,0.43381667,0
1.0,0.79988307,0.4311279,0
1.0,0.8021365,0.4386093,0
1.0,0.8347258,0.50453705,0
1.0,0.8568256,0.5485214,0
1.0,0.86612386,0.569742,0
1.0,0.86902833,0.6074702,0
1.0,0.8739959,0.6316976,0
1.0,0.8579795,0.61944085,0
1.0,0.8439461,0.65229696,0
1.0,0.8595266,0.70673,0
1.0,0.8599751,0.6972254,0
1.0,0.8623126,0.69770026,0
1.0,0.8640753,0.6891203,0
1.0,0.8924104,0.7332145,0
1.0,0.8912539,0.7360233,0
1.0,0.89950716,0.71943235,0
1.0,0.8971043,0.6999734,0
1.0,0.92227566,0.749387,0
1.0,0.9198962,0.76614976,0
1.0,0.9207394,0.7734039,0
1.0,0.9156129,0.76490957,0
1.0,0.93359107,0.80971134,0
1.0,0.9234668,0.79049015,0
1.0,0.9117324,0.79047245,0
1.0,0.9064279,0.80853796,0
1.0,0.91654724,0.8450176,0
1.0,0.90783834,0.85831916,0
1.0,0.8790044,0.81104165,0
1.0,0.8800763,0.83260304,0
1.0,0.88744503,0.8721192,0
1.0,0.8884945,0.85104936,0
1.0,0.8782694,0.79961574,0
1.0,0.8991896,0.8270551,0
1.0,0.9052056,0.8225688,0
1.0,0.91090727,0.80828893,0
1.0,0.892353,0.7588949,0
1.0,0.8905879,0.752787,0
1.0,0.8840334,0.71889883,0
1.0,0.87021554,0.6729729,0
1.0,0.835715,0.60854125,0
1.0,0.8421985,0.57512116,0
1.0,0.82336605,0.5300323,0
1.0,0.8102128,0.5383654,0
1.0,0.7951694,0.5535294,0
1.0,0.8127556,0.60751534,0
1.0,0.81174725,0.6120248,0
1.0,0.82613176,0.63992596,0
1.0,0.85880053,0.6992244,0
1.0,0.8660417,0.70659673,0
1.0,0.853736,0.685693,0
1.0,0.83904094,0.6474687,0
1.0,0.86118335,0.6772224,0
1.0,0.85701567,0.6824705,0
1.0,0.8415153,0.6370864,0
1.0,0.826314,0.59521186,0
1.0,0.8574363,0.61495197,0
1.0,0.8595617,0.58707374,0
1.0,0.84700555,0.5546092,0
1.0,0.8354247,0.5303853,0
1.0,0.8657003,0.57433206,0
1.0,0.8869403,0.60174346,0
1.0,0.8858982,0.5953929,0
1.0,0.88281554,0.60549796,0
1.0,0.90799546,0.6490245,0
1.0,0.91463035,0.664786,0
1.0,0.90591186,0.66705346,0
1.0,0.8842735,0.6486486,0
1.0,0.8976166,0.7163136,0
1.0,0.90730506,0.7687375,0
1.0,0.89599746,0.74104995,0
1.0,0.88373035,0.7195093,0
1.0,0.89707476,0.7511073,0
1.0,0.9102281,0.77545094,0
1.0,0.91008013,0.75711596,0
1.0,0.91118443,0.7327464,0
1.0,0.91947895,0.71921,0
1.0,0.9344831,0.72314215,0
1.0,0.9314569,0.7043049,0
1.0,0.91042614,0.6420727,0
1.0,0.91472715,0.62819254,0
1.0,0.9233031,0.64055383,0
1.0,0.92233396,0.6354744,0
1.0,0.8928922,0.61359537,0
1.0,0.90730685,0.65398073,0
1.0,0.91980857,0.66270936,0
1.0,0.9179086,0.667469,0
1.0,0.89471436,0.66608006,0
1.0,0.9122298,0.7217803,0
1.0,0.91647005,0.736218,0
1.0,0.918055,0.7379255,0
1.0,0.9039682,0.7014527,0
1.0,0.9214089,0.75999415,0
1.0,0.9263487,0.8061153,0
1.0,0.9194397,0.77036643,0
1.0,0.91296,0.73864627,0
1.0,0.9159428,0.7281189,0
1.0,0.925014,0.72698563,0
1.0,0.9096982,0.69795173,0
1.0,0.89959526,0.6728872,0
1.0,0.90424347,0.63311255,0
1.0,0.9207717,0.6195532,0
1.0,0.9069202,0.6255921,0
1.0,0.913452,0.64147687,0
1.0,0.9201293,0.62855434,0
1.0,0.9361518,0.6455714,0
1.0,0.91626674,0.63179576,0
1.0,0.9108834,0.63253975,0
1.0,0.89972425,0.62904865,0
1.0,0.9122926,0.6359973,0
1.0,0.85262203,0.54907537,0
1.0,0.85551155,0.5655113,0
1.0,0.8268105,0.5376321,0
1.0,0.869506,0.59968626,0
1.0,0.7993819,0.48959255,0
1.0,0.813593,0.47602475,0
1.0,0.78235966,0.411736,0
1.0,0.82951057,0.458458,0
1.0,0.7675999,0.40029806,0
1.0,0.7697913,0.38663608,0
1.0,0.7296646,0.324947,0
1.0,0.7680047,0.3586691,0
1.0,0.6935991,0.2816444,0
1.0,0.66207707,0.26135093,0
1.0,0.6453617,0.22667111,0
1.0,0.66902363,0.21523096,0
1.0,0.60817635,0.18755925,0
1.0,0.61718273,0.20483316,0
1.0,0.623763,0.22274604,0
1.0,0.6310356,0.2386846,0
1.0,0.6279545,0.23313,0
1.0,0.6583823,0.26114225,0
1.0,0.64395404,0.2592407,0
1.0,0.6207912,0.23667331,0
1.0,0.66261005,0.25300086,0
1.0,0.69678587,0.2819383,0
1.0,0.7049457,0.29595238,0
1.0,0.69232416,0.2850921,0
1.0,0.7229613,0.30873337,0
1.0,0.7500898,0.32712024,0
1.0,0.73456454,0.2942751,0
1.0,0.7067045,0.2738499,0
1.0,0.73493695,0.3181228,0
1.0,0.7652705,0.3670448,0
1.0,0.7585296,0.35834864,0
1.0,0.7365972,0.3361473,0
1.0,0.7699577,0.3952591,0
1.0,0.8023926,0.43998098,0
1.0,0.8016066,0.45379096,0
1.0,0.7818678,0.44851494,0
1.0,0.7947105,0.448556,0
1.0,0.8000742,0.45261937,0
1.0,0.7964924,0.4547941,0
1.0,0.77336675,0.4264086,0
1.0,0.7881642,0.44065377,0
1.0,0.80500734,0.44202515,0
1.0,0.8421613,0.48031712,0
1.0,0.83087486,0.45961732,0
1.0,0.83504796,0.4501882,0
1.0,0.8258723,0.42844266,0
1.0,0.85410154,0.44899616,0
1.0,0.8373803,0.4403978,0
1.0,0.8507962,0.46343958,0
1.0,0.8397928,0.43052799,0
1.0,0.8872044,0.47892448,0
1.0,0.8722732,0.4597964,0
1.0,0.8664782,0.4641729,0
1.0,0.83416235,0.4336021,0
1.0,0.87876666,0.49829674,0
1.0,0.85182106,0.47898644,0
1.0,0.8455781,0.46505728,0
1.0,0.8103241,0.42279235,0
1.0,0.8668102,0.503201,0
1.0,0.8510065,0.4658594,0
1.0,0.84796894,0.44225064,0
1.0,0.83832383,0.4082237,0
1.0,0.8728796,0.43495655,0
1.0,0.8665203,0.40882245,0
1.0,0.85416514,0.36838657,0
1.0,0.82796603,0.33247033,0
1.0,0.8402334,0.3307597,0
1.0,0.8239436,0.2939492,0
1.0,0.8107475,0.28245825,0
1.0,0.8168556,0.29361802,0
1.0,0.849671,0.31604928,0
1.0,0.821517,0.28196448,0
1.0,0.80923253,0.28681338,0
1.0,0.79518104,0.30134755,0
1.0,0.78027296,0.3030545,0
1.0,0.7718245,0.29067832,0
1.0,0.77961785,0.29648554,0
1.0,0.8047468,0.3236373,0
1.0,0.7831084,0.2971755,0
1.0,0.79343295,0.2918625,0
1.0,0.8152299,0.308326,0
1.0,0.8301544,0.32666045,0
1.0,0.7782736,0.27628648,0
1.0,0.7695341,0.26634336,0
1.0,0.77140766,0.26389647,0
1.0,0.7621069,0.25022715,0
1.0,0.70578027,0.1960422,0
1.0,0.6889159,0.17548601,0
1.0,0.71018016,0.20320798,0
1.0,0.7353759,0.23457226,0
1.0,0.72303486,0.25575665,0
1.0,0.74467325,0.30967933,0
1.0,0.7727522,0.365214,0
1.0,0.78469384,0.41231018,0
1.0,0.76188135,0.39361766,0
1.0,0.81378126,0.4625934,0
1.0,0.814966,0.49118108,0
1.0,0.83361435,0.5317233,0
1.0,0.8269401,0.53794676,0
1.0,0.85382146,0.59134525,0
1.0,0.85538167,0.59482783,0
1.0,0.8562316,0.58494675,0
1.0,0.8539661,0.58009076,0
1.0,0.8808727,0.626809,0
1.0,0.8773202,0.62869865,0
1.0,0.8753684,0.6190679,0
1.0,0.8776852,0.616596,0
1.0,0.9031365,0.6697054,0
1.0,0.90254,0.67110664,0
1.0,0.9024518,0.6777294,0
1.0,0.90516466,0.7030312,0
1.0,0.92033917,0.749886,0
1.0,0.9112262,0.7598925,0
1.0,0.8988385,0.74839187,0
1.0,0.8955022,0.76272476,0
1.0,0.91036296,0.8066664,0
1.0,0.89774525,0.7972449,0
1.0,0.87445277,0.7690624,0
1.0,0.8703281,0.76364326,0
1.0,0.876876,0.78123033,0
1.0,0.85131043,0.73691905,0
1.0,0.8139295,0.6702062,0
1.0,0.8091335,0.6290189,0
1.0,0.8230227,0.62698925,0
1.0,0.8025075,0.5878434,0
1.0,0.7678777,0.50826,0
1.0,0.76602346,0.5098661,0
1.0,0.7781086,0.53145146,0
1.0,0.7312447,0.4543226,0
1.0,0.6840262,0.41248107,0
1.0,0.692385,0.42900157,0
1.0,0.69236904,0.43244913,0
1.0,0.67947114,0.45482558,0
1.0,0.63367397,0.41246587,0
1.0,0.66402894,0.4591506,0
1.0,0.6836511,0.50878596,0
1.0,0.70656365,0.53542566,0
1.0,0.67645735,0.49264577,0
1.0,0.7054954,0.54874784,0
1.0,0.7027551,0.5443448,0
1.0,0.72849333,0.5886389,0
1.0,0.68923116,0.52733845,0
1.0,0.71850157,0.5606866,0
1.0,0.7153813,0.53946674,0
1.0,0.75115716,0.5690272,0
1.0,0.71558595,0.5271628,0
1.0,0.7446585,0.5699985,0
1.0,0.73278314,0.543419,0
1.0,0.7645215,0.5904226,0
1.0,0.72788835,0.5476881,0
1.0,0.7570637,0.60502696,0
1.0,0.7503827,0.5957657,0
1.0,0.7765748,0.64925736,0
1.0,0.7528909,0.6310423,0
1.0,0.7677394,0.6706873,0
1.0,0.7515898,0.65145576,0
1.0,0.7601257,0.66442287,0
1.0,0.73631084,0.63258785,0
1.0,0.7503625,0.6473819,0
1.0,0.7374122,0.62376666,0
1.0,0.76246196,0.66180885,0
1.0,0.75814396,0.6268915,0
1.0,0.7641113,0.619155,0
1.0,0.76078784,0.6106249,0
1.0,0.77748305,0.6137395,0
1.0,0.7856333,0.6234803,0
1.0,0.78718245,0.6382388,0
1.0,0.78982925,0.62601936,0
1.0,0.7952733,0.6302631,0
1.0,0.81395715,0.66913545,0
1.0,0.80933553,0.6752804,0
1.0,0.8168104,0.72841334,0
1.0,0.8162591,0.741271,0
1.0,0.8385484,0.793246,0
1.0,0.8364166,0.81058776,0
1.0,0.8424332,0.8355938,0
1.0,0.8342076,0.8429966,0
1.0,0.8526429,0.87537116,0
1.0,0.8420272,0.852486,0
1.0,0.8442201,0.8571939,0
1.0,0.8267183,0.83489776,0
1.0,0.8422222,0.89076364,0
1.0,0.82142377,0.83866906,0
1.0,0.8360306,0.8458797,0
1.0,0.817342,0.80162394,0
1.0,0.8454526,0.8447396,0
1.0,0.8171347,0.7959416,0
1.0,0.84712374,0.85230446,0
1.0,0.82264316,0.80362535,0
1.0,0.8477198,0.8677039,0
1.0,0.8234271,0.88819724,0
1.0,0.8392221,0.9361509,0
1.0,0.82430756,0.92686766,0
1.0,0.8378929,0.9901124,0
1.0,0.81278926,0.96758133,0
1.0,0.8357395,1.0353185,0
1.0,0.83061045,1.0148658,0
1.0,0.8399212,1.0546454,0
1.0,0.8201487,1.0427976,0
1.0,0.8244572,1.0580513,0
1.0,0.8190333,1.0665951,0
1.0,0.82299113,1.068392,0
1.0,0.80482006,1.0065373,0
1.0,0.8175329,0.992476,0
1.0,0.8140325,0.9877638,0
1.0,0.82394016,1.0281398,0
1.0,0.81003284,1.0001459,0
1.0,0.8145386,1.0095639,0
1.0,0.8067136,0.98295724,0
1.0,0.80062777,0.97324616,0
1.0,0.7928771,0.9552239,0
1.0,0.7794417,0.9391542,0
1.0,0.77746063,0.9650172,0
1.0,0.77073205,0.938306,0
1.0,0.74515456,0.90881866,0
1.0,0.74852014,0.9473808,0
1.0,0.74413645,0.93592966,0
1.0,0.76052034,0.9496503,0
1.0,0.76792276,0.94980884,0
1.0,0.78182536,0.96894336,0
1.0,0.774564,0.9606267,0
1.0,0.78664386,0.9660269,0
1.0,0.7864423,0.9209921,0
1.0,0.8054068,0.9598645,0
1.0,0.7845836,0.89878345,0
1.0,0.79460484,0.8838343,0
1.0,0.79773456,0.8771168,0
1.0,0.81590766,0.8909224,0
1.0,0.79369825,0.8540213,0
1.0,0.8028915,0.86742604,0
1.0,0.8094708,0.8723682,0
1.0,0.83580226,0.91548264,0
1.0,0.8065008,0.85751915,0
1.0,0.82771134,0.90965515,0
1.0,0.8281655,0.90957844,0
1.0,0.8478779,0.9488429,0
1.0,0.8158875,0.86617655,0
1.0,0.83012736,0.8608453,0
1.0,0.8310802,0.85619164,0
1.0,0.8414198,0.85794806,0
1.0,0.8066794,0.78992105,0
1.0,0.8088504,0.783483,0
1.0,0.79537284,0.7495864,0
1.0,0.78766,0.7339262,0
1.0,0.7362965,0.61801314,0
1.0,0.74415374,0.6030533,0
1.0,0.74427426,0.59774464,0
1.0,0.740298,0.5721601,0
1.0,0.70445865,0.52009547,0
1.0,0.7157086,0.56198716,0
1.0,0.71268386,0.57066524,0
1.0,0.708969,0.57243073,0
1.0,0.68725926,0.54070604,0
1.0,0.696896,0.5580261,0
1.0,0.69874495,0.5687026,0
1.0,0.68201214,0.5294086,0
1.0,0.6680482,0.5205558,0
1.0,0.66307163,0.5315316,0
1.0,0.6612723,0.51916116,0
1.0,0.6685383,0.5152128,0
1.0,0.6957804,0.53391427,0
1.0,0.73669326,0.55892324,0
1.0,0.766301,0.5718142,0
1.0,0.7799588,0.5784379,0
1.0,0.7962013,0.5760467,0
1.0,0.8163897,0.5710376,0
1.0,0.8058155,0.5387025,0
1.0,0.78830284,0.5121139,0
1.0,0.8080713,0.5542896,0
1.0,0.83661777,0.58998007,0
1.0,0.83432084,0.57837605,0
1.0,0.82560784,0.578861,0
1.0,0.8571602,0.6307874,0
1.0,0.87603396,0.65818894,0
1.0,0.88934046,0.67126393,0
1.0,0.87648994,0.6317489,0
1.0,0.8852474,0.63650054,0
1.0,0.8879246,0.6465029,0
1.0,0.8955652,0.64277804,0
1.0,0.8805216,0.6167836,0
1.0,0.89492166,0.64960265,0
1.0,0.90171504,0.62606156,0
1.0,0.9065636,0.5987995,0
1.0,0.9036267,0.56958616,0
1.0,0.8991046,0.53630096,0
1.0,0.893075,0.50922096,0
1.0,0.8838983,0.4829438,0
1.0,0.8799808,0.48826858,0
1.0,0.88079846,0.5000614,0
1.0,0.9061037,0.51683766,0
1.0,0.9100038,0.52523685,0
1.0,0.92138785,0.5580849,0
1.0,0.927785,0.58940375,0
1.0,0.9314048,0.6113714,0
1.0,0.91794,0.60821426,0
1.0,0.91666746,0.61938953,0
1.0,0.9056361,0.6077844,0
1.0,0.9173494,0.6456704,0
1.0,0.89116836,0.6105703,0
1.0,0.896359,0.60273904,0
1.0,0.8959374,0.587624,0
1.0,0.91592747,0.6046921,0
1.0,0.8878886,0.55127513,0
1.0,0.89856195,0.55428064,0
1.0,0.89748067,0.53669477,0
1.0,0.9153658,0.55368704,0
1.0,0.8859679,0.53084165,0
1.0,0.8697503,0.530406,0
1.0,0.88220817,0.5459187,0
1.0,0.9169405,0.59590816,0
1.0,0.8809105,0.55092454,0
1.0,0.86311626,0.53427625,0
1.0,0.8739152,0.5572094,0
1.0,0.88779896,0.5936768,0
1.0,0.84870535,0.5732175,0
1.0,0.8184303,0.5661575,0
1.0,0.82279336,0.59970635,0
1.0,0.8569907,0.67954797,0
1.0,0.8353266,0.6617297,0
1.0,0.82614875,0.64131796,0
1.0,0.83766,0.6393906,0
1.0,0.86630493,0.69069517,0
1.0,0.8403413,0.66517484,0
1.0,0.8194967,0.6369654,0
1.0,0.80953467,0.6309234,0
1.0,0.83462274,0.6982969,0
1.0,0.8139624,0.6627437,0
1.0,0.78511834,0.62106377,0
1.0,0.77843565,0.64117384,0
1.0,0.8050827,0.694171,0
1.0,0.7872128,0.6966504,0
1.0,0.783779,0.73445106,0
1.0,0.75936973,0.732834,0
1.0,0.76152027,0.7825465,0
1.0,0.747777,0.776297,0
1.0,0.74292606,0.7765943,0
1.0,0.73159575,0.7777553,0
1.0,0.74097353,0.824929,0
1.0,0.75295657,0.88049877,0
1.0,0.7527931,0.8782728,0
1.0,0.7652945,0.89683986,0
1.0,0.7751145,0.9139967,0
1.0,0.78767323,0.94212735,0
1.0,0.778201,0.92431784,0
1.0,0.80219597,0.95420116,0
1.0,0.7938041,0.9262297,0
1.0,0.8114182,0.937634,0
1.0,0.7931074,0.9086329,0
1.0,0.8183179,0.9976446,0
1.0,0.80309594,0.9679926,0
1.0,0.8335129,1.0128776,0
1.0,0.82398975,1.0172086,0
1.0,0.850778,1.1116444,0
1.0,0.84084535,1.0938528,0
1.0,0.86809146,1.1463981,0
1.0,0.8608107,1.1410317,0
1.0,0.8747642,1.1662813,0
1.0,0.8603315,1.119565,0
1.0,0.87916434,1.1581383,0
1.0,0.8573994,1.1185882,0
1.0,0.87143195,1.1185106,0
1.0,0.8539544,1.0567044,0
1.0,0.8638684,1.067279,0
1.0,0.84443676,0.9943193,0
1.0,0.8576367,0.9700673,0
1.0,0.8396589,0.9033961,0
1.0,0.8506343,0.92892694,0
1.0,0.8417014,0.9363004,0
1.0,0.8549901,0.96758217,0
1.0,0.8394069,0.91040266,0
1.0,0.84968114,0.9108845,0
1.0,0.85272604,0.9591497,0
1.0,0.86385274,1.0215745,0
1.0,0.85798144,1.0317837,0
1.0,0.85820234,1.0331562,0
1.0,0.8590386,1.0423025,0
1.0,0.86411285,1.0713735,0
1.0,0.84820753,1.0544546,0
1.0,0.84740853,1.0732515,0
1.0,0.83228695,1.0259073,0
1.0,0.8442921,0.9998586,0
1.0,0.8225485,0.9616792,0
1.0,0.8237518,0.97764444,0
1.0,0.81623936,0.94434667,0
1.0,0.83075225,0.95253456,0
1.0,0.8088518,0.91456556,0
1.0,0.809503,0.9217093,0
1.0,0.7977784,0.91258854,0
1.0,0.81271905,0.9602854,0
1.0,0.78433126,0.91218007,0
1.0,0.7882887,0.9343978,0
1.0,0.7698314,0.95678747,0
1.0,0.7839206,1.0578846,0
1.0,0.7716173,1.0762141,0
1.0,0.7959908,1.1265218,0
1.0,0.7824251,1.1110433,0
1.0,0.8069291,1.2116084,0
1.0,0.79045993,1.2025881,0
1.0,0.8206705,1.2685672,0
1.0,0.8028485,1.2141132,0
1.0,0.81349,1.2388027,0
1.0,0.8035458,1.2530303,0
1.0,0.8144197,1.2664647,0
1.0,0.8016415,1.1916372,0
1.0,0.8156718,1.2182964,0
1.0,0.81632924,1.222469,0
1.0,0.82984227,1.2521409,0
1.0,0.828054,1.2681098,0
1.0,0.83403194,1.2854198,0
1.0,0.83855313,1.2965031,0
1.0,0.8453671,1.3371799,0
1.0,0.83673805,1.3346913,0
1.0,0.8400396,1.3911579,0
1.0,0.8445665,1.4166243,0
1.0,0.854426,1.4121246,0
1.0,0.84872293,1.4127203,0
1.0,0.8587264,1.4616166,0
1.0,0.85918826,1.4889452,0
1.0,0.87967455,1.5469276,0
1.0,0.8672443,1.4820107,0
1.0,0.8736449,1.4857858,0
1.0,0.86785316,1.4703723,0
1.0,0.857775,1.4215045,0
1.0,0.8541473,1.3362285,0
1.0,0.8611288,1.274358,0
1.0,0.858929,1.2674199,0
1.0,0.86341166,1.3051682,0
1.0,0.8669962,1.317632,0
1.0,0.88004375,1.3158166,0
1.0,0.8793923,1.2948323,0
1.0,0.8832959,1.321979,0
1.0,0.8802965,1.3738014,0
1.0,0.8901342,1.4113928,0
1.0,0.8908408,1.3810443,0
1.0,0.8918162,1.3951416,0
1.0,0.89446324,1.4481387,0
1.0,0.9055025,1.4884799,0
1.0,0.9112143,1.493824,0
1.0,0.9147158,1.4972162,0
1.0,0.9163322,1.4624364,0
1.0,0.91896164,1.4525435,0
1.0,0.9171494,1.4429333,0
1.0,0.9085037,1.3632376,0
1.0,0.9129333,1.3269985,0
1.0,0.91550356,1.2712172,0
1.0,0.9144318,1.2673645,0
1.0,0.9180179,1.3325744,0
1.0,0.91661495,1.3217626,0
1.0,0.9237976,1.2962351,0
1.0,0.9204861,1.2433647,0
1.0,0.92686474,1.2508745,0
1.0,0.9278594,1.2909536,0
1.0,0.92577845,1.2891433,0
1.0,0.9266401,1.3043089,0
1.0,0.92365897,1.3260853,0
1.0,0.92530626,1.3703164,0
1.0,0.9256047,1.3973863,0
1.0,0.9190614,1.348309,0
1.0,0.92258936,1.3063961,0
1.0,0.92561436,1.2854981,0
1.0,0.9234171,1.2818524,0
1.0,0.91200256,1.2519116,0
1.0,0.91464,1.2169309,0
1.0,0.9176669,1.1436088,0
1.0,0.91712314,1.10579,0
1.0,0.9087002,1.0897031,0
1.0,0.90177995,1.0624334,0
1.0,0.8927564,1.0012671,0
1.0,0.8915624,0.9441778,0
1.0,0.8818221,0.910359,0
1.0,0.8732121,0.9155126,0
1.0,0.8611895,0.9135749,0
1.0,0.84990084,0.91464806,0
1.0,0.858301,0.94230914,0
1.0,0.83880526,0.921528,0
1.0,0.8341578,0.955693,0
1.0,0.8310374,0.9767077,0
1.0,0.8374378,0.96638,0
1.0,0.8243263,0.9077909,0
1.0,0.8127899,0.8718358,0
1.0,0.80554664,0.8733542,0
1.0,0.82786185,0.9315769,0
1.0,0.8057616,0.8709154,0
1.0,0.8010759,0.8235986,0
1.0,0.80343217,0.8013611,0
1.0,0.8063941,0.7919958,0
1.0,0.79811573,0.75098747,0
1.0,0.78753287,0.69081366,0
1.0,0.7977151,0.6921066,0
1.0,0.79782736,0.71523833,0
1.0,0.8098829,0.7623637,0
1.0,0.8195302,0.7985898,0
1.0,0.840274,0.827983,0
1.0,0.83652765,0.81963444,0
1.0,0.8575203,0.8698822,0
1.0,0.852984,0.8787497,0
1.0,0.8636474,0.8961208,0
1.0,0.84844345,0.85805434,0
1.0,0.8608748,0.86774534,0
1.0,0.84705895,0.8390835,0
1.0,0.8610797,0.89770794,0
1.0,0.8417589,0.86230326,0
1.0,0.85210353,0.84644616,0
1.0,0.8409092,0.80303323,0
1.0,0.8566582,0.80325556,0
1.0,0.835789,0.7691224,0
1.0,0.8485352,0.78989315,0
1.0,0.8241048,0.7219347,0
1.0,0.8469657,0.76022804,0
1.0,0.83257526,0.73389035,0
1.0,0.8497751,0.7808881,0
1.0,0.82712704,0.7772429,0
1.0,0.85980374,0.8254795,0
1.0,0.83855975,0.8095152,0
1.0,0.83540225,0.84652066,0
1.0,0.8054701,0.8301211,0
1.0,0.8249718,0.8941096,0
1.0,0.8211937,0.8719981,0
1.0,0.8029882,0.8431268,0
1.0,0.79818255,0.8798692,0
1.0,0.82420105,0.94629896,0
1.0,0.82963306,0.93356436,0
1.0,0.8249876,0.89957947,0
1.0,0.8284716,0.9019402,0
1.0,0.8470459,0.94896543,0
1.0,0.8479036,0.96808934,0
1.0,0.84665936,0.97499835,0
1.0,0.8416179,0.9531069,0
1.0,0.8554959,1.0104282,0
1.0,0.85434383,1.0387223,0
1.0,0.8434297,1.0260473,0
1.0,0.84027296,1.0333366,0
1.0,0.8436541,1.0241311,0
1.0,0.8318153,1.0245603,0
1.0,0.81977874,1.0552413,0
1.0,0.8171388,1.1049738,0
1.0,0.8222708,1.1387267,0
1.0,0.8313891,1.1360669,0
1.0,0.83272964,1.158247,0
1.0,0.8395198,1.2063975,0
1.0,0.84348273,1.1949303,0
1.0,0.86526906,1.2375636,0
1.0,0.85726756,1.1981709,0
1.0,0.8603232,1.1855571,0
1.0,0.85747194,1.2213144,0
1.0,0.8620967,1.2259359,0
1.0,0.8485207,1.1572787,0
1.0,0.8506899,1.1374843,0
1.0,0.8515813,1.1390607,0
1.0,0.8585018,1.1806948,0
1.0,0.85929555,1.2283382,0
1.0,0.86544126,1.2326033,0
1.0,0.87184733,1.22482,0
1.0,0.8748544,1.2776332,0
1.0,0.8768888,1.3203899,0
1.0,0.87445945,1.3186655,0
1.0,0.88318616,1.3206878,0
1.0,0.8940483,1.3113801,0
1.0,0.8932257,1.3258246,0
1.0,0.8947347,1.3554158,0
1.0,0.9023627,1.3297195,0
1.0,0.9115545,1.322228,0
1.0,0.91188127,1.330255,0
1.0,0.90743387,1.3127791,0
1.0,0.9159506,1.339396,0
1.0,0.90251356,1.2933738,0
1.0,0.89892334,1.2392225,0
1.0,0.8929402,1.1694613,0
1.0,0.9022423,1.1703162,0
1.0,0.8883812,1.1809077,0
1.0,0.89025724,1.1643078,0
1.0,0.88333106,1.1050224,0
1.0,0.8945547,1.1474087,0
1.0,0.88308525,1.1595237,0
1.0,0.885655,1.1953924,0
1.0,0.8761485,1.1818229,0
1.0,0.89143485,1.1654549,0
1.0,0.88261765,1.1124647,0
1.0,0.8886033,1.1206793,0
1.0,0.8849099,1.103729,0
1.0,0.9040648,1.1229467,0
1.0,0.89087623,1.0667171,0
1.0,0.8937844,1.0146413,0
1.0,0.8867801,0.9773748,0
1.0,0.89727646,0.99037075,0
1.0,0.8658625,0.8774353,0
1.0,0.85332614,0.8053669,0
1.0,0.85354024,0.7780044,0
1.0,0.86681455,0.80820245,0
1.0,0.84974426,0.7855936,0
1.0,0.8361807,0.7247417,0
1.0,0.83868164,0.70762515,0
1.0,0.8427665,0.7299013,0
1.0,0.85070705,0.75506145,0
1.0,0.8534068,0.7460935,0
1.0,0.8547101,0.72875214,0
1.0,0.87461615,0.7336758,0
1.0,0.8661581,0.69407046,0
1.0,0.8543861,0.6722667,0
1.0,0.85710305,0.68346375,0
1.0,0.8630775,0.6672554,0
1.0,0.8514203,0.59838164,0
1.0,0.80800533,0.51746523,0
1.0,0.81351787,0.51415086,0
1.0,0.7963329,0.4625152,0
1.0,0.819973,0.43812227,0
1.0,0.7718987,0.3362596,0
1.0,0.80025536,0.3334135,0
1.0,0.78737646,0.29917675,0
1.0,0.80795646,0.31480578,0
1.0,0.77573144,0.28187692,0
1.0,0.795251,0.28859895,0
1.0,0.7767746,0.25592262,0
1.0,0.797776,0.2769525,0
1.0,0.76805323,0.24593928,0
1.0,0.7803475,0.24253453,0
1.0,0.7578249,0.21328032,0
1.0,0.76882726,0.21090823,0
1.0,0.709296,0.16924584,0
1.0,0.7333194,0.18300968,0
1.0,0.71341336,0.1512178,0
1.0,0.76813626,0.17415413,0
1.0,0.72408307,0.14561361,0
1.0,0.7223837,0.12733454,0
1.0,0.7350004,0.116855085,0
1.0,0.7604361,0.10523459,0
1.0,0.71385914,0.07805045,0
1.0,0.70209396,0.075514935,0
1.0,0.72419256,0.07731886,0
1.0,0.7159354,0.07309142,0
1.0,0.67748845,0.06057658,0
1.0,0.6458188,0.046693068,0
1.0,0.69059247,0.047618728,0
1.0,0.6901849,0.048270933,0
1.0,0.66279525,0.047867127,0
1.0,0.6152527,0.059132375,0
1.0,0.667527,0.061336286,0
1.0,0.6538331,0.06506727,0
1.0,0.6519944,0.06650262,0
1.0,0.63081604,0.07352264,0
1.0,0.693123,0.07243736,0
1.0,0.66393477,0.0787991,0
1.0,0.6656113,0.076652355,0
1.0,0.6152988,0.09451695,0
1.0,0.62099326,0.09411452,0
1.0,0.55526036,0.13241181,0
1.0,0.54903686,0.16747731,0
1.0,0.51789737,0.2010621,0
1.0,0.5139921,0.2056081,0
1.0,0.49396566,0.21603777,0
1.0,0.52946675,0.18921298,0
1.0,0.5554523,0.18060142,0
1.0,0.52624106,0.19865465,0
1.0,0.5335043,0.1916122,0
1.0,0.5337985,0.19443485,0
1.0,0.5438524,0.18608955,0
1.0,0.51292545,0.21543953,0
1.0,0.52553344,0.21594992,0
1.0,0.52299863,0.21983488,0
1.0,0.5482193,0.20902197,0
1.0,0.49696994,0.28175515,0
1.0,0.52649903,0.2837755,0
1.0,0.5173015,0.29972297,0
1.0,0.5162127,0.30611202,0
1.0,0.47498512,0.36908576,0
1.0,0.49621823,0.38953924,0
1.0,0.47739917,0.42570713,0
1.0,0.4741071,0.4162404,0
1.0,0.44465432,0.44423476,0
1.0,0.4588694,0.43426955,0
1.0,0.45177826,0.4427405,0
1.0,0.45100304,0.44672143,0
1.0,0.43239418,0.46830064,0
1.0,0.4415886,0.44678062,0
1.0,0.42580307,0.46843338,0
1.0,0.3911794,0.51556134,0
1.0,0.40756804,0.49637252,0
1.0,0.40853462,0.48669624,0
1.0,0.4197452,0.4320922,0
1.0,0.39368543,0.4526649,0
1.0,0.39937195,0.4706619,0
1.0,0.3903246,0.5012531,0
1.0,0.39831644,0.50935745,0
1.0,0.3775693,0.55627674,0
1.0,0.4008394,0.548438,0
1.0,0.41282594,0.5336569,0
1.0,0.39363447,0.54907537,0
1.0,0.4038529,0.5407372,0
1.0,0.42399356,0.50592816,0
1.0,0.44504854,0.46289015,0
1.0,0.462009,0.43971044,0
1.0,0.47335163,0.41600037,0
1.0,0.5174939,0.3409097,0
1.0,0.52402437,0.3096636,0
1.0,0.48660478,0.33855128,0
1.0,0.49960336,0.32273197,0
1.0,0.5328485,0.27397746,0
1.0,0.54117596,0.22618209,0
1.0,0.51446354,0.23376405,0
1.0,0.53202313,0.22609296,0
1.0,0.54937196,0.22785136,0
1.0,0.56220555,0.22662959,0
1.0,0.5533832,0.24013816,0
1.0,0.57937056,0.21345723,0
1.0,0.6093616,0.18195361,0
1.0,0.6190065,0.17607172,0
1.0,0.63286227,0.16333604,0
1.0,0.6650448,0.1404531,0
1.0,0.6680516,0.13793597,0
1.0,0.6379222,0.15200919,0
1.0,0.66766095,0.13645715,0
1.0,0.635647,0.1551143,0
1.0,0.6198986,0.14883754,0
1.0,0.61161864,0.144156,0
1.0,0.6490406,0.11451083,0
1.0,0.60743743,0.11932066,0
1.0,0.59310603,0.11090079,0
1.0,0.5844985,0.11057368,0
1.0,0.64318144,0.08280501,0
1.0,0.61268353,0.0953193,0
1.0,0.59061015,0.11234394,0
1.0,0.5854532,0.12208928,0
1.0,0.63600904,0.097565345,0
1.0,0.59991384,0.115116864,0
1.0,0.59516436,0.12573564,0
1.0,0.59612525,0.12406902,0
1.0,0.6064373,0.118326485,0
1.0,0.57387984,0.13488862,0
1.0,0.5574043,0.14586784,0
1.0,0.5344245,0.16402519,0
1.0,0.53827935,0.16280374,0
1.0,0.5012019,0.1804021,0
1.0,0.49964797,0.15535429,0
1.0,0.5067998,0.1266202,0
1.0,0.52194715,0.10780325,0
1.0,0.5326264,0.0994872,0
1.0,0.5464516,0.09151031,0
1.0,0.54259044,0.09114258,0
1.0,0.53623486,0.100841016,0
1.0,0.53864545,0.10923837,0
1.0,0.53921676,0.1062898,0
1.0,0.5493632,0.09943108,0
1.0,0.5395062,0.10422099,0
1.0,0.5441821,0.10800348,0
1.0,0.5393188,0.110392466,0
1.0,0.55521464,0.10302465,0
1.0,0.56102115,0.101220146,0
1.0,0.6271241,0.07880948,0
1.0,0.63584495,0.0757624,0
1.0,0.6399497,0.07571925,0
1.0,0.6638398,0.07169959,0
1.0,0.70994407,0.07646893,0
1.0,0.6697829,0.076872714,0
1.0,0.6568986,0.07247709,0
1.0,0.65623957,0.07364672,0
1.0,0.7096719,0.08849709,0
1.0,0.6813455,0.078708515,0
1.0,0.668718,0.07514806,0
1.0,0.6612437,0.07353806,0
1.0,0.7282173,0.087350965,0
1.0,0.66789854,0.075443655,0
1.0,0.6590303,0.07261425,0
1.0,0.66667056,0.07613701,0
1.0,0.7248052,0.091377854,0
1.0,0.67056817,0.07568058,0
1.0,0.6472749,0.07670462,0
1.0,0.64953357,0.08634857,0
1.0,0.71186495,0.116144806,0
1.0,0.70930094,0.11325802,0
1.0,0.66261834,0.094648026,0
1.0,0.68425447,0.112526596,0
1.0,0.64145744,0.10624863,0
1.0,0.61010486,0.099955805,0
1.0,0.5567452,0.09064908,0
1.0,0.5887383,0.10165114,0
1.0,0.6095721,0.11524598,0
1.0,0.64554477,0.14590247,0
1.0,0.6316229,0.13769133,0
1.0,0.68431365,0.16478251,0
1.0,0.6916609,0.17510128,0
1.0,0.6980636,0.18306628,0
1.0,0.66893965,0.16412234,0
1.0,0.72557944,0.20332181,0
1.0,0.7185954,0.18852845,0
1.0,0.736396,0.1962835,0
1.0,0.7152589,0.20006235,0
1.0,0.73154646,0.21224084,0
1.0,0.74105227,0.21328431,0
1.0,0.7716894,0.26018256,0
1.0,0.8001562,0.30017298,0
1.0,0.8361519,0.35365528,0
1.0,0.8276562,0.36355448,0
1.0,0.8357768,0.37059352,0
1.0,0.86827993,0.41357967,0
1.0,0.84609723,0.39646918,0
1.0,0.85759836,0.41633606,0
1.0,0.87018645,0.44537175,0
1.0,0.8949099,0.4711519,0
1.0,0.8678424,0.42437077,0
1.0,0.84695196,0.39134127,0
1.0,0.85846555,0.4021247,0
1.0,0.8939821,0.445391,0
1.0,0.8787395,0.40888435,0
1.0,0.8667978,0.36929893,0
1.0,0.8654362,0.35524657,0
1.0,0.90317374,0.38397792,0
1.0,0.87096655,0.344985,0
1.0,0.86246437,0.3205618,0
1.0,0.83239394,0.27116892,0
1.0,0.8678952,0.3138731,0
1.0,0.8480282,0.31007674,0
1.0,0.84526944,0.29113656,0
1.0,0.7826076,0.23234877,0
1.0,0.8020248,0.24498314,0
1.0,0.7460454,0.20620386,0
1.0,0.73749244,0.20694758,0
1.0,0.64199364,0.14990912,0
1.0,0.66697896,0.14713146,0
1.0,0.66008884,0.13949153,0
1.0,0.6741963,0.14162026,0
1.0,0.5801459,0.08905417,0
1.0,0.6132368,0.08960983,0
1.0,0.63772756,0.091643095,0
1.0,0.6741689,0.08955489,0
1.0,0.5810146,0.06889391,0
1.0,0.5800169,0.06770904,0
1.0,0.5481655,0.061414495,0
1.0,0.54674184,0.059977505,0
1.0,0.49607903,0.06165621,0
1.0,0.5081068,0.05942049,0
1.0,0.52310485,0.057248723,0
1.0,0.51723504,0.056990538,0
1.0,0.5109072,0.051391426,0
1.0,0.536459,0.048625827,0
1.0,0.5355211,0.048064083,0
1.0,0.5173841,0.042937737,0
1.0,0.5221287,0.0403844,0
1.0,0.5393201,0.042659767,0
1.0,0.54485613,0.040543154,0
1.0,0.53592914,0.047778245,0
1.0,0.5427052,0.045506097,0
1.0,0.5634273,0.040314343,0
1.0,0.60320085,0.035639275,0
1.0,0.56458217,0.03830146,0
1.0,0.58484316,0.03698586,0
1.0,0.57800186,0.037465535,0
1.0,0.60063934,0.035570428,0
1.0,0.5346825,0.042368833,0
1.0,0.5830662,0.036280412,0
1.0,0.55202925,0.042024516,0
1.0,0.5806833,0.04287968,0
1.0,0.5381857,0.051829007,0
1.0,0.6594742,0.05376996,0
1.0,0.6984679,0.06981338,0
1.0,0.7463433,0.0826986,0
1.0,0.7039516,0.07015836,0
1.0,0.82249945,0.1280658,0
1.0,0.78781873,0.11349768,0
1.0,0.777527,0.110569164,0
1.0,0.72910994,0.11120126,0
1.0,0.8333205,0.16797145,0
1.0,0.8184317,0.15583764,0
1.0,0.7964945,0.14181206,0
1.0,0.7685986,0.1275701,0
1.0,0.86461145,0.18160611,0
1.0,0.85219157,0.17374161,0
1.0,0.8193327,0.16216558,0
1.0,0.80281657,0.15319994,0
1.0,0.8962364,0.225626,0
1.0,0.9086205,0.24736139,0
1.0,0.8719156,0.22577122,0
1.0,0.87457204,0.23390429,0
1.0,0.92755675,0.2867766,0
1.0,0.9326033,0.3125196,0
1.0,0.890365,0.28603512,0
1.0,0.8743837,0.27974164,0
1.0,0.9102869,0.33459827,0
1.0,0.8977241,0.32807088,0
1.0,0.82553995,0.26125503,0
1.0,0.82670593,0.26386553,0
1.0,0.87693053,0.31305167,0
1.0,0.90575397,0.3400006,0
1.0,0.86978894,0.28968447,0
1.0,0.8702932,0.28911167,0
1.0,0.9060567,0.31813163,0
1.0,0.9260929,0.32123306,0
1.0,0.8848138,0.2808979,0
1.0,0.8618631,0.26016587,0
1.0,0.89825755,0.28699946,0
1.0,0.91485906,0.31073898,0
1.0,0.8507897,0.25104046,0
1.0,0.84606487,0.23374456,0
1.0,0.8780864,0.27359343,0
1.0,0.8988551,0.3224398,0
1.0,0.8433286,0.3021231,0
1.0,0.8296456,0.30485964,0
1.0,0.87701666,0.3574463,0
1.0,0.90967786,0.40938365,0
1.0,0.87025166,0.37311614,0
1.0,0.86090434,0.34891292,0
1.0,0.9159206,0.40245843,0
1.0,0.93654704,0.4460262,0
1.0,0.9093465,0.43285853,0
1.0,0.89733595,0.42600676,0
1.0,0.922413,0.46501696,0
1.0,0.90995634,0.43988258,0
1.0,0.86662513,0.37612075,0
1.0,0.8528806,0.3586489,0
1.0,0.8999447,0.4068457,0
1.0,0.8935028,0.41057476,0
1.0,0.86944133,0.41209763,0
1.0,0.8878471,0.46026462,0
1.0,0.9258657,0.53986526,0
1.0,0.93038994,0.6001051,0
1.0,0.9192069,0.6258819,0
1.0,0.9323545,0.6476234,0
1.0,0.94341284,0.67386913,0
1.0,0.93120307,0.67763186,0
1.0,0.90338284,0.6403897,0
1.0,0.92341334,0.68287134,0
1.0,0.9354859,0.7168888,0
1.0,0.92275816,0.69441867,0
1.0,0.9073825,0.66982055,0
1.0,0.92463267,0.7081428,0
1.0,0.91700345,0.69324625,0
1.0,0.8905778,0.64392436,0
1.0,0.87528956,0.61633766,0
1.0,0.89673287,0.6454471,0
1.0,0.90376115,0.69902813,0
1.0,0.90303963,0.71550953,0
1.0,0.88855124,0.68333066,0
1.0,0.90699923,0.7779274,0
1.0,0.9046034,0.83751714,0
1.0,0.9031102,0.85211027,0
1.0,0.89427346,0.8527424,0
1.0,0.90561867,0.9053618,0
1.0,0.89829516,0.92896044,0
1.0,0.88691276,0.9274568,0
1.0,0.8626438,0.9362856,0
1.0,0.8675195,0.9891777,0
1.0,0.84600943,0.95547074,0
1.0,0.8406216,0.9528469,0
1.0,0.834948,0.9274748,0
1.0,0.82821804,0.94771945,0
1.0,0.8141952,0.9481898,0
1.0,0.81726843,0.93081665,0
1.0,0.8236075,0.96941674,0
1.0,0.8265146,1.0276644,0
1.0,0.8308001,1.0707023,0
1.0,0.8396688,1.1295378,0
1.0,0.83459675,1.1729555,0
1.0,0.83983046,1.2272561,0
1.0,0.8269949,1.2583858,0
1.0,0.83057666,1.3230264,0
1.0,0.82702094,1.3491449,0
1.0,0.8291036,1.4122136,0
1.0,0.83043635,1.4717574,0
1.0,0.8338865,1.5178211,0
1.0,0.83340806,1.5692418,0
1.0,0.8323718,1.6159904,0
1.0,0.83613575,1.6163328,0
1.0,0.83706814,1.6162773,0
1.0,0.8446253,1.6666262,0
1.0,0.8438881,1.6521791,0
1.0,0.8602322,1.676476,0
1.0,0.86042964,1.6756532,0
1.0,0.8659398,1.6953467,0
1.0,0.8681385,1.737862,0
1.0,0.8728392,1.7987604,0
1.0,0.86600924,1.8120663,0
1.0,0.8676814,1.793262,0
1.0,0.87038755,1.7989662,0
1.0,0.87876874,1.8635623,0
1.0,0.871097,1.8888093,0
1.0,0.88959134,1.997751,0
1.0,0.88579124,1.9905843,0
1.0,0.8971496,2.0314178,0
1.0,0.8862256,2.0311985,0
1.0,0.8956499,2.0388565,0
1.0,0.88663745,1.972082,0
1.0,0.89633733,1.9873252,0
1.0,0.8864974,1.9838188,0
1.0,0.89262915,1.9679377,0
1.0,0.885537,1.9193487,0
1.0,0.8959979,1.9212295,0
1.0,0.8863453,1.8593633,0
1.0,0.89025724,1.8970323,0
1.0,0.8871342,1.874697,0
1.0,0.88453436,1.8386706,0
1.0,0.8783663,1.8159282,0
1.0,0.87820363,1.7746418,0
1.0,0.8763998,1.8122084,0
1.0,0.88060963,1.9001633,0
1.0,0.8852193,1.9437212,0
1.0,0.89217675,1.9945836,0
1.0,0.8924365,2.0082588,0
1.0,0.8899045,2.0502725,0
1.0,0.895858,2.1220417,0
1.0,0.88929534,2.1046436,0
1.0,0.8917327,2.080739,0
1.0,0.881435,1.9869558,0
1.0,0.888124,1.9910557,0
1.0,0.88646346,2.0141883,0
1.0,0.8986748,2.0320992,0
1.0,0.8896192,1.9870868,0
1.0,0.8970058,1.9807332,0
1.0,0.8909373,1.9464321,0
1.0,0.90067935,1.9872023,0
1.0,0.8796224,1.9111934,0
1.0,0.8886575,1.9249904,0
1.0,0.883139,1.9113607,0
1.0,0.88626873,1.9672785,0
1.0,0.87778497,1.9801838,0
1.0,0.8812123,1.9509051,0
1.0,0.8847882,1.9960986,0
1.0,0.8875568,2.0559647,0
1.0,0.8765937,2.0430584,0
1.0,0.88003564,2.0867715,0
1.0,0.8767016,2.064674,0
1.0,0.87723583,2.0301027,0
1.0,0.8668149,1.9941869,0
1.0,0.86121094,1.9896429,0
1.0,0.85899687,1.9821184,0
1.0,0.858065,1.9140114,0
1.0,0.84927297,1.8138971,0
1.0,0.84808475,1.7745852,0
1.0,0.845689,1.7562803,0
1.0,0.8415373,1.7539778,0
1.0,0.8339727,1.6798148,0
1.0,0.83994704,1.640693,0
1.0,0.84460443,1.694489,0
1.0,0.84543437,1.7688706,0
1.0,0.8562259,1.8218417,0
1.0,0.8694863,1.8559192,0
1.0,0.8778938,1.8678505,0
1.0,0.8793671,1.8701985,0
1.0,0.8778951,1.8897223,0
1.0,0.8893411,1.9421881,0
1.0,0.8920408,1.9200004,0
1.0,0.89243215,1.8782494,0
1.0,0.8866813,1.8551469,0
1.0,0.89083934,1.8920424,0
1.0,0.89209086,1.9073324,0
1.0,0.8916147,1.855379,0
1.0,0.89083546,1.8092896,0
1.0,0.8973485,1.8239936,0
1.0,0.89410365,1.7993574,0
1.0,0.89581865,1.7784042,0
1.0,0.8928923,1.7636746,0
1.0,0.90161425,1.7816439,0
1.0,0.8974818,1.7828047,0
1.0,0.8998727,1.8277793,0
1.0,0.8939261,1.8397223,0
1.0,0.8991801,1.8711758,0
1.0,0.89677256,1.870553,0
1.0,0.8961831,1.891578,0
1.0,0.88757604,1.9202825,0
1.0,0.88577497,1.9103171,0
1.0,0.8829058,1.8680215,0
1.0,0.8822916,1.8543836,0
1.0,0.8783881,1.8320521,0
1.0,0.87014425,1.8320564,0
1.0,0.87566864,1.8102317,0
1.0,0.87224483,1.6814837,0
1.0,0.8825666,1.6760781,0
1.0,0.8752461,1.6686621,0
1.0,0.8820901,1.6701422,0
1.0,0.8887983,1.7115698,0
1.0,0.8915726,1.6871374,0
1.0,0.8869,1.6426985,0
1.0,0.89071965,1.7181273,0
1.0,0.8864016,1.74476,0
1.0,0.8859525,1.7433199,0
1.0,0.87511915,1.7097995,0
1.0,0.884237,1.7259873,0
1.0,0.88065845,1.7334356,0
1.0,0.8943431,1.8128985,0
1.0,0.8840345,1.7860695,0
1.0,0.891485,1.7830064,0
1.0,0.8847861,1.763454,0
1.0,0.8922711,1.7622594,0
1.0,0.87815005,1.7147461,0
1.0,0.88508946,1.7024531,0
1.0,0.8733551,1.6194773,0
1.0,0.88446796,1.6127735,0
1.0,0.86461323,1.5437884,0
1.0,0.86823386,1.5592322,0
1.0,0.86562043,1.5252385,0
1.0,0.8728956,1.5212008,0
1.0,0.86245984,1.5319107,0
1.0,0.8619093,1.5662966,0
1.0,0.84603286,1.5860157,0
1.0,0.84572864,1.6033901,0
1.0,0.8384138,1.5526423,0
1.0,0.8430082,1.5764141,0
1.0,0.8418301,1.6492069,0
1.0,0.85469645,1.7373565,0
1.0,0.8682634,1.787499,0
1.0,0.8736103,1.8318696,0
1.0,0.8747572,1.8288406,0
1.0,0.87266004,1.8272414,0
1.0,0.87346715,1.8445966,0
1.0,0.874981,1.7975268,0
1.0,0.87605566,1.7610354,0
1.0,0.87403566,1.7600267,0
1.0,0.8803323,1.7869976,0
1.0,0.87826145,1.7860975,0
1.0,0.8836089,1.8014972,0
1.0,0.8793459,1.774126,0
1.0,0.8891321,1.8105776,0
1.0,0.8807729,1.8276206,0
1.0,0.8842755,1.868937,0
1.0,0.8767838,1.8698076,0
1.0,0.88436884,1.920817,0
1.0,0.8791127,1.9633079,0
1.0,0.88223165,2.0193777,0
1.0,0.8836396,2.0539117,0
1.0,0.8896169,2.0699282,0
1.0,0.8875907,2.0470233,0
1.0,0.88601065,2.0630589,0
1.0,0.8839473,2.0543041,0
1.0,0.8722302,2.016853,0
1.0,0.86559784,2.018319,0
1.0,0.85948706,1.9307289,0
1.0,0.85801375,1.9413236,0
1.0,0.85652214,2.038805,0
1.0,0.85475916,2.0264816,0
1.0,0.85616547,2.0076697,0
1.0,0.8670112,2.0550222,0
1.0,0.8687284,2.0942874,0
1.0,0.87477934,2.1575086,0
1.0,0.8854999,2.2353897,0
1.0,0.89346015,2.311277,0
1.0,0.8957372,2.3701007,0
1.0,0.8975186,2.4219239,0
1.0,0.90307087,2.4784033,0
1.0,0.9093455,2.5699058,0
1.0,0.91148937,2.602379,0
1.0,0.9135789,2.6024792,0
1.0,0.92032546,2.6696682,0
1.0,0.9238926,2.7181227,0
1.0,0.9249612,2.7276273,0
1.0,0.9240281,2.6859045,0
1.0,0.9310714,2.660553,0
1.0,0.9324638,2.7062445,0
1.0,0.93604827,2.769174,0
1.0,0.9423088,2.7782564,0
1.0,0.9508432,2.7954564,0
1.0,0.9564436,2.8418546,0
1.0,0.95632756,2.8470547,0
1.0,0.9589215,2.8699427,0
1.0,0.9614084,2.9225566,0
1.0,0.9629247,2.930648,0
1.0,0.9597115,2.951787,0
1.0,0.9584926,2.9495258,0
1.0,0.9572213,2.955927,0
1.0,0.95644414,2.9529123,0
1.0,0.95217234,2.83362,0
1.0,0.94946903,2.8275847,0
1.0,0.9488429,2.829727,0
1.0,0.94782996,2.7474852,0
1.0,0.9431324,2.647779,0
1.0,0.94341147,2.542681,0
1.0,0.94105643,2.4609282,0
1.0,0.94269633,2.4305792,0
1.0,0.94003046,2.3725524,0
1.0,0.9440464,2.3401122,0
1.0,0.9479173,2.2942097,0
1.0,0.9454714,2.1973653,0
1.0,0.9411513,2.1389246,0
1.0,0.93424904,2.1078842,0
1.0,0.9340421,2.0657463,0
1.0,0.92682534,2.001143,0
1.0,0.9182964,1.9599059,0
1.0,0.91198534,1.9546821,0
1.0,0.9114473,1.9504149,0
1.0,0.8960723,1.8310175,0
1.0,0.89306486,1.7257187,0
1.0,0.88407934,1.6496241,0
1.0,0.88463706,1.6125969,0
1.0,0.86840355,1.5150123,0
1.0,0.86736673,1.4757857,0
1.0,0.8654709,1.4274206,0
1.0,0.8620372,1.3532403,0
1.0,0.8453248,1.3123215,0
1.0,0.84665555,1.2559662,0
1.0,0.84646183,1.1754732,0
1.0,0.86007214,1.1728182,0
1.0,0.8428512,1.1284685,0
1.0,0.8450357,1.1499748,0
1.0,0.8489338,1.149265,0
1.0,0.8502653,1.1222202,0
1.0,0.84429747,1.1299894,0
1.0,0.83886355,1.1487011,0
1.0,0.8466583,1.1689816,0
1.0,0.8435739,1.1646554,0
1.0,0.83739316,1.1384385,0
1.0,0.8331653,1.1055924,0
1.0,0.8400053,1.1103047,0
1.0,0.8521367,1.1668913,0
1.0,0.84932166,1.1805637,0
1.0,0.8527739,1.1496665,0
1.0,0.8588535,1.1355355,0
1.0,0.8692088,1.1256539,0
1.0,0.8686912,1.0879561,0
1.0,0.868837,1.0793272,0
1.0,0.87231505,1.0618384,0
1.0,0.8816075,1.0769815,0
1.0,0.8859284,1.110115,0
1.0,0.88060045,1.0794636,0
1.0,0.8792725,1.053528,0
1.0,0.88917035,1.0885051,0
1.0,0.8895321,1.1164773,0
1.0,0.88070077,1.1166229,0
1.0,0.87268984,1.122293,0
1.0,0.8817386,1.1263099,0
1.0,0.88112706,1.0728674,0
1.0,0.8784534,1.0554585,0
1.0,0.87746596,1.0702298,0
1.0,0.8962527,1.110136,0
1.0,0.8933252,1.052567,0
1.0,0.8951927,1.0107591,0
1.0,0.889001,0.96017617,0
1.0,0.897763,0.9460187,0
1.0,0.8917414,0.89413124,0
1.0,0.89256823,0.84278554,0
1.0,0.8899542,0.83615804,0
1.0,0.8951245,0.8436264,0
1.0,0.889911,0.79479337,0
1.0,0.88197315,0.7700875,0
1.0,0.88242877,0.757231,0
1.0,0.90323013,0.75013137,0
1.0,0.8908395,0.6987648,0
1.0,0.8974774,0.7098938,0
1.0,0.89223826,0.69873035,0
1.0,0.89510983,0.69292974,0
1.0,0.87194836,0.6533577,0
1.0,0.86800045,0.65000117,0
1.0,0.8561707,0.62649983,0
1.0,0.8551791,0.5970919,0
1.0,0.83846545,0.53084505,0
1.0,0.8179704,0.4971474,0
1.0,0.8021776,0.47622505,0
1.0,0.7680627,0.4151923,0
1.0,0.7484509,0.35061473,0
1.0,0.72413915,0.2884779,0
1.0,0.725328,0.2728972,0
1.0,0.69588405,0.25007343,0
1.0,0.6933613,0.251633,0
1.0,0.67063,0.23708583,0
1.0,0.68107283,0.23734418,0
1.0,0.67577827,0.22750416,0
1.0,0.68574744,0.26828605,0
1.0,0.69498014,0.2943779,0
1.0,0.6935137,0.2970189,0
1.0,0.6883708,0.29855096,0
1.0,0.6792709,0.30816343,0
1.0,0.679288,0.35118696,0
1.0,0.68675625,0.36508042,0
1.0,0.74819726,0.42110476,0
1.0,0.7587688,0.43481928,0
1.0,0.763907,0.43615466,0
1.0,0.74886453,0.4042908,0
1.0,0.82820624,0.5011655,0
1.0,0.81891096,0.4841893,0
1.0,0.8273593,0.49033877,0
1.0,0.7988125,0.45262134,0
1.0,0.85835224,0.57720727,0
1.0,0.8518915,0.6335994,0
1.0,0.86731577,0.63375646,0
1.0,0.8613806,0.6302836,0
1.0,0.90461355,0.7453157,0
1.0,0.9085624,0.77673864,0
1.0,0.9061595,0.78493977,0
1.0,0.8961016,0.7883902,0
1.0,0.91991365,0.8507675,0
1.0,0.91439503,0.846735,0
1.0,0.9078721,0.85420096,0
1.0,0.8985978,0.84916437,0
1.0,0.9145609,0.86711246,0
1.0,0.9136671,0.87562287,0
1.0,0.90572524,0.8574177,0
1.0,0.8955462,0.8487189,0
1.0,0.89619887,0.8579047,0
1.0,0.88769954,0.8007838,0
1.0,0.88670707,0.7741874,0
1.0,0.8838812,0.78378046,0
1.0,0.87741226,0.80801356,0
1.0,0.872796,0.8083664,0
1.0,0.88897675,0.8013181,0
1.0,0.8916831,0.82156646,0
1.0,0.8957078,0.86796623,0
1.0,0.89321756,0.87588614,0
1.0,0.89984375,0.9224168,0
1.0,0.88798463,0.93919075,0
1.0,0.883989,0.9385575,0
1.0,0.8597326,0.9020707,0
1.0,0.87843233,0.96649086,0
1.0,0.8649543,0.98532933,0
1.0,0.8720536,0.97100353,0
1.0,0.85800576,0.8709953,0
1.0,0.88797855,0.9188983,0
1.0,0.8750068,0.8897356,0
1.0,0.8832403,0.85999686,0
1.0,0.8834749,0.84294945,0
1.0,0.90330124,0.87874246,0
1.0,0.9012571,0.86416876,0
1.0,0.90969425,0.8804711,0
1.0,0.90282893,0.87069285,0
1.0,0.90946406,0.88935447,0
1.0,0.90778214,0.91454554,0
1.0,0.91256255,0.92012733,0
1.0,0.9046549,0.9079028,0
1.0,0.8965232,0.91300046,0
1.0,0.8973976,0.90408444,0
1.0,0.8944922,0.9060128,0
1.0,0.88647515,0.94664145,0
1.0,0.8765543,0.9531393,0
1.0,0.89074796,0.9570875,0
1.0,0.89271957,0.9175092,0
1.0,0.90688044,0.90598047,0
1.0,0.90220517,0.89483184,0
1.0,0.91394204,0.91498053,0
1.0,0.91195005,0.8861128,0
1.0,0.91720915,0.9130595,0
1.0,0.9120636,0.8694167,0
1.0,0.90540606,0.81722265,0
1.0,0.9037,0.8209715,0
1.0,0.89727265,0.8115689,0
1.0,0.8892385,0.8089129,0
1.0,0.8842618,0.7843671,0
1.0,0.88019603,0.80851287,0
1.0,0.90028024,0.91839325,0
1.0,0.90657294,0.95433056,0
1.0,0.90829074,0.98750246,0
1.0,0.9092573,1.0284543,0
1.0,0.9182015,1.0748079,0
1.0,0.91217214,1.0852851,0
1.0,0.9019387,1.0677762,0
1.0,0.9033819,1.0728326,0
1.0,0.9132421,1.1293204,0
1.0,0.90892667,1.137635,0
1.0,0.89689624,1.1062238,0
1.0,0.8977358,1.1344125,0
1.0,0.8937524,1.1299012,0
1.0,0.8834059,1.1063466,0
1.0,0.8518145,1.0535012,0
1.0,0.85381,1.0553249,0
1.0,0.8569569,1.0811117,0
1.0,0.82603586,1.0297284,0
1.0,0.8238461,1.0392833,0
1.0,0.8279968,1.1006222,0
1.0,0.8467561,1.1949682,0
1.0,0.8321325,1.1950693,0
1.0,0.83294296,1.2162769,0
1.0,0.8340228,1.2336276,0
1.0,0.8237177,1.1942773,0
1.0,0.8006099,1.1714538,0
1.0,0.7910184,1.2057317,0
1.0,0.79910403,1.2568188,0
1.0,0.79447687,1.2652172,0
1.0,0.8064153,1.2604411,0
1.0,0.80841416,1.2345546,0
1.0,0.8263656,1.2353978,0
1.0,0.83050245,1.2050552,0
1.0,0.85348,1.2584764,0
1.0,0.85308444,1.2739747,0
1.0,0.87362957,1.3642844,0
1.0,0.87865436,1.375493,0
1.0,0.8918011,1.393965,0
1.0,0.88591725,1.4032522,0
1.0,0.9036588,1.4562058,0
1.0,0.9005212,1.4429588,0
1.0,0.91088307,1.4765408,0
1.0,0.8980355,1.485996,0
1.0,0.9119003,1.5370831,0
1.0,0.9073952,1.5325114,0
1.0,0.91215503,1.5801599,0
1.0,0.89408654,1.5708134,0
1.0,0.90823233,1.6060014,0
1.0,0.9043263,1.5417578,0
1.0,0.91104853,1.5399721,0
1.0,0.89281553,1.5002728,0
1.0,0.9042549,1.5039666,0
1.0,0.9014688,1.4816718,0
1.0,0.9043678,1.476875,0
1.0,0.8873082,1.426812,0
1.0,0.8949512,1.4713271,0
1.0,0.8891033,1.4896727,0
1.0,0.8785122,1.4783263,0
1.0,0.8573383,1.4412594,0
1.0,0.85690665,1.4602497,0
1.0,0.8422287,1.4510753,0
1.0,0.83708996,1.4618803,0
1.0,0.8203996,1.4605223,0
1.0,0.82388777,1.5292207,0
1.0,0.825618,1.5479329,0
1.0,0.8269557,1.5695722,0
1.0,0.8157636,1.5546367,0
1.0,0.8181222,1.5014172,0
1.0,0.8255249,1.5045347,0
1.0,0.8273718,1.5328317,0
1.0,0.82499444,1.5358647,0
1.0,0.83414894,1.5374469,0
1.0,0.8372261,1.5222073,0
1.0,0.83794945,1.5321645,0
1.0,0.83651453,1.4956164,0
1.0,0.8448615,1.5195199,0
1.0,0.8538036,1.6017348,0
1.0,0.84963864,1.596777,0
1.0,0.85465264,1.6326056,0
1.0,0.8615936,1.6601917,0
1.0,0.86666787,1.6878831,0
1.0,0.8713906,1.7360066,0
1.0,0.87525094,1.7632824,0
1.0,0.8800758,1.8307257,0
1.0,0.8876297,1.8807536,0
1.0,0.886325,1.9018615,0
1.0,0.8932862,1.9605453,0
1.0,0.8916511,1.9319378,0
1.0,0.8899422,1.9299487,0
1.0,0.88525826,1.931129,0
1.0,0.8936217,1.9114878,0
1.0,0.8944826,1.8780634,0
1.0,0.8879942,1.8322477,0
1.0,0.8869092,1.827963,0
1.0,0.8919193,1.8468018,0
1.0,0.8865823,1.7972909,0
1.0,0.8782474,1.7620928,0
1.0,0.87441707,1.7437681,0
1.0,0.8779851,1.7315497,0
1.0,0.8698255,1.7488809,0
1.0,0.85388213,1.7504758,0
1.0,0.8517434,1.7492754,0
1.0,0.85191476,1.7540834,0
1.0,0.84411687,1.7632389,0
1.0,0.8337938,1.7766516,0
1.0,0.83019745,1.7552215,0
1.0,0.8354491,1.7591939,0
1.0,0.82271975,1.7204921,0
1.0,0.8056146,1.6280024,0
1.0,0.80586326,1.6162834,0
1.0,0.8048468,1.5828245,0
1.0,0.796665,1.5455644,0
1.0,0.78822756,1.5269288,0
1.0,0.7860694,1.5097638,0
1.0,0.78058726,1.5078356,0
1.0,0.77954423,1.4677141,0
1.0,0.7749527,1.4277824,0
1.0,0.7802232,1.425143,0
1.0,0.77577585,1.3781568,0
1.0,0.7754704,1.4201277,0
1.0,0.78097177,1.4628043,0
1.0,0.7835654,1.450176,0
1.0,0.7935852,1.4753098,0
1.0,0.7996526,1.4921154,0
1.0,0.8001714,1.5235114,0
1.0,0.81376886,1.5657244,0
1.0,0.82164776,1.5629356,0
1.0,0.8260472,1.5793352,0
1.0,0.8215089,1.5692164,0
1.0,0.82432586,1.5550628,0
1.0,0.8214653,1.541926,0
1.0,0.822282,1.515528,0
1.0,0.8201022,1.4627247,0
1.0,0.8213323,1.4462595,0
1.0,0.8153888,1.4183089,0
1.0,0.8157646,1.4059852,0
1.0,0.8136855,1.3889723,0
1.0,0.8162964,1.4033676,0
1.0,0.81377226,1.4118941,0
1.0,0.8013814,1.3710325,0
1.0,0.8040808,1.3795886,0
1.0,0.79925096,1.3544663,0
1.0,0.8014587,1.3592727,0
1.0,0.79473054,1.3829787,0
1.0,0.7917688,1.3925862,0
1.0,0.791097,1.3932413,0
1.0,0.78974307,1.3594701,0
1.0,0.7814616,1.3175265,0
1.0,0.78329545,1.30148,0
1.0,0.7742404,1.2508264,0
1.0,0.77067465,1.2395167,0
1.0,0.7576061,1.1611531,0
1.0,0.7639191,1.1332004,0
1.0,0.76509,1.138954,0
1.0,0.7646276,1.1298577,0
1.0,0.7554725,1.112874,0
1.0,0.7610264,1.091687,0
1.0,0.76299095,1.0670122,0
1.0,0.76654845,1.0773139,0
1.0,0.75814533,1.0451685,0
1.0,0.7576786,1.0254784,0
1.0,0.7608815,1.0432053,0
1.0,0.76237965,1.0509121,0
1.0,0.75685567,1.0258113,0
1.0,0.7595886,1.0327566,0
1.0,0.76889706,1.0350816,0
1.0,0.78024215,1.0273693,0
1.0,0.780804,0.9995395,0
1.0,0.79301035,0.99162143,0
1.0,0.80307204,0.9800577,0
1.0,0.80565363,0.95578116,0
1.0,0.8001946,0.939344,0
1.0,0.8048694,0.9244676,0
1.0,0.7848355,0.85170937,0
1.0,0.7987973,0.8443262,0
1.0,0.80400586,0.80764776,0
1.0,0.81882435,0.79451305,0
1.0,0.80602187,0.7683144,0
1.0,0.82201946,0.7984221,0
1.0,0.84844786,0.848884,0
1.0,0.8703764,0.9143116,0
1.0,0.8590491,0.892247,0
1.0,0.87736154,0.90173864,0
1.0,0.8951583,0.9153065,0
1.0,0.90112627,0.8914987,0
1.0,0.8819914,0.8384782,0
1.0,0.8965258,0.8548932,0
1.0,0.9073987,0.8415517,0
1.0,0.91552335,0.8364092,0
1.0,0.8921514,0.79521596,0
1.0,0.8931502,0.7671784,0
1.0,0.904832,0.7507653,0
1.0,0.9141608,0.75807756,0
1.0,0.8978589,0.71200514,0
1.0,0.896622,0.671959,0
1.0,0.9094784,0.695961,0
1.0,0.9210896,0.7177641,0
1.0,0.9234131,0.7423196,0
1.0,0.9275031,0.7618462,0
1.0,0.93434143,0.7783403,0
1.0,0.94361305,0.82387996,0
1.0,0.93492603,0.81672835,0
1.0,0.9237249,0.8035368,0
1.0,0.9173798,0.7831297,0
1.0,0.9234021,0.7828422,0
1.0,0.91440165,0.7995368,0
1.0,0.89700973,0.78216034,0
1.0,0.88186467,0.7553555,0
1.0,0.8982065,0.79074216,0
1.0,0.88693386,0.7429788,0
1.0,0.8577987,0.69435203,0
1.0,0.8426019,0.6516124,0
1.0,0.8666433,0.64469707,0
1.0,0.87173885,0.6558093,0
1.0,0.859221,0.6401992,0
1.0,0.82519287,0.594576,0
1.0,0.8510593,0.645805,0
1.0,0.8400565,0.6193818,0
1.0,0.84768265,0.64297223,0
1.0,0.82009465,0.62258685,0
1.0,0.84896624,0.6828639,0
1.0,0.81861466,0.64657617,0
1.0,0.79805434,0.6385617,0
1.0,0.7594288,0.6055483,0
1.0,0.7660697,0.63515395,0
1.0,0.7409795,0.6049123,0
1.0,0.7758911,0.6669543,0
1.0,0.7582117,0.6343502,0
1.0,0.76612157,0.6318315,0
1.0,0.74914783,0.5826669,0
1.0,0.78852415,0.63901174,0
1.0,0.7839842,0.62400275,0
1.0,0.77954847,0.5972105,0
1.0,0.7745365,0.586875,0
1.0,0.7958274,0.61179924,0
1.0,0.795701,0.61000884,0
1.0,0.7747159,0.5808018,0
1.0,0.7642761,0.5621176,0
1.0,0.774982,0.5805847,0
1.0,0.7824943,0.6129892,0
1.0,0.7520267,0.58813465,0
1.0,0.7564536,0.6005456,0
1.0,0.7545485,0.5990763,0
1.0,0.7507157,0.6008159,0
1.0,0.73306423,0.5849098,0
1.0,0.7369345,0.5899488,0
1.0,0.74050635,0.59433246,0
1.0,0.7475412,0.6043049,0
1.0,0.7406221,0.58360356,0
1.0,0.7364578,0.57821906,0
1.0,0.7394422,0.56664056,0
1.0,0.72827554,0.5248462,0
1.0,0.7273188,0.5069728,0
1.0,0.711623,0.47059286,0
1.0,0.7145732,0.4639448,0
1.0,0.6852398,0.41968364,0
1.0,0.69207674,0.41091642,0
1.0,0.65578127,0.35280824,0
1.0,0.6722142,0.37492192,0
1.0,0.6359364,0.3421391,0
1.0,0.6566168,0.3714596,0
1.0,0.6277788,0.34236932,0
1.0,0.6459634,0.36029318,0
1.0,0.61919594,0.3376527,0
1.0,0.637134,0.36752665,0
1.0,0.6138431,0.3349266,0
1.0,0.61901134,0.3410368,0
1.0,0.5979788,0.30948386,0
1.0,0.6124836,0.31789044,0
1.0,0.5967651,0.3032718,0
1.0,0.6151366,0.3219903,0
1.0,0.60035926,0.28160515,0
1.0,0.62047136,0.27423993,0
1.0,0.6074254,0.26009732,0
1.0,0.6334491,0.2818331,0
1.0,0.651304,0.298928,0
1.0,0.64497036,0.28933862,0
1.0,0.62920773,0.27379096,0
1.0,0.661973,0.32404733,0
1.0,0.7032759,0.4096402,0
1.0,0.707667,0.43991116,0
1.0,0.7038872,0.44318536,0
1.0,0.7474711,0.5099213,0
1.0,0.78785545,0.57534796,0
1.0,0.79608643,0.60325825,0
1.0,0.77409977,0.58049667,0
1.0,0.8104855,0.6372738,0
1.0,0.8222389,0.6646566,0
1.0,0.8212538,0.679157,0
1.0,0.79832125,0.65871507,0
1.0,0.8230787,0.68353945,0
1.0,0.8343028,0.68996257,0
1.0,0.82258934,0.6955415,0
1.0,0.8030985,0.66765904,0
1.0,0.8060874,0.6939291,0
1.0,0.82856506,0.7388272,0
1.0,0.8097929,0.68641454,0
1.0,0.8051653,0.71072656,0
1.0,0.8032989,0.72876596,0
1.0,0.8172714,0.76697856,0
1.0,0.81494397,0.81403196,0
1.0,0.8146385,0.8197675,0
1.0,0.8102409,0.8182395,0
1.0,0.81578857,0.86695004,0
1.0,0.8019806,0.8607019,0
1.0,0.806445,0.8779037,0
1.0,0.7867828,0.83428675,0
1.0,0.78883123,0.8293232,0
1.0,0.76862913,0.8118906,0
1.0,0.7802058,0.8337728,0
1.0,0.75981194,0.78228897,0
1.0,0.78240484,0.782827,0
1.0,0.75987524,0.70896024,0
1.0,0.7855197,0.7393141,0
1.0,0.7679916,0.7328678,0
1.0,0.7897701,0.7899833,0
1.0,0.79201514,0.8134272,0
1.0,0.8246457,0.87283933,0
1.0,0.8156248,0.88209826,0
1.0,0.8290776,0.93810993,0
1.0,0.8368508,0.9434433,0
1.0,0.8637945,0.97922814,0
1.0,0.8572543,0.978285,0
1.0,0.858131,1.0109556,0
1.0,0.8556907,1.0054303,0
1.0,0.88610244,1.0597968,0
1.0,0.8778193,1.0157194,0
1.0,0.8789884,1.0074294,0
1.0,0.8808919,1.0340831,0
1.0,0.8953858,1.0158238,0
1.0,0.901796,0.98840606,0
1.0,0.90131694,0.984478,0
1.0,0.89985687,0.94691724,0
1.0,0.9135704,0.9807093,0
1.0,0.9163422,0.9870636,0
1.0,0.90911365,0.93868136,0
1.0,0.9086496,0.91833067,0
1.0,0.9259019,0.9347775,0
1.0,0.9251344,0.9418033,0
1.0,0.9174224,0.93673843,0
1.0,0.9085722,0.90305215,0
1.0,0.91328496,0.90842277,0
1.0,0.9110238,0.91803926,0
1.0,0.8946112,0.9294735,0
1.0,0.8858109,0.9422165,0
1.0,0.89155966,0.9512918,0
1.0,0.89857584,0.9371664,0
1.0,0.8896311,0.89933556,0
1.0,0.879256,0.83807385,0
1.0,0.88060457,0.8280587,0
1.0,0.89488935,0.8347606,0
1.0,0.878566,0.754436,0
1.0,0.8633626,0.7300326,0
1.0,0.8751342,0.7805666,0
1.0,0.8671918,0.7711601,0
1.0,0.8508237,0.71823895,0
1.0,0.84006816,0.692326,0
1.0,0.8524387,0.7429916,0
1.0,0.8501754,0.7935678,0
1.0,0.8462383,0.8158511,0
1.0,0.8457966,0.8071232,0
1.0,0.843435,0.83099306,0
1.0,0.85246426,0.86883247,0
1.0,0.8468434,0.8498328,0
1.0,0.8551279,0.86562663,0
1.0,0.861101,0.8577212,0
1.0,0.8616338,0.8520015,0
1.0,0.85573906,0.85778296,0
1.0,0.8566813,0.88974947,0
1.0,0.85535556,0.89737093,0
1.0,0.8416021,0.8524469,0
1.0,0.8419369,0.8508636,0
1.0,0.8513641,0.8766614,0
1.0,0.8440381,0.86484927,0
1.0,0.83676463,0.82475436,0
1.0,0.84092176,0.7882926,0
1.0,0.8564015,0.8395189,0
1.0,0.8509454,0.84617615,0
1.0,0.8462585,0.8407654,0
1.0,0.85038763,0.8521541,0
1.0,0.8544801,0.86313593,0
1.0,0.8681248,0.8868667,0
1.0,0.85319805,0.843716,0
1.0,0.8623532,0.8694179,0
1.0,0.86316663,0.8759556,0
1.0,0.8651728,0.86942476,0
1.0,0.85630333,0.85866046,0
1.0,0.86442244,0.8763248,0
1.0,0.84584385,0.83493793,0
1.0,0.85346806,0.80405927,0
1.0,0.8591223,0.755879,0
1.0,0.8722193,0.74695647,0
1.0,0.86908084,0.72908455,0
1.0,0.87605786,0.73420787,0
1.0,0.8873043,0.74007666,0
1.0,0.8836008,0.73432976,0
1.0,0.8667517,0.714929,0
1.0,0.8717502,0.7186848,0
1.0,0.87631595,0.7174062,0
1.0,0.87764335,0.7119265,0
1.0,0.85420847,0.6619372,0
1.0,0.85345256,0.6597645,0
1.0,0.8596873,0.69057655,0
1.0,0.8524542,0.6951612,0
1.0,0.83901095,0.65742993,0
1.0,0.8305189,0.62668765,0
1.0,0.86428255,0.67967045,0
1.0,0.872062,0.6864296,0
1.0,0.866489,0.63650906,0
1.0,0.8715654,0.6262218,0
1.0,0.8853956,0.6335296,0
1.0,0.89848113,0.6457757,0
1.0,0.8904316,0.6331641,0
1.0,0.88269794,0.6177267,0
1.0,0.8877237,0.6183362,0
1.0,0.88694614,0.6165493,0
1.0,0.8511059,0.5862814,0
1.0,0.8348324,0.55430317,0
1.0,0.8532006,0.57158273,0
1.0,0.87941015,0.60556376,0
1.0,0.84715164,0.55439466,0
1.0,0.85286564,0.59203124,0
1.0,0.8591184,0.60509276,0
1.0,0.89927113,0.6542448,0
1.0,0.8635648,0.60432637,0
1.0,0.86852086,0.6037947,0
1.0,0.86428654,0.59643626,0
1.0,0.9072155,0.6647351,0
1.0,0.8659282,0.5817966,0
1.0,0.8597364,0.5534941,0
1.0,0.82814664,0.50189555,0
1.0,0.8821519,0.56435525,0
1.0,0.8324225,0.469096,0
1.0,0.8404324,0.45872563,0
1.0,0.80594003,0.39569744,0
1.0,0.8616336,0.46438766,0
1.0,0.8228676,0.428482,0
1.0,0.85551906,0.48674786,0
1.0,0.82078874,0.45190638,0
1.0,0.86095816,0.494763,0
1.0,0.87754494,0.5222219,0
1.0,0.8924731,0.5517565,0
1.0,0.8459695,0.48084652,0
1.0,0.86071736,0.5021862,0
1.0,0.8744498,0.518433,0
1.0,0.88228697,0.5207772,0
1.0,0.8361853,0.45765245,0
1.0,0.8205335,0.42805976,0
1.0,0.84785,0.424617,0
1.0,0.8630432,0.42414677,0
1.0,0.8112022,0.3616746,0
1.0,0.79776716,0.35113502,0
1.0,0.836821,0.37553293,0
1.0,0.8470742,0.35640168,0
1.0,0.81166685,0.32486895,0
1.0,0.77905464,0.29857907,0
1.0,0.7890646,0.30410442,0
1.0,0.7860021,0.30056402,0
1.0,0.7349174,0.24880365,0
1.0,0.73059493,0.24875486,0
1.0,0.7739088,0.32441962,0
1.0,0.7710636,0.35300168,0
1.0,0.71784437,0.3152789,0
1.0,0.7694029,0.373591,0
1.0,0.7750604,0.38953733,0
1.0,0.80342007,0.43811715,0
1.0,0.7386843,0.37405592,0
1.0,0.8036055,0.43277672,0
1.0,0.8089084,0.4260689,0
1.0,0.82036406,0.43351138,0
1.0,0.7621761,0.36269513,0
1.0,0.8256414,0.43693343,0
1.0,0.83462757,0.43561026,0
1.0,0.8596831,0.45057398,0
1.0,0.81662476,0.40444288,0
1.0,0.8682656,0.48403925,0
1.0,0.87734354,0.52554935,0
1.0,0.9026921,0.58668894,0
1.0,0.8738767,0.55352545,0
1.0,0.9073422,0.59844315,0
1.0,0.9273902,0.64136183,0
1.0,0.9303853,0.66234136,0
1.0,0.90406835,0.62169874,0
1.0,0.9091784,0.62579733,0
1.0,0.91500854,0.65361226,0
1.0,0.92342657,0.6848006,0
1.0,0.88581747,0.61616904,0
1.0,0.8955215,0.62797725,0
1.0,0.899945,0.6365526,0
1.0,0.9025091,0.62997323,0
1.0,0.8620428,0.5784215,0
1.0,0.85977465,0.56788516,0
1.0,0.85987735,0.5302545,0
1.0,0.8742217,0.52271634,0
1.0,0.82401836,0.4377119,0
1.0,0.8273776,0.45232105,0
1.0,0.82284963,0.45524955,0
1.0,0.83000374,0.46027637,0
1.0,0.7733797,0.39486182,0
1.0,0.78052586,0.4145913,0
1.0,0.78566134,0.43418005,0
1.0,0.7829583,0.43841752,0
1.0,0.6956613,0.3437488,0
1.0,0.7146728,0.37664354,0
1.0,0.6672259,0.3302374,0
1.0,0.6848636,0.35329756,0
1.0,0.6226362,0.28816772,0
1.0,0.6666997,0.32586417,0
1.0,0.63777924,0.27076504,0
1.0,0.6492001,0.26666862,0
1.0,0.639516,0.25518292,0
1.0,0.6802873,0.29554868,0
1.0,0.6648987,0.27209437,0
1.0,0.660806,0.2613926,0
1.0,0.6492746,0.2422151,0
1.0,0.6781899,0.26791033,0
1.0,0.6690859,0.27005178,0
1.0,0.701949,0.33474886,0
1.0,0.7334099,0.3915794,0
1.0,0.7610443,0.4238694,0
1.0,0.77446663,0.4539711,0
1.0,0.8052462,0.51371104,0
1.0,0.80645704,0.51159585,0
1.0,0.82317805,0.54704165,0
1.0,0.81335324,0.5437054,0
1.0,0.829847,0.57900524,0
1.0,0.8356991,0.61497223,0
1.0,0.83425593,0.60531247,0
1.0,0.82916945,0.58855224,0
1.0,0.85213417,0.630618,0
1.0,0.86016494,0.62873197,0
1.0,0.85134095,0.6056905,0
1.0,0.8532196,0.60689914,0
1.0,0.8626165,0.6141571,0
1.0,0.8648281,0.63330823,0
1.0,0.8417267,0.62273586,0
1.0,0.8390891,0.6423079,0
1.0,0.86211,0.68388444,0
1.0,0.86984175,0.68217343,0
1.0,0.87337273,0.68827164,0
1.0,0.8681921,0.73421764,0
1.0,0.8746105,0.7892115,0
1.0,0.87484485,0.8265698,0
1.0,0.88333803,0.87083256,0
1.0,0.8818158,0.8887972,0
1.0,0.8771145,0.8934169,0
1.0,0.8795555,0.9028156,0
1.0,0.87812734,0.9118681,0
1.0,0.87670004,0.89251685,0
1.0,0.8689378,0.8366114,0
1.0,0.8722768,0.83740664,0
1.0,0.88537693,0.85766625,0
1.0,0.89052635,0.85602957,0
1.0,0.8833188,0.83708745,0
1.0,0.8798842,0.82382506,0
1.0,0.89100754,0.8460929,0
1.0,0.89412755,0.8542732,0
1.0,0.8827198,0.82712835,0
1.0,0.8830386,0.8236831,0
1.0,0.8989582,0.8719001,0
1.0,0.9019945,0.9034904,0
1.0,0.8832939,0.8750956,0
1.0,0.8889215,0.9141288,0
1.0,0.8934742,0.9496718,0
1.0,0.8982994,0.97135794,0
1.0,0.8693725,0.9464581,0
1.0,0.859992,0.9238521,0
1.0,0.85458136,0.9086225,0
1.0,0.8501495,0.8937175,0
1.0,0.81242776,0.8311994,0
1.0,0.80060965,0.83902144,0
1.0,0.79459083,0.8195123,0
1.0,0.7944146,0.778672,0
1.0,0.77275336,0.7309656,0
1.0,0.77186805,0.7086079,0
1.0,0.7705387,0.6977131,0
1.0,0.786399,0.72386885,0
1.0,0.75157917,0.67408824,0
1.0,0.76851755,0.71130574,0
1.0,0.76098675,0.6999907,0
1.0,0.77151436,0.7422318,0
1.0,0.7440143,0.7110808,0
1.0,0.7408395,0.71754575,0
1.0,0.72053176,0.72285354,0
1.0,0.7333416,0.76432985,0
1.0,0.7101414,0.7384634,0
1.0,0.7124537,0.7602184,0
1.0,0.69879895,0.73212874,0
1.0,0.729428,0.77183235,0
1.0,0.731339,0.7686367,0
1.0,0.75879914,0.8061094,0
1.0,0.7600858,0.78921473,0
1.0,0.7804185,0.80619705,0
1.0,0.783821,0.81851065,0
1.0,0.8020931,0.83843076,0
1.0,0.8020767,0.8198272,0
1.0,0.80569446,0.8264455,0
1.0,0.8016696,0.79734373,0
1.0,0.8146305,0.82407093,0
1.0,0.80919427,0.85045075,0
1.0,0.79910195,0.8343086,0
1.0,0.8065695,0.86532444,0
1.0,0.81797105,0.9045814,0
1.0,0.8264813,0.93564236,0
1.0,0.8217445,0.9496684,0
1.0,0.82548815,0.948458,0
1.0,0.83907735,0.972241,0
1.0,0.83665,0.9768616,0
1.0,0.8225805,0.95940524,0
1.0,0.8214088,0.95576036,0
1.0,0.8383514,0.9743714,0
1.0,0.85204804,0.9752637,0
1.0,0.847678,0.93060577,0
1.0,0.8474205,0.92543226,0
1.0,0.8611169,0.9565165,0
1.0,0.8628896,0.93410033,0
1.0,0.86481565,0.921887,0
1.0,0.8651188,0.90984464,0
1.0,0.8661628,0.90946674,0
1.0,0.86172855,0.9114606,0
1.0,0.8672982,0.9481682,0
1.0,0.86316645,0.96559644,0
1.0,0.8525729,0.95239776,0
1.0,0.8474247,0.9576143,0
1.0,0.86021405,0.98268676,0
1.0,0.8615017,0.97014874,0
1.0,0.85458523,0.96424073,0
1.0,0.8445703,0.93717253,0
1.0,0.8545498,0.92850995,0
1.0,0.86705035,0.9376955,0
1.0,0.8712753,0.9091414,0
1.0,0.8781811,0.8490006,0
1.0,0.89643526,0.8687425,0
1.0,0.91035014,0.8763431,0
1.0,0.91049343,0.8460266,0
1.0,0.9127947,0.84605926,0
1.0,0.9172758,0.82653743,0
1.0,0.92097217,0.81716824,0
1.0,0.91617507,0.79986346,0
1.0,0.9159528,0.7816837,0
1.0,0.89979064,0.73502445,0
1.0,0.88871276,0.71035695,0
1.0,0.88507414,0.72391033,0
1.0,0.89301777,0.75130415,0
1.0,0.87163526,0.717855,0
1.0,0.8758447,0.7038661,0
1.0,0.89147913,0.6855434,0
1.0,0.91427684,0.708755,0
1.0,0.8975805,0.670754,0
1.0,0.8947969,0.6469022,0
1.0,0.9007762,0.6416398,0
1.0,0.92092246,0.647429,0
1.0,0.88386405,0.5527109,0
1.0,0.88145757,0.5154702,0
1.0,0.89236265,0.5197687,0
1.0,0.92134625,0.52881753,0
1.0,0.8687507,0.43967143,0
1.0,0.84866554,0.42464906,0
1.0,0.8420251,0.4037194,0
1.0,0.8701538,0.4269028,0
1.0,0.7932137,0.3486972,0
1.0,0.7451521,0.30060917,0
1.0,0.7724254,0.32916465,0
1.0,0.7853219,0.35511753,0
1.0,0.74941987,0.31086922,0
1.0,0.7128969,0.26045513,0
1.0,0.7610634,0.29640245,0
1.0,0.75814986,0.28639337,0
1.0,0.75329983,0.2824025,0
1.0,0.6860538,0.21597731,0
1.0,0.7463518,0.26076797,0
1.0,0.7226342,0.22678998,0
1.0,0.75398135,0.23420541,0
1.0,0.68302935,0.1795522,0
1.0,0.78217,0.24263048,0
1.0,0.7610195,0.21941257,0
1.0,0.86356694,0.3257565,0
1.0,0.8143328,0.27543905,0
1.0,0.8427192,0.31652564,0
1.0,0.81144583,0.29660177,0
1.0,0.87408787,0.34734055,0
1.0,0.81435823,0.28746602,0
1.0,0.85981816,0.32800224,0
1.0,0.82547563,0.31441015,0
1.0,0.88548917,0.39515656,0
1.0,0.8445271,0.3566698,0
1.0,0.845036,0.36321747,0
1.0,0.84157187,0.3648428,0
1.0,0.8958597,0.43006375,0
1.0,0.8707789,0.3747222,0
1.0,0.8929498,0.37946153,0
1.0,0.9016254,0.38505232,0
1.0,0.92636096,0.4139902,0
1.0,0.90769476,0.40850472,0
1.0,0.9127609,0.4413364,0
1.0,0.9274017,0.44755727,0
1.0,0.9269119,0.43411314,0
1.0,0.91108054,0.43449086,0
1.0,0.90107477,0.42222464,0
1.0,0.909326,0.4298252,0
1.0,0.87507296,0.41256994,0
1.0,0.8517511,0.41106522,0
1.0,0.8802923,0.48290697,0
1.0,0.90923613,0.5444574,0
1.0,0.88235843,0.5239289,0
1.0,0.90417045,0.5457207,0
1.0,0.9118877,0.5445703,0
1.0,0.9280829,0.5706438,0
1.0,0.9057579,0.51926607,0
1.0,0.9240443,0.54394215,0
1.0,0.9387951,0.55058014,0
1.0,0.9466869,0.5418576,0
1.0,0.92729557,0.5278753,0
1.0,0.9334172,0.5370778,0
1.0,0.921829,0.51575077,0
1.0,0.9235931,0.5081651,0
1.0,0.9045587,0.50779784,0
1.0,0.9196284,0.541898,0
1.0,0.91030985,0.51971966,0
1.0,0.8956638,0.53178406,0
1.0,0.8998003,0.55610096,0
1.0,0.9140369,0.5796439,0
1.0,0.91551816,0.5993724,0
1.0,0.90749335,0.6080664,0
1.0,0.9215583,0.6351395,0
1.0,0.92266184,0.62854695,0
1.0,0.9053098,0.588976,0
1.0,0.87470114,0.5439583,0
1.0,0.8939025,0.5676171,0
1.0,0.89692885,0.5488713,0
1.0,0.89784104,0.5451827,0
1.0,0.88409585,0.51862967,0
1.0,0.89142436,0.4948973,0
1.0,0.8898127,0.46880412,0
1.0,0.8870888,0.4457566,0
1.0,0.8679887,0.41920403,0
1.0,0.87608814,0.4175437,0
1.0,0.87669694,0.41224667,0
1.0,0.8999078,0.44913587,0
1.0,0.87663645,0.41105634,0
1.0,0.8529114,0.38170138,0
1.0,0.8428407,0.39092246,0
1.0,0.86211646,0.4404768,0
1.0,0.850271,0.43107358,0
1.0,0.8390857,0.4208694,0
1.0,0.8230227,0.40760854,0
1.0,0.84636295,0.44178915,0
1.0,0.82354975,0.40537,0
1.0,0.8084188,0.34959474,0
1.0,0.82215863,0.34768987,0
1.0,0.86910045,0.40012044,0
1.0,0.85805565,0.35562158,0
1.0,0.84704375,0.33567572,0
1.0,0.84715056,0.3450491,0
1.0,0.85766894,0.3495975,0
1.0,0.8566044,0.34372222,0
1.0,0.84817255,0.3435757,0
1.0,0.8604793,0.37536585,0
1.0,0.87301517,0.393192,0
1.0,0.8721481,0.3988218,0
1.0,0.8619838,0.42788026,0
1.0,0.8692548,0.50729084,0
1.0,0.87581676,0.5372808,0
1.0,0.8995886,0.57863045,0
1.0,0.9058444,0.6052162,0
1.0,0.9143335,0.6233059,0
1.0,0.91212255,0.6195015,0
1.0,0.9246325,0.6404823,0
1.0,0.9216024,0.636402,0
1.0,0.9251098,0.64643764,0
1.0,0.9179091,0.64421433,0
1.0,0.92821157,0.67115057,0
1.0,0.92463094,0.6734041,0
1.0,0.91509646,0.6561981,0
1.0,0.89141613,0.60873723,0
1.0,0.9105271,0.63840246,0
1.0,0.91406703,0.6656296,0
1.0,0.89784145,0.666589,0
1.0,0.87609756,0.6485505,0
1.0,0.8838819,0.67736524,0
1.0,0.8923801,0.7238494,0
1.0,0.8734829,0.72124714,0
1.0,0.8546409,0.6892834,0
1.0,0.8706835,0.7265674,0
1.0,0.8858443,0.7579154,0
1.0,0.8708835,0.7355025,0
1.0,0.84981817,0.7284802,0
1.0,0.8528588,0.72773147,0
1.0,0.8597043,0.7206719,0
1.0,0.8301703,0.66060007,0
1.0,0.82012427,0.6272603,0
1.0,0.8263778,0.62752914,0
1.0,0.85837597,0.64675736,0
1.0,0.84340906,0.5578211,0
1.0,0.8343384,0.53501457,0
1.0,0.84318364,0.5727673,0
1.0,0.8729928,0.6164026,0
1.0,0.86536735,0.6060765,0
1.0,0.8725975,0.6232356,0
1.0,0.88153774,0.6417577,0
1.0,0.89312524,0.6863434,0
1.0,0.87932545,0.70048654,0
1.0,0.8735466,0.68762916,0
1.0,0.8886832,0.6980004,0
1.0,0.9017598,0.7303848,0
1.0,0.8898755,0.7111721,0
1.0,0.8875072,0.68897045,0
1.0,0.9093512,0.7227584,0
1.0,0.9133542,0.69920444,0
1.0,0.90293217,0.64900446,0
1.0,0.8979455,0.6471587,0
1.0,0.9082091,0.64486957,0
1.0,0.8999569,0.5990972,0
1.0,0.8982706,0.5751822,0
1.0,0.8841718,0.55477786,0
1.0,0.89361596,0.55426896,0
1.0,0.8659849,0.503748,0
1.0,0.86308795,0.4990571,0
1.0,0.83925676,0.44874638,0
1.0,0.8735687,0.50231165,0
1.0,0.84941006,0.4857331,0
1.0,0.8335132,0.4582721,0
1.0,0.81566864,0.45086598,0
1.0,0.8550958,0.5180354,0
1.0,0.8294818,0.48031572,0
1.0,0.8193334,0.46825156,0
1.0,0.8208396,0.46144557,0
1.0,0.84342015,0.46258017,0
1.0,0.8253849,0.42958063,0
1.0,0.7935585,0.3886301,0
1.0,0.7807354,0.3581054,0
1.0,0.76910996,0.32385457,0
1.0,0.7763924,0.30706987,0
1.0,0.75960684,0.26084256,0
1.0,0.78099036,0.27997547,0
1.0,0.7859338,0.2876228,0
1.0,0.83119076,0.32781902,0
1.0,0.8193754,0.30573025,0
1.0,0.85167205,0.34661442,0
1.0,0.8374656,0.34015703,0
1.0,0.8837915,0.39704767,0
1.0,0.85852855,0.37182426,0
1.0,0.87936515,0.37013972,0
1.0,0.80785704,0.29035398,0
1.0,0.8373965,0.34200072,0
1.0,0.8253841,0.33362058,0
1.0,0.8375417,0.3421544,0
1.0,0.7604314,0.26044777,0
1.0,0.8039422,0.30068123,0
1.0,0.80427206,0.28966546,0
1.0,0.81629324,0.2892763,0
1.0,0.7732357,0.23382999,0
1.0,0.7997068,0.23785605,0
1.0,0.8130036,0.24791278,0
1.0,0.82700175,0.2663185,0
1.0,0.80215156,0.22757645,0
1.0,0.7859877,0.20963794,0
1.0,0.7958415,0.22559592,0
1.0,0.7730625,0.22151172,0
1.0,0.7699858,0.2445996,0
1.0,0.7538084,0.22719933,0
1.0,0.7443758,0.22448507,0
1.0,0.7287946,0.23736759,0
1.0,0.7293675,0.24708566,0
1.0,0.7141614,0.25006068,0
1.0,0.71518195,0.24925862,0
1.0,0.76025367,0.28316182,0
1.0,0.7439639,0.29760557,0
1.0,0.73638403,0.3006024,0
1.0,0.72115767,0.28588516,0
1.0,0.7765443,0.33675003,0
1.0,0.75834215,0.30397952,0
1.0,0.7594938,0.3036602,0
1.0,0.72814226,0.2908997,0
1.0,0.7868182,0.36763385,0
1.0,0.71915996,0.3000952,0
1.0,0.7457006,0.3250379,0
1.0,0.7263052,0.3450431,0
1.0,0.8196994,0.48886374,0
1.0,0.7805647,0.47649026,0
1.0,0.81838346,0.5604547,0
1.0,0.8079574,0.56828886,0
1.0,0.86883473,0.71172726,0
1.0,0.82685685,0.7069643,0
1.0,0.8447327,0.7623724,0
1.0,0.8506291,0.7914256,0
1.0,0.8823975,0.8420941,0
1.0,0.85242265,0.8225634,0
1.0,0.86356455,0.91436493,0
1.0,0.87440777,0.96311307,0
1.0,0.88244236,0.96119285,0
1.0,0.88437253,0.9370314,0
1.0,0.89294505,0.97054976,0
1.0,0.9033768,1.0023489,0
1.0,0.91025096,1.0108118,0
1.0,0.90767354,1.0204738,0
1.0,0.90820724,1.0189371,0
1.0,0.9191605,1.0890503,0
1.0,0.9176852,1.1730663,0
1.0,0.91336566,1.1541867,0
1.0,0.91129875,1.1492956,0
1.0,0.9161062,1.2020116,0
1.0,0.9032517,1.2219304,0
1.0,0.8942106,1.273881,0
1.0,0.897944,1.319075,0
1.0,0.9035731,1.3194792,0
1.0,0.8945902,1.3107291,0
1.0,0.8929358,1.3419888,0
1.0,0.8900279,1.3395445,0
1.0,0.90152556,1.3406518,0
1.0,0.8902612,1.2829738,0
1.0,0.8983928,1.2763011,0
1.0,0.88894284,1.2876835,0
1.0,0.89367515,1.309833,0
1.0,0.88010806,1.2395504,0
1.0,0.8859837,1.2274433,0
1.0,0.8791912,1.2364233,0
1.0,0.8862355,1.3230017,0
1.0,0.8736273,1.3768563,0
1.0,0.88124055,1.4302564,0
1.0,0.8862968,1.4097927,0
1.0,0.8871373,1.4181103,0
1.0,0.8835636,1.4809208,0
1.0,0.8957645,1.5540595,0
1.0,0.9014972,1.5844941,0
1.0,0.8990644,1.5722256,0
1.0,0.8959102,1.5768309,0
1.0,0.89894164,1.6334283,0
1.0,0.8933033,1.6127317,0
1.0,0.89895517,1.5950563,0
1.0,0.8974168,1.5386258,0
1.0,0.9049537,1.5397643,0
1.0,0.90483105,1.5614369,0
1.0,0.9043708,1.5671256,0
1.0,0.9001625,1.5476638,0
1.0,0.9044811,1.5362465,0
1.0,0.90720546,1.5408554,0
1.0,0.90447086,1.586054,0
1.0,0.9035768,1.6289153,0
1.0,0.9029017,1.6011403,0
1.0,0.90726286,1.620553,0
1.0,0.90192354,1.6632429,0
1.0,0.9010845,1.6978905,0
1.0,0.90440154,1.7524177,0
1.0,0.91077703,1.7263694,0
1.0,0.9038416,1.6892763,0
1.0,0.89922845,1.7204787,0
1.0,0.89186114,1.7147392,0
1.0,0.8929636,1.7166264,0
1.0,0.8920661,1.6274459,0
1.0,0.8924651,1.5343322,0
1.0,0.89279974,1.5239183,0
1.0,0.90198934,1.5484366,0
1.0,0.8989571,1.5319046,0
1.0,0.90569043,1.5056711,0
1.0,0.90253085,1.4830751,0
1.0,0.9107883,1.5066905,0
1.0,0.89923096,1.4756395,0
1.0,0.9001821,1.4693278,0
1.0,0.89640987,1.4126261,0
1.0,0.8984814,1.431825,0
1.0,0.8941139,1.4878414,0
1.0,0.89095634,1.4749098,0
1.0,0.8964845,1.4868013,0
1.0,0.89633083,1.4767576,0
1.0,0.8977113,1.4455042,0
1.0,0.8888389,1.412811,0
1.0,0.8844813,1.3826532,0
1.0,0.8697605,1.3201786,0
1.0,0.8706371,1.266862,0
1.0,0.8579885,1.1768101,0
1.0,0.8623671,1.1885923,0
1.0,0.84985304,1.1485995,0
1.0,0.8490237,1.0805205,0
1.0,0.8378691,1.0194752,0
1.0,0.8322661,0.95350504,0
1.0,0.81136864,0.9027479,0
1.0,0.80283,0.9154407,0
1.0,0.77499974,0.850664,0
1.0,0.7833175,0.86671275,0
1.0,0.79884064,0.87002313,0
1.0,0.7913729,0.8514097,0
1.0,0.81437796,0.9134978,0
1.0,0.82764626,0.9226484,0
1.0,0.84148234,0.9321797,0
1.0,0.8434394,0.9234786,0
1.0,0.84483284,0.92121196,0
1.0,0.8561126,0.9224191,0
1.0,0.86048657,0.90145683,0
1.0,0.8377116,0.8631587,0
1.0,0.8500723,0.85710394,0
1.0,0.853028,0.8508709,0
1.0,0.86331904,0.85884243,0
1.0,0.8369661,0.7387954,0
1.0,0.8516187,0.77492636,0
1.0,0.8592027,0.79850304,0
1.0,0.86161315,0.7978088,0
1.0,0.85820097,0.81663734,0
1.0,0.8697042,0.82078207,0
1.0,0.88589716,0.83251786,0
1.0,0.8947505,0.86648333,0
1.0,0.8818804,0.8927169,0
1.0,0.8893903,0.9259202,0
1.0,0.89668995,0.9343967,0
1.0,0.88977253,0.9354073,0
1.0,0.8881719,0.93003005,0
1.0,0.8809557,0.9096798,0
1.0,0.89421266,0.9483431,0
1.0,0.89430654,0.95438135,0
1.0,0.877082,0.88051283,0
1.0,0.8786068,0.84655476,0
1.0,0.88250285,0.81225693,0
1.0,0.8835267,0.79257524,0
1.0,0.87433356,0.7922392,0
1.0,0.8683342,0.781706,0
1.0,0.8684709,0.7532288,0
1.0,0.87568784,0.7794288,0
1.0,0.8820986,0.80312693,0
1.0,0.8774546,0.7815203,0
1.0,0.8895068,0.8105956,0
1.0,0.8943301,0.82950133,0
1.0,0.8901077,0.8373015,0
1.0,0.87211454,0.83030057,0
1.0,0.87170976,0.82442796,0
1.0,0.8715711,0.8350253,0
1.0,0.8785134,0.87295043,0
1.0,0.8538573,0.80589736,0
1.0,0.853287,0.8058988,0
1.0,0.8476218,0.785176,0
1.0,0.8564619,0.76719385,0
1.0,0.81768066,0.6982473,0
1.0,0.81678545,0.69171906,0
1.0,0.7969642,0.6691557,0
1.0,0.827701,0.6745934,0
1.0,0.77494663,0.57457286,0
1.0,0.80299324,0.6604165,0
1.0,0.7851985,0.61784685,0
1.0,0.82881296,0.6853198,0
1.0,0.8055789,0.68767726,0
1.0,0.83140403,0.7606335,0
1.0,0.81526697,0.77412903,0
1.0,0.8276936,0.8261032,0
1.0,0.80992824,0.8108027,0
1.0,0.81548214,0.85343045,0
1.0,0.81116676,0.88789177,0
1.0,0.81452596,0.8835538,0
1.0,0.8277666,0.8971143,0
1.0,0.8412207,0.95167303,0
1.0,0.83615375,0.9168971,0
1.0,0.8454256,0.90977675,0
1.0,0.86112165,0.949159,0
1.0,0.8683507,0.96568584,0
1.0,0.869848,0.96091086,0
1.0,0.866385,0.93309283,0
1.0,0.8710975,0.9293388,0
1.0,0.8687417,0.933205,0
1.0,0.8707024,0.958811,0
1.0,0.8637816,0.9578376,0
1.0,0.87442887,0.9939703,0
1.0,0.87159085,1.0130368,0
1.0,0.8790397,1.0352525,0
1.0,0.8735125,1.0403199,0
1.0,0.8823974,1.0976776,0
1.0,0.87342113,1.1144719,0
1.0,0.87236667,1.1055952,0
1.0,0.8575412,1.0824906,0
1.0,0.8662041,1.1076252,0
1.0,0.85969543,1.0538919,0
1.0,0.8542078,1.0433992,0
1.0,0.8477856,1.0282087,0
1.0,0.84229577,0.98722327,0
1.0,0.8258285,0.9319684,0
1.0,0.8208666,0.8832296,0
1.0,0.8015816,0.82572216,0
1.0,0.7831558,0.7939578,0
1.0,0.7721352,0.7539426,0
1.0,0.76392525,0.72563374,0
1.0,0.7661147,0.75811297,0
1.0,0.75485855,0.734378,0
1.0,0.7596273,0.7277658,0
1.0,0.7554242,0.75014377,0
1.0,0.75841236,0.77540284,0
1.0,0.7484276,0.76122135,0
1.0,0.74759394,0.74429405,0
1.0,0.7431709,0.75168455,0
1.0,0.7472626,0.7683591,0
1.0,0.7270832,0.72808206,0
1.0,0.7514929,0.79789007,0
1.0,0.74415153,0.7690781,0
1.0,0.76028407,0.7809708,0
1.0,0.75678724,0.7726326,0
1.0,0.76038754,0.7372764,0
1.0,0.7724026,0.7407539,0
1.0,0.7865987,0.7506293,0
1.0,0.79754853,0.7454884,0
1.0,0.81373376,0.76735824,0
1.0,0.81155044,0.7570572,0
1.0,0.8447897,0.8305237,0
1.0,0.8523811,0.86040336,0
1.0,0.85556966,0.86745924,0
1.0,0.85793525,0.8869906,0
1.0,0.8731231,0.9311609,0
1.0,0.8768815,0.93351245,0
1.0,0.85879666,0.89681053,0
1.0,0.85647446,0.9115913,0
1.0,0.8736831,0.9573899,0
1.0,0.8817905,0.9735412,0
1.0,0.8685182,0.9455022,0
1.0,0.86475235,0.91186666,0
1.0,0.8807321,0.90855515,0
1.0,0.8866008,0.91992563,0
1.0,0.87331563,0.8778242,0
1.0,0.87292856,0.8518829,0
1.0,0.8852064,0.8697808,0
1.0,0.89038485,0.86758864,0
1.0,0.8855823,0.8663332,0
1.0,0.86952126,0.8326982,0
1.0,0.8808236,0.86330736,0
1.0,0.88317794,0.89736485,0
1.0,0.8619922,0.83983624,0
1.0,0.8499102,0.8231789,0
1.0,0.8409711,0.83666676,0
1.0,0.8391425,0.84309983,0
1.0,0.8261741,0.8483815,0
1.0,0.8089684,0.8635719,0
1.0,0.80578655,0.8873568,0
1.0,0.8159853,0.9049242,0
1.0,0.82497895,0.90779024,0
1.0,0.8212107,0.8928225,0
1.0,0.81649727,0.85903627,0
1.0,0.82596785,0.8708463,0
1.0,0.8295874,0.890966,0
1.0,0.8269486,0.88091207,0
1.0,0.8156436,0.8491258,0
1.0,0.8168984,0.8431473,0
1.0,0.80926025,0.8345717,0
1.0,0.8064165,0.8328421,0
1.0,0.81057584,0.83394706,0
1.0,0.81058633,0.8530258,0
1.0,0.8178467,0.8880414,0
1.0,0.8209997,0.9201786,0
1.0,0.8289095,0.9533019,0
1.0,0.82144487,0.94077504,0
1.0,0.8362737,0.9911399,0
1.0,0.83417016,0.9963839,0
1.0,0.83112586,0.97265846,0
1.0,0.8279911,0.98193395,0
1.0,0.8384692,1.0133792,0
1.0,0.84122264,1.0050366,0
1.0,0.8389183,1.0034556,0
1.0,0.82975525,0.9679583,0
1.0,0.8371859,0.96302456,0
1.0,0.8258464,0.93583894,0
1.0,0.8244011,0.8957158,0
1.0,0.803424,0.8537483,0
1.0,0.82905734,0.9265888,0
1.0,0.8077237,0.8614652,0
1.0,0.8181276,0.86043066,0
1.0,0.7990397,0.8404721,0
1.0,0.83301824,0.9297039,0
1.0,0.81565297,0.92208076,0
1.0,0.81604236,0.9513214,0
1.0,0.79534334,0.9301057,0
1.0,0.81023806,0.95903355,0
1.0,0.7873448,0.9387325,0
1.0,0.778684,0.95251364,0
1.0,0.7554566,0.9388252,0
1.0,0.772985,0.99371195,0
1.0,0.7589848,0.9402857,0
1.0,0.7638025,0.95376295,0
1.0,0.7500537,0.92733824,0
1.0,0.7688659,0.9429486,0
1.0,0.7581752,0.93945193,0
1.0,0.76812065,0.97484785,0
1.0,0.7552072,0.96853155,0
1.0,0.77543074,1.0268117,0
1.0,0.7588819,1.0093601,0
1.0,0.7635314,1.0574368,0
1.0,0.7564828,1.065674,0
1.0,0.76178753,1.1074922,0
1.0,0.75840753,1.1597391,0
1.0,0.75491816,1.1762183,0
1.0,0.7583065,1.2063833,0
1.0,0.7601763,1.2607145,0
1.0,0.76151466,1.2822971,0
1.0,0.76062584,1.2946957,0
1.0,0.76660883,1.3354096,0
1.0,0.76768833,1.3267188,0
1.0,0.77238125,1.332638,0
1.0,0.77733934,1.3448483,0
1.0,0.7935779,1.3623319,0
1.0,0.7875276,1.3267399,0
1.0,0.80562365,1.3802924,0
1.0,0.80526674,1.373416,0
1.0,0.8179041,1.3777407,0
1.0,0.8170548,1.3759859,0
1.0,0.82237804,1.3801156,0
1.0,0.81495404,1.3513578,0
1.0,0.8225394,1.377604,0
1.0,0.8146814,1.3647656,0
1.0,0.8202534,1.3969728,0
1.0,0.8127196,1.3886147,0
1.0,0.81868505,1.390306,0
1.0,0.8118152,1.3730927,0
1.0,0.8155882,1.3636769,0
1.0,0.8104897,1.3554273,0
1.0,0.81380355,1.3814652,0
1.0,0.8036656,1.3383191,0
1.0,0.8114909,1.3260088,0
1.0,0.8081941,1.2769392,0
1.0,0.8165714,1.2517824,0
1.0,0.8090623,1.1939504,0
1.0,0.83152723,1.1776199,0
1.0,0.817996,1.1074535,0
1.0,0.8232071,1.0973274,0
1.0,0.8160395,1.0395541,0
1.0,0.8230458,1.0484515,0
1.0,0.8015584,1.000323,0
1.0,0.80147815,0.9614326,0
1.0,0.7959887,0.9480543,0
1.0,0.8065604,0.98263174,0
1.0,0.7881173,0.97482336,0
1.0,0.7919977,1.0108808,0
1.0,0.7890154,1.0139446,0
1.0,0.801662,1.0142295,0
1.0,0.79353595,0.97253186,0
1.0,0.802852,0.98529136,0
1.0,0.8133006,1.0018144,0
1.0,0.82492393,1.0076659,0
1.0,0.8191178,0.98373014,0
1.0,0.8204753,0.95867354,0
1.0,0.8227126,0.9278892,0
1.0,0.8210591,0.9043696,0
1.0,0.7986491,0.8439208,0
1.0,0.78972906,0.81186616,0
1.0,0.7940801,0.8102079,0
1.0,0.7693413,0.7634839,0
1.0,0.7614226,0.7524599,0
1.0,0.7590256,0.75670713,0
1.0,0.7906385,0.81782037,0
1.0,0.79526114,0.83311975,0
1.0,0.7943753,0.8594207,0
1.0,0.81452125,0.9182762,0
1.0,0.8233736,0.9274322,0
1.0,0.83184505,0.948556,0
1.0,0.82655585,0.95043457,0
1.0,0.83663154,0.97067785,0
1.0,0.84549284,0.998135,0
1.0,0.84696376,0.9766439,0
1.0,0.83552873,0.9349728,0
1.0,0.83895093,0.93212605,0
1.0,0.8329452,0.8870548,0
1.0,0.831086,0.86250305,0
1.0,0.82078886,0.80798435,0
1.0,0.824182,0.7715337,0
1.0,0.8251032,0.753808,0
1.0,0.8209127,0.7573088,0
1.0,0.822622,0.76978385,0
1.0,0.82079464,0.7690052,0
1.0,0.84335464,0.8126057,0
1.0,0.84729445,0.8229078,0
1.0,0.8621365,0.8481176,0
1.0,0.8548239,0.83783674,0
1.0,0.8660732,0.8522079,0
1.0,0.85831934,0.83725154,0
1.0,0.85352296,0.8237847,0
1.0,0.81865907,0.7668158,0
1.0,0.8428148,0.81416786,0
1.0,0.81656116,0.7435353,0
1.0,0.81617904,0.70086646,0
1.0,0.78424746,0.59469116,0
1.0,0.8380174,0.63954026,0
1.0,0.8285095,0.61663544,0
1.0,0.8449257,0.60631716,0
1.0,0.80226636,0.51847535,0
1.0,0.8625896,0.62137586,0
1.0,0.8500626,0.589572,0
1.0,0.84186345,0.5551567,0
1.0,0.81688684,0.51820654,0
1.0,0.87157685,0.57165635,0
1.0,0.8497732,0.5429821,0
1.0,0.84067196,0.5609479,0
1.0,0.82701904,0.5584926,0
1.0,0.88071716,0.64096904,0
1.0,0.8619448,0.5990331,0
1.0,0.8653762,0.5901931,0
1.0,0.8571197,0.5816692,0
1.0,0.8970835,0.6311649,0
1.0,0.89678526,0.5843692,0
1.0,0.8977276,0.5731714,0
1.0,0.9020851,0.5864416,0
1.0,0.9221559,0.5728904,0
1.0,0.9058321,0.5221766,0
1.0,0.8787658,0.46047533,0
1.0,0.8815465,0.43977377,0
1.0,0.89035237,0.45541027,0
1.0,0.86295176,0.42185384,0
1.0,0.8096965,0.36171407,0
1.0,0.8448563,0.39571872,0
1.0,0.8733085,0.4100954,0
1.0,0.8497716,0.38944218,0
1.0,0.80573285,0.35744318,0
1.0,0.82274663,0.37584114,0
1.0,0.8222462,0.3859749,0
1.0,0.80931085,0.37410033,0
1.0,0.75656706,0.32362208,0
1.0,0.8130453,0.4021238,0
1.0,0.81649566,0.38779432,0
1.0,0.8042449,0.37392637,0
1.0,0.7379133,0.3050375,0
1.0,0.775216,0.32063878,0
1.0,0.7761465,0.3149839,0
1.0,0.779468,0.3022889,0
1.0,0.73949474,0.23982503,0
1.0,0.77688926,0.24476841,0
1.0,0.7757003,0.23273331,0
1.0,0.77369905,0.23197818,0
1.0,0.76370186,0.22134858,0
1.0,0.80228275,0.2489481,0
1.0,0.81230766,0.26642704,0
1.0,0.8347335,0.30035388,0
1.0,0.82950366,0.31663635,0
1.0,0.88337123,0.35361493,0
1.0,0.85072345,0.3230214,0
1.0,0.8652175,0.34430194,0
1.0,0.8415792,0.3225155,0
1.0,0.8928045,0.38047796,0
1.0,0.8803951,0.35262018,0
1.0,0.906898,0.36459845,0
1.0,0.88576376,0.32894737,0
1.0,0.9158118,0.34741247,0
1.0,0.90456086,0.34249216,0
1.0,0.9262267,0.3531536,0
1.0,0.8937899,0.29794753,0
1.0,0.9031273,0.31072918,0
1.0,0.8807298,0.27787676,0
1.0,0.88730735,0.26810712,0
1.0,0.84056276,0.22033145,0
1.0,0.8596999,0.20532191,0
1.0,0.8238797,0.18032451,0
1.0,0.86651206,0.22177476,0
1.0,0.8472643,0.20616058,0
1.0,0.8637651,0.23064026,0
1.0,0.8389587,0.21966459,0
1.0,0.86684316,0.24641581,0
1.0,0.8424492,0.22346409,0
1.0,0.8046015,0.19141558,0
1.0,0.8067979,0.1926978,0
1.0,0.8360225,0.20911352,0
1.0,0.8294936,0.20882317,0
1.0,0.81695396,0.1990188,0
1.0,0.8237068,0.18820566,0
1.0,0.8126522,0.17287055,0
1.0,0.8102704,0.14551675,0
1.0,0.7779229,0.120718,0
1.0,0.79756147,0.13631453,0
1.0,0.7889465,0.12577318,0
1.0,0.81689966,0.14485192,0
1.0,0.8079127,0.14676484,0
1.0,0.8180156,0.15538275,0
1.0,0.79162323,0.14048968,0
1.0,0.81483674,0.16933443,0
1.0,0.8002061,0.17018399,0
1.0,0.8180043,0.18550727,0
1.0,0.815509,0.20296435,0
1.0,0.81821936,0.20787561,0
1.0,0.8124468,0.19944163,0
1.0,0.8272071,0.21278948,0
1.0,0.8272316,0.2088221,0
1.0,0.8472584,0.22560647,0
1.0,0.860693,0.23595765,0
1.0,0.8560603,0.21907708,0
1.0,0.84421116,0.19756359,0
1.0,0.8434336,0.19566259,0
1.0,0.8314906,0.18380842,0
1.0,0.80671275,0.15596418,0
1.0,0.78902066,0.13850467,0
1.0,0.8036641,0.15306869,0
1.0,0.8181673,0.16450897,0
1.0,0.8035965,0.1588814,0
1.0,0.78293407,0.16585784,0
1.0,0.7932434,0.17663527,0
1.0,0.8169556,0.19737718,0
1.0,0.79993,0.18705837,0
1.0,0.8029485,0.18441464,0
1.0,0.79996306,0.18611525,0
1.0,0.8045626,0.18754068,0
1.0,0.8031528,0.18447848,0
1.0,0.7846789,0.17700452,0
1.0,0.79745674,0.18237194,0
1.0,0.7790375,0.16016889,0
1.0,0.7642908,0.14651936,0
1.0,0.73729503,0.135492,0
1.0,0.7233783,0.11900563,0
1.0,0.6696515,0.0819873,0
1.0,0.66274303,0.08954275,0
1.0,0.6746019,0.087908015,0
1.0,0.6970262,0.09685468,0
1.0,0.6778642,0.10003661,0
1.0,0.68319094,0.112769045,0
1.0,0.72709584,0.14868388,0
1.0,0.72398144,0.1492924,0
1.0,0.70806795,0.1435307,0
1.0,0.71328896,0.16370353,0
1.0,0.7270635,0.1824514,0
1.0,0.7129386,0.1764445,0
1.0,0.6843638,0.17105776,0
1.0,0.7004787,0.18998432,0
1.0,0.70013136,0.18918836,0
1.0,0.72024304,0.19593951,0
1.0,0.7218674,0.20063864,0
1.0,0.73922706,0.22460282,0
1.0,0.7373021,0.21299207,0
1.0,0.7394849,0.21501349,0
1.0,0.74567163,0.23106387,0
1.0,0.7937681,0.27496272,0
1.0,0.789149,0.287578,0
1.0,0.8023322,0.33832544,0
1.0,0.8003272,0.3578763,0
1.0,0.8295891,0.40324026,0
1.0,0.80069387,0.3662048,0
1.0,0.80658007,0.38414747,0
1.0,0.8015823,0.4063326,0
1.0,0.822198,0.44776934,0
1.0,0.8049596,0.44063014,0
1.0,0.8315798,0.5124161,0
1.0,0.85635805,0.57672465,0
1.0,0.86055493,0.56848145,0
1.0,0.86198235,0.57481736,0
1.0,0.8891318,0.62608075,0
1.0,0.8988823,0.63036877,0
1.0,0.89795685,0.63206196,0
1.0,0.8858602,0.61435837,0
1.0,0.8969892,0.63640845,0
1.0,0.89269596,0.63881284,0
1.0,0.87255657,0.61582863,0
1.0,0.8519212,0.6000019,0
1.0,0.877147,0.6670085,0
1.0,0.8889311,0.71274555,0
1.0,0.8626766,0.6706216,0
1.0,0.85177505,0.6714343,0
1.0,0.87325597,0.78345305,0
1.0,0.88581485,0.86290383,0
1.0,0.8716905,0.8580508,0
1.0,0.88245153,0.8914702,0
1.0,0.8927114,0.92198086,0
1.0,0.9063519,0.95122963,0
1.0,0.8883681,0.9418361,0
1.0,0.8879349,0.96318424,0
1.0,0.8952803,0.95694804,0
1.0,0.8849139,0.9247941,0
1.0,0.8748782,0.90110034,0
1.0,0.8682109,0.91359174,0
1.0,0.8636467,0.9371476,0
1.0,0.86983466,0.9454888,0
1.0,0.8584357,0.9526004,0
1.0,0.86694837,0.9927668,0
1.0,0.8609796,0.966245,0
1.0,0.8676485,0.9958526,0
1.0,0.8637711,1.0138885,0
1.0,0.87380505,1.0599567,0
1.0,0.8610173,1.0638,0
1.0,0.8533667,1.0554945,0
1.0,0.8508868,1.0633588,0
1.0,0.85751605,1.0960886,0
1.0,0.83787477,1.0654955,0
1.0,0.837657,1.0803732,0
1.0,0.82086384,1.0429623,0
1.0,0.8161981,1.031407,0
1.0,0.78672737,0.95474184,0
1.0,0.7765746,0.8911107,0
1.0,0.7748402,0.8961734,0
1.0,0.782305,0.9242209,0
1.0,0.75997853,0.8315691,0
1.0,0.7690089,0.8293261,0
1.0,0.78349763,0.8502555,0
1.0,0.79747474,0.86156404,0
1.0,0.7811434,0.8365187,0
1.0,0.7882579,0.85564166,0
1.0,0.79240674,0.8629349,0
1.0,0.7954911,0.86636645,0
1.0,0.7656181,0.8126891,0
1.0,0.7839501,0.8595765,0
1.0,0.78549665,0.87462974,0
1.0,0.79276127,0.8747899,0
1.0,0.7678234,0.82472235,0
1.0,0.79132897,0.8717053,0
1.0,0.7923449,0.8355907,0
1.0,0.80834424,0.82656515,0
1.0,0.8079122,0.80979913,0
1.0,0.82084626,0.8079969,0
1.0,0.834923,0.81396854,0
1.0,0.8376397,0.7854618,0
1.0,0.8325949,0.74775636,0
1.0,0.8269698,0.73495924,0
1.0,0.8255764,0.7093924,0
1.0,0.81030154,0.66449,0
1.0,0.8048071,0.70782566,0
1.0,0.8208643,0.7789427,0
1.0,0.8216763,0.7704505,0
1.0,0.83796334,0.8019068,0
1.0,0.83642656,0.8072486,0
1.0,0.8662228,0.860438,0
1.0,0.86437875,0.85885024,0
1.0,0.8791107,0.8858846,0
1.0,0.8837988,0.90916735,0
1.0,0.8902563,0.9174842,0
1.0,0.89579654,0.9207547,0
1.0,0.8943808,0.91353047,0
1.0,0.8967248,0.8956772,0
1.0,0.9096891,0.900958,0
1.0,0.92283887,0.8962377,0
1.0,0.9273737,0.8659261,0
1.0,0.9181825,0.8353947,0
1.0,0.9275622,0.82870686,0
1.0,0.93251526,0.83099747,0
1.0,0.93502325,0.8387097,0
1.0,0.9214095,0.7970197,0
1.0,0.9364519,0.8213019,0
1.0,0.9431557,0.8418841,0
1.0,0.94988894,0.8701561,0
1.0,0.93861216,0.8753658,0
1.0,0.9409876,0.88881147,0
1.0,0.93776596,0.90672,0
1.0,0.9395813,0.94575274,0
1.0,0.93159616,0.9340229,0
1.0,0.9323914,0.9281464,0
1.0,0.9326712,0.9371397,0
1.0,0.9279385,0.9250734,0
1.0,0.9176185,0.8427745,0
1.0,0.9198372,0.77848685,0
1.0,0.9133977,0.7524464,0
1.0,0.9210652,0.75699663,0
1.0,0.9045828,0.7243432,0
1.0,0.90048623,0.71632695,0
1.0,0.87917805,0.6745167,0
1.0,0.88532233,0.66177994,0
1.0,0.8617124,0.6008171,0
1.0,0.86601615,0.59410584,0
1.0,0.8259652,0.52925014,0
1.0,0.8297886,0.54752743,0
1.0,0.8218099,0.5707673,0
1.0,0.82759285,0.58317506,0
1.0,0.7870377,0.53191113,0
1.0,0.81128645,0.57473826,0
1.0,0.80843955,0.56123817,0
1.0,0.82449603,0.5898484,0
1.0,0.81304824,0.56732666,0
1.0,0.83382034,0.58385015,0
1.0,0.82427835,0.5543603,0
1.0,0.8251668,0.5301825,0
1.0,0.79923236,0.49126655,0
1.0,0.8083347,0.48522425,0
1.0,0.78709906,0.42473435,0
1.0,0.78624797,0.4040345,0
1.0,0.7735934,0.367655,0
1.0,0.787402,0.35570467,0
1.0,0.77798647,0.35533807,0
1.0,0.80649346,0.3881969,0
1.0,0.7919407,0.36325195,0
1.0,0.81736,0.40937126,0
1.0,0.8016313,0.38435972,0
1.0,0.82914716,0.41222805,0
1.0,0.8051333,0.4041468,0
1.0,0.8234881,0.4337688,0
1.0,0.8045659,0.42766964,0
1.0,0.8491177,0.51182365,0
1.0,0.82238746,0.48053578,0
1.0,0.8320012,0.4867128,0
1.0,0.8319905,0.4770562,0
1.0,0.8712284,0.5040048,0
1.0,0.8599812,0.47743613,0
1.0,0.8761245,0.494016,0
1.0,0.87325263,0.463183,0
1.0,0.9072346,0.49939528,0
1.0,0.89429873,0.49093938,0
1.0,0.8966135,0.50365436,0
1.0,0.8952008,0.50489724,0
1.0,0.92357856,0.52611953,0
1.0,0.9213741,0.51167053,0
1.0,0.9131016,0.5246072,0
1.0,0.90518177,0.54051673,0
1.0,0.91662735,0.5767618,0
1.0,0.9225979,0.58228993,0
1.0,0.87665427,0.5129967,0
1.0,0.88750553,0.52939534,0
1.0,0.8958117,0.5364038,0
1.0,0.9198271,0.557984,0
1.0,0.90736055,0.5390606,0
1.0,0.89834803,0.5105975,0
1.0,0.9120498,0.52362496,0
1.0,0.931936,0.5470308,0
1.0,0.89546055,0.47611606,0
1.0,0.8854196,0.45527405,0
1.0,0.8920039,0.4654479,0
1.0,0.8913684,0.4631871,0
1.0,0.82073325,0.35401845,0
1.0,0.80106634,0.30483624,0
1.0,0.82559717,0.3191902,0
1.0,0.83904344,0.3358916,0
1.0,0.7932547,0.31052452,0
1.0,0.81054914,0.34380093,0
1.0,0.80372053,0.33852822,0
1.0,0.83174175,0.36544695,0
1.0,0.7752342,0.29566386,0
1.0,0.81691575,0.32826775,0
1.0,0.8331974,0.34777772,0
1.0,0.85705507,0.37544248,0
1.0,0.8366959,0.34269133,0
1.0,0.8701409,0.38807774,0
1.0,0.8706348,0.39460865,0
1.0,0.8725843,0.3986687,0
1.0,0.80873024,0.31433278,0
1.0,0.8700261,0.35274714,0
1.0,0.82436603,0.29427284,0
1.0,0.84611565,0.33204824,0
1.0,0.79427195,0.29306865,0
1.0,0.8675687,0.387401,0
1.0,0.8369031,0.3736456,0
1.0,0.8664249,0.42606795,0
1.0,0.8350843,0.38983452,0
1.0,0.9014805,0.47943148,0
1.0,0.86896396,0.4394468,0
1.0,0.87860346,0.46221977,0
1.0,0.8187526,0.41471472,0
1.0,0.8757536,0.4961539,0
1.0,0.85133445,0.4764697,0
1.0,0.85042304,0.4631757,0
1.0,0.797519,0.39411288,0
1.0,0.8626951,0.47780097,0
1.0,0.8105365,0.3934603,0
1.0,0.8229905,0.39194423,0
1.0,0.7966441,0.34508893,0
1.0,0.8371041,0.37597778,0
1.0,0.8043302,0.35883504,0
1.0,0.83355963,0.4103496,0
1.0,0.80237156,0.3796142,0
1.0,0.83944446,0.42876613,0
1.0,0.83502877,0.42365837,0
1.0,0.8625227,0.4684094,0
1.0,0.8285933,0.4356195,0
1.0,0.8338861,0.4528179,0
1.0,0.823568,0.44712672,0
1.0,0.8564191,0.5027963,0
1.0,0.83257186,0.50309443,0
1.0,0.83160716,0.5035142,0
1.0,0.8489116,0.5185583,0
1.0,0.87828326,0.5494184,0
1.0,0.8603583,0.5148494,0
1.0,0.83822775,0.48224077,0
1.0,0.87134695,0.50211537,0
1.0,0.8750009,0.48666164,0
1.0,0.86417043,0.46385765,0
1.0,0.8288958,0.40953016,0
1.0,0.8693123,0.47482684,0
1.0,0.8522312,0.44916326,0
1.0,0.84442514,0.4189923,0
1.0,0.82572526,0.40275764,0
1.0,0.8836541,0.4614666,0
1.0,0.8596298,0.45307434,0
1.0,0.8639248,0.47065753,0
1.0,0.840724,0.44096628,0
1.0,0.88129306,0.5154158,0
1.0,0.8127664,0.42742938,0
1.0,0.8522596,0.47957844,0
1.0,0.846821,0.48892474,0
1.0,0.887175,0.52627766,0
1.0,0.8207108,0.42325085,0
1.0,0.84883004,0.45853597,0
1.0,0.83765423,0.47205794,0
1.0,0.853434,0.48669282,0
1.0,0.7640561,0.35293967,0
1.0,0.7971275,0.3818234,0
1.0,0.79753965,0.37777764,0
1.0,0.80824864,0.4015993,0
1.0,0.729269,0.32568318,0
1.0,0.7776539,0.36121303,0
1.0,0.8012117,0.41591835,0
1.0,0.85712284,0.5168481,0
1.0,0.805469,0.47337672,0
1.0,0.8415052,0.55788195,0
1.0,0.8337693,0.5656216,0
1.0,0.82401115,0.5713856,0
1.0,0.7471268,0.50431573,0
1.0,0.7877881,0.593438,0
1.0,0.7851986,0.6061429,0
1.0,0.8066171,0.6492866,0
1.0,0.7670969,0.60528946,0
1.0,0.80775195,0.67630774,0
1.0,0.7953086,0.66982794,0
1.0,0.8070241,0.70147467,0
1.0,0.7678016,0.6248763,0
1.0,0.81263965,0.69176245,0
1.0,0.80535954,0.70211375,0
1.0,0.8118893,0.70693576,0
1.0,0.7826039,0.66256,0
1.0,0.81700504,0.7334822,0
1.0,0.8173724,0.74051166,0
1.0,0.8334916,0.79338944,0
1.0,0.823683,0.83136606,0
1.0,0.83479077,0.87384355,0
1.0,0.82238895,0.8249799,0
1.0,0.8032888,0.8020153,0
1.0,0.80052,0.8504753,0
1.0,0.80202895,0.89600134,0
1.0,0.82363147,0.94288635,0
1.0,0.83627987,0.9683909,0
1.0,0.8595747,1.035922,0
1.0,0.8606232,1.0495398,0
1.0,0.86427927,1.0378034,0
1.0,0.8724786,1.0353081,0
1.0,0.8927793,1.0536993,0
1.0,0.8843293,1.01577,0
1.0,0.88725865,1.0231321,0
1.0,0.8921686,1.0603046,0
1.0,0.90778184,1.1121062,0
1.0,0.90203965,1.098016,0
1.0,0.9024815,1.1137624,0
1.0,0.9014461,1.1486508,0
1.0,0.9153422,1.2374282,0
1.0,0.9041112,1.2304851,0
1.0,0.9072979,1.2448459,0
1.0,0.90356976,1.266294,0
1.0,0.9109803,1.3119463,0
1.0,0.9011295,1.3554986,0
1.0,0.90673745,1.3642426,0
1.0,0.8981574,1.3400915,0
1.0,0.9064255,1.4184508,0
1.0,0.8958558,1.4191431,0
1.0,0.8895536,1.4336481,0
1.0,0.8924128,1.4501247,0
1.0,0.89843506,1.4209199,0
1.0,0.8900044,1.4007001,0
1.0,0.88364,1.4357934,0
1.0,0.87460834,1.4571594,0
1.0,0.8867081,1.476711,0
1.0,0.8795372,1.465687,0
1.0,0.88095003,1.5070411,0
1.0,0.87465894,1.5133362,0
1.0,0.8792941,1.5247779,0
1.0,0.86731327,1.5154709,0
1.0,0.87247545,1.5888488,0
1.0,0.87455523,1.668269,0
1.0,0.8742951,1.7113972,0
1.0,0.8680027,1.7302821,0
1.0,0.8711068,1.7720207,0
1.0,0.8760802,1.7931,0
1.0,0.87797153,1.8172103,0
1.0,0.8756681,1.842561,0
1.0,0.8760306,1.8622956,0
1.0,0.88286537,1.8593123,0
1.0,0.8815014,1.7953209,0
1.0,0.87981397,1.7916259,0
1.0,0.8802088,1.8204731,0
1.0,0.87402165,1.8200407,0
1.0,0.8822333,1.8660798,0
1.0,0.8770779,1.8406861,0
1.0,0.88313174,1.9379716,0
1.0,0.8855849,2.028795,0
1.0,0.8790666,2.0127048,0
1.0,0.8807588,2.0499446,0
1.0,0.88116825,2.0575237,0
1.0,0.89022744,2.102422,0
1.0,0.88964576,2.1542573,0
1.0,0.8972566,2.1852984,0
1.0,0.8942995,2.1819215,0
1.0,0.8968487,2.194065,0
1.0,0.89311314,2.1805377,0
1.0,0.89646727,2.1973917,0
1.0,0.8901161,2.1857262,0
1.0,0.8942156,2.199165,0
1.0,0.8918076,2.162571,0
1.0,0.8917251,2.1315465,0
1.0,0.88671064,2.0859985,0
1.0,0.8909204,2.0456977,0
1.0,0.8953345,2.0603952,0
1.0,0.8980285,2.0780752,0
1.0,0.8968398,2.0903301,0
1.0,0.89860374,2.150561,0
1.0,0.8940956,2.1335585,0
1.0,0.892113,2.129488,0
1.0,0.88937366,2.1369643,0
1.0,0.89646906,2.1698287,0
1.0,0.8985539,2.2141106,0
1.0,0.8974893,2.2379856,0
1.0,0.8918783,2.2325747,0
1.0,0.8954466,2.2496724,0
1.0,0.89450884,2.2465153,0
1.0,0.8926602,2.2344878,0
1.0,0.8885055,2.1678996,0
1.0,0.8925053,2.1285644,0
1.0,0.8947646,2.1102633,0
1.0,0.895342,2.1063237,0
1.0,0.8959644,2.127505,0
1.0,0.897903,2.1110342,0
1.0,0.90265524,2.115646,0
1.0,0.90259475,2.125279,0
1.0,0.89952505,2.0841062,0
1.0,0.9001903,2.077612,0
1.0,0.89646006,2.072948,0
1.0,0.8936764,2.0484853,0
1.0,0.8875088,2.0313604,0
1.0,0.88469636,2.0561953,0
1.0,0.8856441,2.097385,0
1.0,0.8864717,2.1053796,0
1.0,0.8808225,2.0866904,0
1.0,0.8723173,2.0504584,0
1.0,0.8679415,2.0257237,0
1.0,0.876456,2.064005,0
1.0,0.86588544,1.982604,0
1.0,0.8623337,1.903326,0
1.0,0.8583767,1.8465471,0
1.0,0.8630437,1.8039687,0
1.0,0.8555303,1.7648981,0
1.0,0.8558352,1.743182,0
1.0,0.8548751,1.742206,0
1.0,0.870363,1.8285718,0
1.0,0.85474336,1.761894,0
1.0,0.86414135,1.7710359,0
1.0,0.85804576,1.768986,0
1.0,0.8704547,1.7916393,0
1.0,0.8631623,1.7636855,0
1.0,0.86944705,1.7876325,0
1.0,0.86361814,1.8018103,0
1.0,0.8736653,1.805418,0
1.0,0.86308455,1.7316941,0
1.0,0.8722982,1.758037,0
1.0,0.86490035,1.7071092,0
1.0,0.8708602,1.7025638,0
1.0,0.8602675,1.674833,0
1.0,0.8644752,1.644656,0
1.0,0.8603022,1.6088846,0
1.0,0.85260427,1.5594645,0
1.0,0.8436088,1.4916004,0
1.0,0.84682065,1.4639981,0
1.0,0.84047586,1.4156069,0
1.0,0.8419425,1.4088564,0
1.0,0.8305013,1.3758861,0
1.0,0.8356882,1.4153364,0
1.0,0.8314786,1.4063952,0
1.0,0.8205902,1.3275597,0
1.0,0.8182121,1.3207402,0
1.0,0.8146022,1.3056488,0
1.0,0.81099033,1.3072648,0
1.0,0.79953504,1.2891107,0
1.0,0.79149234,1.2424366,0
1.0,0.7831098,1.2364855,0
1.0,0.7800278,1.1926299,0
1.0,0.7733884,1.0791767,0
1.0,0.78648114,1.0692954,0
1.0,0.79866767,1.0443306,0
1.0,0.80037904,0.97715735,0
1.0,0.81623745,0.9802486,0
1.0,0.82407147,0.98068434,0
1.0,0.83267224,0.9598129,0
1.0,0.8287199,0.8942594,0
1.0,0.8228414,0.8481964,0
1.0,0.82408345,0.83908343,0
1.0,0.83362323,0.83239734,0
1.0,0.8384437,0.8360913,0
1.0,0.8216724,0.8141614,0
1.0,0.8302589,0.8237613,0
1.0,0.83685654,0.8298929,0
1.0,0.85406536,0.85676634,0
1.0,0.82805526,0.82648253,0
1.0,0.83397454,0.8260458,0
1.0,0.8440621,0.8168321,0
1.0,0.86043864,0.843398,0
1.0,0.83835065,0.78536624,0
1.0,0.8499442,0.7698242,0
1.0,0.87637836,0.75926673,0
1.0,0.90303373,0.7553108,0
1.0,0.8904821,0.71826816,0
1.0,0.8844644,0.68395686,0
1.0,0.8900481,0.6653966,0
1.0,0.90371823,0.6700338,0
1.0,0.87523305,0.61663043,0
1.0,0.87585515,0.6041373,0
1.0,0.8854482,0.5937761,0
1.0,0.9064827,0.6232701,0
1.0,0.8883881,0.6131373,0
1.0,0.8944825,0.6559654,0
1.0,0.8991363,0.67503077,0
1.0,0.9202239,0.725302,0
1.0,0.91532594,0.7167732,0
1.0,0.91735,0.68804526,0
1.0,0.9205458,0.6916403,0
1.0,0.9356435,0.7129613,0
1.0,0.9323718,0.6834618,0
1.0,0.9324312,0.6640475,0
1.0,0.93251526,0.65268624,0
1.0,0.94548696,0.64958346,0
1.0,0.94311905,0.6018219,0
1.0,0.931781,0.5590426,0
1.0,0.9105831,0.52905184,0
1.0,0.9207701,0.5300848,0
1.0,0.9137298,0.48383662,0
1.0,0.9019431,0.4650881,0
1.0,0.8810293,0.44691813,0
1.0,0.9206637,0.49823764,0
1.0,0.92130965,0.52982175,0
1.0,0.91353905,0.5546286,0
1.0,0.89882404,0.5563158,0
1.0,0.93551576,0.62286484,0
1.0,0.9377285,0.6343118,0
1.0,0.9225545,0.63390946,0
1.0,0.90211225,0.6110828,0
1.0,0.9304299,0.6388703,0
1.0,0.9314884,0.6339046,0
1.0,0.9157445,0.60231876,0
1.0,0.89492124,0.5580863,0
1.0,0.9177325,0.5842135,0
1.0,0.91511625,0.5654265,0
1.0,0.8889296,0.50379956,0
1.0,0.86639035,0.4654126,0
1.0,0.8927724,0.49585247,0
1.0,0.8931007,0.5014911,0
1.0,0.88009363,0.4971657,0
1.0,0.8701476,0.4895101,0
1.0,0.88713396,0.50954014,0
1.0,0.8813107,0.5130949,0
1.0,0.8576731,0.4964218,0
1.0,0.8397507,0.46799484,0
1.0,0.8224905,0.44622493,0
1.0,0.80561835,0.438034,0
1.0,0.7526513,0.38986695,0
1.0,0.74558616,0.3855375,0
1.0,0.70616376,0.33617574,0
1.0,0.6978399,0.33088169,0
1.0,0.66683143,0.29441187,0
1.0,0.6950485,0.3059752,0
1.0,0.6939727,0.28706884,0
1.0,0.73594195,0.31437856,0
1.0,0.6910188,0.24761903,0
1.0,0.7152865,0.25962684,0
1.0,0.6994933,0.25051618,0
1.0,0.7344945,0.2803452,0
1.0,0.7367151,0.2663921,0
1.0,0.7572388,0.29255456,0
1.0,0.77550024,0.32255003,0
1.0,0.7913047,0.3462566,0
1.0,0.7679562,0.34567356,0
1.0,0.77484924,0.3540361,0
1.0,0.8094542,0.3890063,0
1.0,0.82581764,0.42160413,0
1.0,0.8047437,0.3858312,0
1.0,0.8006079,0.38532662,0
1.0,0.8389032,0.4423864,0
1.0,0.82733256,0.40943533,0
1.0,0.8270086,0.39558524,0
1.0,0.8172631,0.37233502,0
1.0,0.8823636,0.45126414,0
1.0,0.86685896,0.42819077,0
1.0,0.87118435,0.4137662,0
1.0,0.8348319,0.36921483,0
1.0,0.8725526,0.4146564,0
1.0,0.8120943,0.3334899,0
1.0,0.81808805,0.33963436,0
1.0,0.7716423,0.3037544,0
1.0,0.84332436,0.38503414,0
1.0,0.8129397,0.35797215,0
1.0,0.8199507,0.37038058,0
1.0,0.7758553,0.33722752,0
1.0,0.8409105,0.42212522,0
1.0,0.81834894,0.39515656,0
1.0,0.82177585,0.42601678,0
1.0,0.77191055,0.36573973,0
1.0,0.8182889,0.40101415,0
1.0,0.80961937,0.3831535,0
1.0,0.84225374,0.4158575,0
1.0,0.81397283,0.36461765,0
1.0,0.8696174,0.40832257,0
1.0,0.87412155,0.39761764,0
1.0,0.88103616,0.382886,0
1.0,0.85285634,0.34587207,0
1.0,0.8567854,0.3424735,0
1.0,0.8619191,0.33454275,0
1.0,0.86259043,0.33955657,0
1.0,0.8574864,0.32538575,0
1.0,0.86875105,0.31472063,0
1.0,0.8814615,0.3381746,0
1.0,0.88512814,0.37318468,0
1.0,0.8726348,0.382437,0
1.0,0.8774656,0.3931335,0
1.0,0.8531559,0.3667978,0
1.0,0.86305463,0.388763,0
1.0,0.8426517,0.37220058,0
1.0,0.8368162,0.36557695,0
1.0,0.82194036,0.35576665,0
1.0,0.8612265,0.38935846,0
1.0,0.82757246,0.34909883,0
1.0,0.8324152,0.35611665,0
1.0,0.7926191,0.2974354,0
1.0,0.82443047,0.32097107,0
1.0,0.7763205,0.26154983,0
1.0,0.78149885,0.2578286,0
1.0,0.7181044,0.21131279,0
1.0,0.79090494,0.25581172,0
1.0,0.71996033,0.19353473,0
1.0,0.7587439,0.22661723,0
1.0,0.68528044,0.17789617,0
1.0,0.7575022,0.24110003,0
1.0,0.68835336,0.20241526,0
1.0,0.7326657,0.25055858,0
1.0,0.65257454,0.1861404,0
1.0,0.73755264,0.25458038,0
1.0,0.69056076,0.21043381,0
1.0,0.740004,0.2557757,0
1.0,0.6910114,0.20834222,0
1.0,0.7748926,0.27403897,0
1.0,0.7383806,0.23680782,0
1.0,0.7906401,0.28473526,0
1.0,0.7513256,0.24112585,0
1.0,0.8013747,0.2633791,0
1.0,0.7675316,0.22290158,0
1.0,0.80721676,0.24941187,0
1.0,0.8319688,0.27853683,0
1.0,0.86658967,0.3110937,0
1.0,0.8319598,0.27122346,0
1.0,0.8485858,0.29139492,0
1.0,0.84735876,0.2818715,0
1.0,0.86902195,0.3040493,0
1.0,0.80305684,0.23594677,0
1.0,0.8228037,0.2429375,0
1.0,0.8360849,0.26016212,0
1.0,0.8666956,0.29004335,0
1.0,0.7937026,0.23396885,0
1.0,0.81950027,0.28033334,0
1.0,0.8267784,0.2704871,0
1.0,0.8438515,0.27346945,0
1.0,0.76820207,0.21053465,0
1.0,0.7734952,0.21295007,0
1.0,0.7576209,0.19105807,0
1.0,0.766597,0.18977153,0
1.0,0.6921013,0.12143476,0
1.0,0.6935158,0.110724114,0
1.0,0.6824803,0.10418552,0
1.0,0.6939794,0.12680696,0
1.0,0.6337915,0.10333148,0
1.0,0.6850199,0.12832683,0
1.0,0.633762,0.10447534,0
1.0,0.6362899,0.11220074,0
1.0,0.5887659,0.089905456,0
1.0,0.6402781,0.11269498,0
1.0,0.6301765,0.10885246,0
1.0,0.6446676,0.11721571,0
1.0,0.60472465,0.09095545,0
1.0,0.6584774,0.12443864,0
1.0,0.6511588,0.11512521,0
1.0,0.6402108,0.10482829,0
1.0,0.60740745,0.09258399,0
1.0,0.66551536,0.112734914,0
1.0,0.6889074,0.13408384,0
1.0,0.6888636,0.12820868,0
1.0,0.6603875,0.10551338,0
1.0,0.69926465,0.12953326,0
1.0,0.71806234,0.13844442,0
1.0,0.7273308,0.1509566,0
1.0,0.70053244,0.12954548,0
1.0,0.718958,0.118301116,0
1.0,0.75536615,0.14484118,0
1.0,0.7291037,0.1390185,0
1.0,0.7047382,0.13385321,0
1.0,0.70343286,0.14402124,0
1.0,0.7639485,0.19177805,0
1.0,0.73618805,0.17839484,0
1.0,0.73867595,0.1843178,0
1.0,0.7336015,0.18863107,0
1.0,0.78058606,0.23580913,0
1.0,0.71038765,0.16249435,0
1.0,0.7179455,0.15850338,0
1.0,0.7169191,0.16139053,0
1.0,0.78251743,0.20905942,0
1.0,0.7297387,0.16189763,0
1.0,0.74023664,0.17423207,0
1.0,0.72522837,0.17167008,0
1.0,0.78388405,0.22596163,0
1.0,0.75674057,0.2049598,0
1.0,0.73303115,0.18627295,0
1.0,0.7532518,0.22042176,0
1.0,0.77899086,0.27174592,0
1.0,0.73784393,0.25595787,0
1.0,0.72788024,0.26844656,0
1.0,0.7730152,0.3250808,0
1.0,0.7914488,0.35167357,0
1.0,0.81163245,0.39510393,0
1.0,0.8115192,0.41044408,0
1.0,0.82033443,0.44110316,0
1.0,0.7941715,0.41468126,0
1.0,0.8006254,0.42048642,0
1.0,0.79627687,0.42720446,0
1.0,0.8160447,0.46184385,0
1.0,0.7914335,0.43033135,0
1.0,0.8187404,0.46390402,0
1.0,0.8124809,0.46202534,0
1.0,0.82846916,0.47498068,0
1.0,0.78788286,0.42145908,0
1.0,0.7924789,0.44500738,0
1.0,0.78694075,0.46770358,0
1.0,0.8330858,0.55952746,0
1.0,0.7986888,0.52261114,0
1.0,0.78797364,0.5192873,0
1.0,0.80344373,0.5570658,0
1.0,0.8408996,0.63093126,0
1.0,0.80835587,0.59456134,0
1.0,0.8107062,0.6081549,0
1.0,0.79476,0.5937995,0
1.0,0.8200946,0.6288391,0
1.0,0.7763556,0.5573813,0
1.0,0.769928,0.55418307,0
1.0,0.76990193,0.5539017,0
1.0,0.8224654,0.6026072,0
1.0,0.80472416,0.54653436,0
1.0,0.8112419,0.53662455,0
1.0,0.8080596,0.5136859,0
1.0,0.83609265,0.56909984,0
1.0,0.8069348,0.52430797,0
1.0,0.7993362,0.49429965,0
1.0,0.8025911,0.49723282,0
1.0,0.8276903,0.54236215,0
1.0,0.80923957,0.52315015,0
1.0,0.8100182,0.52234745,0
1.0,0.82552487,0.53258777,0
1.0,0.82898504,0.5424557,0
1.0,0.7804653,0.4983411,0
1.0,0.7736891,0.48944256,0
1.0,0.76635617,0.4687258,0
1.0,0.7718846,0.46994635,0
1.0,0.739229,0.42160302,0
1.0,0.7288537,0.40087402,0
1.0,0.744481,0.38628352,0
1.0,0.7886953,0.40073568,0
1.0,0.7547655,0.34634763,0
1.0,0.73942417,0.32319343,0
1.0,0.736014,0.3085184,0
1.0,0.7608544,0.3158768,0
1.0,0.686351,0.24514678,0
1.0,0.6996608,0.24978635,0
1.0,0.74084324,0.27742183,0
1.0,0.77536947,0.34406394,0
1.0,0.731259,0.31021607,0
1.0,0.75049186,0.32992247,0
1.0,0.7962121,0.4017767,0
1.0,0.80730563,0.430471,0
1.0,0.79393566,0.42182744,0
1.0,0.79048485,0.42673212,0
1.0,0.83146626,0.47383106,0
1.0,0.8327318,0.4567777,0
1.0,0.81723845,0.4398299,0
1.0,0.8056984,0.44368565,0
1.0,0.8491344,0.503872,0
1.0,0.8394528,0.45408458,0
1.0,0.824423,0.42792627,0
1.0,0.7977242,0.41555256,0
1.0,0.8389034,0.47672367,0
1.0,0.80249786,0.42677617,0
1.0,0.7985398,0.3997885,0
1.0,0.7590302,0.36403805,0
1.0,0.8148964,0.46670365,0
1.0,0.80815667,0.49897712,0
1.0,0.81875813,0.53209716,0
1.0,0.7846931,0.48430067,0
1.0,0.8098194,0.5408318,0
1.0,0.8224111,0.5769695,0
1.0,0.8047928,0.5757468,0
1.0,0.7879906,0.58771515,0
1.0,0.80242616,0.6232602,0
1.0,0.8262645,0.667173,0
1.0,0.78927255,0.61120725,0
1.0,0.7935771,0.62358844,0
1.0,0.8003188,0.6287658,0
1.0,0.84831613,0.6607127,0
1.0,0.8416864,0.63267446,0
1.0,0.85361934,0.65859413,0
1.0,0.8625536,0.6791759,0
1.0,0.8968351,0.72791946,0
1.0,0.89057666,0.71824193,0
1.0,0.8899394,0.7290809,0
1.0,0.89891267,0.7648985,0
1.0,0.9187547,0.8196356,0
1.0,0.916593,0.81809485,0
1.0,0.9144694,0.8114315,0
1.0,0.90951747,0.8026576,0
1.0,0.9058537,0.8300545,0
1.0,0.9072118,0.89211684,0
1.0,0.9043838,0.88899755,0
1.0,0.9046577,0.87643087,0
1.0,0.90097755,0.8820045,0
1.0,0.91419315,0.92930484,0
1.0,0.90209657,0.8971136,0
1.0,0.9146997,0.88157177,0
1.0,0.9069851,0.83347964,0
1.0,0.9232704,0.8614215,0
1.0,0.90845656,0.847809,0
1.0,0.9158209,0.8520478,0
1.0,0.8796855,0.7842632,0
1.0,0.8935908,0.7914663,0
1.0,0.87148726,0.72493374,0
1.0,0.8851379,0.7569915,0
1.0,0.8326919,0.7045485,0
1.0,0.8517478,0.7500336,0
1.0,0.83085525,0.7388309,0
1.0,0.8337859,0.7769048,0
1.0,0.7671391,0.69043535,0
1.0,0.79557973,0.7737837,0
1.0,0.77539515,0.7360705,0
1.0,0.81262785,0.7799219,0
1.0,0.7725405,0.72941315,0
1.0,0.80405104,0.7839362,0
1.0,0.77423394,0.731948,0
1.0,0.8140132,0.79187393,0
1.0,0.7599874,0.6750043,0
1.0,0.789932,0.7108132,0
1.0,0.76776206,0.68162656,0
1.0,0.7852586,0.7045392,0
1.0,0.74637127,0.62565905,0
1.0,0.7646857,0.61795557,0
1.0,0.7673074,0.6331444,0
1.0,0.80830175,0.7408844,0
1.0,0.80813485,0.7426411,0
1.0,0.8268986,0.7627665,0
1.0,0.83272684,0.7783768,0
1.0,0.8567411,0.8248132,0
1.0,0.83659285,0.803543,0
1.0,0.85387623,0.8460122,0
1.0,0.84475225,0.8334288,0
1.0,0.8721663,0.9035459,0
1.0,0.84930384,0.87500703,0
1.0,0.85395,0.88164973,0
1.0,0.8533726,0.8832274,0
1.0,0.8680391,0.90139544,0
1.0,0.8445984,0.8319565,0
1.0,0.84719545,0.819769,0
1.0,0.8415808,0.7966329,0
1.0,0.860464,0.84409153,0
1.0,0.8392638,0.81463397,0
1.0,0.8342006,0.80004585,0
1.0,0.8331398,0.82745785,0
1.0,0.8491316,0.8688812,0
1.0,0.8278048,0.83446854,0
1.0,0.8243998,0.8570237,0
1.0,0.81242114,0.87818724,0
1.0,0.8172784,0.9553214,0
1.0,0.7857012,0.94611716,0
1.0,0.78993267,1.0078132,0
1.0,0.77421236,1.0036659,0
1.0,0.8004667,1.0595479,0
1.0,0.7964557,1.0761154,0
1.0,0.7974798,1.0923786,0
1.0,0.791963,1.0730455,0
1.0,0.80733716,1.0986179,0
1.0,0.8031685,1.0967947,0
1.0,0.8147537,1.1465156,0
1.0,0.79927474,1.1410353,0
1.0,0.8054425,1.1718212,0
1.0,0.79698604,1.1947,0
1.0,0.80953914,1.2749913,0
1.0,0.80262786,1.2967331,0
1.0,0.80808884,1.3402178,0
1.0,0.8081419,1.3778019,0
1.0,0.8213921,1.446213,0
1.0,0.81718224,1.4918364,0
1.0,0.8271867,1.5569934,0
1.0,0.8257271,1.5641086,0
1.0,0.8362687,1.647538,0
1.0,0.8338467,1.6841193,0
1.0,0.83917296,1.6847674,0
1.0,0.84600234,1.7531563,0
1.0,0.8489149,1.7858732,0
1.0,0.8505627,1.7647634,0
1.0,0.85212946,1.7707906,0
1.0,0.85256755,1.7736304,0
1.0,0.8495713,1.7581803,0
1.0,0.85944945,1.7571731,0
1.0,0.8523827,1.7023795,0
1.0,0.8608166,1.7114682,0
1.0,0.84791064,1.6611689,0
1.0,0.86228627,1.7092978,0
1.0,0.85144603,1.719841,0
1.0,0.8615942,1.7799379,0
1.0,0.8495948,1.7761912,0
1.0,0.86460745,1.8731785,0
1.0,0.8548808,1.9110909,0
1.0,0.86253965,1.9566152,0
1.0,0.8530814,1.9476697,0
1.0,0.8649215,1.987005,0
1.0,0.8581084,1.9890993,0
1.0,0.86698043,2.026905,0
1.0,0.86294967,1.9591472,0
1.0,0.87279636,1.9516491,0
1.0,0.8683765,1.9357657,0
1.0,0.87079144,1.9064376,0
1.0,0.8625827,1.8669466,0
1.0,0.8749143,1.8896244,0
1.0,0.8667626,1.8764917,0
1.0,0.8750026,1.933326,0
1.0,0.86931336,1.9035192,0
1.0,0.8705262,1.9180424,0
1.0,0.86170346,1.9155961,0
1.0,0.8660146,1.9100868,0
1.0,0.86847967,1.9606569,0
1.0,0.87339586,2.0257761,0
1.0,0.8777526,2.086621,0
1.0,0.88765615,2.1482153,0
1.0,0.8872955,2.1674042,0
1.0,0.892593,2.2251947,0
1.0,0.89160657,2.2349098,0
1.0,0.9003541,2.2894876,0
1.0,0.89189595,2.262714,0
1.0,0.89706314,2.2285647,0
1.0,0.8906766,2.2081785,0
1.0,0.8955416,2.2234943,0
1.0,0.8899664,2.2040472,0
1.0,0.903883,2.2055893,0
1.0,0.9013977,2.1379766,0
1.0,0.90855044,2.1871653,0
1.0,0.9058842,2.1876783,0
1.0,0.9052072,2.2114868,0
1.0,0.90537965,2.2289455,0
1.0,0.905961,2.2309911,0
1.0,0.90647435,2.310689,0
1.0,0.9078474,2.345683,0
1.0,0.9109444,2.3674054,0
1.0,0.91229963,2.4234533,0
1.0,0.91193604,2.446476,0
1.0,0.91154325,2.4604707,0
1.0,0.9141874,2.5115528,0
1.0,0.9163513,2.527003,0
1.0,0.91873807,2.5195358,0
1.0,0.9188002,2.533708,0
1.0,0.92160976,2.5346992,0
1.0,0.9211684,2.491848,0
1.0,0.9267633,2.4665344,0
1.0,0.9254869,2.4410615,0
1.0,0.92761254,2.4494376,0
1.0,0.9328532,2.5139713,0
1.0,0.9303903,2.528062,0
1.0,0.9287141,2.5072148,0
1.0,0.92691064,2.518012,0
1.0,0.930729,2.5310206,0
1.0,0.92914826,2.55586,0
1.0,0.9357676,2.6877048,0
1.0,0.9356227,2.7388096,0
1.0,0.93949795,2.7277699,0
1.0,0.93812513,2.7222123,0
1.0,0.9437358,2.7801883,0
1.0,0.94160223,2.7938452,0
1.0,0.9465278,2.788879,0
1.0,0.94567424,2.7696714,0
1.0,0.9480013,2.7285628,0
1.0,0.9460664,2.684627,0
1.0,0.94418705,2.6423745,0
1.0,0.93982804,2.5863738,0
1.0,0.94349146,2.6149626,0
1.0,0.94145525,2.585136,0
1.0,0.9425859,2.591341,0
1.0,0.93647045,2.6233144,0
1.0,0.93951875,2.623125,0
1.0,0.9387217,2.6039085,0
1.0,0.938048,2.66043,0
1.0,0.9386602,2.7418504,0
1.0,0.93980676,2.764239,0
1.0,0.94361454,2.7893429,0
1.0,0.94272673,2.808878,0
1.0,0.9464694,2.841067,0
1.0,0.94425285,2.871928,0
1.0,0.94814056,2.8883395,0
1.0,0.948976,2.8659139,0
1.0,0.94994605,2.8592644,0
1.0,0.949148,2.8480682,0
1.0,0.95036936,2.8502421,0
1.0,0.94491845,2.8359697,0
1.0,0.94365746,2.8320878,0
1.0,0.9457704,2.8052816,0
1.0,0.9472008,2.7883973,0
1.0,0.9479555,2.8306623,0
1.0,0.9491727,2.87649,0
1.0,0.9486729,2.8976855,0
1.0,0.9503895,2.9265666,0
1.0,0.9510323,2.961103,0
1.0,0.95301276,3.0555937,0
1.0,0.95615536,3.1680865,0
1.0,0.95909834,3.2566757,0
1.0,0.9588453,3.313387,0
1.0,0.9594913,3.3572335,0
1.0,0.9607981,3.3833265,0
1.0,0.96251214,3.438897,0
1.0,0.962104,3.478458,0
1.0,0.96066684,3.4408345,0
1.0,0.96170086,3.4471538,0
1.0,0.9610405,3.4393258,0
1.0,0.95830643,3.3827505,0
1.0,0.9551497,3.3155038,0
1.0,0.9569471,3.2527492,0
1.0,0.9568658,3.2663357,0
1.0,0.9587503,3.339488,0
1.0,0.9572271,3.359623,0
1.0,0.96053946,3.3920474,0
1.0,0.96228445,3.412345,0
1.0,0.9636861,3.4154215,0
1.0,0.9623717,3.4313598,0
1.0,0.96370655,3.4721541,0
1.0,0.9652195,3.5202875,0
1.0,0.96671987,3.5808427,0
1.0,0.96556735,3.6261978,0
1.0,0.96634257,3.6541274,0
1.0,0.96669245,3.675489,0
1.0,0.9670446,3.6787934,0
1.0,0.96565866,3.6107702,0
1.0,0.96604866,3.5373316,0
1.0,0.9659656,3.5224712,0
1.0,0.9655353,3.5062046,0
1.0,0.96490157,3.4352348,0
1.0,0.96615946,3.4227772,0
1.0,0.9665472,3.4272702,0
1.0,0.9673181,3.3857417,0
1.0,0.966076,3.379005,0
1.0,0.96472865,3.3976345,0
1.0,0.96556747,3.3853438,0
1.0,0.9676435,3.3780265,0
1.0,0.9671956,3.4222376,0
1.0,0.96540767,3.4999762,0
1.0,0.96513367,3.5084577,0
1.0,0.96723294,3.5006928,0
1.0,0.9668754,3.554384,0
1.0,0.9669612,3.5909317,0
1.0,0.9655126,3.5799146,0
1.0,0.9676751,3.6012383,0
1.0,0.9669103,3.5851986,0
1.0,0.96677256,3.55868,0
1.0,0.9663784,3.5617409,0
1.0,0.9665218,3.5562587,0
1.0,0.9662764,3.5274296,0
1.0,0.9647227,3.4910884,0
1.0,0.9645076,3.4632385,0
1.0,0.9658244,3.4391096,0
1.0,0.96627384,3.4756176,0
1.0,0.9651208,3.5019886,0
1.0,0.964528,3.4735422,0
1.0,0.9672618,3.5197954,0
1.0,0.96659786,3.6033673,0
1.0,0.96725935,3.6644747,0
1.0,0.96816516,3.6975253,0
1.0,0.96865135,3.7436285,0
1.0,0.9677384,3.7772691,0
1.0,0.96753556,3.7375515,0
1.0,0.96723294,3.7087767,0
1.0,0.96781266,3.7175658,0
1.0,0.9666468,3.6650279,0
1.0,0.96524394,3.6181016,0
1.0,0.965845,3.613646,0
1.0,0.9642392,3.5919237,0
1.0,0.96382374,3.5737214,0
1.0,0.96213204,3.4816563,0
1.0,0.96298736,3.4588828,0
1.0,0.961719,3.497244,0
1.0,0.961637,3.4470234,0
1.0,0.9626386,3.4808962,0
1.0,0.96428984,3.5466542,0
1.0,0.96355826,3.4773238,0
1.0,0.9623379,3.5229912,0
1.0,0.96125203,3.580054,0
1.0,0.96272963,3.5456681,0
1.0,0.9635455,3.5276227,0
1.0,0.9624557,3.5152273,0
1.0,0.9618772,3.5684023,0
1.0,0.96182317,3.5598488,0
1.0,0.96237236,3.5104747,0
1.0,0.9620367,3.4496007,0
1.0,0.9605621,3.341596,0
1.0,0.96010166,3.3094227,0
1.0,0.95756537,3.224711,0
1.0,0.9538218,3.1230516,0
1.0,0.9533738,3.0964594,0
1.0,0.9513302,3.025796,0
1.0,0.94779825,2.987122,0
1.0,0.94390285,2.9902372,0
1.0,0.9420894,2.977169,0
1.0,0.9442013,2.9717593,0
1.0,0.943866,2.968832,0
1.0,0.9393599,2.975341,0
1.0,0.9402024,2.973226,0
1.0,0.94084364,2.9788194,0
1.0,0.94341666,2.983169,0
1.0,0.93645453,2.9180737,0
1.0,0.93678635,2.9352574,0
1.0,0.93770534,2.9192855,0
1.0,0.9353625,2.8228629,0
1.0,0.9318912,2.7641277,0
1.0,0.9314861,2.6755898,0
1.0,0.9294599,2.5699713,0
1.0,0.92590666,2.5377793,0
1.0,0.9152278,2.4149387,0
1.0,0.9195784,2.3457797,0
1.0,0.9159853,2.3087237,0
1.0,0.91516757,2.2894998,0
1.0,0.9063445,2.263586,0
1.0,0.9062317,2.2017975,0
1.0,0.9070705,2.1929514,0
1.0,0.91001683,2.1926513,0
1.0,0.89622504,2.0962641,0
1.0,0.8993159,2.126346,0
1.0,0.8935121,2.15312,0
1.0,0.9008621,2.2082667,0
1.0,0.8902214,2.168694,0
1.0,0.8931939,2.1552687,0
1.0,0.8855333,2.146563,0
1.0,0.8885504,2.0910037,0
1.0,0.88254696,1.9895122,0
1.0,0.88565826,1.9726273,0
1.0,0.87335503,1.9156126,0
1.0,0.8795694,1.9190079,0
1.0,0.8664987,1.8476822,0
1.0,0.8668118,1.80316,0
1.0,0.8574719,1.727184,0
1.0,0.8578644,1.6840101,0
1.0,0.8441888,1.6353128,0
1.0,0.842262,1.6391292,0
1.0,0.84319806,1.6807501,0
1.0,0.85067326,1.7198708,0
1.0,0.8575555,1.7631378,0
1.0,0.86188376,1.8101007,0
1.0,0.8622226,1.8313901,0
1.0,0.8711821,1.8705771,0
1.0,0.87896496,1.8746555,0
1.0,0.87598854,1.841372,0
1.0,0.8732349,1.8426361,0
1.0,0.86842513,1.8255186,0
1.0,0.8685858,1.8049564,0
1.0,0.85767376,1.7422528,0
1.0,0.8529734,1.6801716,0
1.0,0.8463371,1.6523211,0
1.0,0.8425444,1.6440387,0
1.0,0.8318563,1.5901955,0
1.0,0.8309376,1.5229528,0
1.0,0.8303643,1.4609495,0
1.0,0.83048123,1.4618974,0
1.0,0.8238492,1.4514977,0
1.0,0.8293814,1.4512477,0
1.0,0.83118063,1.4759932,0
1.0,0.83431304,1.5193679,0
1.0,0.8243852,1.5243328,0
1.0,0.8236282,1.5545878,0
1.0,0.82757956,1.5692427,0
1.0,0.8254543,1.5460863,0
1.0,0.82446015,1.5273721,0
1.0,0.8321122,1.536257,0
1.0,0.8313868,1.5257281,0
1.0,0.8315171,1.5076208,0
1.0,0.83012795,1.4401684,0
1.0,0.8424725,1.3924735,0
1.0,0.84283376,1.3590932,0
1.0,0.8429129,1.3399739,0
1.0,0.83445007,1.298486,0
1.0,0.84178036,1.2805555,0
1.0,0.84664214,1.2547264,0
1.0,0.8484547,1.2375259,0
1.0,0.8357997,1.2061986,0
1.0,0.8459215,1.2107706,0
1.0,0.84045655,1.165531,0
1.0,0.8437404,1.1765472,0
1.0,0.82700634,1.1589936,0
1.0,0.83870256,1.1857564,0
1.0,0.83402514,1.1778606,0
1.0,0.8383983,1.1515079,0
1.0,0.838687,1.1190364,0
1.0,0.8527464,1.1652627,0
1.0,0.8498218,1.1824368,0
1.0,0.8532478,1.1675661,0
1.0,0.84532356,1.1015811,0
1.0,0.851366,1.0723652,0
1.0,0.84511995,1.0162416,0
1.0,0.83681226,0.94026566,0
1.0,0.83668035,0.87623817,0
1.0,0.83049935,0.7893624,0
1.0,0.8316437,0.7464343,0
1.0,0.82703125,0.74476236,0
1.0,0.839371,0.7833532,0
1.0,0.8460996,0.79546,0
1.0,0.848129,0.7889277,0
1.0,0.848439,0.7696439,0
1.0,0.8637053,0.7790197,0
1.0,0.86585104,0.8041414,0
1.0,0.86194044,0.8080102,0
1.0,0.8662578,0.78546727,0
1.0,0.8747277,0.7954286,0
1.0,0.8720933,0.81760454,0
1.0,0.8741252,0.8112762,0
1.0,0.88351107,0.8110931,0
1.0,0.8968499,0.8004291,0
1.0,0.8986652,0.77443516,0
1.0,0.89529145,0.7616923,0
1.0,0.9022438,0.74472845,0
1.0,0.90913796,0.72458,0
1.0,0.90813833,0.70552367,0
1.0,0.909617,0.685657,0
1.0,0.9088557,0.7034761,0
1.0,0.9130066,0.7628041,0
1.0,0.91662925,0.75499916,0
1.0,0.92116624,0.71832293,0
1.0,0.92726916,0.7279688,0
1.0,0.93118614,0.7429361,0
1.0,0.9206031,0.7346054,0
1.0,0.92756015,0.75630933,0
1.0,0.93224883,0.7688142,0
1.0,0.9309779,0.7642618,0
1.0,0.91653484,0.7347752,0
1.0,0.92155194,0.74378014,0
1.0,0.92251074,0.71506864,0
1.0,0.9292895,0.6855927,0
1.0,0.92622393,0.65835303,0
1.0,0.9296771,0.63926506,0
1.0,0.92645174,0.634588,0
1.0,0.92667377,0.6260688,0
1.0,0.9079665,0.55576307,0
1.0,0.89772385,0.5295079,0
1.0,0.8947003,0.5388589,0
1.0,0.90493596,0.55562675,0
1.0,0.88868654,0.49362457,0
1.0,0.86205953,0.44715375,0
1.0,0.8766639,0.47994438,0
1.0,0.85107666,0.45610517,0
1.0,0.8109078,0.42592376,0
1.0,0.76788,0.40193033,0
1.0,0.79197466,0.42304528,0
1.0,0.7688122,0.38683397,0
1.0,0.7639012,0.3767882,0
1.0,0.69827163,0.31237784,0
1.0,0.7279036,0.32763427,0
1.0,0.7319947,0.2850517,0
1.0,0.7200131,0.2512998,0
1.0,0.6866921,0.21931566,0
1.0,0.7168123,0.2346892,0
1.0,0.69462234,0.21494877,0
1.0,0.66921866,0.1903241,0
1.0,0.6254442,0.15460885,0
1.0,0.7143155,0.21050327,0
1.0,0.72992724,0.22786272,0
1.0,0.7663694,0.26809025,0
1.0,0.7492336,0.24588382,0
1.0,0.8251316,0.3173475,0
1.0,0.814608,0.32020074,0
1.0,0.78577185,0.31477565,0
1.0,0.73030835,0.2771916,0
1.0,0.7961518,0.33591467,0
1.0,0.8171458,0.35520208,0
1.0,0.8062705,0.3506986,0
1.0,0.7459455,0.28956258,0
1.0,0.8205394,0.34940535,0
1.0,0.85096866,0.35288024,0
1.0,0.8483841,0.3499657,0
1.0,0.76812327,0.27889973,0
1.0,0.8437428,0.3728822,0
1.0,0.83993465,0.3754986,0
1.0,0.85431415,0.38103303,0
1.0,0.7888083,0.29982853,0
1.0,0.8738277,0.40987498,0
1.0,0.87556976,0.43952063,0
1.0,0.8738914,0.46093875,0
1.0,0.8176012,0.39449525,0
1.0,0.8564581,0.44500306,0
1.0,0.82631683,0.43267533,0
1.0,0.80186725,0.42983302,0
1.0,0.74654245,0.38509607,0
1.0,0.7846453,0.4708313,0
1.0,0.7776818,0.49578476,0
1.0,0.79950804,0.5425602,0
1.0,0.79537374,0.538633,0
1.0,0.84101564,0.5952553,0
1.0,0.85742795,0.6041648,0
1.0,0.88171166,0.62543744,0
1.0,0.8923333,0.6902946,0
1.0,0.9004829,0.7539675,0
1.0,0.8983566,0.77820593,0
1.0,0.9097708,0.7923356,0
1.0,0.9094279,0.7752502,0
1.0,0.90872633,0.78733575,0
1.0,0.916955,0.8261732,0
1.0,0.9218772,0.85392344,0
1.0,0.91750133,0.86894023,0
1.0,0.89845985,0.8545926,0
1.0,0.9119447,0.9165679,0
1.0,0.91666675,0.9592193,0
1.0,0.9139,0.9516113,0
1.0,0.90679616,0.927069,0
1.0,0.92558044,0.9670737,0
1.0,0.9299282,0.96591574,0
1.0,0.92784566,0.94767225,0
1.0,0.92825633,0.94656086,0
1.0,0.94013274,0.96307147,0
1.0,0.94790465,0.9825317,0
1.0,0.9446603,0.9762007,0
1.0,0.9308571,0.9442657,0
1.0,0.930869,0.92254174,0
1.0,0.9397323,0.90161115,0
1.0,0.9279821,0.87570256,0
1.0,0.92436755,0.87965286,0
1.0,0.9209829,0.8504604,0
1.0,0.92088586,0.8609239,0
1.0,0.923707,0.8963216,0
1.0,0.9194578,0.9097475,0
1.0,0.92099464,0.9326521,0
1.0,0.926845,0.97357184,0
1.0,0.92543393,0.95529807,0
1.0,0.9207586,0.9078238,0
1.0,0.9049915,0.8515251,0
1.0,0.9189744,0.8689293,0
1.0,0.92408437,0.89059997,0
1.0,0.9207305,0.9032818,0
1.0,0.9016144,0.86401784,0
1.0,0.9110453,0.8521261,0
1.0,0.9123684,0.82002497,0
1.0,0.9046347,0.79363704,0
1.0,0.8905924,0.75141513,0
1.0,0.9049817,0.76298314,0
1.0,0.9107818,0.7890117,0
1.0,0.9250394,0.8289819,0
1.0,0.920689,0.8285128,0
1.0,0.92751807,0.8650453,0
1.0,0.9318319,0.8919307,0
1.0,0.93583137,0.9058581,0
1.0,0.9268454,0.8904935,0
1.0,0.9147736,0.87035245,0
1.0,0.8968791,0.8658873,0
1.0,0.9014681,0.8897135,0
1.0,0.8939714,0.8869444,0
1.0,0.87897366,0.8785939,0
1.0,0.8692882,0.8735806,0
1.0,0.88686943,0.8736091,0
1.0,0.8887405,0.8576327,0
1.0,0.873385,0.8188487,0
1.0,0.8606581,0.7796607,0
1.0,0.88112575,0.83773446,0
1.0,0.89146715,0.87988263,0
1.0,0.8757532,0.8269378,0
1.0,0.86614937,0.784515,0
1.0,0.88693583,0.82355404,0
1.0,0.8936858,0.85076165,0
1.0,0.87839234,0.8482002,0
1.0,0.86852705,0.8610035,0
1.0,0.88459855,0.894985,0
1.0,0.87956643,0.88931584,0
1.0,0.8489937,0.87291205,0
1.0,0.83677906,0.8673661,0
1.0,0.84845394,0.90070856,0
1.0,0.8552658,0.93712294,0
1.0,0.84479797,0.91202164,0
1.0,0.84398615,0.9155774,0
1.0,0.86049885,0.92806256,0
1.0,0.86680037,0.91292644,0
1.0,0.86265665,0.88851744,0
1.0,0.86761004,0.8806578,0
1.0,0.8845354,0.9009483,0
1.0,0.8872378,0.9172969,0
1.0,0.8706658,0.8756648,0
1.0,0.88463974,0.86300516,0
1.0,0.88601214,0.87033325,0
1.0,0.8900308,0.91599107,0
1.0,0.88164,0.91318744,0
1.0,0.8932399,0.9233335,0
1.0,0.89459246,0.92934805,0
1.0,0.8906368,0.9413812,0
1.0,0.8759331,0.90830094,0
1.0,0.8826089,0.9233104,0
1.0,0.87943035,0.93109477,0
1.0,0.8641523,0.88185763,0
1.0,0.85889065,0.874781,0
1.0,0.8640973,0.898291,0
1.0,0.8698886,0.8945752,0
1.0,0.8610521,0.8576264,0
1.0,0.87601084,0.8815434,0
1.0,0.8835807,0.870664,0
1.0,0.88674617,0.84717643,0
1.0,0.8823794,0.82553786,0
1.0,0.87211806,0.781921,0
1.0,0.8710918,0.7890619,0
1.0,0.866595,0.80433404,0
1.0,0.85632086,0.78533316,0
1.0,0.8493736,0.7658323,0
1.0,0.84636414,0.7468891,0
1.0,0.8593405,0.7901748,0
1.0,0.85684663,0.81000614,0
1.0,0.8426535,0.83134127,0
1.0,0.85683066,0.91858524,0
1.0,0.85869354,0.9291167,0
1.0,0.8781924,0.952428,0
1.0,0.85875815,0.9152405,0
1.0,0.8747345,0.9627497,0
1.0,0.87362844,0.96777296,0
1.0,0.8891314,0.960843,0
1.0,0.8650315,0.90283895,0
1.0,0.87610143,0.9191234,0
1.0,0.8652062,0.8925779,0
1.0,0.8796751,0.9215447,0
1.0,0.8308678,0.8297914,0
1.0,0.8420875,0.8436708,0
1.0,0.831815,0.82889664,0
1.0,0.8490621,0.88151276,0
1.0,0.8197751,0.8343662,0
1.0,0.8443264,0.8796041,0
1.0,0.8437396,0.9070774,0
1.0,0.8584334,0.95178807,0
1.0,0.8378816,0.9026921,0
1.0,0.8534009,0.9219014,0
1.0,0.8515308,0.91436046,0
1.0,0.8569233,0.9319288,0
1.0,0.83917886,0.9212607,0
1.0,0.8348727,0.9262941,0
1.0,0.8358524,0.8931792,0
1.0,0.8402346,0.8583033,0
1.0,0.82295793,0.82831275,0
1.0,0.83400786,0.8487764,0
1.0,0.8329121,0.83276194,0
1.0,0.85358334,0.8927951,0
1.0,0.8387815,0.83644915,0
1.0,0.8718766,0.8486475,0
1.0,0.8687749,0.8533261,0
1.0,0.88294715,0.87253034,0
1.0,0.8850519,0.8821361,0
1.0,0.89884466,0.9072103,0
1.0,0.8836523,0.866226,0
1.0,0.8816962,0.8779503,0
1.0,0.8811551,0.8839313,0
1.0,0.8873026,0.899382,0
1.0,0.86955523,0.8682714,0
1.0,0.86039037,0.8532761,0
1.0,0.85667354,0.8586327,0
1.0,0.85752344,0.85784185,0
1.0,0.82716185,0.75340116,0
1.0,0.8376745,0.7345576,0
1.0,0.84202874,0.747929,0
1.0,0.8624834,0.77265,0
1.0,0.8378689,0.7078419,0
1.0,0.84371436,0.7183888,0
1.0,0.8481055,0.7151584,0
1.0,0.8677907,0.75757706,0
1.0,0.8451156,0.73269826,0
1.0,0.82904613,0.69789195,0
1.0,0.8390736,0.70574677,0
1.0,0.82096773,0.6590116,0
1.0,0.77904046,0.6002053,0
1.0,0.7541005,0.5932478,0
1.0,0.76292706,0.6226166,0
1.0,0.77411586,0.6317915,0
1.0,0.77936125,0.6311103,0
1.0,0.7840533,0.62158716,0
1.0,0.7998687,0.6393674,0
1.0,0.8103764,0.64662933,0
1.0,0.81179404,0.6282745,0
1.0,0.8069197,0.6202734,0
1.0,0.8145616,0.6277687,0
1.0,0.8127685,0.6101197,0
1.0,0.80338645,0.5834949,0
1.0,0.7886828,0.5440533,0
1.0,0.7823225,0.5284511,0
1.0,0.76853895,0.5224043,0
1.0,0.7562524,0.51503664,0
1.0,0.75308865,0.50888544,0
1.0,0.77643245,0.54567933,0
1.0,0.75747305,0.5161492,0
1.0,0.7565918,0.5302607,0
1.0,0.7678084,0.5846355,0
1.0,0.7680047,0.60013855,0
1.0,0.7532375,0.5932202,0
1.0,0.7615982,0.64564115,0
1.0,0.78641766,0.7143462,0
1.0,0.79373026,0.7236556,0
1.0,0.79052657,0.70630264,0
1.0,0.79486865,0.7131525,0
1.0,0.81037986,0.74163204,0
1.0,0.8194918,0.74281585,0
1.0,0.81791437,0.73611975,0
1.0,0.8163506,0.733916,0
1.0,0.8382019,0.75294995,0
1.0,0.83683497,0.75747097,0
1.0,0.828623,0.76190645,0
1.0,0.8250645,0.7663975,0
1.0,0.8491474,0.8325554,0
1.0,0.85370564,0.86086917,0
1.0,0.8501025,0.8767143,0
1.0,0.8465263,0.9192264,0
1.0,0.8601999,0.98352087,0
1.0,0.84793204,0.97965586,0
1.0,0.84222186,0.9837676,0
1.0,0.83454853,0.9892453,0
1.0,0.8526293,1.038949,0
1.0,0.8460752,1.019815,0
1.0,0.85085905,1.0333694,0
1.0,0.84450924,1.0455477,0
1.0,0.8604556,1.0727962,0
1.0,0.8538253,1.0515949,0
1.0,0.8540124,1.059754,0
1.0,0.83067846,1.0105119,0
1.0,0.84709257,1.0292735,0
1.0,0.82807994,0.98999244,0
1.0,0.8191279,0.9685087,0
1.0,0.7982573,0.912301,0
1.0,0.8143287,0.9267352,0
1.0,0.80468464,0.94340444,0
1.0,0.80719054,1.0015798,0
1.0,0.7965468,1.0112752,0
1.0,0.8052486,1.0580684,0
1.0,0.7959233,1.059492,0
1.0,0.79333216,1.089746,0
1.0,0.7846096,1.1274087,0
1.0,0.7992845,1.1862265,0
1.0,0.79739296,1.1800408,0
1.0,0.8004677,1.1823921,0
1.0,0.7935335,1.1744549,0
1.0,0.8061362,1.1789083,0
1.0,0.80046535,1.1500204,0
1.0,0.80552447,1.166827,0
1.0,0.7913863,1.1027663,0
1.0,0.80057275,1.0876994,0
1.0,0.78691244,1.0656943,0
1.0,0.78626853,1.0772884,0
1.0,0.7737058,1.0571853,0
1.0,0.7879594,1.1043782,0
1.0,0.77335507,1.1153543,0
1.0,0.7799904,1.1612849,0
1.0,0.77093863,1.1228523,0
1.0,0.79422945,1.1712631,0
1.0,0.78932035,1.2015631,0
1.0,0.80252665,1.2453163,0
1.0,0.791851,1.2256215,0
1.0,0.82192785,1.310655,0
1.0,0.8087573,1.2676823,0
1.0,0.8213735,1.2914007,0
1.0,0.80334646,1.2489136,0
1.0,0.81412905,1.2448547,0
1.0,0.8021658,1.1894984,0
1.0,0.8132774,1.1652441,0
1.0,0.7938453,1.0840449,0
1.0,0.8030348,1.0891631,0
1.0,0.794161,1.077041,0
1.0,0.8066663,1.0960516,0
1.0,0.79385734,1.0507071,0
1.0,0.8112454,1.0774708,0
1.0,0.79961956,1.0651876,0
1.0,0.8242488,1.1506449,0
1.0,0.809699,1.1561867,0
1.0,0.8225702,1.2151895,0
1.0,0.8108227,1.2046878,0
1.0,0.8270551,1.2602187,0
1.0,0.8201413,1.2970992,0
1.0,0.8323507,1.3594332,0
1.0,0.82825124,1.3456333,0
1.0,0.8367949,1.3526593,0
1.0,0.83218586,1.3482878,0
1.0,0.82332194,1.3238322,0
1.0,0.82035196,1.2924325,0
1.0,0.8283407,1.2778118,0
1.0,0.8256696,1.2754714,0
1.0,0.83008146,1.3474495,0
1.0,0.8270522,1.4053602,0
1.0,0.83552873,1.4697359,0
1.0,0.84707564,1.5397494,0
1.0,0.8654588,1.5948015,0
1.0,0.86139005,1.6306062,0
1.0,0.87506926,1.7140696,0
1.0,0.87763417,1.7621615,0
1.0,0.8916975,1.893992,0
1.0,0.88645154,1.9573867,0
1.0,0.89016926,2.0329084,0
1.0,0.8959892,2.1317139,0
1.0,0.90677804,2.2135036,0
1.0,0.9048321,2.2534924,0
1.0,0.9139092,2.2950206,0
1.0,0.91736686,2.2786584,0
1.0,0.92607045,2.3312058,0
1.0,0.9194206,2.3626752,0
1.0,0.92963356,2.4151523,0
1.0,0.9359158,2.4581199,0
1.0,0.9448174,2.495832,0
1.0,0.941665,2.531523,0
1.0,0.9459228,2.5817122,0
1.0,0.9470599,2.596385,0
1.0,0.9538272,2.6630795,0
1.0,0.9508071,2.712818,0
1.0,0.9554972,2.817923,0
1.0,0.95321786,2.876354,0
1.0,0.9562227,2.9268565,0
1.0,0.9530597,2.9914713,0
1.0,0.9547194,3.0780222,0
1.0,0.95289475,3.130436,0
1.0,0.9537795,3.1091537,0
1.0,0.9521863,3.051989,0
1.0,0.9539067,3.082831,0
1.0,0.9531875,3.0917063,0
1.0,0.95643353,3.1279244,0
1.0,0.9565329,3.130643,0
1.0,0.9577368,3.1065671,0
1.0,0.9576415,3.0965586,0
1.0,0.958013,3.0768428,0
1.0,0.9586014,3.0825977,0
1.0,0.9601716,3.1083446,0
1.0,0.95712376,3.103776,0
1.0,0.95721126,3.1408787,0
1.0,0.9568897,3.1505177,0
1.0,0.9565328,3.146862,0
1.0,0.95641357,3.2481468,0
1.0,0.9572875,3.3189688,0
1.0,0.9574776,3.2822893,0
1.0,0.9594013,3.3417814,0
1.0,0.9590343,3.3482568,0
1.0,0.96085775,3.3391438,0
1.0,0.96030545,3.3656087,0
1.0,0.9601564,3.3507628,0
1.0,0.95939004,3.3412824,0
1.0,0.9600953,3.3102515,0
1.0,0.95899826,3.2522836,0
1.0,0.959435,3.1746001,0
1.0,0.95762783,3.0965097,0
1.0,0.95466024,3.0949898,0
1.0,0.9563809,3.0891237,0
1.0,0.95760494,3.0884268,0
1.0,0.9595439,3.096354,0
1.0,0.96152914,3.0982342,0
1.0,0.9595366,3.1099834,0
1.0,0.95858705,3.0952065,0
1.0,0.9560116,3.0896564,0
1.0,0.9608607,3.0985172,0
1.0,0.9574386,3.0862112,0
1.0,0.95821685,3.112107,0
1.0,0.95595515,3.120503,0
1.0,0.95749885,3.1476712,0
1.0,0.9559152,3.1134498,0
1.0,0.95453376,3.0651171,0
1.0,0.95411956,3.0197186,0
1.0,0.9539127,2.9315188,0
1.0,0.949972,2.869912,0
1.0,0.95005494,2.8801045,0
1.0,0.94935423,2.8016977,0
1.0,0.94709563,2.735896,0
1.0,0.9447545,2.7478304,0
1.0,0.94336766,2.6491635,0
1.0,0.94443035,2.6031952,0
1.0,0.9422133,2.601757,0
1.0,0.9350062,2.5312111,0
1.0,0.93605506,2.5552692,0
1.0,0.9327181,2.5361853,0
1.0,0.9290102,2.5169606,0
1.0,0.9244142,2.548871,0
1.0,0.9244533,2.5613093,0
1.0,0.9214812,2.5715022,0
1.0,0.9129617,2.5495117,0
1.0,0.9136569,2.513545,0
1.0,0.91313195,2.4313965,0
1.0,0.91280025,2.3700595,0
1.0,0.90513283,2.3673615,0
1.0,0.9047227,2.3259149,0
1.0,0.90613025,2.2528229,0
1.0,0.90688604,2.2308283,0
1.0,0.9000892,2.2047734,0
1.0,0.9024482,2.1998146,0
1.0,0.90583223,2.2020187,0
1.0,0.9023442,2.1669068,0
1.0,0.89627004,2.108201,0
1.0,0.8966293,2.10954,0
1.0,0.8988653,2.13869,0
1.0,0.8977982,2.142252,0
1.0,0.89734834,2.16491,0
1.0,0.90027565,2.1976361,0
1.0,0.8952193,2.1930227,0
1.0,0.8951142,2.2402196,0
1.0,0.89794254,2.2461512,0
1.0,0.9014997,2.2078567,0
1.0,0.900557,2.2053103,0
1.0,0.90363675,2.2081165,0
1.0,0.89796734,2.1688147,0
1.0,0.9068132,2.1782527,0
1.0,0.9025727,2.1193786,0
1.0,0.9060302,2.1200252,0
1.0,0.90086365,2.0958424,0
1.0,0.9043496,2.0523307,0
1.0,0.8933278,2.0285187,0
1.0,0.88982433,2.0344543,0
1.0,0.88771033,1.9785211,0
1.0,0.89309514,1.9841771,0
1.0,0.8749327,1.9587758,0
1.0,0.8746252,1.9924307,0
1.0,0.8727544,1.991105,0
1.0,0.88032067,1.9822993,0
1.0,0.8702659,1.970511,0
1.0,0.8734718,1.9583764,0
1.0,0.87642986,1.8998998,0
1.0,0.88250065,1.9079669,0
1.0,0.88099325,1.9100405,0
1.0,0.87935656,1.8767055,0
1.0,0.8821321,1.849329,0
1.0,0.88852584,1.8188998,0
1.0,0.87581164,1.7364194,0
1.0,0.87015355,1.6743674,0
1.0,0.86959696,1.6341391,0
1.0,0.8692291,1.6066442,0
1.0,0.8571051,1.5303125,0
1.0,0.8453546,1.4309658,0
1.0,0.8531674,1.395088,0
1.0,0.8562986,1.3886366,0
1.0,0.85259306,1.3977854,0
1.0,0.8541229,1.417677,0
1.0,0.859185,1.4286356,0
1.0,0.8626478,1.4264216,0
1.0,0.86390567,1.3978059,0
1.0,0.86360025,1.3466227,0
1.0,0.8733366,1.3357409,0
1.0,0.87349075,1.3177085,0
1.0,0.8784447,1.2975965,0
1.0,0.86585647,1.2160373,0
1.0,0.8698324,1.1905848,0
1.0,0.8696712,1.1704956,0
1.0,0.85924816,1.1041272,0
1.0,0.84504235,1.0131824,0
1.0,0.83263355,0.9309099,0
1.0,0.8338973,0.92767483,0
1.0,0.8303117,0.9061977,0
1.0,0.8171129,0.8580848,0
1.0,0.8112557,0.88433415,0
1.0,0.8246186,0.9383038,0
1.0,0.82808185,0.9061302,0
1.0,0.8383492,0.9212616,0
1.0,0.83788365,0.9282314,0
1.0,0.85927004,0.9570832,0
1.0,0.8593429,0.9415386,0
1.0,0.8576062,0.96167016,0
1.0,0.8578582,0.9774908,0
1.0,0.8592191,0.962365,0
1.0,0.8589227,0.94668293,0
1.0,0.8446222,0.90237,0
1.0,0.8398253,0.8876805,0
1.0,0.8439227,0.89113563,0
1.0,0.8442685,0.8552525,0
1.0,0.850034,0.8271163,0
1.0,0.8440332,0.8065893,0
1.0,0.8672425,0.83543384,0
1.0,0.86257464,0.8167328,0
1.0,0.8622681,0.8365926,0
1.0,0.8647421,0.85644543,0
1.0,0.8783602,0.8845895,0
1.0,0.869138,0.8776821,0
1.0,0.8593722,0.8676342,0
1.0,0.8632038,0.87919945,0
1.0,0.8677787,0.8963481,0
1.0,0.8605967,0.92717195,0
1.0,0.8424147,0.9235343,0
1.0,0.8487996,0.9422465,0
1.0,0.8537066,0.9576658,0
1.0,0.8471833,0.9279951,0
1.0,0.8352071,0.90143704,0
1.0,0.84409994,0.90953124,0
1.0,0.87104005,0.8930455,0
1.0,0.8582037,0.86394006,0
1.0,0.8566521,0.8601017,0
1.0,0.85316616,0.8160026,0
1.0,0.87100536,0.852754,0
1.0,0.8411612,0.8145367,0
1.0,0.83301395,0.7854028,0
1.0,0.8384747,0.78929484,0
1.0,0.84892994,0.8076271,0
1.0,0.82329315,0.7807965,0
1.0,0.8268764,0.8028009,0
1.0,0.8269099,0.8218899,0
1.0,0.8465856,0.87161195,0
1.0,0.82657045,0.8308151,0
1.0,0.83724,0.8301387,0
1.0,0.84823996,0.82164454,0
1.0,0.8754466,0.86621284,0
1.0,0.8659838,0.8501389,0
1.0,0.87313956,0.84036297,0
1.0,0.87514275,0.822736,0
1.0,0.8842366,0.81474566,0
1.0,0.85450387,0.7294204,0
1.0,0.84997195,0.7004951,0
1.0,0.85305566,0.715255,0
1.0,0.86557245,0.73795617,0
1.0,0.83571017,0.6521665,0
1.0,0.8558236,0.6605798,0
1.0,0.8718418,0.6745501,0
1.0,0.89470714,0.7000561,0
1.0,0.8804455,0.69835925,0
1.0,0.9033827,0.74912524,0
1.0,0.90001446,0.74324965,0
1.0,0.8950134,0.7744586,0
1.0,0.86989,0.73248243,0
1.0,0.8973639,0.77285546,0
1.0,0.9031569,0.80334085,0
1.0,0.9010446,0.80230105,0
1.0,0.8766456,0.7586937,0
1.0,0.9026493,0.78659296,0
1.0,0.8913157,0.75889874,0
1.0,0.87028074,0.71826655,0
1.0,0.83086795,0.626922,0
1.0,0.863344,0.68614066,0
1.0,0.8644328,0.6894047,0
1.0,0.8502417,0.6517528,0
1.0,0.8358721,0.6373025,0
1.0,0.8613294,0.6940128,0
1.0,0.8573952,0.72539055,0
1.0,0.8341824,0.7169216,0
1.0,0.8202328,0.70541036,0
1.0,0.818015,0.7428503,0
1.0,0.79939836,0.7803585,0
1.0,0.76317644,0.7513232,0
1.0,0.7654958,0.78828907,0
1.0,0.75828665,0.82292557,0
1.0,0.787123,0.8664758,0
1.0,0.78329337,0.84898245,0
1.0,0.8056615,0.9092852,0
1.0,0.79502225,0.88692343,0
1.0,0.80073047,0.9075156,0
1.0,0.8004768,0.9500809,0
1.0,0.8170433,0.9884596,0
1.0,0.8096397,0.9795933,0
1.0,0.81693065,1.0016947,0
1.0,0.8131222,0.9802318,0
1.0,0.82563245,1.0350515,0
1.0,0.82265645,1.054354,0
1.0,0.82058024,1.0694566,0
1.0,0.817323,1.1138115,0
1.0,0.81249315,1.1089208,0
1.0,0.8169903,1.1296961,0
1.0,0.81485087,1.1482052,0
1.0,0.81903905,1.1715746,0
1.0,0.8149312,1.194375,0
1.0,0.8325572,1.2610065,0
1.0,0.8240699,1.2839868,0
1.0,0.83426684,1.3362205,0
1.0,0.82314235,1.3120296,0
1.0,0.8395591,1.3500941,0
1.0,0.8279542,1.3008809,0
1.0,0.8374593,1.2950143,0
1.0,0.83402455,1.290334,0
1.0,0.8371215,1.2536658,0
1.0,0.8398391,1.1860361,0
1.0,0.83691144,1.182005,0
1.0,0.8392828,1.1877288,0
1.0,0.83630687,1.166881,0
1.0,0.8436212,1.2173741,0
1.0,0.84868336,1.2464583,0
1.0,0.84734714,1.2516961,0
1.0,0.8518538,1.280238,0
1.0,0.8552005,1.2896248,0
1.0,0.8614346,1.2897184,0
1.0,0.85527766,1.2988722,0
1.0,0.85576665,1.3237212,0
1.0,0.8581362,1.3083618,0
1.0,0.8643601,1.3184114,0
1.0,0.86315054,1.3096155,0
1.0,0.8529534,1.2530246,0
1.0,0.8585761,1.2571673,0
1.0,0.8548628,1.2379937,0
1.0,0.85571516,1.216181,0
1.0,0.8473219,1.2015061,0
1.0,0.85454214,1.2204306,0
1.0,0.8528453,1.195973,0
1.0,0.84729975,1.1839328,0
1.0,0.8531897,1.2043562,0
1.0,0.8486476,1.1587756,0
1.0,0.851276,1.161855,0
1.0,0.84345204,1.2009094,0
1.0,0.8490432,1.243283,0
1.0,0.83693385,1.2482073,0
1.0,0.8363721,1.2740623,0
1.0,0.8279066,1.2486563,0
1.0,0.83064014,1.264026,0
1.0,0.8255334,1.2627909,0
1.0,0.8338411,1.2712204,0
1.0,0.83648604,1.2697961,0
1.0,0.83895904,1.2564564,0
1.0,0.83623827,1.2190266,0
1.0,0.8347922,1.1912813,0
1.0,0.835571,1.158967,0
1.0,0.8308102,1.1307694,0
1.0,0.82758313,1.1118591,0
1.0,0.81818557,1.0643178,0
1.0,0.8196227,1.0391126,0
1.0,0.8098056,1.0130166,0
1.0,0.8124375,1.0363646,0
1.0,0.8035391,1.0099219,0
1.0,0.80480725,0.9966617,0
1.0,0.79436153,1.0129385,0
1.0,0.8066933,1.0473776,0
1.0,0.7958293,1.0190179,0
1.0,0.7977457,1.0611316,0
1.0,0.7963434,1.0573651,0
1.0,0.80875015,1.068922,0
1.0,0.7982231,1.0679114,0
1.0,0.79399246,1.0404549,0
1.0,0.7923143,0.9987278,0
1.0,0.7952748,0.98655957,0
1.0,0.778456,0.9277133,0
1.0,0.7686844,0.8894638,0
1.0,0.7798677,0.9060221,0
1.0,0.7796554,0.89402145,0
1.0,0.78673303,0.9008391,0
1.0,0.7880726,0.90230906,0
1.0,0.79842365,0.9250673,0
1.0,0.8047767,0.9580986,0
1.0,0.80543685,0.9882301,0
1.0,0.8124934,1.0104774,0
1.0,0.80782294,1.0294145,0
1.0,0.8082391,1.084715,0
1.0,0.8045221,1.1076183,0
1.0,0.8081686,1.1389415,0
1.0,0.80601346,1.1455615,0
1.0,0.8097373,1.1588875,0
1.0,0.8095684,1.1767251,0
1.0,0.81459045,1.2293622,0
1.0,0.8186745,1.2533232,0
1.0,0.8223111,1.2395935,0
1.0,0.8316166,1.2709595,0
1.0,0.8363066,1.277235,0
1.0,0.8322013,1.2461655,0
1.0,0.83878976,1.2514268,0
1.0,0.84216815,1.2057081,0
1.0,0.85427064,1.1994741,0
1.0,0.84505844,1.2201296,0
1.0,0.85737205,1.2488661,0
1.0,0.85115063,1.2269493,0
1.0,0.8692057,1.287182,0
1.0,0.8569726,1.2566881,0
1.0,0.8642447,1.2944176,0
1.0,0.85775805,1.3225543,0
1.0,0.8681585,1.3096166,0
1.0,0.86539894,1.2683783,0
1.0,0.86400133,1.2575634,0
1.0,0.8610622,1.2352375,0
1.0,0.87166,1.2483894,0
1.0,0.8744538,1.243918,0
1.0,0.8754758,1.2044679,0
1.0,0.8832579,1.1612589,0
1.0,0.89163315,1.1864586,0
1.0,0.8832105,1.1392169,0
1.0,0.8810013,1.0708779,0
1.0,0.8810425,1.0560523,0
1.0,0.8871528,1.0483181,0
1.0,0.8833766,1.0496542,0
1.0,0.88865393,1.0804105,0
1.0,0.88959664,1.0748997,0
1.0,0.8958215,1.0363309,0
1.0,0.8864707,0.9798522,0
1.0,0.8785084,1.0075728,0
1.0,0.88161445,1.0211015,0
1.0,0.8788215,1.0208766,0
1.0,0.8851511,1.0462862,0
1.0,0.8689595,1.0055416,0
1.0,0.8766689,1.0605929,0
1.0,0.8657158,1.0580938,0
1.0,0.86891085,1.00054,0
1.0,0.8744056,0.9764371,0
1.0,0.892557,1.0125315,0
1.0,0.89016443,0.9872737,0
1.0,0.8937099,0.9980767,0
1.0,0.8926041,0.9951587,0
1.0,0.90365386,0.96292937,0
1.0,0.8907769,0.94631934,0
1.0,0.8866201,0.9704038,0
1.0,0.8883145,0.974236,0
1.0,0.892066,0.9806445,0
1.0,0.8881699,0.9598725,0
1.0,0.8686809,0.9357555,0
1.0,0.86586577,0.98949856,0
1.0,0.87585086,1.042362,0
1.0,0.88248724,1.037349,0
1.0,0.8835067,1.0445449,0
1.0,0.89229625,1.0808563,0
1.0,0.8982322,1.0794642,0
1.0,0.8933143,1.057599,0
1.0,0.89587396,1.0347062,0
1.0,0.90860486,1.0222403,0
1.0,0.9130045,1.014403,0
1.0,0.91119075,1.019552,0
1.0,0.9107164,1.0209925,0
1.0,0.9136748,0.9777453,0
1.0,0.90894186,0.9397837,0
1.0,0.8934204,0.90621656,0
1.0,0.89059466,0.92279243,0
1.0,0.89168113,0.95749277,0
1.0,0.88022006,0.9225856,0
1.0,0.8792114,0.9071549,0
1.0,0.8842697,0.9682998,0
1.0,0.8943779,1.0441339,0
1.0,0.8918935,1.0491434,0
1.0,0.89461565,1.0981091,0
1.0,0.90020174,1.1256547,0
1.0,0.904856,1.1189862,0
1.0,0.8942769,1.1385075,0
1.0,0.88354105,1.1409068,0
1.0,0.8839833,1.1218898,0
1.0,0.89556235,1.1402168,0
1.0,0.8779405,1.1150246,0
1.0,0.8729968,1.1359184,0
1.0,0.8568944,1.1001478,0
1.0,0.8698066,1.0770614,0
1.0,0.85571426,1.0481645,0
1.0,0.8521524,1.1143222,0
1.0,0.85064745,1.1499814,0
1.0,0.86018336,1.1667554,0
1.0,0.8708114,1.2168679,0
1.0,0.8756165,1.2953182,0
1.0,0.8770691,1.3673748,0
1.0,0.88385504,1.4307474,0
1.0,0.8923035,1.485339,0
1.0,0.88392746,1.4767765,0
1.0,0.8847378,1.4712242,0
1.0,0.8764975,1.485913,0
1.0,0.88730216,1.5820963,0
1.0,0.87892777,1.5716829,0
1.0,0.8896087,1.5430495,0
1.0,0.89322335,1.5056379,0
1.0,0.9053963,1.556602,0
1.0,0.9020673,1.5709903,0
1.0,0.91655475,1.5828366,0
1.0,0.9169329,1.577359,0
1.0,0.92737424,1.6400251,0
1.0,0.9241009,1.6361976,0
1.0,0.93173957,1.6667956,0
1.0,0.9271904,1.6943665,0
1.0,0.9346684,1.7063861,0
1.0,0.929864,1.6975571,0
1.0,0.9331523,1.8023701,0
1.0,0.9346699,1.8941469,0
1.0,0.93480414,1.9234996,0
1.0,0.93934625,1.9423414,0
1.0,0.9358789,1.970942,0
1.0,0.9377778,2.0410511,0
1.0,0.9308316,2.0463176,0
1.0,0.9417703,2.0035572,0
1.0,0.9355212,1.9292717,0
1.0,0.9420477,1.9710675,0
1.0,0.93503964,1.9886749,0
1.0,0.9435619,1.972173,0
1.0,0.942171,1.9120296,0
1.0,0.94805384,1.8983986,0
1.0,0.9419721,1.8805592,0
1.0,0.94866425,1.9054697,0
1.0,0.93812567,1.9218524,0
1.0,0.9402779,1.9639846,0
1.0,0.93085486,1.8994968,0
1.0,0.93509823,1.9272172,0
1.0,0.92392164,1.9618423,0
1.0,0.9294887,2.0138466,0
1.0,0.92241794,1.9980824,0
1.0,0.9331399,2.0253868,0
1.0,0.9191911,2.0043502,0
1.0,0.9208616,2.0250556,0
1.0,0.90765995,1.9572724,0
1.0,0.912559,1.9551432,0
1.0,0.8965722,1.8845847,0
1.0,0.89443946,1.8446829,0
1.0,0.8791167,1.8351531,0
1.0,0.87972814,1.819238,0
1.0,0.8706982,1.6965003,0
1.0,0.8731411,1.6278602,0
1.0,0.8667048,1.595464,0
1.0,0.869183,1.6170537,0
1.0,0.8580718,1.5762993,0
1.0,0.8507547,1.5295026,0
1.0,0.8462236,1.5063517,0
1.0,0.83992296,1.5072695,0
1.0,0.83319813,1.537347,0
1.0,0.8144796,1.5007875,0
1.0,0.81357294,1.4713433,0
1.0,0.8091619,1.4705412,0
1.0,0.8079424,1.4790988,0
1.0,0.80209166,1.4605873,0
1.0,0.802333,1.4441308,0
1.0,0.7970092,1.4498849,0
1.0,0.81043464,1.4546132,0
1.0,0.80172384,1.3790798,0
1.0,0.81278896,1.4159169,0
1.0,0.8085497,1.3669751,0
1.0,0.8231441,1.3468835,0
1.0,0.8211696,1.3384377,0
1.0,0.83717835,1.3456196,0
1.0,0.8278092,1.3043592,0
1.0,0.84509516,1.3358965,0
1.0,0.8245434,1.2677679,0
1.0,0.83942026,1.2937418,0
1.0,0.8252882,1.2828199,0
1.0,0.83078253,1.3244715,0
1.0,0.8188084,1.2973517,0
1.0,0.82712,1.2997854,0
1.0,0.822573,1.3178632,0
1.0,0.82945675,1.3542153,0
1.0,0.8305111,1.3507105,0
1.0,0.8398086,1.3665342,0
1.0,0.83550656,1.3415923,0
1.0,0.8397178,1.3349556,0
1.0,0.83607465,1.3193388,0
1.0,0.8395064,1.2961557,0
1.0,0.83759785,1.2571743,0
1.0,0.83410496,1.2409644,0
1.0,0.836468,1.2243202,0
1.0,0.8367159,1.1939726,0
1.0,0.84592855,1.1984353,0
1.0,0.84361935,1.1879163,0
1.0,0.8397098,1.2167964,0
1.0,0.83360714,1.2480502,0
1.0,0.84029484,1.2491056,0
1.0,0.82960844,1.2561386,0
1.0,0.8370655,1.284281,0
1.0,0.82531136,1.2394087,0
1.0,0.84145963,1.2996197,0
1.0,0.83127016,1.2805011,0
1.0,0.8411483,1.3037772,0
1.0,0.8306725,1.3131931,0
1.0,0.83867127,1.3518889,0
1.0,0.83050954,1.3330511,0
1.0,0.83651054,1.320302,0
1.0,0.8241855,1.2769368,0
1.0,0.8381502,1.2649615,0
1.0,0.83150643,1.2015642,0
1.0,0.85190684,1.2380283,0
1.0,0.84334743,1.2068102,0
1.0,0.85136706,1.1908088,0
1.0,0.8543611,1.191932,0
1.0,0.86554474,1.2392738,0
1.0,0.84945595,1.2017219,0
1.0,0.84721,1.175117,0
1.0,0.85090053,1.1746162,0
1.0,0.8631463,1.1926425,0
1.0,0.83955425,1.1706944,0
1.0,0.84619,1.21372,0
1.0,0.83944774,1.164796,0
1.0,0.86320066,1.190821,0
1.0,0.842506,1.1566687,0
1.0,0.8441618,1.1705644,0
1.0,0.84308517,1.1667987,0
1.0,0.86724377,1.1690948,0
1.0,0.8527716,1.0748076,0
1.0,0.852826,1.0603464,0
1.0,0.8520314,1.0205643,0
1.0,0.87056124,1.0242201,0
1.0,0.8687936,0.99934137,0
1.0,0.86611915,0.99385816,0
1.0,0.8706928,1.0271044,0
1.0,0.8791583,1.020423,0
1.0,0.86924547,0.95471275,0
1.0,0.8606079,0.9148614,0
1.0,0.86622405,0.92509633,0
1.0,0.87206465,0.9534524,0
1.0,0.8662673,0.9305008,0
1.0,0.8686725,0.9097072,0
1.0,0.87444276,0.9138662,0
1.0,0.8824858,0.9183707,0
1.0,0.8899492,0.9151865,0
1.0,0.89584994,0.91639024,0
1.0,0.8960142,0.8856429,0
1.0,0.8943448,0.83273613,0
1.0,0.87961984,0.7721566,0
1.0,0.8813582,0.75850403,0
1.0,0.879481,0.7491,0
1.0,0.88483775,0.74236965,0
1.0,0.85982865,0.66819656,0
1.0,0.869573,0.6706084,0
1.0,0.87939465,0.69057286,0
1.0,0.89900863,0.7218094,0
1.0,0.8729017,0.6690886,0
1.0,0.88439244,0.654225,0
1.0,0.89640796,0.66104394,0
1.0,0.89260954,0.6732435,0
1.0,0.85917383,0.6176644,0
1.0,0.8766405,0.6100575,0
1.0,0.88826823,0.61574864,0
1.0,0.8811822,0.61613107,0
1.0,0.85161006,0.56646955,0
1.0,0.8531244,0.5319635,0
1.0,0.87976575,0.52635074,0
1.0,0.87381953,0.4946724,0
1.0,0.85737777,0.46370965,0
1.0,0.84689116,0.43643695,0
1.0,0.8988829,0.48796514,0
1.0,0.89435565,0.45407942,0
1.0,0.91093487,0.47019923,0
1.0,0.9035962,0.4852643,0
1.0,0.9310621,0.530875,0
1.0,0.9238124,0.52527344,0
1.0,0.93361956,0.51441514,0
1.0,0.92345,0.48547322,0
1.0,0.92451817,0.5139093,0
1.0,0.9014753,0.48773286,0
1.0,0.9101713,0.49929038,0
1.0,0.9020996,0.48835433,0
1.0,0.89607215,0.46413636,0
1.0,0.89353055,0.4526772,0
1.0,0.9025131,0.4759096,0
1.0,0.9111973,0.47606817,0
1.0,0.8834149,0.4175981,0
1.0,0.8842307,0.40440756,0
1.0,0.8691322,0.38151667,0
1.0,0.8785041,0.38489226,0
1.0,0.83605456,0.32535985,0
1.0,0.8355322,0.29654506,0
1.0,0.8221422,0.283601,0
1.0,0.8271451,0.30752534,0
1.0,0.7680065,0.2568789,0
1.0,0.7752179,0.25564668,0
1.0,0.7005044,0.19742261,0
1.0,0.74120194,0.23162505,0
1.0,0.65536976,0.16946614,0
1.0,0.6837698,0.19323829,0
1.0,0.57561874,0.12960362,0
1.0,0.6244947,0.15884537,0
1.0,0.5983472,0.13299233,0
1.0,0.67086905,0.18652494,0
1.0,0.5834448,0.13326958,0
1.0,0.6193834,0.14013648,0
1.0,0.60836345,0.12897381,0
1.0,0.68496865,0.16962531,0
1.0,0.6199938,0.12937887,0
1.0,0.6641773,0.14980234,0
1.0,0.7053337,0.15251973,0
1.0,0.76252204,0.18907607,0
1.0,0.7564682,0.19318423,0
1.0,0.78660786,0.2225775,0
1.0,0.83015,0.28234646,0
1.0,0.8688206,0.3265729,0
1.0,0.84127,0.2796855,0
1.0,0.8783334,0.3107077,0
1.0,0.8752149,0.34714794,0
1.0,0.8769648,0.35877702,0
1.0,0.8405803,0.30314052,0
1.0,0.87269217,0.34343976,0
1.0,0.85897076,0.35438564,0
1.0,0.8558411,0.35804772,0
1.0,0.8229127,0.32173616,0
1.0,0.8569203,0.33378845,0
1.0,0.8599465,0.3193945,0
1.0,0.83969975,0.30204266,0
1.0,0.80995005,0.28364614,0
1.0,0.84607416,0.31152672,0
1.0,0.83543396,0.29605222,0
1.0,0.80577433,0.26159042,0
1.0,0.74727213,0.20844808,0
1.0,0.777643,0.23722883,0
1.0,0.7438474,0.20770335,0
1.0,0.70982397,0.17673641,0
1.0,0.63981557,0.14544624,0
1.0,0.763147,0.2568321,0
1.0,0.7452384,0.26462284,0
1.0,0.7095781,0.24737047,0
1.0,0.7069922,0.25029647,0
1.0,0.7941885,0.3359841,0
1.0,0.7628493,0.32289594,0
1.0,0.73582166,0.3148343,0
1.0,0.76721776,0.34813523,0
1.0,0.82023597,0.3984022,0
1.0,0.8175956,0.37443453,0
1.0,0.7750702,0.331745,0
1.0,0.8218836,0.38571736,0
1.0,0.87301046,0.42856684,0
1.0,0.86635447,0.38608012,0
1.0,0.8278965,0.34805304,0
1.0,0.86846614,0.4310669,0
1.0,0.9081039,0.50457144,0
1.0,0.90235364,0.48176122,0
1.0,0.86253446,0.43361798,0
1.0,0.90909916,0.51748,0
1.0,0.93158984,0.5820934,0
1.0,0.92764455,0.5911405,0
1.0,0.8914363,0.5411247,0
1.0,0.9279019,0.5846574,0
1.0,0.91481584,0.5886742,0
1.0,0.9039387,0.6093024,0
1.0,0.83708185,0.51907843,0
1.0,0.89291406,0.5942918,0
1.0,0.8652202,0.547569,0
1.0,0.8809453,0.56791836,0
1.0,0.8277618,0.51016784,0
1.0,0.88400555,0.5647036,0
1.0,0.8466912,0.47238562,0
1.0,0.86494863,0.48557773,0
1.0,0.7884643,0.3867988,0
1.0,0.8491968,0.46035913,0
1.0,0.7897281,0.3970772,0
1.0,0.8095085,0.40632838,0
1.0,0.7313083,0.31471667,0
1.0,0.8246058,0.41494095,0
1.0,0.72659177,0.3138712,0
1.0,0.75312734,0.3617124,0
1.0,0.6802516,0.29101378,0
1.0,0.7460998,0.36389506,0
1.0,0.644371,0.28529254,0
1.0,0.6970459,0.35740966,0
1.0,0.6309317,0.28506643,0
1.0,0.7149175,0.34269032,0
1.0,0.6740013,0.29084837,0
1.0,0.70320165,0.3340317,0
1.0,0.6716757,0.30857092,0
1.0,0.74734133,0.37630314,0
1.0,0.67636037,0.28188023,0
1.0,0.70282066,0.3003124,0
1.0,0.64509034,0.25943244,0
1.0,0.71737504,0.32754767,0
1.0,0.66796607,0.28777385,0
1.0,0.7065041,0.31399447,0
1.0,0.6592975,0.26876336,0
1.0,0.75479174,0.38066685,0
1.0,0.68258256,0.34484792,0
1.0,0.7478319,0.41576958,0
1.0,0.67246825,0.32273158,0
1.0,0.76366097,0.42973584,0
1.0,0.67016625,0.33910912,0
1.0,0.747262,0.43495616,0
1.0,0.68000835,0.36363962,0
1.0,0.74992913,0.4357475,0
1.0,0.6681436,0.3529536,0
1.0,0.7312864,0.43057257,0
1.0,0.6823278,0.36492613,0
1.0,0.7492618,0.42610067,0
1.0,0.7087107,0.37768745,0
1.0,0.74224037,0.40822548,0
1.0,0.7225245,0.3884751,0
1.0,0.7429881,0.41266245,0
1.0,0.72762954,0.37606567,0
1.0,0.75132936,0.37877464,0
1.0,0.77859056,0.41445047,0
1.0,0.78922325,0.45346797,0
1.0,0.7714717,0.43701681,0
1.0,0.74830604,0.3962407,0
1.0,0.77874815,0.42129907,0
1.0,0.78060377,0.436181,0
1.0,0.78300905,0.46522483,0
1.0,0.7546913,0.44944113,0
1.0,0.78497493,0.48762864,0
1.0,0.770745,0.46795398,0
1.0,0.79266495,0.4762704,0
1.0,0.7579913,0.43362916,0
1.0,0.7720783,0.4639752,0
1.0,0.80167425,0.4865202,0
1.0,0.8104288,0.45892414,0
1.0,0.78263843,0.43524706,0
1.0,0.7779012,0.44123513,0
1.0,0.77757627,0.44323155,0
1.0,0.7369899,0.40780485,0
1.0,0.727838,0.38429075,0
1.0,0.7129149,0.37278858,0
1.0,0.7517536,0.4658628,0
1.0,0.73434913,0.4565736,0
1.0,0.7350543,0.45757964,0
1.0,0.72341627,0.46026736,0
1.0,0.76073706,0.5321723,0
1.0,0.7438863,0.5440611,0
1.0,0.77491087,0.6002002,0
1.0,0.7772591,0.59580797,0
1.0,0.80924463,0.65048575,0
1.0,0.7863274,0.63829374,0
1.0,0.7950865,0.6901301,0
1.0,0.81393754,0.7686293,0
1.0,0.83201474,0.7927185,0
1.0,0.82278407,0.7582643,0
1.0,0.82010645,0.77326447,0
1.0,0.8443373,0.84017575,0
1.0,0.844923,0.82512915,0
1.0,0.85416096,0.8517226,0
1.0,0.8472102,0.8867682,0
1.0,0.8760714,0.9776948,0
1.0,0.8810961,1.029244,0
1.0,0.8851299,1.0691509,0
1.0,0.8753884,1.0957682,0
1.0,0.89788026,1.189821,0
1.0,0.89321697,1.2225521,0
1.0,0.895907,1.3060095,0
1.0,0.88064003,1.3200319,0
1.0,0.8966197,1.3991638,0
1.0,0.8909275,1.4396708,0
1.0,0.8943181,1.4561152,0
1.0,0.87897587,1.4465774,0
1.0,0.89655375,1.5228807,0
1.0,0.8848418,1.4830368,0
1.0,0.89160615,1.5042257,0
1.0,0.876586,1.5174314,0
1.0,0.8889774,1.6140578,0
1.0,0.8803713,1.6626303,0
1.0,0.88502896,1.6942338,0
1.0,0.8775229,1.686501,0
1.0,0.88753074,1.7881868,0
1.0,0.88768667,1.851591,0
1.0,0.8858683,1.8769177,0
1.0,0.8892604,1.9192737,0
1.0,0.88722646,1.942441,0
1.0,0.8930691,2.082581,0
1.0,0.8939636,2.2138088,0
1.0,0.9025059,2.267911,0
1.0,0.904934,2.2888997,0
1.0,0.91290337,2.385149,0
1.0,0.9162561,2.4527376,0
1.0,0.9276427,2.4863136,0
1.0,0.93253,2.4992137,0
1.0,0.936839,2.511754,0
1.0,0.9387517,2.55675,0
1.0,0.94455445,2.654913,0
1.0,0.94372636,2.6959722,0
1.0,0.9487492,2.722041,0
1.0,0.9529385,2.7111037,0
1.0,0.957375,2.7684226,0
1.0,0.9579741,2.8533142,0
1.0,0.9620523,2.8776805,0
1.0,0.9660515,2.929903,0
1.0,0.96718293,3.0214539,0
1.0,0.9675175,3.0873966,0
1.0,0.96721095,3.1532435,0
1.0,0.96903765,3.2155285,0
1.0,0.96766776,3.207542,0
1.0,0.9701122,3.180087,0
1.0,0.9685601,3.1309016,0
1.0,0.9699913,3.1301618,0
1.0,0.96893084,3.1382234,0
1.0,0.9688849,3.096301,0
1.0,0.9662918,3.0521903,0
1.0,0.96592885,3.0547466,0
1.0,0.96120226,3.0358627,0
1.0,0.95652723,2.9793713,0
1.0,0.95361775,2.86056,0
1.0,0.95422095,2.7788477,0
1.0,0.9488153,2.7787948,0
1.0,0.9471598,2.8188338,0
1.0,0.9470857,2.8062973,0
1.0,0.94589174,2.7500606,0
1.0,0.9422924,2.7324538,0
1.0,0.9387703,2.784648,0
1.0,0.937498,2.8277173,0
1.0,0.937804,2.8163948,0
1.0,0.936426,2.7503734,0
1.0,0.9333421,2.6781087,0
1.0,0.93408537,2.6545963,0
1.0,0.9307992,2.6643734,0
1.0,0.9315585,2.640846,0
1.0,0.92685306,2.5264645,0
1.0,0.92772406,2.4881299,0
1.0,0.9256255,2.490016,0
1.0,0.9273787,2.4496179,0
1.0,0.9212817,2.3559356,0
1.0,0.9261685,2.3000245,0
1.0,0.92412513,2.2490287,0
1.0,0.92948455,2.263945,0
1.0,0.92654276,2.2624435,0
1.0,0.9339562,2.31095,0
1.0,0.9311045,2.3300467,0
1.0,0.9373803,2.355061,0
1.0,0.9309242,2.3590555,0
1.0,0.93225473,2.3753724,0
1.0,0.9260818,2.3277276,0
1.0,0.9322568,2.3160372,0
1.0,0.9252392,2.284087,0
1.0,0.923742,2.2909026,0
1.0,0.91240233,2.2770844,0
1.0,0.9152152,2.2518902,0
1.0,0.90873736,2.1677315,0
1.0,0.9060465,2.1243348,0
1.0,0.8953828,2.0734553,0
1.0,0.89251846,2.0422053,0
1.0,0.89022905,1.9657683,0
1.0,0.88050354,1.8650159,0
1.0,0.8738512,1.818872,0
1.0,0.86649597,1.7681168,0
1.0,0.8653112,1.7792332,0
1.0,0.85437363,1.7798579,0
1.0,0.8492764,1.7201742,0
1.0,0.8453986,1.6708225,0
1.0,0.8462707,1.7006391,0
1.0,0.83169806,1.6953771,0
1.0,0.8316823,1.652282,0
1.0,0.8296273,1.604713,0
1.0,0.83509666,1.6256405,0
1.0,0.8253188,1.6037911,0
1.0,0.8281518,1.5991491,0
1.0,0.8253904,1.5592861,0
1.0,0.8272993,1.526121,0
1.0,0.8231274,1.4651893,0
1.0,0.8153194,1.396173,0
1.0,0.8111839,1.3621864,0
1.0,0.8099927,1.3177714,0
1.0,0.80952525,1.2655935,0
1.0,0.8115368,1.2520841,0
1.0,0.8081218,1.2889864,0
1.0,0.81058234,1.313083,0
1.0,0.8181182,1.2874489,0
1.0,0.83459646,1.269486,0
1.0,0.8386958,1.2731212,0
1.0,0.8458197,1.2964169,0
1.0,0.85293436,1.3286868,0
1.0,0.8673444,1.3695991,0
1.0,0.8627058,1.3322659,0
1.0,0.8661043,1.321605,0
1.0,0.8668403,1.3226572,0
1.0,0.86219984,1.3016623,0
1.0,0.8590305,1.2648253,0
1.0,0.8627631,1.2168248,0
1.0,0.86249584,1.1760726,0
1.0,0.85888493,1.1457675,0
1.0,0.85367715,1.0973389,0
1.0,0.86998606,1.0797292,0
1.0,0.8736801,1.026077,0
1.0,0.87261796,0.995838,0
1.0,0.87446046,0.9912251,0
1.0,0.8750298,0.9587585,0
1.0,0.87101847,0.9211097,0
1.0,0.8686162,0.9078883,0
1.0,0.8779503,0.9306587,0
1.0,0.87184805,0.9350854,0
1.0,0.8687946,0.9296223,0
1.0,0.8590895,0.89774525,0
1.0,0.8744717,0.9046802,0
1.0,0.8637154,0.881047,0
1.0,0.8434241,0.88952285,0
1.0,0.81483173,0.831002,0
1.0,0.8450268,0.7946627,0
1.0,0.8386362,0.7305089,0
1.0,0.8269905,0.7038578,0
1.0,0.8259787,0.6879195,0
1.0,0.8639555,0.7401271,0
1.0,0.8573907,0.7110466,0
1.0,0.8475011,0.6611061,0
1.0,0.8685753,0.6961647,0
1.0,0.8911828,0.7370439,0
1.0,0.8842799,0.7226999,0
1.0,0.8769888,0.7330636,0
1.0,0.8930863,0.749529,0
1.0,0.90311897,0.7639154,0
1.0,0.89946187,0.78459066,0
1.0,0.88735753,0.75777715,0
1.0,0.9022217,0.7845365,0
1.0,0.91213804,0.8141768,0
1.0,0.90459216,0.82893115,0
1.0,0.89558595,0.85421896,0
1.0,0.90165716,0.8729076,0
1.0,0.90734375,0.86703515,0
1.0,0.89949024,0.8396921,0
1.0,0.90439487,0.84871423,0
1.0,0.912052,0.851856,0
1.0,0.92660594,0.849218,0
1.0,0.91394424,0.79701936,0
1.0,0.91720515,0.78797936,0
1.0,0.9196303,0.77925056,0
1.0,0.9238211,0.7903095,0
1.0,0.8973268,0.7751987,0
1.0,0.9035079,0.75756747,0
1.0,0.89609855,0.7556586,0
1.0,0.9038481,0.8188236,0
1.0,0.8668581,0.7995,0
1.0,0.8747558,0.84702194,0
1.0,0.87018514,0.85731673,0
1.0,0.8911701,0.9113453,0
1.0,0.8658021,0.8822933,0
1.0,0.8838623,0.9008001,0
1.0,0.8855058,0.8786526,0
1.0,0.9097372,0.91862583,0
1.0,0.8868298,0.8585156,0
1.0,0.90525395,0.8627121,0
1.0,0.901606,0.8484507,0
1.0,0.9170771,0.8739604,0
1.0,0.88677037,0.80944103,0
1.0,0.8781967,0.8035823,0
1.0,0.8719975,0.8283593,0
1.0,0.88923544,0.89666176,0
1.0,0.8658885,0.8677942,0
1.0,0.8661872,0.8514832,0
1.0,0.87007797,0.8740672,0
1.0,0.8985857,0.9638031,0
1.0,0.8879618,0.9756875,0
1.0,0.8846676,0.98698175,0
1.0,0.87622494,0.96674573,0
1.0,0.88457453,1.0015782,0
1.0,0.87189424,1.0048777,0
1.0,0.8548796,0.98960364,0
1.0,0.8486255,1.0250366,0
1.0,0.8617115,1.0650523,0
1.0,0.85194016,1.007518,0
1.0,0.8498919,0.9870399,0
1.0,0.84461874,0.96097696,0
1.0,0.8544041,0.95053244,0
1.0,0.86231846,0.93965256,0
1.0,0.84538794,0.9014765,0
1.0,0.8597207,0.9499975,0
1.0,0.8738534,0.9561881,0
1.0,0.87050873,0.9297352,0
1.0,0.86726236,0.9347243,0
1.0,0.87973976,0.9867567,0
1.0,0.87998295,1.0279815,0
1.0,0.8746328,1.055116,0
1.0,0.86232096,1.0755574,0
1.0,0.8847786,1.1409252,0
1.0,0.87858665,1.134472,0
1.0,0.88477814,1.1509461,0
1.0,0.87746936,1.1250162,0
1.0,0.8964702,1.1547513,0
1.0,0.88383716,1.0836363,0
1.0,0.89178956,1.0452651,0
1.0,0.886404,1.0179532,0
1.0,0.9088723,1.0316503,0
1.0,0.8970619,0.9841312,0
1.0,0.90890336,0.9964676,0
1.0,0.8802466,0.9293456,0
1.0,0.9053518,0.9948915,0
1.0,0.8895429,0.9566538,0
1.0,0.8828647,0.9532092,0
1.0,0.86580133,0.9601605,0
1.0,0.883066,0.98009914,0
1.0,0.8640736,0.9364426,0
1.0,0.87294894,0.96050346,0
1.0,0.86101675,0.97246444,0
1.0,0.8836008,1.0356116,0
1.0,0.8788023,1.0232825,0
1.0,0.8896587,1.0727829,0
1.0,0.87099904,1.051621,0
1.0,0.88348424,1.0546279,0
1.0,0.87782407,1.0384004,0
1.0,0.87622,1.0375943,0
1.0,0.858741,1.0020005,0
1.0,0.87551713,1.0091394,0
1.0,0.87666065,0.9710081,0
1.0,0.86944735,0.93311226,0
1.0,0.8473061,0.8538563,0
1.0,0.86180526,0.8653308,0
1.0,0.86054355,0.8739135,0
1.0,0.84623694,0.8832003,0
1.0,0.84663177,0.8971813,0
1.0,0.8544834,0.88294,0
1.0,0.8545541,0.9156035,0
1.0,0.85346854,0.9426727,0
1.0,0.8411683,0.9355316,0
1.0,0.8643171,1.0506946,0
1.0,0.85456556,1.0428147,0
1.0,0.8608356,1.0610662,0
1.0,0.8466518,1.0344121,0
1.0,0.86666983,1.0525348,0
1.0,0.85417855,1.0375196,0
1.0,0.85079074,0.9894563,0
1.0,0.85217386,0.9317704,0
1.0,0.8670628,0.9379472,0
1.0,0.85772336,0.9248127,0
1.0,0.8662914,0.9800568,0
1.0,0.86671484,0.95103335,0
1.0,0.86649203,0.9347516,0
1.0,0.84690505,0.9010079,0
1.0,0.8683846,0.8948859,0
1.0,0.87211806,0.8805329,0
1.0,0.88056517,0.9017707,0
1.0,0.86152333,0.88241136,0
1.0,0.8865777,0.96057034,0
1.0,0.8881896,0.9797313,0
1.0,0.89011693,1.0017153,0
1.0,0.8733847,0.97202784,0
1.0,0.89809966,0.9985383,0
1.0,0.9056178,1.0144637,0
1.0,0.8933014,1.0243769,0
1.0,0.8798192,1.0099953,0
1.0,0.8960415,1.0031781,0
1.0,0.91449714,1.0238346,0
1.0,0.8990923,1.00751,0
1.0,0.88941026,0.97418475,0
1.0,0.8921011,0.9578664,0
1.0,0.90777206,0.95690155,0
1.0,0.88647354,0.8815377,0
1.0,0.86888105,0.8711449,0
1.0,0.8785799,0.9030316,0
1.0,0.89724404,1.0011438,0
1.0,0.893973,1.0512075,0
1.0,0.88703394,1.039141,0
1.0,0.89810663,1.1068574,0
1.0,0.9117153,1.1765237,0
1.0,0.9006919,1.1759984,0
1.0,0.89631593,1.2030921,0
1.0,0.8954009,1.2008207,0
1.0,0.90603477,1.2756581,0
1.0,0.8985932,1.2848161,0
1.0,0.89214146,1.2598325,0
1.0,0.8878893,1.2627856,0
1.0,0.9065273,1.312424,0
1.0,0.9048591,1.3219724,0
1.0,0.9065617,1.3378406,0
1.0,0.89659005,1.3136026,0
1.0,0.9174807,1.3821318,0
1.0,0.91118395,1.3736179,0
1.0,0.9026991,1.3835769,0
1.0,0.8929598,1.4277533,0
1.0,0.9052514,1.4842346,0
1.0,0.9004026,1.4701953,0
1.0,0.89247745,1.4769161,0
1.0,0.8833079,1.5096488,0
1.0,0.8955658,1.593967,0
1.0,0.888773,1.6026192,0
1.0,0.8844548,1.6080258,0
1.0,0.8671128,1.613933,0
1.0,0.878639,1.6874257,0
1.0,0.8723915,1.6717038,0
1.0,0.8737221,1.6778607,0
1.0,0.85911155,1.6605442,0
1.0,0.87598586,1.6818397,0
1.0,0.87065166,1.6375861,0
1.0,0.8750917,1.64003,0
1.0,0.8617029,1.5905397,0
1.0,0.87305933,1.6231785,0
1.0,0.8646955,1.6346457,0
1.0,0.86329377,1.6399219,0
1.0,0.8532111,1.6398005,0
1.0,0.8616582,1.695885,0
1.0,0.8610832,1.7395427,0
1.0,0.8635653,1.8548211,0
1.0,0.86356115,1.9556632,0
1.0,0.87962914,2.0469937,0
1.0,0.8852958,2.110816,0
1.0,0.89150774,2.177792,0
1.0,0.8948693,2.2458096,0
1.0,0.9100025,2.325483,0
1.0,0.9116362,2.3642943,0
1.0,0.9146455,2.4251351,0
1.0,0.91531587,2.4317312,0
1.0,0.9245409,2.449308,0
1.0,0.9247143,2.4625468,0
1.0,0.92531145,2.4833436,0
1.0,0.93036914,2.5151095,0
1.0,0.9415778,2.6052773,0
1.0,0.9455051,2.6924553,0
1.0,0.9496655,2.7455044,0
1.0,0.9523741,2.7731853,0
1.0,0.95741415,2.8433018,0
1.0,0.9558165,2.9082384,0
1.0,0.9566611,2.9283037,0
1.0,0.95709497,2.9528584,0
1.0,0.9579221,2.9823637,0
1.0,0.95814794,3.0297706,0
1.0,0.9570262,3.106556,0
1.0,0.9582418,3.157873,0
1.0,0.9581162,3.223516,0
1.0,0.958383,3.226996,0
1.0,0.95795524,3.1977422,0
1.0,0.95793366,3.2063923,0
1.0,0.95533764,3.1447916,0
1.0,0.9543254,3.0919,0
1.0,0.9545618,3.053022,0
1.0,0.9551235,3.0562773,0
1.0,0.95618945,3.0724826,0
1.0,0.9575819,3.0455275,0
1.0,0.9608077,3.0287423,0
1.0,0.95879734,2.9831898,0
1.0,0.9556375,2.9528685,0
1.0,0.95382875,2.9427748,0
1.0,0.95603365,2.9012122,0
1.0,0.9503683,2.8795476,0
1.0,0.9481399,2.9502664,0
1.0,0.9468627,2.985114,0
1.0,0.94711983,2.9674292,0
1.0,0.9442794,2.9277217,0
1.0,0.9432103,2.8543885,0
1.0,0.9441659,2.7764359,0
1.0,0.9429459,2.7392545,0
1.0,0.9419541,2.7240312,0
1.0,0.93824726,2.6428294,0
1.0,0.93643427,2.550542,0
1.0,0.93396753,2.5143864,0
1.0,0.930915,2.467948,0
1.0,0.92746526,2.4458356,0
1.0,0.93381256,2.4808564,0
1.0,0.93056625,2.4440737,0
1.0,0.9320058,2.4711394,0
1.0,0.92437804,2.4196014,0
1.0,0.9265824,2.3994622,0
1.0,0.9190064,2.375444,0
1.0,0.92365825,2.32025,0
1.0,0.91394526,2.2776082,0
1.0,0.91818714,2.3180761,0
1.0,0.9122272,2.272234,0
1.0,0.9224085,2.2284796,0
1.0,0.9152723,2.168994,0
1.0,0.920059,2.2027645,0
1.0,0.91074383,2.15312,0
1.0,0.9090498,2.1217299,0
1.0,0.8980547,2.0827403,0
1.0,0.89926547,2.0453913,0
1.0,0.8931927,2.0038924,0
1.0,0.8876126,1.9517065,0
1.0,0.88033587,1.8746169,0
1.0,0.88930464,1.8945855,0
1.0,0.8900809,1.8818519,0
1.0,0.893801,1.8718109,0
1.0,0.89277667,1.86871,0
1.0,0.8900363,1.8677974,0
1.0,0.8884859,1.8655963,0
1.0,0.88553935,1.8469684,0
1.0,0.88375175,1.8596599,0
1.0,0.87729317,1.8555572,0
1.0,0.876183,1.8445274,0
1.0,0.8642553,1.8147199,0
1.0,0.862104,1.7677794,0
1.0,0.85485476,1.6778519,0
1.0,0.8498509,1.6249454,0
1.0,0.8333812,1.5123208,0
1.0,0.82119286,1.4282506,0
1.0,0.82094973,1.3943311,0
1.0,0.81109685,1.350497,0
1.0,0.8130388,1.3881482,0
1.0,0.80409366,1.3640397,0
1.0,0.8058467,1.3407915,0
1.0,0.8054942,1.3328873,0
1.0,0.8061046,1.3113852,0
1.0,0.80679697,1.2779276,0
1.0,0.8003467,1.2275779,0
1.0,0.7967419,1.2299645,0
1.0,0.797904,1.2209361,0
1.0,0.7906839,1.1732895,0
1.0,0.7905418,1.1627761,0
1.0,0.79498976,1.1593641,0
1.0,0.7882707,1.1402229,0
1.0,0.78746074,1.1181717,0
1.0,0.7902458,1.056586,0
1.0,0.7986496,1.0243107,0
1.0,0.80423427,1.0001237,0
1.0,0.8108237,0.96847814,0
1.0,0.82604796,0.9532983,0
1.0,0.84043115,0.9408212,0
1.0,0.84890926,0.91626865,0
1.0,0.84829503,0.8671068,0
1.0,0.8599551,0.8624724,0
1.0,0.85997254,0.84305733,0
1.0,0.8627053,0.80940175,0
1.0,0.86491567,0.8014454,0
1.0,0.8719184,0.81288624,0
1.0,0.86783665,0.79383063,0
1.0,0.8695383,0.7837908,0
1.0,0.86123604,0.7633014,0
1.0,0.8623272,0.78646815,0
1.0,0.84944093,0.7587416,0
1.0,0.8495646,0.71588576,0
1.0,0.8505329,0.69375026,0
1.0,0.8556255,0.6697478,0
1.0,0.8516663,0.6240477,0
1.0,0.87548923,0.64438,0
1.0,0.87989634,0.64456797,0
1.0,0.8792091,0.6186795,0
1.0,0.8761348,0.57121587,0
1.0,0.8848385,0.56926286,0
1.0,0.87711835,0.53790426,0
1.0,0.86245143,0.50436026,0
1.0,0.86291385,0.50351346,0
1.0,0.85585064,0.48614848,0
1.0,0.84338105,0.45767993,0
1.0,0.8173636,0.41164023,0
1.0,0.83657885,0.44778442,0
1.0,0.83219475,0.46193987,0
1.0,0.8203049,0.45516568,0
1.0,0.8112663,0.46590126,0
1.0,0.8229152,0.47704402,0
1.0,0.8381229,0.48078516,0
1.0,0.8165423,0.45349357,0
1.0,0.80779344,0.44775647,0
1.0,0.81985044,0.45875347,0
1.0,0.8461437,0.4921807,0
1.0,0.8102575,0.43713504,0
1.0,0.79238427,0.39210498,0
1.0,0.7709229,0.35426092,0
1.0,0.7930422,0.36977687,0
1.0,0.75441206,0.308398,0
1.0,0.7760944,0.32094514,0
1.0,0.7415164,0.28911284,0
1.0,0.81155366,0.3755081,0
1.0,0.828131,0.3935613,0
1.0,0.8242503,0.3907048,0
1.0,0.7910075,0.36583117,0
1.0,0.86244804,0.44980627,0
1.0,0.8555969,0.4493235,0
1.0,0.84890676,0.44258624,0
1.0,0.80445844,0.37601882,0
1.0,0.8736143,0.4553468,0
1.0,0.85790175,0.44438225,0
1.0,0.83466405,0.4232762,0
1.0,0.7975108,0.3742407,0
1.0,0.855614,0.42184424,0
1.0,0.83559513,0.3812319,0
1.0,0.8064459,0.36056262,0
1.0,0.76848227,0.332632,0
1.0,0.8159245,0.38473326,0
1.0,0.8314095,0.40932804,0
1.0,0.8376524,0.40372515,0
1.0,0.8425978,0.42556947,0
1.0,0.8688413,0.47954777,0
1.0,0.8794788,0.49579462,0
1.0,0.83829254,0.45720387,0
1.0,0.81565857,0.4376095,0
1.0,0.80703676,0.4442003,0
1.0,0.8183689,0.5032665,0
1.0,0.8175432,0.52046657,0
1.0,0.7977142,0.51272666,0
1.0,0.79839504,0.5462957,0
1.0,0.84568053,0.63515747,0
1.0,0.84700567,0.639471,0
1.0,0.8334674,0.61143446,0
1.0,0.8323867,0.58769864,0
1.0,0.87761265,0.67957664,0
1.0,0.8762444,0.75062,0
1.0,0.86521703,0.7643449,0
1.0,0.86103255,0.7757808,0
1.0,0.90592134,0.856236,0
1.0,0.90216714,0.8684458,0
1.0,0.89802617,0.8822092,0
1.0,0.8885635,0.88168436,0
1.0,0.90867984,0.9469285,0
1.0,0.87950456,0.91252506,0
1.0,0.8577629,0.91477907,0
1.0,0.84607863,0.94379354,0
1.0,0.8629987,1.044264,0
1.0,0.8499134,1.0644252,0
1.0,0.8617393,1.0893033,0
1.0,0.8644654,1.1279235,0
1.0,0.868144,1.1701368,0
1.0,0.851552,1.1631589,0
1.0,0.860213,1.1789072,0
1.0,0.8637002,1.1750929,0
1.0,0.87604636,1.2231055,0
1.0,0.86605823,1.21264,0
1.0,0.88005346,1.2547491,0
1.0,0.8823341,1.2436018,0
1.0,0.8941653,1.2330973,0
1.0,0.8829344,1.2504306,0
1.0,0.8930451,1.3246537,0
1.0,0.8784591,1.3411994,0
1.0,0.88787526,1.3932984,0
1.0,0.88264793,1.385285,0
1.0,0.8855425,1.4157224,0
1.0,0.8834543,1.468415,0
1.0,0.8853499,1.502467,0
1.0,0.89426434,1.477967,0
1.0,0.8910692,1.4808809,0
1.0,0.894689,1.521847,0
1.0,0.8981035,1.5583518,0
1.0,0.90090215,1.6185927,0
1.0,0.89370346,1.6147175,0
1.0,0.8989822,1.6260169,0
1.0,0.8986663,1.6158224,0
1.0,0.90396667,1.6229644,0
1.0,0.8889615,1.5832807,0
1.0,0.8972038,1.5930989,0
1.0,0.8890051,1.5605845,0
1.0,0.901983,1.6277138,0
1.0,0.8810184,1.6251116,0
1.0,0.88724697,1.6504507,0
1.0,0.88306326,1.621473,0
1.0,0.8957133,1.6411765,0
1.0,0.8827114,1.6926696,0
1.0,0.9005988,1.8661702,0
1.0,0.8997757,1.8992566,0
1.0,0.91355634,1.9505134,0
1.0,0.9059427,1.9354404,0
1.0,0.9130901,1.9764684,0
1.0,0.91199636,2.017272,0
1.0,0.9115292,1.9987473,0
1.0,0.9121291,1.9556464,0
1.0,0.91336787,1.9225392,0
1.0,0.9138556,1.925379,0
1.0,0.91430354,1.9583828,0
1.0,0.91696185,2.015767,0
1.0,0.9170041,2.0136547,0
1.0,0.9203531,2.0067823,0
1.0,0.9180333,2.040742,0
1.0,0.9230278,2.0506277,0
1.0,0.9145438,2.0271044,0
1.0,0.92359835,2.0598688,0
1.0,0.9102465,2.0138576,0
1.0,0.9224909,2.1370316,0
1.0,0.9129178,2.164299,0
1.0,0.9249513,2.2479155,0
1.0,0.9189754,2.2685847,0
1.0,0.92663705,2.2852244,0
1.0,0.91501135,2.2843745,0
1.0,0.91882205,2.2819133,0
1.0,0.9065725,2.1942382,0
1.0,0.90760005,2.176643,0
1.0,0.89114374,2.102643,0
1.0,0.8942214,2.1537547,0
1.0,0.8847132,2.1536164,0
1.0,0.87674963,2.0599115,0
1.0,0.8710648,1.9614305,0
1.0,0.8782897,1.9658487,0
1.0,0.87513083,1.9579804,0
1.0,0.8762169,1.9703338,0
1.0,0.8684745,1.9695096,0
1.0,0.87371314,1.9702828,0
1.0,0.8658275,1.962503,0
1.0,0.8677939,2.0517302,0
1.0,0.86216426,2.058323,0
1.0,0.8647086,2.0485678,0
1.0,0.8722801,2.0640898,0
1.0,0.87041897,2.0060382,0
1.0,0.87027115,1.972972,0
1.0,0.8723783,2.0266461,0
1.0,0.8744271,2.030713,0
1.0,0.87167853,1.9883457,0
1.0,0.8713567,1.984092,0
1.0,0.8731245,1.9818425,0
1.0,0.871401,1.920163,0
1.0,0.8728647,1.8217912,0
1.0,0.875832,1.7912217,0
1.0,0.879638,1.7640996,0
1.0,0.8784694,1.7503821,0
1.0,0.8883927,1.8349175,0
1.0,0.88647395,1.7989148,0
1.0,0.89446235,1.7969542,0
1.0,0.8909671,1.7926629,0
1.0,0.89576554,1.7986374,0
1.0,0.89354026,1.8252056,0
1.0,0.90822023,1.8269696,0
1.0,0.90230745,1.7756166,0
1.0,0.909509,1.8103738,0
1.0,0.902294,1.7835829,0
1.0,0.9088869,1.793769,0
1.0,0.9031468,1.772203,0
1.0,0.9019875,1.7476561,0
1.0,0.89876926,1.7132252,0
1.0,0.8972707,1.6990081,0
1.0,0.8834744,1.634658,0
1.0,0.88086635,1.5300074,0
1.0,0.8766992,1.4609541,0
1.0,0.87831837,1.4655249,0
1.0,0.86783826,1.4448159,0
1.0,0.8707586,1.4837751,0
1.0,0.8707265,1.5420277,0
1.0,0.8827213,1.5176783,0
1.0,0.87921077,1.4700844,0
1.0,0.8783106,1.5057781,0
1.0,0.8795629,1.5015112,0
1.0,0.8846871,1.5021237,0
1.0,0.88075805,1.512104,0
1.0,0.86932456,1.5163014,0
1.0,0.878864,1.5578364,0
1.0,0.8660265,1.5201216,0
1.0,0.86453223,1.4971222,0
1.0,0.8454217,1.3855615,0
1.0,0.8641834,1.4015408,0
1.0,0.8524801,1.377964,0
1.0,0.8447604,1.3480971,0
1.0,0.83014905,1.2856792,0
1.0,0.84820104,1.261384,0
1.0,0.85787475,1.2470541,0
1.0,0.85727483,1.2806166,0
1.0,0.8563537,1.2972842,0
1.0,0.8751515,1.3395991,0
1.0,0.89221424,1.3937751,0
1.0,0.89592713,1.3945179,0
1.0,0.8853783,1.3734412,0
1.0,0.89219683,1.4071758,0
1.0,0.8896571,1.3939575,0
1.0,0.8879408,1.3817018,0
1.0,0.86073035,1.33009,0
1.0,0.8658404,1.3588372,0
1.0,0.8647396,1.3550248,0
1.0,0.86410904,1.3204,0
1.0,0.8451289,1.2512469,0
1.0,0.84942865,1.2182161,0
1.0,0.85181206,1.2038472,0
1.0,0.8521995,1.1959041,0
1.0,0.8390761,1.1151581,0
1.0,0.84871334,1.1016941,0
1.0,0.86424005,1.1489674,0
1.0,0.8698025,1.1623614,0
1.0,0.86178374,1.1219575,0
1.0,0.8846902,1.1440487,0
1.0,0.88809794,1.1575702,0
1.0,0.88934964,1.1688378,0
1.0,0.87286615,1.1354378,0
1.0,0.88269204,1.1597226,0
1.0,0.8653569,1.136773,0
1.0,0.8500576,1.1075025,0
1.0,0.8224068,1.037335,0
1.0,0.84247875,1.1035554,0
1.0,0.8322719,1.1222242,0
1.0,0.83037496,1.0805364,0
1.0,0.82725924,1.0416987,0
1.0,0.85079324,1.0610514,0
1.0,0.8520739,1.0074952,0
1.0,0.8474856,0.9673324,0
1.0,0.85680485,0.96784526,0
1.0,0.8785673,0.9887793,0
1.0,0.8843201,1.0183005,0
1.0,0.8833662,1.0353411,0
1.0,0.8914588,1.0524907,0
1.0,0.9001618,1.0725174,0
1.0,0.8971637,1.0806936,0
1.0,0.89479506,1.0904117,0
1.0,0.89475554,1.0838386,0
1.0,0.8836005,1.0718305,0
1.0,0.87118906,1.0653514,0
1.0,0.8695454,1.0600969,0
1.0,0.8727631,1.0957632,0
1.0,0.8700083,1.1122196,0
1.0,0.8625485,1.0629463,0
1.0,0.87294096,1.0690669,0
1.0,0.8738249,1.0676988,0
1.0,0.8637389,1.0386055,0
1.0,0.8538021,1.0131392,0
1.0,0.8594348,1.0027939,0
1.0,0.8549104,0.9924624,0
1.0,0.8459694,1.0011947,0
1.0,0.8290584,0.94262856,0
1.0,0.83648485,0.940065,0
1.0,0.83044875,0.9768102,0
1.0,0.8218474,0.9680953,0
1.0,0.8023714,0.9319762,0
1.0,0.8150037,0.9872262,0
1.0,0.79279304,0.95084596,0
1.0,0.7884436,0.9685197,0
1.0,0.76387405,0.94788265,0
1.0,0.76403123,0.9900027,0
1.0,0.75323147,1.0005618,0
1.0,0.7553462,1.0037305,0
1.0,0.75396365,1.0124674,0
1.0,0.7576334,1.016735,0
1.0,0.74945074,0.99645483,0
1.0,0.7578907,1.0166824,0
1.0,0.7614501,1.0069728,0
1.0,0.7586348,0.99882483,0
1.0,0.7558715,0.98070794,0
1.0,0.75628954,0.95590603,0
1.0,0.76616156,0.9808439,0
1.0,0.76522684,0.99757624,0
1.0,0.7774032,1.0482603,0
1.0,0.7873879,1.1137385,0
1.0,0.7920734,1.1533566,0
1.0,0.8082309,1.1877394,0
1.0,0.8071362,1.203145,0
1.0,0.81738245,1.2546341,0
1.0,0.8105415,1.2431831,0
1.0,0.8201713,1.3070178,0
1.0,0.81409353,1.3137438,0
1.0,0.82260597,1.3231852,0
1.0,0.81316394,1.372632,0
1.0,0.8232382,1.4319052,0
1.0,0.81169045,1.3812494,0
1.0,0.83455855,1.4318973,0
1.0,0.8306333,1.3920883,0
1.0,0.8392367,1.38286,0
1.0,0.8319397,1.3542377,0
1.0,0.846772,1.3838987,0
1.0,0.84481466,1.3949362,0
1.0,0.8516189,1.4004576,0
1.0,0.84625536,1.4105256,0
1.0,0.85752183,1.4589132,0
1.0,0.8482747,1.4170287,0
1.0,0.858884,1.4612269,0
1.0,0.8494208,1.4749652,0
1.0,0.8529974,1.5472769,0
1.0,0.85697514,1.6289918,0
1.0,0.85516423,1.6473767,0
1.0,0.86420393,1.6854713,0
1.0,0.86372894,1.6959777,0
1.0,0.8751811,1.7330014,0
1.0,0.86555254,1.7277305,0
1.0,0.88760906,1.7698178,0
1.0,0.8807163,1.695307,0
1.0,0.8959965,1.7126647,0
1.0,0.8831048,1.6926634,0
1.0,0.90099734,1.7267716,0
1.0,0.88096327,1.6446462,0
1.0,0.8940706,1.6785051,0
1.0,0.8799303,1.6476605,0
1.0,0.89792967,1.6841805,0
1.0,0.87598467,1.6275992,0
1.0,0.8864327,1.6381414,0
1.0,0.8718728,1.5946746,0
1.0,0.8886476,1.6392081,0
1.0,0.8705867,1.6085329,0
1.0,0.8840282,1.6664069,0
1.0,0.86942905,1.655003,0
1.0,0.8856758,1.7375013,0
1.0,0.8671269,1.6935503,0
1.0,0.87213075,1.6941738,0
1.0,0.8563046,1.6460245,0
1.0,0.8631868,1.6109669,0
1.0,0.8373776,1.525933,0
1.0,0.8402481,1.5331327,0
1.0,0.82315296,1.4730588,0
1.0,0.8135548,1.4371303,0
1.0,0.7864673,1.3127854,0
1.0,0.78250283,1.2400169,0
1.0,0.7749562,1.217365,0
1.0,0.7756688,1.227025,0
1.0,0.7702532,1.2323663,0
1.0,0.76953346,1.2539023,0
1.0,0.76607674,1.2792816,0
1.0,0.7729175,1.3151793,0
1.0,0.78035027,1.3519464,0
1.0,0.783471,1.3842044,0
1.0,0.79148996,1.4222138,0
1.0,0.7921088,1.491465,0
1.0,0.81230086,1.5872383,0
1.0,0.812745,1.584235,0
1.0,0.82106125,1.5989785,0
1.0,0.82012534,1.6106014,0
1.0,0.82986873,1.6479712,0
1.0,0.8371652,1.6305938,0
1.0,0.84187275,1.6198797,0
1.0,0.84048337,1.626498,0
1.0,0.84712064,1.6512444,0
1.0,0.84554166,1.6638939,0
1.0,0.8502964,1.6698751,0
1.0,0.8490399,1.6791039,0
1.0,0.855206,1.7161951,0
1.0,0.8557119,1.7122166,0
1.0,0.85599035,1.741549,0
1.0,0.86113507,1.8045177,0
1.0,0.86677665,1.8564624,0
1.0,0.8760471,1.9205738,0
1.0,0.8738986,1.9785168,0
1.0,0.8804136,2.0356627,0
1.0,0.8833395,2.0456486,0
1.0,0.88814646,2.0687604,0
1.0,0.88312596,2.0758748,0
1.0,0.8888062,2.1142926,0
1.0,0.88809425,2.110198,0
1.0,0.89275634,2.0936766,0
1.0,0.88226485,1.999906,0
1.0,0.888521,1.9823563,0
1.0,0.88308424,2.0097601,0
1.0,0.8848201,2.0301409,0
1.0,0.87916034,2.012041,0
1.0,0.89323545,2.0238142,0
1.0,0.8959249,2.0024152,0
1.0,0.8987264,2.031308,0
1.0,0.89280105,2.0269895,0
1.0,0.9032489,2.0799167,0
1.0,0.907064,2.1160705,0
1.0,0.9082632,2.1458316,0
1.0,0.90474564,2.2254186,0
1.0,0.9114971,2.278651,0
1.0,0.9133109,2.2663767,0
1.0,0.91232765,2.2942123,0
1.0,0.91014725,2.3161407,0
1.0,0.9137798,2.3005724,0
1.0,0.9186236,2.3020322,0
1.0,0.9143142,2.300338,0
1.0,0.9106839,2.2982764,0
1.0,0.9134269,2.3359654,0
1.0,0.91081816,2.3583179,0
1.0,0.9099475,2.364406,0
1.0,0.9157971,2.3440778,0
1.0,0.9191475,2.3248663,0
1.0,0.9258423,2.3749037,0
1.0,0.9207505,2.4124374,0
1.0,0.9330094,2.5152073,0
1.0,0.93212825,2.5503116,0
1.0,0.9395246,2.6097124,0
1.0,0.93783176,2.6593547,0
1.0,0.94461095,2.710455,0
1.0,0.9426829,2.7285774,0
1.0,0.9456782,2.728635,0
1.0,0.945515,2.7069604,0
1.0,0.94865084,2.7247715,0
1.0,0.9478287,2.7408175,0
1.0,0.9494764,2.7797937,0
1.0,0.9480745,2.7847543,0
1.0,0.95055395,2.770417,0
1.0,0.9468158,2.7296386,0
1.0,0.9460556,2.7078836,0
1.0,0.9445006,2.6985176,0
1.0,0.94867444,2.6600697,0
1.0,0.9455262,2.670889,0
1.0,0.947221,2.7681706,0
1.0,0.9449579,2.7800837,0
1.0,0.9497239,2.798983,0
1.0,0.94848466,2.7951527,0
1.0,0.9491445,2.8085876,0
1.0,0.9496164,2.852798,0
1.0,0.95111144,2.8844943,0
1.0,0.95204526,2.9223287,0
1.0,0.95077294,2.9096253,0
1.0,0.95259136,2.8825483,0
1.0,0.9526133,2.911685,0
1.0,0.951604,2.917812,0
1.0,0.9478531,2.870596,0
1.0,0.9508987,2.8153334,0
1.0,0.95199317,2.7404833,0
1.0,0.95186347,2.7363281,0
1.0,0.9517006,2.7316008,0
1.0,0.953025,2.7305026,0
1.0,0.95772785,2.7729568,0
1.0,0.958054,2.7736673,0
1.0,0.9568826,2.7716727,0
1.0,0.9567909,2.7817116,0
1.0,0.958761,2.8006403,0
1.0,0.9600519,2.8383408,0
1.0,0.9571921,2.8380718,0
1.0,0.95780385,2.8714118,0
1.0,0.9601794,2.9404812,0
1.0,0.96081424,2.9410853,0
1.0,0.9586167,2.9178388,0
1.0,0.9581689,2.9199123,0
1.0,0.9589942,2.9113593,0
1.0,0.956351,2.8695226,0
1.0,0.9544604,2.8018932,0
1.0,0.9504543,2.7426152,0
1.0,0.9535583,2.7348356,0
1.0,0.94900703,2.7246974,0
1.0,0.9471422,2.7136183,0
1.0,0.93731797,2.6526673,0
1.0,0.94508654,2.6375017,0
1.0,0.93837994,2.5262089,0
1.0,0.9343568,2.4874206,0
1.0,0.92149603,2.475994,0
1.0,0.925481,2.45648,0
1.0,0.91937023,2.4540606,0
1.0,0.918449,2.5336509,0
1.0,0.9109155,2.55056,0
1.0,0.9209332,2.5657177,0
1.0,0.9142798,2.504061,0
1.0,0.91637933,2.5003576,0
1.0,0.9098609,2.463462,0
1.0,0.92069006,2.468311,0
1.0,0.916009,2.4232206,0
1.0,0.91573924,2.372431,0
1.0,0.9068018,2.3144531,0
1.0,0.9081868,2.2819428,0
1.0,0.9048271,2.2110877,0
1.0,0.8963134,2.1461034,0
1.0,0.8912399,2.0868726,0
1.0,0.88864464,2.03797,0
1.0,0.8894137,2.0524304,0
1.0,0.882219,2.0480914,0
1.0,0.88426125,2.0548053,0
1.0,0.8798349,2.066315,0
1.0,0.8849025,2.0967267,0
1.0,0.88081884,2.091648,0
1.0,0.8852632,2.119079,0
1.0,0.88706416,2.1282382,0
1.0,0.8936686,2.1357427,0
1.0,0.8891686,2.132049,0
1.0,0.8927529,2.155916,0
1.0,0.8921341,2.1314752,0
1.0,0.8932771,2.1367836,0
1.0,0.8825504,2.0811307,0
1.0,0.8821001,2.031811,0
1.0,0.8699612,2.0111287,0
1.0,0.86751264,1.95834,0
1.0,0.85779077,1.843466,0
1.0,0.8629662,1.8508184,0
1.0,0.86216825,1.8951256,0
1.0,0.86200726,1.922616,0
1.0,0.8686681,1.938548,0
1.0,0.8770445,1.9345286,0
1.0,0.8782119,1.9416407,0
1.0,0.8822902,2.0208411,0
1.0,0.8889934,2.0886483,0
1.0,0.9023657,2.177263,0
1.0,0.8985037,2.2226884,0
1.0,0.90074086,2.218752,0
1.0,0.9048321,2.2289095,0
1.0,0.91192555,2.2615042,0
1.0,0.9063402,2.2352717,0
1.0,0.9077908,2.2187383,0
1.0,0.9105613,2.2322588,0
1.0,0.9132692,2.2684264,0
1.0,0.9081293,2.2158647,0
1.0,0.9087712,2.1653905,0
1.0,0.91289675,2.1336083,0
1.0,0.9132942,2.1058798,0
1.0,0.91199297,2.1414113,0
1.0,0.92277014,2.1971202,0
1.0,0.92650914,2.2070174,0
1.0,0.9311294,2.2292898,0
1.0,0.92803127,2.2221045,0
1.0,0.9313204,2.258082,0
1.0,0.92428714,2.286694,0
1.0,0.9260012,2.3028598,0
1.0,0.9215108,2.2710238,0
1.0,0.92184675,2.3007839,0
1.0,0.91568744,2.3245764,0
1.0,0.91269183,2.311043,0
1.0,0.90934724,2.2725248,0
1.0,0.90926015,2.2433753,0
1.0,0.90631837,2.190806,0
1.0,0.904347,2.1504176,0
1.0,0.90514314,2.127805,0
1.0,0.9040834,2.059814,0
1.0,0.901981,1.991693,0
1.0,0.9006758,1.9365106,0
1.0,0.899234,1.8918586,0
1.0,0.9034129,1.913679,0
1.0,0.8966004,1.8975527,0
1.0,0.8972441,1.8989338,0
1.0,0.89190555,1.893246,0
1.0,0.88621163,1.9115043,0
1.0,0.8807104,1.9209532,0
1.0,0.8732956,1.8483261,0
1.0,0.8749234,1.8309615,0
1.0,0.8746798,1.8475815,0
1.0,0.8757036,1.8943084,0
1.0,0.8779702,1.9188579,0
1.0,0.88481,1.8783767,0
1.0,0.89215237,1.8479862,0
1.0,0.89359975,1.8187554,0
1.0,0.8918871,1.8254087,0
1.0,0.8919946,1.8164226,0
1.0,0.90156657,1.7852668,0
1.0,0.9011069,1.7525771,0
1.0,0.90232426,1.7212619,0
1.0,0.89703804,1.6979795,0
1.0,0.90650386,1.7534434,0
1.0,0.89612836,1.6833746,0
1.0,0.90030134,1.668353,0
1.0,0.89214677,1.6735533,0
1.0,0.89838886,1.6883836,0
1.0,0.8985273,1.7119446,0
1.0,0.9085409,1.7704998,0
1.0,0.90341127,1.7656302,0
1.0,0.9069561,1.7942431,0
1.0,0.89837366,1.7975395,0
1.0,0.9090982,1.8448237,0
1.0,0.89496005,1.7925701,0
1.0,0.8963658,1.7535642,0
1.0,0.8846226,1.7038536,0
1.0,0.88647264,1.7088647,0
1.0,0.86862105,1.6637964,0
1.0,0.8712104,1.6065958,0
1.0,0.8712745,1.539092,0
1.0,0.881083,1.619376,0
1.0,0.87191707,1.6145656,0
1.0,0.87403077,1.5978179,0
1.0,0.88064235,1.5953952,0
1.0,0.8839465,1.5734329,0
1.0,0.8788318,1.5886526,0
1.0,0.8783809,1.6520221,0
1.0,0.88157153,1.6657174,0
1.0,0.88100845,1.6243833,0
1.0,0.8757707,1.623239,0
1.0,0.87568986,1.6293974,0
1.0,0.8748105,1.6135905,0
1.0,0.8701322,1.6195893,0
1.0,0.86044455,1.5835652,0
1.0,0.8604572,1.5643402,0
1.0,0.85886157,1.5972837,0
1.0,0.85663986,1.5692832,0
1.0,0.8611218,1.4930718,0
1.0,0.87583196,1.4930627,0
1.0,0.8855969,1.5211843,0
1.0,0.89600044,1.5369773,0
1.0,0.9015969,1.5391364,0
1.0,0.91084576,1.5411112,0
1.0,0.9137338,1.5223664,0
1.0,0.906615,1.5000844,0
1.0,0.9007048,1.5077512,0
1.0,0.8993468,1.5305192,0
1.0,0.8916225,1.5033627,0
1.0,0.89075077,1.4464179,0
1.0,0.88589126,1.3945026,0
1.0,0.893374,1.448992,0
1.0,0.9017813,1.5221553,0
1.0,0.9098996,1.4762032,0
1.0,0.91000813,1.4407632,0
1.0,0.9152897,1.4722447,0
1.0,0.91831136,1.4493514,0
1.0,0.9151494,1.404501,0
1.0,0.929153,1.3729355,0
1.0,0.93775755,1.3127356,0
1.0,0.93931425,1.3010852,0
1.0,0.93912864,1.3131473,0
1.0,0.9429151,1.302901,0
1.0,0.9431505,1.2806325,0
1.0,0.9386299,1.244257,0
1.0,0.9295112,1.2369506,0
1.0,0.92906994,1.2776942,0
1.0,0.9277574,1.2473049,0
1.0,0.927832,1.2114238,0
1.0,0.92392814,1.2018368,0
1.0,0.9341783,1.246815,0
1.0,0.9371444,1.288512,0
1.0,0.9362706,1.2631586,0
1.0,0.9376593,1.2344992,0
1.0,0.9428433,1.2171254,0
1.0,0.9416703,1.2032831,0
1.0,0.937338,1.2124448,0
1.0,0.93112093,1.1699799,0
1.0,0.93908143,1.1280823,0
1.0,0.9378248,1.0775731,0
1.0,0.9302347,1.057008,0
1.0,0.928678,1.0737319,0
1.0,0.9174161,1.0423887,0
1.0,0.90962076,0.98929834,0
1.0,0.89454633,0.8920934,0
1.0,0.8953578,0.89703643,0
1.0,0.8783133,0.9089943,0
1.0,0.8834298,0.8852323,0
1.0,0.8766806,0.85369354,0
1.0,0.8867328,0.871439,0
1.0,0.865642,0.83824146,0
1.0,0.86324,0.8743107,0
1.0,0.8341204,0.81140774,0
1.0,0.8659577,0.80747676,0
1.0,0.8251412,0.7148559,0
1.0,0.808253,0.70144165,0
1.0,0.7735272,0.6532631,0
1.0,0.79888284,0.65366244,0
1.0,0.7212072,0.4930848,0
1.0,0.7025864,0.43548712,0
1.0,0.64252704,0.3650029,0
1.0,0.69314986,0.40677774,0
1.0,0.5952657,0.30232346,0
1.0,0.588509,0.2637636,0
1.0,0.54123354,0.22618791,0
1.0,0.62312603,0.28718793,0
1.0,0.56314677,0.24402931,0
1.0,0.5639431,0.23620984,0
1.0,0.5274477,0.1967179,0
1.0,0.6187269,0.24126941,0
1.0,0.5209571,0.19843002,0
1.0,0.50918156,0.19446921,0
1.0,0.47406003,0.18179473,0
1.0,0.54466337,0.20872511,0
1.0,0.4488525,0.17539355,0
1.0,0.44682243,0.17640136,0
1.0,0.42081884,0.17907077,0
1.0,0.46623188,0.19234778,0
1.0,0.41170266,0.19486265,0
1.0,0.4077453,0.2014438,0
1.0,0.4031154,0.20209765,0
1.0,0.436947,0.19686037,0
1.0,0.39540866,0.21627969,0
1.0,0.38665318,0.21229583,0
1.0,0.39775884,0.20821123,0
1.0,0.41937256,0.19136384,0
1.0,0.40120703,0.19974864,0
1.0,0.38474897,0.20317203,0
1.0,0.40030763,0.20268413,0
1.0,0.39697406,0.20396966,0
1.0,0.37967232,0.19534051,0
1.0,0.35728768,0.1946843,0
1.0,0.3664958,0.20957392,0
1.0,0.35891926,0.21268642,0
1.0,0.35600522,0.2132169,0
1.0,0.33751947,0.21767405,0
1.0,0.33925554,0.21451737,0
1.0,0.33801252,0.2212334,0
1.0,0.34986842,0.23126853,0
1.0,0.3291935,0.24624984,0
1.0,0.3479837,0.22846566,0
1.0,0.33511814,0.23353127,0
1.0,0.34716845,0.23155504,0
1.0,0.33914587,0.24249078,0
1.0,0.34035555,0.2370601,0
1.0,0.34009635,0.2200064,0
1.0,0.36988628,0.20591576,0
1.0,0.36598274,0.21196803,0
1.0,0.3761046,0.21325453,0
1.0,0.373505,0.1925736,0
1.0,0.3809126,0.1623441,0
1.0,0.36647534,0.15692224,0
1.0,0.40085626,0.15179378,0
1.0,0.37483412,0.16353977,0
1.0,0.4025059,0.14281575,0
1.0,0.38319734,0.13705793,0
1.0,0.4223036,0.13632268,0
1.0,0.4237434,0.1674454,0
1.0,0.5391581,0.14999688,0
1.0,0.4964021,0.15786952,0
1.0,0.5725036,0.14141008,0
1.0,0.55975515,0.14303346,0
1.0,0.63306314,0.1266947,0
1.0,0.52789503,0.1426813,0
1.0,0.5817105,0.12607855,0
1.0,0.56302536,0.12741578,0
1.0,0.6554257,0.119275756,0
1.0,0.5303989,0.13431475,0
1.0,0.6325593,0.120061204,0
1.0,0.5750354,0.1251858,0
1.0,0.6316703,0.12097543,0
1.0,0.5066732,0.13550448,0
1.0,0.6122392,0.120615095,0
1.0,0.5625008,0.124366455,0
1.0,0.6444747,0.11299909,0
1.0,0.5245661,0.12713167,0
1.0,0.574715,0.11496942,0
1.0,0.5800798,0.106492445,0
1.0,0.654679,0.09033817,0
1.0,0.5620159,0.10921705,0
1.0,0.62421685,0.08980572,0
1.0,0.55409795,0.103609845,0
1.0,0.5349949,0.10731968,0
1.0,0.4793086,0.12930146,0
1.0,0.53376067,0.10677284,0
1.0,0.5126761,0.11523568,0
1.0,0.6038187,0.10211041,0
1.0,0.5878862,0.10410913,0
1.0,0.6646673,0.09575547,0
1.0,0.6186509,0.085652545,0
1.0,0.60267186,0.07511263,0
1.0,0.5742374,0.07558605,0
1.0,0.65709126,0.07985788,0
1.0,0.6526137,0.078946956,0
1.0,0.6362734,0.08330034,0
1.0,0.6155984,0.08229008,0
1.0,0.6466907,0.08796747,0
1.0,0.63732857,0.0874389,0
1.0,0.6161132,0.08561516,0
1.0,0.6019792,0.08844648,0
1.0,0.64289045,0.094854474,0
1.0,0.5988943,0.08833848,0
1.0,0.5736712,0.07888236,0
1.0,0.5913407,0.08086723,0
1.0,0.62378305,0.08805642,0
1.0,0.62746763,0.09210345,0
1.0,0.607098,0.08796116,0
1.0,0.6096185,0.090896875,0
1.0,0.5996793,0.08520718,0
1.0,0.57295567,0.0864947,0
1.0,0.518993,0.078553855,0
1.0,0.54076666,0.07967764,0
1.0,0.51517475,0.07618199,0
1.0,0.50597864,0.077316046,0
1.0,0.51450586,0.07559712,0
1.0,0.55063623,0.081229046,0
1.0,0.5063051,0.07560088,0
1.0,0.49127972,0.07280384,0
1.0,0.5083027,0.07374689,0
1.0,0.5478195,0.076936945,0
1.0,0.5377348,0.07531877,0
1.0,0.5245066,0.06526089,0
1.0,0.56910866,0.07329486,0
1.0,0.5792251,0.0768603,0
1.0,0.57113385,0.08717323,0
1.0,0.54993,0.089648806,0
1.0,0.6241756,0.10880311,0
1.0,0.688159,0.13428904,0
1.0,0.68412423,0.13407987,0
1.0,0.6580844,0.1392164,0
1.0,0.74278885,0.19401519,0
1.0,0.7526232,0.19452587,0
1.0,0.7490947,0.18852368,0
1.0,0.71366906,0.16244021,0
1.0,0.7885387,0.21248174,0
1.0,0.8264369,0.23796862,0
1.0,0.85393906,0.2472944,0
1.0,0.84326464,0.23145512,0
1.0,0.8830042,0.27230448,0
1.0,0.9057263,0.3117576,0
1.0,0.91473335,0.32857054,0
1.0,0.89768857,0.28660926,0
1.0,0.9088222,0.2898926,0
1.0,0.92175335,0.3232513,0
1.0,0.91468906,0.33257014,0
1.0,0.88824576,0.30903718,0
1.0,0.88397294,0.30041724,0
1.0,0.91061676,0.31928325,0
1.0,0.89663893,0.3332585,0
1.0,0.8659164,0.3029561,0
1.0,0.8287302,0.25522932,0
1.0,0.8301682,0.25819314,0
1.0,0.8098254,0.23880158,0
1.0,0.77209395,0.21363422,0
1.0,0.72607154,0.19015172,0
1.0,0.7595889,0.20611292,0
1.0,0.7403902,0.1744237,0
1.0,0.7086665,0.14511001,0
1.0,0.6524758,0.10625875,0
1.0,0.66304725,0.10854311,0
1.0,0.5997983,0.08333317,0
1.0,0.5623793,0.067865714,0
1.0,0.52508163,0.065527335,0
1.0,0.5351818,0.06517817,0
1.0,0.50026035,0.06554293,0
1.0,0.5032025,0.07164167,0
1.0,0.5634483,0.075096056,0
1.0,0.5825009,0.07522026,0
1.0,0.5915455,0.079943806,0
1.0,0.6139549,0.09185022,0
1.0,0.6605034,0.10456044,0
1.0,0.6325862,0.08682446,0
1.0,0.65978634,0.090794265,0
1.0,0.66039747,0.093272746,0
1.0,0.6846346,0.104140386,0
1.0,0.66194326,0.08418856,0
1.0,0.6918998,0.08444002,0
1.0,0.69708866,0.08866194,0
1.0,0.7047372,0.09115734,0
1.0,0.684663,0.08783396,0
1.0,0.6884668,0.07509031,0
1.0,0.7027862,0.07865689,0
1.0,0.712311,0.08358444,0
1.0,0.73092294,0.096600585,0
1.0,0.73970413,0.106860414,0
1.0,0.7311568,0.100781344,0
1.0,0.72425026,0.08987643,0
1.0,0.74493307,0.106167704,0
1.0,0.68040097,0.08820158,0
1.0,0.6834731,0.08876879,0
1.0,0.6526956,0.07832215,0
1.0,0.6622683,0.08377737,0
1.0,0.6039713,0.06669831,0
1.0,0.61086303,0.06261874,0
1.0,0.61293316,0.06450366,0
1.0,0.6751368,0.0855185,0
1.0,0.6013305,0.06306425,0
1.0,0.61644334,0.057413206,0
1.0,0.62577033,0.057556372,0
1.0,0.68171227,0.072839044,0
1.0,0.6012986,0.047089823,0
1.0,0.6056672,0.04190217,0
1.0,0.6141354,0.04143479,0
1.0,0.66337615,0.056701504,0
1.0,0.6433574,0.053819716,0
1.0,0.6875176,0.06683225,0
1.0,0.7096308,0.0783966,0
1.0,0.71069103,0.07991542,0
1.0,0.70976806,0.091457725,0
1.0,0.7449338,0.10911408,0
1.0,0.7594817,0.11552338,0
1.0,0.7552826,0.10816623,0
1.0,0.7448453,0.10304443,0
1.0,0.76993674,0.13715076,0
1.0,0.78318644,0.14938946,0
1.0,0.78241545,0.14084437,0
1.0,0.75363654,0.11792769,0
1.0,0.772479,0.12815975,0
1.0,0.7898545,0.1416893,0
1.0,0.7665301,0.11932032,0
1.0,0.79752773,0.123866685,0
1.0,0.7784034,0.122521445,0
1.0,0.82281756,0.15546542,0
1.0,0.8084411,0.14537337,0
1.0,0.83263624,0.16513385,0
1.0,0.78732884,0.14061959,0
1.0,0.85653836,0.18271193,0
1.0,0.82790995,0.16722979,0
1.0,0.839321,0.19880655,0
1.0,0.7285363,0.14021802,0
1.0,0.805656,0.19615605,0
1.0,0.7767803,0.17653184,0
1.0,0.78441006,0.19187747,0
1.0,0.66770625,0.122315295,0
1.0,0.7544807,0.1764028,0
1.0,0.73970795,0.15757075,0
1.0,0.8014345,0.19757794,0
1.0,0.68075866,0.11728015,0
1.0,0.76999974,0.1632849,0
1.0,0.7512967,0.1475137,0
1.0,0.82279587,0.18642762,0
1.0,0.72166836,0.12044953,0
1.0,0.7849352,0.15996583,0
1.0,0.76029253,0.14714918,0
1.0,0.76406,0.14614995,0
1.0,0.6921675,0.08829753,0
1.0,0.70962346,0.11077777,0
1.0,0.6967776,0.12787691,0
1.0,0.7446728,0.1602948,0
1.0,0.7063563,0.1395526,0
1.0,0.7155343,0.14437936,0
1.0,0.7246848,0.15029332,0
1.0,0.7454771,0.1789405,0
1.0,0.7118457,0.1609658,0
1.0,0.7269366,0.16892336,0
1.0,0.71998805,0.1622977,0
1.0,0.7499544,0.17928529,0
1.0,0.7102217,0.15286303,0
1.0,0.7248628,0.16266677,0
1.0,0.72312576,0.15926719,0
1.0,0.73721457,0.15465455,0
1.0,0.69987404,0.12522317,0
1.0,0.7335259,0.1531238,0
1.0,0.7692535,0.18292491,0
1.0,0.76823187,0.17247495,0
1.0,0.7179155,0.1474393,0
1.0,0.75529087,0.17390457,0
1.0,0.7894116,0.19936076,0
1.0,0.7723499,0.2056221,0
1.0,0.73194087,0.17447117,0
1.0,0.7539553,0.19315416,0
1.0,0.770053,0.24433215,0
1.0,0.69428176,0.1880898,0
1.0,0.67007834,0.17329323,0
1.0,0.6876322,0.19115722,0
1.0,0.71086985,0.2055588,0
1.0,0.67225367,0.17873712,0
1.0,0.6604043,0.17144889,0
1.0,0.6851836,0.17286718,0
1.0,0.7358438,0.18420672,0
1.0,0.6894079,0.1540713,0
1.0,0.6886639,0.15808351,0
1.0,0.70018667,0.16493145,0
1.0,0.7281669,0.19132982,0
1.0,0.6446917,0.13123465,0
1.0,0.65598196,0.1296789,0
1.0,0.6632692,0.15911287,0
1.0,0.6874418,0.19623342,0
1.0,0.6621559,0.182531,0
1.0,0.68880844,0.20355795,0
1.0,0.70981014,0.22644514,0
1.0,0.73311496,0.25108337,0
1.0,0.71353143,0.23407972,0
1.0,0.73355204,0.25016123,0
1.0,0.76137143,0.26398033,0
1.0,0.77132297,0.2719402,0
1.0,0.7691476,0.28322208,0
1.0,0.77644134,0.27567053,0
1.0,0.7994584,0.294119,0
1.0,0.819549,0.31276226,0
1.0,0.8020521,0.27991933,0
1.0,0.8110602,0.29637468,0
1.0,0.7960069,0.2869291,0
1.0,0.8009075,0.25860697,0
1.0,0.8155782,0.2744876,0
1.0,0.86150837,0.3255428,0
1.0,0.8509696,0.3114931,0
1.0,0.869967,0.33606425,0
1.0,0.8713916,0.33630288,0
1.0,0.887372,0.35049334,0
1.0,0.8576052,0.32470423,0
1.0,0.8697763,0.3470329,0
1.0,0.8660491,0.3369487,0
1.0,0.8829342,0.34619433,0
1.0,0.8249143,0.29607517,0
1.0,0.8397828,0.29998213,0
1.0,0.8444628,0.29369283,0
1.0,0.8584405,0.31011093,0
1.0,0.81674385,0.23310095,0
1.0,0.8221222,0.20755124,0
1.0,0.83121127,0.22054812,0
1.0,0.8349913,0.23398201,0
1.0,0.8056052,0.20702198,0
1.0,0.8201316,0.21696913,0
1.0,0.8201445,0.22105199,0
1.0,0.84242994,0.2466674,0
1.0,0.81390786,0.24732295,0
1.0,0.83639044,0.28162193,0
1.0,0.7985377,0.24303505,0
1.0,0.80559003,0.26697803,0
1.0,0.75785834,0.25419056,0
1.0,0.7837018,0.2986886,0
1.0,0.758584,0.27292457,0
1.0,0.8136731,0.3252773,0
1.0,0.78206766,0.303384,0
1.0,0.7964794,0.3253413,0
1.0,0.7727871,0.30863237,0
1.0,0.8344445,0.3792237,0
1.0,0.8108654,0.36162275,0
1.0,0.8355754,0.3974235,0
1.0,0.80567,0.38302964,0
1.0,0.85483485,0.4603656,0
1.0,0.8008183,0.4090262,0
1.0,0.8240354,0.45044902,0
1.0,0.7800588,0.4198371,0
1.0,0.85596484,0.57333916,0
1.0,0.79458654,0.511305,0
1.0,0.79602313,0.53914535,0
1.0,0.7708379,0.5352666,0
1.0,0.8353786,0.6343745,0
1.0,0.7809355,0.604283,0
1.0,0.7770108,0.6344616,0
1.0,0.76753634,0.618875,0
1.0,0.8158907,0.7255653,0
1.0,0.7874685,0.71878815,0
1.0,0.7811822,0.71698487,0
1.0,0.7838861,0.7372786,0
1.0,0.8020191,0.77923435,0
1.0,0.7934318,0.74090683,0
1.0,0.7896079,0.7313199,0
1.0,0.8038721,0.8165025,0
1.0,0.8203756,0.87665683,0
1.0,0.8291534,0.90445685,0
1.0,0.8405013,0.9475298,0
1.0,0.8460318,0.9708554,0
1.0,0.8550009,1.0136338,0
1.0,0.8627362,1.0696458,0
1.0,0.87408495,1.104976,0
1.0,0.88238895,1.1392512,0
1.0,0.8743024,1.1531749,0
1.0,0.8793262,1.1937132,0
1.0,0.8865637,1.2474437,0
1.0,0.885337,1.2728394,0
1.0,0.8792882,1.2773821,0
1.0,0.88348466,1.292808,0
1.0,0.8851422,1.3200585,0
1.0,0.8787415,1.3081234,0
1.0,0.8718865,1.2406869,0
1.0,0.88193274,1.2513368,0
1.0,0.8885538,1.2845588,0
1.0,0.8804588,1.3012986,0
1.0,0.8856732,1.3577185,0
1.0,0.8903748,1.347568,0
1.0,0.9067204,1.3768634,0
1.0,0.8864655,1.3790092,0
1.0,0.88708156,1.3818558,0
1.0,0.8816956,1.3513381,0
1.0,0.884673,1.3917543,0
1.0,0.86294085,1.3622155,0
1.0,0.85885113,1.3761189,0
1.0,0.8549161,1.4265244,0
1.0,0.857854,1.4555025,0
1.0,0.83509254,1.3842268,0
1.0,0.84283537,1.407763,0
1.0,0.837692,1.3712617,0
1.0,0.8413742,1.3632329,0
1.0,0.8274052,1.3655912,0
1.0,0.8409725,1.4107579,0
1.0,0.8485177,1.4058068,0
1.0,0.8536688,1.4545106,0
1.0,0.84876394,1.4862398,0
1.0,0.85834974,1.4910475,0
1.0,0.8587241,1.4938439,0
1.0,0.8575238,1.5190694,0
1.0,0.8500519,1.5001507,0
1.0,0.8505769,1.5464885,0
1.0,0.85235786,1.6286345,0
1.0,0.8437674,1.6179464,0
1.0,0.8482732,1.6639832,0
1.0,0.8495927,1.7306008,0
1.0,0.853375,1.7627512,0
1.0,0.84410226,1.7371736,0
1.0,0.8591623,1.756853,0
1.0,0.8585269,1.7200985,0
1.0,0.86120933,1.7301099,0
1.0,0.85572386,1.7480158,0
1.0,0.8657481,1.7405928,0
1.0,0.86748236,1.720792,0
1.0,0.87084854,1.7296968,0
1.0,0.86944026,1.6785021,0
1.0,0.87656665,1.6719885,0
1.0,0.88407373,1.6983196,0
1.0,0.8824312,1.6744802,0
1.0,0.8854803,1.7263074,0
1.0,0.89562523,1.7597036,0
1.0,0.9006462,1.7767775,0
1.0,0.8984009,1.8515573,0
1.0,0.899814,1.8840116,0
1.0,0.90828806,1.8995373,0
1.0,0.9089722,1.9256773,0
1.0,0.8956282,1.9063251,0
1.0,0.89403856,1.8718622,0
1.0,0.90235335,1.8644254,0
1.0,0.9005318,1.8678648,0
1.0,0.88992035,1.8190892,0
1.0,0.88264096,1.7596303,0
1.0,0.8861234,1.7592883,0
1.0,0.88091177,1.7033186,0
1.0,0.8729881,1.5966706,0
1.0,0.8684667,1.541069,0
1.0,0.8773951,1.5604458,0
1.0,0.8740919,1.5619444,0
1.0,0.87493634,1.5687141,0
1.0,0.8768349,1.5687786,0
1.0,0.8942444,1.5870895,0
1.0,0.8841427,1.5805506,0
1.0,0.88378286,1.610002,0
1.0,0.87045354,1.5628912,0
1.0,0.884211,1.6507418,0
1.0,0.8699619,1.653213,0
1.0,0.86558986,1.6608003,0
1.0,0.85449976,1.7126689,0
1.0,0.8584225,1.7585957,0
1.0,0.84486413,1.7037048,0
1.0,0.85665596,1.7191592,0
1.0,0.85078853,1.6604257,0
1.0,0.84999025,1.6359959,0
1.0,0.8447534,1.5771246,0
1.0,0.8567439,1.5332965,0
1.0,0.8582403,1.5202448,0
1.0,0.860812,1.5368546,0
1.0,0.8647613,1.5515734,0
1.0,0.8727455,1.5605952,0
1.0,0.8810719,1.5746055,0
1.0,0.8811289,1.5851765,0
1.0,0.88357806,1.6614659,0
1.0,0.88820505,1.7411258,0
1.0,0.89515674,1.7926233,0
1.0,0.89643604,1.8178642,0
1.0,0.89922273,1.8249279,0
1.0,0.899171,1.8774021,0
1.0,0.90321857,1.9538313,0
1.0,0.90024734,1.9336519,0
1.0,0.903778,1.9300574,0
1.0,0.9016469,1.9256725,0
1.0,0.9060166,1.9241011,0
1.0,0.9072889,1.929909,0
1.0,0.9085635,1.9207476,0
1.0,0.9045656,1.8858459,0
1.0,0.9103608,1.8971237,0
1.0,0.91009396,1.855386,0
1.0,0.91217893,1.825933,0
1.0,0.90206933,1.7936854,0
1.0,0.906841,1.7838488,0
1.0,0.9001054,1.7537985,0
1.0,0.8963371,1.7473226,0
1.0,0.8885392,1.7479885,0
1.0,0.8896279,1.7616332,0
1.0,0.88557374,1.7766482,0
1.0,0.8830714,1.8468568,0
1.0,0.8757372,1.8461744,0
1.0,0.87362343,1.8171747,0
1.0,0.8678757,1.7857486,0
1.0,0.86755544,1.7425194,0
1.0,0.8572581,1.6859488,0
1.0,0.86800134,1.7371192,0
1.0,0.853225,1.7063625,0
1.0,0.85584277,1.6235262,0
1.0,0.8508917,1.5449959,0
1.0,0.8614042,1.5301182,0
1.0,0.8450193,1.4612796,0
1.0,0.8586965,1.506754,0
1.0,0.85416687,1.4790573,0
1.0,0.86548823,1.5236664,0
1.0,0.85117793,1.4894896,0
1.0,0.86592716,1.4723725,0
1.0,0.86498785,1.4594841,0
1.0,0.88150835,1.5135512,0
1.0,0.87024426,1.5183259,0
1.0,0.89909613,1.5975649,0
1.0,0.8859065,1.5610337,0
1.0,0.90675664,1.6516893,0
1.0,0.8878024,1.6098324,0
1.0,0.9033502,1.6503949,0
1.0,0.88551,1.5897589,0
1.0,0.902979,1.5936162,0
1.0,0.8799332,1.5314399,0
1.0,0.89430076,1.5397341,0
1.0,0.88174313,1.465829,0
1.0,0.895802,1.4865084,0
1.0,0.87620425,1.3992014,0
1.0,0.88541865,1.3484542,0
1.0,0.87893295,1.3505254,0
1.0,0.8870628,1.384407,0
1.0,0.87961566,1.345714,0
1.0,0.88471466,1.3593688,0
1.0,0.8757491,1.3729393,0
1.0,0.88304067,1.4079027,0
1.0,0.8762117,1.3823353,0
1.0,0.8802747,1.4105202,0
1.0,0.8735417,1.4081559,0
1.0,0.8776291,1.4247756,0
1.0,0.87273914,1.4118652,0
1.0,0.8585639,1.3548963,0
1.0,0.8591748,1.3351686,0
1.0,0.84869736,1.2319106,0
1.0,0.8525892,1.2062044,0
1.0,0.84000146,1.2085975,0
1.0,0.85627085,1.2419324,0
1.0,0.8458069,1.2071295,0
1.0,0.8624119,1.2147737,0
1.0,0.84574866,1.1759622,0
1.0,0.85381025,1.1856691,0
1.0,0.8339395,1.0777978,0
1.0,0.84416723,1.103771,0
1.0,0.8327314,1.1218884,0
1.0,0.8296301,1.1378521,0
1.0,0.82277185,1.1394179,0
1.0,0.8359458,1.1544905,0
1.0,0.8210917,1.1434535,0
1.0,0.8318821,1.1824884,0
1.0,0.81238943,1.1311735,0
1.0,0.83352804,1.2038441,0
1.0,0.80690175,1.156996,0
1.0,0.81854475,1.140111,0
1.0,0.79836595,1.0890715,0
1.0,0.81633234,1.1417167,0
1.0,0.79303354,1.0859222,0
1.0,0.8152464,1.0972179,0
1.0,0.8057189,1.0305676,0
1.0,0.81913984,1.0471218,0
1.0,0.8038399,1.0233784,0
1.0,0.8187956,1.0510328,0
1.0,0.8133243,1.0507097,0
1.0,0.81361717,1.0686747,0
1.0,0.8073233,1.0586966,0
1.0,0.81559956,1.064903,0
1.0,0.81175977,1.0765343,0
1.0,0.8162956,1.115419,0
1.0,0.80617476,1.0852394,0
1.0,0.8146454,1.1246684,0
1.0,0.8092483,1.1488221,0
1.0,0.8084049,1.1319969,0
1.0,0.8068549,1.108285,0
1.0,0.8136521,1.1364397,0
1.0,0.824929,1.1742663,0
1.0,0.82064813,1.1403964,0
1.0,0.83421075,1.1164162,0
1.0,0.8321331,1.0696554,0
1.0,0.849041,1.0772698,0
1.0,0.8414413,1.0512111,0
1.0,0.8497245,1.0587845,0
1.0,0.84608525,1.0684228,0
1.0,0.85881245,1.1159844,0
1.0,0.862055,1.0933449,0
1.0,0.86229175,1.0782475,0
1.0,0.8577667,1.084569,0
1.0,0.87495494,1.1191738,0
1.0,0.8721617,1.0957378,0
1.0,0.8714136,1.092689,0
1.0,0.8592053,1.0761917,0
1.0,0.87338436,1.0976176,0
1.0,0.87146294,1.0663984,0
1.0,0.8693841,1.0414236,0
1.0,0.85250473,0.98421806,0
1.0,0.8647788,0.9741051,0
1.0,0.85431665,0.92961776,0
1.0,0.8440813,0.8898988,0
1.0,0.8126653,0.8118936,0
1.0,0.8319935,0.81772834,0
1.0,0.8100291,0.7527348,0
1.0,0.7950622,0.7182812,0
1.0,0.7531023,0.6119053,0
1.0,0.77705294,0.59310305,0
1.0,0.74294364,0.54196703,0
1.0,0.7378551,0.5466187,0
1.0,0.69357544,0.46605492,0
1.0,0.73389333,0.5205854,0
1.0,0.68232054,0.44575003,0
1.0,0.6905171,0.44041383,0
1.0,0.6812825,0.42410788,0
1.0,0.7020696,0.4524418,0
1.0,0.6957056,0.44691783,0
1.0,0.70617044,0.46747187,0
1.0,0.71299225,0.46125168,0
1.0,0.7577003,0.48131973,0
1.0,0.70714134,0.3970757,0
1.0,0.7371748,0.4225922,0
1.0,0.77364755,0.443265,0
1.0,0.83862525,0.5072895,0
1.0,0.8194743,0.48625952,0
1.0,0.8295583,0.50130403,0
1.0,0.86905515,0.5402982,0
1.0,0.88542306,0.5519991,0
1.0,0.8519873,0.505928,0
1.0,0.8584462,0.5143341,0
1.0,0.88602406,0.5397604,0
1.0,0.89412403,0.5398496,0
1.0,0.87483007,0.5166428,0
1.0,0.8708509,0.5189389,0
1.0,0.901013,0.570299,0
1.0,0.8955828,0.569583,0
1.0,0.8638709,0.52688503,0
1.0,0.86638,0.5045741,0
1.0,0.8874465,0.5122067,0
1.0,0.89220333,0.5224851,0
1.0,0.8620049,0.47209144,0
1.0,0.8488713,0.42862582,0
1.0,0.8819708,0.4593144,0
1.0,0.8708251,0.41218945,0
1.0,0.8587918,0.3851767,0
1.0,0.8029332,0.33466893,0
1.0,0.82848406,0.3582532,0
1.0,0.77563107,0.30337545,0
1.0,0.74578446,0.26534748,0
1.0,0.6741803,0.18875557,0
1.0,0.7006752,0.21342462,0
1.0,0.7176463,0.2286748,0
1.0,0.70847005,0.2226744,0
1.0,0.6519624,0.18274036,0
1.0,0.6721686,0.20920007,0
1.0,0.6657876,0.21715063,0
1.0,0.6481061,0.19251451,0
1.0,0.6055291,0.1508205,0
1.0,0.61410934,0.15576868,0
1.0,0.6378719,0.16939892,0
1.0,0.6461131,0.16467652,0
1.0,0.6295509,0.14316887,0
1.0,0.6635266,0.16375625,0
1.0,0.6637628,0.16183871,0
1.0,0.62332004,0.12728885,0
1.0,0.6421275,0.13028108,0
1.0,0.6652436,0.14312336,0
1.0,0.71057665,0.1615016,0
1.0,0.6946016,0.14155075,0
1.0,0.758775,0.188971,0
1.0,0.7848912,0.21336222,0
1.0,0.821496,0.2445494,0
1.0,0.799599,0.22722284,0
1.0,0.8406174,0.27187663,0
1.0,0.8154634,0.27023482,0
1.0,0.8162304,0.2870853,0
1.0,0.8134781,0.29465747,0
1.0,0.83224934,0.31161743,0
1.0,0.8228038,0.30616063,0
1.0,0.8518755,0.32627285,0
1.0,0.8572122,0.3227738,0
1.0,0.8913495,0.35205585,0
1.0,0.9035604,0.33215705,0
1.0,0.9063867,0.3274119,0
1.0,0.9114268,0.35361174,0
1.0,0.91762215,0.37096494,0
1.0,0.9157343,0.3567832,0
1.0,0.91322535,0.33420318,0
1.0,0.907887,0.32714915,0
1.0,0.9163215,0.35259366,0
1.0,0.90439856,0.3619292,0
1.0,0.87262994,0.34182715,0
1.0,0.8696724,0.34944355,0
1.0,0.8842219,0.37630802,0
1.0,0.8914562,0.394067,0
1.0,0.8511061,0.3593362,0
1.0,0.86169606,0.3803022,0
1.0,0.86830676,0.38594192,0
1.0,0.8867843,0.3951043,0
1.0,0.83902967,0.3417493,0
1.0,0.84316653,0.34653598,0
1.0,0.85895026,0.35040426,0
1.0,0.8916253,0.3800612,0
1.0,0.8547805,0.34494752,0
1.0,0.85149115,0.35416186,0
1.0,0.84411883,0.3454929,0
1.0,0.8748793,0.3458585,0
1.0,0.7850963,0.24701253,0
1.0,0.7894604,0.24966027,0
1.0,0.78129977,0.24170262,0
1.0,0.81403136,0.28652692,0
1.0,0.69545096,0.19283274,0
1.0,0.7328553,0.22560456,0
1.0,0.7054695,0.2151233,0
1.0,0.7851805,0.3201313,0
1.0,0.7158599,0.2922141,0
1.0,0.78194463,0.36048672,0
1.0,0.7704795,0.34733677,0
1.0,0.8221527,0.4080657,0
1.0,0.7813666,0.36199,0
1.0,0.81601065,0.4004848,0
1.0,0.8685726,0.44216508,0
1.0,0.9081323,0.46130505,0
1.0,0.89272404,0.4418066,0
1.0,0.90559673,0.47548103,0
1.0,0.91722023,0.50334585,0
1.0,0.9310342,0.5238056,0
1.0,0.9066274,0.50498307,0
1.0,0.918121,0.5338051,0
1.0,0.9272736,0.55665165,0
1.0,0.9371223,0.59162915,0
1.0,0.93414706,0.5949304,0
1.0,0.93302244,0.6005186,0
1.0,0.9306045,0.6486257,0
1.0,0.9400296,0.72452337,0
1.0,0.94142187,0.74199224,0
1.0,0.9466675,0.7480404,0
1.0,0.9426152,0.7411169,0
1.0,0.9517249,0.77561784,0
1.0,0.94718987,0.77623343,0
1.0,0.948802,0.77971286,0
1.0,0.9439701,0.7983377,0
1.0,0.9506487,0.80027133,0
1.0,0.9441473,0.7917669,0
1.0,0.9449705,0.825045,0
1.0,0.92186993,0.77261746,0
1.0,0.93455064,0.7549076,0
1.0,0.92890143,0.71121156,0
1.0,0.93318653,0.73586285,0
1.0,0.89465183,0.7053583,0
1.0,0.91295296,0.75220776,0
1.0,0.9041193,0.77323496,0
1.0,0.9081588,0.8116519,0
1.0,0.8626668,0.7635534,0
1.0,0.8815205,0.83174586,0
1.0,0.8808727,0.82789975,0
1.0,0.89618766,0.83742344,0
1.0,0.8701169,0.78971446,0
1.0,0.88905317,0.8370029,0
1.0,0.8917675,0.8508247,0
1.0,0.89508057,0.8418951,0
1.0,0.86525756,0.7899341,0
1.0,0.86556756,0.7819035,0
1.0,0.86251634,0.7923788,0
1.0,0.85388154,0.819036,0
1.0,0.8071039,0.7051771,0
1.0,0.8208017,0.7073194,0
1.0,0.830403,0.7466532,0
1.0,0.8400095,0.7679523,0
1.0,0.8201301,0.78282356,0
1.0,0.8262167,0.81521165,0
1.0,0.83699983,0.83928365,0
1.0,0.8406444,0.8784481,0
1.0,0.8203077,0.8797332,0
1.0,0.8166092,0.91104174,0
1.0,0.8158074,0.91644037,0
1.0,0.8236866,0.9117386,0
1.0,0.79488635,0.88672817,0
1.0,0.78818774,0.93916523,0
1.0,0.8028989,0.96770144,0
1.0,0.8204309,0.9756576,0
1.0,0.82362133,0.9643878,0
1.0,0.82963794,0.9562856,0
1.0,0.8355327,0.9740657,0
1.0,0.8447596,1.0012138,0
1.0,0.8428151,0.9841051,0
1.0,0.8519922,0.99568,0
1.0,0.8597945,1.0487479,0
1.0,0.86617893,1.0917616,0
1.0,0.867116,1.1072304,0
1.0,0.8751818,1.1392744,0
1.0,0.8793975,1.1406096,0
1.0,0.8755012,1.1554475,0
1.0,0.86698705,1.1566355,0
1.0,0.87188625,1.1673553,0
1.0,0.8698436,1.1699109,0
1.0,0.86619925,1.1344041,0
1.0,0.85451883,1.129235,0
1.0,0.85876817,1.1617794,0
1.0,0.8500298,1.1092548,0
1.0,0.8565522,1.1047485,0
1.0,0.8492217,1.0370047,0
1.0,0.8661526,1.0521827,0
1.0,0.8561083,1.0437963,0
1.0,0.86639583,1.0362462,0
1.0,0.84828466,0.94830173,0
1.0,0.86392784,0.9585857,0
1.0,0.8595102,0.96203786,0
1.0,0.8629492,1.0033959,0
1.0,0.85775316,1.0188165,0
1.0,0.87174666,0.99758476,0
1.0,0.8648133,0.99945295,0
1.0,0.8582142,1.018581,0
1.0,0.85001487,1.0271535,0
1.0,0.8662091,1.0913762,0
1.0,0.8674504,1.0556248,0
1.0,0.86649454,1.0575889,0
1.0,0.85904306,1.0775855,0
1.0,0.87865096,1.0931668,0
1.0,0.8857068,1.0878956,0
1.0,0.88803816,1.0717688,0
1.0,0.8847062,1.0440556,0
1.0,0.9016022,1.0826552,0
1.0,0.9011295,1.0924723,0
1.0,0.89502907,1.0540013,0
1.0,0.8811294,0.99682623,0
1.0,0.8918388,1.0604894,0
1.0,0.89243186,1.1107545,0
1.0,0.886384,1.1119559,0
1.0,0.8837971,1.1276041,0
1.0,0.9001148,1.1479789,0
1.0,0.8920945,1.1317986,0
1.0,0.89055485,1.1785768,0
1.0,0.8837312,1.2060504,0
1.0,0.8966986,1.227874,0
1.0,0.8829069,1.2259746,0
1.0,0.8877395,1.259752,0
1.0,0.88072103,1.2662579,0
1.0,0.89599305,1.3461201,0
1.0,0.88304,1.3039296,0
1.0,0.89140445,1.2868586,0
1.0,0.8845638,1.261911,0
1.0,0.89724594,1.3013985,0
1.0,0.8704665,1.233176,0
1.0,0.8835824,1.2723894,0
1.0,0.8755761,1.2682557,0
1.0,0.89038783,1.3222551,0
1.0,0.86953944,1.3315532,0
1.0,0.88455635,1.3502297,0
1.0,0.8785136,1.3197055,0
1.0,0.89168626,1.3741877,0
1.0,0.86912143,1.3603152,0
1.0,0.88680935,1.5027702,0
1.0,0.872366,1.5267282,0
1.0,0.88906854,1.5810875,0
1.0,0.8769833,1.5470424,0
1.0,0.8861367,1.6051543,0
1.0,0.8792526,1.680149,0
1.0,0.8936203,1.6960318,0
1.0,0.89903426,1.6494123,0
1.0,0.9062734,1.6561686,0
1.0,0.90516865,1.6245532,0
1.0,0.9096603,1.6221688,0
1.0,0.9149634,1.6571629,0
1.0,0.9145292,1.6422372,0
1.0,0.91367227,1.6184611,0
1.0,0.9110587,1.6281632,0
1.0,0.91523314,1.6562431,0
1.0,0.90201044,1.6437593,0
1.0,0.90209067,1.636032,0
1.0,0.8990859,1.6132452,0
1.0,0.9041278,1.7038684,0
1.0,0.8980025,1.7564268,0
1.0,0.90582615,1.7868254,0
1.0,0.907615,1.7878418,0
1.0,0.9158054,1.8353282,0
1.0,0.90621483,1.8356047,0
1.0,0.9070754,1.8387997,0
1.0,0.9092841,1.8305528,0
1.0,0.9095902,1.7880999,0
1.0,0.90202975,1.7723894,0
1.0,0.8968179,1.8005166,0
1.0,0.8988961,1.8214614,0
1.0,0.8972546,1.8089275,0
1.0,0.89525247,1.7157657,0
1.0,0.892148,1.6548889,0
1.0,0.89659536,1.6740515,0
1.0,0.88960963,1.7046912,0
1.0,0.89361024,1.7638352,0
1.0,0.9002757,1.7705315,0
1.0,0.90994656,1.821069,0
1.0,0.90805554,1.8858619,0
1.0,0.9157291,1.9683884,0
1.0,0.91698456,2.0368433,0
1.0,0.92732555,2.0861077,0
1.0,0.9218718,2.0645685,0
1.0,0.92441165,2.141497,0
1.0,0.9229099,2.207782,0
1.0,0.9313593,2.251889,0
1.0,0.93170863,2.234332,0
1.0,0.9329517,2.207982,0
1.0,0.93215084,2.2168844,0
1.0,0.92999524,2.2148745,0
1.0,0.9285605,2.161693,0
1.0,0.9302849,2.1276517,0
1.0,0.928383,2.1148798,0
1.0,0.92979586,2.146485,0
1.0,0.92228895,2.1806417,0
1.0,0.92132795,2.1990895,0
1.0,0.92138207,2.182007,0
1.0,0.92904776,2.23178,0
1.0,0.9270274,2.3156762,0
1.0,0.928172,2.3753092,0
1.0,0.92580324,2.3569546,0
1.0,0.9323262,2.382131,0
1.0,0.9267526,2.3797874,0
1.0,0.92691493,2.4156394,0
1.0,0.92547673,2.4786863,0
1.0,0.93289524,2.4862125,0
1.0,0.92958486,2.410929,0
1.0,0.9325664,2.3853655,0
1.0,0.9287103,2.3527515,0
1.0,0.93122315,2.331506,0
1.0,0.929865,2.2893472,0
1.0,0.92972505,2.244907,0
1.0,0.92759806,2.185505,0
1.0,0.92805904,2.2155762,0
1.0,0.9221919,2.2949383,0
1.0,0.9205338,2.2350988,0
1.0,0.9239172,2.1891396,0
1.0,0.9297406,2.2530103,0
1.0,0.92958575,2.2560282,0
1.0,0.9311542,2.3110046,0
1.0,0.9403412,2.4126658,0
1.0,0.93907386,2.3985648,0
1.0,0.9400907,2.4421005,0
1.0,0.9344745,2.4714775,0
1.0,0.934972,2.4678395,0
1.0,0.93089163,2.457447,0
1.0,0.9320073,2.3950827,0
1.0,0.9272468,2.3089957,0
1.0,0.92897934,2.3275747,0
1.0,0.9228904,2.3103967,0
1.0,0.9285306,2.2777004,0
1.0,0.9228068,2.2037213,0
1.0,0.92882115,2.2045748,0
1.0,0.9213087,2.2145069,0
1.0,0.9170685,2.204587,0
1.0,0.9159694,2.1921759,0
1.0,0.92302936,2.2085822,0
1.0,0.92195755,2.247802,0
1.0,0.92356634,2.3251672,0
1.0,0.9230118,2.349442,0
1.0,0.9268134,2.375616,0
1.0,0.9218695,2.3834171,0
1.0,0.9228783,2.3746004,0
1.0,0.91850984,2.4034147,0
1.0,0.9175924,2.457816,0
1.0,0.9146825,2.434989,0
1.0,0.9150109,2.3799922,0
1.0,0.91727597,2.38542,0
1.0,0.91758,2.408616,0
1.0,0.9157396,2.3432126,0
1.0,0.9140915,2.2955077,0
1.0,0.9151677,2.2662725,0
1.0,0.91829395,2.2327595,0
1.0,0.9185704,2.2810636,0
1.0,0.9224861,2.2938745,0
1.0,0.925857,2.2722368,0
1.0,0.93158334,2.3114696,0
1.0,0.9318052,2.3137188,0
1.0,0.92939264,2.346187,0
1.0,0.93193233,2.4426684,0
1.0,0.935374,2.5083163,0
1.0,0.9344421,2.515541,0
1.0,0.93558985,2.5292666,0
1.0,0.937494,2.5637736,0
1.0,0.94215894,2.590876,0
1.0,0.9399935,2.5571432,0
1.0,0.94202095,2.529984,0
1.0,0.94139266,2.5236826,0
1.0,0.9424378,2.5170798,0
1.0,0.93630666,2.455057,0
1.0,0.9340397,2.4283795,0
1.0,0.9306479,2.4182625,0
1.0,0.9305598,2.3919597,0
1.0,0.92678756,2.3704424,0
1.0,0.93054795,2.41358,0
1.0,0.9279359,2.3802836,0
1.0,0.92974204,2.3629558,0
1.0,0.9267635,2.4096005,0
1.0,0.92637354,2.4348845,0
1.0,0.9245477,2.4581575,0
1.0,0.92773247,2.4799705,0
1.0,0.92305964,2.5067143,0
1.0,0.9269734,2.6006875,0
1.0,0.92418295,2.6243181,0
1.0,0.9271978,2.6262712,0
1.0,0.9213091,2.5484016,0
1.0,0.92284787,2.5281892,0
1.0,0.9196447,2.5342424,0
1.0,0.91986644,2.5123158,0
1.0,0.9177081,2.508434,0
1.0,0.9146135,2.4824634,0
1.0,0.9139089,2.4108052,0
1.0,0.91321284,2.3593981,0
1.0,0.90975195,2.3530502,0
1.0,0.90971524,2.357306,0
1.0,0.9132897,2.3783627,0
1.0,0.91930133,2.494378,0
1.0,0.9191765,2.5436645,0
1.0,0.9219562,2.5777354,0
1.0,0.92924863,2.656604,0
1.0,0.9318645,2.6493464,0
1.0,0.92902666,2.6683192,0
1.0,0.9303299,2.742865,0
1.0,0.9352611,2.7334254,0
1.0,0.9345662,2.7483463,0
1.0,0.9331896,2.78765,0
1.0,0.9314464,2.7593174,0
1.0,0.93367046,2.7866027,0
1.0,0.9270642,2.7624226,0
1.0,0.92938185,2.6704001,0
1.0,0.9269142,2.6121094,0
1.0,0.9285047,2.6317928,0
1.0,0.9270173,2.6238127,0
1.0,0.9296641,2.6169863,0
1.0,0.93279576,2.632306,0
1.0,0.93639785,2.6682107,0
1.0,0.936372,2.7238145,0
1.0,0.9409728,2.7942724,0
1.0,0.94329274,2.7923477,0
1.0,0.9448457,2.827055,0
1.0,0.944223,2.8991704,0
1.0,0.94818676,2.9329472,0
1.0,0.9528876,3.0037766,0
1.0,0.9504217,3.0353847,0
1.0,0.951806,3.0156653,0
1.0,0.95265114,2.991371,0
1.0,0.95250374,3.0170665,0
1.0,0.9501153,2.997113,0
1.0,0.95082945,2.8727665,0
1.0,0.952678,2.8052745,0
1.0,0.95291954,2.7961836,0
1.0,0.94952327,2.7587767,0
1.0,0.95373005,2.7715688,0
1.0,0.95543844,2.7397196,0
1.0,0.95789397,2.6696072,0
1.0,0.95489657,2.6797836,0
1.0,0.95558023,2.6830351,0
1.0,0.95265293,2.6580293,0
1.0,0.9538026,2.7165089,0
1.0,0.9499118,2.677768,0
1.0,0.95088375,2.6726923,0
1.0,0.9479856,2.7641191,0
1.0,0.94997025,2.7798226,0
1.0,0.94668007,2.697644,0
1.0,0.94866335,2.6941023,0
1.0,0.94499606,2.6860242,0
1.0,0.9436867,2.5975776,0
1.0,0.9428323,2.5121624,0
1.0,0.94236803,2.4699993,0
1.0,0.94059354,2.4167528,0
1.0,0.9398471,2.3741918,0
1.0,0.9398753,2.3121047,0
1.0,0.93608844,2.2452998,0
1.0,0.9349926,2.1964126,0
1.0,0.9341211,2.1082826,0
1.0,0.9325161,2.0640543,0
1.0,0.9261255,2.0844715,0
1.0,0.92411596,2.1126313,0
1.0,0.92106026,2.0852122,0
1.0,0.9242665,2.1164076,0
1.0,0.9209216,2.1870172,0
1.0,0.92344564,2.2359896,0
1.0,0.9205858,2.203082,0
1.0,0.92526734,2.1662283,0
1.0,0.92494035,2.1624763,0
1.0,0.924974,2.1775172,0
1.0,0.9268274,2.1551852,0
1.0,0.9267861,2.109346,0
1.0,0.92393833,2.082721,0
1.0,0.92111087,2.0389566,0
1.0,0.91737455,1.966886,0
1.0,0.91166985,1.9502773,0
1.0,0.90584904,1.9346557,0
1.0,0.9020937,1.8641849,0
1.0,0.8980087,1.8431393,0
1.0,0.8863289,1.8522537,0
1.0,0.88264346,1.8782318,0
1.0,0.882549,1.906912,0
1.0,0.8819875,1.9447424,0
1.0,0.8795894,1.9787278,0
1.0,0.88155997,1.9909352,0
1.0,0.88579595,1.9768335,0
1.0,0.8857778,1.996665,0
1.0,0.8858821,2.0258913,0
1.0,0.88584363,1.9769297,0
1.0,0.8802263,1.9524384,0
1.0,0.88181096,1.9976577,0
1.0,0.8784325,1.9744339,0
1.0,0.8795651,1.9202513,0
1.0,0.8851456,1.8592415,0
1.0,0.87177163,1.7767355,0
1.0,0.87023115,1.7392464,0
1.0,0.87056893,1.6677411,0
1.0,0.8748399,1.6314087,0
1.0,0.86678666,1.6135052,0
1.0,0.8685234,1.6222085,0
1.0,0.87339294,1.6584816,0
1.0,0.8744372,1.6823618,0
1.0,0.86911047,1.6560011,0
1.0,0.88158125,1.6808813,0
1.0,0.8883268,1.7298673,0
1.0,0.89084375,1.7805858,0
1.0,0.89511454,1.7892889,0
1.0,0.9054435,1.8135821,0
1.0,0.91072255,1.8277519,0
1.0,0.9054469,1.7901838,0
1.0,0.8995647,1.7786958,0
1.0,0.89770865,1.7242098,0
1.0,0.9063554,1.6538618,0
1.0,0.9054664,1.5946676,0
1.0,0.90155077,1.5652769,0
1.0,0.90373886,1.5515435,0
1.0,0.91353565,1.5231007,0
1.0,0.91210514,1.5135107,0
1.0,0.91040164,1.5055993,0
1.0,0.90745753,1.460053,0
1.0,0.9050097,1.4999588,0
1.0,0.90778834,1.5379641,0
1.0,0.9045984,1.4876708,0
1.0,0.9066728,1.5038836,0
1.0,0.902816,1.5282701,0
1.0,0.9072071,1.5582305,0
1.0,0.9072309,1.5633116,0
1.0,0.9054863,1.5332482,0
1.0,0.90319276,1.4992299,0
1.0,0.9044415,1.495614,0
1.0,0.89458925,1.4709868,0
1.0,0.88517827,1.4347594,0
1.0,0.8813806,1.3571928,0
1.0,0.8886933,1.297858,0
1.0,0.8802325,1.2941862,0
1.0,0.88471925,1.3051171,0
1.0,0.8719477,1.1929047,0
1.0,0.8857606,1.1532211,0
1.0,0.87303054,1.106358,0
1.0,0.88296294,1.0970385,0
1.0,0.8623494,1.0415611,0
1.0,0.8682848,1.0555404,0
1.0,0.8517085,0.992123,0
1.0,0.8708198,1.0461628,0
1.0,0.86665565,1.0779504,0
1.0,0.8747892,1.0719798,0
1.0,0.86817205,1.0258443,0
1.0,0.88569874,1.0288101,0
1.0,0.88139296,1.0310338,0
1.0,0.88805014,1.0727751,0
1.0,0.88386863,1.0534683,0
1.0,0.8994862,1.0674206,0
1.0,0.88960135,1.0009419,0
1.0,0.8903154,0.9631522,0
1.0,0.87496537,0.9265493,0
1.0,0.887518,0.9213761,0
1.0,0.87471575,0.8707174,0
1.0,0.8706609,0.86102325,0
1.0,0.86188775,0.8484279,0
1.0,0.87321436,0.89933753,0
1.0,0.8645418,0.9299073,0
1.0,0.8617164,0.9277252,0
1.0,0.8622815,0.9180901,0
1.0,0.8665607,0.9262547,0
1.0,0.8470305,0.9101313,0
1.0,0.8525755,0.96375203,0
1.0,0.85241,0.9472762,0
1.0,0.85341036,0.9396095,0
1.0,0.83184594,0.9229629,0
1.0,0.83141583,0.9235708,0
1.0,0.824719,0.9217746,0
1.0,0.82777965,0.9213602,0
1.0,0.807501,0.85412,0
1.0,0.80758363,0.83616114,0
1.0,0.791824,0.80806005,0
1.0,0.78879756,0.79594934,0
1.0,0.7687055,0.7214198,0
1.0,0.78659636,0.7345514,0
1.0,0.77680206,0.74656576,0
1.0,0.78457487,0.7764187,0
1.0,0.76140916,0.71684074,0
1.0,0.79810554,0.7488746,0
1.0,0.77635914,0.7062709,0
1.0,0.80939823,0.78129345,0
1.0,0.7930717,0.77048934,0
1.0,0.8271174,0.8284024,0
1.0,0.7922757,0.7687687,0
1.0,0.81479084,0.8102103,0
1.0,0.78244215,0.7676009,0
1.0,0.81877893,0.8393126,0
1.0,0.7867045,0.76196146,0
1.0,0.8363024,0.7999432,0
1.0,0.81860393,0.7221807,0
1.0,0.8605666,0.7832097,0
1.0,0.846384,0.74730134,0
1.0,0.8827456,0.7979306,0
1.0,0.8630882,0.74291766,0
1.0,0.8917949,0.75059354,0
1.0,0.8616342,0.7101496,0
1.0,0.8857703,0.7509426,0
1.0,0.8676527,0.7259187,0
1.0,0.89045143,0.7744639,0
1.0,0.8593927,0.70011103,0
1.0,0.8828281,0.75476,0
1.0,0.86929137,0.7630222,0
1.0,0.88554263,0.7857188,0
1.0,0.8664733,0.74600506,0
1.0,0.87655693,0.7513806,0
1.0,0.85873985,0.73081166,0
1.0,0.86968523,0.7642374,0
1.0,0.8567898,0.7073878,0
1.0,0.88495976,0.7153598,0
1.0,0.88443035,0.7013849,0
1.0,0.8899128,0.7137367,0
1.0,0.8833746,0.71428156,0
1.0,0.89012337,0.6972262,0
1.0,0.8673191,0.63043076,0
1.0,0.8454804,0.5892576,0
1.0,0.82370204,0.55356646,0
1.0,0.82993346,0.5685631,0
1.0,0.81223595,0.51759374,0
1.0,0.7842861,0.44354597,0
1.0,0.79476696,0.4554849,0
1.0,0.8084934,0.48433137,0
1.0,0.78828675,0.48582876,0
1.0,0.7419378,0.4251154,0
1.0,0.76786864,0.44686377,0
1.0,0.76685196,0.44838113,0
1.0,0.7424243,0.43542546,0
1.0,0.69521457,0.37905666,0
1.0,0.72647053,0.3961815,0
1.0,0.7639405,0.42918938,0
1.0,0.74718934,0.3820534,0
1.0,0.71204823,0.34393066,0
1.0,0.73278135,0.36927003,0
1.0,0.7458069,0.3561261,0
1.0,0.7020646,0.28569445,0
1.0,0.6591384,0.24341556,0
1.0,0.6947157,0.26780468,0
1.0,0.73023385,0.304113,0
1.0,0.7124258,0.28312415,0
1.0,0.7073339,0.27777326,0
1.0,0.7205539,0.34127277,0
1.0,0.7609619,0.3933543,0
1.0,0.75393975,0.38465858,0
1.0,0.7632645,0.38469732,0
1.0,0.7662134,0.36687642,0
1.0,0.79289883,0.39524162,0
1.0,0.77588826,0.38398397,0
1.0,0.80178475,0.41360232,0
1.0,0.781724,0.38804984,0
1.0,0.8056386,0.38906065,0
1.0,0.7795314,0.35312954,0
1.0,0.81106645,0.3799166,0
1.0,0.81248355,0.37243488,0
1.0,0.8017626,0.35339913,0
1.0,0.77080643,0.3038304,0
1.0,0.8034674,0.33873928,0
1.0,0.8473316,0.3928907,0
1.0,0.8474985,0.37699008,0
1.0,0.82585114,0.33433825,0
1.0,0.8751135,0.39185894,0
1.0,0.8797938,0.42206675,0
1.0,0.8539394,0.41265553,0
1.0,0.81776917,0.39319456,0
1.0,0.8662657,0.4415121,0
1.0,0.8924731,0.46790045,0
1.0,0.87205786,0.46188128,0
1.0,0.8294247,0.4321801,0
1.0,0.86361146,0.47222048,0
1.0,0.8855693,0.49136993,0
1.0,0.8668131,0.4617831,0
1.0,0.8232718,0.42559856,0
1.0,0.8479498,0.44857976,0
1.0,0.8766385,0.42093927,0
1.0,0.8486539,0.37592763,0
1.0,0.80922097,0.33898622,0
1.0,0.8309011,0.38968945,0
1.0,0.8454992,0.42798284,0
1.0,0.818376,0.3971066,0
1.0,0.7860974,0.39359248,0
1.0,0.8565602,0.50571907,0
1.0,0.84176177,0.5018234,0
1.0,0.8181837,0.51678365,0
1.0,0.8013351,0.50656587,0
1.0,0.8496414,0.58669466,0
1.0,0.8394602,0.5991795,0
1.0,0.8377389,0.6275668,0
1.0,0.8400003,0.65475285,0
1.0,0.8721191,0.6897487,0
1.0,0.87025726,0.6839264,0
1.0,0.8650932,0.7063066,0
1.0,0.87366337,0.7411097,0
1.0,0.9041027,0.8098207,0
1.0,0.89809734,0.79227126,0
1.0,0.88560575,0.76803464,0
1.0,0.8894744,0.79706967,0
1.0,0.907989,0.85182095,0
1.0,0.90162593,0.8562155,0
1.0,0.89607894,0.8567022,0
1.0,0.89748275,0.8710883,0
1.0,0.9088362,0.91739905,0
1.0,0.90512764,0.94174755,0
1.0,0.8962709,0.9493319,0
1.0,0.8924598,0.9435328,0
1.0,0.8833877,0.9300762,0
1.0,0.86932254,0.94520843,0
1.0,0.8482327,0.950933,0
1.0,0.8475074,0.9584661,0
1.0,0.83962,0.9467077,0
1.0,0.8500497,0.9671389,0
1.0,0.8419418,0.9586675,0
1.0,0.8427672,0.9493046,0
1.0,0.8363505,0.9085922,0
1.0,0.839037,0.90114826,0
1.0,0.83178,0.8695464,0
1.0,0.81729245,0.8518871,0
1.0,0.8070439,0.86545515,0
1.0,0.8083804,0.8711583,0
1.0,0.7979856,0.8286398,0
1.0,0.7856159,0.804906,0
1.0,0.78639704,0.85754514,0
1.0,0.79222006,0.9010687,0
1.0,0.7966197,0.92624015,0
1.0,0.7950177,0.96107644,0
1.0,0.807119,0.98721224,0
1.0,0.81260943,1.0066447,0
1.0,0.8163099,1.0323083,0
1.0,0.81809574,1.0189917,0
1.0,0.82008183,1.016323,0
1.0,0.8295586,1.0296683,0
1.0,0.82755375,1.0002551,0
1.0,0.83279896,0.99878836,0
1.0,0.8264601,1.0099225,0
1.0,0.84066445,1.0411061,0
1.0,0.84083927,1.0273371,0
1.0,0.85042214,1.0568943,0
1.0,0.8479186,1.0888262,0
1.0,0.85517025,1.0948073,0
1.0,0.8509716,1.0722363,0
1.0,0.8640744,1.1421692,0
1.0,0.8575343,1.1620462,0
1.0,0.85767186,1.2005044,0
1.0,0.8593714,1.256651,0
1.0,0.8726963,1.3335454,0
1.0,0.8675335,1.3425848,0
1.0,0.87377876,1.3613911,0
1.0,0.87040144,1.3983932,0
1.0,0.8837867,1.4681486,0
1.0,0.8774279,1.4570005,0
1.0,0.8835082,1.4813313,0
1.0,0.8823495,1.4886634,0
1.0,0.8948174,1.5285331,0
1.0,0.8867981,1.5070783,0
1.0,0.88547486,1.5014541,0
1.0,0.88857895,1.5044308,0
1.0,0.8942715,1.510567,0
1.0,0.8918874,1.5284342,0
1.0,0.8859852,1.5821381,0
1.0,0.88303685,1.629354,0
1.0,0.8812456,1.6483399,0
1.0,0.87976456,1.6845055,0
1.0,0.8721303,1.7419585,0
1.0,0.8782005,1.861057,0
1.0,0.89024884,1.9628456,0
1.0,0.8963651,1.9961419,0
1.0,0.89924735,2.035404,0
1.0,0.9055142,2.1050239,0
1.0,0.9104828,2.1696014,0
1.0,0.91612756,2.175706,0
1.0,0.91376704,2.1670868,0
1.0,0.9151692,2.2053466,0
1.0,0.9155129,2.1831255,0
1.0,0.91312826,2.1539712,0
1.0,0.9085748,2.1714501,0
1.0,0.90630835,2.1200547,0
1.0,0.9106184,2.0923076,0
1.0,0.90852886,2.1507807,0
1.0,0.9089854,2.1858616,0
1.0,0.9033999,2.1799555,0
1.0,0.91742665,2.2180827,0
1.0,0.9099968,2.1935515,0
1.0,0.91535383,2.2667542,0
1.0,0.9077624,2.279405,0
1.0,0.9243096,2.33807,0
1.0,0.9108874,2.3062494,0
1.0,0.9139901,2.3131223,0
1.0,0.9010746,2.2857192,0
1.0,0.9124066,2.3406215,0
1.0,0.8951174,2.2907872,0
1.0,0.898303,2.256671,0
1.0,0.88511825,2.1641352,0
1.0,0.8973048,2.1790376,0
1.0,0.87895525,2.0791214,0
1.0,0.87926364,2.0201664,0
1.0,0.8716039,1.9353656,0
1.0,0.8810696,1.9085464,0
1.0,0.86925966,1.862102,0
1.0,0.86083764,1.8110002,0
1.0,0.85845864,1.7736468,0
1.0,0.85986006,1.7619503,0
1.0,0.85231656,1.7774172,0
1.0,0.85039556,1.8382266,0
1.0,0.84979874,1.8337138,0
1.0,0.8510544,1.8172305,0
1.0,0.85534394,1.7912703,0
1.0,0.85814756,1.7325296,0
1.0,0.865592,1.7728503,0
1.0,0.878122,1.8032932,0
1.0,0.87856805,1.7285546,0
1.0,0.8836231,1.7195722,0
1.0,0.885714,1.6879927,0
1.0,0.88662285,1.6805677,0
1.0,0.8765429,1.6452363,0
1.0,0.8757657,1.5558093,0
1.0,0.88239264,1.5373033,0
1.0,0.88700044,1.527494,0
1.0,0.87611157,1.4688994,0
1.0,0.8863852,1.5087453,0
1.0,0.88848484,1.5212467,0
1.0,0.8990224,1.5291853,0
1.0,0.88883924,1.4928671,0
1.0,0.8952675,1.5175397,0
1.0,0.8937836,1.5373272,0
1.0,0.90504307,1.5884948,0
1.0,0.8975253,1.5959778,0
1.0,0.9000493,1.6288333,0
1.0,0.89467627,1.6959728,0
1.0,0.9075789,1.7850449,0
1.0,0.89588046,1.7266223,0
1.0,0.9056101,1.7396252,0
1.0,0.90447307,1.744675,0
1.0,0.90636253,1.7329172,0
1.0,0.8971066,1.6898439,0
1.0,0.9062143,1.6732624,0
1.0,0.90827745,1.6236949,0
1.0,0.91430086,1.6421874,0
1.0,0.91019815,1.7197192,0
1.0,0.91857743,1.8031534,0
1.0,0.9236611,1.841364,0
1.0,0.9353614,1.8887534,0
1.0,0.9381353,1.9330485,0
1.0,0.941532,1.9806197,0
1.0,0.9383467,2.013109,0
1.0,0.9422223,2.0522842,0
1.0,0.94181186,2.0423038,0
1.0,0.9401743,2.0828116,0
1.0,0.9379251,2.129373,0
1.0,0.9432327,2.1640785,0
1.0,0.94510573,2.2083535,0
1.0,0.94639266,2.1943288,0
1.0,0.94438654,2.1651988,0
1.0,0.9444976,2.1658125,0
1.0,0.94258004,2.1253507,0
1.0,0.9373095,2.074955,0
1.0,0.9326765,2.039948,0
1.0,0.93323296,2.0405447,0
1.0,0.93294555,2.1204038,0
1.0,0.92679214,2.1527317,0
1.0,0.9304756,2.0770662,0
1.0,0.94016486,2.0264354,0
1.0,0.9415243,2.042139,0
1.0,0.94091046,2.0827072,0
1.0,0.9386784,2.1078618,0
1.0,0.944617,2.1900544,0
1.0,0.9414474,2.2097178,0
1.0,0.9434662,2.1935248,0
1.0,0.93928355,2.266269,0
1.0,0.94359857,2.3391252,0
1.0,0.937015,2.226005,0
1.0,0.9467086,2.1929274,0
1.0,0.945076,2.1870923,0
1.0,0.95074904,2.1950488,0
1.0,0.94677603,2.1883445,0
1.0,0.9556428,2.1938164,0
1.0,0.95471436,2.1267376,0
1.0,0.9580456,2.1141403,0
1.0,0.9523008,2.1359012,0
1.0,0.95691675,2.1744084,0
1.0,0.9573805,2.180357,0
1.0,0.9598479,2.1835256,0
1.0,0.9537809,2.1968708,0
1.0,0.9560784,2.3097796,0
1.0,0.9543119,2.3502493,0
1.0,0.9593388,2.3648825,0
1.0,0.95429325,2.3803418,0
1.0,0.95591354,2.396524,0
1.0,0.954261,2.4477227,0
1.0,0.9544386,2.5298324,0
1.0,0.953013,2.4702628,0
1.0,0.9543206,2.419104,0
1.0,0.95767057,2.4368372,0
1.0,0.9564055,2.4547124,0
1.0,0.9582762,2.4806728,0
1.0,0.95428807,2.4720721,0
1.0,0.9590784,2.4688177,0
1.0,0.954988,2.3880486,0
1.0,0.95435935,2.3811872,0
1.0,0.9436034,2.411671,0
1.0,0.9467845,2.3782423,0
1.0,0.9430095,2.3506088,0
1.0,0.94714653,2.440247,0
1.0,0.9432296,2.4609053,0
1.0,0.94638616,2.5203018,0
1.0,0.9457254,2.5665865,0
1.0,0.94804686,2.5520773,0
1.0,0.94571996,2.584114,0
1.0,0.9475227,2.655334,0
1.0,0.94322294,2.6266518,0
1.0,0.9479591,2.6229775,0
1.0,0.9435877,2.5857577,0
1.0,0.94589764,2.561696,0
1.0,0.93758357,2.5526652,0
1.0,0.93600243,2.541599,0
1.0,0.9285863,2.4501662,0
1.0,0.92888993,2.4010553,0
1.0,0.92330307,2.3652906,0
1.0,0.92003846,2.3993497,0
1.0,0.91912377,2.4786837,0
1.0,0.92389673,2.5174375,0
1.0,0.92868495,2.5309982,0
1.0,0.9345505,2.609534,0
1.0,0.93631154,2.6873627,0
1.0,0.9432731,2.7754521,0
1.0,0.94422346,2.8143413,0
1.0,0.948113,2.8538036,0
1.0,0.94733644,2.9054115,0
1.0,0.9504485,2.9728863,0
1.0,0.95188075,3.0303948,0
1.0,0.9552783,3.0416574,0
1.0,0.95371944,3.007855,0
1.0,0.95761806,3.0551524,0
1.0,0.956009,3.068151,0
1.0,0.95694643,3.089543,0
1.0,0.956648,3.1231196,0
1.0,0.9597511,3.0721438,0
1.0,0.9604528,3.070065,0
1.0,0.960784,3.1936088,0
1.0,0.9610374,3.2318125,0
1.0,0.9662783,3.2484508,0
1.0,0.96789145,3.327091,0
1.0,0.96975416,3.4266233,0
1.0,0.9702932,3.6030416,0
1.0,0.97292435,3.762916,0
1.0,0.9720061,3.8178399,0
1.0,0.9729345,3.8810358,0
1.0,0.97190416,3.8878684,0
1.0,0.97253937,3.9441519,0
1.0,0.97192174,4.0425544,0
1.0,0.9718707,4.074006,0
1.0,0.9706754,4.0750523,0
1.0,0.97110164,4.055462,0
1.0,0.9688571,4.0488167,0
1.0,0.9686404,4.054175,0
1.0,0.9655029,3.9858615,0
1.0,0.9672307,3.9762821,0
1.0,0.9664611,4.05079,0
1.0,0.96799254,4.136677,0
1.0,0.9683068,4.146642,0
1.0,0.97048956,4.1585584,0
1.0,0.97071946,4.2257056,0
1.0,0.9718474,4.354612,0
1.0,0.97105545,4.4854374,0
1.0,0.9729935,4.5769334,0
1.0,0.97257507,4.620118,0
1.0,0.97352684,4.645891,0
1.0,0.9713472,4.698245,0
1.0,0.9708382,4.844629,0
1.0,0.97110784,4.9012127,0
1.0,0.9713454,4.819913,0
1.0,0.96976566,4.803386,0
1.0,0.9679413,4.8752913,0
1.0,0.9669877,4.905862,0
1.0,0.96783674,4.8714514,0
1.0,0.96557295,4.7214127,0
1.0,0.96365887,4.635383,0
1.0,0.96352804,4.662835,0
1.0,0.964279,4.702629,0
1.0,0.9659434,4.7757483,0
1.0,0.9640296,4.819721,0
1.0,0.96643275,4.881403,0
1.0,0.96615934,4.952489,0
1.0,0.9647651,5.0723815,0
1.0,0.962614,5.1306887,0
1.0,0.964054,5.08762,0
1.0,0.96441454,5.150346,0
1.0,0.9633009,5.3020144,0
1.0,0.96102536,5.3362274,0
1.0,0.9638338,5.3567905,0
1.0,0.9644345,5.3178186,0
1.0,0.9632343,5.252698,0
1.0,0.95969427,5.236124,0
1.0,0.95955926,5.2127357,0
1.0,0.9619059,5.1301064,0
1.0,0.9591269,5.0340776,0
1.0,0.95887756,4.989375,0
1.0,0.95937496,4.9562883,0
1.0,0.95943224,4.9663167,0
1.0,0.9567866,4.950057,0
1.0,0.9569598,4.8716774,0
1.0,0.95956177,4.8915453,0
1.0,0.9604428,4.9261894,0
1.0,0.9581273,4.935842,0
1.0,0.95794976,4.959268,0
1.0,0.9603558,4.9144535,0
1.0,0.96228975,4.9302416,0
1.0,0.96224904,5.0471344,0
1.0,0.96441376,5.091006,0
1.0,0.9680996,5.0510635,0
1.0,0.9701541,4.987253,0
1.0,0.9702747,4.973503,0
1.0,0.971694,4.929639,0
1.0,0.9713688,4.83482,0
1.0,0.9731416,4.790559,0
1.0,0.9714884,4.6196012,0
1.0,0.97183424,4.5552664,0
1.0,0.9712035,4.6570473,0
1.0,0.9713239,4.584643,0
1.0,0.9691788,4.4574614,0
1.0,0.97033405,4.4273424,0
1.0,0.96953267,4.3545523,0
1.0,0.97101396,4.413065,0
1.0,0.970017,4.5171776,0
1.0,0.97208977,4.542254,0
1.0,0.9714218,4.514494,0
1.0,0.9724991,4.5586963,0
1.0,0.9710453,4.5632243,0
1.0,0.9721296,4.503518,0
1.0,0.9717487,4.4942856,0
1.0,0.9730171,4.4649534,0
1.0,0.97125095,4.382202,0
1.0,0.97184485,4.350851,0
1.0,0.9707489,4.27013,0
1.0,0.9715783,4.235877,0
1.0,0.97037417,4.2020826,0
1.0,0.9688681,4.1256604,0
1.0,0.9672509,4.1385694,0
1.0,0.9672102,4.1122026,0
1.0,0.9678326,3.9705544,0
1.0,0.96675205,3.9408982,0
1.0,0.9663136,3.993451,0
1.0,0.96823144,3.9961433,0
1.0,0.96987593,3.9992743,0
1.0,0.96988916,3.9972467,0
1.0,0.96988857,3.9685946,0
1.0,0.97058177,3.9053583,0
1.0,0.9697878,3.8819737,0
1.0,0.9685884,3.8977544,0
1.0,0.96896577,3.8108742,0
1.0,0.9682076,3.7336588,0
1.0,0.96905106,3.7092934,0
1.0,0.9666375,3.6734605,0
1.0,0.96596867,3.6072884,0
1.0,0.9645197,3.4621606,0
1.0,0.9646484,3.3670647,0
1.0,0.962374,3.2902567,0
1.0,0.96102804,3.2185304,0
1.0,0.9599052,3.1505418,0
1.0,0.960732,3.1110425,0
1.0,0.95978016,3.150545,0
1.0,0.9592017,3.178003,0
1.0,0.95729715,3.14007,0
1.0,0.9573688,3.143591,0
1.0,0.95829546,3.1407995,0
1.0,0.9566864,3.128108,0
1.0,0.9556923,3.1661649,0
1.0,0.95359766,3.118626,0
1.0,0.9530178,3.0280585,0
1.0,0.9521156,2.977995,0
1.0,0.9488694,2.9657266,0
1.0,0.94842845,2.9467478,0
1.0,0.9503093,2.8442683,0
1.0,0.94810987,2.722458,0
1.0,0.94637007,2.645479,0
1.0,0.9401621,2.5372872,0
1.0,0.94549114,2.5290375,0
1.0,0.9412048,2.502904,0
1.0,0.94545853,2.5164907,0
1.0,0.9365074,2.4958484,0
1.0,0.94026375,2.443427,0
1.0,0.928654,2.3751132,0
1.0,0.9317989,2.3662553,0
1.0,0.9226601,2.2820573,0
1.0,0.92708683,2.2777457,0
1.0,0.91546696,2.2782931,0
1.0,0.92378736,2.3348374,0
1.0,0.9150722,2.2757707,0
1.0,0.9229945,2.2484858,0
1.0,0.9097384,2.205171,0
1.0,0.91458666,2.2080507,0
1.0,0.9018116,2.1142054,0
1.0,0.91679716,2.0859876,0
1.0,0.9022504,1.9410524,0
1.0,0.91285986,1.9086236,0
1.0,0.90067095,1.8407491,0
1.0,0.9139842,1.8150663,0
1.0,0.89924586,1.7221446,0
1.0,0.9088857,1.6670818,0
1.0,0.9020024,1.6299617,0
1.0,0.90944403,1.6769513,0
1.0,0.8896698,1.6107993,0
1.0,0.8921496,1.5711865,0
1.0,0.891863,1.5657461,0
1.0,0.8966033,1.6265943,0
1.0,0.8867188,1.6307821,0
1.0,0.8897517,1.619505,0
1.0,0.89017993,1.6043968,0
1.0,0.897393,1.603838,0
1.0,0.8866774,1.5470054,0
1.0,0.88799196,1.5195562,0
1.0,0.88683426,1.5001705,0
1.0,0.8865026,1.4709307,0
1.0,0.8805905,1.4089963,0
1.0,0.8766766,1.3821374,0
1.0,0.8752986,1.4175636,0
1.0,0.8738006,1.424705,0
1.0,0.8720923,1.3724838,0
1.0,0.87452555,1.3384168,0
1.0,0.87812674,1.3391223,0
1.0,0.8751092,1.3431847,0
1.0,0.8694534,1.3130851,0
1.0,0.8640388,1.2782216,0
1.0,0.8641669,1.3052745,0
1.0,0.85650235,1.300549,0
1.0,0.8527887,1.3226558,0
1.0,0.85051936,1.3500681,0
1.0,0.8473642,1.3222442,0
1.0,0.8528813,1.3203855,0
1.0,0.8557607,1.3277907,0
1.0,0.85886073,1.3292823,0
1.0,0.85091734,1.2944543,0
1.0,0.8528207,1.2573887,0
1.0,0.8558003,1.2251624,0
1.0,0.85524374,1.2061491,0
1.0,0.8356425,1.1439295,0
1.0,0.84702915,1.1075656,0
1.0,0.85481274,1.073536,0
1.0,0.86935985,1.0932808,0
1.0,0.85369736,1.0427017,0
1.0,0.86394596,1.0400369,0
1.0,0.8509044,1.0160775,0
1.0,0.8543564,1.0126245,0
1.0,0.84577245,0.9635427,0
1.0,0.85959035,0.97510004,0
1.0,0.85237056,0.9645542,0
1.0,0.85969263,0.9713169,0
1.0,0.8423378,0.87957567,0
1.0,0.8620107,0.87140507,0
1.0,0.85540223,0.8630601,0
1.0,0.86105484,0.8481248,0
1.0,0.84904045,0.7998055,0
1.0,0.85900575,0.80187416,0
1.0,0.8446327,0.7643947,0
1.0,0.8540513,0.7563142,0
1.0,0.82476205,0.6521692,0
1.0,0.8328417,0.6368053,0
1.0,0.8161806,0.5956968,0
1.0,0.82662,0.57589555,0
1.0,0.80036,0.5288889,0
1.0,0.8161948,0.560342,0
1.0,0.7779301,0.50929105,0
1.0,0.7989773,0.5154761,0
1.0,0.76807433,0.44965652,0
1.0,0.7851338,0.4899907,0
1.0,0.7609641,0.4708271,0
1.0,0.78671896,0.514103,0
1.0,0.76483244,0.4914185,0
1.0,0.77659124,0.52176756,0
1.0,0.773427,0.53197944,0
1.0,0.7921228,0.54841954,0
1.0,0.81026715,0.57374555,0
1.0,0.8096021,0.5717776,0
1.0,0.80660594,0.5372031,0
1.0,0.8221446,0.5288284,0
1.0,0.8394884,0.55657864,0
1.0,0.8367587,0.5557495,0
1.0,0.8446385,0.551636,0
1.0,0.83862245,0.5383402,0
1.0,0.83750314,0.55912393,0
1.0,0.84129304,0.5571454,0
1.0,0.8607143,0.5611699,0
1.0,0.8574288,0.57021934,0
1.0,0.85762155,0.5875933,0
1.0,0.84167403,0.5716228,0
1.0,0.8617247,0.60020316,0
1.0,0.838942,0.5453497,0
1.0,0.83189696,0.55354106,0
1.0,0.80383945,0.5127351,0
1.0,0.8382534,0.53462124,0
1.0,0.8242147,0.53384477,0
1.0,0.83177984,0.5398243,0
1.0,0.78784883,0.4614244,0
1.0,0.8209063,0.48532903,0
1.0,0.78448385,0.4424228,0
1.0,0.7716476,0.42814586,0
1.0,0.7145322,0.33558428,0
1.0,0.758541,0.36558682,0
1.0,0.70003164,0.28338796,0
1.0,0.6932238,0.25948155,0
1.0,0.63830364,0.20940821,0
1.0,0.68080056,0.23067309,0
1.0,0.6860389,0.24522208,0
1.0,0.7760511,0.34263527,0
1.0,0.76198006,0.31259212,0
1.0,0.7762024,0.3351019,0
1.0,0.7966789,0.37097418,0
1.0,0.825653,0.38094848,0
1.0,0.7823327,0.33215815,0
1.0,0.77791035,0.34196186,0
1.0,0.8004892,0.3589165,0
1.0,0.8346846,0.37611872,0
1.0,0.8016292,0.33073586,0
1.0,0.7850415,0.31838864,0
1.0,0.80542207,0.33945355,0
1.0,0.81025517,0.31522837,0
1.0,0.779703,0.2649813,0
1.0,0.7382945,0.22995986,0
1.0,0.77838135,0.2706631,0
1.0,0.7767664,0.25519645,0
1.0,0.7341472,0.23681092,0
1.0,0.70558715,0.21937934,0
1.0,0.77738744,0.2712515,0
1.0,0.8122093,0.34209222,0
1.0,0.78256744,0.34333074,0
1.0,0.78342867,0.35725576,0
1.0,0.82441336,0.40729582,0
1.0,0.8327434,0.43914902,0
1.0,0.7743606,0.3973496,0
1.0,0.7645934,0.39392787,0
1.0,0.7999895,0.44713393,0
1.0,0.82998806,0.493972,0
1.0,0.79790837,0.46827477,0
1.0,0.8068478,0.4947756,0
1.0,0.8262815,0.51612145,0
1.0,0.84764,0.53154254,0
1.0,0.8167584,0.50099146,0
1.0,0.821248,0.52369094,0
1.0,0.8338297,0.55100125,0
1.0,0.85465,0.6415887,0
1.0,0.8441736,0.6528869,0
1.0,0.8585452,0.6631179,0
1.0,0.8663764,0.7046826,0
1.0,0.894252,0.78804827,0
1.0,0.882303,0.7928293,0
1.0,0.89141506,0.83043116,0
1.0,0.87598157,0.8280629,0
1.0,0.8885114,0.8875809,0
1.0,0.8689068,0.8764818,0
1.0,0.8676821,0.8817924,0
1.0,0.84239197,0.8504561,0
1.0,0.85021764,0.87131333,0
1.0,0.84093505,0.82368886,0
1.0,0.86611295,0.86066127,0
1.0,0.8487876,0.8395311,0
1.0,0.8587173,0.82922226,0
1.0,0.8591519,0.8017696,0
1.0,0.87825495,0.8305869,0
1.0,0.8611864,0.8192481,0
1.0,0.87386286,0.8350953,0
1.0,0.87934875,0.849859,0
1.0,0.8955663,0.9295142,0
1.0,0.88178265,0.92726564,0
1.0,0.8936631,0.9588235,0
1.0,0.88770586,0.938141,0
1.0,0.901373,0.96100456,0
1.0,0.8852276,0.95871466,0
1.0,0.8926197,0.9779905,0
1.0,0.8946376,0.96785235,0
1.0,0.9034259,0.9805312,0
1.0,0.8901005,0.9499526,0
1.0,0.8914629,0.9007635,0
1.0,0.8963906,0.88783985,0
1.0,0.9014358,0.9148644,0
1.0,0.89691293,0.8869972,0
1.0,0.8917534,0.8466057,0
1.0,0.8904962,0.85469884,0
1.0,0.88382393,0.82745546,0
1.0,0.87455946,0.7773972,0
1.0,0.8707944,0.77943575,0
1.0,0.8749506,0.8068954,0
1.0,0.87791616,0.8227704,0
1.0,0.88432246,0.8317872,0
1.0,0.87279296,0.80727476,0
1.0,0.8741191,0.8373285,0
1.0,0.87540656,0.8790015,0
1.0,0.8746588,0.89962107,0
1.0,0.8645389,0.90531933,0
1.0,0.86500704,0.9365071,0
1.0,0.8725774,0.98363847,0
1.0,0.875747,0.9976906,0
1.0,0.86228174,0.9820352,0
1.0,0.8551775,0.9647808,0
1.0,0.8561378,0.9169166,0
1.0,0.86104155,0.89668536,0
1.0,0.8565226,0.88738877,0
1.0,0.8591364,0.89307815,0
1.0,0.87114924,0.905581,0
1.0,0.8725449,0.91257226,0
1.0,0.88086605,0.98859024,0
1.0,0.8869442,1.0412812,0
1.0,0.89189404,1.0500631,0
1.0,0.8964588,1.0473683,0
1.0,0.9046549,1.0948904,0
1.0,0.9064641,1.1989193,0
1.0,0.9094085,1.2652888,0
1.0,0.9123193,1.3135833,0
1.0,0.9287261,1.369819,0
1.0,0.93038607,1.3628047,0
1.0,0.9334535,1.387748,0
1.0,0.93182206,1.393706,0
1.0,0.93858844,1.3856871,0
1.0,0.9356676,1.3515424,0
1.0,0.92783016,1.322717,0
1.0,0.92795056,1.3419024,0
1.0,0.9364645,1.3711976,0
1.0,0.93448746,1.3493214,0
1.0,0.9288599,1.3155208,0
1.0,0.92662525,1.2992353,0
1.0,0.93110305,1.2864369,0
1.0,0.9235759,1.2537727,0
1.0,0.9135266,1.240902,0
1.0,0.9155601,1.273082,0
1.0,0.9171139,1.3035569,0
1.0,0.90304565,1.311485,0
1.0,0.89985824,1.34549,0
1.0,0.90372175,1.3772085,0
1.0,0.9085063,1.4080806,0
1.0,0.8964523,1.4107239,0
1.0,0.891972,1.450912,0
1.0,0.88686275,1.4526086,0
1.0,0.8808408,1.3773869,0
1.0,0.8740232,1.3311516,0
1.0,0.8605826,1.3176093,0
1.0,0.8619468,1.3545662,0
1.0,0.86280537,1.3472047,0
1.0,0.8600897,1.2378201,0
1.0,0.861005,1.1838892,0
1.0,0.8711763,1.2258945,0
1.0,0.8768274,1.2620769,0
1.0,0.8746447,1.2598925,0
1.0,0.87978166,1.2834356,0
1.0,0.88684946,1.3261113,0
1.0,0.8926052,1.3737221,0
1.0,0.88917947,1.4120462,0
1.0,0.890778,1.4181304,0
1.0,0.8906372,1.4078858,0
1.0,0.8927888,1.4577637,0
1.0,0.8853931,1.4816856,0
1.0,0.8873116,1.5035037,0
1.0,0.88809097,1.4930513,0
1.0,0.8897558,1.4926729,0
1.0,0.88815165,1.5076089,0
1.0,0.88505566,1.457851,0
1.0,0.8809289,1.4094368,0
1.0,0.88901854,1.4224911,0
1.0,0.877682,1.3380109,0
1.0,0.87861884,1.3115919,0
1.0,0.8737773,1.2970858,0
1.0,0.8676864,1.2719657,0
1.0,0.85439384,1.2544918,0
1.0,0.85454845,1.2258711,0
1.0,0.8485935,1.1812527,0
1.0,0.84244645,1.1832752,0
1.0,0.8406431,1.2135351,0
1.0,0.8393207,1.2264292,0
1.0,0.840841,1.2204177,0
1.0,0.832386,1.1992614,0
1.0,0.8357798,1.1998587,0
1.0,0.8398863,1.1938779,0
1.0,0.8486239,1.16888,0
1.0,0.8545578,1.1366556,0
1.0,0.860429,1.1300462,0
1.0,0.85805374,1.0963382,0
1.0,0.8591364,1.0749688,0
1.0,0.85431623,1.0313647,0
1.0,0.84452087,0.95453525,0
1.0,0.8434398,0.92955154,0
1.0,0.84821224,0.9352437,0
1.0,0.8478194,0.912881,0
1.0,0.83913714,0.8621417,0
1.0,0.8378778,0.83251446,0
1.0,0.8356182,0.8345443,0
1.0,0.85126925,0.8820823,0
1.0,0.8431066,0.8589405,0
1.0,0.84515196,0.8537438,0
1.0,0.86950356,0.8733276,0
1.0,0.8878564,0.8673548,0
1.0,0.8705719,0.84790385,0
1.0,0.86759204,0.8392515,0
1.0,0.888944,0.8645177,0
1.0,0.8923594,0.8506312,0
1.0,0.8861135,0.7950437,0
1.0,0.8633567,0.7306659,0
1.0,0.8791277,0.72927976,0
1.0,0.8872683,0.71382153,0
1.0,0.8817713,0.6712681,0
1.0,0.8596531,0.593747,0
1.0,0.87489015,0.6042783,0
1.0,0.8974717,0.6401545,0
1.0,0.9064009,0.6559643,0
1.0,0.9076845,0.6683706,0
1.0,0.9150858,0.68195057,0
1.0,0.92937404,0.7077453,0
1.0,0.93101156,0.71473956,0
1.0,0.9184698,0.69205296,0
1.0,0.9205753,0.6848155,0
1.0,0.92549324,0.7055291,0
1.0,0.9251578,0.7472948,0
1.0,0.9125663,0.7389568,0
1.0,0.90293425,0.7056359,0
1.0,0.90532064,0.67912126,0
1.0,0.91411614,0.6763537,0
1.0,0.9065037,0.6523745,0
1.0,0.91579807,0.6350982,0
1.0,0.93801886,0.62636197,0
1.0,0.9404747,0.59963375,0
1.0,0.9394336,0.62089473,0
1.0,0.94243234,0.6639006,0
1.0,0.949784,0.67462647,0
1.0,0.9521213,0.67208076,0
1.0,0.9536199,0.6793637,0
1.0,0.95541066,0.6979009,0
1.0,0.9579479,0.7222935,0
1.0,0.95531887,0.7140856,0
1.0,0.94513625,0.7061375,0
1.0,0.94003993,0.72481054,0
1.0,0.936045,0.74905074,0
1.0,0.9359053,0.7520529,0
1.0,0.93226874,0.7406599,0
1.0,0.9385101,0.730106,0
1.0,0.93941873,0.697667,0
1.0,0.9433545,0.6922977,0
1.0,0.9479164,0.6715004,0
1.0,0.95697236,0.6503091,0
1.0,0.9577602,0.6332762,0
1.0,0.96073645,0.64626,0
1.0,0.9594652,0.6630027,0
1.0,0.9585803,0.6500357,0
1.0,0.9481085,0.603964,0
1.0,0.94555354,0.5683603,0
1.0,0.9428907,0.5694876,0
1.0,0.93872553,0.5867064,0
1.0,0.91505355,0.5550982,0
1.0,0.899623,0.548499,0
1.0,0.89641607,0.5583658,0
1.0,0.8857832,0.54944754,0
1.0,0.8556802,0.5222416,0
1.0,0.83879346,0.5020371,0
1.0,0.86264735,0.5092852,0
1.0,0.8620928,0.49107373,0
1.0,0.8498948,0.47279128,0
1.0,0.8354479,0.44150034,0
1.0,0.85201544,0.44509166,0
1.0,0.83981216,0.40206778,0
1.0,0.82989156,0.3645404,0
1.0,0.79605556,0.32627022,0
1.0,0.8014165,0.32418534,0
1.0,0.76456887,0.28610128,0
1.0,0.7757413,0.28927386,0
1.0,0.76521146,0.2800877,0
1.0,0.8136831,0.34603995,0
1.0,0.7731364,0.30894905,0
1.0,0.85036486,0.39949128,0
1.0,0.84859717,0.43101043,0
1.0,0.8491435,0.49134994,0
1.0,0.8055156,0.49730805,0
1.0,0.8799682,0.6566299,0
1.0,0.8969326,0.69997585,0
1.0,0.8992723,0.68593335,0
1.0,0.8800119,0.67575,0
1.0,0.91793996,0.78751755,0
1.0,0.92702115,0.82554626,0
1.0,0.9204622,0.81544006,0
1.0,0.90356314,0.7678124,0
1.0,0.93337667,0.82803476,0
1.0,0.9398871,0.8722998,0
1.0,0.93312865,0.8873739,0
1.0,0.91861385,0.8931943,0
1.0,0.9386686,0.9496425,0
1.0,0.9434364,0.9935979,0
1.0,0.934562,1.0254476,0
1.0,0.9183917,1.0299824,0
1.0,0.92738193,1.0805091,0
1.0,0.92235285,1.0989416,0
1.0,0.8903846,1.0798337,0
1.0,0.87489486,1.0882249,0
1.0,0.8797325,1.1152894,0
1.0,0.890087,1.1410534,0
1.0,0.88495547,1.1343263,0
1.0,0.87673056,1.1367809,0
1.0,0.8815542,1.164708,0
1.0,0.87352765,1.1295494,0
1.0,0.8830759,1.1265662,0
1.0,0.86337084,1.0819014,0
1.0,0.87357485,1.1005658,0
1.0,0.8682599,1.0951062,0
1.0,0.87945575,1.0880444,0
1.0,0.8584418,1.0136709,0
1.0,0.88268894,1.0398643,0
1.0,0.88378316,1.0123694,0
1.0,0.88814145,1.0399468,0
1.0,0.89103365,1.0854859,0
1.0,0.8990642,1.0903013,0
1.0,0.8920725,1.0735668,0
1.0,0.8839441,1.083587,0
1.0,0.889361,1.1276071,0
1.0,0.905692,1.1649891,0
1.0,0.90305644,1.134531,0
1.0,0.9012533,1.114338,0
1.0,0.90131646,1.1161327,0
1.0,0.9089935,1.1418324,0
1.0,0.8937529,1.1032298,0
1.0,0.8887497,1.077937,0
1.0,0.89001644,1.0536335,0
1.0,0.8979339,1.0431608,0
1.0,0.88748366,1.0097266,0
1.0,0.87136334,0.96011424,0
1.0,0.8741639,0.95639926,0
1.0,0.87627393,0.9569837,0
1.0,0.8639849,0.9505539,0
1.0,0.8418946,0.96633327,0
1.0,0.847451,0.987638,0
1.0,0.8262785,0.93866265,0
1.0,0.8082845,0.9318268,0
1.0,0.7903513,0.9212664,0
1.0,0.7848155,0.94619167,0
1.0,0.7822557,0.98095846,0
1.0,0.7879306,0.9828361,0
1.0,0.7919156,0.9976603,0
1.0,0.78906465,1.0146896,0
1.0,0.7781482,0.98096406,0
1.0,0.7854739,0.98659337,0
1.0,0.79734105,0.994265,0
1.0,0.81745875,0.9982843,0
1.0,0.8146014,0.9731519,0
1.0,0.8327399,1.0132201,0
1.0,0.8352444,1.0189335,0
1.0,0.8597949,1.0601301,0
1.0,0.8520732,1.0512075,0
1.0,0.8505435,1.0869124,0
1.0,0.85735637,1.1205487,0
1.0,0.8780414,1.1425977,0
1.0,0.87150186,1.1420901,0
1.0,0.8676897,1.160202,0
1.0,0.8681719,1.1548909,0
1.0,0.8929787,1.2281759,0
1.0,0.8856463,1.2301315,0
1.0,0.87952614,1.2358491,0
1.0,0.8734938,1.2284082,0
1.0,0.8847268,1.2472601,0
1.0,0.86955994,1.23494,0
1.0,0.85723704,1.1951475,0
1.0,0.8519971,1.1386433,0
1.0,0.8690461,1.1426908,0
1.0,0.86019033,1.1045763,0
1.0,0.8485462,1.0842278,0
1.0,0.83745724,1.0460968,0
1.0,0.8396008,1.0281318,0
1.0,0.83237314,1.0141801,0
1.0,0.7999423,0.9540844,0
1.0,0.8132954,1.0000541,0
1.0,0.80986804,0.98391885,0
1.0,0.8021266,0.97673595,0
1.0,0.7953202,1.003425,0
1.0,0.7942577,1.0209113,0
1.0,0.79275364,1.0459421,0
1.0,0.79225963,1.0818135,0
1.0,0.7855945,1.068512,0
1.0,0.79394823,1.0695922,0
1.0,0.7738933,1.0257759,0
1.0,0.7775539,1.0287831,0
1.0,0.7651752,0.97479737,0
1.0,0.7784176,0.9885248,0
1.0,0.7688691,0.9709983,0
1.0,0.7692956,0.95034236,0
1.0,0.7592579,0.92658234,0
1.0,0.77987957,0.9880445,0
1.0,0.77810097,1.0241873,0
1.0,0.7872002,1.0790136,0
1.0,0.7926046,1.0729556,0
1.0,0.81532156,1.1098478,0
1.0,0.82837063,1.1834788,0
1.0,0.8332861,1.2331226,0
1.0,0.8554506,1.3251822,0
1.0,0.8577734,1.373186,0
1.0,0.8661854,1.4457746,0
1.0,0.86936796,1.5043367,0
1.0,0.8712106,1.5170393,0
1.0,0.8646915,1.5425813,0
1.0,0.8714544,1.6001524,0
1.0,0.8743745,1.6025112,0
1.0,0.88142705,1.6130877,0
1.0,0.8791439,1.5609492,0
1.0,0.8900964,1.5707281,0
1.0,0.8890624,1.5905895,0
1.0,0.90309095,1.6366429,0
1.0,0.899664,1.6278012,0
1.0,0.9122203,1.6428347,0
1.0,0.9093803,1.6277031,0
1.0,0.91893125,1.6645234,0
1.0,0.9094189,1.6670253,0
1.0,0.9182648,1.6983515,0
1.0,0.90848875,1.6750016,0
1.0,0.9159276,1.730128,0
1.0,0.9010558,1.7264948,0
1.0,0.9074586,1.7596828,0
1.0,0.89605623,1.7451885,0
1.0,0.89354265,1.7365477,0
1.0,0.8664623,1.6591506,0
1.0,0.86652905,1.6295108,0
1.0,0.84893674,1.5324153,0
1.0,0.8518262,1.5355059,0
1.0,0.8450622,1.5477827,0
1.0,0.85041404,1.5120918,0
1.0,0.8365512,1.4352235,0
1.0,0.8560948,1.4726627,0
1.0,0.8431033,1.3828459,0
1.0,0.8557695,1.3643522,0
1.0,0.841421,1.3166306,0
1.0,0.8486808,1.3220656,0
1.0,0.83135563,1.2906845,0
1.0,0.83941245,1.3101838,0
1.0,0.82430184,1.2690673,0
1.0,0.8343329,1.2974432,0
1.0,0.82513857,1.3134563,0
1.0,0.8384839,1.3386127,0
1.0,0.8258574,1.2807949,0
1.0,0.8397393,1.3096048,0
1.0,0.8290325,1.2678441,0
1.0,0.839,1.2856127,0
1.0,0.82303774,1.2162147,0
1.0,0.8471957,1.2237011,0
1.0,0.8315994,1.1759996,0
1.0,0.84586287,1.1898389,0
1.0,0.8266013,1.1415646,0
1.0,0.844946,1.1398541,0
1.0,0.81873953,1.0428562,0
1.0,0.8366841,1.0842494,0
1.0,0.8161213,1.0199271,0
1.0,0.81991327,1.0170891,0
1.0,0.8035468,1.0103343,0
1.0,0.8106203,0.9926721,0
1.0,0.8035411,0.98209023,0
1.0,0.81642216,1.0258946,0
1.0,0.801224,0.98315954,0
1.0,0.806099,1.0254506,0
1.0,0.80491173,1.0195032,0
1.0,0.81442636,1.0090954,0
1.0,0.79786164,1.0043656,0
1.0,0.79646415,1.0114063,0
1.0,0.7873639,0.9818486,0
1.0,0.799946,0.98722434,0
1.0,0.7983229,0.9338358,0
1.0,0.8119655,0.9050119,0
1.0,0.81185675,0.8845178,0
1.0,0.82437253,0.9166235,0
1.0,0.8252079,0.8792813,0
1.0,0.8297696,0.88660234,0
1.0,0.84270054,0.93496025,0
1.0,0.84220105,0.89411616,0
1.0,0.84696746,0.91000646,0
1.0,0.8543049,0.9238062,0
1.0,0.86528057,0.9445276,0
1.0,0.8579844,0.9699517,0
1.0,0.85244656,0.9536158,0
1.0,0.85866565,0.9724163,0
1.0,0.8643437,0.9907242,0
1.0,0.8579953,0.961196,0
1.0,0.8544846,0.9647113,0
1.0,0.8586308,0.9704775,0
1.0,0.86138195,0.9722495,0
1.0,0.852745,0.9459672,0
1.0,0.848212,0.88402444,0
1.0,0.85335547,0.8797922,0
1.0,0.8589121,0.90623033,0
1.0,0.84869564,0.89671326,0
1.0,0.842685,0.87006557,0
1.0,0.84581375,0.8339038,0
1.0,0.8513008,0.8278785,0
1.0,0.8355873,0.8193957,0
1.0,0.83191985,0.8186748,0
1.0,0.84075713,0.8151084,0
1.0,0.8371543,0.81412697,0
1.0,0.8195777,0.79659736,0
1.0,0.82270896,0.8091202,0
1.0,0.8259181,0.8404175,0
1.0,0.8173891,0.8171949,0
1.0,0.8211653,0.79836994,0
1.0,0.83154255,0.809441,0
1.0,0.8339966,0.8157905,0
1.0,0.8298351,0.78189874,0
1.0,0.82861423,0.7632254,0
1.0,0.83046424,0.7782303,0
1.0,0.7511133,0.6609622,0
1.0,0.7132531,0.71076965,0
1.0,0.736991,2.1182559,0
1.0,0.73446417,2.085562,0
1.0,0.7395445,2.1361332,0
1.0,0.73194945,2.1144176,0
1.0,0.7549039,2.1663456,0
1.0,0.76165074,2.160519,0
1.0,0.72649467,2.081897,0
1.0,0.72636753,2.1077497,0
1.0,0.72390413,2.0933743,0
1.0,0.7151805,2.102764,0
1.0,0.6251586,2.042357,0
1.0,0.5853456,2.0442932,0
1.0,0.6058138,2.1062863,0
1.0,0.58144313,2.189944,0
1.0,0.56812316,2.3190477,0
1.0,0.56803674,2.4356098,0
1.0,0.59752935,2.5426288,0
1.0,0.6299887,2.6446376,0
1.0,0.6603413,2.7893388,0
1.0,0.6921663,2.894652,0
1.0,0.7177575,2.9450505,0
1.0,0.7298638,3.105073,0
1.0,0.7349329,3.3153648,0
1.0,0.75043744,3.423479,0
1.0,0.7643217,3.5468173,0
1.0,0.7804713,3.724022,0
1.0,0.7830226,3.8887274,0
1.0,0.8051489,4.0735545,0
1.0,0.8198263,4.2909846,0
1.0,0.83300215,4.4037523,0
1.0,0.8243376,4.6018596,0
1.0,0.82962286,4.736907,0
1.0,0.87478524,3.469472,0
1.0,0.89316887,3.75865,0
1.0,0.9214615,3.9454203,0
1.0,0.93295306,4.2327013,0
1.0,0.9396915,4.528367,0
1.0,0.9446823,4.8041983,0
1.0,0.94629604,5.1253276,0
1.0,0.9495649,5.412863,0
1.0,0.9500302,5.7293143,0
1.0,0.95032835,6.0240183,0
1.0,0.95021755,6.356776,0
1.0,0.9511875,6.6975937,0
1.0,0.952033,6.9505835,0
1.0,0.95307416,7.231207,0
1.0,0.95308864,7.506685,0
1.0,0.9555149,7.6815467,0
1.0,0.9565836,7.9608135,0
1.0,0.9581202,8.259848,0
1.0,0.958271,8.410491,0
1.0,0.9590487,8.670147,0
1.0,0.96018684,9.01708,0
1.0,0.9609807,9.15362,0
1.0,0.9615046,9.242985,0
1.0,0.9620895,9.512028,0
1.0,0.9626521,9.803226,0
1.0,0.96317446,10.064991,0
1.0,0.9634969,10.3687725,0
1.0,0.96406376,10.493704,0
1.0,0.9640443,10.549049,0
1.0,0.9639183,10.818977,0
1.0,0.9635693,10.992792,0
1.0,0.9633959,11.017751,0
1.0,0.9629567,11.088832,0
1.0,0.9627018,11.037337,0
1.0,0.96223724,11.032766,0
1.0,0.9623028,11.1229105,0
1.0,0.9616389,11.09208,0
1.0,0.9613701,11.04466,0
1.0,0.9611155,11.0629635,0
1.0,0.9608159,11.112805,0
1.0,0.9607865,11.091559,0
1.0,0.96036303,11.048406,0
1.0,0.96066374,10.9535885,0
1.0,0.96057945,10.874571,0
1.0,0.96010494,11.031414,0
1.0,0.96062064,11.093718,0
1.0,0.96072745,11.051445,0
1.0,0.9614964,11.065356,0
1.0,0.9611835,10.984653,0
1.0,0.9612775,10.963045,0
1.0,0.9613896,11.023342,0
1.0,0.96132624,10.926526,0
1.0,0.96072614,10.778849,0
1.0,0.9599793,10.749518,0
1.0,0.9598576,10.706678,0
1.0,0.95919484,10.568924,0
1.0,0.95862883,10.327992,0
1.0,0.95857316,10.056856,0
1.0,0.9582949,9.867462,0
1.0,0.957489,9.768733,0
1.0,0.9571694,9.714339,0
1.0,0.9568177,9.544969,0
1.0,0.9567837,9.375554,0
1.0,0.9565557,9.316908,0
1.0,0.9564368,9.15941,0
1.0,0.95674497,9.1273155,0
1.0,0.95716083,9.079712,0
1.0,0.9569121,8.817883,0
1.0,0.95733786,8.7236185,0
1.0,0.957182,8.663919,0
1.0,0.9570274,8.5140505,0
1.0,0.9562918,8.290332,0
1.0,0.9562722,8.071454,0
1.0,0.9561867,7.9481916,0
1.0,0.95520866,7.85207,0
1.0,0.9535403,7.7218757,0
1.0,0.9528739,7.3920345,0
1.0,0.95184714,7.0676994,0
1.0,0.95070624,6.9026165,0
1.0,0.9486302,6.7677836,0
1.0,0.94748634,6.595684,0
1.0,0.9458814,6.31652,0
1.0,0.94538677,6.056178,0
1.0,0.9447284,5.901659,0
1.0,0.9436066,5.7958546,0
1.0,0.94283503,5.6631813,0
1.0,0.9428112,5.5040317,0
1.0,0.94096035,5.378887,0
1.0,0.94069004,5.283762,0
1.0,0.9403085,5.2030473,0
1.0,0.9387165,5.0224876,0
1.0,0.93792826,4.8378615,0
1.0,0.93570894,4.7079406,0
1.0,0.9347479,4.517845,0
1.0,0.9311636,4.380973,0
1.0,0.927274,4.2659245,0
1.0,0.9231654,4.110898,0
1.0,0.91851115,3.8892379,0
1.0,0.9154476,3.6778102,0
1.0,0.9095545,3.5617175,0
1.0,0.902448,3.4173536,0
1.0,0.89549714,3.3142002,0
1.0,0.88879883,3.165754,0
1.0,0.88280785,3.06461,0
1.0,0.8723823,3.0761495,0
1.0,0.8651062,2.9850168,0
1.0,0.85623014,2.9026532,0
1.0,0.8509806,2.7776768,0
1.0,0.8391672,2.6935039,0
1.0,0.83185935,2.6581092,0
1.0,0.8161355,2.5554972,0
1.0,0.8082397,2.4410267,0
1.0,0.7892059,2.3738735,0
1.0,0.77436566,2.307364,0
1.0,0.75125647,2.304552,0
1.0,0.72660875,2.2311435,0
1.0,0.6988856,2.126195,0
1.0,0.6713443,2.0646286,0
1.0,0.64113945,2.0285163,0
1.0,0.60829514,1.9957204,0
1.0,0.57229847,1.9921532,0
1.0,0.54473895,1.9394989,0
1.0,0.51909184,1.8678987,0
1.0,0.5019538,1.8310003,0
1.0,0.47884884,1.7992144,0
1.0,0.46097392,1.7576141,0
1.0,0.44226205,1.7307842,0
1.0,0.42412713,1.6461132,0
1.0,0.40403426,1.6264448,0
1.0,0.3938525,1.6235507,0
1.0,0.3742304,1.5828981,0
1.0,0.35978317,1.5310626,0
1.0,0.3422356,1.4836988,0
1.0,0.38070488,1.2715284,0
1.0,0.36836374,1.2371298,0
1.0,0.3704546,1.1657181,0
1.0,0.36279547,1.0618355,0
1.0,0.36336127,0.98100495,0
1.0,0.34948853,0.9051059,0
1.0,0.36668345,0.8210881,0
1.0,0.3704685,0.7750486,0
1.0,0.39622307,0.65381366,0
1.0,0.37926558,0.6278566,0
1.0,0.41785395,0.53239024,0
1.0,0.40865487,0.5104096,0
1.0,0.43258613,0.4750198,0
1.0,0.40274763,0.46574754,0
1.0,0.42235807,0.42501312,0
1.0,0.4142903,0.4189126,0
1.0,0.44506314,0.3590225,0
1.0,0.45853195,0.3324006,0
1.0,0.5662088,0.23420122,0
1.0,0.6232128,0.19429913,0
1.0,0.6552133,0.18604685,0
1.0,0.6924,0.18001965,0
1.0,0.76091087,0.19275272,0
1.0,0.74604934,0.19328871,0
1.0,0.6739138,0.19017717,0
1.0,0.7180495,0.21497416,0
1.0,0.8013577,0.25449318,0
1.0,0.79016143,0.26076132,0
1.0,0.7855741,0.26585114,0
1.0,0.8038067,0.2854271,0
1.0,0.867792,0.3430719,0
1.0,0.85962343,0.33727604,0
1.0,0.8266287,0.3323757,0
1.0,0.8439809,0.36848333,0
1.0,0.88112843,0.42240548,0
1.0,0.8766129,0.45580757,0
1.0,0.8527833,0.4532721,0
1.0,0.88458014,0.5127512,0
1.0,0.9202644,0.6042235,0
1.0,0.9171327,0.63670754,0
1.0,0.9003248,0.6291441,0
1.0,0.89698505,0.6602886,0
1.0,0.89836377,0.7087848,0
1.0,0.8674886,0.69480884,0
1.0,0.8365951,0.68432856,0
1.0,0.8267393,0.71765935,0
1.0,0.8309613,0.756004,0
1.0,0.8248477,0.79000944,0
1.0,0.8347469,0.829883,0
1.0,0.8274926,0.82561445,0
1.0,0.8171216,0.83267653,0
1.0,0.8074782,0.840009,0
1.0,0.7973493,0.84964263,0
1.0,0.7996635,0.87854874,0
1.0,0.78510225,0.87159276,0
1.0,0.76917803,0.83196676,0
1.0,0.7743713,0.83006215,0
1.0,0.7752054,0.84865016,0
1.0,0.77135354,0.8723959,0
1.0,0.76015407,0.90210336,0
1.0,0.7744885,0.97874624,0
1.0,0.75583243,0.9992602,0
1.0,0.752546,1.0526965,0
1.0,0.7467689,1.0565071,0
1.0,0.75850356,1.0917042,0
1.0,0.76832813,1.1603599,0
1.0,0.7852823,1.2643502,0
1.0,0.8031676,1.3315747,0
1.0,0.8197205,1.3820083,0
1.0,0.83319426,1.4465346,0
1.0,0.84332705,1.4728523,0
1.0,0.84480083,1.516922,0
1.0,0.8561128,1.5885243,0
1.0,0.8608382,1.5848528,0
1.0,0.8690844,1.5931803,0
1.0,0.870675,1.6195302,0
1.0,0.8761519,1.674782,0
1.0,0.89524704,1.7616403,0
1.0,0.90385735,1.8257139,0
1.0,0.9150016,1.8646312,0
1.0,0.91757095,1.8858953,0
1.0,0.9257823,1.9496003,0
1.0,0.92563623,1.9819487,0
1.0,0.9317827,2.020587,0
1.0,0.92994255,2.0626898,0
1.0,0.9352596,2.1700978,0
1.0,0.9348682,2.2188385,0
1.0,0.94083613,2.2862885,0
1.0,0.9399205,2.3024187,0
1.0,0.9424197,2.2937925,0
1.0,0.942536,2.332055,0
1.0,0.9430763,2.3460026,0
1.0,0.9462049,2.34066,0
1.0,0.94551116,2.288587,0
1.0,0.94918776,2.2474241,0
1.0,0.95041835,2.319584,0
1.0,0.950393,2.363938,0
1.0,0.9527602,2.3350127,0
1.0,0.95702976,2.3030024,0
1.0,0.9594368,2.2905073,0
1.0,0.9605599,2.3336372,0
1.0,0.95676255,2.3767877,0
1.0,0.956218,2.430202,0
1.0,0.95615804,2.445403,0
1.0,0.95894706,2.4350743,0
1.0,0.95386964,2.457406,0
1.0,0.95731,2.525517,0
1.0,0.9545188,2.5170543,0
1.0,0.9589383,2.474145,0
1.0,0.9524419,2.3977537,0
1.0,0.9542086,2.3838542,0
1.0,0.9508892,2.3727908,0
1.0,0.9556483,2.3772545,0
1.0,0.9507114,2.3142304,0
1.0,0.9515378,2.2740345,0
1.0,0.9453024,2.2647252,0
1.0,0.94504076,2.236887,0
1.0,0.9365252,2.1185489,0
1.0,0.9383685,2.0591116,0
1.0,0.9327612,2.0177689,0
1.0,0.9344097,2.0858145,0
1.0,0.9292308,2.1527462,0
1.0,0.9298648,2.1222258,0
1.0,0.93074995,2.0787144,0
1.0,0.93296903,2.0892181,0
1.0,0.9291607,2.1263013,0
1.0,0.929176,2.1775799,0
1.0,0.930584,2.1233315,0
1.0,0.92837626,2.0638292,0
1.0,0.9234828,2.077098,0
1.0,0.92150265,2.069538,0
1.0,0.9223844,2.063908,0
1.0,0.9190874,2.0039704,0
1.0,0.9183712,1.9030333,0
1.0,0.9181043,1.8668418,0
1.0,0.9174855,1.8366047,0
1.0,0.9124507,1.7985734,0
1.0,0.9117609,1.7933455,0
1.0,0.91366005,1.7532077,0
1.0,0.91320264,1.7468766,0
1.0,0.9083574,1.7755411,0
1.0,0.90381235,1.7801688,0
1.0,0.905235,1.7679617,0
1.0,0.9026309,1.731925,0
1.0,0.8952268,1.7348791,0
1.0,0.8880061,1.7871891,0
1.0,0.886266,1.7805778,0
1.0,0.88398653,1.7315915,0
1.0,0.8793657,1.6870285,0
1.0,0.8722128,1.6690903,0
1.0,0.87011564,1.6681727,0
1.0,0.85945094,1.6117096,0
1.0,0.8529989,1.5391122,0
1.0,0.8452633,1.4371331,0
1.0,0.84276956,1.3978999,0
1.0,0.83552986,1.3845832,0
1.0,0.8207411,1.3186814,0
1.0,0.8157703,1.2610232,0
1.0,0.8220702,1.2305942,0
1.0,0.81691974,1.2501272,0
1.0,0.81542236,1.2962396,0
1.0,0.7987688,1.2402749,0
1.0,0.81375915,1.2821896,0
1.0,0.8120203,1.3011718,0
1.0,0.81022346,1.3357468,0
1.0,0.81169224,1.3731027,0
1.0,0.8225795,1.3559288,0
1.0,0.8385046,1.3504736,0
1.0,0.8436726,1.3551141,0
1.0,0.8389615,1.3269601,0
1.0,0.85570395,1.3783429,0
1.0,0.85610753,1.3498048,0
1.0,0.8657741,1.3127599,0
1.0,0.8531907,1.2483726,0
1.0,0.8665296,1.2408574,0
1.0,0.8540257,1.2181933,0
1.0,0.8778736,1.2369288,0
1.0,0.8611074,1.1368444,0
1.0,0.8907645,1.2248942,0
1.0,0.87596035,1.1845164,0
1.0,0.8928976,1.2176858,0
1.0,0.88208103,1.1943651,0
1.0,0.9047759,1.217305,0
1.0,0.89103043,1.1936823,0
1.0,0.8959413,1.1949608,0
1.0,0.8815705,1.1719006,0
1.0,0.89898676,1.2139122,0
1.0,0.88456744,1.1580856,0
1.0,0.8829337,1.1479957,0
1.0,0.85964125,1.0891088,0
1.0,0.8803392,1.123352,0
1.0,0.84911627,1.0143211,0
1.0,0.8510836,0.940851,0
1.0,0.8259798,0.8603782,0
1.0,0.8549181,0.8939295,0
1.0,0.8227858,0.7901743,0
1.0,0.82096064,0.726008,0
1.0,0.7956762,0.656675,0
1.0,0.8255639,0.72329295,0
1.0,0.8155863,0.7256056,0
1.0,0.81918687,0.73752517,0
1.0,0.8055689,0.70924145,0
1.0,0.814241,0.7027302,0
1.0,0.8163806,0.7182238,0
1.0,0.82515067,0.73879886,0
1.0,0.81592983,0.7203176,0
1.0,0.8188854,0.75157607,0
1.0,0.8178327,0.7454158,0
1.0,0.82697886,0.74700385,0
1.0,0.8315274,0.7649422,0
1.0,0.8295656,0.72445905,0
1.0,0.8423088,0.7333135,0
1.0,0.8538716,0.7499491,0
1.0,0.86222225,0.7433505,0
1.0,0.8537226,0.73252314,0
1.0,0.86143684,0.72108024,0
1.0,0.87164176,0.7048094,0
1.0,0.8754695,0.7224454,0
1.0,0.85338473,0.72687846,0
1.0,0.8515427,0.71603453,0
1.0,0.8536764,0.7091452,0
1.0,0.84616643,0.7177166,0
1.0,0.8436933,0.7077397,0
1.0,0.84122777,0.71198356,0
1.0,0.8398245,0.76053095,0
1.0,0.8231178,0.73123753,0
1.0,0.84937376,0.7463236,0
1.0,0.8128789,0.7091424,0
1.0,0.82928634,0.7537031,0
1.0,0.8057671,0.7027632,0
1.0,0.8485427,0.7348535,0
1.0,0.8361709,0.6797384,0
1.0,0.8439529,0.6711229,0
1.0,0.82093054,0.6257909,0
1.0,0.85436493,0.65662444,0
1.0,0.82442707,0.5838897,0
1.0,0.8328359,0.5821312,0
1.0,0.7826926,0.5371312,0
1.0,0.8177035,0.5700812,0
1.0,0.79367936,0.5265323,0
1.0,0.78462774,0.5120733,0
1.0,0.75608975,0.44581354,0
1.0,0.78618217,0.49417096,0
1.0,0.7584943,0.48821604,0
1.0,0.7609841,0.48485175,0
1.0,0.75279,0.47418565,0
1.0,0.77126706,0.48867327,0
1.0,0.74702525,0.4637326,0
1.0,0.73693365,0.467785,0
1.0,0.7371786,0.45755985,0
1.0,0.733555,0.40043658,0
1.0,0.71747017,0.37406158,0
1.0,0.6900735,0.34973902,0
1.0,0.6878804,0.3285485,0
1.0,0.6533197,0.29096657,0
1.0,0.60516465,0.23697576,0
1.0,0.6084607,0.20296958,0
1.0,0.57026386,0.18570109,0
1.0,0.5877887,0.21755016,0
1.0,0.5448569,0.17111248,0
1.0,0.56624204,0.17191255,0
1.0,0.5535257,0.17797177,0
1.0,0.60455996,0.21508536,0
1.0,0.5643396,0.19428653,0
1.0,0.6108576,0.22797333,0
1.0,0.5739604,0.19421706,0
1.0,0.6705627,0.2625947,0
1.0,0.5716277,0.20623264,0
1.0,0.61479354,0.24289024,0
1.0,0.57890904,0.19760978,0
1.0,0.6652867,0.24582618,0
1.0,0.56726706,0.1713977,0
1.0,0.61245996,0.19913109,0
1.0,0.58732367,0.18191507,0
1.0,0.71874076,0.25472924,0
1.0,0.6387091,0.17374629,0
1.0,0.7004774,0.20406865,0
1.0,0.66393363,0.18953505,0
1.0,0.78844094,0.2930398,0
1.0,0.7129382,0.2274545,0
1.0,0.7475917,0.24030235,0
1.0,0.7290271,0.20697388,0
1.0,0.806407,0.27640378,0
1.0,0.7256198,0.2147577,0
1.0,0.75079507,0.22155775,0
1.0,0.74105215,0.20706429,0
1.0,0.7898881,0.24130219,0
1.0,0.713906,0.1860254,0
1.0,0.741814,0.20443478,0
1.0,0.77433443,0.21658221,0
1.0,0.80425507,0.20812576,0
1.0,0.75910866,0.17760131,0
1.0,0.78430635,0.1909674,0
1.0,0.8046291,0.18449312,0
1.0,0.7759567,0.15627818,0
1.0,0.69797766,0.114790976,0
1.0,0.71873605,0.113956705,0
1.0,0.7474437,0.12345508,0
1.0,0.6494314,0.09816781,0
1.0,0.60756874,0.075101696,0
1.0,0.64833534,0.07062258,0
1.0,0.7227955,0.079937086,0
1.0,0.63620514,0.07099706,0
1.0,0.5995511,0.075558335,0
1.0,0.644773,0.08218543,0
1.0,0.68917125,0.08416178,0
1.0,0.6374274,0.08786048,0
1.0,0.62107545,0.08846461,0
1.0,0.677781,0.08901412,0
1.0,0.69335276,0.075035915,0
1.0,0.6248861,0.07547364,0
1.0,0.60055494,0.083448894,0
1.0,0.6000589,0.10101538,0
1.0,0.5551232,0.11451624,0
1.0,0.46761182,0.2833993,0
1.0,0.42439118,0.30646786,0
1.0,0.42561,0.3514607,0
1.0,0.41329494,0.36797607,0
1.0,0.42416131,0.40897933,0
1.0,0.46147227,0.41066408,0
1.0,0.46204463,0.4621479,0
1.0,0.49729288,0.49913493,0
1.0,0.46560252,0.53394365,0
1.0,0.48634765,0.56002903,0
1.0,0.39449212,0.7627717,0
1.0,0.3953045,0.8653035,0
1.0,0.34190097,1.0206382,0
1.0,0.37777218,1.0905695,0
1.0,0.33430925,1.3048761,0
1.0,0.41597226,1.3516352,0
1.0,0.40805608,1.5292974,0
1.0,0.4913578,1.5789559,0
1.0,0.48564887,1.8033772,0
1.0,0.5849588,1.8704274,0
1.0,0.59160155,2.1366305,0
1.0,0.6697662,2.186829,0
1.0,0.65954745,2.4027953,0
1.0,0.740482,2.3815198,0
1.0,0.74072254,2.5303097,0
1.0,0.79657847,2.6690927,0
1.0,0.78211296,2.9249656,0
1.0,0.8497691,2.9399953,0
1.0,0.84405506,3.1651678,0
1.0,0.88343614,3.3161564,0
1.0,0.8878107,3.615412,0
1.0,0.89778775,3.8162007,0
1.0,0.9107592,3.772614,0
1.0,0.91841227,3.9656851,0
1.0,0.9279562,4.21235,0
1.0,0.93419003,4.467334,0
1.0,0.9406366,4.6447344,0
1.0,0.9436319,4.940192,0
1.0,0.94673735,5.1928816,0
1.0,0.9481863,5.381008,0
1.0,0.9511771,5.684216,0
1.0,0.9524047,5.9517975,0
1.0,0.95383793,6.155545,0
1.0,0.95421845,6.489295,0
1.0,0.9549755,6.7682533,0
1.0,0.9549803,6.9766636,0
1.0,0.9555881,7.193118,0
1.0,0.95477223,7.3196993,0
1.0,0.9550142,7.4588785,0
1.0,0.9547288,7.617138,0
1.0,0.95661634,7.7306767,0
1.0,0.9570172,7.8239465,0
1.0,0.95749795,7.8667784,0
1.0,0.9579023,8.051367,0
1.0,0.95849806,8.250128,0
1.0,0.9588823,8.42783,0
1.0,0.95929587,8.586283,0
1.0,0.9596713,8.639511,0
1.0,0.9599044,8.772534,0
1.0,0.9603725,8.978797,0
1.0,0.96103483,9.256275,0
1.0,0.96141946,9.359227,0
1.0,0.96208096,9.281406,0
1.0,0.96188027,9.307385,0
1.0,0.96200734,9.376908,0
1.0,0.9622135,9.4812,0
1.0,0.96169263,9.425383,0
1.0,0.9607991,9.370227,0
1.0,0.96085155,9.522362,0
1.0,0.9599964,9.5146675,0
1.0,0.9598378,9.544998,0
1.0,0.959068,9.674822,0
1.0,0.9588198,9.557957,0
1.0,0.95865685,9.519777,0
1.0,0.9592413,9.53675,0
1.0,0.959368,9.38206,0
1.0,0.9593564,9.377245,0
1.0,0.95915234,9.427757,0
1.0,0.95973665,9.444484,0
1.0,0.96020114,9.632263,0
1.0,0.96069664,9.733784,0
1.0,0.96121246,9.701938,0
1.0,0.9610764,9.682003,0
1.0,0.9619254,9.582634,0
1.0,0.962283,9.474576,0
1.0,0.9618417,9.387983,0
1.0,0.9601031,9.288374,0
1.0,0.96023214,9.168932,0
1.0,0.95938396,9.071146,0
1.0,0.9576213,8.988272,0
1.0,0.95596457,8.868109,0
1.0,0.9568649,8.663971,0
1.0,0.9560444,8.395883,0
1.0,0.9562348,8.262545,0
1.0,0.9549946,8.249191,0
1.0,0.9567019,8.219526,0
1.0,0.9568739,8.138752,0
1.0,0.95686275,7.9715543,0
1.0,0.9556765,7.970527,0
1.0,0.95697135,7.9182405,0
1.0,0.95712596,7.686919,0
1.0,0.95693934,7.6221466,0
1.0,0.9551942,7.4973974,0
1.0,0.9559255,7.2904663,0
1.0,0.9556287,7.2288733,0
1.0,0.9542565,7.064612,0
1.0,0.95280635,6.875556,0
1.0,0.95231885,6.7305703,0
1.0,0.9506036,6.500121,0
1.0,0.9480595,6.3099794,0
1.0,0.9468899,6.1037197,0
1.0,0.9453541,5.7749825,0
1.0,0.9435222,5.513786,0
1.0,0.9412367,5.3599153,0
1.0,0.94023305,5.189128,0
1.0,0.9390236,5.085903,0
1.0,0.9380894,5.003414,0
1.0,0.9352817,4.835494,0
1.0,0.9341596,4.7114844,0
1.0,0.9331579,4.619997,0
1.0,0.9322177,4.5076404,0
1.0,0.92916214,4.3935347,0
1.0,0.92715764,4.2571983,0
1.0,0.9254356,4.160151,0
1.0,0.923682,4.0037384,0
1.0,0.92024386,3.8050098,0
1.0,0.91923535,3.6343198,0
1.0,0.91593057,3.4441452,0
1.0,0.9103079,3.3147378,0
1.0,0.90323305,3.224844,0
1.0,0.8963867,3.0316186,0
1.0,0.8880451,2.9135914,0
1.0,0.8781141,2.87593,0
1.0,0.8687551,2.7147603,0
1.0,0.859855,2.5829027,0
1.0,0.855012,2.4636786,0
1.0,0.84394115,2.3976345,0
1.0,0.8383313,2.3721137,0
1.0,0.8259094,2.3350363,0
1.0,0.82720786,2.2960343,0
1.0,0.81391275,2.274175,0
1.0,0.8077948,2.174658,0
1.0,0.79744583,2.0903785,0
1.0,0.80059963,1.9943371,0
1.0,0.78360945,1.9897861,0
1.0,0.75625634,1.9958798,0
1.0,0.7352689,1.9650867,0
1.0,0.7174681,1.9368095,0
1.0,0.67931116,1.9532113,0
1.0,0.6465969,1.9300059,0
1.0,0.62184894,1.8475598,0
1.0,0.60172516,1.795378,0
1.0,0.56654155,1.7906282,0
1.0,0.5339102,1.7729957,0
1.0,0.51454675,1.7342316,0
1.0,0.506548,1.6540073,0
1.0,0.48377773,1.6628066,0
1.0,0.46325585,1.6894735,0
1.0,0.44809577,1.6856871,0
1.0,0.4334637,1.712419,0
1.0,0.4206394,1.6911108,0
1.0,0.40660682,1.6387062,0
1.0,0.38883066,1.6484582,0
1.0,0.40532994,1.5520406,0
1.0,0.382625,1.4743559,0
1.0,0.37091127,1.4111531,0
1.0,0.3525276,1.3836982,0
1.0,0.35964102,1.2983446,0
1.0,0.34085488,1.2359061,0
1.0,0.3682368,1.0976338,0
1.0,0.36908245,1.0274512,0
1.0,0.43343773,0.7975102,0
1.0,0.4185428,0.75638795,0
1.0,0.4143603,0.72986484,0
1.0,0.40672493,0.7113604,0
1.0,0.47955322,0.5886632,0
1.0,0.46219775,0.55871725,0
1.0,0.46334034,0.50195307,0
1.0,0.4614447,0.48493624,0
1.0,0.5162709,0.3853221,0
1.0,0.53101456,0.35525095,0
1.0,0.5866953,0.30173302,0
1.0,0.5718437,0.29239348,0
1.0,0.65551937,0.21308485,0
1.0,0.6388615,0.2105521,0
1.0,0.67351747,0.1840967,0
1.0,0.6024464,0.22870111,0
1.0,0.65543664,0.19225706,0
1.0,0.7089603,0.15592054,0
1.0,0.7505703,0.14413796,0
1.0,0.697521,0.12352782,0
1.0,0.75336033,0.08994166,0
1.0,0.77933425,0.09531858,0
1.0,0.7977865,0.10651954,0
1.0,0.71654886,0.113414824,0
1.0,0.76840496,0.13409571,0
1.0,0.7851499,0.14010134,0
1.0,0.8048955,0.15786934,0
1.0,0.7141624,0.12125025,0
1.0,0.756262,0.1371215,0
1.0,0.77177185,0.1475496,0
1.0,0.82053953,0.17762479,0
1.0,0.71724945,0.1362676,0
1.0,0.8055264,0.19819616,0
1.0,0.79718244,0.22745246,0
1.0,0.8377678,0.27956614,0
1.0,0.76224834,0.22706014,0
1.0,0.84133404,0.32004443,0
1.0,0.8453255,0.34714347,0
1.0,0.86557084,0.407584,0
1.0,0.8131288,0.37650397,0
1.0,0.8582565,0.43974614,0
1.0,0.8473521,0.44621938,0
1.0,0.8681011,0.49599358,0
1.0,0.8214661,0.4438013,0
1.0,0.8762515,0.5130152,0
1.0,0.885615,0.5528616,0
1.0,0.8988575,0.5851389,0
1.0,0.8710458,0.5214778,0
1.0,0.9030382,0.57899547,0
1.0,0.90626,0.5936599,0
1.0,0.9142899,0.59790874,0
1.0,0.89096797,0.6029663,0
1.0,0.90487593,0.64403886,0
1.0,0.9073908,0.6547778,0
1.0,0.91038275,0.69184893,0
1.0,0.9022901,0.6774804,0
1.0,0.90553206,0.69442475,0
1.0,0.9049313,0.7231549,0
1.0,0.89462197,0.7289388,0
1.0,0.8824176,0.7167603,0
1.0,0.8707271,0.72431666,0
1.0,0.867585,0.7776542,0
1.0,0.85760784,0.76903623,0
1.0,0.86813134,0.7899247,0
1.0,0.87019885,0.8182403,0
1.0,0.87210643,0.8115282,0
1.0,0.87459373,0.8167732,0
1.0,0.87917536,0.81892073,0
1.0,0.8739012,0.78576344,0
1.0,0.86483705,0.7555797,0
1.0,0.86862755,0.74050415,0
1.0,0.88222516,0.79484415,0
1.0,0.87410176,0.8158171,0
1.0,0.88483524,0.8231939,0
1.0,0.8898732,0.82732254,0
1.0,0.90116405,0.88590014,0
1.0,0.9067957,0.9534942,0
1.0,0.91209096,0.99254334,0
1.0,0.9116976,1.0022256,0
1.0,0.9090162,1.0254654,0
1.0,0.9044916,1.0264156,0
1.0,0.9094108,1.0387554,0
1.0,0.90409505,1.0604732,0
1.0,0.90825313,1.0911924,0
1.0,0.9072369,1.0854377,0
1.0,0.91564804,1.1154402,0
1.0,0.9098883,1.0999274,0
1.0,0.9104654,1.0713362,0
1.0,0.90881824,1.0682421,0
1.0,0.9190496,1.0993018,0
1.0,0.90959716,1.0776848,0
1.0,0.90953207,1.1256428,0
1.0,0.8994096,1.1209933,0
1.0,0.9092802,1.0959477,0
1.0,0.89766055,1.0791898,0
1.0,0.89935523,1.1029851,0
1.0,0.89086246,1.0986543,0
1.0,0.89785814,1.1517067,0
1.0,0.88466907,1.1819649,0
1.0,0.8942453,1.2425258,0
1.0,0.88191444,1.2547622,0
1.0,0.8883741,1.3322363,0
1.0,0.87010986,1.3332958,0
1.0,0.87941724,1.3469634,0
1.0,0.87623227,1.3350595,0
1.0,0.8768087,1.3476188,0
1.0,0.87221164,1.3598733,0
1.0,0.87678254,1.4006075,0
1.0,0.88302594,1.3912163,0
1.0,0.885537,1.3598812,0
1.0,0.8866732,1.3756609,0
1.0,0.88926065,1.3892312,0
1.0,0.8920336,1.4170041,0
1.0,0.8938889,1.4956385,0
1.0,0.8882202,1.5112293,0
1.0,0.8961456,1.5497003,0
1.0,0.89098275,1.6384588,0
1.0,0.89931595,1.7314287,0
1.0,0.89516765,1.744251,0
1.0,0.9053443,1.8249137,0
1.0,0.905982,1.9000577,0
1.0,0.91158736,1.9916657,0
1.0,0.91226554,2.0471225,0
1.0,0.91679627,2.046005,0
1.0,0.9179126,2.047192,0
1.0,0.92249554,2.089635,0
1.0,0.92058825,2.1160898,0
1.0,0.9246754,2.1498687,0
1.0,0.9249818,2.1437855,0
1.0,0.9295464,2.1321137,0
1.0,0.9266231,2.0929673,0
1.0,0.92895555,2.1233132,0
1.0,0.92282575,2.1256423,0
1.0,0.9238749,2.0876245,0
1.0,0.91954386,2.0538414,0
1.0,0.92192626,2.0633998,0
1.0,0.91538465,2.08195,0
1.0,0.916915,2.15158,0
1.0,0.9172338,2.1753607,0
1.0,0.91974837,2.184402,0
1.0,0.91677725,2.2494364,0
1.0,0.9168451,2.2877202,0
1.0,0.916936,2.265195,0
1.0,0.91956586,2.2811453,0
1.0,0.9172904,2.2491226,0
1.0,0.9095331,2.1621387,0
1.0,0.9130574,2.1713083,0
1.0,0.90492874,2.0905113,0
1.0,0.9082722,1.9842634,0
1.0,0.89491564,1.8708594,0
1.0,0.8967652,1.8996491,0
1.0,0.89262885,1.8933203,0
1.0,0.9011983,1.8384435,0
1.0,0.89960694,1.7672648,0
1.0,0.90433395,1.733021,0
1.0,0.9054122,1.7333395,0
1.0,0.9175736,1.8118266,0
1.0,0.915582,1.8323498,0
1.0,0.9191508,1.8461969,0
1.0,0.9160757,1.8235118,0
1.0,0.9251195,1.8262477,0
1.0,0.91684586,1.78544,0
1.0,0.91672146,1.789546,0
1.0,0.91549116,1.7595481,0
1.0,0.922258,1.767385,0
1.0,0.9130501,1.7994816,0
1.0,0.91562814,1.7860844,0
1.0,0.91024995,1.7145845,0
1.0,0.91498816,1.6681789,0
1.0,0.91623724,1.6195464,0
1.0,0.912184,1.5651863,0
1.0,0.9204427,1.519037,0
1.0,0.91441536,1.4205418,0
1.0,0.92012346,1.4145391,0
1.0,0.9177549,1.4408333,0
1.0,0.91991407,1.451781,0
1.0,0.9017573,1.4242153,0
1.0,0.90292543,1.4517951,0
1.0,0.90170455,1.424763,0
1.0,0.90018904,1.4319433,0
1.0,0.8781672,1.4354576,0
1.0,0.88224983,1.4736483,0
1.0,0.8777874,1.3999304,0
1.0,0.8850484,1.3710644,0
1.0,0.87122035,1.3436356,0
1.0,0.8801927,1.3268763,0
1.0,0.88930964,1.3190811,0
1.0,0.89583635,1.316028,0
1.0,0.8846821,1.226502,0
1.0,0.88815576,1.1882095,0
1.0,0.89568484,1.1759375,0
1.0,0.8875467,1.1271187,0
1.0,0.8627084,1.0572252,0
1.0,0.86702293,1.059958,0
1.0,0.870124,1.0536715,0
1.0,0.8565617,1.036304,0
1.0,0.83253026,0.97797585,0
1.0,0.85433245,0.9480015,0
1.0,0.8567479,0.9469749,0
1.0,0.8687814,0.99166846,0
1.0,0.8490254,0.95932245,0
1.0,0.87353134,0.99648935,0
1.0,0.8676467,0.97652185,0
1.0,0.87332875,0.99842155,0
1.0,0.8564693,0.96278954,0
1.0,0.87223387,0.97187877,0
1.0,0.86167115,0.93283916,0
1.0,0.862856,0.906519,0
1.0,0.8378739,0.82388127,0
1.0,0.85426337,0.8199593,0
1.0,0.8238979,0.7569301,0
1.0,0.8206017,0.72219396,0
1.0,0.79919434,0.64084995,0
1.0,0.82956487,0.68632364,0
1.0,0.78921884,0.65203625,0
1.0,0.84418344,0.7808081,0
1.0,0.8550939,0.80752206,0
1.0,0.8644321,0.82743263,0
1.0,0.8467301,0.81526816,0
1.0,0.88104767,0.89209497,0
1.0,0.8752311,0.8887827,0
1.0,0.8787427,0.8848712,0
1.0,0.8550501,0.84889406,0
1.0,0.8756397,0.9071769,0
1.0,0.8749941,0.9069019,0
1.0,0.86535156,0.88352334,0
1.0,0.8524775,0.83419,0
1.0,0.8849871,0.8451551,0
1.0,0.8893386,0.8180565,0
1.0,0.8939326,0.8249711,0
1.0,0.89202267,0.8256823,0
1.0,0.91346526,0.8704932,0
1.0,0.9148219,0.87988746,0
1.0,0.9138615,0.8823244,0
1.0,0.91370153,0.89552474,0
1.0,0.9309935,0.9352339,0
1.0,0.9308181,0.955104,0
1.0,0.9276935,0.96224606,0
1.0,0.9234907,0.94093513,0
1.0,0.9210179,0.93609023,0
1.0,0.90664554,0.9346491,0
1.0,0.9105894,0.9439985,0
1.0,0.9023825,0.9068859,0
1.0,0.90248144,0.93571806,0
1.0,0.89040077,0.92453957,0
1.0,0.88870007,0.87543845,0
1.0,0.8927491,0.8423522,0
1.0,0.89779764,0.80444527,0
1.0,0.8837986,0.7606474,0
1.0,0.8946039,0.7748865,0
1.0,0.88635975,0.7502106,0
1.0,0.88096005,0.7169734,0
1.0,0.855291,0.6553099,0
1.0,0.86364293,0.67215145,0
1.0,0.84905285,0.6349045,0
1.0,0.8422078,0.61447084,0
1.0,0.808239,0.57475704,0
1.0,0.8177206,0.60076773,0
1.0,0.7948446,0.6039605,0
1.0,0.7747618,0.5902693,0
1.0,0.75249416,0.5577672,0
1.0,0.7781331,0.5974253,0
1.0,0.78670883,0.6064981,0
1.0,0.7738813,0.5646385,0
1.0,0.80089104,0.58176214,0
1.0,0.8100002,0.5749304,0
1.0,0.817822,0.56420016,0
1.0,0.7783705,0.49312767,0
1.0,0.79702085,0.49227923,0
1.0,0.7746781,0.4390164,0
1.0,0.7919707,0.45223188,0
1.0,0.7247311,0.3602972,0
1.0,0.7723028,0.39365625,0
1.0,0.7221505,0.3428227,0
1.0,0.77028805,0.4094423,0
1.0,0.72172314,0.33441776,0
1.0,0.77546996,0.38472307,0
1.0,0.72215754,0.33519122,0
1.0,0.7802635,0.41123787,0
1.0,0.7240607,0.34303817,0
1.0,0.76126313,0.3981447,0
1.0,0.70642066,0.3424611,0
1.0,0.75370705,0.38409132,0
1.0,0.7082333,0.34107542,0
1.0,0.73005325,0.36835435,0
1.0,0.6811094,0.30101013,0
1.0,0.7214979,0.33786237,0
1.0,0.7048891,0.30625734,0
1.0,0.6695448,0.26417035,0
1.0,0.6737894,0.26135898,0
1.0,0.6702998,0.2199342,0
1.0,0.66622895,0.21150716,0
1.0,0.65727115,0.21826953,0
1.0,0.7245978,0.28408766,0
1.0,0.70894974,0.26472044,0
1.0,0.7206897,0.28670472,0
1.0,0.6922738,0.2727098,0
1.0,0.7389053,0.326089,0
1.0,0.72111005,0.33972853,0
1.0,0.73266983,0.36870074,0
1.0,0.70143175,0.33507615,0
1.0,0.7696927,0.43525684,0
1.0,0.7539481,0.42080238,0
1.0,0.78818774,0.46634173,0
1.0,0.7743562,0.4591443,0
1.0,0.8215514,0.506724,0
1.0,0.7995617,0.47318128,0
1.0,0.8207351,0.49503386,0
1.0,0.7924103,0.4529643,0
1.0,0.81790507,0.48737657,0
1.0,0.79692215,0.44764104,0
1.0,0.80139726,0.4558956,0
1.0,0.79357594,0.42961037,0
1.0,0.78513086,0.41356626,0
1.0,0.7986263,0.45678025,0
1.0,0.81672883,0.46476895,0
1.0,0.8059994,0.4537728,0
1.0,0.77329826,0.43646556,0
1.0,0.78747267,0.4506796,0
1.0,0.79291505,0.45827627,0
1.0,0.80450106,0.47560385,0
1.0,0.78519034,0.45999083,0
1.0,0.78892404,0.4827176,0
1.0,0.7847134,0.4692487,0
1.0,0.7852539,0.4563262,0
1.0,0.7469219,0.40430802,0
1.0,0.747348,0.40389195,0
1.0,0.7371725,0.38154954,0
1.0,0.73992455,0.36782014,0
1.0,0.6974174,0.31719628,0
1.0,0.7037666,0.2967936,0
1.0,0.6885648,0.2723822,0
1.0,0.6948019,0.2923735,0
1.0,0.67522293,0.25991046,0
1.0,0.6749377,0.26407528,0
1.0,0.6846148,0.30046505,0
1.0,0.69931144,0.3365416,0
1.0,0.7306053,0.38722095,0
1.0,0.7293163,0.38584206,0
1.0,0.74261,0.42712343,0
1.0,0.7502171,0.47584218,0
1.0,0.7557409,0.49120697,0
1.0,0.7700921,0.51860726,0
1.0,0.7863558,0.542768,0
1.0,0.7804563,0.5334221,0
1.0,0.7889979,0.54114795,0
1.0,0.8171599,0.57307786,0
1.0,0.8389366,0.6101234,0
1.0,0.8421712,0.60291964,0
1.0,0.8485468,0.5940873,0
1.0,0.85607004,0.615893,0
1.0,0.86039585,0.62667304,0
1.0,0.8451861,0.59849066,0
1.0,0.8356385,0.5958022,0
1.0,0.85526705,0.65778744,0
1.0,0.87874806,0.7217363,0
1.0,0.8839597,0.74615276,0
1.0,0.8774639,0.7683165,0
1.0,0.89240646,0.83697873,0
1.0,0.9098265,0.8891506,0
1.0,0.9022011,0.9011043,0
1.0,0.8908407,0.90436494,0
1.0,0.89244205,0.9391221,0
1.0,0.9020413,0.98263407,0
1.0,0.88801426,0.95619786,0
1.0,0.8794909,0.96470845,0
1.0,0.8778971,0.97035396,0
1.0,0.88239574,0.9694885,0
1.0,0.8607168,0.914317,0
1.0,0.8451526,0.87374437,0
1.0,0.82817405,0.86112744,0
1.0,0.83167595,0.87768805,0
1.0,0.8215955,0.8858082,0
1.0,0.81443113,0.89522684,0
1.0,0.81597406,0.9122206,0
1.0,0.83492386,1.0056665,0
1.0,0.8319508,1.036035,0
1.0,0.82863104,1.0677662,0
1.0,0.8308267,1.1440439,0
1.0,0.8220776,1.1642925,0
1.0,0.8026997,1.1583781,0
1.0,0.799687,1.2068717,0
1.0,0.7902476,1.2227523,0
1.0,0.7841808,1.2503145,0
1.0,0.79033667,1.3158147,0
1.0,0.7918702,1.3171729,0
1.0,0.7949307,1.3102618,0
1.0,0.7926236,1.3386226,0
1.0,0.80552495,1.385764,0
1.0,0.8059737,1.3891276,0
1.0,0.8107613,1.392884,0
1.0,0.8098037,1.4105799,0
1.0,0.82374096,1.5047044,0
1.0,0.8198028,1.5068929,0
1.0,0.8277931,1.5445601,0
1.0,0.82602876,1.5835193,0
1.0,0.838895,1.6321968,0
1.0,0.82710165,1.6527395,0
1.0,0.8371175,1.710983,0
1.0,0.8289325,1.6979048,0
1.0,0.8412245,1.7840327,0
1.0,0.8308557,1.797387,0
1.0,0.83387464,1.8429091,0
1.0,0.83251923,1.865818,0
1.0,0.84018266,1.8567681,0
1.0,0.83379704,1.8637607,0
1.0,0.83540845,1.88948,0
1.0,0.8289951,1.8341508,0
1.0,0.83480126,1.8651321,0
1.0,0.82501644,1.8389949,0
1.0,0.83094597,1.8377221,0
1.0,0.83979625,1.9238205,0
1.0,0.8438107,1.9660225,0
1.0,0.8474423,1.9850556,0
1.0,0.85569227,2.0480514,0
1.0,0.8641726,2.1254735,0
1.0,0.8712434,2.1838706,0
1.0,0.8802429,2.265842,0
1.0,0.88618135,2.3493097,0
1.0,0.8926569,2.3833246,0
1.0,0.8935287,2.4269614,0
1.0,0.9016781,2.5235481,0
1.0,0.90511924,2.5753472,0
1.0,0.9115051,2.5989149,0
1.0,0.9113143,2.581031,0
1.0,0.9202492,2.6621513,0
1.0,0.9215822,2.6886265,0
1.0,0.9285317,2.69943,0
1.0,0.9306629,2.7304711,0
1.0,0.9363203,2.728268,0
1.0,0.9379294,2.7325115,0
1.0,0.9394447,2.7618134,0
1.0,0.939354,2.7735763,0
1.0,0.94556093,2.815854,0
1.0,0.94686365,2.8248768,0
1.0,0.9459307,2.8913553,0
1.0,0.9484091,2.990207,0
1.0,0.95076066,2.9853427,0
1.0,0.9532743,3.0093694,0
1.0,0.9514653,3.084162,0
1.0,0.952632,3.1252174,0
1.0,0.95481193,3.187459,0
1.0,0.9582406,3.2451048,0
1.0,0.9561434,3.1961224,0
1.0,0.9577652,3.206566,0
1.0,0.9574004,3.2392483,0
1.0,0.95810544,3.234081,0
1.0,0.95645905,3.1949277,0
1.0,0.9581989,3.1617198,0
1.0,0.95721686,3.1417155,0
1.0,0.9594854,3.1285024,0
1.0,0.95365113,3.1145506,0
1.0,0.95667046,3.1475072,0
1.0,0.95549494,3.1009789,0
1.0,0.9591003,3.1801276,0
1.0,0.9582104,3.339444,0
1.0,0.9610578,3.3493369,0
1.0,0.96215886,3.3312254,0
1.0,0.9650411,3.3640292,0
1.0,0.9646462,3.3478045,0
1.0,0.96605843,3.3773313,0
1.0,0.9684028,3.4327793,0
1.0,0.9692155,3.4408283,0
1.0,0.9680218,3.4438193,0
1.0,0.9669648,3.4460974,0
1.0,0.9660186,3.452959,0
1.0,0.9615376,3.44363,0
1.0,0.9610117,3.3658733,0
1.0,0.9601364,3.269792,0
1.0,0.9611311,3.286281,0
1.0,0.95860255,3.3145652,0
1.0,0.95975524,3.255262,0
1.0,0.95861864,3.2008796,0
1.0,0.96012014,3.2040863,0
1.0,0.9566075,3.1642017,0
1.0,0.9596699,3.1836982,0
1.0,0.95891154,3.208236,0
1.0,0.96223444,3.168416,0
1.0,0.95870113,3.119389,0
1.0,0.96014714,3.1594062,0
1.0,0.95891327,3.1719613,0
1.0,0.9620903,3.1812882,0
1.0,0.95909977,3.1618195,0
1.0,0.95884895,3.1047034,0
1.0,0.9571488,3.0479393,0
1.0,0.95473,3.0243397,0
1.0,0.94724154,2.8774571,0
1.0,0.94753075,2.6973624,0
1.0,0.9441554,2.6356068,0
1.0,0.9431258,2.590149,0
1.0,0.937029,2.5195093,0
1.0,0.9347704,2.5067837,0
1.0,0.931516,2.4699097,0
1.0,0.93020386,2.415166,0
1.0,0.9246922,2.388815,0
1.0,0.9191841,2.3544998,0
1.0,0.9126365,2.292211,0
1.0,0.9115352,2.2505226,0
1.0,0.9061075,2.1904318,0
1.0,0.8982108,2.157558,0
1.0,0.8863181,2.15627,0
1.0,0.8848539,2.1328068,0
1.0,0.8787067,2.0321133,0
1.0,0.87383735,2.0229516,0
1.0,0.8640511,2.0106368,0
1.0,0.8638964,1.9271655,0
1.0,0.86119425,1.8571634,0
1.0,0.86037385,1.7958817,0
1.0,0.8458522,1.6752131,0
1.0,0.85408825,1.6859002,0
1.0,0.8484733,1.6441427,0
1.0,0.8441437,1.5404661,0
1.0,0.8361029,1.4722145,0
1.0,0.84254456,1.4346478,0
1.0,0.83880216,1.3620002,0
1.0,0.8394096,1.3674765,0
1.0,0.83153415,1.3359356,0
1.0,0.83830595,1.323237,0
1.0,0.83486056,1.3222682,0
1.0,0.8376601,1.332629,0
1.0,0.82648695,1.3094995,0
1.0,0.83406776,1.3100493,0
1.0,0.8307852,1.2614478,0
1.0,0.8442699,1.2444997,0
1.0,0.8326582,1.1802901,0
1.0,0.843865,1.1586347,0
1.0,0.83922124,1.0985225,0
1.0,0.8529949,1.0818275,0
1.0,0.8367577,0.9928343,0
1.0,0.8535723,0.978684,0
1.0,0.84136134,0.93525124,0
1.0,0.8562321,0.9279777,0
1.0,0.83752,0.8371979,0
1.0,0.8598907,0.8291075,0
1.0,0.8417126,0.80378217,0
1.0,0.8644395,0.8101709,0
1.0,0.8490161,0.73560876,0
1.0,0.87669307,0.7885134,0
1.0,0.8610479,0.732759,0
1.0,0.8771402,0.7503238,0
1.0,0.8376067,0.6965197,0
1.0,0.8695821,0.71087146,0
1.0,0.84239954,0.6571529,0
1.0,0.8631388,0.6878092,0
1.0,0.8172235,0.59370774,0
1.0,0.8561218,0.6341522,0
1.0,0.838694,0.5947946,0
1.0,0.8682743,0.6038152,0
1.0,0.84231997,0.5253335,0
1.0,0.86929137,0.52639705,0
1.0,0.85193926,0.47008586,0
1.0,0.8795024,0.46832776,0
1.0,0.8510275,0.4034385,0
1.0,0.86403817,0.41225773,0
1.0,0.83212763,0.36886624,0
1.0,0.8751457,0.41631758,0
1.0,0.8720837,0.4092368,0
1.0,0.87711877,0.4189451,0
1.0,0.8727119,0.42606306,0
1.0,0.8969181,0.4554737,0
1.0,0.90279746,0.4720502,0
1.0,0.89038783,0.46260667,0
1.0,0.8661578,0.41927433,0
1.0,0.88317704,0.4249373,0
1.0,0.9105259,0.44121537,0
1.0,0.90028965,0.4268695,0
1.0,0.8771307,0.37905475,0
1.0,0.8942323,0.3714214,0
1.0,0.91939986,0.38402492,0
1.0,0.91582,0.35969657,0
1.0,0.8733473,0.3233592,0
1.0,0.880537,0.32770705,0
1.0,0.8949607,0.3172447,0
1.0,0.8942429,0.3114556,0
1.0,0.8442856,0.25432175,0
1.0,0.8690227,0.26743588,0
1.0,0.88324517,0.2876011,0
1.0,0.8873444,0.30566987,0
1.0,0.8274526,0.25086644,0
1.0,0.82530665,0.2592064,0
1.0,0.8188563,0.2596905,0
1.0,0.82057834,0.26334995,0
1.0,0.7495853,0.20185192,0
1.0,0.7764722,0.22216958,0
1.0,0.78882736,0.22990337,0
1.0,0.8366044,0.26286817,0
1.0,0.82284325,0.24305247,0
1.0,0.8410744,0.249567,0
1.0,0.8483478,0.23591974,0
1.0,0.8644548,0.23288536,0
1.0,0.8428575,0.19997862,0
1.0,0.8436507,0.19948614,0
1.0,0.86564267,0.21370813,0
1.0,0.8688891,0.20483261,0
1.0,0.86475235,0.19326979,0
1.0,0.85425013,0.17942804,0
1.0,0.8546705,0.18342528,0
1.0,0.8450115,0.1826548,0
1.0,0.8382942,0.17161456,0
1.0,0.81552655,0.15973648,0
1.0,0.8287034,0.17240633,0
1.0,0.8152688,0.16167298,0
1.0,0.8251496,0.16101451,0
1.0,0.8158656,0.14104392,0
1.0,0.8270755,0.14378195,0
1.0,0.8211072,0.13365272,0
1.0,0.816821,0.124767244,0
1.0,0.79595506,0.11241187,0
1.0,0.7805419,0.09352492,0
1.0,0.7274438,0.062562354,0
1.0,0.69732547,0.05200772,0
1.0,0.67199135,0.03667554,0
1.0,0.6478659,0.030507088,0
1.0,0.6167511,0.030706357,0
1.0,0.6147302,0.03158535,0
1.0,0.6552746,0.0353449,0
1.0,0.6755304,0.042478234,0
1.0,0.6496839,0.04006418,0
1.0,0.64838934,0.038939536,0
1.0,0.69675684,0.049587376,0
1.0,0.74719447,0.07027304,0
1.0,0.67767113,0.05263572,0
1.0,0.64630604,0.048269153,0
1.0,0.68948025,0.054488458,0
1.0,0.7382109,0.06690223,0
1.0,0.67851883,0.051187024,0
1.0,0.639934,0.04323788,0
1.0,0.7144714,0.06535761,0
1.0,0.77941185,0.08714253,0
1.0,0.69764215,0.051591154,0
1.0,0.6749421,0.052608326,0
1.0,0.71746683,0.06350264,0
1.0,0.7352734,0.08119698,0
1.0,0.66983825,0.06732115,0
1.0,0.7023331,0.0722772,0
1.0,0.7126106,0.0763083,0
1.0,0.77083004,0.10061373,0
1.0,0.6754759,0.069922976,0
1.0,0.70603794,0.08314903,0
1.0,0.66804224,0.07958515,0
1.0,0.6907393,0.09059581,0
1.0,0.64018804,0.08607791,0
1.0,0.685958,0.102347374,0
1.0,0.6535083,0.09726706,0
1.0,0.6891114,0.11097871,0
1.0,0.6441637,0.09331238,0
1.0,0.6848115,0.10753213,0
1.0,0.6770746,0.11450136,0
1.0,0.68803966,0.11482526,0
1.0,0.6414071,0.09820076,0
1.0,0.6438249,0.10286425,0
1.0,0.6078877,0.09352808,0
1.0,0.5708599,0.08666159,0
1.0,0.5491598,0.087628834,0
1.0,0.54815674,0.08746628,0
1.0,0.59651905,0.09889554,0
1.0,0.64185125,0.119350545,0
1.0,0.6242346,0.124897815,0
1.0,0.5722383,0.11728302,0
1.0,0.654647,0.1425954,0
1.0,0.68010294,0.15497378,0
1.0,0.6904535,0.16069394,0
1.0,0.6647557,0.14483872,0
1.0,0.7487429,0.20685273,0
1.0,0.7651064,0.20416433,0
1.0,0.7309995,0.18160388,0
1.0,0.70218927,0.17268506,0
1.0,0.71780187,0.18427204,0
1.0,0.754084,0.20568782,0
1.0,0.75022566,0.2014102,0
1.0,0.7960165,0.22451054,0
1.0,0.754025,0.20438881,0
1.0,0.82257086,0.25147668,0
1.0,0.8135788,0.2232922,0
1.0,0.8443216,0.25342086,0
1.0,0.8178479,0.24048632,0
1.0,0.87133074,0.286166,0
1.0,0.87876093,0.30152026,0
1.0,0.88609827,0.31490195,0
1.0,0.8349228,0.2571631,0
1.0,0.84942305,0.29073402,0
1.0,0.8656301,0.32641807,0
1.0,0.86387056,0.31586736,0
1.0,0.8324115,0.29300433,0
1.0,0.81434155,0.2752116,0
1.0,0.84263074,0.28490725,0
1.0,0.8317862,0.27306694,0
1.0,0.824654,0.25955582,0
1.0,0.7792525,0.21175794,0
1.0,0.84367174,0.24877022,0
1.0,0.8362568,0.23008695,0
1.0,0.8522816,0.24499838,0
1.0,0.7763543,0.1880062,0
1.0,0.8346141,0.2299919,0
1.0,0.75581026,0.1831865,0
1.0,0.8046577,0.23027396,0
1.0,0.69235414,0.16014901,0
1.0,0.8008272,0.23413141,0
1.0,0.7398913,0.18210858,0
1.0,0.79206604,0.22510697,0
1.0,0.6651737,0.14240816,0
1.0,0.7781714,0.22400576,0
1.0,0.69857466,0.17380852,0
1.0,0.75775856,0.2046139,0
1.0,0.6399793,0.12019142,0
1.0,0.755829,0.19892299,0
1.0,0.6885339,0.14990155,0
1.0,0.7437655,0.18236974,0
1.0,0.64133704,0.115211874,0
1.0,0.73656034,0.16975242,0
1.0,0.6499359,0.11248473,0
1.0,0.674278,0.13919893,0
1.0,0.60118103,0.09375884,0
1.0,0.690976,0.12735781,0
1.0,0.6301721,0.10293378,0
1.0,0.70048094,0.1384542,0
1.0,0.6468583,0.11901578,0
1.0,0.7147325,0.16389671,0
1.0,0.6565859,0.12574175,0
1.0,0.7124206,0.18384632,0
1.0,0.62552744,0.1430995,0
1.0,0.6750698,0.17942399,0
1.0,0.6718382,0.19132918,0
1.0,0.71558845,0.22776818,0
1.0,0.6646869,0.18971658,0
1.0,0.7229451,0.23464268,0
1.0,0.72936547,0.23365852,0
1.0,0.7721889,0.24668983,0
1.0,0.75193894,0.22796692,0
1.0,0.76417595,0.24075232,0
1.0,0.7736149,0.2527404,0
1.0,0.8058563,0.29406726,0
1.0,0.792047,0.2811612,0
1.0,0.79034287,0.27838218,0
1.0,0.82566005,0.30818462,0
1.0,0.8164823,0.31970757,0
1.0,0.78980106,0.32387763,0
1.0,0.77280176,0.32692438,0
1.0,0.82557905,0.38856426,0
1.0,0.7917024,0.35551053,0
1.0,0.80582875,0.38124225,0
1.0,0.7701321,0.34876576,0
1.0,0.8331268,0.42415524,0
1.0,0.8174955,0.39258495,0
1.0,0.8226287,0.40109926,0
1.0,0.7907324,0.37396726,0
1.0,0.82753664,0.41881013,0
1.0,0.7896318,0.3786522,0
1.0,0.7958982,0.3672089,0
1.0,0.77144164,0.33491135,0
1.0,0.8159293,0.40027493,0
1.0,0.7769257,0.3498895,0
1.0,0.7535785,0.32466185,0
1.0,0.7757334,0.34313157,0
1.0,0.7953037,0.3532225,0
1.0,0.79499435,0.3998688,0
1.0,0.7643734,0.3977828,0
1.0,0.82903534,0.49019998,0
1.0,0.82035387,0.48326993,0
1.0,0.847709,0.5190768,0
1.0,0.82658225,0.5172761,0
1.0,0.8614454,0.60727483,0
1.0,0.8563704,0.6093091,0
1.0,0.88290596,0.6414577,0
1.0,0.8548526,0.60088027,0
1.0,0.8840785,0.6631371,0
1.0,0.87504214,0.6657921,0
1.0,0.87730104,0.6519331,0
1.0,0.8781332,0.61927897,0
1.0,0.90209246,0.6262908,0
1.0,0.9007908,0.6260667,0
1.0,0.91169125,0.68091667,0
1.0,0.90980643,0.7129001,0
1.0,0.92300844,0.7492876,0
1.0,0.9235411,0.7526349,0
1.0,0.9306383,0.7908006,0
1.0,0.9276255,0.82573354,0
1.0,0.9355741,0.8451961,0
1.0,0.93451566,0.86794996,0
1.0,0.9276309,0.8742448,0
1.0,0.9139916,0.8731427,0
1.0,0.9159593,0.929999,0
1.0,0.9150288,0.91769207,0
1.0,0.9154484,0.8921454,0
1.0,0.9137777,0.8806118,0
1.0,0.9253129,0.9187086,0
1.0,0.90861934,0.9181839,0
1.0,0.91640276,0.8817548,0
1.0,0.901876,0.82315207,0
1.0,0.91430455,0.8466025,0
1.0,0.8894093,0.81254846,0
1.0,0.908163,0.87824166,0
1.0,0.884171,0.838176,0
1.0,0.901629,0.86788094,0
1.0,0.892833,0.89547765,0
1.0,0.9091635,0.95670414,0
1.0,0.8959339,0.95835984,0
1.0,0.90406543,1.0155644,0
1.0,0.8890085,1.0288243,0
1.0,0.8896446,1.0597667,0
1.0,0.8666656,1.0832226,0
1.0,0.8688395,1.1541944,0
1.0,0.8544882,1.1491828,0
1.0,0.8714671,1.1737652,0
1.0,0.8613459,1.1343534,0
1.0,0.86433697,1.175271,0
1.0,0.8602265,1.194096,0
1.0,0.8559545,1.1675292,0
1.0,0.8446865,1.1396673,0
1.0,0.8387583,1.1436603,0
1.0,0.8475774,1.1714706,0
1.0,0.8397096,1.1844646,0
1.0,0.8335766,1.1759151,0
1.0,0.84093887,1.1872408,0
1.0,0.8462113,1.25772,0
1.0,0.8403969,1.3221557,0
1.0,0.8440889,1.438275,0
1.0,0.8473521,1.4753433,0
1.0,0.8514726,1.4889367,0
1.0,0.84324706,1.5736034,0
1.0,0.84799933,1.6436903,0
1.0,0.8533715,1.68385,0
1.0,0.869022,1.7567959,0
1.0,0.86549264,1.7712253,0
1.0,0.8738636,1.846646,0
1.0,0.87502795,1.8523494,0
1.0,0.88596076,1.8716753,0
1.0,0.88127905,1.8604622,0
1.0,0.8882144,1.8628584,0
1.0,0.8829749,1.8523282,0
1.0,0.8969956,1.902786,0
1.0,0.89128095,1.883129,0
1.0,0.9002733,1.8742578,0
1.0,0.8980883,1.8826041,0
1.0,0.9077392,1.957843,0
1.0,0.90111566,1.9664056,0
1.0,0.9157567,2.0646024,0
1.0,0.9137531,2.0671074,0
1.0,0.9239166,2.107874,0
1.0,0.9160689,2.1568255,0
1.0,0.92355037,2.2714293,0
1.0,0.92473686,2.3810205,0
1.0,0.9315821,2.4124587,0
1.0,0.92888343,2.408925,0
1.0,0.9328579,2.4966116,0
1.0,0.93647337,2.5104258,0
1.0,0.9325224,2.4840107,0
1.0,0.9370549,2.4833252,0
1.0,0.93199867,2.3832703,0
1.0,0.93713486,2.4218512,0
1.0,0.931995,2.4394116,0
1.0,0.9345389,2.3722494,0
1.0,0.92968774,2.3931983,0
1.0,0.9385188,2.4972088,0
1.0,0.93423134,2.5278425,0
1.0,0.94390696,2.6192298,0
1.0,0.9406846,2.5879097,0
1.0,0.94731253,2.623004,0
1.0,0.94512296,2.7074246,0
1.0,0.9511305,2.7942357,0
1.0,0.94740766,2.8169303,0
1.0,0.9532804,2.8307118,0
1.0,0.95035,2.7975965,0
1.0,0.95806867,2.8548222,0
1.0,0.9535567,2.9287014,0
1.0,0.9600352,2.9854228,0
1.0,0.95542556,2.9804351,0
1.0,0.9615081,3.0364323,0
1.0,0.95764935,2.996723,0
1.0,0.9585061,3.0107405,0
1.0,0.95365113,3.0615745,0
1.0,0.95859253,3.0936089,0
1.0,0.957996,3.0393949,0
1.0,0.95913655,3.0229769,0
1.0,0.95845205,3.1036034,0
1.0,0.96492386,3.1424375,0
1.0,0.9647136,3.126161,0
1.0,0.9656884,3.2071705,0
1.0,0.96513945,3.27176,0
1.0,0.9685191,3.3353703,0
1.0,0.9682386,3.3740172,0
1.0,0.96931714,3.3631294,0
1.0,0.9681249,3.382002,0
1.0,0.97010887,3.4833972,0
1.0,0.9691152,3.4701848,0
1.0,0.9704316,3.416636,0
1.0,0.9698286,3.3851876,0
1.0,0.97114223,3.3195086,0
1.0,0.97034633,3.349416,0
1.0,0.9681833,3.3985405,0
1.0,0.96806717,3.3098447,0
1.0,0.9684401,3.2897167,0
1.0,0.9685588,3.340631,0
1.0,0.96656203,3.369594,0
1.0,0.96787906,3.4999788,0
1.0,0.9683081,3.561786,0
1.0,0.9680045,3.4957771,0
1.0,0.9672615,3.4795682,0
1.0,0.9679537,3.4960895,0
1.0,0.9685138,3.5389175,0
1.0,0.9718535,3.6534264,0
1.0,0.97174925,3.6673517,0
1.0,0.97227186,3.6310618,0
1.0,0.9711103,3.6278915,0
1.0,0.9712961,3.6501093,0
1.0,0.97020376,3.5733042,0
1.0,0.97094774,3.4758735,0
1.0,0.9695631,3.5309694,0
1.0,0.97039557,3.5537195,0
1.0,0.9686211,3.4900713,0
1.0,0.9708001,3.453293,0
1.0,0.9701928,3.3822868,0
1.0,0.9708745,3.414538,0
1.0,0.96846485,3.4875321,0
1.0,0.9699088,3.5635881,0
1.0,0.9710052,3.574893,0
1.0,0.9736892,3.5385666,0
1.0,0.97238094,3.5703359,0
1.0,0.97387457,3.690854,0
1.0,0.9727921,3.783936,0
1.0,0.9775544,3.7902925,0
1.0,0.9760331,3.7321515,0
1.0,0.97695845,3.808054,0
1.0,0.9759961,3.8822029,0
1.0,0.9756055,3.9050908,0
1.0,0.9745209,3.8825858,0
1.0,0.97509366,3.756733,0
1.0,0.9741362,3.6852512,0
1.0,0.97464526,3.7336144,0
1.0,0.9734186,3.7335756,0
1.0,0.97544754,3.7089877,0
1.0,0.9752778,3.6445024,0
1.0,0.9760389,3.564524,0
1.0,0.97464913,3.651565,0
1.0,0.9732444,3.7020168,0
1.0,0.9730751,3.6666024,0
1.0,0.9756034,3.6730957,0
1.0,0.9748412,3.72697,0
1.0,0.97457606,3.897408,0
1.0,0.9750098,3.9062886,0
1.0,0.9773107,3.8590126,0
1.0,0.97759867,3.8751347,0
1.0,0.97734135,3.8759508,0
1.0,0.9763007,3.932833,0
1.0,0.97689337,3.9555898,0
1.0,0.9772639,3.8877432,0
1.0,0.9772291,3.7758288,0
1.0,0.97617006,3.7138872,0
1.0,0.97591454,3.781311,0
1.0,0.9735868,3.7513952,0
1.0,0.9743464,3.633552,0
1.0,0.9729898,3.556548,0
1.0,0.9737003,3.5786667,0
1.0,0.97187567,3.6166763,0
1.0,0.970337,3.548606,0
1.0,0.9689764,3.4411378,0
1.0,0.97017777,3.4323292,0
1.0,0.9692572,3.4847713,0
1.0,0.9698882,3.5300426,0
1.0,0.97165114,3.5645661,0
1.0,0.97165066,3.5283546,0
1.0,0.9721567,3.480554,0
1.0,0.9711872,3.4713707,0
1.0,0.9701811,3.513729,0
1.0,0.9723743,3.5712395,0
1.0,0.97078323,3.4159756,0
1.0,0.9719472,3.3285017,0
1.0,0.97022736,3.3298903,0
1.0,0.9696583,3.2933493,0
1.0,0.9660619,3.2635143,0
1.0,0.96834,3.092442,0
1.0,0.9660453,2.9906688,0
1.0,0.9662669,3.034133,0
1.0,0.9630664,2.9833572,0
1.0,0.9604338,2.969584,0
1.0,0.9595208,2.9533587,0
1.0,0.9586802,2.8737636,0
1.0,0.95760214,2.856967,0
1.0,0.9557896,2.898204,0
1.0,0.9533522,2.8783758,0
1.0,0.9530617,2.8063335,0
1.0,0.9528557,2.787745,0
1.0,0.9487383,2.783667,0
1.0,0.9449232,2.7858853,0
1.0,0.94740564,2.7486134,0
1.0,0.9467958,2.6689897,0
1.0,0.9445767,2.63769,0
1.0,0.9408083,2.5976102,0
1.0,0.93572706,2.5166566,0
1.0,0.9369387,2.4210248,0
1.0,0.9290248,2.319841,0
1.0,0.9260403,2.2551873,0
1.0,0.9200979,2.244254,0
1.0,0.9239652,2.3379188,0
1.0,0.90999955,2.2979565,0
1.0,0.91745144,2.2458336,0
1.0,0.920157,2.1699562,0
1.0,0.92742044,2.2261171,0
1.0,0.9245278,2.2744122,0
1.0,0.9297437,2.2717524,0
1.0,0.9347218,2.3081703,0
1.0,0.9340629,2.2974,0
1.0,0.9333704,2.2965865,0
1.0,0.93594015,2.300418,0
1.0,0.9360962,2.250475,0
1.0,0.93151194,2.2328236,0
1.0,0.9328692,2.184186,0
1.0,0.9323624,2.0947666,0
1.0,0.9291176,2.0827937,0
1.0,0.9243198,2.0933146,0
1.0,0.92690367,2.054039,0
1.0,0.93124866,2.0251231,0
1.0,0.93699855,2.0385785,0
1.0,0.9295235,2.0092356,0
1.0,0.935534,1.9858036,0
1.0,0.9339562,1.9230027,0
1.0,0.9409305,1.9331777,0
1.0,0.92804015,1.9206328,0
1.0,0.9305159,1.9403012,0
1.0,0.9228903,1.9464781,0
1.0,0.9239107,1.945461,0
1.0,0.9085458,1.9006855,0
1.0,0.90973467,1.9153111,0
1.0,0.8960264,1.8799624,0
1.0,0.8866265,1.8331909,0
1.0,0.8701446,1.6797299,0
1.0,0.86773646,1.6140049,0
1.0,0.86126417,1.5992118,0
1.0,0.8615589,1.5717814,0
1.0,0.85359174,1.491396,0
1.0,0.866772,1.4707983,0
1.0,0.86583173,1.456607,0
1.0,0.873549,1.4552248,0
1.0,0.8759463,1.4252428,0
1.0,0.8773182,1.4096056,0
1.0,0.86473703,1.4057173,0
1.0,0.8647973,1.4086655,0
1.0,0.8621053,1.3840426,0
1.0,0.8642151,1.4208534,0
1.0,0.85399467,1.4082279,0
1.0,0.85049635,1.375517,0
1.0,0.8577214,1.347018,0
1.0,0.85147464,1.2960646,0
1.0,0.8515813,1.2951112,0
1.0,0.84628814,1.2771165,0
1.0,0.8535779,1.2593738,0
1.0,0.8429014,1.2054902,0
1.0,0.8471749,1.193763,0
1.0,0.85081863,1.1850153,0
1.0,0.8640414,1.1853871,0
1.0,0.8611685,1.1493881,0
1.0,0.86805844,1.12394,0
1.0,0.87482035,1.1217487,0
1.0,0.87748325,1.1125518,0
1.0,0.86470103,1.0732595,0
1.0,0.8633337,1.0763415,0
1.0,0.862831,1.0477419,0
1.0,0.84061253,1.0113477,0
1.0,0.8370287,1.0188463,0
1.0,0.83410233,0.9891623,0
1.0,0.83253247,1.0206398,0
1.0,0.8175937,1.0262344,0
1.0,0.8091903,0.9780315,0
1.0,0.83151066,0.9826528,0
1.0,0.83820015,0.9380306,0
1.0,0.8304415,0.90985745,0
1.0,0.840079,0.94728374,0
1.0,0.86218834,0.93975234,0
1.0,0.86846834,0.9216271,0
1.0,0.86006415,0.8942255,0
1.0,0.8568992,0.860588,0
1.0,0.86556995,0.88508725,0
1.0,0.8638979,0.86948013,0
1.0,0.8465776,0.8500165,0
1.0,0.8506812,0.9063045,0
1.0,0.8564863,0.9106217,0
1.0,0.8600283,0.9213636,0
1.0,0.8558955,0.9257257,0
1.0,0.8716048,0.96172494,0
1.0,0.87571776,0.9975511,0
1.0,0.87435806,0.98978066,0
1.0,0.87573093,0.97752243,0
1.0,0.8798159,0.99512905,0
1.0,0.8861953,0.9953094,0
1.0,0.8835167,0.97999465,0
1.0,0.8804339,1.0265516,0
1.0,0.8789892,1.0420022,0
1.0,0.87849027,1.0102684,0
1.0,0.87290204,0.97850686,0
1.0,0.8757299,0.9512214,0
1.0,0.8758043,0.9515581,0
1.0,0.8808072,1.0136797,0
1.0,0.88113576,1.0074648,0
1.0,0.88757104,1.0043104,0
1.0,0.9063396,1.0518682,0
1.0,0.909659,1.1120405,0
1.0,0.9115931,1.1470888,0
1.0,0.9175289,1.1536739,0
1.0,0.91977346,1.1478369,0
1.0,0.91007626,1.129303,0
1.0,0.9010716,1.2301308,0
1.0,0.8942326,1.2181978,0
1.0,0.8864448,1.2449644,0
1.0,0.89002687,1.5725684,0
1.0,0.8607537,1.4950206,0
1.0,0.8347681,1.3952589,0
1.0,0.83337265,1.3606783,0
1.0,0.84472936,1.3576462,0
1.0,0.8404853,1.3087416,0
1.0,0.84140384,1.2862446,0
1.0,0.84884524,1.3133416,0
1.0,0.8479255,1.2788079,0
1.0,0.82443744,1.2073985,0
1.0,0.78545916,1.1216593,0
1.0,0.7854068,1.0937605,0
1.0,0.77622515,1.0810534,0
1.0,0.73535156,1.0157585,0
1.0,0.67768604,0.88241684,0
1.0,0.6495916,0.82510483,0
1.0,0.6273123,0.8017025,0
1.0,0.59191835,0.76682013,0
1.0,0.5545399,0.73167145,0
1.0,0.53867996,0.7213112,0
1.0,0.5645667,0.7366049,0
1.0,0.54576284,0.72240317,0
1.0,0.5311194,0.71224564,0
1.0,0.5435102,0.7363846,0
1.0,0.5306017,0.77413094,0
1.0,0.563471,0.8229492,0
1.0,0.49869046,0.84200376,0
1.0,0.53259695,0.8601192,0
1.0,0.48172688,0.94418925,0
1.0,0.47794807,0.95555234,0
1.0,0.39458233,1.0949874,0
1.0,0.4135309,1.0763202,0
1.0,0.40232164,0.88474905,0
1.0,0.41835207,0.96087056,0
1.0,0.419348,1.0275781,0
1.0,0.46633774,1.0320644,0
1.0,0.46580243,1.079195,0
1.0,0.48464966,1.0803483,0
1.0,0.466035,1.2053033,0
1.0,0.508974,1.2361797,0
1.0,0.5229421,1.3347579,0
1.0,0.55497926,1.3983116,0
1.0,0.56077695,1.5067662,0
1.0,0.62321466,1.5279939,0
1.0,0.63954425,1.6129279,0
1.0,0.68217117,1.6143217,0
1.0,0.7010707,1.7193537,0
1.0,0.7393979,1.7727746,0
1.0,0.7528695,1.8295251,0
1.0,0.7518413,1.8884469,0
1.0,0.77173483,1.932995,0
1.0,0.7863859,2.0494015,0
1.0,0.80292755,2.0742083,0
1.0,0.8009567,2.1559472,0
1.0,0.81758016,2.223503,0
1.0,0.8234823,2.26471,0
1.0,0.8436343,2.254301,0
1.0,0.8449003,2.3220558,0
1.0,0.85904175,2.3507817,0
1.0,0.8651123,2.4399018,0
1.0,0.8757719,2.5024972,0
1.0,0.8835144,2.537455,0
1.0,0.8965842,2.5726547,0
1.0,0.9034816,2.6634774,0
1.0,0.91096854,2.7455487,0
1.0,0.9137524,2.8444078,0
1.0,0.9197618,2.968601,0
1.0,0.92046875,2.9991035,0
1.0,0.91981745,3.0418487,0
1.0,0.9184807,3.182381,0
1.0,0.9205373,3.241065,0
1.0,0.91528296,3.2784567,0
1.0,0.91318643,3.2849605,0
1.0,0.9089278,3.2881284,0
1.0,0.9106204,3.3150606,0
1.0,0.90529937,3.320742,0
1.0,0.9076651,3.3021135,0
1.0,0.90713674,3.3116953,0
1.0,0.91108227,3.2818666,0
1.0,0.91048265,3.263595,0
1.0,0.91273016,3.2643535,0
1.0,0.91401315,3.329042,0
1.0,0.9179886,3.3186257,0
1.0,0.91683525,3.3014245,0
1.0,0.91988784,3.393671,0
1.0,0.9213314,3.435237,0
1.0,0.92362666,3.4272623,0
1.0,0.922589,3.4460561,0
1.0,0.9240114,3.4311976,0
1.0,0.92382824,3.4464927,0
1.0,0.92209023,3.4931874,0
1.0,0.917184,3.4724014,0
1.0,0.9157467,3.4102845,0
1.0,0.9133561,3.3886647,0
1.0,0.91217804,3.3713064,0
1.0,0.9096099,3.323675,0
1.0,0.90821207,3.242696,0
1.0,0.90794367,3.1603603,0
1.0,0.90763867,3.0728898,0
1.0,0.90627193,3.0953074,0
1.0,0.90762424,3.1198032,0
1.0,0.9070205,3.0604386,0
1.0,0.90929645,3.0900128,0
1.0,0.9115314,3.1229649,0
1.0,0.91485524,3.0938344,0
1.0,0.9152461,3.0654275,0
1.0,0.9179332,3.0047882,0
1.0,0.9177186,2.9899914,0
1.0,0.91318136,3.0037503,0
1.0,0.91073036,2.9916537,0
1.0,0.9082233,2.9270997,0
1.0,0.90519804,2.8562615,0
1.0,0.90227777,2.803802,0
1.0,0.89951247,2.716704,0
1.0,0.90005624,2.6424677,0
1.0,0.89400643,2.574841,0
1.0,0.8890514,2.4749324,0
1.0,0.8823675,2.399561,0
1.0,0.8719134,2.3391604,0
1.0,0.8657142,2.3047056,0
1.0,0.8589587,2.2777586,0
1.0,0.851605,2.2148204,0
1.0,0.8449849,2.1496108,0
1.0,0.8453945,2.0986142,0
1.0,0.8356096,2.0875905,0
1.0,0.8280028,2.0654979,0
1.0,0.8249019,2.0167704,0
1.0,0.81501883,1.9997195,0
1.0,0.79865205,2.0045238,0
1.0,0.78818715,1.9555064,0
1.0,0.78031254,1.9295462,0
1.0,0.75218445,1.9140921,0
1.0,0.73571765,1.8443449,0
1.0,0.7105443,1.8207855,0
1.0,0.6879119,1.7082783,0
1.0,0.6474446,1.6586939,0
1.0,0.6073732,1.6944542,0
1.0,0.57264274,1.7188145,0
1.0,0.52601314,1.7492082,0
1.0,0.50671244,1.6827203,0
1.0,0.4669014,1.6663423,0
1.0,0.45628902,1.5976452,0
1.0,0.4542734,1.5469842,0
1.0,0.43926287,1.5542969,0
1.0,0.40649965,1.6171908,0
1.0,0.3951267,1.6264974,0
1.0,0.39668098,1.5978608,0
1.0,0.37478617,1.5861542,0
1.0,0.35524288,1.5058205,0
1.0,0.3537954,1.4390497,0
1.0,0.38537994,1.3285447,0
1.0,0.39647833,1.2381818,0
1.0,0.39099813,1.1743103,0
1.0,0.3936102,1.0957382,0
1.0,0.45103696,0.9160315,0
1.0,0.427068,0.8912727,0
1.0,0.40944165,0.85664046,0
1.0,0.40770337,0.7796464,0
1.0,0.4866447,0.59035623,0
1.0,0.47980323,0.5509974,0
1.0,0.47010282,0.55402553,0
1.0,0.46800783,0.5336776,0
1.0,0.544684,0.36810285,0
1.0,0.5206256,0.3672741,0
1.0,0.5131011,0.38074484,0
1.0,0.5069077,0.35656163,0
1.0,0.56934613,0.27438456,0
1.0,0.5473127,0.27446893,0
1.0,0.53513163,0.25866058,0
1.0,0.5104725,0.2670541,0
1.0,0.5668447,0.21619828,0
1.0,0.566603,0.20882541,0
1.0,0.61487925,0.17588139,0
1.0,0.566016,0.1824807,0
1.0,0.61014855,0.15998861,0
1.0,0.5859645,0.16118327,0
1.0,0.61051625,0.12827326,0
1.0,0.5869016,0.11222486,0
1.0,0.621097,0.10979839,0
1.0,0.5978235,0.10224797,0
1.0,0.6482643,0.11120767,0
1.0,0.63371277,0.11834692,0
1.0,0.6453795,0.11813122,0
1.0,0.62642103,0.11623217,0
1.0,0.68204176,0.12885898,0
1.0,0.695105,0.13076714,0
1.0,0.7170476,0.14358906,0
1.0,0.70519596,0.16064307,0
1.0,0.7433592,0.20387255,0
1.0,0.7935616,0.2602588,0
1.0,0.8463172,0.32799047,0
1.0,0.84156,0.33405012,0
1.0,0.8597533,0.35976017,0
1.0,0.9010952,0.4412073,0
1.0,0.8995232,0.47643238,0
1.0,0.8757957,0.48334202,0
1.0,0.8555902,0.50947064,0
1.0,0.90748805,0.62407327,0
1.0,0.90533775,0.6387521,0
1.0,0.8905431,0.63801545,0
1.0,0.8882246,0.65872186,0
1.0,0.916807,0.7311059,0
1.0,0.91075796,0.7467841,0
1.0,0.8955783,0.7151535,0
1.0,0.90040267,0.7107117,0
1.0,0.9257171,0.76827383,0
1.0,0.92911595,0.7883831,0
1.0,0.9169004,0.7689625,0
1.0,0.9196178,0.7969468,0
1.0,0.9332829,0.8309404,0
1.0,0.93599373,0.8419226,0
1.0,0.9177592,0.84851265,0
1.0,0.9191331,0.870612,0
1.0,0.92377603,0.87593246,0
1.0,0.9106221,0.88051194,0
1.0,0.86832243,0.8637637,0
1.0,0.87176734,0.9194969,0
1.0,0.8805172,0.9837502,0
1.0,0.89445215,1.0301886,0
1.0,0.8782026,0.9880662,0
1.0,0.89181155,1.0324557,0
1.0,0.88163453,1.04213,0
1.0,0.89293516,1.0777292,0
1.0,0.87273985,1.0588267,0
1.0,0.88240296,1.0733281,0
1.0,0.8824557,1.0585918,0
1.0,0.89956886,1.1153402,0
1.0,0.8902665,1.0895157,0
1.0,0.8972834,1.1040051,0
1.0,0.89634734,1.1167041,0
1.0,0.9104663,1.1742449,0
1.0,0.8964499,1.220962,0
1.0,0.89151055,1.2618272,0
1.0,0.8907804,1.2911363,0
1.0,0.89929426,1.3166488,0
1.0,0.88311315,1.3066568,0
1.0,0.8824589,1.345622,0
1.0,0.8857708,1.3720907,0
1.0,0.8977883,1.4205494,0
1.0,0.89120585,1.417242,0
1.0,0.88823456,1.4262922,0
1.0,0.8859085,1.4623647,0
1.0,0.8860228,1.4644699,0
1.0,0.87774974,1.4092458,0
1.0,0.87591195,1.3903763,0
1.0,0.888469,1.4385185,0
1.0,0.8859302,1.42879,0
1.0,0.8872181,1.4258451,0
1.0,0.88277626,1.4057701,0
1.0,0.898822,1.403891,0
1.0,0.89043355,1.373251,0
1.0,0.8874901,1.3961041,0
1.0,0.87261057,1.3953334,0
1.0,0.8973702,1.4428092,0
1.0,0.88697606,1.3948526,0
1.0,0.89221203,1.4021816,0
1.0,0.88735175,1.4361631,0
1.0,0.90535223,1.5065908,0
1.0,0.8995567,1.4647131,0
1.0,0.90534794,1.471689,0
1.0,0.89668417,1.4152844,0
1.0,0.9099016,1.4146379,0
1.0,0.89650166,1.3587241,0
1.0,0.9002197,1.309211,0
1.0,0.8958381,1.2563162,0
1.0,0.91086495,1.2375804,0
1.0,0.90012395,1.1991248,0
1.0,0.90290385,1.1929166,0
1.0,0.8896441,1.1398287,0
1.0,0.90498096,1.1574116,0
1.0,0.88816077,1.1039159,0
1.0,0.8879672,1.142735,0
1.0,0.8778306,1.1396731,0
1.0,0.8863209,1.1275305,0
1.0,0.88294643,1.1379163,0
1.0,0.8837607,1.1895907,0
1.0,0.8836722,1.2036047,0
1.0,0.8752692,1.1756032,0
1.0,0.8695871,1.1871773,0
1.0,0.8611367,1.1530731,0
1.0,0.85517853,1.1250942,0
1.0,0.8450707,1.1481899,0
1.0,0.83653206,1.1470432,0
1.0,0.82561034,1.093852,0
1.0,0.8242369,1.0387862,0
1.0,0.8166688,1.0023015,0
1.0,0.81074065,1.0020261,0
1.0,0.8209758,1.0386467,0
1.0,0.81379944,1.0162346,0
1.0,0.817819,1.0439712,0
1.0,0.80765957,1.0636415,0
1.0,0.82245463,1.1087062,0
1.0,0.81938,1.1390967,0
1.0,0.81838346,1.1608615,0
1.0,0.8189601,1.1597894,0
1.0,0.8233668,1.1799619,0
1.0,0.81394994,1.1997318,0
1.0,0.8188117,1.2328782,0
1.0,0.808933,1.2229804,0
1.0,0.8164786,1.2903014,0
1.0,0.79871553,1.2627418,0
1.0,0.8065736,1.2945553,0
1.0,0.79632485,1.298091,0
1.0,0.8085791,1.271129,0
1.0,0.8005683,1.222606,0
1.0,0.81390405,1.2498968,0
1.0,0.8107147,1.2215915,0
1.0,0.8185626,1.2321799,0
1.0,0.8138424,1.2471797,0
1.0,0.8221577,1.2950592,0
1.0,0.8228275,1.3024529,0
1.0,0.8254195,1.3517613,0
1.0,0.8282774,1.457853,0
1.0,0.8354073,1.5178411,0
1.0,0.8482699,1.5656805,0
1.0,0.85386544,1.6330307,0
1.0,0.8623876,1.7343345,0
1.0,0.8704701,1.7918313,0
1.0,0.88393885,1.8454503,0
1.0,0.8907841,1.8968809,0
1.0,0.8915407,1.8986154,0
1.0,0.89567214,1.9014721,0
1.0,0.9012849,1.9493613,0
1.0,0.90337515,1.9552824,0
1.0,0.90666074,1.9459856,0
1.0,0.90748656,1.955184,0
1.0,0.9111257,1.9833143,0
1.0,0.9108933,2.023353,0
1.0,0.9175654,2.040833,0
1.0,0.9149511,2.035761,0
1.0,0.9195835,2.1325393,0
1.0,0.91641957,2.1544108,0
1.0,0.9193434,2.1932778,0
1.0,0.9237802,2.2544537,0
1.0,0.929126,2.2642236,0
1.0,0.9264449,2.311959,0
1.0,0.9302033,2.4065099,0
1.0,0.9310949,2.444876,0
1.0,0.9350309,2.4890933,0
1.0,0.9265634,2.454592,0
1.0,0.9263234,2.4355674,0
1.0,0.92351836,2.4727135,0
1.0,0.9245045,2.4878433,0
1.0,0.91609025,2.4126933,0
1.0,0.9222836,2.335525,0
1.0,0.9209455,2.243622,0
1.0,0.92000467,2.2447195,0
1.0,0.916027,2.221373,0
1.0,0.9223419,2.1636395,0
1.0,0.9233782,2.197182,0
1.0,0.925401,2.228034,0
1.0,0.92092466,2.20082,0
1.0,0.9224623,2.2648263,0
1.0,0.92013747,2.265594,0
1.0,0.92014605,2.2243125,0
1.0,0.92236084,2.283204,0
1.0,0.92384607,2.3479514,0
1.0,0.91986924,2.3864336,0
1.0,0.92083645,2.4159372,0
1.0,0.9225416,2.3755174,0
1.0,0.9245364,2.3648844,0
1.0,0.9195516,2.360282,0
1.0,0.91722715,2.2954745,0
1.0,0.9261697,2.2688613,0
1.0,0.9246048,2.2372613,0
1.0,0.9223657,2.1909137,0
1.0,0.9150896,2.1761756,0
1.0,0.91687506,2.174389,0
1.0,0.91219985,2.0931895,0
1.0,0.9110377,2.0564845,0
1.0,0.90895337,2.0514584,0
1.0,0.9091306,2.0913377,0
1.0,0.90205777,2.0782328,0
1.0,0.90167964,2.016862,0
1.0,0.89785874,2.0383058,0
1.0,0.9025455,2.1029963,0
1.0,0.89471406,2.1122015,0
1.0,0.90443105,2.2267542,0
1.0,0.9034427,2.2522283,0
1.0,0.9051795,2.2602077,0
1.0,0.8998814,2.2535853,0
1.0,0.90419185,2.2082195,0
1.0,0.9020099,2.1683192,0
1.0,0.8992633,2.1213088,0
1.0,0.8906679,2.016479,0
1.0,0.8910328,1.9949884,0
1.0,0.89324296,1.9944786,0
1.0,0.8833298,1.9256729,0
1.0,0.88164586,1.8735521,0
1.0,0.88115406,1.8068984,0
1.0,0.88425994,1.7976851,0
1.0,0.880291,1.8007375,0
1.0,0.8777137,1.7990358,0
1.0,0.88111466,1.8537319,0
1.0,0.87863684,1.844197,0
1.0,0.8765783,1.8457767,0
1.0,0.8738013,1.9038215,0
1.0,0.8730412,1.8912928,0
1.0,0.8700492,1.8763528,0
1.0,0.8726206,1.9133363,0
1.0,0.8727591,1.9463735,0
1.0,0.873199,2.0068865,0
1.0,0.87278783,1.9854169,0
1.0,0.8763341,1.926219,0
1.0,0.8803501,1.9291859,0
1.0,0.87894493,1.9380913,0
1.0,0.88340193,1.8997948,0
1.0,0.89838445,1.9201478,0
1.0,0.8978112,1.8997478,0
1.0,0.90513664,1.8538663,0
1.0,0.8976859,1.7931832,0
1.0,0.8989838,1.7695366,0
1.0,0.8897659,1.7720222,0
1.0,0.9016534,1.8352886,0
1.0,0.8955829,1.8397713,0
1.0,0.90106916,1.9256239,0
1.0,0.896304,1.935433,0
1.0,0.9040433,1.9714345,0
1.0,0.89922833,1.9862881,0
1.0,0.9039461,1.9892883,0
1.0,0.90116596,1.9812515,0
1.0,0.9051549,1.9782405,0
1.0,0.9005438,1.9295788,0
1.0,0.901373,1.9043219,0
1.0,0.8977204,1.8571053,0
1.0,0.89593613,1.7794491,0
1.0,0.8889618,1.7323445,0
1.0,0.8884182,1.7519224,0
1.0,0.88484544,1.7132493,0
1.0,0.8823348,1.7151648,0
1.0,0.8776726,1.7094631,0
1.0,0.86053306,1.6099613,0
1.0,0.85654676,1.5732827,0
1.0,0.84962255,1.5036465,0
1.0,0.84833235,1.4948506,0
1.0,0.8423668,1.5310326,0
1.0,0.8499389,1.5486755,0
1.0,0.83165675,1.495039,0
1.0,0.8383622,1.5060222,0
1.0,0.8299253,1.4262991,0
1.0,0.844226,1.4313768,0
1.0,0.83694994,1.4657857,0
1.0,0.8463613,1.4847221,0
1.0,0.85022604,1.4705935,0
1.0,0.8603734,1.4594903,0
1.0,0.8600213,1.4030936,0
1.0,0.86496884,1.3687232,0
1.0,0.8605931,1.3097804,0
1.0,0.8728907,1.3085754,0
1.0,0.86120176,1.259275,0
1.0,0.8729372,1.2445357,0
1.0,0.8630153,1.2167301,0
1.0,0.87282974,1.2691741,0
1.0,0.8598041,1.2494403,0
1.0,0.87300044,1.2771881,0
1.0,0.86423767,1.2679708,0
1.0,0.86620796,1.3161039,0
1.0,0.85027885,1.3341831,0
1.0,0.8744324,1.3793237,0
1.0,0.87478596,1.3122005,0
1.0,0.89018184,1.3183331,0
1.0,0.8816691,1.3052113,0
1.0,0.8986592,1.3372498,0
1.0,0.903063,1.329143,0
1.0,0.9087484,1.3061211,0
1.0,0.9005934,1.284305,0
1.0,0.9119949,1.3041807,0
1.0,0.8998802,1.2353543,0
1.0,0.9136112,1.26355,0
1.0,0.89377123,1.2032228,0
1.0,0.915891,1.24207,0
1.0,0.897211,1.2792015,0
1.0,0.901194,1.3189735,0
1.0,0.89134413,1.2504867,0
1.0,0.9091648,1.3356832,0
1.0,0.8977612,1.352272,0
1.0,0.89355236,1.3470423,0
1.0,0.8917028,1.3881097,0
1.0,0.9056764,1.4347782,0
1.0,0.8971089,1.3964503,0
1.0,0.8951518,1.4477259,0
1.0,0.89323246,1.4680339,0
1.0,0.8993421,1.4591961,0
1.0,0.89318275,1.4357646,0
1.0,0.8896872,1.3743448,0
1.0,0.88526654,1.3452082,0
1.0,0.8942151,1.3776901,0
1.0,0.8779111,1.3389072,0
1.0,0.8748789,1.2963356,0
1.0,0.8626996,1.2299899,0
1.0,0.87379825,1.2705772,0
1.0,0.8583711,1.2762024,0
1.0,0.84045464,1.2634182,0
1.0,0.84088033,1.2486545,0
1.0,0.8452763,1.2226412,0
1.0,0.8441834,1.2352934,0
1.0,0.8386801,1.2688835,0
1.0,0.84181994,1.2915735,0
1.0,0.8588905,1.3358245,0
1.0,0.8558398,1.3346367,0
1.0,0.85242885,1.3333684,0
1.0,0.8492195,1.3483499,0
1.0,0.85146743,1.3315961,0
1.0,0.8607736,1.2766254,0
1.0,0.86597455,1.2687786,0
1.0,0.8659826,1.2679862,0
1.0,0.8688151,1.1984687,0
1.0,0.8768266,1.1847245,0
1.0,0.87492895,1.1587386,0
1.0,0.87945485,1.1149359,0
1.0,0.87618935,1.1184673,0
1.0,0.86803806,1.1213877,0
1.0,0.8683802,1.0788598,0
1.0,0.8745143,1.0410855,0
1.0,0.87846386,1.0366645,0
1.0,0.87795115,1.0625482,0
1.0,0.87959963,1.0742407,0
1.0,0.8882481,1.0882976,0
1.0,0.8924547,1.0866842,0
1.0,0.8884532,1.053968,0
1.0,0.8908471,1.0442764,0
1.0,0.8907999,1.0316657,0
1.0,0.87757146,0.9914376,0
1.0,0.87610215,0.9377152,0
1.0,0.87268364,0.8672638,0
1.0,0.8687562,0.8480321,0
1.0,0.872332,0.8548058,0
1.0,0.85665977,0.81946313,0
1.0,0.85315317,0.7772053,0
1.0,0.8530161,0.7938689,0
1.0,0.8882672,1.0079151,0
1.0,0.85566777,0.9449277,0
1.0,0.87316084,0.93656504,0
1.0,0.8619194,0.89374465,0
1.0,0.8897834,0.92590964,0
1.0,0.8529139,0.8751533,0
1.0,0.86539876,0.9071286,0
1.0,0.84694284,0.8430352,0
1.0,0.87577194,0.88629675,0
1.0,0.83707273,0.8010734,0
1.0,0.84356797,0.7935779,0
1.0,0.82264966,0.7606933,0
1.0,0.86012197,0.7785269,0
1.0,0.84836084,0.71917415,0
1.0,0.87527114,0.7336742,0
1.0,0.8682532,0.7110734,0
1.0,0.9048407,0.7459276,0
1.0,0.8842614,0.6713563,0
1.0,0.87792265,0.63259923,0
1.0,0.8486812,0.5934996,0
1.0,0.8839264,0.60561603,0
1.0,0.867255,0.57927275,0
1.0,0.8600447,0.5651259,0
1.0,0.82503057,0.52113485,0
1.0,0.8357867,0.50511235,0
1.0,0.8203784,0.5005706,0
1.0,0.7796417,0.49127996,0
1.0,0.7494774,0.49397004,0
1.0,0.7529031,0.5071652,0
1.0,0.763707,0.49367526,0
1.0,0.69354975,0.4968214,0
1.0,0.6508955,0.49188712,0
1.0,0.6660626,0.38385236,0
1.0,0.67949766,0.437056,0
1.0,0.6394783,0.5359963,0
1.0,0.61338145,0.591519,0
1.0,0.6168926,0.64601016,0
1.0,0.5820877,0.72800976,0
1.0,0.48292732,0.87849903,0
1.0,0.4898046,0.8847081,0
1.0,0.5019262,0.88288873,0
1.0,0.5184467,0.8691747,0
1.0,0.4889272,0.94803214,0
1.0,0.53737676,0.90744394,0
1.0,0.5231695,0.9401884,0
1.0,0.51827425,0.94531435,0
1.0,0.49410522,1.0281305,0
1.0,0.5269693,1.0039221,0
1.0,0.5147378,1.0324755,0
1.0,0.4989211,1.0595461,0
1.0,0.4753721,1.1176156,0
1.0,0.50412107,1.0651383,0
1.0,0.48909277,1.1209049,0
1.0,0.46405134,1.2116494,0
1.0,0.43940744,1.2753062,0
1.0,0.47139817,1.2282083,0
1.0,0.4664266,1.2554514,0
1.0,0.4388627,1.3500872,0
1.0,0.4142198,1.4277036,0
1.0,0.42857918,1.359308,0
1.0,0.40924647,1.3818953,0
1.0,0.36351588,1.4891759,0
1.0,0.35085943,1.5089885,0
1.0,0.3539216,1.4678001,0
1.0,0.34039277,1.449138,0
1.0,0.3067015,1.4517412,0
1.0,0.33441827,1.3007874,0
1.0,0.31005412,1.307406,0
1.0,0.3306319,1.2062683,0
1.0,0.3112035,1.2016151,0
1.0,0.34332174,1.1188393,0
1.0,0.32079488,1.1542335,0
1.0,0.3431494,1.1103704,0
1.0,0.32619762,1.1569848,0
1.0,0.3589103,1.0861113,0
1.0,0.34624547,1.0901232,0
1.0,0.37322813,1.0488727,0
1.0,0.35823646,1.0727265,0
1.0,0.38995272,0.9453169,0
1.0,0.38030094,0.9132342,0
1.0,0.4698699,0.7519763,0
1.0,0.4103977,0.84770024,0
1.0,0.46844485,0.71975815,0
1.0,0.43288133,0.7550696,0
1.0,0.48974517,0.6323899,0
1.0,0.4208452,0.6752411,0
1.0,0.48141012,0.5486213,0
1.0,0.47329298,0.5443781,0
1.0,0.51672304,0.47223848,0
1.0,0.46165982,0.48572254,0
1.0,0.48117772,0.4218141,0
1.0,0.48694775,0.41544718,0
1.0,0.52281666,0.3634402,0
1.0,0.47364736,0.41598606,0
1.0,0.48838112,0.40391132,0
1.0,0.50384504,0.40105832,0
1.0,0.5397918,0.34909153,0
1.0,0.50522274,0.35960016,0
1.0,0.51459354,0.34233102,0
1.0,0.6034336,0.25394833,0
1.0,0.622261,0.22512934,0
1.0,0.5728791,0.2584879,0
1.0,0.56619763,0.26161778,0
1.0,0.58466536,0.2444994,0
1.0,0.5097515,0.29065463,0
1.0,0.5485117,0.2276454,0
1.0,0.5168444,0.23099208,0
1.0,0.5965889,0.15016858,0
1.0,0.5489277,0.15464622,0
1.0,0.5788718,0.14113271,0
1.0,0.5506604,0.1600026,0
1.0,0.5977404,0.13181807,0
1.0,0.53930503,0.18278265,0
1.0,0.5644967,0.16417369,0
1.0,0.5718681,0.15841603,0
1.0,0.6060217,0.13666448,0
1.0,0.5603036,0.16168863,0
1.0,0.5978165,0.14234522,0
1.0,0.58917826,0.14977825,0
1.0,0.63059,0.12160891,0
1.0,0.56761795,0.1543115,0
1.0,0.56506646,0.15621631,0
1.0,0.56051207,0.1577438,0
1.0,0.5462909,0.15757328,0
1.0,0.52625406,0.16251509,0
1.0,0.6178026,0.10858376,0
1.0,0.55111104,0.13069531,0
1.0,0.6136624,0.08451396,0
1.0,0.5486143,0.10628052,0
1.0,0.57813317,0.09139398,0
1.0,0.51815176,0.12345936,0
1.0,0.5696659,0.10437673,0
1.0,0.5143909,0.13245119,0
1.0,0.5715531,0.09700993,0
1.0,0.4993803,0.12358778,0
1.0,0.5688338,0.08688642,0
1.0,0.5399619,0.09815879,0
1.0,0.59490144,0.07963998,0
1.0,0.51018053,0.111254334,0
1.0,0.5729954,0.08855019,0
1.0,0.5209668,0.10853037,0
1.0,0.5495153,0.08657244,0
1.0,0.5018769,0.103431396,0
1.0,0.57055235,0.08011812,0
1.0,0.5333806,0.07117769,0
1.0,0.57835484,0.061237846,0
1.0,0.5220664,0.069573045,0
1.0,0.57126856,0.061200164,0
1.0,0.5202493,0.07069318,0
1.0,0.5266333,0.06599231,0
1.0,0.50860655,0.06608552,0
1.0,0.5302614,0.056435764,0
1.0,0.52905834,0.047580875,0
1.0,0.5614557,0.04844022,0
1.0,0.53832656,0.053956024,0
1.0,0.5611153,0.053952537,0
1.0,0.57855517,0.057043195,0
1.0,0.6048799,0.051694475,0
1.0,0.6019985,0.05050648,0
1.0,0.59728605,0.049830712,0
1.0,0.65698427,0.06375407,0
1.0,0.7436202,0.08259222,0
1.0,0.6885478,0.07032721,0
1.0,0.7297517,0.07637593,0
1.0,0.73322314,0.08411571,0
1.0,0.7321024,0.08723169,0
1.0,0.6593417,0.06679067,0
1.0,0.6924079,0.07432467,0
1.0,0.7108922,0.08026673,0
1.0,0.71906507,0.083044514,0
1.0,0.65266097,0.06557715,0
1.0,0.6875879,0.06752144,0
1.0,0.7352451,0.08467354,0
1.0,0.7155621,0.085029684,0
1.0,0.66146636,0.08070944,0
1.0,0.6730909,0.082098894,0
1.0,0.6912924,0.082065105,0
1.0,0.6402817,0.06861855,0
1.0,0.6012095,0.0702955,0
1.0,0.59687775,0.07076992,0
1.0,0.6215557,0.068691775,0
1.0,0.57590926,0.07331985,0
1.0,0.5316155,0.08319369,0
1.0,0.5507811,0.08008994,0
1.0,0.5694856,0.07735797,0
1.0,0.50229484,0.08578812,0
1.0,0.5239245,0.07854469,0
1.0,0.5204376,0.07641709,0
1.0,0.5407277,0.065053985,0
1.0,0.5289154,0.06711443,0
1.0,0.5715624,0.062300824,0
1.0,0.5594196,0.06433018,0
1.0,0.5860632,0.068149365,0
1.0,0.549506,0.08166967,0
1.0,0.5842509,0.07022385,0
1.0,0.5650619,0.07345331,0
1.0,0.55985606,0.072296605,0
1.0,0.54176,0.079113245,0
1.0,0.561913,0.075918585,0
1.0,0.5664438,0.07475311,0
1.0,0.5633108,0.073884,0
1.0,0.5496606,0.07755683,0
1.0,0.5699394,0.07332649,0
1.0,0.58494866,0.07300178,0
1.0,0.61182785,0.06733994,0
1.0,0.6016663,0.05885207,0
1.0,0.6230694,0.04348591,0
1.0,0.60485,0.04518273,0
1.0,0.5739352,0.051061273,0
1.0,0.53978884,0.06096988,0
1.0,0.5598769,0.060279995,0
1.0,0.5330713,0.07037063,0
1.0,0.53969663,0.06964795,0
1.0,0.50058866,0.07919289,0
1.0,0.500825,0.07771272,0
1.0,0.4903351,0.087280855,0
1.0,0.5016711,0.09010262,0
1.0,0.4858115,0.10055983,0
1.0,0.4958199,0.09489037,0
1.0,0.48160535,0.10156282,0
1.0,0.48645744,0.09946346,0
1.0,0.5066152,0.093869194,0
1.0,0.518779,0.09170103,0
1.0,0.5295098,0.087193966,0
1.0,0.51847863,0.07247172,0
1.0,0.516656,0.0691876,0
1.0,0.5060231,0.07668728,0
1.0,0.50837654,0.07656833,0
1.0,0.47427648,0.0891292,0
1.0,0.46497962,0.09366392,0
1.0,0.4474603,0.102905005,0
1.0,0.45997757,0.09937771,0
1.0,0.46856812,0.102601305,0
1.0,0.453002,0.108522885,0
1.0,0.44747916,0.11239798,0
1.0,0.46824467,0.120577045,0
1.0,0.4621829,0.1314053,0
1.0,0.45401847,0.13200781,0
1.0,0.4515755,0.13290676,0
1.0,0.46794757,0.12522584,0
1.0,0.5202569,0.11026665,0
1.0,0.47319037,0.13219175,0
1.0,0.50553757,0.11241421,0
1.0,0.47596267,0.11730027,0
1.0,0.50458866,0.1066194,0
1.0,0.44593406,0.13030636,0
1.0,0.4710913,0.12849869,0
1.0,0.4510491,0.13107565,0
1.0,0.48009434,0.11237595,0
1.0,0.43221596,0.12463755,0
1.0,0.47481033,0.10782799,0
1.0,0.4588946,0.11802727,0
1.0,0.502587,0.1055179,0
1.0,0.4669985,0.117382295,0
1.0,0.5133465,0.101649776,0
1.0,0.48391664,0.11928606,0
1.0,0.5114317,0.11167604,0
1.0,0.49714372,0.115063846,0
1.0,0.5295701,0.09708939,0
1.0,0.5085252,0.10633648,0
1.0,0.5294836,0.10235561,0
1.0,0.5055858,0.106804095,0
1.0,0.52560824,0.091652974,0
1.0,0.50407374,0.09901278,0
1.0,0.5196911,0.09271703,0
1.0,0.531024,0.09025121,0
1.0,0.5104492,0.11518872,0
1.0,0.5087168,0.10071482,0
1.0,0.4775568,0.10630121,0
1.0,0.4719615,0.10681994,0
1.0,0.462731,0.109915204,0
1.0,0.46385643,0.11084537,0
1.0,0.46633595,0.11757349,0
1.0,0.46403107,0.1160367,0
1.0,0.4520668,0.12362729,0
1.0,0.4542365,0.13190867,0
1.0,0.5111111,0.11262615,0
1.0,0.50126296,0.11569633,0
1.0,0.52316725,0.099831596,0
1.0,0.51598644,0.10874764,0
1.0,0.59191096,0.091203175,0
1.0,0.5920376,0.094560504,0
1.0,0.59597236,0.09385583,0
1.0,0.60266,0.09294905,0
1.0,0.6328274,0.08919352,0
1.0,0.58181214,0.095456176,0
1.0,0.5965523,0.095847756,0
1.0,0.59736955,0.09132679,0
1.0,0.6828808,0.09865786,0
1.0,0.64255154,0.10187728,0
1.0,0.66423196,0.10437019,0
1.0,0.6899788,0.109422,0
1.0,0.76238,0.12756439,0
1.0,0.70414305,0.11884951,0
1.0,0.7154678,0.12735693,0
1.0,0.7391499,0.13469145,0
1.0,0.78566355,0.14025861,0
1.0,0.72066617,0.11923964,0
1.0,0.7170318,0.1094359,0
1.0,0.7228672,0.123108126,0
1.0,0.70255905,0.12397353,0
1.0,0.69117194,0.12456499,0
1.0,0.69480854,0.12779593,0
1.0,0.7452132,0.15358123,0
1.0,0.69482607,0.12879881,0
1.0,0.69586664,0.13756043,0
1.0,0.66878045,0.14219087,0
1.0,0.66648275,0.15433702,0
1.0,0.69804096,0.19800423,0
1.0,0.793721,0.28369623,0
1.0,0.7584608,0.25077608,0
1.0,0.80123377,0.28406882,0
1.0,0.7613573,0.25145942,0
1.0,0.83595127,0.32197148,0
1.0,0.8239607,0.31761897,0
1.0,0.8298286,0.31440187,0
1.0,0.8136576,0.2955314,0
1.0,0.8650078,0.34354156,0
1.0,0.85363936,0.32437584,0
1.0,0.8450888,0.3279158,0
1.0,0.8553375,0.3435893,0
1.0,0.91118515,0.41500825,0
1.0,0.92017615,0.44980824,0
1.0,0.9266829,0.47913092,0
1.0,0.9241914,0.489774,0
1.0,0.9445548,0.5051113,0
1.0,0.93568826,0.49722496,0
1.0,0.91967505,0.49735326,0
1.0,0.9042918,0.4822124,0
1.0,0.92393935,0.51139724,0
1.0,0.93431586,0.5450354,0
1.0,0.9265997,0.5340961,0
1.0,0.9150673,0.5114081,0
1.0,0.9190722,0.5275488,0
1.0,0.9260324,0.5370144,0
1.0,0.9003634,0.49691582,0
1.0,0.89978355,0.48904642,0
1.0,0.9155328,0.4918998,0
1.0,0.93510896,0.4929708,0
1.0,0.9270345,0.45823005,0
1.0,0.91941196,0.41340327,0
1.0,0.93702763,0.42960253,0
1.0,0.9500869,0.47592282,0
1.0,0.94722354,0.50177145,0
1.0,0.94700634,0.5195966,0
1.0,0.9505951,0.5271354,0
1.0,0.9524343,0.52373815,0
1.0,0.939577,0.5225233,0
1.0,0.9238211,0.5240439,0
1.0,0.9199983,0.5534988,0
1.0,0.9302342,0.5905262,0
1.0,0.93478894,0.58642757,0
1.0,0.9298753,0.57496274,0
1.0,0.92468905,0.55858845,0
1.0,0.9306414,0.5464521,0
1.0,0.9387469,0.5481249,0
1.0,0.93708795,0.5693071,0
1.0,0.9246324,0.5656985,0
1.0,0.9413616,0.5849211,0
1.0,0.944913,0.59371614,0
1.0,0.93231314,0.61409605,0
1.0,0.92043155,0.6205096,0
1.0,0.935718,0.6264493,0
1.0,0.93989426,0.6497953,0
1.0,0.9260428,0.6471611,0
1.0,0.8990883,0.60818714,0
1.0,0.917607,0.67343724,0
1.0,0.9129522,0.70426077,0
1.0,0.8738928,0.68795955,0
1.0,0.83754337,0.66394293,0
1.0,0.8568289,0.7130889,0
1.0,0.85579556,0.7568209,0
1.0,0.8468112,0.7603508,0
1.0,0.82996154,0.7294737,0
1.0,0.8567201,0.7594011,0
1.0,0.8728347,0.7592881,0
1.0,0.8616407,0.73108476,0
1.0,0.86780936,0.74149513,0
1.0,0.8718298,0.75551355,0
1.0,0.88044065,0.78557056,0
1.0,0.84622806,0.7240808,0
1.0,0.85372365,0.7279354,0
1.0,0.84743655,0.7347264,0
1.0,0.8648829,0.77995646,0
1.0,0.85831434,0.77375233,0
1.0,0.85453326,0.78387725,0
1.0,0.84775907,0.8076198,0
1.0,0.8567495,0.8523935,0
1.0,0.8452966,0.8321909,0
1.0,0.8555665,0.8457577,0
1.0,0.85721946,0.85325885,0
1.0,0.8705223,0.8798053,0
1.0,0.85733813,0.8304824,0
1.0,0.8698656,0.84169275,0
1.0,0.87010974,0.85112965,0
1.0,0.8753493,0.8396485,0
1.0,0.8615878,0.80327845,0
1.0,0.86109847,0.80674016,0
1.0,0.83228856,0.7343305,0
1.0,0.8288756,0.7129812,0
1.0,0.8182374,0.67710984,0
1.0,0.8114468,0.665197,0
1.0,0.79481936,0.66215396,0
1.0,0.7885031,0.62499464,0
1.0,0.80105424,0.62674075,0
1.0,0.8116034,0.66257334,0
1.0,0.8038947,0.65900177,0
1.0,0.78867644,0.6270713,0
1.0,0.8137091,0.69562525,0
1.0,0.8137528,0.7254909,0
1.0,0.8196889,0.735723,0
1.0,0.81824654,0.71967065,0
1.0,0.8258363,0.72637796,0
1.0,0.8355402,0.72915864,0
1.0,0.83222234,0.68856174,0
1.0,0.8370075,0.67652404,0
1.0,0.8496805,0.69124067,0
1.0,0.85034454,0.6897826,0
1.0,0.84761274,0.66893375,0
1.0,0.849082,0.63921154,0
1.0,0.8475509,0.63418525,0
1.0,0.86545867,0.68652576,0
1.0,0.8818755,0.70547694,0
1.0,0.89441687,0.7401381,0
1.0,0.8853612,0.7524676,0
1.0,0.9008439,0.7762286,0
1.0,0.9014283,0.78228915,0
1.0,0.9111109,0.8297241,0
1.0,0.90326923,0.8413313,0
1.0,0.9113635,0.8382231,0
1.0,0.91628647,0.82468593,0
1.0,0.9274987,0.8269565,0
1.0,0.9145701,0.7954016,0
1.0,0.9231272,0.7857612,0
1.0,0.9229839,0.7386455,0
1.0,0.9271921,0.7289803,0
1.0,0.9251567,0.73086375,0
1.0,0.92039114,0.7027874,0
1.0,0.9129348,0.6774675,0
1.0,0.9034027,0.6712622,0
1.0,0.9020645,0.6325917,0
1.0,0.90203947,0.6066234,0
1.0,0.8994559,0.6109732,0
1.0,0.8897675,0.5979389,0
1.0,0.8981323,0.6094252,0
1.0,0.88779527,0.58697337,0
1.0,0.873737,0.57388985,0
1.0,0.84057105,0.5466902,0
1.0,0.8569336,0.5681755,0
1.0,0.833411,0.51573145,0
1.0,0.83323944,0.50158554,0
1.0,0.79191124,0.4552124,0
1.0,0.8130683,0.46643186,0
1.0,0.78339636,0.3951712,0
1.0,0.78646594,0.3925946,0
1.0,0.7114802,0.28814834,0
1.0,0.73862374,0.284617,0
1.0,0.676703,0.23462674,0
1.0,0.68082285,0.23511225,0
1.0,0.626739,0.16906166,0
1.0,0.7092012,0.21029414,0
1.0,0.722637,0.23104586,0
1.0,0.7680572,0.2947868,0
1.0,0.7549689,0.29622853,0
1.0,0.79617816,0.33867556,0
1.0,0.7813615,0.32369572,0
1.0,0.7848733,0.34618855,0
1.0,0.75057155,0.3329901,0
1.0,0.7940342,0.40349966,0
1.0,0.79723644,0.4156039,0
1.0,0.7983755,0.41437793,0
1.0,0.7924611,0.40285763,0
1.0,0.83488667,0.44855183,0
1.0,0.845149,0.4576367,0
1.0,0.8631978,0.48460606,0
1.0,0.846231,0.4501899,0
1.0,0.8695855,0.4763313,0
1.0,0.8629084,0.5002935,0
1.0,0.8491402,0.4809257,0
1.0,0.8213996,0.43915933,0
1.0,0.8563305,0.5205358,0
1.0,0.8582683,0.5343585,0
1.0,0.8582825,0.5448719,0
1.0,0.8500828,0.546481,0
1.0,0.85772604,0.5576551,0
1.0,0.8419452,0.56141245,0
1.0,0.82322717,0.57872045,0
1.0,0.7990515,0.5619773,0
1.0,0.81900144,0.59874594,0
1.0,0.8106507,0.604085,0
1.0,0.82146233,0.6300918,0
1.0,0.8223046,0.6304894,0
1.0,0.85404027,0.68775815,0
1.0,0.8499222,0.67671996,0
1.0,0.8549286,0.66792667,0
1.0,0.8452146,0.64965415,0
1.0,0.85733795,0.6768656,0
1.0,0.84418845,0.66167724,0
1.0,0.823275,0.6215137,0
1.0,0.8162641,0.6120775,0
1.0,0.83461994,0.666127,0
1.0,0.8383252,0.687047,0
1.0,0.8424971,0.6987301,0
1.0,0.84717053,0.7388513,0
1.0,0.85936123,0.8195106,0
1.0,0.8583881,0.8483063,0
1.0,0.850839,0.8658434,0
1.0,0.8507974,0.90779114,0
1.0,0.8598218,0.9385249,0
1.0,0.86333805,0.9473145,0
1.0,0.8558262,0.97577125,0
1.0,0.86125267,0.9902979,0
1.0,0.87148565,0.97371197,0
1.0,0.8783583,0.991524,0
1.0,0.8683993,1.0106126,0
1.0,0.8779462,1.0637115,0
1.0,0.88086075,1.0795007,0
1.0,0.8889554,1.0864512,0
1.0,0.8807866,1.0472515,0
1.0,0.88528615,1.0827181,0
1.0,0.8847391,1.1399487,0
1.0,0.90132445,1.1857436,0
1.0,0.8961295,1.1942456,0
1.0,0.90878874,1.2597293,0
1.0,0.9007739,1.2760363,0
1.0,0.9083089,1.3742667,0
1.0,0.89554495,1.3818746,0
1.0,0.9100928,1.4097033,0
1.0,0.9003283,1.406044,0
1.0,0.9130064,1.4876616,0
1.0,0.89662814,1.5279403,0
1.0,0.9226159,1.619641,0
1.0,0.91741097,1.5753562,0
1.0,0.93200064,1.6212384,0
1.0,0.91906685,1.637018,0
1.0,0.9318208,1.6676456,0
1.0,0.924589,1.5994267,0
1.0,0.93488103,1.605938,0
1.0,0.92244744,1.5566573,0
1.0,0.93184763,1.6186088,0
1.0,0.92665434,1.6988802,0
1.0,0.9342793,1.7079759,0
1.0,0.93230075,1.6722535,0
1.0,0.93915135,1.7472615,0
1.0,0.93735707,1.8106018,0
1.0,0.93737173,1.8447165,0
1.0,0.9391128,1.8580337,0
1.0,0.9417132,1.8712251,0
1.0,0.942703,1.891422,0
1.0,0.94100815,1.9314547,0
1.0,0.9398215,1.9864793,0
1.0,0.94132435,1.9860927,0
1.0,0.94253504,1.9470613,0
1.0,0.9403336,1.9168127,0
1.0,0.9400353,1.9133725,0
1.0,0.92868334,1.891988,0
1.0,0.9320014,1.8716285,0
1.0,0.92452496,1.7894571,0
1.0,0.92478985,1.813797,0
1.0,0.9153382,1.8535628,0
1.0,0.92117125,1.9285924,0
1.0,0.91419333,1.9139904,0
1.0,0.92343754,1.8809608,0
1.0,0.9178079,1.888638,0
1.0,0.92260855,1.9912841,0
1.0,0.91815484,2.010919,0
1.0,0.92854106,2.0334334,0
1.0,0.92261416,2.0108285,0
1.0,0.92361504,2.06082,0
1.0,0.9203424,2.1268635,0
1.0,0.9193517,2.1815171,0
1.0,0.9201414,2.1826506,0
1.0,0.9245034,2.1063716,0
1.0,0.9229929,2.120403,0
1.0,0.9310098,2.2232683,0
1.0,0.9276938,2.188023,0
1.0,0.9392918,2.210504,0
1.0,0.93793005,2.1986887,0
1.0,0.943447,2.197527,0
1.0,0.94101727,2.2212183,0
1.0,0.941426,2.2568984,0
1.0,0.9394823,2.2600467,0
1.0,0.94363505,2.2543948,0
1.0,0.9409403,2.310625,0
1.0,0.944637,2.4422798,0
1.0,0.94618046,2.5278986,0
1.0,0.9515692,2.606037,0
1.0,0.95182824,2.6319013,0
1.0,0.95100784,2.7155247,0
1.0,0.95324194,2.817182,0
1.0,0.9534246,2.8012261,0
1.0,0.955002,2.8150346,0
1.0,0.9531791,2.8143003,0
1.0,0.9546905,2.7911587,0
1.0,0.9537347,2.8496878,0
1.0,0.9516409,2.865807,0
1.0,0.9508396,2.7770686,0
1.0,0.95431066,2.7643533,0
1.0,0.9523599,2.7922094,0
1.0,0.9533435,2.8522718,0
1.0,0.94925356,2.8621595,0
1.0,0.9548943,2.8650696,0
1.0,0.9534649,2.8630588,0
1.0,0.954973,2.8825147,0
1.0,0.9533858,2.9576588,0
1.0,0.95746976,3.0104163,0
1.0,0.9569541,2.9705253,0
1.0,0.95822346,2.9863918,0
1.0,0.9557929,2.9838543,0
1.0,0.95793027,3.053955,0
1.0,0.9579528,3.1192973,0
1.0,0.95791334,3.096439,0
1.0,0.9584998,3.0664892,0
1.0,0.9574573,3.058413,0
1.0,0.95607024,3.0839522,0
1.0,0.9532259,3.0341308,0
1.0,0.9579198,2.966329,0
1.0,0.95631295,2.904158,0
1.0,0.9557933,2.8629687,0
1.0,0.9526082,2.8893118,0
1.0,0.95478755,2.8722203,0
1.0,0.95317316,2.8104355,0
1.0,0.95660806,2.8376868,0
1.0,0.9536588,2.805094,0
1.0,0.9541199,2.82788,0
1.0,0.9506511,2.9148638,0
1.0,0.9559312,2.9188828,0
1.0,0.95387155,2.8797133,0
1.0,0.9569148,2.9312441,0
1.0,0.95415735,2.9547,0
1.0,0.959219,2.997439,0
1.0,0.958019,2.9571524,0
1.0,0.9610426,2.9131866,0
1.0,0.9581324,2.8992534,0
1.0,0.95911056,2.8828726,0
1.0,0.9558786,2.8336358,0
1.0,0.9583095,2.7792058,0
1.0,0.9556939,2.7185063,0
1.0,0.95687956,2.74056,0
1.0,0.9534053,2.7751217,0
1.0,0.9536686,2.8391743,0
1.0,0.9548931,2.8401608,0
1.0,0.96130866,2.7777586,0
1.0,0.9581617,2.7860067,0
1.0,0.9612266,2.9423132,0
1.0,0.9613254,2.9897568,0
1.0,0.96827805,3.0154169,0
1.0,0.9669712,3.0156367,0
1.0,0.968568,3.003415,0
1.0,0.9674045,3.0291104,0
1.0,0.96810156,3.0627618,0
1.0,0.96702665,2.9880369,0
1.0,0.9667421,2.935991,0
1.0,0.9649765,2.953829,0
1.0,0.9652975,2.996168,0
1.0,0.96319157,3.0087233,0
1.0,0.9640632,2.946311,0
1.0,0.9656654,2.8303196,0
1.0,0.96695226,2.7979012,0
1.0,0.96610385,2.8556304,0
1.0,0.9667796,2.8955624,0
1.0,0.96990114,2.898845,0
1.0,0.97352874,2.9096012,0
1.0,0.9736723,2.9657087,0
1.0,0.9734788,3.0508657,0
1.0,0.97257316,3.0968204,0
1.0,0.9737366,3.0823562,0
1.0,0.9735911,3.1070547,0
1.0,0.9721105,3.1905062,0
1.0,0.9715828,3.2589207,0
1.0,0.9716608,3.3137064,0
1.0,0.9712208,3.2723918,0
1.0,0.97112626,3.1736727,0
1.0,0.97010964,3.1374278,0
1.0,0.9697552,3.1886582,0
1.0,0.968406,3.1629653,0
1.0,0.97019595,2.9912248,0
1.0,0.9697002,2.9096937,0
1.0,0.9708402,2.9460247,0
1.0,0.9694383,2.9702797,0
1.0,0.97146016,3.0502925,0
1.0,0.97390443,3.0730803,0
1.0,0.9761377,3.0286644,0
1.0,0.9749093,3.0912852,0
1.0,0.97500706,3.1852696,0
1.0,0.972569,3.152054,0
1.0,0.9737916,3.1182728,0
1.0,0.97067475,3.0910287,0
1.0,0.97033846,3.109024,0
1.0,0.9694606,3.2096841,0
1.0,0.97058105,3.2412882,0
1.0,0.9696628,3.1292317,0
1.0,0.97040904,3.080139,0
1.0,0.96972424,3.0989723,0
1.0,0.96807915,3.05048,0
1.0,0.96773094,2.9743156,0
1.0,0.96819633,2.8956811,0
1.0,0.9677183,2.8324156,0
1.0,0.9671017,2.8762589,0
1.0,0.9661244,2.9011133,0
1.0,0.9665599,2.8457756,0
1.0,0.9691529,2.8370087,0
1.0,0.9682947,2.823321,0
1.0,0.96769655,2.8643198,0
1.0,0.9664297,2.9856682,0
1.0,0.96702784,3.059382,0
1.0,0.96607524,3.033316,0
1.0,0.965434,3.0527496,0
1.0,0.9644516,3.1581354,0
1.0,0.9660188,3.213328,0
1.0,0.964801,3.1480646,0
1.0,0.96580005,3.0993037,0
1.0,0.9641913,3.0380144,0
1.0,0.96612954,3.0883508,0
1.0,0.9643202,3.1480374,0
1.0,0.9656525,3.0776212,0
1.0,0.9660886,3.0185776,0
1.0,0.96800643,3.0394392,0
1.0,0.9665981,3.0428696,0
1.0,0.9670871,3.0929613,0
1.0,0.9680684,3.1376145,0
1.0,0.9702037,3.139152,0
1.0,0.9695273,3.1596582,0
1.0,0.9685421,3.2629044,0
1.0,0.96699256,3.3231456,0
1.0,0.9678477,3.2903368,0
1.0,0.968709,3.3080537,0
1.0,0.9682681,3.385737,0
1.0,0.9683952,3.4906662,0
1.0,0.97008586,3.5442946,0
1.0,0.97098565,3.5240598,0
1.0,0.9710571,3.4900298,0
1.0,0.9711831,3.4752524,0
1.0,0.96975523,3.4742312,0
1.0,0.9686877,3.402891,0
1.0,0.9675376,3.3294492,0
1.0,0.96769696,3.252598,0
1.0,0.96631515,3.2020645,0
1.0,0.96676385,3.3309822,0
1.0,0.96793705,3.3514566,0
1.0,0.96893567,3.2745519,0
1.0,0.9697346,3.278487,0
1.0,0.9699553,3.3232603,0
1.0,0.9691004,3.4239345,0
1.0,0.9710716,3.4942598,0
1.0,0.97095037,3.4951975,0
1.0,0.9721921,3.5386147,0
1.0,0.97164625,3.622582,0
1.0,0.97250146,3.7078595,0
1.0,0.9719027,3.7021112,0
1.0,0.9717532,3.669137,0
1.0,0.97226375,3.6559925,0
1.0,0.9725042,3.652834,0
1.0,0.97116774,3.638551,0
1.0,0.9719924,3.666329,0
1.0,0.9718238,3.5861056,0
1.0,0.9728159,3.5319076,0
1.0,0.9711562,3.6181245,0
1.0,0.97066855,3.6388388,0
1.0,0.97228324,3.627356,0
1.0,0.97452784,3.5935254,0
1.0,0.9743586,3.6178823,0
1.0,0.97460383,3.7101426,0
1.0,0.9730462,3.7105885,0
1.0,0.9753922,3.76152,0
1.0,0.97360605,3.7766695,0
1.0,0.9744512,3.8558462,0
1.0,0.97421885,4.011244,0
1.0,0.975042,4.0879765,0
1.0,0.97282946,4.083782,0
1.0,0.97407126,3.9788864,0
1.0,0.97333694,4.0019336,0
1.0,0.9740819,4.136614,0
1.0,0.9744665,4.1462345,0
1.0,0.9761776,4.0943885,0
1.0,0.97516793,4.0044556,0
1.0,0.9758834,3.9958663,0
1.0,0.97453463,3.9606507,0
1.0,0.9742988,3.9130054,0
1.0,0.97353584,3.8754487,0
1.0,0.9743061,3.804244,0
1.0,0.97356385,3.8583207,0
1.0,0.9736536,3.959401,0
1.0,0.9714784,3.9446373,0
1.0,0.97179765,3.9118452,0
1.0,0.9712682,3.8834562,0
1.0,0.9714173,3.8790152,0
1.0,0.9715846,3.9859905,0
1.0,0.97411084,4.053816,0
1.0,0.9742604,3.954673,0
1.0,0.97567946,3.9245555,0
1.0,0.9737214,3.961347,0
1.0,0.97449005,3.9417744,0
1.0,0.974858,3.8457012,0
1.0,0.9759576,3.734624,0
1.0,0.9747176,3.6926353,0
1.0,0.97547966,3.6748173,0
1.0,0.9740026,3.6803343,0
1.0,0.9738895,3.6176727,0
1.0,0.9726448,3.4698465,0
1.0,0.9735465,3.424767,0
1.0,0.970889,3.4163115,0
1.0,0.9688898,3.4175892,0
1.0,0.96755433,3.3523965,0
1.0,0.96846396,3.249624,0
1.0,0.96675694,3.2560492,0
1.0,0.9654704,3.2962956,0
1.0,0.9654618,3.315438,0
1.0,0.96694916,3.2653637,0
1.0,0.9642972,3.2141275,0
1.0,0.9643271,3.2431483,0
1.0,0.9628932,3.2189996,0
1.0,0.9633982,3.209625,0
1.0,0.96087533,3.1172233,0
1.0,0.9606334,2.9883132,0
1.0,0.9586716,2.9585817,0
1.0,0.95797133,2.9795892,0
1.0,0.9580113,2.965611,0
1.0,0.9560896,2.888449,0
1.0,0.958515,2.8144033,0
1.0,0.95421803,2.7580698,0
1.0,0.9552586,2.7968802,0
1.0,0.95178527,2.8778358,0
1.0,0.9549302,2.820461,0
1.0,0.9521819,2.8124175,0
1.0,0.9544604,2.953261,0
1.0,0.95311075,2.9770377,0
1.0,0.9530434,3.008226,0
1.0,0.953505,3.0496144,0
1.0,0.9538632,3.008439,0
1.0,0.9545514,3.022134,0
1.0,0.95399255,3.0516033,0
1.0,0.95407313,3.0047762,0
1.0,0.9535873,2.96576,0
1.0,0.95176214,2.9576163,0
1.0,0.95202476,2.9552321,0
1.0,0.95143,3.0031614,0
1.0,0.95331806,3.0280926,0
1.0,0.9526001,2.9624562,0
1.0,0.95527726,2.9626331,0
1.0,0.95515615,3.0734332,0
1.0,0.95696765,3.1186047,0
1.0,0.95999676,3.150001,0
1.0,0.96221954,3.261961,0
1.0,0.965054,3.3161302,0
1.0,0.9650525,3.378509,0
1.0,0.96504176,3.4813333,0
1.0,0.96432257,3.5645506,0
1.0,0.96662927,3.5838823,0
1.0,0.96511483,3.5744128,0
1.0,0.96530616,3.6263719,0
1.0,0.96604174,3.6516492,0
1.0,0.9651379,3.6677225,0
1.0,0.96587944,3.6379962,0
1.0,0.96434116,3.5336828,0
1.0,0.9657502,3.6230316,0
1.0,0.96423095,3.6284308,0
1.0,0.96506107,3.530762,0
1.0,0.9672956,3.5931854,0
1.0,0.96860975,3.6171837,0
1.0,0.9682879,3.5967183,0
1.0,0.9689837,3.6912775,0
1.0,0.9709792,3.7839262,0
1.0,0.97268426,3.8378983,0
1.0,0.9730828,3.8728228,0
1.0,0.97236854,3.9059548,0
1.0,0.9719952,3.9647472,0
1.0,0.97139996,4.0035157,0
1.0,0.9729192,4.026766,0
1.0,0.97141063,4.00711,0
1.0,0.97099555,4.075942,0
1.0,0.97150147,4.179714,0
1.0,0.97000116,4.0866566,0
1.0,0.96847034,4.0398717,0
1.0,0.9682028,3.9942794,0
1.0,0.96949816,3.8792872,0
1.0,0.968609,3.871879,0
1.0,0.9680863,3.898244,0
1.0,0.9684172,3.8750494,0
1.0,0.970524,3.8553813,0
1.0,0.97035563,3.8438654,0
1.0,0.9693527,3.93182,0
1.0,0.9677756,3.992181,0
1.0,0.9697035,3.9634984,0
1.0,0.97019315,3.9674776,0
1.0,0.96955264,4.0368943,0
1.0,0.96868783,4.1140738,0
1.0,0.971546,4.108066,0
1.0,0.97279185,4.1291227,0
1.0,0.97250485,4.1670876,0
1.0,0.97174895,4.0865784,0
1.0,0.9715427,4.0756965,0
1.0,0.96985817,4.117154,0
1.0,0.96941066,4.029379,0
1.0,0.96846336,3.9330533,0
1.0,0.9704678,3.9111242,0
1.0,0.9687807,3.8946607,0
1.0,0.970248,3.8608963,0
1.0,0.967473,3.7639766,0
1.0,0.96885204,3.7384892,0
1.0,0.9681351,3.7489421,0
1.0,0.96937615,3.796674,0
1.0,0.9679985,3.7842798,0
1.0,0.9702322,3.701232,0
1.0,0.9696093,3.759022,0
1.0,0.97087497,3.8306003,0
1.0,0.9699277,3.8536787,0
1.0,0.9738955,3.9527302,0
1.0,0.97223026,3.929972,0
1.0,0.973204,3.8880835,0
1.0,0.9717022,3.886685,0
1.0,0.97161824,3.8652477,0
1.0,0.96980053,3.8360548,0
1.0,0.96996987,3.7413948,0
1.0,0.96831113,3.6408243,0
1.0,0.96948326,3.6773207,0
1.0,0.96722245,3.694904,0
1.0,0.9688075,3.644597,0
1.0,0.96669257,3.588239,0
1.0,0.9680654,3.5768716,0
1.0,0.9660016,3.535644,0
1.0,0.96665466,3.5333138,0
1.0,0.9665295,3.591315,0
1.0,0.9684345,3.5941973,0
1.0,0.9669221,3.5330424,0
1.0,0.9656249,3.5463061,0
1.0,0.96534336,3.5790973,0
1.0,0.966147,3.5816486,0
1.0,0.9655515,3.5629854,0
1.0,0.9637592,3.583839,0
1.0,0.9637912,3.676657,0
1.0,0.96334267,3.6994846,0
1.0,0.9641622,3.6142,0
1.0,0.9635243,3.5071619,0
1.0,0.96394753,3.481817,0
1.0,0.9642928,3.4695807,0
1.0,0.96322685,3.3772612,0
1.0,0.964792,3.3408415,0
1.0,0.9634468,3.2999127,0
1.0,0.96461296,3.2442183,0
1.0,0.9634009,3.239434,0
1.0,0.96053195,3.2246647,0
1.0,0.956224,3.1945362,0
1.0,0.95798,3.1870694,0
1.0,0.95824915,3.2392683,0
1.0,0.960285,3.335248,0
1.0,0.95862967,3.4037058,0
1.0,0.9611324,3.4140563,0
1.0,0.9619147,3.3574088,0
1.0,0.96339566,3.422599,0
1.0,0.9621302,3.4073935,0
1.0,0.9642086,3.3549414,0
1.0,0.9648536,3.3782134,0
1.0,0.96494174,3.2900572,0
1.0,0.9639039,3.1988366,0
1.0,0.9634827,3.210261,0
1.0,0.9624302,3.1953998,0
1.0,0.9644966,3.1814432,0
1.0,0.9651339,3.1364205,0
1.0,0.96503574,3.1227179,0
1.0,0.9644367,3.1998513,0
1.0,0.961131,3.2063193,0
1.0,0.960852,3.141532,0
1.0,0.96102804,3.1229243,0
1.0,0.96061146,3.148027,0
1.0,0.9615236,3.204013,0
1.0,0.9656447,3.2470849,0
1.0,0.96632415,3.245419,0
1.0,0.96518576,3.2252846,0
1.0,0.96321625,3.1724854,0
1.0,0.9651164,3.198492,0
1.0,0.9637914,3.1963773,0
1.0,0.9634965,3.122839,0
1.0,0.96329015,3.0742784,0
1.0,0.9653036,3.0762217,0
1.0,0.96294624,3.059017,0
1.0,0.96280277,3.014776,0
1.0,0.9646578,2.951831,0
1.0,0.9668959,2.8598661,0
1.0,0.96593326,2.8278918,0
1.0,0.9636096,2.8590155,0
1.0,0.9611993,2.7737184,0
1.0,0.96155757,2.7845507,0
1.0,0.9603779,2.825481,0
1.0,0.9581069,2.8006566,0
1.0,0.9589316,2.9228275,0
1.0,0.95954347,3.0183978,0
1.0,0.9576872,2.985239,0
1.0,0.95825726,2.9634428,0
1.0,0.9567855,2.9657087,0
1.0,0.95825243,2.9995046,0
1.0,0.9560854,2.9644423,0
1.0,0.9594745,2.8799834,0
1.0,0.9579221,2.8173618,0
1.0,0.9600183,2.8113365,0
1.0,0.956231,2.7580159,0
1.0,0.95658547,2.712746,0
1.0,0.95053196,2.6477656,0
1.0,0.95310307,2.6195335,0
1.0,0.9480319,2.6132927,0
1.0,0.9474388,2.6669953,0
1.0,0.93780726,2.7040672,0
1.0,0.9432412,2.6730368,0
1.0,0.9394948,2.6398108,0
1.0,0.94003403,2.733201,0
1.0,0.93560654,2.7351263,0
1.0,0.93948066,2.7150042,0
1.0,0.9376279,2.7070334,0
1.0,0.93649805,2.6784132,0
1.0,0.9321924,2.7080822,0
1.0,0.94135,2.814445,0
1.0,0.9368591,2.7689323,0
1.0,0.9410902,2.7396393,0
1.0,0.9335575,2.7159474,0
1.0,0.9411409,2.6713495,0
1.0,0.9353746,2.5786908,0
1.0,0.9341477,2.542848,0
1.0,0.927225,2.461202,0
1.0,0.9366259,2.4632106,0
1.0,0.93074566,2.4634943,0
1.0,0.938748,2.5080707,0
1.0,0.9338032,2.4984865,0
1.0,0.94319886,2.554087,0
1.0,0.938913,2.5855315,0
1.0,0.947298,2.6759589,0
1.0,0.9443857,2.6918364,0
1.0,0.94833124,2.701421,0
1.0,0.94383913,2.7303596,0
1.0,0.9508871,2.7852697,0
1.0,0.9475243,2.792199,0
1.0,0.95061404,2.7956252,0
1.0,0.94291675,2.731236,0
1.0,0.95172966,2.7178845,0
1.0,0.9450511,2.6307266,0
1.0,0.9424946,2.6153817,0
1.0,0.9377194,2.60571,0
1.0,0.94108176,2.553097,0
1.0,0.9373019,2.5218441,0
1.0,0.9320311,2.5516834,0
1.0,0.927281,2.590215,0
1.0,0.932945,2.5898473,0
1.0,0.9334688,2.5271833,0
1.0,0.9291206,2.5051756,0
1.0,0.92780215,2.5421164,0
1.0,0.932062,2.621499,0
1.0,0.9395613,2.6897917,0
1.0,0.93406147,2.70195,0
1.0,0.9343481,2.7677236,0
1.0,0.9323944,2.8202577,0
1.0,0.93768615,2.8311367,0
1.0,0.9355573,2.795098,0
1.0,0.93343806,2.7868989,0
1.0,0.9330437,2.7709317,0
1.0,0.93674743,2.7803116,0
1.0,0.9340594,2.7872417,0
1.0,0.9338697,2.7360365,0
1.0,0.93601847,2.6766846,0
1.0,0.9420872,2.7082713,0
1.0,0.9427278,2.7474208,0
1.0,0.9439947,2.73611,0
1.0,0.95105493,2.7785988,0
1.0,0.95552874,2.8309999,0
1.0,0.95816267,2.875424,0
1.0,0.957188,2.9990196,0
1.0,0.96140164,3.0824971,0
1.0,0.96099013,3.0926456,0
1.0,0.9636828,3.1398306,0
1.0,0.96076584,3.1703854,0
1.0,0.9634779,3.2648149,0
1.0,0.96356845,3.3550758,0
1.0,0.96563774,3.3379722,0
1.0,0.9630152,3.2593563,0
1.0,0.96596766,3.354838,0
1.0,0.96402264,3.3954902,0
1.0,0.96523595,3.328192,0
1.0,0.9642081,3.2790682,0
1.0,0.96690315,3.220706,0
1.0,0.96669376,3.235768,0
1.0,0.96788186,3.2993853,0
1.0,0.9699156,3.3407722,0
1.0,0.9723469,3.370256,0
1.0,0.97334754,3.387403,0
1.0,0.97302634,3.4165514,0
1.0,0.971704,3.4208264,0
1.0,0.97009057,3.4411447,0
1.0,0.9713496,3.4291685,0
1.0,0.97010493,3.3911753,0
1.0,0.96995866,3.4653797,0
1.0,0.9696434,3.539902,0
1.0,0.9720187,3.5507452,0
1.0,0.9715242,3.4970634,0
1.0,0.97130203,3.516677,0
1.0,0.9704804,3.5123646,0
1.0,0.9699496,3.4620805,0
1.0,0.9698439,3.4302006,0
1.0,0.96829236,3.2945082,0
1.0,0.9681234,3.2578156,0
1.0,0.9670021,3.2745566,0
1.0,0.9657498,3.2274847,0
1.0,0.96419287,3.1915936,0
1.0,0.9648261,3.1124504,0
1.0,0.9625147,3.0514905,0
1.0,0.96097726,3.1137233,0
1.0,0.95584583,3.128117,0
1.0,0.95594037,3.0669901,0
1.0,0.95604855,3.0537634,0
1.0,0.9532701,3.087308,0
1.0,0.95173925,3.118172,0
1.0,0.9534623,3.143228,0
1.0,0.95307165,3.0842257,0
1.0,0.9505512,3.02486,0
1.0,0.9461528,2.9528337,0
1.0,0.9464992,2.8832479,0
1.0,0.94382024,2.847656,0
1.0,0.9382322,2.7792182,0
1.0,0.9343544,2.7178664,0
1.0,0.9327909,2.6950388,0
1.0,0.92903364,2.6693838,0
1.0,0.9176863,2.5998137,0
1.0,0.91674227,2.519429,0
1.0,0.914411,2.435956,0
1.0,0.9120819,2.4481387,0
1.0,0.9064772,2.4863667,0
1.0,0.9094256,2.4524345,0
1.0,0.916082,2.4257843,0
1.0,0.9189966,2.447792,0
1.0,0.9157966,2.4690084,0
1.0,0.9187855,2.5101185,0
1.0,0.92504174,2.510638,0
1.0,0.92152923,2.4762259,0
1.0,0.9174156,2.4869204,0
1.0,0.913797,2.5108678,0
1.0,0.9142555,2.5143664,0
1.0,0.9085851,2.4361773,0
1.0,0.9135352,2.340476,0
1.0,0.9153664,2.278913,0
1.0,0.9184162,2.2704525,0
1.0,0.9260166,2.2713335,0
1.0,0.9279024,2.2168198,0
1.0,0.93429303,2.1952496,0
1.0,0.9317993,2.2122679,0
1.0,0.9364003,2.2691593,0
1.0,0.9324764,2.2644937,0
1.0,0.94410646,2.2759252,0
1.0,0.9442742,2.2938974,0
1.0,0.9507936,2.3283234,0
1.0,0.9456411,2.343302,0
1.0,0.95510656,2.4709888,0
1.0,0.9492028,2.4331489,0
1.0,0.954305,2.4013965,0
1.0,0.94535667,2.4061198,0
1.0,0.95445776,2.4864476,0
1.0,0.944003,2.4495575,0
1.0,0.95618457,2.382529,0
1.0,0.95055544,2.2701304,0
1.0,0.9603393,2.2931557,0
1.0,0.9519043,2.2727585,0
1.0,0.96251965,2.2727602,0
1.0,0.95381755,2.217328,0
1.0,0.9628062,2.2188962,0
1.0,0.95395327,2.1580408,0
1.0,0.9579223,2.1823955,0
1.0,0.9412337,2.1193795,0
1.0,0.95041263,2.0583634,0
1.0,0.9434459,2.016988,0
1.0,0.94823205,2.103891,0
1.0,0.93961614,2.169713,0
1.0,0.9471282,2.2004967,0
1.0,0.94461286,2.1721919,0
1.0,0.9490479,2.1698966,0
1.0,0.9410745,2.1613271,0
1.0,0.94223636,2.1653678,0
1.0,0.9415157,2.0651698,0
1.0,0.9463295,1.9766767,0
1.0,0.94086707,1.9509659,0
1.0,0.9410505,1.9626324,0
1.0,0.9402909,1.9133365,0
1.0,0.9429658,1.8999754,0
1.0,0.93940586,1.8360351,0
1.0,0.93435496,1.6942177,0
1.0,0.9342793,1.6852329,0
1.0,0.92941964,1.702223,0
1.0,0.92126137,1.6405545,0
1.0,0.9106227,1.5745775,0
1.0,0.9116233,1.6125631,0
1.0,0.9120377,1.6644263,0
1.0,0.9167964,1.7195562,0
1.0,0.91192615,1.6997544,0
1.0,0.9169944,1.6849469,0
1.0,0.9177294,1.7226827,0
1.0,0.9196125,1.7441137,0
1.0,0.9104011,1.7039026,0
1.0,0.9092924,1.704321,0
1.0,0.9133454,1.6890473,0
1.0,0.91111445,1.6410514,0
1.0,0.90220314,1.6086247,0
1.0,0.8933807,1.6135352,0
1.0,0.8986979,1.5739415,0
1.0,0.8953841,1.4688599,0
1.0,0.89169866,1.4765313,0
1.0,0.88688165,1.492343,0
1.0,0.88158786,1.4954009,0
1.0,0.88204706,1.5193136,0
1.0,0.87938166,1.5030539,0
1.0,0.8700913,1.5248184,0
1.0,0.8773823,1.6208737,0
1.0,0.8736419,1.586344,0
1.0,0.88336045,1.5767274,0
1.0,0.8781151,1.6149397,0
1.0,0.88549364,1.6232039,0
1.0,0.886155,1.6295073,0
1.0,0.8935469,1.6871655,0
1.0,0.8861502,1.645324,0
1.0,0.89451426,1.6353375,0
1.0,0.88903403,1.5817986,0
1.0,0.89340466,1.5467184,0
1.0,0.8800933,1.4602115,0
1.0,0.88677496,1.4285856,0
1.0,0.87827295,1.382721,0
1.0,0.88541186,1.406746,0
1.0,0.8753688,1.4132323,0
1.0,0.876779,1.3784394,0
1.0,0.8726489,1.3382792,0
1.0,0.8765227,1.3865699,0
1.0,0.8704056,1.3995525,0
1.0,0.8684427,1.4059519,0
1.0,0.85947955,1.4488175,0
1.0,0.86881864,1.5527048,0
1.0,0.8666392,1.5400076,0
1.0,0.8679487,1.556232,0
1.0,0.8671246,1.5684016,0
1.0,0.87592167,1.544326,0
1.0,0.87509346,1.5320629,0
1.0,0.87682027,1.5050299,0
1.0,0.86928475,1.4580982,0
1.0,0.8803815,1.5499288,0
1.0,0.8785178,1.53919,0
1.0,0.8800784,1.4848056,0
1.0,0.87102,1.476059,0
1.0,0.87413704,1.4887342,0
1.0,0.8698865,1.4507158,0
1.0,0.8824752,1.5193222,0
1.0,0.8741217,1.5475959,0
1.0,0.883653,1.5797663,0
1.0,0.8779983,1.619805,0
1.0,0.89233893,1.7521007,0
1.0,0.88099027,1.7800559,0
1.0,0.8908519,1.8295857,0
1.0,0.88925076,1.8636967,0
1.0,0.9059811,1.9522622,0
1.0,0.89229596,1.9298868,0
1.0,0.9086023,1.9789698,0
1.0,0.90274686,1.983007,0
1.0,0.9140385,2.0300386,0
1.0,0.8993583,1.9579803,0
1.0,0.9057664,1.9312674,0
1.0,0.8975949,1.889438,0
1.0,0.90413785,1.8845412,0
1.0,0.90120506,1.8574679,0
1.0,0.903499,1.8680043,0
1.0,0.9052978,1.9431723,0
1.0,0.91482335,2.0545738,0
1.0,0.91757464,2.1319883,0
1.0,0.9230327,2.1951036,0
1.0,0.92378885,2.187085,0
1.0,0.92985326,2.2242825,0
1.0,0.93247586,2.2578185,0
1.0,0.936885,2.2322588,0
1.0,0.937589,2.2843184,0
1.0,0.94000274,2.348502,0
1.0,0.9433814,2.3861895,0
1.0,0.946102,2.463431,0
1.0,0.93937504,2.4502907,0
1.0,0.9378712,2.3863492,0
1.0,0.9446046,2.3512535,0
1.0,0.94597113,2.3348904,0
1.0,0.9426316,2.2894442,0
1.0,0.9436152,2.2103357,0
1.0,0.94857615,2.2093103,0
1.0,0.9526296,2.2828586,0
1.0,0.9516642,2.3744278,0
1.0,0.95162135,2.4048386,0
1.0,0.9553495,2.4066103,0
1.0,0.95633346,2.4404788,0
1.0,0.955162,2.4275093,0
1.0,0.95380664,2.4308066,0
1.0,0.95877653,2.521555,0
1.0,0.95849454,2.5609603,0
1.0,0.95588624,2.5766191,0
1.0,0.9497532,2.5716162,0
1.0,0.950303,2.543404,0
1.0,0.9460877,2.4585629,0
1.0,0.9392258,2.3489718,0
1.0,0.93248045,2.2153997,0
1.0,0.93466866,2.141481,0
1.0,0.9314447,2.164373,0
1.0,0.9259908,2.152142,0
1.0,0.92417234,2.100978,0
1.0,0.9248712,2.1350772,0
1.0,0.920467,2.1315618,0
1.0,0.9165565,2.0336924,0
1.0,0.9179996,1.9892064,0
1.0,0.9213301,1.9810662,0
1.0,0.9126898,1.9290278,0
1.0,0.9133027,1.9649355,0
1.0,0.91551197,2.0320969,0
1.0,0.92069805,2.1031725,0
1.0,0.91098493,2.0733087,0
1.0,0.909304,2.0578322,0
1.0,0.9084119,2.0796404,0
1.0,0.9038983,2.0679035,0
1.0,0.8965638,1.988894,0
1.0,0.8942308,1.8591578,0
1.0,0.8991177,1.8116653,0
1.0,0.90100634,1.8321884,0
1.0,0.8994622,1.821312,0
1.0,0.90173954,1.811749,0
1.0,0.9056051,1.7859094,0
1.0,0.9104311,1.747249,0
1.0,0.90896904,1.7514558,0
1.0,0.91205376,1.7570521,0
1.0,0.91747653,1.7520483,0
1.0,0.92331964,1.7718781,0
1.0,0.9196469,1.7861772,0
1.0,0.9202545,1.8237841,0
1.0,0.920514,1.9186555,0
1.0,0.9249206,1.9887621,0
1.0,0.9235957,1.937684,0
1.0,0.9224506,1.953736,0
1.0,0.91870326,1.9872639,0
1.0,0.91813385,1.9393137,0
1.0,0.92007166,1.922043,0
1.0,0.912798,1.9149969,0
1.0,0.9080565,1.9190733,0
1.0,0.90568054,1.9177887,0
1.0,0.90335125,1.8644787,0
1.0,0.8953724,1.7804389,0
1.0,0.89415115,1.7233837,0
1.0,0.89072025,1.6545044,0
1.0,0.89134896,1.6752341,0
1.0,0.8943545,1.7686348,0
1.0,0.8899548,1.7442708,0
1.0,0.8955704,1.7195528,0
1.0,0.8974587,1.7568315,0
1.0,0.90261453,1.8322778,0
1.0,0.9002178,1.8864179,0
1.0,0.9084638,1.9204657,0
1.0,0.91440463,1.8982354,0
1.0,0.9166537,1.9022689,0
1.0,0.91246676,1.9344363,0
1.0,0.9099501,1.9817915,0
1.0,0.9180905,1.9658749,0
1.0,0.91543394,1.9197817,0
1.0,0.91298306,1.9497268,0
1.0,0.9137706,1.952128,0
1.0,0.9093347,1.9203364,0
1.0,0.9145692,1.8976334,0
1.0,0.91066444,1.8007755,0
1.0,0.91651,1.8040347,0
1.0,0.9129914,1.8433163,0
1.0,0.9159423,1.8416147,0
1.0,0.91442025,1.810539,0
1.0,0.9234482,1.8509645,0
1.0,0.9214624,1.8789163,0
1.0,0.9222836,1.9606254,0
1.0,0.9289897,2.026164,0
1.0,0.93276805,2.0191379,0
1.0,0.9328197,2.0708165,0
1.0,0.92945147,2.112025,0
1.0,0.9282941,2.136555,0
1.0,0.92619395,2.1492639,0
1.0,0.9224377,2.0850892,0
1.0,0.9209977,2.000208,0
1.0,0.9178023,2.0273333,0
1.0,0.92550635,2.0773978,0
1.0,0.92239493,2.0213156,0
1.0,0.9276861,1.9986179,0
1.0,0.9240537,1.9584666,0
1.0,0.930405,1.9683067,0
1.0,0.9241234,1.9644128,0
1.0,0.9209635,1.9263194,0
1.0,0.92105055,1.8878354,0
1.0,0.9243161,1.8596627,0
1.0,0.923215,1.9071298,0
1.0,0.9320974,1.9951327,0
1.0,0.9321707,1.9638271,0
1.0,0.9414177,1.9674435,0
1.0,0.93680626,1.9716873,0
1.0,0.9400044,2.0092115,0
1.0,0.9317906,1.989682,0
1.0,0.9414566,1.9910756,0
1.0,0.92797357,1.8969476,0
1.0,0.93356574,1.9135318,0
1.0,0.9212739,1.8955941,0
1.0,0.92645633,1.8546312,0
1.0,0.91477954,1.7906013,0
1.0,0.9228321,1.74316,0
1.0,0.9114491,1.6403666,0
1.0,0.9223195,1.6942344,0
1.0,0.8988853,1.6298763,0
1.0,0.9094469,1.6237586,0
1.0,0.8979455,1.5812389,0
1.0,0.90565854,1.6314765,0
1.0,0.8873982,1.6525851,0
1.0,0.9048373,1.7057121,0
1.0,0.8955852,1.6383795,0
1.0,0.90419817,1.6744351,0
1.0,0.8907836,1.7055126,0
1.0,0.9018373,1.7669196,0
1.0,0.8974555,1.7635975,0
1.0,0.9040168,1.7666643,0
1.0,0.8915042,1.7305763,0
1.0,0.9010498,1.8208623,0
1.0,0.8901859,1.8340433,0
1.0,0.8928331,1.8191035,0
1.0,0.886858,1.7305028,0
1.0,0.90096086,1.7114547,0
1.0,0.8958942,1.729053,0
1.0,0.9125211,1.822021,0
1.0,0.91666454,1.8684981,0
1.0,0.9292972,1.8995513,0
1.0,0.93278676,1.9302137,0
1.0,0.932037,1.9623053,0
1.0,0.92985004,1.9926414,0
1.0,0.93040335,2.0168145,0
1.0,0.9342901,2.0279086,0
1.0,0.93098366,2.0585487,0
1.0,0.9299198,2.0821314,0
1.0,0.9299786,2.1039493,0
1.0,0.93300754,2.1329532,0
1.0,0.93217343,2.0806484,0
1.0,0.9302383,2.0442414,0
1.0,0.9250386,2.0454574,0
1.0,0.9229894,2.0306363,0
1.0,0.92037463,1.9885399,0
1.0,0.9178146,1.9263766,0
1.0,0.9153104,1.8847954,0
1.0,0.9145449,1.873146,0
1.0,0.9072797,1.8452072,0
1.0,0.9117612,1.8275487,0
1.0,0.9103769,1.7788341,0
1.0,0.91782403,1.7729106,0
1.0,0.9074119,1.7676439,0
1.0,0.9006992,1.764674,0
1.0,0.8849072,1.7011436,0
1.0,0.88869846,1.6685653,0
1.0,0.87594354,1.6485245,0
1.0,0.870925,1.7427499,0
1.0,0.86829287,1.7743795,0
1.0,0.8769709,1.787546,0
1.0,0.8811363,1.7906778,0
1.0,0.88466203,1.7527413,0
1.0,0.88577086,1.7407944,0
1.0,0.8888542,1.7225783,0
1.0,0.88768256,1.6712897,0
1.0,0.88668615,1.6260991,0
1.0,0.8814933,1.5756161,0
1.0,0.8866422,1.6242161,0
1.0,0.88473904,1.6629434,0
1.0,0.88497734,1.6508836,0
1.0,0.89072806,1.635292,0
1.0,0.8958931,1.683675,0
1.0,0.9018582,1.7766252,0
1.0,0.8970076,1.772031,0
1.0,0.90366447,1.8114791,0
1.0,0.8989801,1.8310673,0
1.0,0.90568703,1.8706505,0
1.0,0.89481825,1.9112961,0
1.0,0.9008976,1.977488,0
1.0,0.89951956,2.001573,0
1.0,0.9083942,2.017828,0
1.0,0.9005149,1.9810147,0
1.0,0.9059059,2.0039048,0
1.0,0.8992748,2.005895,0
1.0,0.90301746,2.0499218,0
1.0,0.89273286,2.012268,0
1.0,0.8969519,2.038939,0
1.0,0.8911743,2.0650325,0
1.0,0.897256,2.0580587,0
1.0,0.8848304,1.953782,0
1.0,0.90312356,1.9952745,0
1.0,0.89719903,1.9827437,0
1.0,0.9108674,2.0774393,0
1.0,0.90366894,2.1308422,0
1.0,0.91800976,2.212042,0
1.0,0.91686934,2.2717555,0
1.0,0.9222758,2.3015263,0
1.0,0.9101937,2.280705,0
1.0,0.91482544,2.3925214,0
1.0,0.9198415,2.4149222,0
1.0,0.92615235,2.3953547,0
1.0,0.9216121,2.3800197,0
1.0,0.9309212,2.4109178,0
1.0,0.932986,2.3997684,0
1.0,0.9353398,2.380888,0
1.0,0.9329311,2.3658214,0
1.0,0.93968,2.3361363,0
1.0,0.93966347,2.3131027,0
1.0,0.93944794,2.3432775,0
1.0,0.9365779,2.3464224,0
1.0,0.94040096,2.3634198,0
1.0,0.9452517,2.3796055,0
1.0,0.9477174,2.4255624,0
1.0,0.9472052,2.501289,0
1.0,0.9494575,2.5658603,0
1.0,0.9546786,2.5819333,0
1.0,0.9518434,2.557331,0
1.0,0.9496414,2.6206462,0
1.0,0.94917494,2.6117172,0
1.0,0.9529939,2.600317,0
1.0,0.95202714,2.6861482,0
1.0,0.951744,2.7007678,0
1.0,0.95016074,2.6654634,0
1.0,0.9513644,2.692523,0
1.0,0.94804186,2.6146379,0
1.0,0.94590294,2.5123901,0
1.0,0.94337684,2.4497132,0
1.0,0.94287455,2.4059997,0
1.0,0.94139385,2.433831,0
1.0,0.94142723,2.427179,0
1.0,0.9386769,2.2919009,0
1.0,0.9448209,2.2395926,0
1.0,0.9422811,2.2614782,0
1.0,0.9456264,2.3247533,0
1.0,0.9500497,2.3645089,0
1.0,0.9530172,2.349,0
1.0,0.95374924,2.3019178,0
1.0,0.9530553,2.2810407,0
1.0,0.9518386,2.2787015,0
1.0,0.9500814,2.256102,0
1.0,0.94864994,2.1685743,0
1.0,0.9462094,2.0616167,0
1.0,0.94413275,2.0111976,0
1.0,0.9436383,1.9901433,0
1.0,0.9411305,1.9356022,0
1.0,0.9394768,1.8151834,0
1.0,0.93648684,1.7120934,0
1.0,0.93083495,1.6642367,0
1.0,0.929322,1.5921552,0
1.0,0.92397255,1.4901377,0
1.0,0.9252643,1.4750668,0
1.0,0.9198976,1.4459236,0
1.0,0.9244178,1.3808564,0
1.0,0.9148855,1.3082285,0
1.0,0.9231974,1.304297,0
1.0,0.91605794,1.2272705,0
1.0,0.9229542,1.2065299,0
1.0,0.90645605,1.1823084,0
1.0,0.90109944,1.1731745,0
1.0,0.88354707,1.113311,0
1.0,0.88877815,1.0784278,0
1.0,0.8569476,0.9961289,0
1.0,0.85960037,1.0025021,0
1.0,0.84466195,0.9603664,0
1.0,0.85884565,0.9148644,0
1.0,0.82883227,0.78638005,0
1.0,0.8413991,0.7780262,0
1.0,0.82827926,0.7320715,0
1.0,0.8473868,0.7497476,0
1.0,0.79787827,0.65550494,0
1.0,0.81034863,0.68870807,0
1.0,0.8151859,0.7118297,0
1.0,0.8446104,0.7663291,0
1.0,0.8134794,0.7551489,0
1.0,0.8226302,0.8013877,0
1.0,0.83850056,0.8265287,0
1.0,0.8605875,0.8776363,0
1.0,0.83729875,0.8513342,0
1.0,0.8538173,0.87302417,0
1.0,0.8575451,0.868417,0
1.0,0.87775195,0.9188194,0
1.0,0.86125356,0.87301874,0
1.0,0.8749834,0.8728465,0
1.0,0.87867385,0.85371876,0
1.0,0.8946811,0.85846806,0
1.0,0.8811353,0.8485955,0
1.0,0.8815966,0.84704274,0
1.0,0.8720864,0.81957436,0
1.0,0.88427913,0.84110355,0
1.0,0.8630075,0.8131618,0
1.0,0.8781389,0.87342346,0
1.0,0.8782877,0.8693248,0
1.0,0.89352775,0.8860457,0
1.0,0.8898584,0.89797604,0
1.0,0.9054174,0.9524001,0
1.0,0.89437604,0.9854265,0
1.0,0.9112369,1.0594838,0
1.0,0.90177035,1.025106,0
1.0,0.91666234,1.0374151,0
1.0,0.90591365,1.030159,0
1.0,0.91259164,1.0662074,0
1.0,0.9135111,1.1061194,0
1.0,0.91808313,1.0986224,0
1.0,0.9129741,1.0504862,0
1.0,0.90974176,1.0415854,0
1.0,0.9015211,1.0039328,0
1.0,0.90170795,0.98905516,0
1.0,0.90793025,0.98925614,0
1.0,0.90493333,0.94507176,0
1.0,0.90738565,0.9588049,0
1.0,0.9122826,1.0029006,0
1.0,0.91764295,1.0208383,0
1.0,0.90797573,1.0062118,0
1.0,0.9131377,1.0279839,0
1.0,0.9043126,1.0130602,0
1.0,0.8994263,1.0414324,0
1.0,0.8883325,1.0558589,0
1.0,0.8895206,1.0524604,0
1.0,0.8814321,1.0439448,0
1.0,0.8852576,1.0741608,0
1.0,0.85926276,1.0471988,0
1.0,0.8697682,1.0594921,0
1.0,0.8538203,0.9704063,0
1.0,0.8755322,0.99747354,0
1.0,0.85140824,0.96763796,0
1.0,0.85562325,0.9691906,0
1.0,0.84488136,0.9416264,0
1.0,0.86288106,0.945287,0
1.0,0.8486911,0.9027754,0
1.0,0.856955,0.959702,0
1.0,0.8456633,0.96072614,0
1.0,0.8503917,0.9863573,0
1.0,0.8357148,0.99740446,0
1.0,0.8352184,0.9851942,0
1.0,0.822506,0.9392278,0
1.0,0.8410544,1.003315,0
1.0,0.84645915,1.0569363,0
1.0,0.85346806,1.0660998,0
1.0,0.8571583,1.0870453,0
1.0,0.86956155,1.143682,0
1.0,0.8756703,1.1815821,0
1.0,0.8739447,1.1831434,0
1.0,0.86584157,1.1402993,0
1.0,0.8777928,1.1481596,0
1.0,0.89116514,1.158436,0
1.0,0.8950825,1.1626396,0
1.0,0.8906919,1.1695819,0
1.0,0.8927889,1.164273,0
1.0,0.9036872,1.1650248,0
1.0,0.9019905,1.1837357,0
1.0,0.8821901,1.1827099,0
1.0,0.88432443,1.2157547,0
1.0,0.8867094,1.2234285,0
1.0,0.88461477,1.207316,0
1.0,0.86717594,1.2081376,0
1.0,0.875628,1.2835035,0
1.0,0.88344604,1.3286091,0
1.0,0.8977788,1.3549652,0
1.0,0.8912449,1.321773,0
1.0,0.89706534,1.3713827,0
1.0,0.8971882,1.3837391,0
1.0,0.90345746,1.3966417,0
1.0,0.8976089,1.4262319,0
1.0,0.8968477,1.3888721,0
1.0,0.90324956,1.3511893,0
1.0,0.9063903,1.3615233,0
1.0,0.89993775,1.3547604,0
1.0,0.90333146,1.386436,0
1.0,0.9012658,1.3596289,0
1.0,0.9004415,1.3657901,0
1.0,0.892881,1.3858868,0
1.0,0.88839865,1.3625915,0
1.0,0.8825166,1.3364072,0
1.0,0.8837685,1.3328904,0
1.0,0.88426834,1.3781676,0
1.0,0.8787273,1.4446275,0
1.0,0.8848979,1.499192,0
1.0,0.88591486,1.533385,0
1.0,0.8992677,1.564942,0
1.0,0.89080036,1.5315018,0
1.0,0.8955875,1.5924789,0
1.0,0.8867815,1.5644729,0
1.0,0.9009248,1.5467485,0
1.0,0.8910191,1.4835336,0
1.0,0.9018672,1.476879,0
1.0,0.8904223,1.4697893,0
1.0,0.89950866,1.4803989,0
1.0,0.8892065,1.3992797,0
1.0,0.8941271,1.3829682,0
1.0,0.8832428,1.3999784,0
1.0,0.8952948,1.4655752,0
1.0,0.8792265,1.4104221,0
1.0,0.89155596,1.4648718,0
1.0,0.88264644,1.4539376,0
1.0,0.89395976,1.4552739,0
1.0,0.88263196,1.4654415,0
1.0,0.89298105,1.5202067,0
1.0,0.8822728,1.5072179,0
1.0,0.8922143,1.5433202,0
1.0,0.87679946,1.4945958,0
1.0,0.87746227,1.50247,0
1.0,0.85779244,1.4500883,0
1.0,0.86672103,1.423171,0
1.0,0.8465467,1.3544216,0
1.0,0.8498145,1.3661349,0
1.0,0.8286057,1.3082151,0
1.0,0.84583557,1.2969459,0
1.0,0.82291394,1.2016025,0
1.0,0.8273134,1.2094562,0
1.0,0.8118104,1.1641144,0
1.0,0.8335864,1.2343878,0
1.0,0.83073115,1.241706,0
1.0,0.83161265,1.2127738,0
1.0,0.82740986,1.2369165,0
1.0,0.8338352,1.2893736,0
1.0,0.83387023,1.3066452,0
1.0,0.82070005,1.3266639,0
1.0,0.8130894,1.3226622,0
1.0,0.8152,1.328524,0
1.0,0.8237158,1.3858877,0
1.0,0.81412995,1.3832793,0
1.0,0.812522,1.3470143,0
1.0,0.82124454,1.3259726,0
1.0,0.8400759,1.3454409,0
1.0,0.83750725,1.331241,0
1.0,0.8402971,1.3035436,0
1.0,0.8570399,1.3121438,0
1.0,0.87728316,1.3395276,0
1.0,0.8760134,1.3072137,0
1.0,0.8755737,1.3030918,0
1.0,0.87492555,1.3191974,0
1.0,0.8845738,1.3228183,0
1.0,0.8758834,1.3010786,0
1.0,0.87537736,1.3277555,0
1.0,0.86232156,1.3349097,0
1.0,0.8654249,1.3622859,0
1.0,0.8577571,1.3829037,0
1.0,0.8553113,1.4967096,0
1.0,0.851023,1.5124077,0
1.0,0.8642124,1.5135595,0
1.0,0.87058187,1.5095513,0
1.0,0.88323253,1.5310414,0
1.0,0.87432826,1.4806747,0
1.0,0.8919731,1.5073612,0
1.0,0.88866514,1.4752182,0
1.0,0.895962,1.4327884,0
1.0,0.88608253,1.3931644,0
1.0,0.88533765,1.3964266,0
1.0,0.87316257,1.3195735,0
1.0,0.87925076,1.3219155,0
1.0,0.86864537,1.3245244,0
1.0,0.86389214,1.2934111,0
1.0,0.85004133,1.2329885,0
1.0,0.862603,1.2558942,0
1.0,0.85915035,1.2895789,0
1.0,0.8655106,1.3239837,0
1.0,0.85418034,1.286019,0
1.0,0.87004477,1.3440539,0
1.0,0.8674888,1.3443995,0
1.0,0.87187696,1.3755163,0
1.0,0.8588157,1.3621941,0
1.0,0.86547303,1.3464241,0
1.0,0.8676248,1.3178774,0
1.0,0.8727213,1.3058665,0
1.0,0.85646385,1.2553029,0
1.0,0.8587446,1.2344942,0
1.0,0.86232644,1.1783233,0
1.0,0.8539173,1.142766,0
1.0,0.8418591,1.0837228,0
1.0,0.84240913,0.9713121,0
1.0,0.8513628,1.0087295,0
1.0,0.8497085,1.042791,0
1.0,0.8537781,1.0219,0
1.0,0.8626225,1.0239284,0
1.0,0.8654611,1.0375243,0
1.0,0.86460227,1.0379752,0
1.0,0.8754616,1.0553452,0
1.0,0.8887553,1.0677725,0
1.0,0.8911973,1.055099,0
1.0,0.89229983,1.0326649,0
1.0,0.8950307,1.0318792,0
1.0,0.8938977,1.0162197,0
1.0,0.88832587,0.95597917,0
1.0,0.889233,0.93684804,0
1.0,0.88639045,0.93489265,0
1.0,0.8922976,0.93335044,0
1.0,0.8861923,0.8771134,0
1.0,0.8921955,0.85571116,0
1.0,0.88802254,0.82324684,0
1.0,0.8832805,0.7916484,0
1.0,0.88323134,0.8204678,0
1.0,0.89222246,0.83536005,0
1.0,0.8927354,0.81096333,0
1.0,0.89664423,0.815529,0
1.0,0.9051145,0.8499299,0
1.0,0.90720963,0.89661056,0
1.0,0.9035571,0.8981844,0
1.0,0.90025884,0.8713716,0
1.0,0.9052781,0.8796371,0
1.0,0.9115694,0.9061353,0
1.0,0.901563,0.89550364,0
1.0,0.886928,0.84583795,0
1.0,0.89989203,0.8162627,0
1.0,0.90893936,0.7833815,0
1.0,0.89621466,0.7639643,0
1.0,0.89806664,0.7705505,0
1.0,0.9170239,0.7593059,0
1.0,0.91739374,0.73662937,0
1.0,0.9130715,0.72673994,0
1.0,0.89631975,0.719607,0
1.0,0.91099584,0.7514746,0
1.0,0.90359175,0.71951807,0
1.0,0.8970982,0.7133788,0
1.0,0.8830322,0.6665293,0
1.0,0.8887701,0.67152566,0
1.0,0.87258697,0.6953119,0
1.0,0.85202396,0.64392173,0
1.0,0.83082294,0.6170801,0
1.0,0.8123096,0.6094997,0
1.0,0.7999163,0.5808288,0
1.0,0.7935815,0.561659,0
1.0,0.76628727,0.5048627,0
1.0,0.7797613,0.47264826,0
1.0,0.74276584,0.40778416,0
1.0,0.74299526,0.40394083,0
1.0,0.70998645,0.36036384,0
1.0,0.69936055,0.32979012,0
1.0,0.60264987,0.215165,0
1.0,0.6264582,0.2183404,0
1.0,0.58279324,0.19563389,0
1.0,0.5946062,0.20106347,0
1.0,0.53313535,0.15065786,0
1.0,0.58310175,0.16604498,0
1.0,0.6160776,0.1984796,0
1.0,0.6558935,0.24168977,0
1.0,0.5866086,0.18995517,0
1.0,0.6666314,0.24883312,0
1.0,0.6689462,0.24018209,0
1.0,0.68219376,0.25922948,0
1.0,0.61236715,0.22480896,0
1.0,0.7004678,0.29987636,0
1.0,0.6867725,0.2725311,0
1.0,0.71637684,0.2882052,0
1.0,0.6390481,0.22213845,0
1.0,0.74133,0.2951309,0
1.0,0.7647603,0.3128509,0
1.0,0.7947088,0.33407027,0
1.0,0.73922324,0.23472415,0
1.0,0.8161172,0.3242002,0
1.0,0.83037543,0.36008814,0
1.0,0.8597627,0.37162882,0
1.0,0.81782615,0.3292374,0
1.0,0.8666741,0.37364936,0
1.0,0.8745134,0.39278606,0
1.0,0.86797744,0.40202633,0
1.0,0.8086107,0.32604063,0
1.0,0.85157317,0.37562394,0
1.0,0.85531396,0.38924235,0
1.0,0.8846118,0.44183075,0
1.0,0.82680273,0.37915155,0
1.0,0.8620295,0.40686446,0
1.0,0.87996763,0.40523764,0
1.0,0.89742804,0.41635194,0
1.0,0.8482197,0.352353,0
1.0,0.8826317,0.38768896,0
1.0,0.9078191,0.40974092,0
1.0,0.93138766,0.41353333,0
1.0,0.88548917,0.35827214,0
1.0,0.88303554,0.36726373,0
1.0,0.87719774,0.36093447,0
1.0,0.8923312,0.36593378,0
1.0,0.81464726,0.25594068,0
1.0,0.8306978,0.26486695,0
1.0,0.80833435,0.27503693,0
1.0,0.8152679,0.2778026,0
1.0,0.72409743,0.20591089,0
1.0,0.7317518,0.21631466,0
1.0,0.70928425,0.19976789,0
1.0,0.7691597,0.25253373,0
1.0,0.6981929,0.21709101,0
1.0,0.7026573,0.20319095,0
1.0,0.6562759,0.15099731,0
1.0,0.6663702,0.15512349,0
1.0,0.586036,0.12088016,0
1.0,0.58075255,0.11895855,0
1.0,0.51570183,0.105912484,0
1.0,0.5339582,0.11543227,0
1.0,0.43101177,0.113064215,0
1.0,0.4189708,0.1140121,0
1.0,0.37093332,0.12526771,0
1.0,0.38584045,0.11633962,0
1.0,0.38644186,0.11718061,0
1.0,0.44802788,0.1064949,0
1.0,0.41554737,0.1121519,0
1.0,0.43970096,0.10321185,0
1.0,0.4347974,0.10404497,0
1.0,0.4592048,0.096716635,0
1.0,0.43313846,0.09897816,0
1.0,0.46431535,0.0966575,0
1.0,0.43872628,0.099198714,0
1.0,0.4630504,0.104468666,0
1.0,0.44702843,0.10946451,0
1.0,0.4803102,0.10973917,0
1.0,0.4561486,0.116070256,0
1.0,0.48505825,0.10926655,0
1.0,0.48142174,0.09645867,0
1.0,0.5162242,0.0888371,0
1.0,0.5162661,0.08854699,0
1.0,0.53871673,0.08371916,0
1.0,0.52437097,0.0866618,0
1.0,0.5304288,0.083144456,0
1.0,0.5411181,0.07028214,0
1.0,0.54157114,0.07088484,0
1.0,0.58954805,0.06851871,0
1.0,0.6194566,0.071556404,0
1.0,0.5891662,0.06951065,0
1.0,0.59905744,0.070778124,0
1.0,0.609627,0.068607494,0
1.0,0.58264405,0.05955726,0
1.0,0.56101567,0.0670712,0
1.0,0.59901375,0.07365806,0
1.0,0.6184621,0.07832624,0
1.0,0.61067635,0.07816223,0
1.0,0.5949819,0.08223855,0
1.0,0.6410984,0.10240331,0
1.0,0.64514357,0.10165264,0
1.0,0.6255496,0.092989266,0
1.0,0.6118689,0.08952776,0
1.0,0.64634657,0.10266892,0
1.0,0.6545008,0.1057419,0
1.0,0.6826284,0.10903619,0
1.0,0.669645,0.121619135,0
1.0,0.68717986,0.14104015,0
1.0,0.7429358,0.18923685,0
1.0,0.8006767,0.24492118,0
1.0,0.76370895,0.22294885,0
1.0,0.7866694,0.2656307,0
1.0,0.80217034,0.3132961,0
1.0,0.81865877,0.34986007,0
1.0,0.78948855,0.3310764,0
1.0,0.783793,0.33236617,0
1.0,0.8144495,0.36769524,0
1.0,0.8533317,0.42321014,0
1.0,0.83624935,0.40678817,0
1.0,0.83601284,0.39642513,0
1.0,0.8532901,0.41628614,0
1.0,0.8739708,0.45711672,0
1.0,0.8521738,0.43716305,0
1.0,0.83783597,0.43530828,0
1.0,0.85365254,0.48808435,0
1.0,0.87416667,0.5178176,0
1.0,0.864484,0.4997886,0
1.0,0.86000335,0.52646625,0
1.0,0.86277264,0.5507091,0
1.0,0.8676914,0.57289565,0
1.0,0.8468248,0.5729567,0
1.0,0.84754115,0.5954803,0
1.0,0.83229184,0.62473273,0
1.0,0.8268375,0.69225585,0
1.0,0.8234378,0.70553094,0
1.0,0.82299834,0.71081686,0
1.0,0.81928015,0.7379657,0
1.0,0.8272599,0.78313285,0
1.0,0.84100807,0.7911452,0
1.0,0.85610247,0.79740834,0
1.0,0.86110204,0.8221948,0
1.0,0.86819124,0.86707675,0
1.0,0.8724674,0.88902587,0
1.0,0.8711279,0.8933649,0
1.0,0.8754157,0.8766932,0
1.0,0.87535924,0.8844526,0
1.0,0.8864094,0.9876622,0
1.0,0.8953762,1.0547115,0
1.0,0.8966641,1.1146569,0
1.0,0.89524263,1.1701238,0
1.0,0.8962772,1.2080383,0
1.0,0.90716136,1.2882469,0
1.0,0.9061924,1.3305562,0
1.0,0.9075251,1.3607048,0
1.0,0.9050613,1.4039308,0
1.0,0.9079736,1.4434193,0
1.0,0.9041836,1.4685276,0
1.0,0.90396994,1.5137277,0
1.0,0.8989191,1.4972038,0
1.0,0.9085406,1.5028868,0
1.0,0.90802145,1.5256987,0
1.0,0.90645635,1.5507278,0
1.0,0.9133985,1.5811026,0
1.0,0.90929586,1.5873768,0
1.0,0.91467583,1.5886894,0
1.0,0.90695196,1.5162014,0
1.0,0.90753204,1.5349135,0
1.0,0.89451396,1.5712161,0
1.0,0.9008025,1.6097095,0
1.0,0.9011222,1.6191883,0
1.0,0.89987785,1.6795774,0
1.0,0.89407617,1.7411716,0
1.0,0.9009326,1.7857475,0
1.0,0.89521664,1.7803456,0
1.0,0.8976182,1.8062115,0
1.0,0.8796674,1.7654748,0
1.0,0.88787484,1.8167884,0
1.0,0.87432116,1.7918864,0
1.0,0.8842417,1.7814186,0
1.0,0.874206,1.7475696,0
1.0,0.8861912,1.7350104,0
1.0,0.8766952,1.6697695,0
1.0,0.88533765,1.7200267,0
1.0,0.8727484,1.6709368,0
1.0,0.88668174,1.6701839,0
1.0,0.8792148,1.662503,0
1.0,0.8735272,1.6477547,0
1.0,0.85359055,1.5856076,0
1.0,0.8575046,1.5846889,0
1.0,0.84752434,1.5459249,0
1.0,0.84559375,1.5600836,0
1.0,0.83911556,1.587115,0
1.0,0.84169316,1.5948553,0
1.0,0.8323336,1.5511649,0
1.0,0.82954025,1.5278227,0
1.0,0.82539475,1.4953722,0
1.0,0.8239164,1.4838451,0
1.0,0.8134199,1.4568207,0
1.0,0.806279,1.4222746,0
1.0,0.80008185,1.3552552,0
1.0,0.8000015,1.3148737,0
1.0,0.7885997,1.2890444,0
1.0,0.7882144,1.2839438,0
1.0,0.78584605,1.2619506,0
1.0,0.80284554,1.265167,0
1.0,0.80661494,1.2479168,0
1.0,0.81237507,1.2763276,0
1.0,0.81991,1.2799147,0
1.0,0.81796145,1.2696394,0
1.0,0.82036585,1.2852757,0
1.0,0.8102302,1.2630715,0
1.0,0.8162998,1.2713968,0
1.0,0.80624145,1.2647755,0
1.0,0.8090338,1.3080184,0
1.0,0.7950484,1.2317002,0
1.0,0.8099727,1.241849,0
1.0,0.80567193,1.2674508,0
1.0,0.81904227,1.2812787,0
1.0,0.80393636,1.2173922,0
1.0,0.83081484,1.2479026,0
1.0,0.8341745,1.2147474,0
1.0,0.8448784,1.2402196,0
1.0,0.84198564,1.242665,0
1.0,0.8613254,1.2650385,0
1.0,0.86271644,1.2531825,0
1.0,0.87783885,1.2934268,0
1.0,0.8646255,1.3285404,0
1.0,0.87909985,1.4035002,0
1.0,0.87038314,1.4150218,0
1.0,0.8828173,1.5117385,0
1.0,0.87031657,1.4992113,0
1.0,0.87797713,1.5699289,0
1.0,0.8817166,1.6648932,0
1.0,0.8871456,1.6709324,0
1.0,0.88576496,1.6487406,0
1.0,0.88461226,1.6897237,0
1.0,0.8945955,1.7450645,0
1.0,0.9040763,1.7662251,0
1.0,0.9068755,1.7615676,0
1.0,0.9065399,1.7500627,0
1.0,0.9119822,1.7512009,0
1.0,0.91746897,1.7915373,0
1.0,0.92071825,1.7881441,0
1.0,0.9137512,1.7946608,0
1.0,0.9218124,1.8807746,0
1.0,0.9231521,1.8742185,0
1.0,0.9239593,1.96257,0
1.0,0.91352654,2.05499,0
1.0,0.92096925,2.0360699,0
1.0,0.92605233,2.0197704,0
1.0,0.9314382,2.0865016,0
1.0,0.9249968,2.1206465,0
1.0,0.93832386,2.2252152,0
1.0,0.9463204,2.289344,0
1.0,0.94915575,2.3012986,0
1.0,0.9438564,2.3470256,0
1.0,0.94909,2.4322832,0
1.0,0.945729,2.4335723,0
1.0,0.946924,2.3654182,0
1.0,0.94385993,2.3005745,0
1.0,0.9474678,2.2710009,0
1.0,0.94863266,2.2237792,0
1.0,0.95114875,2.2709212,0
1.0,0.9528142,2.2896383,0
1.0,0.9575676,2.2682004,0
1.0,0.9586585,2.3846147,0
1.0,0.95663345,2.448082,0
1.0,0.9551567,2.3700624,0
1.0,0.95574594,2.3659883,0
1.0,0.96083087,2.4172308,0
1.0,0.9594821,2.4254403,0
1.0,0.9618966,2.497418,0
1.0,0.963562,2.5335526,0
1.0,0.9657192,2.516933,0
1.0,0.96280354,2.5418081,0
1.0,0.9620067,2.5235777,0
1.0,0.9557062,2.4484882,0
1.0,0.9476225,2.41793,0
1.0,0.9418912,2.3411174,0
1.0,0.94134396,2.2576897,0
1.0,0.93552274,2.285218,0
1.0,0.9346145,2.2995327,0
1.0,0.932209,2.2441342,0
1.0,0.9333965,2.2593656,0
1.0,0.9268328,2.2092922,0
1.0,0.9291171,2.188593,0
1.0,0.92598075,2.201939,0
1.0,0.9226237,2.126172,0
1.0,0.9142305,2.0290275,0
1.0,0.91257447,1.976586,0
1.0,0.907845,1.9810085,0
1.0,0.9157627,2.112349,0
1.0,0.9117196,2.1182578,0
1.0,0.91197336,2.0967016,0
1.0,0.91601473,2.0439062,0
1.0,0.91637033,1.9976699,0
1.0,0.90522736,1.9763831,0
1.0,0.90190506,1.8447535,0
1.0,0.91307586,1.7787912,0
1.0,0.9127139,1.8049732,0
1.0,0.9162072,1.8060813,0
1.0,0.9163565,1.7686834,0
1.0,0.920918,1.7297717,0
1.0,0.92565644,1.663635,0
1.0,0.9310004,1.655709,0
1.0,0.932234,1.658428,0
1.0,0.9383685,1.6346595,0
1.0,0.9384965,1.6038918,0
1.0,0.9473728,1.6005198,0
1.0,0.94001085,1.5763435,0
1.0,0.939338,1.5816724,0
1.0,0.93671304,1.5680327,0
1.0,0.94445175,1.5224826,0
1.0,0.9438298,1.4986585,0
1.0,0.9434651,1.5499356,0
1.0,0.9390101,1.5009241,0
1.0,0.9485084,1.4918164,0
1.0,0.9455043,1.4594651,0
1.0,0.94384307,1.3964586,0
1.0,0.93705374,1.3445389,0
1.0,0.9403771,1.3371761,0
1.0,0.9382673,1.339567,0
1.0,0.9334838,1.2696351,0
1.0,0.930546,1.1519587,0
1.0,0.93491167,1.1547691,0
1.0,0.9332443,1.1498117,0
1.0,0.9350068,1.1762457,0
1.0,0.92873126,1.1390156,0
1.0,0.9301961,1.071981,0
1.0,0.9347051,1.0837613,0
1.0,0.92628455,1.0664363,0
1.0,0.91387725,0.99392253,0
1.0,0.9117662,0.95387995,0
1.0,0.92514807,0.9732017,0
1.0,0.91241086,0.98087084,0
1.0,0.91059405,1.0017316,0
1.0,0.8978132,0.95118463,0
1.0,0.9185862,0.9280325,0
1.0,0.91160864,0.8715907,0
1.0,0.91424656,0.8669167,0
1.0,0.8981853,0.82623947,0
1.0,0.9171418,0.82124543,0
1.0,0.9071576,0.747095,0
1.0,0.909045,0.6986909,0
1.0,0.85825926,0.6445359,0
1.0,0.8821571,0.7017758,0
1.0,0.86485916,0.61352456,0
1.0,0.87502944,0.59893346,0
1.0,0.81377214,0.5214255,0
1.0,0.8653354,0.59835494,0
1.0,0.83943725,0.5651444,0
1.0,0.8542257,0.60549486,0
1.0,0.8032626,0.5416702,0
1.0,0.82656115,0.5741442,0
1.0,0.8228413,0.6016835,0
1.0,0.837043,0.63448197,0
1.0,0.77839625,0.5168959,0
1.0,0.8378673,0.575146,0
1.0,0.8566081,0.5641335,0
1.0,0.87853324,0.5937671,0
1.0,0.86170095,0.57482195,0
1.0,0.88336676,0.5814037,0
1.0,0.8848145,0.5672139,0
1.0,0.8766963,0.5532235,0
1.0,0.85372406,0.53211695,0
1.0,0.8601431,0.53811336,0
1.0,0.8820593,0.52601516,0
1.0,0.88164705,0.4961059,0
1.0,0.8810668,0.506022,0
1.0,0.8789447,0.53645664,0
1.0,0.8887314,0.5850709,0
1.0,0.89721966,0.6132651,0
1.0,0.91038835,0.6270759,0
1.0,0.8917237,0.59665346,0
1.0,0.9089224,0.6278975,0
1.0,0.9126325,0.64691055,0
1.0,0.9120707,0.6393746,0
1.0,0.9014479,0.59119016,0
1.0,0.90734696,0.58925664,0
1.0,0.91470385,0.63256407,0
1.0,0.9114166,0.6037803,0
1.0,0.8771281,0.5182818,0
1.0,0.8652608,0.49801186,0
1.0,0.8485818,0.47234562,0
1.0,0.846191,0.47812426,0
1.0,0.81434256,0.45147055,0
1.0,0.801878,0.42055482,0
1.0,0.8093592,0.40150404,0
1.0,0.82458776,0.42213523,0
1.0,0.7805449,0.41537815,0
1.0,0.75238293,0.4013118,0
1.0,0.7561689,0.3991823,0
1.0,0.78549683,0.43299687,0
1.0,0.78771096,0.45802644,0
1.0,0.77379644,0.46246675,0
1.0,0.7714031,0.45964307,0
1.0,0.7744913,0.45469183,0
1.0,0.81051373,0.49781558,0
1.0,0.74334615,0.43136245,0
1.0,0.7462021,0.4477293,0
1.0,0.75066924,0.45119202,0
1.0,0.7538517,0.4311937,0
1.0,0.70089716,0.34936017,0
1.0,0.6983808,0.35214502,0
1.0,0.7049149,0.37763125,0
1.0,0.7485366,0.44209334,0
1.0,0.7511467,0.46522108,0
1.0,0.78591716,0.5221342,0
1.0,0.8053135,0.5647173,0
1.0,0.8284859,0.6735789,0
1.0,0.82486004,0.7313849,0
1.0,0.850756,0.7671219,0
1.0,0.8303049,0.75431234,0
1.0,0.8467503,0.8186897,0
1.0,0.85228693,0.8683983,0
1.0,0.85724956,0.8759105,0
1.0,0.8608739,0.85770226,0
1.0,0.86981064,0.86460257,0
1.0,0.8823782,0.8988632,0
1.0,0.88409835,0.95617664,0
1.0,0.8909433,0.98972535,0
1.0,0.87826854,0.93159854,0
1.0,0.9020769,1.0037895,0
1.0,0.8992967,1.054174,0
1.0,0.9027344,1.085392,0
1.0,0.89471865,1.07102,0
1.0,0.91525716,1.1283951,0
1.0,0.90891486,1.1436622,0
1.0,0.9133143,1.2082038,0
1.0,0.9058066,1.2597675,0
1.0,0.9101197,1.2829368,0
1.0,0.90134656,1.2981374,0
1.0,0.89510554,1.3224694,0
1.0,0.8826505,1.3293936,0
1.0,0.8870525,1.3833057,0
1.0,0.8745862,1.3392471,0
1.0,0.8812533,1.3370368,0
1.0,0.8777459,1.3305485,0
1.0,0.876993,1.3428512,0
1.0,0.8671354,1.349246,0
1.0,0.8714641,1.3602711,0
1.0,0.86545163,1.2885139,0
1.0,0.86969715,1.2394116,0
1.0,0.8591325,1.2398201,0
1.0,0.8605857,1.3142773,0
1.0,0.8703061,1.3403907,0
1.0,0.87341684,1.3404963,0
1.0,0.87655944,1.393579,0
1.0,0.87904435,1.4572892,0
1.0,0.8854671,1.5349607,0
1.0,0.8795887,1.5714957,0
1.0,0.8885458,1.5919809,0
1.0,0.88552934,1.5939386,0
1.0,0.8884355,1.6355422,0
1.0,0.88514364,1.6478946,0
1.0,0.8960548,1.6620991,0
1.0,0.89876634,1.6482437,0
1.0,0.9054577,1.6594596,0
1.0,0.9030099,1.6376519,0
1.0,0.9068285,1.6404345,0
1.0,0.9087897,1.6239667,0
1.0,0.90962785,1.578044,0
1.0,0.9108068,1.6038582,0
1.0,0.9098948,1.618139,0
1.0,0.9037204,1.6109648,0
1.0,0.8994731,1.6073983,0
1.0,0.8980026,1.5892935,0
1.0,0.8983264,1.6494052,0
1.0,0.8973589,1.734441,0
1.0,0.8916801,1.7853432,0
1.0,0.89007086,1.7898793,0
1.0,0.89461136,1.7796093,0
1.0,0.8920021,1.7720262,0
1.0,0.88751227,1.7849226,0
1.0,0.8861757,1.8741502,0
1.0,0.9003146,1.9320295,0
1.0,0.8959345,1.8559744,0
1.0,0.90440154,1.8773105,0
1.0,0.9026741,1.8796384,0
1.0,0.9050864,1.9053555,0
1.0,0.9021185,1.8800104,0
1.0,0.9083507,1.8288915,0
1.0,0.90837246,1.7660209,0
1.0,0.9178536,1.8056374,0
1.0,0.91252214,1.9136934,0
1.0,0.9314352,2.0174437,0
1.0,0.932345,1.9934592,0
1.0,0.9475032,2.0456836,0
1.0,0.9436683,2.0774188,0
1.0,0.95523626,2.1591592,0
1.0,0.95415986,2.208321,0
1.0,0.96284246,2.238504,0
1.0,0.9548352,2.235271,0
1.0,0.9612066,2.3604488,0
1.0,0.9571765,2.451737,0
1.0,0.96428806,2.5039322,0
1.0,0.9611399,2.4577146,0
1.0,0.96811765,2.4585173,0
1.0,0.967816,2.4691615,0
1.0,0.9672616,2.4490495,0
1.0,0.9670972,2.407286,0
1.0,0.96913445,2.3392918,0
1.0,0.9703528,2.3033528,0
1.0,0.9703931,2.3659248,0
1.0,0.9702116,2.4891338,0
1.0,0.9705006,2.495614,0
1.0,0.9739077,2.440023,0
1.0,0.9752203,2.44357,0
1.0,0.97586006,2.4584203,0
1.0,0.973133,2.5156322,0
1.0,0.97374165,2.5819468,0
1.0,0.97210205,2.5381494,0
1.0,0.97283,2.543654,0
1.0,0.9670107,2.5931911,0
1.0,0.96814215,2.6686897,0
1.0,0.96482706,2.6255844,0
1.0,0.97062844,2.4981713,0
1.0,0.96727264,2.434082,0
1.0,0.9698917,2.4823136,0
1.0,0.9664456,2.5265079,0
1.0,0.97181535,2.5427299,0
1.0,0.96864563,2.4763746,0
1.0,0.97070754,2.4282126,0
1.0,0.96801925,2.4503775,0
1.0,0.9677021,2.521237,0
1.0,0.96739936,2.4908967,0
1.0,0.97008824,2.3850532,0
1.0,0.97104204,2.355177,0
1.0,0.9717093,2.4721646,0
1.0,0.97162914,2.6168766,0
1.0,0.97222924,2.680424,0
1.0,0.9726608,2.6671648,0
1.0,0.97224426,2.6331902,0
1.0,0.972572,2.6775954,0
1.0,0.9718007,2.787171,0
1.0,0.97219527,2.7799668,0
1.0,0.9726695,2.664174,0
1.0,0.9754461,2.6573713,0
1.0,0.9739672,2.662303,0
1.0,0.9756588,2.6615872,0
1.0,0.9719526,2.6326532,0
1.0,0.975195,2.5831933,0
1.0,0.9731856,2.5826344,0
1.0,0.975528,2.684516,0
1.0,0.97016937,2.740564,0
1.0,0.9756596,2.7548952,0
1.0,0.97350955,2.742866,0
1.0,0.9766459,2.8120346,0
1.0,0.9732817,2.8950772,0
1.0,0.9756172,3.0279832,0
1.0,0.9744135,3.0476897,0
1.0,0.9747355,3.0328016,0
1.0,0.9729001,3.083981,0
1.0,0.97446954,3.1209426,0
1.0,0.9725814,3.1431472,0
1.0,0.9729811,3.1570506,0
1.0,0.9705743,3.0894656,0
1.0,0.97259045,3.0810776,0
1.0,0.97065455,3.1239295,0
1.0,0.970303,3.177647,0
1.0,0.96575946,3.158393,0
1.0,0.96708083,3.0728602,0
1.0,0.9652884,3.0052047,0
1.0,0.9645788,2.997099,0
1.0,0.9660805,3.0153217,0
1.0,0.966704,3.0266871,0
1.0,0.969592,3.0549634,0
1.0,0.9691644,3.1008608,0
1.0,0.971256,3.1118467,0
1.0,0.97227323,3.1606824,0
1.0,0.9721752,3.220329,0
1.0,0.969912,3.1925063,0
1.0,0.9703437,3.2662454,0
1.0,0.97056514,3.323917,0
1.0,0.9682617,3.260723,0
1.0,0.96743506,3.1774092,0
1.0,0.9664174,3.083007,0
1.0,0.96538794,3.0472977,0
1.0,0.96298194,2.9741979,0
1.0,0.9607212,2.9070077,0
1.0,0.96051544,2.8684835,0
1.0,0.957898,2.7219748,0
1.0,0.9544165,2.6521268,0
1.0,0.951254,2.6051183,0
1.0,0.94738895,2.5375383,0
1.0,0.9453629,2.5612187,0
1.0,0.9413986,2.5836227,0
1.0,0.94065785,2.5649347,0
1.0,0.9340176,2.5222216,0
1.0,0.93387556,2.507106,0
1.0,0.9246553,2.4537501,0
1.0,0.9248505,2.4512372,0
1.0,0.92298824,2.42206,0
1.0,0.9196942,2.3936443,0
1.0,0.9166369,2.4286108,0
1.0,0.917561,2.427294,0
1.0,0.91516095,2.4005456,0
1.0,0.9062381,2.3745413,0
1.0,0.90598446,2.2726612,0
1.0,0.8994497,2.159731,0
1.0,0.9047444,2.195603,0
1.0,0.8943981,2.1287646,0
1.0,0.9032772,2.0867443,0
1.0,0.8947404,2.0840065,0
1.0,0.89347607,2.0856996,0
1.0,0.88732725,2.0373058,0
1.0,0.8980591,2.0447426,0
1.0,0.8972324,2.0518622,0
1.0,0.9044181,2.1041522,0
1.0,0.8980246,2.13107,0
1.0,0.9184314,2.2805362,0
1.0,0.9136911,2.2853858,0
1.0,0.9234113,2.2738788,0
1.0,0.9140896,2.2548015,0
1.0,0.9273256,2.3072975,0
1.0,0.9182364,2.2850993,0
1.0,0.9276598,2.3247309,0
1.0,0.9179142,2.2476828,0
1.0,0.9303683,2.2075956,0
1.0,0.91863817,2.175078,0
1.0,0.9235226,2.1707447,0
1.0,0.91204554,2.0792599,0
1.0,0.92830515,2.1195965,0
1.0,0.91628605,1.9977572,0
1.0,0.92007166,1.9337302,0
1.0,0.9138324,1.9356836,0
1.0,0.91785556,1.8935235,0
1.0,0.913122,1.88766,0
1.0,0.9167836,1.9702429,0
1.0,0.9090886,1.9586374,0
1.0,0.9158639,1.9728775,0
1.0,0.908504,1.9497924,0
1.0,0.9145154,1.9432448,0
1.0,0.9080165,1.9152524,0
1.0,0.90501094,1.9302173,0
1.0,0.902294,1.9300829,0
1.0,0.90235645,1.8719968,0
1.0,0.89975744,1.8238252,0
1.0,0.8984616,1.7946105,0
1.0,0.8955544,1.7305998,0
1.0,0.8889339,1.6761031,0
1.0,0.8956311,1.6484451,0
1.0,0.89307,1.5580615,0
1.0,0.8946689,1.5437464,0
1.0,0.8959731,1.5690116,0
1.0,0.90188515,1.6007317,0
1.0,0.8857784,1.5936855,0
1.0,0.8846519,1.6109912,0
1.0,0.8869633,1.6259377,0
1.0,0.8966682,1.6760086,0
1.0,0.896761,1.6997253,0
1.0,0.898079,1.6995344,0
1.0,0.9045513,1.7572844,0
1.0,0.91361564,1.8121686,0
1.0,0.9084074,1.7595947,0
1.0,0.9070541,1.7536523,0
1.0,0.9067641,1.7328095,0
1.0,0.90998584,1.6796846,0
1.0,0.9080018,1.6674277,0
1.0,0.9012433,1.6518798,0
1.0,0.9097848,1.6477048,0
1.0,0.9137161,1.62006,0
1.0,0.914659,1.6226218,0
1.0,0.90392554,1.5854023,0
1.0,0.9130234,1.5771189,0
1.0,0.9089195,1.578404,0
1.0,0.90878904,1.5783682,0
1.0,0.89720535,1.5362649,0
1.0,0.9034136,1.548677,0
1.0,0.910362,1.5686481,0
1.0,0.9090377,1.598058,0
1.0,0.90505975,1.6345725,0
1.0,0.90248734,1.6584257,0
1.0,0.90962213,1.6634319,0
1.0,0.8999159,1.6489596,0
1.0,0.88956815,1.6277798,0
1.0,0.8820931,1.5750937,0
1.0,0.884082,1.5497237,0
1.0,0.87993,1.4589047,0
1.0,0.8767154,1.3707025,0
1.0,0.87531525,1.3091464,0
1.0,0.884043,1.2886796,0
1.0,0.87811613,1.2624389,0
1.0,0.8728334,1.2191868,0
1.0,0.86483026,1.1629219,0
1.0,0.8720041,1.1738863,0
1.0,0.8554366,1.1540577,0
1.0,0.85917586,1.1694736,0
1.0,0.85146993,1.1521857,0
1.0,0.86414963,1.1932397,0
1.0,0.84111434,1.1580334,0
1.0,0.8427201,1.1456186,0
1.0,0.83794206,1.1228347,0
1.0,0.8486313,1.1474177,0
1.0,0.83574796,1.1189742,0
1.0,0.83308715,1.116158,0
1.0,0.8362223,1.1190166,0
1.0,0.84210086,1.0997484,0
1.0,0.8442046,1.0545721,0
1.0,0.84786975,1.0128196,0
1.0,0.85477924,0.9999316,0
1.0,0.86395186,1.0259719,0
1.0,0.86918724,1.0579267,0
1.0,0.8718672,1.0557965,0
1.0,0.8704489,1.0166857,0
1.0,0.8773564,1.0347142,0
1.0,0.8845115,1.0369753,0
1.0,0.8882306,1.0158834,0
1.0,0.8831258,1.0636563,0
1.0,0.88362664,1.1244335,0
1.0,0.8920499,1.1972272,0
1.0,0.905928,1.2954037,0
1.0,0.9076372,1.3452845,0
1.0,0.9059827,1.3986261,0
1.0,0.91816956,1.4167907,0
1.0,0.9273448,1.4138755,0
1.0,0.9279292,1.4121739,0
1.0,0.9274116,1.4269527,0
1.0,0.93623173,1.475229,0
1.0,0.9474069,1.4917822,0
1.0,0.9500342,1.5013577,0
1.0,0.945976,1.4873886,0
1.0,0.94898134,1.4970348,0
1.0,0.949787,1.5520692,0
1.0,0.9534107,1.5523074,0
1.0,0.9493495,1.5366735,0
1.0,0.9514829,1.5752172,0
1.0,0.9488005,1.6268237,0
1.0,0.95065796,1.7585701,0
1.0,0.94908595,1.8340266,0
1.0,0.9514597,1.8662547,0
1.0,0.9517678,1.9106824,0
1.0,0.9575256,1.9493957,0
1.0,0.9526108,1.9293565,0
1.0,0.9577593,1.9138031,0
1.0,0.95162696,1.9246792,0
1.0,0.95748913,2.0234942,0
1.0,0.95018464,1.9991109,0
1.0,0.95574313,2.0224848,0
1.0,0.9480341,2.0184712,0
1.0,0.9513777,1.952734,0
1.0,0.94452447,1.8879267,0
1.0,0.95451534,1.9226785,0
1.0,0.9425633,1.8734605,0
1.0,0.94634354,1.8555796,0
1.0,0.94178426,1.8091085,0
1.0,0.9469419,1.8877946,0
1.0,0.9399099,1.9652276,0
1.0,0.9362201,1.9970456,0
1.0,0.9382314,1.9881432,0
1.0,0.9417382,2.0044203,0
1.0,0.9383688,2.068922,0
1.0,0.9376064,2.1251636,0
1.0,0.9399282,2.186236,0
1.0,0.94202137,2.2063038,0
1.0,0.93691534,2.1448827,0
1.0,0.9337142,2.16076,0
1.0,0.93538934,2.226286,0
1.0,0.93621886,2.195061,0
1.0,0.93236417,2.1260052,0
1.0,0.92974776,2.0396295,0
1.0,0.93412024,2.0282278,0
1.0,0.93513125,2.0733678,0
1.0,0.93656254,2.0460262,0
1.0,0.9359628,2.0222502,0
1.0,0.94022244,2.0568063,0
1.0,0.93312746,2.0817795,0
1.0,0.93743753,2.1627483,0
1.0,0.94023937,2.1576452,0
1.0,0.9477521,2.186603,0
1.0,0.9491525,2.2266502,0
1.0,0.95018977,2.3156347,0
1.0,0.9507887,2.430657,0
1.0,0.9561558,2.462716,0
1.0,0.956936,2.4185467,0
1.0,0.9562046,2.417245,0
1.0,0.9571884,2.4762046,0
1.0,0.9569742,2.5275247,0
1.0,0.96059674,2.4988852,0
1.0,0.96085364,2.4051218,0
1.0,0.9633769,2.3911495,0
1.0,0.96304053,2.4164207,0
1.0,0.96351373,2.3996344,0
1.0,0.9666577,2.4326863,0
1.0,0.96797633,2.406539,0
1.0,0.96979934,2.3843617,0
1.0,0.96823704,2.4777272,0
1.0,0.9668959,2.5329437,0
1.0,0.96764934,2.5170794,0
1.0,0.9710951,2.4655309,0
1.0,0.9688042,2.4902108,0
1.0,0.9698648,2.5783532,0
1.0,0.96692264,2.608385,0
1.0,0.97190505,2.6171763,0
1.0,0.9691516,2.5635374,0
1.0,0.9683717,2.5957918,0
1.0,0.9662762,2.6367373,0
1.0,0.9649504,2.6464186,0
1.0,0.9645256,2.6305041,0
1.0,0.9637921,2.5156186,0
1.0,0.9634628,2.4525566,0
1.0,0.9619998,2.4505155,0
1.0,0.9552575,2.4553404,0
1.0,0.9587515,2.4296837,0
1.0,0.957477,2.3337295,0
1.0,0.9602927,2.3767195,0
1.0,0.95571285,2.4325683,0
1.0,0.9528723,2.4067297,0
1.0,0.948764,2.3970299,0
1.0,0.94988763,2.399989,0
1.0,0.94597644,2.4217634,0
1.0,0.94868785,2.5195322,0
1.0,0.9470968,2.549497,0
1.0,0.94644266,2.560216,0
1.0,0.9457706,2.541174,0
1.0,0.9427775,2.466387,0
1.0,0.9424935,2.4908628,0
1.0,0.93326443,2.444785,0
1.0,0.93553776,2.331544,0
1.0,0.9298116,2.2287571,0
1.0,0.9300276,2.2090466,0
1.0,0.92313796,2.242805,0
1.0,0.9203581,2.2224476,0
1.0,0.92137843,2.194961,0
1.0,0.92869484,2.182314,0
1.0,0.9244778,2.1411223,0
1.0,0.9270521,2.1927938,0
1.0,0.92074716,2.2207208,0
1.0,0.92870617,2.2665458,0
1.0,0.9232939,2.256557,0
1.0,0.92732996,2.2653046,0
1.0,0.92077374,2.3013253,0
1.0,0.93102056,2.3931983,0
1.0,0.9215178,2.376029,0
1.0,0.9281443,2.3489065,0
1.0,0.9157493,2.3037462,0
1.0,0.9283926,2.3976321,0
1.0,0.9197166,2.3355548,0
1.0,0.9272985,2.3110006,0
1.0,0.91789645,2.329575,0
1.0,0.9307712,2.3703866,0
1.0,0.9233058,2.331964,0
1.0,0.9293663,2.343542,0
1.0,0.9236237,2.2861102,0
1.0,0.9361775,2.2895093,0
1.0,0.9314278,2.2633219,0
1.0,0.9358397,2.338305,0
1.0,0.9310927,2.3537192,0
1.0,0.93540907,2.3603652,0
1.0,0.9355608,2.424119,0
1.0,0.9362165,2.4735582,0
1.0,0.93332046,2.516186,0
1.0,0.9349532,2.5907657,0
1.0,0.9314476,2.5683997,0
1.0,0.93123823,2.563875,0
1.0,0.9286594,2.5379515,0
1.0,0.92833644,2.5431118,0
1.0,0.92900205,2.581853,0
1.0,0.92712843,2.5415587,0
1.0,0.92757374,2.4864001,0
1.0,0.9244761,2.4595923,0
1.0,0.9233309,2.408165,0
1.0,0.9163481,2.3360207,0
1.0,0.917352,2.322989,0
1.0,0.91637236,2.3281326,0
1.0,0.920337,2.3452811,0
1.0,0.9218113,2.355145,0
1.0,0.9270863,2.3462555,0
1.0,0.92297566,2.3177574,0
1.0,0.9252988,2.3709788,0
1.0,0.92174673,2.3776655,0
1.0,0.9245975,2.362382,0
1.0,0.9193537,2.3004107,0
1.0,0.9180681,2.2481368,0
1.0,0.91727847,2.2218966,0
1.0,0.91775125,2.2356415,0
1.0,0.9189721,2.2535727,0
1.0,0.9169679,2.2340002,0
1.0,0.9173711,2.1926992,0
1.0,0.9160069,2.1592236,0
1.0,0.91562724,2.1333423,0
1.0,0.90718675,2.037671,0
1.0,0.9056071,1.979304,0
1.0,0.9030646,1.9719017,0
1.0,0.9096328,1.9670671,0
1.0,0.906661,1.9464319,0
1.0,0.9128095,1.9665428,0
1.0,0.9171511,1.9507126,0
1.0,0.91745496,1.9344028,0
1.0,0.9101547,1.939269,0
1.0,0.906957,1.9492813,0
1.0,0.9110476,1.9463058,0
1.0,0.909498,1.9286555,0
1.0,0.9004518,1.9474386,0
1.0,0.9001504,2.0142946,0
1.0,0.9021775,2.0282476,0
1.0,0.9048819,1.9665098,0
1.0,0.9032646,1.9315621,0
1.0,0.90574414,1.9147424,0
1.0,0.91039264,1.8997946,0
1.0,0.911362,1.8799226,0
1.0,0.90707445,1.8053448,0
1.0,0.90624464,1.7823148,0
1.0,0.9148355,1.8264169,0
1.0,0.9123719,1.8432788,0
1.0,0.914096,1.8724179,0
1.0,0.91111654,1.8629856,0
1.0,0.92098916,1.8765318,0
1.0,0.9166675,1.8920478,0
1.0,0.92017967,1.952976,0
1.0,0.91625875,1.9232317,0
1.0,0.92543536,1.9221393,0
1.0,0.9239559,1.9530957,0
1.0,0.92721134,2.0047677,0
1.0,0.9218908,2.0200162,0
1.0,0.9329286,2.0424125,0
1.0,0.93081033,1.9823409,0
1.0,0.9348597,1.9439843,0
1.0,0.92689157,1.9041213,0
1.0,0.9268791,1.905834,0
1.0,0.9262686,1.877393,0
1.0,0.9234956,1.8171294,0
1.0,0.9145648,1.7538521,0
1.0,0.91516525,1.7488005,0
1.0,0.910368,1.7852926,0
1.0,0.8985237,1.7154205,0
1.0,0.89333314,1.621969,0
1.0,0.88978213,1.585356,0
1.0,0.89645535,1.6416932,0
1.0,0.8890074,1.6730183,0
1.0,0.89891267,1.7208114,0
1.0,0.90157324,1.7447474,0
1.0,0.89983237,1.7665511,0
1.0,0.8930658,1.7721031,0
1.0,0.8900563,1.7656877,0
1.0,0.8921478,1.700593,0
1.0,0.8928675,1.6289067,0
1.0,0.88764066,1.6204114,0
1.0,0.8930908,1.6636634,0
1.0,0.88687307,1.6322236,0
1.0,0.89819896,1.6171674,0
1.0,0.89614534,1.5074165,0
1.0,0.9045564,1.5027894,0
1.0,0.9001003,1.5372958,0
1.0,0.90218496,1.5287588,0
1.0,0.9120859,1.5533266,0
1.0,0.92265534,1.5783813,0
1.0,0.92692775,1.5952151,0
1.0,0.92869085,1.6419752,0
1.0,0.935287,1.7003437,0
1.0,0.9386656,1.7115719,0
1.0,0.94090873,1.7201028,0
1.0,0.9313366,1.752301,0
1.0,0.93591195,1.7845755,0
1.0,0.9336664,1.816538,0
1.0,0.9321502,1.8453808,0
1.0,0.929998,1.7514405,0
1.0,0.92923516,1.7527657,0
1.0,0.92875737,1.7964814,0
1.0,0.9257972,1.7392517,0
1.0,0.9285401,1.6845945,0
1.0,0.9314064,1.6489327,0
1.0,0.9328854,1.647676,0
1.0,0.9302291,1.677105,0
1.0,0.9273005,1.6639441,0
1.0,0.9315057,1.631994,0
1.0,0.9325301,1.6160481,0
1.0,0.9313577,1.6413794,0
1.0,0.9307432,1.6892905,0
1.0,0.92845213,1.7268927,0
1.0,0.92221034,1.6873066,0
1.0,0.91677284,1.6611573,0
1.0,0.9173996,1.6723973,0
1.0,0.918522,1.689222,0
1.0,0.9138222,1.6774962,0
1.0,0.918262,1.6668737,0
1.0,0.92592955,1.6595414,0
1.0,0.9232212,1.6062931,0
1.0,0.9174702,1.5363729,0
1.0,0.91782486,1.4819767,0
1.0,0.92831624,1.4467952,0
1.0,0.92837584,1.3910781,0
1.0,0.92961895,1.4089655,0
1.0,0.92885107,1.4181254,0
1.0,0.9339,1.3707677,0
1.0,0.9331469,1.3638768,0
1.0,0.9293522,1.3339224,0
1.0,0.9285158,1.2967557,0
1.0,0.9315917,1.3329238,0
1.0,0.92154026,1.3265929,0
1.0,0.9171565,1.3098266,0
1.0,0.90640265,1.3204126,0
1.0,0.91363984,1.3792317,0
1.0,0.906761,1.3913287,0
1.0,0.9031011,1.4023942,0
1.0,0.8928784,1.3435507,0
1.0,0.9033161,1.3219556,0
1.0,0.8915274,1.3161665,0
1.0,0.8932302,1.3230011,0
1.0,0.8755828,1.2576013,0
1.0,0.8922418,1.2836232,0
1.0,0.8854559,1.2294897,0
1.0,0.8902523,1.2226919,0
1.0,0.8731951,1.1890367,0
1.0,0.88223165,1.1894156,0
1.0,0.87489575,1.1980858,0
1.0,0.8719341,1.2197716,0
1.0,0.8542348,1.17351,0
1.0,0.85446113,1.2003244,0
1.0,0.8284612,1.1840489,0
1.0,0.82495695,1.2202847,0
1.0,0.80214316,1.2288829,0
1.0,0.7941713,1.2589798,0
1.0,0.78809863,1.2792205,0
1.0,0.79408437,1.2891853,0
1.0,0.79378814,1.2988575,0
1.0,0.79466397,1.3308175,0
1.0,0.79380876,1.3055549,0
1.0,0.8006187,1.3179172,0
1.0,0.8013712,1.3293905,0
1.0,0.7983386,1.293091,0
1.0,0.79207456,1.2582107,0
1.0,0.80131364,1.2623992,0
1.0,0.7911723,1.2275071,0
1.0,0.79111207,1.232439,0
1.0,0.77513826,1.1923519,0
1.0,0.78194535,1.2090669,0
1.0,0.77357066,1.1912262,0
1.0,0.7864052,1.219404,0
1.0,0.7816165,1.219084,0
1.0,0.7927022,1.2693474,0
1.0,0.7927946,1.326426,0
1.0,0.81714475,1.4071546,0
1.0,0.8163014,1.3755531,0
1.0,0.8334593,1.4064142,0
1.0,0.83394694,1.4245843,0
1.0,0.84356165,1.4815755,0
1.0,0.855835,1.5097857,0
1.0,0.86227995,1.4956791,0
1.0,0.8680515,1.4829031,0
1.0,0.874992,1.4597389,0
1.0,0.8775188,1.4482021,0
1.0,0.88947034,1.50874,0
1.0,0.89322,1.5052984,0
1.0,0.90586853,1.5004976,0
1.0,0.91050994,1.496352,0
1.0,0.9126084,1.4756194,0
1.0,0.91342026,1.4621514,0
1.0,0.91835487,1.4841801,0
1.0,0.92654085,1.5242386,0
1.0,0.92343235,1.5537331,0
1.0,0.92546,1.5861578,0
1.0,0.9250176,1.6122271,0
1.0,0.9288026,1.617725,0
1.0,0.92272305,1.5963163,0
1.0,0.92376435,1.6257577,0
1.0,0.9179554,1.6236771,0
1.0,0.9246214,1.620055,0
1.0,0.9160996,1.5553757,0
1.0,0.9218056,1.552207,0
1.0,0.9203748,1.5457428,0
1.0,0.91701376,1.5336859,0
1.0,0.91077733,1.502552,0
1.0,0.91372496,1.4667293,0
1.0,0.9150025,1.452379,0
1.0,0.9161584,1.4691005,0
1.0,0.9030989,1.5037814,0
1.0,0.9003284,1.543045,0
1.0,0.8912666,1.5006158,0
1.0,0.8965632,1.5184267,0
1.0,0.88532007,1.5074117,0
1.0,0.88704854,1.5652717,0
1.0,0.8884041,1.6157978,0
1.0,0.89421034,1.6593541,0
1.0,0.8945219,1.6858802,0
1.0,0.8957103,1.6687633,0
1.0,0.9003626,1.7014327,0
1.0,0.90447044,1.7407632,0
1.0,0.9001728,1.7430634,0
1.0,0.9023082,1.7650601,0
1.0,0.9034859,1.7423204,0
1.0,0.8997212,1.7367562,0
1.0,0.89266026,1.7033261,0
1.0,0.88590896,1.672241,0
1.0,0.886021,1.7029955,0
1.0,0.8827037,1.7131653,0
1.0,0.87188864,1.7829672,0
1.0,0.87348396,1.8923157,0
1.0,0.8707789,1.8667715,0
1.0,0.8801373,1.92941,0
1.0,0.8815129,1.9992292,0
1.0,0.88807505,2.0611706,0
1.0,0.89753526,2.1598153,0
1.0,0.9027239,2.212493,0
1.0,0.9052121,2.2403135,0
1.0,0.90766853,2.267657,0
1.0,0.90411067,2.2850478,0
1.0,0.90366954,2.3284855,0
1.0,0.89600885,2.2920098,0
1.0,0.9048557,2.3018556,0
1.0,0.90217304,2.292354,0
1.0,0.90450203,2.324592,0
1.0,0.90410674,2.3564208,0
1.0,0.905264,2.3289378,0
1.0,0.90176535,2.326219,0
1.0,0.90626687,2.3400822,0
1.0,0.9081591,2.3478727,0
1.0,0.9221591,2.5144181,0
1.0,0.92398524,2.5767882,0
1.0,0.9358425,2.664946,0
1.0,0.9377678,2.7464776,0
1.0,0.942013,2.7781582,0
1.0,0.94453084,2.8428721,0
1.0,0.94705504,2.8640099,0
1.0,0.94611496,2.8272555,0
1.0,0.94489247,2.8661122,0
1.0,0.94343287,2.9408998,0
1.0,0.9459819,2.969038,0
1.0,0.94586074,2.9020853,0
1.0,0.9512609,2.7875295,0
1.0,0.95132005,2.7491574,0
1.0,0.95471174,2.7861867,0
1.0,0.9543801,2.8363945,0
1.0,0.9595461,2.863264,0
1.0,0.9608782,2.8656611,0
1.0,0.96511567,2.8769708,0
1.0,0.9640457,2.8982966,0
1.0,0.96788836,3.0011716,0
1.0,0.96671313,3.0704107,0
1.0,0.97210455,3.1180704,0
1.0,0.97047126,3.134513,0
1.0,0.9708028,3.1381876,0
1.0,0.96996695,3.1349475,0
1.0,0.971124,3.1268363,0
1.0,0.97064924,3.1188614,0
1.0,0.97024494,3.1388898,0
1.0,0.968364,3.164371,0
1.0,0.9703537,3.2306163,0
1.0,0.9694336,3.2002244,0
1.0,0.9722455,3.0797567,0
1.0,0.9704579,3.009884,0
1.0,0.971308,2.9617393,0
1.0,0.96806246,2.8914313,0
1.0,0.9724964,2.8807364,0
1.0,0.9709329,2.8619018,0
1.0,0.972284,2.922728,0
1.0,0.96906316,2.973624,0
1.0,0.9700733,2.960095,0
1.0,0.96319103,2.851459,0
1.0,0.9619415,2.837165,0
1.0,0.96011144,2.8648086,0
1.0,0.9635291,2.9503899,0
1.0,0.9600984,3.0023282,0
1.0,0.95716417,2.9414504,0
1.0,0.95498115,2.874187,0
1.0,0.9580919,2.9113784,0
1.0,0.9534614,2.8847282,0
1.0,0.95280653,2.8465405,0
1.0,0.95082563,2.7781005,0
1.0,0.9557425,2.7092395,0
1.0,0.95068794,2.625965,0
1.0,0.94966465,2.6071203,0
1.0,0.95110166,2.5949192,0
1.0,0.95572245,2.5736942,0
1.0,0.9529581,2.5832224,0
1.0,0.95069957,2.6081696,0
1.0,0.94893855,2.6526065,0
1.0,0.95316243,2.6860235,0
1.0,0.9490471,2.5869844,0
1.0,0.9457221,2.4969273,0
1.0,0.9470836,2.534099,0
1.0,0.9509775,2.6021338,0
1.0,0.95748997,2.6793602,0
1.0,0.95838404,2.7201881,0
1.0,0.9595169,2.7488425,0
1.0,0.95949185,2.7799711,0
1.0,0.9586195,2.7759323,0
1.0,0.95778704,2.715894,0
1.0,0.9575601,2.650094,0
1.0,0.95692897,2.6081796,0
1.0,0.9569179,2.6298423,0
1.0,0.95878166,2.6637013,0
1.0,0.9616396,2.6671638,0
1.0,0.9642507,2.6170824,0
1.0,0.9664953,2.5721154,0
1.0,0.9645485,2.5847037,0
1.0,0.9606775,2.603801,0
1.0,0.961164,2.5364797,0
1.0,0.96389925,2.5187535,0
1.0,0.9627357,2.6341844,0
1.0,0.9633761,2.7066035,0
1.0,0.96327066,2.7321668,0
1.0,0.9681415,2.720739,0
1.0,0.96568996,2.6478894,0
1.0,0.9673535,2.650527,0
1.0,0.9658026,2.6744957,0
1.0,0.9667108,2.6848102,0
1.0,0.9611141,2.6111617,0
1.0,0.9599649,2.5303044,0
1.0,0.9569913,2.5221395,0
1.0,0.95856935,2.5405915,0
1.0,0.9503167,2.512706,0
1.0,0.9550063,2.4668403,0
1.0,0.9516212,2.3961744,0
1.0,0.955265,2.3955283,0
1.0,0.94182444,2.328175,0
1.0,0.93834823,2.2901707,0
1.0,0.93103546,2.256442,0
1.0,0.9365257,2.2542963,0
1.0,0.9197777,2.2197413,0
1.0,0.9226156,2.28687,0
1.0,0.91675943,2.3001041,0
1.0,0.9229484,2.2985754,0
1.0,0.90229475,2.2232225,0
1.0,0.907175,2.2206836,0
1.0,0.89627826,2.2169132,0
1.0,0.89981246,2.2458844,0
1.0,0.88360643,2.152667,0
1.0,0.8842641,2.082044,0
1.0,0.87283665,2.0500126,0
1.0,0.8694611,2.0292678,0
1.0,0.8541136,1.8506908,0
1.0,0.85108167,1.7690952,0
1.0,0.84992194,1.7845227,0
1.0,0.8539319,1.8473865,0
1.0,0.8490114,1.8579264,0
1.0,0.85793626,1.8657869,0
1.0,0.871403,1.8776591,0
1.0,0.8727887,1.8325356,0
1.0,0.8806165,1.881317,0
1.0,0.88795173,1.9558237,0
1.0,0.9008173,1.9481164,0
1.0,0.89075315,1.9324298,0
1.0,0.8954254,1.9633021,0
1.0,0.89524764,1.9994485,0
1.0,0.9071848,2.1298494,0
1.0,0.8998751,2.0808892,0
1.0,0.9132018,2.084359,0
1.0,0.913755,2.0951328,0
1.0,0.92611223,2.0845265,0
1.0,0.91295236,2.032757,0
1.0,0.9306647,2.1111624,0
1.0,0.9239809,2.0560942,0
1.0,0.93598723,2.073392,0
1.0,0.92630786,2.1020756,0
1.0,0.9346135,2.1588387,0
1.0,0.9337694,2.1547413,0
1.0,0.9457859,2.182531,0
1.0,0.93849343,2.2020926,0
1.0,0.9497702,2.2843852,0
1.0,0.94052434,2.3023112,0
1.0,0.9502656,2.3918009,0
1.0,0.93862426,2.3747349,0
1.0,0.9455198,2.4315438,0
1.0,0.9342505,2.428863,0
1.0,0.9405793,2.3991044,0
1.0,0.9304684,2.3417664,0
1.0,0.9405026,2.3607664,0
1.0,0.9328937,2.3045669,0
1.0,0.9392277,2.3314505,0
1.0,0.92394304,2.2997277,0
1.0,0.9296078,2.2657297,0
1.0,0.9205836,2.2160473,0
1.0,0.92717844,2.2763896,0
1.0,0.91655165,2.248139,0
1.0,0.917745,2.273319,0
1.0,0.9139959,2.2061825,0
1.0,0.91638005,2.1167564,0
1.0,0.9070382,2.1137514,0
1.0,0.90985054,2.1245975,0
1.0,0.90786785,2.0911853,0
1.0,0.9076592,2.1442814,0
1.0,0.89617485,2.1439507,0
1.0,0.89599377,2.0889473,0
1.0,0.89790946,2.1200707,0
1.0,0.8871236,2.103879,0
1.0,0.8814827,1.9939554,0
1.0,0.8787535,1.9535334,0
1.0,0.8853003,1.9687705,0
1.0,0.88060826,1.9009404,0
1.0,0.87607783,1.8397689,0
1.0,0.8764695,1.8093934,0
1.0,0.88170725,1.7834396,0
1.0,0.89018416,1.8484161,0
1.0,0.89149714,1.8848363,0
1.0,0.9017979,1.8654275,0
1.0,0.90857494,1.903908,0
1.0,0.9110424,1.9679865,0
1.0,0.911252,1.9145579,0
1.0,0.91617286,1.9507341,0
1.0,0.920966,2.0342917,0
1.0,0.92440045,2.0548334,0
1.0,0.92523706,2.1293352,0
1.0,0.92948925,2.1943045,0
1.0,0.9286635,2.1692367,0
1.0,0.929556,2.1271148,0
1.0,0.9314049,2.0887687,0
1.0,0.9329051,2.0497282,0
1.0,0.93555945,2.0765908,0
1.0,0.93890697,2.0639,0
1.0,0.94131494,2.0006318,0
1.0,0.9455458,2.0326042,0
1.0,0.9443976,2.07474,0
1.0,0.9504584,2.0343165,0
1.0,0.95027,1.9879591,0
1.0,0.95133656,2.0342581,0
1.0,0.9516654,2.0124252,0
1.0,0.9507581,1.9951814,0
1.0,0.94903815,2.0560412,0
1.0,0.94751394,2.0521283,0
1.0,0.9468535,2.034884,0
1.0,0.945153,2.0442564,0
1.0,0.94231766,2.067625,0
1.0,0.9387166,2.1183255,0
1.0,0.9386589,2.1396937,0
1.0,0.940105,2.0801587,0
1.0,0.9379892,2.011632,0
1.0,0.93306726,2.0191927,0
1.0,0.937325,2.0119379,0
1.0,0.93287283,1.9089432,0
1.0,0.93158036,1.9186314,0
1.0,0.9247819,1.8663206,0
1.0,0.9233057,1.7984552,0
1.0,0.9212421,1.7814114,0
1.0,0.9128391,1.6885091,0
1.0,0.89948046,1.6472917,0
1.0,0.89729255,1.6767728,0
1.0,0.8891412,1.7023911,0
1.0,0.88030607,1.747394,0
1.0,0.872125,1.7090147,0
1.0,0.87529594,1.6757544,0
1.0,0.8751351,1.7282934,0
1.0,0.8760096,1.8065262,0
1.0,0.88431466,1.8011377,0
1.0,0.8921541,1.7664725,0
1.0,0.8956266,1.8050213,0
1.0,0.9004923,1.8563683,0
1.0,0.89914054,1.8124495,0
1.0,0.901403,1.8095465,0
1.0,0.89502007,1.7665076,0
1.0,0.89769405,1.6835328,0
1.0,0.90263647,1.6418049,0
1.0,0.9042634,1.6546328,0
1.0,0.9139355,1.7135009,0
1.0,0.9156046,1.7199565,0
1.0,0.9281441,1.6901691,0
1.0,0.93176204,1.6670036,0
1.0,0.9304919,1.6580689,0
1.0,0.93280435,1.6721864,0
1.0,0.94225943,1.6878073,0
1.0,0.9437,1.7076457,0
1.0,0.93962646,1.7748829,0
1.0,0.9400616,1.8203974,0
1.0,0.9496433,1.8746895,0
1.0,0.95271444,1.8820741,0
1.0,0.94691145,1.852021,0
1.0,0.94815266,1.8729895,0
1.0,0.94752145,1.8715956,0
1.0,0.9501067,1.8415922,0
1.0,0.9370916,1.7379582,0
1.0,0.93872076,1.6952097,0
1.0,0.9385122,1.7134823,0
1.0,0.9404947,1.7609099,0
1.0,0.9352263,1.7622361,0
1.0,0.9362967,1.7327611,0
1.0,0.9418176,1.7890029,0
1.0,0.9413481,1.8291993,0
1.0,0.9291309,1.7948903,0
1.0,0.9227736,1.77862,0
1.0,0.92033273,1.7785091,0
1.0,0.91534674,1.7744792,0
1.0,0.9017081,1.7732017,0
1.0,0.900116,1.8645844,0
1.0,0.90597713,1.9559393,0
1.0,0.9097615,1.9637,0
1.0,0.9089112,1.9444758,0
1.0,0.9106116,1.9200021,0
1.0,0.9094653,1.9212749,0
1.0,0.90659964,1.9216541,0
1.0,0.90568936,1.8783687,0
1.0,0.8960022,1.8461301,0
1.0,0.898505,1.9033346,0
1.0,0.88625664,1.874645,0
1.0,0.89307225,1.8493145,0
1.0,0.8861662,1.7984407,0
1.0,0.8976843,1.8110895,0
1.0,0.88774014,1.8244692,0
1.0,0.88722384,1.8902922,0
1.0,0.8826285,1.9166377,0
1.0,0.88844144,1.9196365,0
1.0,0.8868375,1.9254516,0
1.0,0.88530713,1.9957031,0
1.0,0.8928774,2.0364285,0
1.0,0.897039,2.0363727,0
1.0,0.9029601,2.0572186,0
1.0,0.90133524,2.0274158,0
1.0,0.90599257,2.009246,0
1.0,0.9029895,1.9580786,0
1.0,0.9007301,1.9376299,0
1.0,0.8940231,1.9081577,0
1.0,0.8952047,1.8659233,0
1.0,0.8909538,1.8294632,0
1.0,0.888904,1.8398039,0
1.0,0.88044554,1.8433561,0
1.0,0.88559973,1.8053839,0
1.0,0.88542515,1.7578422,0
1.0,0.8859215,1.7611167,0
1.0,0.8814513,1.7372663,0
1.0,0.8809146,1.7435344,0
1.0,0.8821633,1.7635038,0
1.0,0.87986684,1.7920411,0
1.0,0.8796813,1.9010475,0
1.0,0.87570584,1.9386158,0
1.0,0.8815001,1.91216,0
1.0,0.88009936,1.8973162,0
1.0,0.8849294,1.9124806,0
1.0,0.87727904,1.8897341,0
1.0,0.89225596,1.9797494,0
1.0,0.8799239,1.9268184,0
1.0,0.8917821,1.8813987,0
1.0,0.8780501,1.8035126,0
1.0,0.8922218,1.843076,0
1.0,0.88050765,1.8276544,0
1.0,0.90523684,1.9235948,0
1.0,0.89944285,1.9912012,0
1.0,0.92182624,2.1626399,0
1.0,0.9196117,2.194217,0
1.0,0.93571246,2.2412171,0
1.0,0.92916167,2.2911496,0
1.0,0.942504,2.4165027,0
1.0,0.94181544,2.4388661,0
1.0,0.9531259,2.5201478,0
1.0,0.94572115,2.5465102,0
1.0,0.95647705,2.6849995,0
1.0,0.9538947,2.7449937,0
1.0,0.95862037,2.766061,0
1.0,0.9545715,2.913245,0
1.0,0.96071756,2.9639893,0
1.0,0.9588343,2.9925306,0
1.0,0.9614254,3.04882,0
1.0,0.9546572,3.1166,0
1.0,0.95978516,3.2248597,0
1.0,0.95585746,3.138815,0
1.0,0.9604489,3.566741,0
1.0,0.88875073,3.283759,0
1.0,0.89340305,3.7985308,0
1.0,0.93879414,14.986795,0
1.0,0.9257709,15.3859825,0
1.0,0.89717925,15.293404,0
1.0,0.9251213,15.935936,0
1.0,0.9439,15.962435,0
1.0,0.94687927,16.115597,0
1.0,0.89246017,15.985119,0
1.0,0.9124005,16.100082,0
1.0,0.9168617,16.393162,0
1.0,0.91965187,16.50579,0
1.0,0.8005112,16.045406,0
1.0,0.8196224,16.18481,0
1.0,0.82289004,16.306198,0
1.0,0.8734476,16.72233,0
1.0,0.82911307,16.627563,0
1.0,0.8930823,17.184227,0
1.0,0.87978494,17.318071,0
1.0,0.9223059,17.812782,1
1.0,0.8834822,17.891676,1
1.0,0.909056,18.213257,1
1.0,0.89491457,18.460655,1
1.0,0.9123541,18.954954,1
1.0,0.8728687,18.928436,1
1.0,0.90801454,19.510305,1
1.0,0.88212174,19.771774,1
1.0,0.922361,20.44765,1
1.0,0.8904952,20.667404,1
1.0,0.8772038,21.05162,1
1.0,0.85158235,21.395985,1
1.0,0.8725073,21.545353,1
1.0,0.8519063,21.897264,1
1.0,0.83031553,21.749195,1
1.0,0.8180413,11.292779,0
1.0,0.83558345,11.502332,0
1.0,0.8838609,12.300255,0
1.0,0.8883195,12.413476,0
1.0,0.88750297,13.173596,0
1.0,0.88971627,13.691212,0
1.0,0.89238334,14.172949,0
1.0,0.89154536,14.860865,0
1.0,0.89143664,15.349914,0
1.0,0.8912216,15.93265,0
1.0,0.89142644,16.435543,0
1.0,0.8925011,17.061493,0
1.0,0.8918459,17.784777,1
1.0,0.89097595,18.471529,1
1.0,0.8904899,19.054333,1
1.0,0.89041203,19.535397,1
1.0,0.8909627,20.103994,1
1.0,0.88970333,20.507822,1
1.0,0.88907117,21.061083,1
1.0,0.8886156,21.789064,1
1.0,0.8892068,22.105,1
1.0,0.8888822,22.443527,1
1.0,0.88935405,22.95218,1
1.0,0.88926166,23.252504,1
1.0,0.8897881,23.642689,1
1.0,0.889856,24.07958,1
1.0,0.88983935,24.260077,1
1.0,0.8891791,24.593683,1
1.0,0.88959163,25.170925,1
1.0,0.8893497,25.505756,1
1.0,0.88951313,25.896578,1
1.0,0.88841254,26.31005,1
1.0,0.88887984,26.494453,1
1.0,0.8876715,26.675816,1
1.0,0.8876875,26.949928,1
1.0,0.8871757,27.08903,1
1.0,0.8871492,27.124992,1
1.0,0.8872247,27.288002,1
1.0,0.88720644,27.492752,1
1.0,0.8873885,27.471813,1
1.0,0.8877309,27.373224,1
1.0,0.8881416,27.354137,1
1.0,0.88914156,27.372063,1
1.0,0.88870674,27.393436,1
1.0,0.88950634,27.31092,1
1.0,0.88945884,27.178253,1
1.0,0.89030796,27.136997,1
1.0,0.8902851,27.079876,1
1.0,0.8903707,27.030104,1
1.0,0.8899165,27.055012,1
1.0,0.89021766,26.896416,1
1.0,0.8897569,26.583807,1
1.0,0.88963133,26.579102,1
1.0,0.88924193,26.567062,1
1.0,0.89006233,26.495003,1
1.0,0.88979083,26.434212,1
1.0,0.8893914,26.156929,1
1.0,0.8896567,25.89191,1
1.0,0.89051,25.834639,1
1.0,0.89040077,25.520897,1
1.0,0.8912943,24.943672,1
1.0,0.890734,24.65514,1
1.0,0.89157933,24.391365,1
1.0,0.89126265,23.998516,1
1.0,0.8927034,23.80376,1
1.0,0.8921208,23.541082,1
1.0,0.8930574,23.298893,1
1.0,0.89294535,23.134443,1
1.0,0.8940206,23.011118,1
1.0,0.8934144,22.773273,1
1.0,0.8943285,22.487667,1
1.0,0.8939703,22.430342,1
1.0,0.89494073,22.365894,1
1.0,0.8938297,22.22791,1
1.0,0.8945318,22.080286,1
1.0,0.8937641,21.688684,1
1.0,0.89428407,21.346542,1
1.0,0.8933073,21.075634,1
1.0,0.893192,20.820866,1
1.0,0.8933587,20.606958,1
1.0,0.89336175,20.283318,1
1.0,0.89300644,19.908775,1
1.0,0.89339286,19.542862,1
1.0,0.89427674,19.076752,1
1.0,0.8935473,18.676899,1
1.0,0.8940273,18.43801,1
1.0,0.89465344,18.014843,1
1.0,0.8960055,17.760256,1
1.0,0.89675885,17.660366,1
1.0,0.8972859,17.426882,0
1.0,0.89798737,17.163338,0
1.0,0.89673096,16.958195,0
1.0,0.89690644,16.909538,0
1.0,0.89692456,16.601952,0
1.0,0.89606714,16.23586,0
1.0,0.8958968,16.188908,0
1.0,0.8945322,15.990049,0
1.0,0.8947641,15.730258,0
1.0,0.89430654,15.414444,0
1.0,0.89527446,15.02218,0
1.0,0.8947117,14.59174,0
1.0,0.8935903,14.18972,0
1.0,0.8938018,13.8473625,0
1.0,0.89219594,13.3770075,0
1.0,0.8916119,12.9845495,0
1.0,0.8921578,12.6284275,0
1.0,0.8927856,12.322646,0
1.0,0.89306206,12.1491785,0
1.0,0.89395577,11.861663,0
1.0,0.89086163,11.596422,0
1.0,0.88888323,11.415911,0
1.0,0.8870472,11.133934,0
1.0,0.8876863,10.930449,0
1.0,0.88461924,10.711254,0
1.0,0.8826847,10.579713,0
1.0,0.88129544,10.659119,0
1.0,0.8808284,10.577995,0
1.0,0.8795718,10.14637,0
1.0,0.8806286,9.865042,0
1.0,0.8792393,9.6598,0
1.0,0.8787709,9.292093,0
1.0,0.8774344,8.964741,0
1.0,0.87973166,8.7248535,0
1.0,0.87664187,8.401762,0
1.0,0.87857044,8.143745,0
1.0,0.88075554,8.0255575,0
1.0,0.8813284,7.8228416,0
1.0,0.88446647,7.4143305,0
1.0,0.88531643,7.149642,0
1.0,0.89180684,7.0664306,0
1.0,0.90087545,6.968617,0
1.0,0.9066337,6.849408,0
1.0,0.91346973,6.7234554,0
1.0,0.9214822,6.6588044,0
1.0,0.9291494,6.650895,0
1.0,0.93177974,6.6163287,0
1.0,0.9377544,6.5516186,0
1.0,0.9422126,6.3818264,0
1.0,0.9493787,6.182319,0
1.0,0.9505282,5.9754024,0
1.0,0.9522878,5.8621354,0
1.0,0.95596236,5.703494,0
1.0,0.9627898,5.4294734,0
1.0,0.9636811,5.19097,0
1.0,0.96559006,5.0029945,0
1.0,0.9681009,4.847586,0
1.0,0.96766895,4.6976976,0
1.0,0.9690739,4.4632483,0
1.0,0.967985,4.218491,0
1.0,0.9703312,4.1674504,0
1.0,0.9692638,4.1358395,0
1.0,0.9690373,3.9590268,0
1.0,0.96864367,3.8731265,0
1.0,0.97010976,3.8732533,0
1.0,0.9685249,3.8087645,0
1.0,0.9670912,3.7334764,0
1.0,0.9679518,3.571276,0
1.0,0.96897864,3.431472,0
1.0,0.96743315,3.3947191,0
1.0,0.9657668,3.3800163,0
1.0,0.96789986,3.3040404,0
1.0,0.969146,3.1733427,0
1.0,0.96744096,3.0605364,0
1.0,0.9645645,2.9431863,0
1.0,0.96374756,2.8701835,0
1.0,0.962256,2.8408754,0
1.0,0.95834595,2.7230902,0
1.0,0.95551485,2.5547028,0
1.0,0.9559797,2.482349,0
1.0,0.9574164,2.4830313,0
1.0,0.95507455,2.4270835,0
1.0,0.95237654,2.3785348,0
1.0,0.95213,2.3465962,0
1.0,0.9500461,2.2968771,0
1.0,0.9506804,2.318363,0
1.0,0.94849914,2.3015776,0
1.0,0.949326,2.2707224,0
1.0,0.9448056,2.2505322,0
1.0,0.9430382,2.1499925,0
1.0,0.93602246,2.0369987,0
1.0,0.9383449,2.0094166,0
1.0,0.935989,1.922265,0
1.0,0.935901,1.841922,0
1.0,0.931205,1.8511307,0
1.0,0.93285155,1.8571035,0
1.0,0.92537177,1.7806425,0
1.0,0.93560266,1.7608747,0
1.0,0.9297604,1.6803172,0
1.0,0.93117964,1.6733727,0
1.0,0.9281531,1.7160625,0
1.0,0.9330509,1.6965952,0
1.0,0.9334156,1.6246023,0
1.0,0.92714995,1.614325,0
1.0,0.9263231,1.6227807,0
1.0,0.93330044,1.6179324,0
1.0,0.9246678,1.6229222,0
1.0,0.919837,1.6191105,0
1.0,0.91524404,1.5442157,0
1.0,0.91807145,1.5104542,0
1.0,0.9000679,1.4642107,0
1.0,0.89329404,1.3846285,0
1.0,0.8937285,1.3059769,0
1.0,0.900835,1.3203528,0
1.0,0.8948244,1.3152113,0
1.0,0.8832968,1.2557447,0
1.0,0.87977123,1.2073369,0
1.0,0.8894688,1.1700207,0
1.0,0.884212,1.1612296,0
1.0,0.86592907,1.1882216,0
1.0,0.86930406,1.1956015,0
1.0,0.86424863,1.1971242,0
1.0,0.88172954,1.2387577,0
1.0,0.86229885,1.182812,0
1.0,0.87902737,1.237562,0
1.0,0.8726951,1.2542596,0
1.0,0.884791,1.2531374,0
1.0,0.86435485,1.1672151,0
1.0,0.87218505,1.1555556,0
1.0,0.8670616,1.1095481,0
1.0,0.8827142,1.149724,0
1.0,0.8632728,1.1498576,0
1.0,0.87548316,1.1210346,0
1.0,0.8700444,1.0738533,0
1.0,0.88732284,1.1088818,0
1.0,0.8677673,1.0308481,0
1.0,0.8747531,1.0265021,0
1.0,0.8742903,1.0382288,0
1.0,0.88796943,1.0503229,0
1.0,0.8734139,1.040169,0
1.0,0.8911992,1.0877881,0
1.0,0.87805027,1.0688199,0
1.0,0.900083,1.1399131,0
1.0,0.88094884,1.1069298,0
1.0,0.89720225,1.1740932,0
1.0,0.8718653,1.1689444,0
1.0,0.8805341,1.1978083,0
1.0,0.86159855,1.1609159,0
1.0,0.8705663,1.1778674,0
1.0,0.8501331,1.1635654,0
1.0,0.8561863,1.1715646,0
1.0,0.8378115,1.0563189,0
1.0,0.84943026,1.0602448,0
1.0,0.82346785,0.97499686,0
1.0,0.8395731,0.9855631,0
1.0,0.8291303,1.0307384,0
1.0,0.8448073,1.1099373,0
1.0,0.8215252,1.049118,0
1.0,0.85437775,1.1103728,0
1.0,0.844697,1.106481,0
1.0,0.86690575,1.1929238,0
1.0,0.8449073,1.2202585,0
1.0,0.87727445,1.3575411,0
1.0,0.86833036,1.376259,0
1.0,0.873472,1.4573712,0
1.0,0.8706949,1.5122912,0
1.0,0.88541394,1.5747719,0
1.0,0.8849759,1.6119533,0
1.0,0.89556044,1.6801535,0
1.0,0.898459,1.6974632,0
1.0,0.9105041,1.7633798,0
1.0,0.90687734,1.809188,0
1.0,0.91237503,1.862977,0
1.0,0.91055053,1.8787702,0
1.0,0.9195803,1.9216771,0
1.0,0.90753907,1.9294338,0
1.0,0.916228,1.9562612,0
1.0,0.91820973,1.9640617,0
1.0,0.92583036,2.022317,0
1.0,0.919532,2.0681357,0
1.0,0.9303978,2.2466922,0
1.0,0.9363774,2.378405,0
1.0,0.93686086,2.4757845,0
1.0,0.9378668,2.604647,0
1.0,0.9419677,2.6647544,0
1.0,0.9467596,2.7566228,0
1.0,0.94559747,2.9014509,0
1.0,0.9465553,2.9627151,0
1.0,0.9512581,3.057786,0
1.0,0.9552279,3.2370486,0
1.0,0.95519215,3.3109212,0
1.0,0.95623577,3.3554692,0
1.0,0.95529634,3.3853278,0
1.0,0.9588308,3.4306664,0
1.0,0.95927966,3.512308,0
1.0,0.96126294,3.5425212,0
1.0,0.96172786,3.5817022,0
1.0,0.9655997,3.70462,0
1.0,0.96605265,3.822387,0
1.0,0.9674538,3.9708486,0
1.0,0.966393,4.0759716,0
1.0,0.9683852,4.1429634,0
1.0,0.969151,4.2180195,0
1.0,0.9706205,4.280123,0
1.0,0.9683815,4.3514786,0
1.0,0.9693858,4.518584,0
1.0,0.9697383,4.640447,0
1.0,0.97059643,4.6859055,0
1.0,0.96961975,4.74769,0
1.0,0.9686556,4.812845,0
1.0,0.96836144,4.8698993,0
1.0,0.9685809,4.883476,0
1.0,0.9665739,4.800706,0
1.0,0.96488655,4.758551,0
1.0,0.9650989,4.757086,0
1.0,0.96673477,4.7475753,0
1.0,0.9648878,4.7767286,0
1.0,0.9653248,4.8421116,0
1.0,0.9652695,4.8333673,0
1.0,0.9652682,4.868354,0
1.0,0.96425855,4.908904,0
1.0,0.9636669,4.825495,0
1.0,0.963776,4.8471923,0
1.0,0.96530014,4.9412556,0
1.0,0.9657592,5.0508633,0
1.0,0.9676917,5.168121,0
1.0,0.96736395,5.0838566,0
1.0,0.96918386,5.0490856,0
1.0,0.96939576,5.0753126,0
1.0,0.9680207,5.047305,0
1.0,0.96785605,5.053361,0
1.0,0.96937907,4.9899435,0
1.0,0.9693459,4.906065,0
1.0,0.96758366,4.8793726,0
1.0,0.9675019,4.8737316,0
1.0,0.96614563,4.8976817,0
1.0,0.9665376,4.869254,0
1.0,0.96496546,4.7959557,0
1.0,0.9666324,4.8361144,0
1.0,0.96602327,4.9060163,0
1.0,0.9653224,4.9637976,0
1.0,0.9637174,4.9336786,0
1.0,0.9644016,4.919765,0
1.0,0.9660162,5.056642,0
1.0,0.9645168,5.21259,0
1.0,0.96535206,5.2973013,0
1.0,0.9653316,5.269505,0
1.0,0.96727633,5.2476597,0
1.0,0.9653346,5.2749085,0
1.0,0.96123993,5.261826,0
1.0,0.96311575,5.259244,0
1.0,0.9644599,5.158992,0
1.0,0.96171564,4.984659,0
1.0,0.95850515,4.977915,0
1.0,0.95930237,5.037182,0
1.0,0.9593413,4.9884615,0
1.0,0.9593264,4.8932223,0
1.0,0.9580419,4.778457,0
1.0,0.96053976,4.81361,0
1.0,0.96197504,4.8900046,0
1.0,0.95913774,4.8587923,0
1.0,0.9593539,4.7721367,0
1.0,0.960132,4.6960163,0
1.0,0.9622656,4.7662916,0
1.0,0.9616991,4.8146124,0
1.0,0.9641716,4.8022304,0
1.0,0.96667147,4.7742033,0
1.0,0.9694123,4.6929693,0
1.0,0.9698589,4.699688,0
1.0,0.97007835,4.699088,0
1.0,0.9731804,4.5404415,0
1.0,0.97396606,4.397929,0
1.0,0.97480226,4.305113,0
1.0,0.9745874,4.301036,0
1.0,0.9755681,4.2925467,0
1.0,0.9767314,4.124401,0
1.0,0.977097,3.9262764,0
1.0,0.9771921,3.7904432,0
1.0,0.9764653,3.783881,0
1.0,0.97496355,3.8298392,0
1.0,0.97478193,3.7542892,0
1.0,0.9738985,3.6672714,0
1.0,0.9740902,3.6674623,0
1.0,0.9720385,3.673122,0
1.0,0.97228235,3.6987505,0
1.0,0.97187805,3.6828322,0
1.0,0.9725108,3.5571923,0
1.0,0.97093934,3.4959972,0
1.0,0.96992916,3.4827533,0
1.0,0.9679188,3.4084122,0
1.0,0.96707326,3.3404675,0
1.0,0.964727,3.217044,0
1.0,0.9618065,3.12016,0
1.0,0.9582529,3.140922,0
1.0,0.9571323,3.1066537,0
1.0,0.9552999,2.9371264,0
1.0,0.9564593,2.8049169,0
1.0,0.955401,2.748306,0
1.0,0.95197874,2.7041862,0
1.0,0.9535218,2.7110677,0
1.0,0.9536756,2.6375144,0
1.0,0.95478505,2.5353131,0
1.0,0.9545051,2.5275836,0
1.0,0.9513223,2.5260453,0
1.0,0.94522935,2.4670532,0
1.0,0.9417098,2.3551996,0
1.0,0.9396104,2.2897058,0
1.0,0.93450266,2.2723427,0
1.0,0.9285226,2.2251153,0
1.0,0.9265565,2.1999888,0
1.0,0.9237487,2.125109,0
1.0,0.9195329,1.9894748,0
1.0,0.91320956,1.9118192,0
1.0,0.9067671,1.8340967,0
1.0,0.90856856,1.7161537,0
1.0,0.907016,1.6511643,0
1.0,0.90165746,1.609125,0
1.0,0.89911586,1.5540075,0
1.0,0.9010112,1.5779884,0
1.0,0.9085243,1.5726485,0
1.0,0.9009582,1.483083,0
1.0,0.8995587,1.4732949,0
1.0,0.910824,1.4887049,0
1.0,0.89973575,1.4420761,0
1.0,0.8889501,1.4178433,0
1.0,0.8647628,1.3083277,0
1.0,0.8792906,1.3092093,0
1.0,0.867323,1.3208132,0
1.0,0.859136,1.322118,0
1.0,0.8418269,1.2809256,0
1.0,0.8565151,1.3044157,0
1.0,0.8512019,1.2274103,0
1.0,0.8484793,1.1871567,0
1.0,0.8361391,1.1460428,0
1.0,0.8638558,1.1669154,0
1.0,0.8569232,1.1052554,0
1.0,0.86393815,1.1208858,0
1.0,0.8563677,1.1460344,0
1.0,0.8776469,1.1701438,0
1.0,0.8820884,1.1508393,0
1.0,0.8840193,1.1458573,0
1.0,0.8743792,1.1060112,0
1.0,0.8906772,1.1733079,0
1.0,0.8800035,1.1806664,0
1.0,0.8848809,1.1840322,0
1.0,0.87041295,1.1465905,0
1.0,0.8821109,1.1852124,0
1.0,0.8824509,1.1956049,0
1.0,0.88538456,1.1940539,0
1.0,0.8858182,1.1658019,0
1.0,0.8890694,1.0987716,0
1.0,0.8953298,1.0755805,0
1.0,0.8951049,1.0603678,0
1.0,0.89916164,1.0382121,0
1.0,0.9064352,1.0211414,0
1.0,0.9124695,1.0157743,0
1.0,0.90905285,0.98569274,0
1.0,0.9039796,0.9286262,0
1.0,0.89227676,0.8765617,0
1.0,0.9027441,0.8490435,0
1.0,0.89286923,0.8004873,0
1.0,0.8809743,0.77177644,0
1.0,0.8652154,0.7143471,0
1.0,0.85809106,0.70246005,0
1.0,0.86491364,0.7121059,0
1.0,0.85767424,0.6818863,0
1.0,0.8358704,0.6543628,0
1.0,0.83188105,0.65505725,0
1.0,0.8208254,0.614313,0
1.0,0.7974195,0.5289868,0
1.0,0.7797607,0.47138953,0
1.0,0.78019583,0.4461856,0
1.0,0.77682954,0.4252148,0
1.0,0.7500404,0.38070717,0
1.0,0.7766795,0.36962512,0
1.0,0.76239556,0.31464165,0
1.0,0.7929909,0.33313912,0
1.0,0.7335911,0.27144837,0
1.0,0.7369883,0.2758037,0
1.0,0.72455764,0.28217143,0
1.0,0.78991574,0.364592,0
1.0,0.7570952,0.3225711,0
1.0,0.8042818,0.3866601,0
1.0,0.8191782,0.4283844,0
1.0,0.86452687,0.48633367,0
1.0,0.8610795,0.4817593,0
1.0,0.88730764,0.52910644,0
1.0,0.8828674,0.5249816,0
1.0,0.8952137,0.5350561,0
1.0,0.88280547,0.5418745,0
1.0,0.8861667,0.55250573,0
1.0,0.87909585,0.5423368,0
1.0,0.89897835,0.5788367,0
1.0,0.90599084,0.5771977,0
1.0,0.90920687,0.5631658,0
1.0,0.9089978,0.55506283,0
1.0,0.9150654,0.5651977,0
1.0,0.9147607,0.5770838,0
1.0,0.9098901,0.5673506,0
1.0,0.8944824,0.54169095,0
1.0,0.8988584,0.55746156,0
1.0,0.9130405,0.5851467,0
1.0,0.91733646,0.5986546,0
1.0,0.90956193,0.59387136,0
1.0,0.8983796,0.58468795,0
1.0,0.89188063,0.61013305,0
1.0,0.8962576,0.6269787,0
1.0,0.8594306,0.56930834,0
1.0,0.8328099,0.5381242,0
1.0,0.81476164,0.5107485,0
1.0,0.8334693,0.52023625,0
1.0,0.7924183,0.4297967,0
1.0,0.812979,0.41026112,0
1.0,0.78442323,0.36716476,0
1.0,0.8308114,0.40588233,0
1.0,0.80105984,0.35496563,0
1.0,0.80899394,0.36900508,0
1.0,0.76745915,0.31977904,0
1.0,0.817862,0.36698872,0
1.0,0.78803015,0.33288634,0
1.0,0.8037448,0.3715729,0
1.0,0.7666897,0.33951092,0
1.0,0.8107907,0.3896789,0
1.0,0.81865716,0.43130243,0
1.0,0.80617464,0.4182642,0
1.0,0.780896,0.3988395,0
1.0,0.8161459,0.47230566,0
1.0,0.8225915,0.4755939,0
1.0,0.8253316,0.48509744,0
1.0,0.8176303,0.4813926,0
1.0,0.83535224,0.50596035,0
1.0,0.8434656,0.5163343,0
1.0,0.8427004,0.49328256,0
1.0,0.84254235,0.48609036,0
1.0,0.8461692,0.4945359,0
1.0,0.86327624,0.5199398,0
1.0,0.832743,0.47849846,0
1.0,0.83024704,0.4528138,0
1.0,0.8272009,0.44213143,0
1.0,0.8581557,0.51732326,0
1.0,0.86495996,0.5657785,0
1.0,0.8718604,0.61286443,0
1.0,0.865304,0.6381824,0
1.0,0.87962085,0.6611134,0
1.0,0.8826445,0.69107956,0
1.0,0.88247705,0.73579895,0
1.0,0.869162,0.7150146,0
1.0,0.89081204,0.73676515,0
1.0,0.9093783,0.76385474,0
1.0,0.90780956,0.7747453,0
1.0,0.8932233,0.7516314,0
1.0,0.9076432,0.7875871,0
1.0,0.9109287,0.752185,0
1.0,0.9051659,0.7046783,0
1.0,0.8826584,0.6693089,0
1.0,0.90297306,0.6679251,0
1.0,0.9068581,0.676339,0
1.0,0.90501535,0.66113055,0
1.0,0.86837727,0.5749438,0
1.0,0.8877426,0.6375237,0
1.0,0.8711263,0.61545336,0
1.0,0.8801085,0.61710143,0
1.0,0.83378845,0.5535934,0
1.0,0.85261136,0.57392085,0
1.0,0.82483625,0.54142994,0
1.0,0.82612413,0.55989313,0
1.0,0.7641699,0.48142424,0
1.0,0.7911364,0.51307356,0
1.0,0.73984927,0.44896552,0
1.0,0.74071646,0.4401136,0
1.0,0.67630506,0.3573643,0
1.0,0.70634985,0.35984898,0
1.0,0.663628,0.2853365,0
1.0,0.6820196,0.2724759,0
1.0,0.63945955,0.20818059,0
1.0,0.67021555,0.22696732,0
1.0,0.7021722,0.24425228,0
1.0,0.7300855,0.22879453,0
1.0,0.72536653,0.22744553,0
1.0,0.74639267,0.26599073,0
1.0,0.78016305,0.29086533,0
1.0,0.7923708,0.2907712,0
1.0,0.7990175,0.29324156,0
1.0,0.81691223,0.30668628,0
1.0,0.8250196,0.3250007,0
1.0,0.80818015,0.31097472,0
1.0,0.8203191,0.31689584,0
1.0,0.845143,0.3294338,0
1.0,0.8460651,0.31081164,0
1.0,0.85740703,0.32451874,0
1.0,0.8815178,0.34458435,0
1.0,0.89080167,0.30770728,0
1.0,0.8951455,0.29332983,0
1.0,0.8908716,0.2770127,0
1.0,0.89234644,0.263842,0
1.0,0.87881976,0.2469661,0
1.0,0.8639282,0.22226243,0
1.0,0.84781194,0.1911003,0
1.0,0.8539252,0.19241402,0
1.0,0.84673464,0.186506,0
1.0,0.84519774,0.18442053,0
1.0,0.8293147,0.16744176,0
1.0,0.832878,0.16237195,0
1.0,0.8169562,0.16027528,0
1.0,0.7820398,0.14410067,0
1.0,0.74770755,0.12528622,0
1.0,0.7589948,0.13639826,0
1.0,0.7407531,0.12349694,0
1.0,0.7682987,0.13935384,0
1.0,0.75830406,0.1391706,0
1.0,0.76126087,0.13157274,0
1.0,0.72476566,0.09202172,0
1.0,0.7232006,0.0884044,0
1.0,0.6726633,0.06333585,0
1.0,0.65143925,0.051706348,0
1.0,0.6773123,0.048761267,0
1.0,0.6473137,0.034868706,0
1.0,0.6619458,0.038206328,0
1.0,0.6608784,0.042159315,0
1.0,0.7332667,0.0686682,0
1.0,0.7477441,0.079835415,0
1.0,0.7820265,0.107356325,0
1.0,0.7798148,0.11538579,0
1.0,0.8218694,0.16549686,0
1.0,0.8104411,0.18197973,0
1.0,0.8290792,0.19812936,0
1.0,0.83489466,0.20254862,0
1.0,0.85315204,0.21984583,0
1.0,0.85571235,0.22847232,0
1.0,0.8807774,0.24918646,0
1.0,0.8915107,0.25058508,0
1.0,0.8936955,0.25355816,0
1.0,0.9005769,0.2586884,0
1.0,0.9087156,0.27677417,0
1.0,0.9181618,0.29473463,0
1.0,0.89503145,0.26091725,0
1.0,0.91218716,0.277035,0
1.0,0.90513206,0.28059947,0
1.0,0.9048891,0.28381824,0
1.0,0.85405886,0.24785641,0
1.0,0.8878655,0.26906115,0
1.0,0.86903745,0.24839774,0
1.0,0.8757534,0.27252966,0
1.0,0.80465484,0.22297984,0
1.0,0.8289466,0.2610585,0
1.0,0.7896911,0.23377456,0
1.0,0.796842,0.24432176,0
1.0,0.7104563,0.17796205,0
1.0,0.7472733,0.21401295,0
1.0,0.70865446,0.1884433,0
1.0,0.7093076,0.18431228,0
1.0,0.68106145,0.1615116,0
1.0,0.70501244,0.18206558,0
1.0,0.6654011,0.1511895,0
1.0,0.63117194,0.12788194,0
1.0,0.6314025,0.11566727,0
1.0,0.6029251,0.089949265,0
1.0,0.5901775,0.087126866,0
1.0,0.5781797,0.08984666,0
1.0,0.6348445,0.117363416,0
1.0,0.60589904,0.10211416,0
1.0,0.66271234,0.13448437,0
1.0,0.6658739,0.1386483,0
1.0,0.72458076,0.1838848,0
1.0,0.6660921,0.14727587,0
1.0,0.6915746,0.16162644,0
1.0,0.6576882,0.14883465,0
1.0,0.71639025,0.19114614,0
1.0,0.67676467,0.16155884,0
1.0,0.725803,0.19029228,0
1.0,0.76167905,0.21476726,0
1.0,0.82247514,0.25261596,0
1.0,0.8066917,0.2413643,0
1.0,0.8350951,0.26487774,0
1.0,0.84809,0.263922,0
1.0,0.85118496,0.24974808,0
1.0,0.8093851,0.19944426,0
1.0,0.81498724,0.1974493,0
1.0,0.84737164,0.21790057,0
1.0,0.84241945,0.21321155,0
1.0,0.8219309,0.20461857,0
1.0,0.8378898,0.21223664,0
1.0,0.8887644,0.2535262,0
1.0,0.8671986,0.23909672,0
1.0,0.8377511,0.21949309,0
1.0,0.79496175,0.18935472,0
1.0,0.8380624,0.22767228,0
1.0,0.7951643,0.19710249,0
1.0,0.7791435,0.18014714,0
1.0,0.75017923,0.1611435,0
1.0,0.82069486,0.19823128,0
1.0,0.78928727,0.16707104,0
1.0,0.79853815,0.17248115,0
1.0,0.74781334,0.13470018,0
1.0,0.76775575,0.14169857,0
1.0,0.69371945,0.10583386,0
1.0,0.6528939,0.09037568,0
1.0,0.62340605,0.085473664,0
1.0,0.70992684,0.104126215,0
1.0,0.63908523,0.07813178,0
1.0,0.69600016,0.10200011,0
1.0,0.65771246,0.08609794,0
1.0,0.69156754,0.100771405,0
1.0,0.62417036,0.08689806,0
1.0,0.6949301,0.1235844,0
1.0,0.70494574,0.13697372,0
1.0,0.7300237,0.1515505,0
1.0,0.70418596,0.13870694,0
1.0,0.76443785,0.17982456,0
1.0,0.76596165,0.18849328,0
1.0,0.7633811,0.19689268,0
1.0,0.74140465,0.17663372,0
1.0,0.7776919,0.19255474,0
1.0,0.7886548,0.20067951,0
1.0,0.7748955,0.19306532,0
1.0,0.73521376,0.1814897,0
1.0,0.7399984,0.17848682,0
1.0,0.7678671,0.20314531,0
1.0,0.7934708,0.23286164,0
1.0,0.7823965,0.23155595,0
1.0,0.8134258,0.29425368,0
1.0,0.8136069,0.31453264,0
1.0,0.79734975,0.33359468,0
1.0,0.7921529,0.35695475,0
1.0,0.8029863,0.37256277,0
1.0,0.84463215,0.4398811,0
1.0,0.85931665,0.49454886,0
1.0,0.8521861,0.50837916,0
1.0,0.8584455,0.52672124,0
1.0,0.85758066,0.53804535,0
1.0,0.871917,0.57462,0
1.0,0.8526274,0.5568198,0
1.0,0.8467116,0.5773434,0
1.0,0.8587739,0.6115125,0
1.0,0.87684083,0.6327723,0
1.0,0.85371226,0.5835817,0
1.0,0.861341,0.6005585,0
1.0,0.8685056,0.6650569,0
1.0,0.89431703,0.75135857,0
1.0,0.87464315,0.7536282,0
1.0,0.89506096,0.82197785,0
1.0,0.8948849,0.8504512,0
1.0,0.89897776,0.90428644,0
1.0,0.87557983,0.8933698,0
1.0,0.8902608,0.92849153,0
1.0,0.88905156,0.9355738,0
1.0,0.89162344,0.97869647,0
1.0,0.87398666,1.004132,0
1.0,0.89813215,1.0797796,0
1.0,0.8890205,1.0520376,0
1.0,0.9019252,1.0747247,0
1.0,0.8925351,1.0707886,0
1.0,0.89852387,1.069,0
1.0,0.9035201,1.07318,0
1.0,0.9023779,1.039119,0
1.0,0.89618856,1.0197184,0
1.0,0.90993065,1.1137819,0
1.0,0.9124742,1.17599,0
1.0,0.9077974,1.1670134,0
1.0,0.9117394,1.1530062,0
1.0,0.9261478,1.1922129,0
1.0,0.9304873,1.2488127,0
1.0,0.92244625,1.3013624,0
1.0,0.93395436,1.3717978,0
1.0,0.938125,1.3859735,0
1.0,0.9397912,1.4080365,0
1.0,0.92897,1.4101257,0
1.0,0.93106157,1.4615169,0
1.0,0.93047416,1.4960432,0
1.0,0.93434227,1.4506168,0
1.0,0.9260499,1.3928666,0
1.0,0.9302932,1.4321954,0
1.0,0.92191523,1.408639,0
1.0,0.93062747,1.4069866,0
1.0,0.92404956,1.3955297,0
1.0,0.92735904,1.3866389,0
1.0,0.9211677,1.4035975,0
1.0,0.9213626,1.4824549,0
1.0,0.9063277,1.4285862,0
1.0,0.9151352,1.399334,0
1.0,0.9051032,1.3682382,0
1.0,0.90787125,1.4172106,0
1.0,0.89889467,1.4939343,0
1.0,0.9054386,1.5424098,0
1.0,0.90144587,1.5420988,0
1.0,0.901593,1.564073,0
1.0,0.8950467,1.5898675,0
1.0,0.88815475,1.6085055,0
1.0,0.88159174,1.5759571,0
1.0,0.8807442,1.5335882,0
1.0,0.8747336,1.4949206,0
1.0,0.8739047,1.4857168,0
1.0,0.87872595,1.500709,0
1.0,0.8872637,1.4717242,0
1.0,0.8943466,1.4030424,0
1.0,0.8952353,1.3802677,0
1.0,0.90328807,1.4204938,0
1.0,0.90888727,1.461109,0
1.0,0.9101127,1.5073891,0
1.0,0.91184765,1.4821014,0
1.0,0.91167915,1.4648285,0
1.0,0.92381245,1.5772924,0
1.0,0.9281684,1.6379899,0
1.0,0.9276737,1.6482862,0
1.0,0.9311949,1.6992424,0
1.0,0.93629825,1.7179368,0
1.0,0.942057,1.7069672,0
1.0,0.9399863,1.7524904,0
1.0,0.93540746,1.7212837,0
1.0,0.94369537,1.6574435,0
1.0,0.94464093,1.6690044,0
1.0,0.94104713,1.6687248,0
1.0,0.93386763,1.6647079,0
1.0,0.94126064,1.6783178,0
1.0,0.9428731,1.5804204,0
1.0,0.9409985,1.517024,0
1.0,0.9334037,1.5151398,0
1.0,0.93912065,1.5595739,0
1.0,0.9415348,1.5461127,0
1.0,0.9434675,1.5175936,0
1.0,0.93722445,1.4551786,0
1.0,0.9418937,1.4725226,0
1.0,0.9371217,1.5504577,0
1.0,0.9358564,1.5924194,0
1.0,0.9386255,1.6093107,0
1.0,0.93658996,1.6141984,0
1.0,0.933626,1.6558053,0
1.0,0.93373394,1.6963015,0
1.0,0.9281927,1.664646,0
1.0,0.9333155,1.6261938,0
1.0,0.9297679,1.5419769,0
1.0,0.9311784,1.5630589,0
1.0,0.9311138,1.5557551,0
1.0,0.9330432,1.4799851,0
1.0,0.9333265,1.4553696,0
1.0,0.9343127,1.3919652,0
1.0,0.9353084,1.3697172,0
1.0,0.9288538,1.4021809,0
1.0,0.9256504,1.3860999,0
1.0,0.9279248,1.3400614,0
1.0,0.9299057,1.3510027,0
1.0,0.92419463,1.4225048,0
1.0,0.9241463,1.4534125,0
1.0,0.92693204,1.4754043,0
1.0,0.93525594,1.5067453,0
1.0,0.93122834,1.4771434,0
1.0,0.93034744,1.525563,0
1.0,0.9279466,1.5836728,0
1.0,0.92537403,1.550046,0
1.0,0.92137927,1.4884393,0
1.0,0.91984344,1.4680817,0
1.0,0.9148179,1.4556384,0
1.0,0.9229441,1.5204021,0
1.0,0.9154387,1.4940739,0
1.0,0.91717535,1.4092093,0
1.0,0.91350514,1.363122,0
1.0,0.9188934,1.4002514,0
1.0,0.9093821,1.4424288,0
1.0,0.9076432,1.4696214,0
1.0,0.9176899,1.4914584,0
1.0,0.92686355,1.500376,0
1.0,0.9218284,1.5480931,0
1.0,0.9283485,1.6636928,0
1.0,0.9316928,1.6837969,0
1.0,0.941778,1.7061999,0
1.0,0.93427783,1.7076383,0
1.0,0.9343843,1.7495693,0
1.0,0.9339232,1.8054559,0
1.0,0.93866384,1.8360513,0
1.0,0.9349171,1.7688308,0
1.0,0.9378472,1.7555649,0
1.0,0.9386234,1.8539429,0
1.0,0.93688107,1.8427345,0
1.0,0.9334203,1.733957,0
1.0,0.9336663,1.7032638,0
1.0,0.93628335,1.6935371,0
1.0,0.92714113,1.659647,0
1.0,0.93089837,1.7054663,0
1.0,0.91699183,1.6522386,0
1.0,0.92552614,1.6398011,0
1.0,0.9207932,1.6327549,0
1.0,0.92651457,1.6879381,0
1.0,0.90806085,1.7297186,0
1.0,0.9113736,1.7557615,0
1.0,0.897266,1.6842425,0
1.0,0.908086,1.7168201,0
1.0,0.886917,1.7089901,0
1.0,0.89494896,1.7765077,0
1.0,0.8923626,1.7319367,0
1.0,0.9102514,1.6916997,0
1.0,0.8941078,1.6174505,0
1.0,0.89832056,1.58743,0
1.0,0.88054436,1.5164356,0
1.0,0.9070161,1.5223768,0
1.0,0.8885657,1.3875844,0
1.0,0.8953529,1.3918445,0
1.0,0.8930515,1.4314083,0
1.0,0.90517265,1.4587789,0
1.0,0.8867904,1.374682,0
1.0,0.9001537,1.3659971,0
1.0,0.90287143,1.3530715,0
1.0,0.91472906,1.4406261,0
1.0,0.90719724,1.4717948,0
1.0,0.9196812,1.4270589,0
1.0,0.9034658,1.4111321,0
1.0,0.9120647,1.4963292,0
1.0,0.9032946,1.4835439,0
1.0,0.9135585,1.4985819,0
1.0,0.9030214,1.457332,0
1.0,0.90663326,1.4373308,0
1.0,0.8895526,1.3884006,0
1.0,0.89370316,1.3910507,0
1.0,0.8667445,1.3248776,0
1.0,0.8741547,1.2880639,0
1.0,0.85497886,1.167547,0
1.0,0.86289066,1.1828656,0
1.0,0.8452715,1.1563102,0
1.0,0.8409016,1.148387,0
1.0,0.83118415,1.1079946,0
1.0,0.8380335,1.1139952,0
1.0,0.821884,1.1242801,0
1.0,0.8304224,1.1528407,0
1.0,0.8286692,1.1277987,0
1.0,0.8235315,1.1443291,0
1.0,0.81596524,1.180423,0
1.0,0.81118757,1.197186,0
1.0,0.83654374,1.2779605,0
1.0,0.82305115,1.2530448,0
1.0,0.8303299,1.2347555,0
1.0,0.82089937,1.1971471,0
1.0,0.8370833,1.2088199,0
1.0,0.8238658,1.1786282,0
1.0,0.82989275,1.1636558,0
1.0,0.83359545,1.0998487,0
1.0,0.8578642,1.1386819,0
1.0,0.85387385,1.2091773,0
1.0,0.8607315,1.2025542,0
1.0,0.8591498,1.1482044,0
1.0,0.8628965,1.1421163,0
1.0,0.852286,1.1279929,0
1.0,0.8607917,1.1475356,0
1.0,0.8580147,1.162747,0
1.0,0.8580497,1.1718469,0
1.0,0.8561565,1.1740677,0
1.0,0.8614303,1.2154498,0
1.0,0.8594297,1.2372735,0
1.0,0.84294385,1.207044,0
1.0,0.8521321,1.1845415,0
1.0,0.8748507,1.1996521,0
1.0,0.8790912,1.2217464,0
1.0,0.85882086,1.2209717,0
1.0,0.8574141,1.178692,0
1.0,0.8741151,1.1517483,0
1.0,0.8628043,1.1157758,0
1.0,0.82678086,1.052963,0
1.0,0.8192058,1.0552866,0
1.0,0.8384955,1.0462306,0
1.0,0.8313672,0.99757963,0
1.0,0.7914583,0.90736705,0
1.0,0.79321074,0.8883612,0
1.0,0.8233542,0.9604354,0
1.0,0.8144268,0.9591731,0
1.0,0.8053538,0.9807489,0
1.0,0.82624584,1.0237657,0
1.0,0.8527018,1.0825101,0
1.0,0.8387313,1.1071321,0
1.0,0.8206728,1.0362762,0
1.0,0.83679974,0.9713711,0
1.0,0.8625857,1.0251505,0
1.0,0.8513767,1.0259573,0
1.0,0.8397597,1.0356466,0
1.0,0.85183966,1.0362341,0
1.0,0.84898674,1.0056816,0
1.0,0.83365273,0.93898004,0
1.0,0.8135007,0.8836657,0
1.0,0.8388054,0.93588483,0
1.0,0.8518833,0.9344397,0
1.0,0.85067564,0.9040798,0
1.0,0.85775155,0.9021913,0
1.0,0.8689501,0.9777646,0
1.0,0.88686484,1.1149734,0
1.0,0.8772474,1.0943713,0
1.0,0.8989766,1.0659926,0
1.0,0.90160346,1.0635407,0
1.0,0.9149168,1.093766,0
1.0,0.9049306,1.0931461,0
1.0,0.9238996,1.1415756,0
1.0,0.92383,1.0780077,0
1.0,0.92453516,1.0706819,0
1.0,0.91561246,1.0847561,0
1.0,0.9263713,1.1123469,0
1.0,0.9146569,1.0778623,0
1.0,0.9199206,1.0409154,0
1.0,0.91985744,1.0003172,0
1.0,0.92444175,0.9928299,0
1.0,0.90910774,1.0183681,0
1.0,0.9136674,1.0178599,0
1.0,0.91234064,0.9651965,0
1.0,0.9118743,0.9650414,0
1.0,0.8932816,0.94176507,0
1.0,0.88954955,0.92538875,0
1.0,0.89787775,0.9220149,0
1.0,0.9000013,0.88216674,0
1.0,0.8876891,0.862386,0
1.0,0.89862514,0.9484256,0
1.0,0.89934963,0.97746354,0
1.0,0.8833205,0.9357287,0
1.0,0.8813932,0.9074961,0
1.0,0.8820342,0.88471997,0
1.0,0.89154875,0.9019257,0
1.0,0.86494863,0.8493557,0
1.0,0.8719605,0.82261264,0
1.0,0.87235326,0.7334261,0
1.0,0.8885083,0.7061315,0
1.0,0.8528113,0.65500164,0
1.0,0.86268914,0.6642275,0
1.0,0.85094035,0.6429589,0
1.0,0.8483097,0.6459445,0
1.0,0.82371116,0.591815,0
1.0,0.85260195,0.65758383,0
1.0,0.88191646,0.7103275,0
1.0,0.8853041,0.6892405,0
1.0,0.8855687,0.69768846,0
1.0,0.90304166,0.72613084,0
1.0,0.9156086,0.75018233,0
1.0,0.8974552,0.7424338,0
1.0,0.8802612,0.7045002,0
1.0,0.89704025,0.6883038,0
1.0,0.90486354,0.7148398,0
1.0,0.8894329,0.7150609,0
1.0,0.88394535,0.73759186,0
1.0,0.8925562,0.7561485,0
1.0,0.9029407,0.7591296,0
1.0,0.88508594,0.7152846,0
1.0,0.8844044,0.70587105,0
1.0,0.88885444,0.71268314,0
1.0,0.9125793,0.6967522,0
1.0,0.8959949,0.6459384,0
1.0,0.9033682,0.658198,0
1.0,0.9102848,0.66520596,0
1.0,0.9249423,0.698555,0
1.0,0.91066587,0.69913435,0
1.0,0.9182036,0.74623144,0
1.0,0.90966976,0.7561242,0
1.0,0.89809215,0.7713584,0
1.0,0.88380617,0.76694024,0
1.0,0.8889944,0.7916161,0
1.0,0.8942114,0.8310481,0
1.0,0.89697844,0.8344319,0
1.0,0.9006981,0.82629114,0
1.0,0.90956503,0.8288621,0
1.0,0.913863,0.79872817,0
1.0,0.9125273,0.7973701,0
1.0,0.9197239,0.8043624,0
1.0,0.92466706,0.79202986,0
1.0,0.9305633,0.8079841,0
1.0,0.91218674,0.76476955,0
1.0,0.9078256,0.7573197,0
1.0,0.89949685,0.73399913,0
1.0,0.89822745,0.69466853,0
1.0,0.8715643,0.656773,0
1.0,0.8660864,0.6280922,0
1.0,0.8540914,0.5868716,0
1.0,0.8641426,0.6294395,0
1.0,0.8380846,0.5922179,0
1.0,0.852805,0.6168232,0
1.0,0.8473986,0.61287236,0
1.0,0.86887074,0.6379593,0
1.0,0.82511336,0.59566206,0
1.0,0.84067243,0.64081705,0
1.0,0.82377774,0.6089937,0
1.0,0.8277612,0.6062522,0
1.0,0.7744256,0.5235375,0
1.0,0.819624,0.55813205,0
1.0,0.80041647,0.5292531,0
1.0,0.8224311,0.54486334,0
1.0,0.718027,0.38163054,0
1.0,0.7660997,0.4408061,0
1.0,0.6909907,0.36477423,0
1.0,0.7122641,0.36438334,0
1.0,0.635857,0.30050597,0
1.0,0.7019223,0.36524653,0
1.0,0.64363706,0.33611846,0
1.0,0.6956472,0.4376487,0
1.0,0.6462915,0.37695432,0
1.0,0.72361463,0.46136755,0
1.0,0.68493974,0.42671636,0
1.0,0.71114194,0.45772287,0
1.0,0.6512457,0.399473,0
1.0,0.7353433,0.49091676,0
1.0,0.6674105,0.411817,0
1.0,0.689926,0.43275654,0
1.0,0.64269006,0.37126714,0
1.0,0.69075197,0.44137833,0
1.0,0.6578587,0.39510918,0
1.0,0.72230506,0.42331395,0
1.0,0.6839116,0.39373022,0
1.0,0.6920743,0.40928623,0
1.0,0.67181474,0.38930738,0
1.0,0.6954637,0.42834228,0
1.0,0.66123194,0.38125932,0
1.0,0.69942206,0.4091296,0
1.0,0.7635973,0.5008368,0
1.0,0.7819772,0.54317343,0
1.0,0.7674107,0.5444467,0
1.0,0.7841768,0.57896054,0
1.0,0.82401973,0.6086241,0
1.0,0.82126373,0.59959453,0
1.0,0.7818834,0.56849855,0
1.0,0.78648627,0.5602039,0
1.0,0.8094366,0.5656149,0
1.0,0.81823516,0.59634095,0
1.0,0.78274304,0.5427296,0
1.0,0.7709554,0.50751674,0
1.0,0.80478144,0.5154277,0
1.0,0.8143827,0.48779124,0
1.0,0.79870236,0.47985432,0
1.0,0.81195766,0.49871635,0
1.0,0.82059366,0.5084173,0
1.0,0.80080235,0.47535485,0
1.0,0.7999838,0.46697164,0
1.0,0.8191021,0.50958836,0
1.0,0.83103114,0.55881214,0
1.0,0.8009409,0.5504839,0
1.0,0.8222458,0.58772904,0
1.0,0.8313608,0.5792576,0
1.0,0.8277126,0.59290123,0
1.0,0.8241741,0.6350347,0
1.0,0.8200888,0.6141899,0
1.0,0.868795,0.68152535,0
1.0,0.86102074,0.6885977,0
1.0,0.85120445,0.6495799,0
1.0,0.84787387,0.62213904,0
1.0,0.88175994,0.6586934,0
1.0,0.8822875,0.63503385,0
1.0,0.8622699,0.60548294,0
1.0,0.86864465,0.6650914,0
1.0,0.88839966,0.7311935,0
1.0,0.8952652,0.76528436,0
1.0,0.89325446,0.75297284,0
1.0,0.89114577,0.7249603,0
1.0,0.9229161,0.7930629,0
1.0,0.91562974,0.80695,0
1.0,0.9220869,0.81793725,0
1.0,0.90203375,0.7901232,0
1.0,0.93052,0.87210304,0
1.0,0.9313985,0.92999804,0
1.0,0.93283683,0.925835,0
1.0,0.91990024,0.8813094,0
1.0,0.94186866,0.92765075,0
1.0,0.9389425,0.910889,0
1.0,0.9242281,0.9019605,0
1.0,0.92289674,0.9217828,0
1.0,0.92448384,0.8875772,0
1.0,0.9333481,0.8636801,0
1.0,0.9086868,0.7971258,0
1.0,0.90843844,0.77465343,0
1.0,0.9065686,0.81339383,0
1.0,0.916374,0.82018936,0
1.0,0.88570464,0.721038,0
1.0,0.88568425,0.7807183,0
1.0,0.8938161,0.82457733,0
1.0,0.89509076,0.813669,0
1.0,0.8452068,0.7482786,0
1.0,0.86300844,0.77458644,0
1.0,0.8661548,0.7915928,0
1.0,0.87957245,0.88581795,0
1.0,0.8226501,0.7912188,0
1.0,0.8510826,0.77894294,0
1.0,0.85067827,0.75651604,0
1.0,0.85594976,0.74518967,0
1.0,0.81239384,0.6782613,0
1.0,0.8316593,0.71660596,0
1.0,0.83571017,0.7036511,0
1.0,0.84613615,0.6988199,0
1.0,0.8257076,0.66877234,0
1.0,0.8216659,0.691146,0
1.0,0.8502414,0.7260779,0
1.0,0.8483474,0.6742383,0
1.0,0.838573,0.67440003,0
1.0,0.8335671,0.71548074,0
1.0,0.8709302,0.7837441,0
1.0,0.8715896,0.7907949,0
1.0,0.8771524,0.78193474,0
1.0,0.8744524,0.77990234,0
1.0,0.8964755,0.888986,0
1.0,0.8907347,0.89774543,0
1.0,0.8914139,0.88720787,0
1.0,0.8871326,0.8759678,0
1.0,0.9058046,0.8661134,0
1.0,0.8998796,0.859796,0
1.0,0.9054648,0.873473,0
1.0,0.9012901,0.79591316,0
1.0,0.9118206,0.7758083,0
1.0,0.90395576,0.76173484,0
1.0,0.9054739,0.7691579,0
1.0,0.89005935,0.7581796,0
1.0,0.88908935,0.7489595,0
1.0,0.8723683,0.66697544,0
1.0,0.8995041,0.69904345,0
1.0,0.88584083,0.69497854,0
1.0,0.894742,0.7150424,0
1.0,0.87856454,0.6902053,0
1.0,0.9175001,0.75614,0
1.0,0.884066,0.7163255,0
1.0,0.88994515,0.73734117,0
1.0,0.8572208,0.7172488,0
1.0,0.90403396,0.7898345,0
1.0,0.86779445,0.6802639,0
1.0,0.8746867,0.68498874,0
1.0,0.84542763,0.640219,0
1.0,0.89035463,0.69310373,0
1.0,0.86103815,0.6219872,0
1.0,0.84955966,0.58199865,0
1.0,0.824086,0.53842485,0
1.0,0.8508547,0.57200176,0
1.0,0.7971314,0.47849664,0
1.0,0.7898539,0.4191103,0
1.0,0.7651494,0.38038665,0
1.0,0.8027718,0.4369799,0
1.0,0.79828,0.45608127,0
1.0,0.82617897,0.54652995,0
1.0,0.8256504,0.56294316,0
1.0,0.82794577,0.5649755,0
1.0,0.84660727,0.6065426,0
1.0,0.85399044,0.63995683,0
1.0,0.8442383,0.624635,0
1.0,0.8391676,0.61343455,0
1.0,0.8656989,0.6547941,0
1.0,0.87589127,0.67639065,0
1.0,0.8692051,0.7048347,0
1.0,0.85710424,0.6970304,0
1.0,0.8714497,0.6907528,0
1.0,0.8899628,0.6895279,0
1.0,0.8882467,0.6746724,0
1.0,0.88676107,0.66411686,0
1.0,0.8956144,0.71000296,0
1.0,0.9104292,0.73984647,0
1.0,0.9057593,0.7100153,0
1.0,0.91411895,0.731951,0
1.0,0.9134232,0.74156404,0
1.0,0.92582566,0.7786262,0
1.0,0.9242479,0.81515205,0
1.0,0.9269218,0.8312996,0
1.0,0.9178309,0.80575824,0
1.0,0.90313524,0.7895399,0
1.0,0.8929116,0.844558,0
1.0,0.9002787,0.9156503,0
1.0,0.88884735,0.8862951,0
1.0,0.88647366,0.88763356,0
1.0,0.8789648,0.8879193,0
1.0,0.8720663,0.86219037,0
1.0,0.87140614,0.8505057,0
1.0,0.86426145,0.78433335,0
1.0,0.8649173,0.76185614,0
1.0,0.8648824,0.78520733,0
1.0,0.8757964,0.8282756,0
1.0,0.85261214,0.8263367,0
1.0,0.85155594,0.8448919,0
1.0,0.8646459,0.8804476,0
1.0,0.86416787,0.93213207,0
1.0,0.85055614,0.9529638,0
1.0,0.8467422,0.9375145,0
1.0,0.84165686,0.93714005,0
1.0,0.848695,0.9921075,0
1.0,0.8309427,1.0293034,0
1.0,0.83524966,1.1014996,0
1.0,0.83693945,1.118945,0
1.0,0.85424906,1.1174867,0
1.0,0.85854965,1.1600664,0
1.0,0.8664871,1.209244,0
1.0,0.86493707,1.2238708,0
1.0,0.8794704,1.29755,0
1.0,0.8732619,1.290009,0
1.0,0.8842014,1.3255216,0
1.0,0.8828667,1.3541434,0
1.0,0.8765593,1.3742216,0
1.0,0.8753758,1.4506128,0
1.0,0.88258654,1.437384,0
1.0,0.8861798,1.4250951,0
1.0,0.87575513,1.5040079,0
1.0,0.87859046,1.5331371,0
1.0,0.87141746,1.5436699,0
1.0,0.8725339,1.6738122,0
1.0,0.8678622,1.7532711,0
1.0,0.8711631,1.8689998,0
1.0,0.88349795,1.9560642,0
1.0,0.8886997,1.9890745,0
1.0,0.8962598,2.0421143,0
1.0,0.9021454,2.0354564,0
1.0,0.9106472,2.0559669,0
1.0,0.9139398,2.106114,0
1.0,0.9102947,2.0907207,0
1.0,0.9128616,2.0542245,0
1.0,0.9178925,2.090877,0
1.0,0.9125842,2.1367116,0
1.0,0.90138686,2.0927186,0
1.0,0.90720326,2.093945,0
1.0,0.91386956,2.087904,0
1.0,0.91299003,2.098102,0
1.0,0.9106839,2.1705434,0
1.0,0.91364294,2.17876,0
1.0,0.920546,2.2044263,0
1.0,0.9185692,2.2512436,0
1.0,0.9167411,2.2556622,0
1.0,0.9187262,2.2823625,0
1.0,0.92663735,2.3187442,0
1.0,0.91809106,2.3134804,0
1.0,0.91811734,2.3244238,0
1.0,0.91328084,2.2621014,0
1.0,0.9133977,2.3063383,0
1.0,0.9022483,2.2785156,0
1.0,0.8982284,2.1776814,0
1.0,0.89371675,2.1869068,0
1.0,0.894723,2.1827502,0
1.0,0.8797937,2.0395303,0
1.0,0.890099,2.0059133,0
1.0,0.8809096,1.9193008,0
1.0,0.8902558,1.9579587,0
1.0,0.87638736,1.9363273,0
1.0,0.88382655,1.9632823,0
1.0,0.8672341,1.9486187,0
1.0,0.8763533,1.9871,0
1.0,0.8633394,1.9598457,0
1.0,0.8758091,1.9921179,0
1.0,0.863865,2.014798,0
1.0,0.8771687,2.0774577,0
1.0,0.8627415,1.9662468,0
1.0,0.88233477,2.0108893,0
1.0,0.8732438,1.9705759,0
1.0,0.8826754,2.0023453,0
1.0,0.8769573,1.998197,0
1.0,0.8918486,1.9745162,0
1.0,0.88318354,1.9473015,0
1.0,0.8905771,1.961548,0
1.0,0.8797211,1.8687558,0
1.0,0.8849466,1.8557043,0
1.0,0.87024856,1.780966,0
1.0,0.8745328,1.7815087,0
1.0,0.86847126,1.7572165,0
1.0,0.85958344,1.7356676,0
1.0,0.85592926,1.7973564,0
1.0,0.8583681,1.7561045,0
1.0,0.86317104,1.7442144,0
1.0,0.8652708,1.7898428,0
1.0,0.8687489,1.7619158,0
1.0,0.8700749,1.7338345,0
1.0,0.8795967,1.7465408,0
1.0,0.86972815,1.7053281,0
1.0,0.8746058,1.7121224,0
1.0,0.86487406,1.6420422,0
1.0,0.8747782,1.6170216,0
1.0,0.86097354,1.515904,0
1.0,0.86533475,1.4703786,0
1.0,0.86528766,1.4443702,0
1.0,0.8744171,1.4136755,0
1.0,0.8524962,1.3255782,0
1.0,0.8582052,1.2839088,0
1.0,0.8604245,1.2213941,0
1.0,0.86562675,1.2296178,0
1.0,0.85002494,1.219761,0
1.0,0.85979474,1.2275089,0
1.0,0.8680379,1.2065723,0
1.0,0.8756054,1.1984645,0
1.0,0.86490965,1.156928,0
1.0,0.8641899,1.1191969,0
1.0,0.879019,1.1373203,0
1.0,0.8755915,1.1131608,0
1.0,0.86247706,1.0634645,0
1.0,0.8450705,1.0225729,0
1.0,0.8563425,1.004062,0
1.0,0.83717656,0.9047577,0
1.0,0.8548885,0.8736487,0
1.0,0.8554548,0.7669571,0
1.0,0.8813612,0.775217,0
1.0,0.8678003,0.74740016,0
1.0,0.88335365,0.7520963,0
1.0,0.88777393,0.7473117,0
1.0,0.9007258,0.75165606,0
1.0,0.87152034,0.6902393,0
1.0,0.89087033,0.6899467,0
1.0,0.888055,0.6545334,0
1.0,0.88446766,0.65105027,0
1.0,0.86006516,0.60516894,0
1.0,0.88098854,0.6434239,0
1.0,0.891552,0.6543096,0
1.0,0.8809392,0.62244123,0
1.0,0.8529158,0.5809653,0
1.0,0.86849946,0.5872874,0
1.0,0.8800229,0.5922682,0
1.0,0.84507704,0.52076226,0
1.0,0.83346254,0.48458192,0
1.0,0.850354,0.46276808,0
1.0,0.88399583,0.47029474,0
1.0,0.88498986,0.46640038,0
1.0,0.8731699,0.43458238,0
1.0,0.8687226,0.44490218,0
1.0,0.8753199,0.46572775,0
1.0,0.8792293,0.4517445,0
1.0,0.86839443,0.43330094,0
1.0,0.8623243,0.43117476,0
1.0,0.87707824,0.45864195,0
1.0,0.8726487,0.45085073,0
1.0,0.8871615,0.46684927,0
1.0,0.8813385,0.46570575,0
1.0,0.8805744,0.4632312,0
1.0,0.90067726,0.4871257,0
1.0,0.9137092,0.5046172,0
1.0,0.91043305,0.46849918,0
1.0,0.89936984,0.4368704,0
1.0,0.8968535,0.43409854,0
1.0,0.8980566,0.435334,0
1.0,0.90226096,0.43112803,0
1.0,0.9012812,0.4072187,0
1.0,0.9215953,0.39502054,0
1.0,0.9064913,0.4010925,0
1.0,0.9094958,0.40398794,0
1.0,0.90158296,0.38667595,0
1.0,0.8732092,0.3532214,0
1.0,0.85320723,0.32155368,0
1.0,0.8553437,0.32918724,0
1.0,0.8615407,0.33210996,0
1.0,0.79651093,0.28512937,0
1.0,0.7819531,0.2842862,0
1.0,0.8104967,0.30723503,0
1.0,0.7846664,0.28655088,0
1.0,0.7183583,0.24002703,0
1.0,0.6674705,0.21136367,0
1.0,0.67477626,0.19615021,0
1.0,0.676437,0.1794911,0
1.0,0.6150836,0.13670215,0
1.0,0.5666643,0.11345096,0
1.0,0.60704863,0.12133625,0
1.0,0.6777891,0.13856295,0
1.0,0.7066138,0.15391229,0
1.0,0.695582,0.14861208,0
1.0,0.70987904,0.15356211,0
1.0,0.7134308,0.15741484,0
1.0,0.62218696,0.11563147,0
1.0,0.6541886,0.12753636,0
1.0,0.7037544,0.17770916,0
1.0,0.7568211,0.23020352,0
1.0,0.77646285,0.2564947,0
1.0,0.80368525,0.27692226,0
1.0,0.85234934,0.32030576,0
1.0,0.87956166,0.3573522,0
1.0,0.8663316,0.36492765,0
1.0,0.8648421,0.3445614,0
1.0,0.88679886,0.35663703,0
1.0,0.9028571,0.38194847,0
1.0,0.86966646,0.3522423,0
1.0,0.8647998,0.3309311,0
1.0,0.8989785,0.35507184,0
1.0,0.9284537,0.3853156,0
1.0,0.9114024,0.36272204,0
1.0,0.89688057,0.3470407,0
1.0,0.9167589,0.3752013,0
1.0,0.92940533,0.40680167,0
1.0,0.90796494,0.36720002,0
1.0,0.8814918,0.32631838,0
1.0,0.920283,0.3997758,0
1.0,0.930894,0.41775376,0
1.0,0.91039294,0.39680916,0
1.0,0.86880505,0.3618264,0
1.0,0.89432657,0.41686335,0
1.0,0.9029798,0.4749492,0
1.0,0.8797687,0.45883122,0
1.0,0.81814283,0.38857332,0
1.0,0.8507014,0.4314386,0
1.0,0.8586537,0.43574068,0
1.0,0.86724645,0.44159693,0
1.0,0.8465389,0.40647143,0
1.0,0.89682263,0.45054418,0
1.0,0.8942698,0.42412245,0
1.0,0.9097431,0.4211529,0
1.0,0.86892843,0.37286884,0
1.0,0.8765793,0.3880593,0
1.0,0.85039496,0.35002506,0
1.0,0.86376363,0.35029837,0
1.0,0.8370211,0.32865703,0
1.0,0.85227746,0.35446063,0
1.0,0.86008316,0.36584073,0
1.0,0.8667742,0.374859,0
1.0,0.8482767,0.379282,0
1.0,0.8374003,0.3858639,0
1.0,0.84961504,0.41581747,0
1.0,0.86243707,0.44131353,0
1.0,0.8563239,0.42165065,0
1.0,0.8562068,0.41086796,0
1.0,0.8636841,0.40515202,0
1.0,0.8786334,0.4317031,0
1.0,0.89604944,0.4607789,0
1.0,0.882039,0.40993053,0
1.0,0.87602484,0.39211923,0
1.0,0.8552516,0.38174158,0
1.0,0.81683856,0.3439753,0
1.0,0.7623191,0.28266174,0
1.0,0.804546,0.29440743,0
1.0,0.7959559,0.2773205,0
1.0,0.85071015,0.35126585,0
1.0,0.84454256,0.35906574,0
1.0,0.8876937,0.42116567,0
1.0,0.8748528,0.45585537,0
1.0,0.898883,0.5078255,0
1.0,0.84985423,0.42937052,0
1.0,0.86527115,0.4632602,0
1.0,0.8616758,0.4862418,0
1.0,0.878779,0.52505744,0
1.0,0.84468514,0.5171008,0
1.0,0.87509435,0.58435756,0
1.0,0.8833537,0.58730257,0
1.0,0.89189315,0.5888143,0
1.0,0.85493004,0.5406829,0
1.0,0.88513225,0.5820837,0
1.0,0.88741934,0.6008553,0
1.0,0.88533187,0.59518546,0
1.0,0.85791034,0.54804707,0
1.0,0.8913371,0.61222744,0
1.0,0.8963566,0.62924004,0
1.0,0.90521425,0.6490006,0
1.0,0.8969731,0.6878238,0
1.0,0.90237707,0.75719965,0
1.0,0.8967024,0.760039,0
1.0,0.88443,0.7489546,0
1.0,0.8769567,0.7636755,0
1.0,0.88074833,0.813918,0
1.0,0.8863723,0.8428274,0
1.0,0.87695456,0.84139144,0
1.0,0.8910003,0.88869643,0
1.0,0.87572503,0.8824128,0
1.0,0.8734767,0.90012085,0
1.0,0.86120176,0.85702056,0
1.0,0.8802285,0.87723714,0
1.0,0.88291955,0.89356416,0
1.0,0.8933941,0.8795472,0
1.0,0.8841225,0.8583063,0
1.0,0.8957048,0.92179394,0
1.0,0.89499223,0.94154704,0
1.0,0.8968609,0.93294644,0
1.0,0.8848631,0.9124918,0
1.0,0.89633733,0.9608904,0
1.0,0.8884049,0.95976627,0
1.0,0.8898578,0.99819434,0
1.0,0.88017875,1.0036712,0
1.0,0.89012384,1.0103798,0
1.0,0.8972815,1.0686607,0
1.0,0.8980457,1.1041458,0
1.0,0.890166,1.079593,0
1.0,0.8989454,1.1248662,0
1.0,0.90023834,1.1072934,0
1.0,0.8998453,1.0836525,0
1.0,0.89249927,1.094132,0
1.0,0.90133697,1.0933776,0
1.0,0.91686773,1.0654905,0
1.0,0.9166997,1.0461036,0
1.0,0.9126543,1.0501248,0
1.0,0.9139806,1.0660739,0
1.0,0.92337245,1.0696293,0
1.0,0.918596,1.0514317,0
1.0,0.90740126,1.0320556,0
1.0,0.91012615,1.0459828,0
1.0,0.9151426,1.090878,0
1.0,0.90589786,1.1328415,0
1.0,0.90407217,1.1889918,0
1.0,0.90614367,1.1980641,0
1.0,0.9163961,1.2010795,0
1.0,0.9216148,1.246511,0
1.0,0.9262397,1.2616698,0
1.0,0.9326488,1.2460679,0
1.0,0.9365645,1.2652929,0
1.0,0.938976,1.2942786,0
1.0,0.93847674,1.3060575,0
1.0,0.93505317,1.2745233,0
1.0,0.928277,1.2456274,0
1.0,0.92897326,1.22826,0
1.0,0.92689663,1.21313,0
1.0,0.92371875,1.2409362,0
1.0,0.9159465,1.2003665,0
1.0,0.91871756,1.1651826,0
1.0,0.91750854,1.2067785,0
1.0,0.9170783,1.2552178,0
1.0,0.90759045,1.3096719,0
1.0,0.9118626,1.3772964,0
1.0,0.92149967,1.3788588,0
1.0,0.9191868,1.366595,0
1.0,0.91688174,1.4228139,0
1.0,0.9191853,1.4810297,0
1.0,0.9372544,1.5468509,0
1.0,0.9346879,1.5419536,0
1.0,0.9363801,1.5369434,0
1.0,0.9299879,1.5205119,0
1.0,0.93591654,1.5354062,0
1.0,0.920029,1.4655848,0
1.0,0.9170924,1.4006197,0
1.0,0.91100055,1.309946,0
1.0,0.91708094,1.2836679,0
1.0,0.9059657,1.289917,0
1.0,0.915859,1.3245504,0
1.0,0.90576506,1.2875001,0
1.0,0.9129728,1.3250858,0
1.0,0.90188324,1.3009496,0
1.0,0.91411835,1.3185012,0
1.0,0.90266496,1.3286097,0
1.0,0.9103767,1.3614941,0
1.0,0.89987665,1.3183105,0
1.0,0.9124201,1.3735143,0
1.0,0.90015817,1.3968654,0
1.0,0.9076381,1.4328916,0
1.0,0.8935121,1.4172394,0
1.0,0.89761555,1.4141469,0
1.0,0.8912549,1.3846595,0
1.0,0.8820789,1.3398874,0
1.0,0.8686219,1.2512932,0
1.0,0.87072235,1.1865287,0
1.0,0.8746714,1.1648939,0
1.0,0.8681415,1.1774483,0
1.0,0.8790391,1.2264179,0
1.0,0.865327,1.1815318,0
1.0,0.8597785,1.1523691,0
1.0,0.85984904,1.1287055,0
1.0,0.8654202,1.1461775,0
1.0,0.8523341,1.1706015,0
1.0,0.8539622,1.226043,0
1.0,0.86073846,1.2771347,0
1.0,0.87382865,1.3312409,0
1.0,0.86484045,1.3421223,0
1.0,0.8714216,1.3767085,0
1.0,0.87601703,1.3788471,0
1.0,0.88433534,1.397184,0
1.0,0.87390345,1.398324,0
1.0,0.8713682,1.3950789,0
1.0,0.874513,1.3686953,0
1.0,0.8805194,1.3905262,0
1.0,0.87067986,1.4255378,0
1.0,0.86131537,1.3606632,0
1.0,0.8623874,1.3276036,0
1.0,0.87005526,1.3548176,0
1.0,0.862494,1.3010128,0
1.0,0.83903044,1.2300525,0
1.0,0.84949845,1.2518901,0
1.0,0.83456975,1.1969833,0
1.0,0.83577114,1.2527565,0
1.0,0.81982785,1.2550769,0
1.0,0.8279196,1.2883966,0
1.0,0.81875736,1.28127,0
1.0,0.8295595,1.3036084,0
1.0,0.8192787,1.2848707,0
1.0,0.8224254,1.2940125,0
1.0,0.8077633,1.2602687,0
1.0,0.82015425,1.2802734,0
1.0,0.79936916,1.229904,0
1.0,0.81045455,1.2646444,0
1.0,0.7864288,1.1954892,0
1.0,0.7954477,1.1571474,0
1.0,0.8028489,1.1038043,0
1.0,0.8228455,1.1184937,0
1.0,0.81656647,1.1525279,0
1.0,0.83810323,1.2354747,0
1.0,0.8593312,1.372832,0
1.0,0.8894853,1.4762213,0
1.0,0.8832687,1.431828,0
1.0,0.8897209,1.4346604,0
1.0,0.904951,1.4592847,0
1.0,0.91125935,1.488218,0
1.0,0.9121942,1.5221014,0
1.0,0.9095888,1.4731855,0
1.0,0.9265263,1.5419211,0
1.0,0.9302732,1.5876702,0
1.0,0.9301465,1.5849901,0
1.0,0.9202209,1.5734167,0
1.0,0.9329492,1.574647,0
1.0,0.9327951,1.5708947,0
1.0,0.932672,1.5977027,0
1.0,0.9159113,1.4936453,0
1.0,0.93676573,1.5093033,0
1.0,0.9374721,1.5065835,0
1.0,0.938802,1.4894159,0
1.0,0.92695725,1.4724251,0
1.0,0.9424332,1.5248847,0
1.0,0.93670446,1.513748,0
1.0,0.93714124,1.5006553,0
1.0,0.9208243,1.4528122,0
1.0,0.9265489,1.5353274,0
1.0,0.9091431,1.5627007,0
1.0,0.9108594,1.5644207,0
1.0,0.89739805,1.5542848,0
1.0,0.9094347,1.6405889,0
1.0,0.9012226,1.6089451,0
1.0,0.8982414,1.5450453,0
1.0,0.88980925,1.4971416,0
1.0,0.89216584,1.4202559,0
1.0,0.88841873,1.4035157,0
1.0,0.88410896,1.3965588,0
1.0,0.88706124,1.3822366,0
1.0,0.89223593,1.4095463,0
1.0,0.8978969,1.4173505,0
1.0,0.89891905,1.4193634,0
1.0,0.9133893,1.478158,0
1.0,0.9136941,1.4976709,0
1.0,0.91996855,1.5711937,0
1.0,0.91473687,1.6048024,0
1.0,0.92132175,1.6629944,0
1.0,0.91617554,1.6756707,0
1.0,0.9248779,1.707274,0
1.0,0.91569245,1.7113016,0
1.0,0.9286238,1.8012414,0
1.0,0.9291499,1.8561814,0
1.0,0.93683374,1.9035395,0
1.0,0.9323775,1.9255624,0
1.0,0.9367204,1.9580226,0
1.0,0.9306874,1.9260545,0
1.0,0.9296283,1.8884467,0
1.0,0.92649436,1.8489461,0
1.0,0.9291811,1.8762211,0
1.0,0.9313704,1.8908275,0
1.0,0.9383873,1.8695827,0
1.0,0.942235,1.9127936,0
1.0,0.95283675,1.937361,0
1.0,0.95053625,1.8954831,0
1.0,0.9538317,1.9557068,0
1.0,0.95075864,1.9603125,0
1.0,0.9543555,1.9543912,0
1.0,0.94676846,1.950084,0
1.0,0.9458998,1.9502356,0
1.0,0.94299734,2.0073931,0
1.0,0.94749135,2.1020145,0
1.0,0.93525094,2.0623994,0
1.0,0.93804675,2.0639486,0
1.0,0.93829006,2.0309649,0
1.0,0.9424665,1.9831669,0
1.0,0.9283259,1.8987662,0
1.0,0.93210274,1.8210521,0
1.0,0.92961586,1.7533696,0
1.0,0.9367157,1.7466601,0
1.0,0.9218575,1.7274733,0
1.0,0.9280293,1.763705,0
1.0,0.9182818,1.6977639,0
1.0,0.9281103,1.7026289,0
1.0,0.9086608,1.6415895,0
1.0,0.9134394,1.6412388,0
1.0,0.8905483,1.5689805,0
1.0,0.8956178,1.5608323,0
1.0,0.86793095,1.5353425,0
1.0,0.8736226,1.5947635,0
1.0,0.84952325,1.558093,0
1.0,0.8627322,1.5744842,0
1.0,0.83824176,1.4350489,0
1.0,0.8477387,1.4248533,0
1.0,0.8349634,1.4044199,0
1.0,0.85236275,1.4957507,0
1.0,0.8457027,1.4987949,0
1.0,0.857201,1.4746146,0
1.0,0.84053546,1.423816,0
1.0,0.8541534,1.4394279,0
1.0,0.8370409,1.3616273,0
1.0,0.85079074,1.3983548,0
1.0,0.8339096,1.3453393,0
1.0,0.84918994,1.3340292,0
1.0,0.836455,1.3134875,0
1.0,0.8520377,1.3833117,0
1.0,0.83642054,1.3538966,0
1.0,0.8480836,1.3828847,0
1.0,0.8321108,1.3531361,0
1.0,0.84245694,1.4024818,0
1.0,0.82842326,1.398545,0
1.0,0.83734035,1.402666,0
1.0,0.83049446,1.3776722,0
1.0,0.84184927,1.4260275,0
1.0,0.8317033,1.3984119,0
1.0,0.8322802,1.4021165,0
1.0,0.82684404,1.3797729,0
1.0,0.8417828,1.3725762,0
1.0,0.8366746,1.3409996,0
1.0,0.8398644,1.3351656,0
1.0,0.8349439,1.303132,0
1.0,0.84624857,1.3057954,0
1.0,0.8347255,1.2574809,0
1.0,0.8425094,1.3112612,0
1.0,0.8397752,1.3641626,0
1.0,0.8456201,1.3916903,0
1.0,0.8494079,1.4045348,0
1.0,0.8591805,1.4060597,0
1.0,0.8547271,1.4135213,0
1.0,0.86818486,1.5332325,0
1.0,0.87104905,1.6433504,0
1.0,0.8881693,1.7705024,0
1.0,0.88964766,1.860157,0
1.0,0.90317667,1.9263077,0
1.0,0.9067378,1.9367651,0
1.0,0.91853297,2.0281305,0
1.0,0.9220886,2.0940018,0
1.0,0.9314116,2.1534257,0
1.0,0.9333523,2.2426414,0
1.0,0.9415346,2.3880353,0
1.0,0.94421285,2.5033503,0
1.0,0.9492871,2.5928288,0
1.0,0.94818556,2.6558793,0
1.0,0.9530405,2.7401104,0
1.0,0.95371324,2.8110752,0
1.0,0.95993817,2.9090693,0
1.0,0.9616274,3.0064347,0
1.0,0.9646167,3.142438,0
1.0,0.9665436,3.314333,0
1.0,0.9692122,3.4930463,0
1.0,0.967371,3.6885402,0
1.0,0.9677829,3.8400762,0
1.0,0.9693905,3.9270709,0
1.0,0.9697178,4.0675917,0
1.0,0.9683584,4.246478,0
1.0,0.96719056,4.349765,0
1.0,0.9677091,4.4204044,0
1.0,0.96671695,4.513714,0
1.0,0.96563494,4.5249624,0
1.0,0.9627089,4.5881767,0
1.0,0.9621771,4.7116103,0
1.0,0.9610573,4.6983547,0
1.0,0.9607775,4.7496185,0
1.0,0.9588675,4.8285956,0
1.0,0.9593833,4.8799343,0
1.0,0.95988107,5.0265274,0
1.0,0.9578733,5.142205,0
1.0,0.95602816,5.192982,0
1.0,0.95643157,5.243594,0
1.0,0.95611817,5.342343,0
1.0,0.95468426,5.4493084,0
1.0,0.95295876,5.4599094,0
1.0,0.95038897,5.4445252,0
1.0,0.9514067,5.4940715,0
1.0,0.9488816,5.542779,0
1.0,0.9505872,5.604967,0
1.0,0.94947106,5.5983143,0
1.0,0.95059335,5.5686207,0
1.0,0.94747305,5.605855,0
1.0,0.9496454,5.6384153,0
1.0,0.94994694,5.5938215,0
1.0,0.9519449,5.5609007,0
1.0,0.9492941,5.498005,0
1.0,0.95170414,5.537586,0
1.0,0.9510597,5.558464,0
1.0,0.9527346,5.6173563,0
1.0,0.9483377,5.6242094,0
1.0,0.948919,5.5965075,0
1.0,0.94805366,5.6779366,0
1.0,0.94663477,5.7480574,0
1.0,0.9441207,5.802266,0
1.0,0.9466709,5.832221,0
1.0,0.9470549,5.796692,0
1.0,0.9457951,5.8823075,0
1.0,0.9433371,5.926614,0
1.0,0.94499123,5.9295273,0
1.0,0.94658685,5.8668213,0
1.0,0.94510925,5.7268715,0
1.0,0.943396,5.649582,0
1.0,0.9421097,5.585537,0
1.0,0.9444895,5.5392213,0
1.0,0.9432654,5.4543114,0
1.0,0.9428731,5.4282656,0
1.0,0.944283,5.4609785,0
1.0,0.94586277,5.5354652,0
1.0,0.94510424,5.5797863,0
1.0,0.9431447,5.5014734,0
1.0,0.9438894,5.4816146,0
1.0,0.94836867,5.492365,0
1.0,0.9483283,5.5001125,0
1.0,0.9470334,5.568091,0
1.0,0.9481935,5.5437374,0
1.0,0.9515213,5.5648317,0
1.0,0.95481116,5.658732,0
1.0,0.95183724,5.5988784,0
1.0,0.95194006,5.526809,0
1.0,0.95284,5.4940968,0
1.0,0.9566804,5.363521,0
1.0,0.953071,5.262921,0
1.0,0.95355594,5.3176575,0
1.0,0.9575126,5.2347956,0
1.0,0.96234024,5.1115484,0
1.0,0.9612378,5.0467997,0
1.0,0.96032107,5.0075297,0
1.0,0.96150553,4.9946947,0
1.0,0.9652927,5.000535,0
1.0,0.9650002,4.9061823,0
1.0,0.96313864,4.8312097,0
1.0,0.96419096,4.9046373,0
1.0,0.96551895,4.9379206,0
1.0,0.96551526,4.940058,0
1.0,0.9664738,5.0069466,0
1.0,0.9675469,5.0357194,0
1.0,0.9690684,5.046374,0
1.0,0.9681101,4.9936066,0
1.0,0.96720004,4.9155836,0
1.0,0.9674202,4.80407,0
1.0,0.96795046,4.6908045,0
1.0,0.9675367,4.6742983,0
1.0,0.9678428,4.629176,0
1.0,0.9689728,4.5937533,0
1.0,0.9691806,4.5147977,0
1.0,0.9694819,4.3200254,0
1.0,0.96828765,4.2506685,0
1.0,0.9677931,4.199152,0
1.0,0.9681966,4.115062,0
1.0,0.96905154,4.118893,0
1.0,0.9696927,4.100422,0
1.0,0.96864754,4.095719,0
1.0,0.9679699,4.127099,0
1.0,0.9660947,4.086195,0
1.0,0.9674259,3.983838,0
1.0,0.96552783,3.9189165,0
1.0,0.9646676,3.9355507,0
1.0,0.9645364,3.9511101,0
1.0,0.96513003,3.9165304,0
1.0,0.9636975,3.8229303,0
1.0,0.9632835,3.6804948,0
1.0,0.96264327,3.5727892,0
1.0,0.9620494,3.4667518,0
1.0,0.9589007,3.3275986,0
1.0,0.95773804,3.285924,0
1.0,0.95718354,3.240323,0
1.0,0.95577097,3.1283188,0
1.0,0.9551301,3.075523,0
1.0,0.9522303,3.0140696,0
1.0,0.9510994,2.9213552,0
1.0,0.94900507,2.8840446,0
1.0,0.9482154,2.8959174,0
1.0,0.94541866,2.860341,0
1.0,0.9426899,2.8206353,0
1.0,0.9390167,2.811006,0
1.0,0.9400016,2.7900572,0
1.0,0.9365113,2.7471602,0
1.0,0.9358465,2.7012317,0
1.0,0.92984957,2.6159606,0
1.0,0.9307271,2.562339,0
1.0,0.9283449,2.4559593,0
1.0,0.92672783,2.3619766,0
1.0,0.92182404,2.2788825,0
1.0,0.91867137,2.184484,0
1.0,0.9123659,2.1102133,0
1.0,0.90496576,2.037098,0
1.0,0.90103376,1.9787095,0
1.0,0.8980128,1.9240348,0
1.0,0.8912377,1.8405344,0
1.0,0.87746423,1.7399669,0
1.0,0.8713896,1.6939971,0
1.0,0.8638164,1.6670518,0
1.0,0.85935664,1.6405885,0
1.0,0.8432212,1.5904186,0
1.0,0.83865225,1.601099,0
1.0,0.82994574,1.6194131,0
1.0,0.8211807,1.5505698,0
1.0,0.8153739,1.4781637,0
1.0,0.8191179,1.4676208,0
1.0,0.8172887,1.4203442,0
1.0,0.8069811,1.356026,0
1.0,0.81449234,1.3345721,0
1.0,0.8084593,1.2454951,0
1.0,0.8194158,1.1732116,0
1.0,0.80304694,1.0854136,0
1.0,0.8101037,1.0704267,0
1.0,0.8028341,1.0277735,0
1.0,0.8202891,1.0437862,0
1.0,0.8207293,1.0562564,0
1.0,0.8395995,1.1454843,0
1.0,0.8392747,1.1627638,0
1.0,0.86223096,1.1897092,0
1.0,0.86688465,1.1832464,0
1.0,0.8852601,1.2069468,0
1.0,0.874101,1.1834197,0
1.0,0.89105755,1.2069803,0
1.0,0.8990537,1.1841648,0
1.0,0.9115176,1.1768193,0
1.0,0.9058523,1.1319883,0
1.0,0.9158507,1.1420574,0
1.0,0.9185011,1.167974,0
1.0,0.9182046,1.1459495,0
1.0,0.90368,1.0707438,0
1.0,0.9065707,1.0454901,0
1.0,0.91781825,1.0439215,0
1.0,0.9070148,1.016038,0
1.0,0.9083283,0.98660755,0
1.0,0.89950335,0.9018626,0
1.0,0.9186272,0.9558268,0
1.0,0.90223396,0.93271875,0
1.0,0.9028903,0.90520763,0
1.0,0.89372003,0.90069705,0
1.0,0.911974,0.9350953,0
1.0,0.88900775,0.8967984,0
1.0,0.8898932,0.95389587,0
1.0,0.8685477,0.96561694,0
1.0,0.891654,1.0078441,0
1.0,0.8716996,0.9389828,0
1.0,0.893197,0.9304725,0
1.0,0.88479847,0.8950788,0
1.0,0.9084251,0.9195097,0
1.0,0.890014,0.82453406,0
1.0,0.89812654,0.78914994,0
1.0,0.8936061,0.76121074,0
1.0,0.9056529,0.79738927,0
1.0,0.88892174,0.77478254,0
1.0,0.90110916,0.76510954,0
1.0,0.905582,0.7710943,0
1.0,0.9060561,0.79232913,0
1.0,0.8860546,0.7644735,0
1.0,0.8844768,0.79626125,0
1.0,0.9034097,0.8545774,0
1.0,0.9081768,0.83790267,0
1.0,0.90312463,0.83694947,0
1.0,0.90821046,0.87305975,0
1.0,0.92786354,0.9087715,0
1.0,0.9277257,0.91044,0
1.0,0.9204654,0.8899891,0
1.0,0.91665524,0.88588476,0
1.0,0.9320124,0.94233006,0
1.0,0.93084145,0.91210407,0
1.0,0.91830623,0.87532926,0
1.0,0.8993554,0.83168936,0
1.0,0.91854906,0.83559847,0
1.0,0.91477853,0.83008325,0
1.0,0.8973287,0.7970565,0
1.0,0.88176954,0.7479739,0
1.0,0.91769964,0.77779007,0
1.0,0.92026657,0.785548,0
1.0,0.9133254,0.7991229,0
1.0,0.9053579,0.8139833,0
1.0,0.9282512,0.8611499,0
1.0,0.92669743,0.85408723,0
1.0,0.9213735,0.892187,0
1.0,0.90746254,0.911679,0
1.0,0.92616796,0.9724741,0
1.0,0.93195885,0.9861526,0
1.0,0.91947,0.9622189,0
1.0,0.9093827,0.9614936,0
1.0,0.9188027,0.9672864,0
1.0,0.92209095,0.9634015,0
1.0,0.90934503,0.96877843,0
1.0,0.8950369,0.9135073,0
1.0,0.91413236,0.92990595,0
1.0,0.9237856,1.0074613,0
1.0,0.91630036,1.0067267,0
1.0,0.9082259,0.9829742,0
1.0,0.924812,1.0395733,0
1.0,0.9313194,1.0600406,0
1.0,0.9119716,1.0204346,0
1.0,0.9022304,1.0446734,0
1.0,0.9066756,1.0609813,0
1.0,0.90707266,1.0824282,0
1.0,0.8817461,1.1292946,0
1.0,0.8708726,1.1576858,0
1.0,0.87425274,1.1859745,0
1.0,0.8899881,1.2453698,0
1.0,0.88693523,1.2313597,0
1.0,0.88580287,1.1993297,0
1.0,0.8931973,1.2152288,0
1.0,0.90010196,1.273799,0
1.0,0.90098506,1.2897544,0
1.0,0.8948895,1.2936784,0
1.0,0.9014839,1.3673444,0
1.0,0.9025395,1.3922611,0
1.0,0.9002545,1.3629684,0
1.0,0.8970858,1.3378735,0
1.0,0.902731,1.3419039,0
1.0,0.89744216,1.3367894,0
1.0,0.891767,1.3510504,0
1.0,0.8827463,1.364947,0
1.0,0.88478297,1.4137305,0
1.0,0.8742195,1.4186327,0
1.0,0.8747714,1.4070611,0
1.0,0.86325306,1.4015056,0
1.0,0.8676552,1.4399745,0
1.0,0.8605828,1.3814883,0
1.0,0.8628901,1.3703842,0
1.0,0.8576678,1.3567805,0
1.0,0.8676683,1.3771651,0
1.0,0.85953504,1.3779467,0
1.0,0.8598089,1.3816918,0
1.0,0.85162115,1.3280311,0
1.0,0.8548734,1.3340565,0
1.0,0.83856446,1.2986584,0
1.0,0.8331706,1.2202046,0
1.0,0.81131226,1.1899884,0
1.0,0.81199914,1.2643461,0
1.0,0.8033822,1.2377157,0
1.0,0.8086996,1.2548591,0
1.0,0.8019351,1.2868915,0
1.0,0.8144096,1.341852,0
1.0,0.8179184,1.3349237,0
1.0,0.83985215,1.3906314,0
1.0,0.8288397,1.3581313,0
1.0,0.838051,1.3702252,0
1.0,0.83225,1.3790562,0
1.0,0.84195155,1.3797466,0
1.0,0.8363445,1.3644593,0
1.0,0.8496575,1.4341172,0
1.0,0.8467206,1.4284556,0
1.0,0.8662744,1.4696006,0
1.0,0.8643392,1.435693,0
1.0,0.87355435,1.4124546,0
1.0,0.873239,1.3887217,0
1.0,0.87850034,1.4473273,0
1.0,0.8778078,1.4512529,0
1.0,0.88548356,1.4377525,0
1.0,0.892525,1.463579,0
1.0,0.90098006,1.4793065,0
1.0,0.9019787,1.532204,0
1.0,0.9018215,1.5869613,0
1.0,0.9080235,1.5956404,0
1.0,0.9090975,1.6262579,0
1.0,0.9040714,1.6385784,0
1.0,0.8971898,1.6227257,0
1.0,0.90167654,1.617257,0
1.0,0.88860154,1.5920514,0
1.0,0.8902844,1.5451837,0
1.0,0.8840557,1.4307859,0
1.0,0.8942688,1.4657612,0
1.0,0.89218026,1.468179,0
1.0,0.8916803,1.4314818,0
1.0,0.8929327,1.4184215,0
1.0,0.8982088,1.4107099,0
1.0,0.88846993,1.4137646,0
1.0,0.8810837,1.4404513,0
1.0,0.87612885,1.4010755,0
1.0,0.8879964,1.4046204,0
1.0,0.8812733,1.4011312,0
1.0,0.8664888,1.3842086,0
1.0,0.8660739,1.4073867,0
1.0,0.8667211,1.3936491,0
1.0,0.8713359,1.3950783,0
1.0,0.85468924,1.3771464,0
1.0,0.86011016,1.4172878,0
1.0,0.85867786,1.4490396,0
1.0,0.85945046,1.4158351,0
1.0,0.8469399,1.3888764,0
1.0,0.85247153,1.423151,0
1.0,0.84622556,1.425533,0
1.0,0.84972876,1.4599406,0
1.0,0.8360773,1.3739485,0
1.0,0.847182,1.3494719,0
1.0,0.84949744,1.359376,0
1.0,0.8469901,1.345469,0
1.0,0.85907274,1.3862002,0
1.0,0.8461961,1.3635576,0
1.0,0.86682034,1.439953,0
1.0,0.84951085,1.4248879,0
1.0,0.85285455,1.4846089,0
1.0,0.83846235,1.5091732,0
1.0,0.8504021,1.5267727,0
1.0,0.8418536,1.5095477,0
1.0,0.849426,1.5567365,0
1.0,0.83217627,1.5391697,0
1.0,0.85537535,1.6403313,0
1.0,0.838123,1.5640891,0
1.0,0.8579885,1.5564277,0
1.0,0.83910215,1.5147387,0
1.0,0.8593059,1.5419273,0
1.0,0.8344309,1.482017,0
1.0,0.86339146,1.5578825,0
1.0,0.8421027,1.4322512,0
1.0,0.86890656,1.4873711,0
1.0,0.8492545,1.4656445,0
1.0,0.8748371,1.5147587,0
1.0,0.84888357,1.4609661,0
1.0,0.87556684,1.5271734,0
1.0,0.8496586,1.4617233,0
1.0,0.8570871,1.5034845,0
1.0,0.82775563,1.4231744,0
1.0,0.8469383,1.4247326,0
1.0,0.8288113,1.3672421,0
1.0,0.8429179,1.4091232,0
1.0,0.8218865,1.3688296,0
1.0,0.8488191,1.4341991,0
1.0,0.8223032,1.3460436,0
1.0,0.8485291,1.3507049,0
1.0,0.8351999,1.2805502,0
1.0,0.8548436,1.2832034,0
1.0,0.8376144,1.2107394,0
1.0,0.8626944,1.2208815,0
1.0,0.8451528,1.1277028,0
1.0,0.8643218,1.1423717,0
1.0,0.8399766,1.0892495,0
1.0,0.85393506,1.0990868,0
1.0,0.8414491,1.0271393,0
1.0,0.86179596,1.0326933,0
1.0,0.83966553,0.99121577,0
1.0,0.8597008,1.0317022,0
1.0,0.85161495,1.0452592,0
1.0,0.8622463,1.077623,0
1.0,0.86255383,1.0636204,0
1.0,0.86682975,1.0475428,0
1.0,0.86587274,1.0403913,0
1.0,0.87598914,1.04702,0
1.0,0.8898923,1.0228775,0
1.0,0.89820755,1.0300338,0
1.0,0.8966495,1.0005057,0
1.0,0.8989016,0.9619037,0
1.0,0.90556115,0.97475743,0
1.0,0.89750284,0.8958851,0
1.0,0.87543976,0.810603,0
1.0,0.8885133,0.80701673,0
1.0,0.8987926,0.7989168,0
1.0,0.89936554,0.79695654,0
1.0,0.88747084,0.7613913,0
1.0,0.8964951,0.7435982,0
1.0,0.92194873,0.7860225,0
1.0,0.92941624,0.84820914,0
1.0,0.9252644,0.859755,0
1.0,0.93264395,0.8655567,0
1.0,0.9484166,0.8739207,0
1.0,0.94762206,0.8426023,0
1.0,0.93297565,0.8172413,0
1.0,0.93971694,0.8801968,0
1.0,0.9507959,0.88575405,0
1.0,0.9518091,0.8515627,0
1.0,0.93600583,0.8246465,0
1.0,0.92905456,0.77784586,0
1.0,0.9253877,0.7365268,0
1.0,0.92035615,0.72968584,0
1.0,0.9021129,0.63122207,0
1.0,0.887703,0.58321023,0
1.0,0.8929519,0.61827165,0
1.0,0.88429,0.585245,0
1.0,0.8788235,0.56500685,0
1.0,0.8299818,0.5034087,0
1.0,0.8469503,0.5167826,0
1.0,0.829326,0.4889748,0
1.0,0.820054,0.55956006,0
1.0,0.74634665,0.4736247,0
1.0,0.7544216,0.45402956,0
1.0,0.7209308,0.4160634,0
1.0,0.6853204,0.3813975,0
1.0,0.60276973,0.32291874,0
1.0,0.5766932,0.30019444,0
1.0,0.5803501,0.29687285,0
1.0,0.5625854,0.27316058,0
1.0,0.50086105,0.2322671,0
1.0,0.46487325,0.20980006,0
1.0,0.4877363,0.19351277,0
1.0,0.46473315,0.17784731,0
1.0,0.4835768,0.18372259,0
1.0,0.4466064,0.17143339,0
1.0,0.5027603,0.19150755,0
1.0,0.43293235,0.1708504,0
1.0,0.50016195,0.15822966,0
1.0,0.43352106,0.14672804,0
1.0,0.5028533,0.17016658,0
1.0,0.4481583,0.1495623,0
1.0,0.49842277,0.16522104,0
1.0,0.44141424,0.15746394,0
1.0,0.503315,0.15981677,0
1.0,0.4463707,0.15836498,0
1.0,0.54856074,0.19492017,0
1.0,0.4735643,0.1548819,0
1.0,0.61492497,0.20546989,0
1.0,0.5209321,0.16770262,0
1.0,0.5870865,0.19786093,0
1.0,0.5709538,0.1903701,0
1.0,0.6300304,0.2085805,0
1.0,0.6273159,0.13623926,0
1.0,0.6535786,0.13053663,0
1.0,0.6834954,0.15073282,0
1.0,0.7426745,0.1782034,0
1.0,0.76835775,0.2106368,0
1.0,0.8051354,0.22570929,0
1.0,0.8012295,0.2193948,0
1.0,0.8524114,0.2734828,0
1.0,0.84065366,0.2823308,0
1.0,0.8417594,0.27748096,0
1.0,0.8208354,0.2540072,0
1.0,0.86405426,0.29040277,0
1.0,0.8460615,0.28205392,0
1.0,0.86560917,0.32207814,0
1.0,0.82103884,0.28033245,0
1.0,0.8426522,0.2963593,0
1.0,0.8207161,0.27950424,0
1.0,0.8084009,0.27190927,0
1.0,0.7836651,0.2307384,0
1.0,0.76736325,0.21062052,0
1.0,0.78403425,0.22128749,0
1.0,0.7669484,0.21137446,0
1.0,0.72180325,0.19042927,0
1.0,0.70014733,0.20214128,0
1.0,0.6781606,0.17140552,0
1.0,0.6787889,0.15915485,0
1.0,0.5827874,0.14337748,0
1.0,0.5911751,0.14766014,0
1.0,0.52987915,0.13391474,0
1.0,0.52287227,0.13066722,0
1.0,0.47964343,0.12248796,0
1.0,0.46283445,0.11903803,0
1.0,0.4496339,0.11130209,0
1.0,0.47795263,0.11953324,0
1.0,0.4792373,0.12045935,0
1.0,0.47804374,0.11984694,0
1.0,0.475,0.120997615,0
1.0,0.5473134,0.13337043,0
1.0,0.55833364,0.13768873,0
1.0,0.58498675,0.14538023,0
1.0,0.60131675,0.13675976,0
1.0,0.6380121,0.15189095,0
1.0,0.6392497,0.15847793,0
1.0,0.62033165,0.14790055,0
1.0,0.6336368,0.16321257,0
1.0,0.68030745,0.17628296,0
1.0,0.6861931,0.17669684,0
1.0,0.6783848,0.17611328,0
1.0,0.6790389,0.19097,0
1.0,0.71300024,0.23113164,0
1.0,0.7248519,0.24769393,0
1.0,0.68696415,0.2191589,0
1.0,0.72235256,0.2574029,0
1.0,0.7100958,0.26468402,0
1.0,0.7236232,0.28284413,0
1.0,0.68220186,0.22641131,0
1.0,0.7603238,0.29178363,0
1.0,0.72123355,0.2684591,0
1.0,0.74576104,0.27541465,0
1.0,0.6856772,0.21737128,0
1.0,0.7762731,0.2952128,0
1.0,0.709097,0.22592647,0
1.0,0.70887053,0.23883161,0
1.0,0.653581,0.21762392,0
1.0,0.7380191,0.2728461,0
1.0,0.6969694,0.23933762,0
1.0,0.73455817,0.26925176,0
1.0,0.7318533,0.2775327,0
1.0,0.80207,0.36030895,0
1.0,0.7669129,0.3283146,0
1.0,0.7800995,0.34751213,0
1.0,0.7327369,0.3054661,0
1.0,0.7906616,0.382456,0
1.0,0.7515069,0.3527398,0
1.0,0.7655765,0.37124872,0
1.0,0.72725785,0.3317354,0
1.0,0.7821136,0.37722546,0
1.0,0.7713523,0.36365414,0
1.0,0.7958575,0.39947498,0
1.0,0.77336955,0.36139768,0
1.0,0.7856219,0.35576376,0
1.0,0.7996321,0.34649855,0
1.0,0.8008287,0.3524874,0
1.0,0.8025051,0.38227475,0
1.0,0.7691717,0.34433383,0
1.0,0.8032675,0.37599808,0
1.0,0.82717454,0.40372393,0
1.0,0.8430332,0.4263857,0
1.0,0.828765,0.424843,0
1.0,0.8537497,0.46765977,0
1.0,0.8332782,0.4520275,0
1.0,0.8182568,0.4531475,0
1.0,0.7871848,0.4435222,0
1.0,0.83254707,0.5099618,0
1.0,0.8304875,0.48693404,0
1.0,0.8578528,0.5069294,0
1.0,0.8397256,0.4841932,0
1.0,0.8852376,0.53338504,0
1.0,0.8873023,0.52835816,0
1.0,0.89869654,0.5363774,0
1.0,0.8776716,0.4928071,0
1.0,0.90294236,0.53210044,0
1.0,0.8846773,0.53954744,0
1.0,0.88826936,0.5632652,0
1.0,0.88718176,0.56771815,0
1.0,0.9214956,0.62134373,0
1.0,0.90460116,0.59608626,0
1.0,0.91505134,0.62218547,0
1.0,0.9113976,0.64397085,0
1.0,0.9219378,0.70111275,0
1.0,0.89525723,0.68906987,0
1.0,0.8829728,0.690901,0
1.0,0.89358914,0.73351204,0
1.0,0.89788264,0.76878047,0
1.0,0.88802016,0.78288805,0
1.0,0.89488554,0.78964067,0
1.0,0.90790004,0.81283474,0
1.0,0.90551484,0.8215538,0
1.0,0.8915266,0.79462224,0
1.0,0.8861936,0.78935075,0
1.0,0.9044148,0.8365091,0
1.0,0.90245235,0.828886,0
1.0,0.88145506,0.79012764,0
1.0,0.884108,0.8266324,0
1.0,0.8994697,0.88902557,0
1.0,0.9014251,0.91985476,0
1.0,0.8850479,0.9584831,0
1.0,0.892638,1.0335786,0
1.0,0.88809395,1.0777366,0
1.0,0.86797476,1.142138,0
1.0,0.85291773,1.1632435,0
1.0,0.849042,1.1825755,0
1.0,0.8644806,1.2737393,0
1.0,0.8651594,1.2997329,0
1.0,0.85469246,1.2759217,0
1.0,0.8726941,1.3445463,0
1.0,0.86934245,1.3522661,0
1.0,0.87571234,1.384689,0
1.0,0.85919905,1.374681,0
1.0,0.8703636,1.4114147,0
1.0,0.8629189,1.4129788,0
1.0,0.8715931,1.4546404,0
1.0,0.85745996,1.4298081,0
1.0,0.86945754,1.5038235,0
1.0,0.8577636,1.5504462,0
1.0,0.8645085,1.5945122,0
1.0,0.8574158,1.5703961,0
1.0,0.8637611,1.6033797,0
1.0,0.8583791,1.6798215,0
1.0,0.86901456,1.77181,0
1.0,0.8669637,1.8101952,0
1.0,0.87708414,1.955089,0
1.0,0.8767608,2.0286784,0
1.0,0.8855073,2.1046827,0
1.0,0.8874076,2.154908,0
1.0,0.891253,2.1937556,0
1.0,0.89222866,2.2191503,0
1.0,0.89948183,2.2386258,0
1.0,0.90407586,2.2358057,0
1.0,0.898387,2.1876326,0
1.0,0.9033251,2.1953125,0
1.0,0.90530276,2.1671925,0
1.0,0.911548,2.1739905,0
1.0,0.9074255,2.2225347,0
1.0,0.9178992,2.2943196,0
1.0,0.9168125,2.3674207,0
1.0,0.9269128,2.477523,0
1.0,0.92544377,2.488411,0
1.0,0.93243504,2.5525205,0
1.0,0.9353042,2.6023903,0
1.0,0.9396607,2.670508,0
1.0,0.9421425,2.766436,0
1.0,0.94644296,2.835001,0
1.0,0.9436376,2.8527937,0
1.0,0.9459078,2.932343,0
1.0,0.9442386,2.9537477,0
1.0,0.94780236,2.923397,0
1.0,0.94342935,2.917913,0
1.0,0.9458827,2.9298549,0
1.0,0.94560677,2.9303539,0
1.0,0.9472611,2.9594843,0
1.0,0.9479516,2.9992158,0
1.0,0.95069546,3.0478535,0
1.0,0.9561572,3.022562,0
1.0,0.95812887,3.0271533,0
1.0,0.9562976,3.0689278,0
1.0,0.9595204,3.0851836,0
1.0,0.96371555,3.1149583,0
1.0,0.96436685,3.1711123,0
1.0,0.96533346,3.3106716,0
1.0,0.9673665,3.5037906,0
1.0,0.9703564,3.6450174,0
1.0,0.97183686,3.6929965,0
1.0,0.9713859,3.654955,0
1.0,0.9719768,3.7028658,0
1.0,0.9715955,3.8174455,0
1.0,0.97265685,3.8459675,0
1.0,0.971476,3.827231,0
1.0,0.9724023,3.7649293,0
1.0,0.9721362,3.7551746,0
1.0,0.97300816,3.850339,0
1.0,0.97115237,3.8618042,0
1.0,0.9726706,3.8281608,0
1.0,0.97298414,3.8369231,0
1.0,0.97378564,3.894663,0
1.0,0.97182864,3.9420667,0
1.0,0.97284025,3.9964821,0
1.0,0.97180563,4.0634923,0
1.0,0.9731214,4.173766,0
1.0,0.9719591,4.255827,0
1.0,0.97265965,4.3520193,0
1.0,0.97158784,4.4104958,0
1.0,0.9725567,4.3732133,0
1.0,0.97131705,4.361891,0
1.0,0.97131395,4.435294,0
1.0,0.9707163,4.4800386,0
1.0,0.9735301,4.469297,0
1.0,0.97476757,4.4043665,0
1.0,0.97403044,4.400928,0
1.0,0.97349894,4.427736,0
1.0,0.97431856,4.4198956,0
1.0,0.9746674,4.335541,0
1.0,0.9734735,4.190132,0
1.0,0.97335047,4.145697,0
1.0,0.97311425,4.156153,0
1.0,0.972231,4.297646,0
1.0,0.97163785,4.3713665,0
1.0,0.971168,4.211951,0
1.0,0.97299296,4.2025633,0
1.0,0.97155637,4.2367144,0
1.0,0.97110873,4.2742453,0
1.0,0.97205657,4.3377905,0
1.0,0.9731569,4.2581234,0
1.0,0.972971,4.228321,0
1.0,0.9728943,4.314269,0
1.0,0.9728042,4.341998,0
1.0,0.97329134,4.2336206,0
1.0,0.9740689,4.1225796,0
1.0,0.97402817,4.036666,0
1.0,0.974065,3.9348931,0
1.0,0.9738055,3.8824615,0
1.0,0.9760637,3.8480234,0
1.0,0.97544485,3.7745705,0
1.0,0.9765217,3.7309823,0
1.0,0.97430974,3.707595,0
1.0,0.9711929,3.7047453,0
1.0,0.97064734,3.6495996,0
1.0,0.97238976,3.625943,0
1.0,0.9724047,3.6165342,0
1.0,0.97171044,3.6334481,0
1.0,0.9712525,3.7592013,0
1.0,0.97228134,3.6958842,0
1.0,0.97139245,3.5652163,0
1.0,0.97107553,3.5815146,0
1.0,0.96904624,3.5104375,0
1.0,0.96651167,3.391409,0
1.0,0.96587855,3.3595285,0
1.0,0.9645957,3.222423,0
1.0,0.9625581,3.11451,0
1.0,0.960484,3.0836697,0
1.0,0.95560193,2.9777646,0
1.0,0.952761,2.9212623,0
1.0,0.94790375,2.8729727,0
1.0,0.9476592,2.7659156,0
1.0,0.94620776,2.7102523,0
1.0,0.9359125,2.690126,0
1.0,0.93395495,2.614842,0
1.0,0.93095124,2.4932628,0
1.0,0.93370974,2.4917943,0
1.0,0.9259779,2.4819262,0
1.0,0.92455727,2.492735,0
1.0,0.9190619,2.4684815,0
1.0,0.92132926,2.3890429,0
1.0,0.91491514,2.2933464,0
1.0,0.9175883,2.270649,0
1.0,0.91162485,2.255561,0
1.0,0.92058825,2.2577505,0
1.0,0.91333413,2.1222775,0
1.0,0.9214258,2.03004,0
1.0,0.9209415,1.9374167,0
1.0,0.92054087,1.9380898,0
1.0,0.91787106,1.8888216,0
1.0,0.9253581,1.7444773,0
1.0,0.92875725,1.7200093,0
1.0,0.9353229,1.7402716,0
1.0,0.9280179,1.6934342,0
1.0,0.9284422,1.7022803,0
1.0,0.9259126,1.7179878,0
1.0,0.92648566,1.724245,0
1.0,0.921368,1.6943294,0
1.0,0.9165721,1.6664419,0
1.0,0.91776067,1.6873475,0
1.0,0.9126948,1.6683121,0
1.0,0.91696566,1.5951837,0
1.0,0.91192037,1.5260608,0
1.0,0.913735,1.548404,0
1.0,0.9106417,1.5313859,0
1.0,0.91067165,1.4708759,0
1.0,0.90985864,1.419764,0
1.0,0.9138422,1.393698,0
1.0,0.90180343,1.3550109,0
1.0,0.8993846,1.3194987,0
1.0,0.89480424,1.2291896,0
1.0,0.9012579,1.2337441,0
1.0,0.8903036,1.2174268,0
1.0,0.89108926,1.2264237,0
1.0,0.8780216,1.2244813,0
1.0,0.8788691,1.1946274,0
1.0,0.8806628,1.1498407,0
1.0,0.8942553,1.1608633,0
1.0,0.8971211,1.2000722,0
1.0,0.90271604,1.2424047,0
1.0,0.9066588,1.220485,0
1.0,0.91501546,1.240534,0
1.0,0.92647517,1.2609799,0
1.0,0.92085683,1.2545497,0
1.0,0.9216173,1.2706585,0
1.0,0.9183439,1.1976832,0
1.0,0.9264733,1.1766479,0
1.0,0.9160598,1.140206,0
1.0,0.91372377,1.0788047,0
1.0,0.91026264,1.0559453,0
1.0,0.918324,1.0669537,0
1.0,0.91343045,1.0316532,0
1.0,0.9122209,1.0243983,0
1.0,0.9146794,1.080346,0
1.0,0.9185562,1.1142753,0
1.0,0.91312844,1.0681425,0
1.0,0.91097665,1.0566278,0
1.0,0.9114587,1.0743331,0
1.0,0.9143636,1.0973,0
1.0,0.91323316,1.103574,0
1.0,0.9063253,1.093121,0
1.0,0.90377986,1.1115452,0
1.0,0.90782624,1.1317933,0
1.0,0.9026567,1.1019362,0
1.0,0.8832968,1.0505936,0
1.0,0.87802714,1.0095181,0
1.0,0.8858169,0.95897853,0
1.0,0.89617103,0.94469595,0
1.0,0.898993,0.97434336,0
1.0,0.8983745,1.0080332,0
1.0,0.9032774,1.0254514,0
1.0,0.9224987,1.0503747,0
1.0,0.9231614,1.0474396,0
1.0,0.9227889,1.0565243,0
1.0,0.921866,1.0687699,0
1.0,0.9384788,1.1142468,0
1.0,0.9340176,1.0919757,0
1.0,0.9282781,1.0999773,0
1.0,0.9108951,1.1176386,0
1.0,0.9309773,1.1357595,0
1.0,0.9322181,1.1301457,0
1.0,0.9305015,1.1764879,0
1.0,0.9186263,1.1047775,0
1.0,0.9339978,1.1156166,0
1.0,0.9293344,1.1514971,0
1.0,0.92517245,1.1012369,0
1.0,0.9131263,1.0606682,0
1.0,0.9291113,1.1242518,0
1.0,0.92423326,1.1102142,0
1.0,0.9209736,1.068769,0
1.0,0.9035731,1.0265753,0
1.0,0.92335844,1.0879631,0
1.0,0.9135092,1.0546855,0
1.0,0.90836555,1.0509443,0
1.0,0.8872203,1.0535017,0
1.0,0.90092915,1.1170282,0
1.0,0.8859014,1.1238744,0
1.0,0.87302417,1.100962,0
1.0,0.85686386,1.0912642,0
1.0,0.87237746,1.1953137,0
1.0,0.87160474,1.2184229,0
1.0,0.8871471,1.2583158,0
1.0,0.896208,1.2819875,0
1.0,0.91255987,1.327117,0
1.0,0.9053834,1.3077843,0
1.0,0.9054765,1.2847699,0
1.0,0.9004208,1.2629794,0
1.0,0.9096982,1.2706007,0
1.0,0.89680976,1.2820055,0
1.0,0.9010431,1.3325875,0
1.0,0.8928643,1.2775283,0
1.0,0.90846205,1.3294597,0
1.0,0.9031482,1.372563,0
1.0,0.9087082,1.4191439,0
1.0,0.90658194,1.519103,0
1.0,0.9259309,1.6359031,0
1.0,0.9259428,1.5970961,0
1.0,0.9288573,1.6184044,0
1.0,0.93047345,1.650275,0
1.0,0.9358564,1.6463819,0
1.0,0.93608034,1.7319629,0
1.0,0.9368362,1.8131297,0
1.0,0.93597525,1.8268319,0
1.0,0.9423218,1.8752924,0
1.0,0.94020313,1.9006152,0
1.0,0.92783004,1.8564892,0
1.0,0.9236847,1.7770464,0
1.0,0.9273925,1.7411183,0
1.0,0.9311073,1.7405972,0
1.0,0.9245601,1.7379242,0
1.0,0.92715824,1.7612001,0
1.0,0.93510866,1.7265325,0
1.0,0.9380946,1.7512722,0
1.0,0.93196845,1.7630451,0
1.0,0.9306637,1.7367029,0
1.0,0.93501407,1.77916,0
1.0,0.9376683,1.8128551,0
1.0,0.928194,1.8158683,0
1.0,0.9263038,1.8662786,0
1.0,0.9211311,1.8773658,0
1.0,0.9235865,1.8556709,0
1.0,0.91211486,1.7989945,0
1.0,0.9043432,1.794533,0
1.0,0.90436983,1.8460631,0
1.0,0.90655595,1.8838222,0
1.0,0.88882595,1.7575111,0
1.0,0.89044386,1.675251,0
1.0,0.8897781,1.6276498,0
1.0,0.9008321,1.6732376,0
1.0,0.8950222,1.6695287,0
1.0,0.9011076,1.6693785,0
1.0,0.8946223,1.7032087,0
1.0,0.8982989,1.6687617,0
1.0,0.88944757,1.6226406,0
1.0,0.89278466,1.6635523,0
1.0,0.874867,1.6093358,0
1.0,0.88460195,1.6888041,0
1.0,0.87512183,1.6997944,0
1.0,0.8906056,1.7643447,0
1.0,0.87646896,1.7670116,0
1.0,0.8911524,1.8731029,0
1.0,0.892432,1.9520383,0
1.0,0.90872544,2.027453,0
1.0,0.9020285,2.0454745,0
1.0,0.91489446,2.0540075,0
1.0,0.9134914,2.034314,0
1.0,0.92262137,2.0760188,0
1.0,0.917573,2.020221,0
1.0,0.9152899,2.0354774,0
1.0,0.91877663,2.0777235,0
1.0,0.9188164,2.0606227,0
1.0,0.9179306,2.0602627,0
1.0,0.9155556,2.0898185,0
1.0,0.91396177,2.129148,0
1.0,0.9112907,2.1936173,0
1.0,0.9170721,2.2952814,0
1.0,0.9192998,2.2852228,0
1.0,0.92709965,2.3720307,0
1.0,0.92803085,2.4686298,0
1.0,0.93964285,2.5415876,0
1.0,0.9374435,2.5855908,0
1.0,0.94494796,2.6475282,0
1.0,0.94405264,2.685874,0
1.0,0.95064217,2.6947594,0
1.0,0.9475543,2.666729,0
1.0,0.9495309,2.6926813,0
1.0,0.9413931,2.7043977,0
1.0,0.9456849,2.734436,0
1.0,0.94382316,2.6736066,0
1.0,0.9475801,2.6724153,0
1.0,0.9423792,2.6686447,0
1.0,0.94663525,2.6986032,0
1.0,0.9482487,2.7575538,0
1.0,0.95369023,2.7765527,0
1.0,0.9516132,2.7777905,0
1.0,0.95758444,2.8775704,0
1.0,0.9571593,2.9390476,0
1.0,0.9621372,2.9561696,0
1.0,0.9593581,2.9978697,0
1.0,0.96217775,3.0683324,0
1.0,0.9590039,3.0815501,0
1.0,0.96286345,3.1576643,0
1.0,0.9592059,3.170902,0
1.0,0.9612974,3.213104,0
1.0,0.9591645,3.2120526,0
1.0,0.96057516,3.1832936,0
1.0,0.9570353,3.1242712,0
1.0,0.95960087,3.0088813,0
1.0,0.95866835,2.981435,0
1.0,0.9601759,2.9930654,0
1.0,0.95834464,2.9459324,0
1.0,0.9598133,2.959742,0
1.0,0.95809,2.9654636,0
1.0,0.9572064,2.9900641,0
1.0,0.95625275,3.000493,0
1.0,0.9594142,3.10103,0
1.0,0.9589813,3.2221065,0
1.0,0.95820874,3.2499685,0
1.0,0.95856637,3.301532,0
1.0,0.95965785,3.386667,0
1.0,0.9608999,3.4431393,0
1.0,0.9610703,3.4760275,0
1.0,0.9603293,3.5100164,0
1.0,0.9607466,3.5163553,0
1.0,0.9607198,3.4516876,0
1.0,0.9589736,3.4237354,0
1.0,0.95814925,3.42031,0
1.0,0.9577518,3.3479114,0
1.0,0.9574694,3.2907925,0
1.0,0.9550637,3.3455417,0
1.0,0.95525944,3.4102662,0
1.0,0.95837486,3.4434438,0
1.0,0.9613548,3.4308288,0
1.0,0.9628514,3.3720057,0
1.0,0.9611293,3.4030507,0
1.0,0.96412003,3.4224355,0
1.0,0.9653224,3.4450183,0
1.0,0.9685999,3.5407615,0
1.0,0.9666166,3.5674376,0
1.0,0.9680863,3.628974,0
1.0,0.9666616,3.7043104,0
1.0,0.9677953,3.755021,0
1.0,0.96624994,3.7865527,0
1.0,0.9689586,3.8025508,0
1.0,0.9672344,3.796246,0
1.0,0.9690646,3.814262,0
1.0,0.9664279,3.7880545,0
1.0,0.96902317,3.7253172,0
1.0,0.9665959,3.670404,0
1.0,0.96771705,3.6838117,0
1.0,0.96476835,3.5916405,0
1.0,0.96808517,3.4984584,0
1.0,0.96632594,3.4858458,0
1.0,0.96944517,3.5451927,0
1.0,0.96763235,3.6190693,0
1.0,0.97344244,3.743898,0
1.0,0.9718304,3.7642577,0
1.0,0.9741411,3.8164794,0
1.0,0.97239166,3.8513098,0
1.0,0.97378314,3.9095674,0
1.0,0.9712747,3.9904232,0
1.0,0.9715279,3.9390306,0
1.0,0.9695072,3.8420873,0
1.0,0.97097224,3.8120432,0
1.0,0.9689415,3.7844648,0
1.0,0.9696203,3.8475857,0
1.0,0.9692798,3.8226647,0
1.0,0.97049236,3.7866502,0
1.0,0.9699612,3.8262217,0
1.0,0.9696051,3.83111,0
1.0,0.96858996,3.8638496,0
1.0,0.97048664,3.8956826,0
1.0,0.9709817,3.8422,0
1.0,0.97064304,3.8264418,0
1.0,0.97055984,3.8510273,0
1.0,0.9723776,3.9152741,0
1.0,0.97401446,3.9466305,0
1.0,0.9738429,3.930609,0
1.0,0.973119,3.9557486,0
1.0,0.97181964,3.993246,0
1.0,0.9715272,4.0254908,0
1.0,0.9716636,4.0017633,0
1.0,0.97098374,4.0050383,0
1.0,0.97075695,4.046412,0
1.0,0.971066,4.040189,0
1.0,0.96874017,4.0353446,0
1.0,0.9699537,3.960862,0
1.0,0.9693452,3.8129582,0
1.0,0.9712024,3.7567549,0
1.0,0.9692291,3.7181346,0
1.0,0.96779466,3.7086399,0
1.0,0.97035336,3.668371,0
1.0,0.97017854,3.6256058,0
1.0,0.97108805,3.7150965,0
1.0,0.9694006,3.7145748,0
1.0,0.9694112,3.708458,0
1.0,0.967775,3.7406416,0
1.0,0.96811175,3.6945577,0
1.0,0.9674333,3.7045126,0
1.0,0.96914744,3.7742624,0
1.0,0.96686584,3.7073562,0
1.0,0.9688553,3.6057236,0
1.0,0.96640724,3.51123,0
1.0,0.96830785,3.4736414,0
1.0,0.9656343,3.459373,0
1.0,0.96907043,3.4273672,0
1.0,0.9662158,3.3385005,0
1.0,0.9688089,3.2623382,0
1.0,0.964999,3.1722121,0
1.0,0.96556973,3.1342022,0
1.0,0.9589158,3.0762348,0
1.0,0.96312886,3.0316036,0
1.0,0.95591533,2.9298387,0
1.0,0.9588324,2.906504,0
1.0,0.95064396,2.8668046,0
1.0,0.95227355,2.8813317,0
1.0,0.9426207,2.854707,0
1.0,0.9465622,2.8274374,0
1.0,0.9406324,2.8593812,0
1.0,0.9461936,2.904665,0
1.0,0.9412918,2.888452,0
1.0,0.9457289,2.9217257,0
1.0,0.9409705,2.8619373,0
1.0,0.9448407,2.9021745,0
1.0,0.94069594,2.8739243,0
1.0,0.94306093,2.7726455,0
1.0,0.9410786,2.747305,0
1.0,0.94173086,2.7131324,0
1.0,0.9362104,2.6164365,0
1.0,0.9287181,2.552563,0
1.0,0.9256896,2.4938123,0
1.0,0.92351466,2.4166987,0
1.0,0.92175406,2.4034681,0
1.0,0.9190851,2.4246092,0
1.0,0.9215808,2.4482884,0
1.0,0.9152088,2.4332213,0
1.0,0.9118508,2.381864,0
1.0,0.9096502,2.3319552,0
1.0,0.91571313,2.3393068,0
1.0,0.91006553,2.349172,0
1.0,0.91400063,2.3959212,0
1.0,0.9117727,2.3710673,0
1.0,0.91817564,2.3608904,0
1.0,0.9133987,2.3196793,0
1.0,0.91193604,2.2838101,0
1.0,0.9003527,2.2354083,0
1.0,0.90791893,2.2405381,0
1.0,0.89475393,2.1525154,0
1.0,0.8921591,2.0959291,0
1.0,0.87738043,1.9888191,0
1.0,0.8805979,1.9190378,0
1.0,0.87013817,1.9395157,0
1.0,0.87964666,1.9687251,0
1.0,0.8748953,1.8713213,0
1.0,0.8847158,1.8814533,0
1.0,0.87639296,1.8154728,0
1.0,0.88120174,1.7901657,0
1.0,0.88760155,1.8241847,0
1.0,0.8945959,1.8576493,0
1.0,0.8907981,1.8770473,0
1.0,0.8941848,1.9183081,0
1.0,0.8929997,1.9258177,0
1.0,0.8932176,1.9105253,0
1.0,0.88776237,1.9094626,0
1.0,0.8876836,1.8984251,0
1.0,0.8808366,1.8468974,0
1.0,0.8754401,1.8353343,0
1.0,0.864687,1.7459239,0
1.0,0.86650985,1.7237555,0
1.0,0.870933,1.8197262,0
1.0,0.86346287,1.8178713,0
1.0,0.86033976,1.7567129,0
1.0,0.8782503,1.7553488,0
1.0,0.88290066,1.7757467,0
1.0,0.887612,1.8428895,0
1.0,0.88761634,1.8916912,0
1.0,0.8999408,1.9712667,0
1.0,0.9044811,1.9997149,0
1.0,0.9001386,1.9511604,0
1.0,0.89748025,1.9559517,0
1.0,0.90481365,2.0130877,0
1.0,0.8997217,1.9865234,0
1.0,0.9001513,1.9903607,0
1.0,0.8900891,1.9274418,0
1.0,0.9077227,1.9810486,0
1.0,0.9020367,1.9981483,0
1.0,0.91267097,1.9880333,0
1.0,0.90633607,1.9461405,0
1.0,0.92290586,1.987621,0
1.0,0.916356,1.9555584,0
1.0,0.9354301,2.004344,0
1.0,0.9255297,1.9417074,0
1.0,0.943602,2.0024266,0
1.0,0.9329938,2.04381,0
1.0,0.943875,2.1424525,0
1.0,0.9338849,2.143788,0
1.0,0.94920963,2.1681824,0
1.0,0.94514126,2.131688,0
1.0,0.95524544,2.1399035,0
1.0,0.94605017,2.1772199,0
1.0,0.95753753,2.2400196,0
1.0,0.9536148,2.1606865,0
1.0,0.96010584,2.1454961,0
1.0,0.9498115,2.1557865,0
1.0,0.9596442,2.2275157,0
1.0,0.947374,2.1386337,0
1.0,0.95450044,2.0900288,0
1.0,0.94578916,2.0553946,0
1.0,0.95681745,2.072993,0
1.0,0.95221233,2.067968,0
1.0,0.9630465,2.103477,0
1.0,0.95699036,2.0692406,0
1.0,0.9637534,2.0974755,0
1.0,0.9559717,2.1549292,0
1.0,0.9585236,2.2026937,0
1.0,0.9555366,2.182128,0
1.0,0.96080613,2.161302,0
1.0,0.9568068,2.137711,0
1.0,0.96287274,2.244512,0
1.0,0.96033007,2.297027,0
1.0,0.9655036,2.325743,0
1.0,0.96080613,2.3242044,0
1.0,0.9623403,2.338879,0
1.0,0.95963585,2.3781998,0
1.0,0.9572071,2.327992,0
1.0,0.94607216,2.1838672,0
1.0,0.94746804,2.136921,0
1.0,0.9479357,2.161449,0
1.0,0.9522291,2.2431183,0
1.0,0.95520943,2.2848055,0
1.0,0.96191096,2.284751,0
1.0,0.9619606,2.239071,0
1.0,0.9629549,2.3016214,0
1.0,0.960806,2.4049315,0
1.0,0.96472114,2.4582567,0
1.0,0.96538806,2.4533088,0
1.0,0.9678437,2.4483266,0
1.0,0.9658352,2.524965,0
1.0,0.9673457,2.5882838,0
1.0,0.9657074,2.5629752,0
1.0,0.96845055,2.5423534,0
1.0,0.96402544,2.5013187,0
1.0,0.96521753,2.566009,0
1.0,0.96206343,2.5848162,0
1.0,0.96076596,2.5421875,0
1.0,0.9581049,2.4627423,0
1.0,0.960002,2.4012837,0
1.0,0.9554429,2.362239,0
1.0,0.9566373,2.347464,0
1.0,0.9533089,2.3429222,0
1.0,0.9556993,2.3209107,0
1.0,0.9501387,2.3100886,0
1.0,0.9509809,2.4167144,0
1.0,0.94574875,2.4107118,0
1.0,0.9513499,2.3872747,0
1.0,0.94748527,2.33987,0
1.0,0.95147544,2.4202852,0
1.0,0.9474814,2.551073,0
1.0,0.95375586,2.5737457,0
1.0,0.9474346,2.5073452,0
1.0,0.9521918,2.4902053,0
1.0,0.9468409,2.4843516,0
1.0,0.95019186,2.5949032,0
1.0,0.9442656,2.697216,0
1.0,0.94857776,2.7114263,0
1.0,0.9486798,2.5893466,0
1.0,0.955908,2.5791683,0
1.0,0.95323986,2.6184444,0
1.0,0.9581497,2.6615717,0
1.0,0.95916945,2.6329427,0
1.0,0.9652231,2.6281867,0
1.0,0.9634265,2.6572804,0
1.0,0.9685196,2.7490568,0
1.0,0.9680607,2.812242,0
1.0,0.9702472,2.7962437,0
1.0,0.9694168,2.82965,0
1.0,0.9721904,2.9681902,0
1.0,0.9720915,3.0639355,0
1.0,0.97509325,3.161598,0
1.0,0.9743294,3.1983685,0
1.0,0.976036,3.233262,0
1.0,0.9756183,3.2875667,0
1.0,0.97429955,3.3448899,0
1.0,0.9741499,3.334608,0
1.0,0.9740127,3.2310865,0
1.0,0.9742089,3.2243717,0
1.0,0.9739406,3.2860427,0
1.0,0.9728549,3.356257,0
1.0,0.9718954,3.3219938,0
1.0,0.97289306,3.2023106,0
1.0,0.9724744,3.212225,0
1.0,0.97222924,3.2594545,0
1.0,0.97126526,3.3165603,0
1.0,0.97244567,3.3620226,0
1.0,0.97074777,3.2984443,0
1.0,0.9717316,3.2077198,0
1.0,0.9698579,3.1733732,0
1.0,0.9703416,3.2404854,0
1.0,0.97026426,3.2345514,0
1.0,0.9705795,3.1975064,0
1.0,0.9682414,3.2278361,0
1.0,0.96894675,3.2534163,0
1.0,0.96764416,3.2803223,0
1.0,0.9698174,3.254445,0
1.0,0.9665077,3.149961,0
1.0,0.967432,3.1031518,0
1.0,0.96348566,3.1124368,0
1.0,0.9665826,3.1119933,0
1.0,0.9633065,3.009857,0
1.0,0.9652933,2.962173,0
1.0,0.9631957,2.8818383,0
1.0,0.9649084,2.848911,0
1.0,0.9596785,2.8670013,0
1.0,0.9617072,2.8238804,0
1.0,0.9599428,2.7657394,0
1.0,0.96362257,2.8503373,0
1.0,0.9596163,2.903028,0
1.0,0.9611459,2.9488904,0
1.0,0.9597742,2.9119525,0
1.0,0.9600343,2.8644047,0
1.0,0.95753807,2.9105637,0
1.0,0.9599771,2.935843,0
1.0,0.9604579,2.9008052,0
1.0,0.9604598,2.8342295,0
1.0,0.95684636,2.7130408,0
1.0,0.9586249,2.6668653,0
1.0,0.9563144,2.6534705,0
1.0,0.95338655,2.6281466,0
1.0,0.95178914,2.5566812,0
1.0,0.9538461,2.4789042,0
1.0,0.9533668,2.5364044,0
1.0,0.94890344,2.5609474,0
1.0,0.94973665,2.539124,0
1.0,0.9563766,2.5531428,0
1.0,0.95881957,2.5127182,0
1.0,0.9545875,2.561045,0
1.0,0.95564187,2.6423445,0
1.0,0.95999485,2.6772816,0
1.0,0.9629176,2.6783507,0
1.0,0.95539665,2.6009176,0
1.0,0.9561316,2.576051,0
1.0,0.9594361,2.5852742,0
1.0,0.9574451,2.6001666,0
1.0,0.95569956,2.6071348,0
1.0,0.952891,2.6001747,0
1.0,0.9555565,2.6468797,0
1.0,0.95046335,2.6058993,0
1.0,0.94677776,2.4895866,0
1.0,0.9438747,2.3897777,0
1.0,0.9490166,2.3489914,0
1.0,0.9465896,2.3426695,0
1.0,0.94745976,2.3239262,0
1.0,0.9447438,2.2549477,0
1.0,0.948919,2.2708983,0
1.0,0.9487653,2.3481598,0
1.0,0.94761306,2.4036536,0
1.0,0.94032496,2.3945415,0
1.0,0.93960685,2.4285564,0
1.0,0.9386077,2.4299262,0
1.0,0.93830186,2.4085593,0
1.0,0.9326292,2.4347985,0
1.0,0.9333372,2.499392,0
1.0,0.9277963,2.4740834,0
1.0,0.9297652,2.4268024,0
1.0,0.9239005,2.3253427,0
1.0,0.92562824,2.2901797,0
1.0,0.9265991,2.2649434,0
1.0,0.9216941,2.1524844,0
1.0,0.92600787,2.1652489,0
1.0,0.9267431,2.1797035,0
1.0,0.9346797,2.1648548,0
1.0,0.938698,2.1965814,0
1.0,0.9412504,2.1747136,0
1.0,0.9405908,2.107908,0
1.0,0.94495004,2.0986807,0
1.0,0.94429606,2.084968,0
1.0,0.94591504,2.0684114,0
1.0,0.9443907,2.0349374,0
1.0,0.94718343,2.0241802,0
1.0,0.94681054,2.066921,0
1.0,0.9462805,2.0880654,0
1.0,0.93998224,2.0366855,0
1.0,0.941365,2.0192184,0
1.0,0.9405061,2.0143175,0
1.0,0.9341431,1.983542,0
1.0,0.93072826,1.9312518,0
1.0,0.9272997,1.8204806,0
1.0,0.9295184,1.776755,0
1.0,0.91774917,1.7348739,0
1.0,0.9158872,1.6682172,0
1.0,0.913268,1.6330824,0
1.0,0.92233485,1.6792148,0
1.0,0.9054898,1.6195524,0
1.0,0.90649813,1.5893859,0
1.0,0.8927391,1.5532489,0
1.0,0.8981759,1.5898774,0
1.0,0.87864274,1.5750945,0
1.0,0.8831173,1.605562,0
1.0,0.8633011,1.5913137,0
1.0,0.8728323,1.6538221,0
1.0,0.85411304,1.5445598,0
1.0,0.8623179,1.509131,0
1.0,0.83736324,1.4606748,0
1.0,0.8526127,1.4589196,0
1.0,0.83555,1.4075327,0
1.0,0.8553836,1.475905,0
1.0,0.8350548,1.4152136,0
1.0,0.8429062,1.4444761,0
1.0,0.84140503,1.4161384,0
1.0,0.8382387,1.377919,0
1.0,0.83389133,1.4026024,0
1.0,0.82494235,1.3337936,0
1.0,0.83604807,1.3269594,0
1.0,0.83558863,1.34319,0
1.0,0.8363904,1.3224964,0
1.0,0.82023007,1.2677962,0
1.0,0.83643395,1.3531482,0
1.0,0.82744914,1.3779085,0
1.0,0.84094703,1.3990904,0
1.0,0.8314881,1.3344965,0
1.0,0.8525558,1.4161701,0
1.0,0.8419868,1.4883204,0
1.0,0.8623196,1.528194,0
1.0,0.86345166,1.49593,0
1.0,0.87653553,1.5222896,0
1.0,0.8712186,1.4791441,0
1.0,0.88499737,1.4754722,0
1.0,0.88170403,1.4310048,0
1.0,0.8917691,1.4281614,0
1.0,0.88490003,1.3931241,0
1.0,0.8888813,1.3623816,0
1.0,0.8861052,1.3357122,0
1.0,0.88221645,1.3430691,0
1.0,0.8867259,1.3656845,0
1.0,0.89479375,1.3842067,0
1.0,0.8971267,1.427135,0
1.0,0.8911987,1.4621465,0
1.0,0.89366186,1.4890114,0
1.0,0.8913396,1.5277951,0
1.0,0.90159845,1.5514438,0
1.0,0.8860244,1.5138736,0
1.0,0.8875628,1.5452495,0
1.0,0.8828083,1.4877739,0
1.0,0.8951759,1.4946468,0
1.0,0.8785373,1.4688025,0
1.0,0.8825731,1.4775109,0
1.0,0.8687954,1.4701357,0
1.0,0.87219787,1.4835354,0
1.0,0.8471359,1.3572536,0
1.0,0.8472462,1.3343816,0
1.0,0.82889426,1.32686,0
1.0,0.83530617,1.4187524,0
1.0,0.8141131,1.3663139,0
1.0,0.82784957,1.3047531,0
1.0,0.82460445,1.3321978,0
1.0,0.84453124,1.4203053,0
1.0,0.8350656,1.4095591,0
1.0,0.8605764,1.5151565,0
1.0,0.83887756,1.4555817,0
1.0,0.8546712,1.5088787,0
1.0,0.8393891,1.528957,0
1.0,0.84690034,1.581987,0
1.0,0.83712035,1.5868361,0
1.0,0.8503385,1.6027586,0
1.0,0.84807533,1.5601852,0
1.0,0.86347973,1.5804757,0
1.0,0.85634524,1.5442811,0
1.0,0.87149024,1.5377467,0
1.0,0.8605459,1.4609201,0
1.0,0.87405664,1.4919822,0
1.0,0.8677018,1.4826909,0
1.0,0.88081694,1.5506827,0
1.0,0.8797652,1.5796013,0
1.0,0.9011149,1.6127994,0
1.0,0.8984174,1.605474,0
1.0,0.91501117,1.6571724,0
1.0,0.9101191,1.6689607,0
1.0,0.92657715,1.7379153,0
1.0,0.91816694,1.7443562,0
1.0,0.9258892,1.7995622,0
1.0,0.9248783,1.8187304,0
1.0,0.9237344,1.8530177,0
1.0,0.9164271,1.833318,0
1.0,0.91815126,1.7456448,0
1.0,0.92743254,1.725343,0
1.0,0.9351574,1.7781656,0
1.0,0.93163043,1.732307,0
1.0,0.9370239,1.7073468,0
1.0,0.9403682,1.7020112,0
1.0,0.9453867,1.6700857,0
1.0,0.9391351,1.6644653,0
1.0,0.934297,1.6247423,0
1.0,0.93319654,1.5460231,0
1.0,0.9370002,1.5312635,0
1.0,0.92970395,1.4960699,0
1.0,0.9240307,1.5281422,0
1.0,0.92235607,1.5910313,0
1.0,0.91868293,1.5635304,0
1.0,0.91965127,1.5519378,0
1.0,0.9065355,1.5655692,0
1.0,0.91252226,1.6054137,0
1.0,0.90880734,1.5928832,0
1.0,0.9111172,1.5389555,0
1.0,0.89629847,1.4064279,0
1.0,0.91105914,1.3707802,0
1.0,0.91019475,1.3353778,0
1.0,0.9276837,1.3443918,0
1.0,0.92571926,1.326869,0
1.0,0.93048364,1.2854239,0
1.0,0.9270663,1.2164553,0
1.0,0.93061125,1.1882619,0
1.0,0.9065874,1.122766,0
1.0,0.9118196,1.0980504,0
1.0,0.91072553,1.0315831,0
1.0,0.9245627,1.0616294,0
1.0,0.91515476,1.0819234,0
1.0,0.9269521,1.1401172,0
1.0,0.9279838,1.1096554,0
1.0,0.9458575,1.1179578,0
1.0,0.9426425,1.157794,0
1.0,0.9410615,1.1684015,0
1.0,0.94323474,1.1506824,0
1.0,0.95511687,1.1233091,0
1.0,0.95377594,1.0964042,0
1.0,0.9479575,1.1064953,0
1.0,0.94807273,1.1091824,0
1.0,0.95300335,1.1020582,0
1.0,0.9467896,1.0127454,0
1.0,0.93279994,0.91134703,0
1.0,0.9225262,0.9199055,0
1.0,0.9214251,0.91225594,0
1.0,0.9036417,0.83462876,0
1.0,0.8945449,0.79514456,0
1.0,0.8910352,0.7645699,0
1.0,0.91199434,0.83610696,0
1.0,0.90890306,0.88231856,0
1.0,0.8915738,0.86583287,0
1.0,0.8997685,0.8852426,0
1.0,0.90671784,0.9213053,0
1.0,0.897525,0.91219544,0
1.0,0.8728687,0.87904906,0
1.0,0.8963264,0.9220392,0
1.0,0.9099042,0.90684974,0
1.0,0.89725477,0.88372546,0
1.0,0.88524425,0.9034178,0
1.0,0.900173,0.9293392,0
1.0,0.88835186,0.85427046,0
1.0,0.85120964,0.76193154,0
1.0,0.8329118,0.692997,0
1.0,0.8588884,0.75260526,0
1.0,0.8423779,0.7607689,0
1.0,0.845211,0.7128868,0
1.0,0.8272749,0.64475185,0
1.0,0.8710912,0.7256146,0
1.0,0.8486622,0.7192033,0
1.0,0.85367966,0.74498796,0
1.0,0.8256942,0.6780983,0
1.0,0.87275195,0.70607424,0
1.0,0.8108108,0.646433,0
1.0,0.7964495,0.67949235,0
1.0,0.77282864,0.65560794,0
1.0,0.82280475,0.70540774,0
1.0,0.7732307,0.64868814,0
1.0,0.7786472,0.6632059,0
1.0,0.7799745,0.65698147,0
1.0,0.8205983,0.6925876,0
1.0,0.8106153,0.6262232,0
1.0,0.8401727,0.6202898,0
1.0,0.8394921,0.62949604,0
1.0,0.8688095,0.7146662,0
1.0,0.8638684,0.7022979,0
1.0,0.8818681,0.7026341,0
1.0,0.8350848,0.63070536,0
1.0,0.84624916,0.6844842,0
1.0,0.84107596,0.7471253,0
1.0,0.8519805,0.7633138,0
1.0,0.8111557,0.66019154,0
1.0,0.83459026,0.6755756,0
1.0,0.8489095,0.72081023,0
1.0,0.85829484,0.7850811,0
1.0,0.79563564,0.7262186,0
1.0,0.82200235,0.7285816,0
1.0,0.84270775,0.72518414,0
1.0,0.8574071,0.758408,0
1.0,0.79896003,0.6845825,0
1.0,0.81554794,0.7030662,0
1.0,0.8586638,0.74005955,0
1.0,0.8703869,0.7330171,0
1.0,0.7921887,0.653005,0
1.0,0.79131377,0.672608,0
1.0,0.7663903,0.6154432,0
1.0,0.7605835,0.56699145,0
1.0,0.6255168,0.41801143,0
1.0,0.6809607,0.506338,0
1.0,0.7071695,0.54796034,0
1.0,0.7304947,0.5713961,0
1.0,0.73228645,0.5699546,0
1.0,0.80972505,0.66959774,0
1.0,0.8191971,0.73216677,0
1.0,0.8145168,0.7833743,0
1.0,0.8297899,0.7919484,0
1.0,0.8529057,0.77170897,0
1.0,0.84891915,0.7491652,0
1.0,0.81475437,0.7122503,0
1.0,0.8263248,0.75279605,0
1.0,0.8254457,0.7129403,0
1.0,0.82901245,0.64787316,0
1.0,0.77702814,0.54450095,0
1.0,0.7984312,0.5766747,0
1.0,0.79775107,0.57572097,0
1.0,0.7543805,0.51010936,0
1.0,0.68483526,0.39208925,0
1.0,0.73610044,0.41622657,0
1.0,0.797559,0.49118167,0
1.0,0.7848213,0.49102306,0
1.0,0.7407863,0.42819953,0
1.0,0.7773581,0.45686603,0
1.0,0.78265584,0.4732806,0
1.0,0.72782207,0.4504772,0
1.0,0.6832352,0.41410905,0
1.0,0.7136352,0.41698843,0
1.0,0.72787786,0.41230375,0
1.0,0.68404603,0.36825782,0
1.0,0.63610893,0.329315,0
1.0,0.6267494,0.30899212,0
1.0,0.7223232,0.3533582,0
1.0,0.6699103,0.2729823,0
1.0,0.6664206,0.26677635,0
1.0,0.65967035,0.28972727,0
1.0,0.66944206,0.30765358,0
1.0,0.6249734,0.23779392,0
1.0,0.60067767,0.18867111,0
1.0,0.6316307,0.19792114,0
1.0,0.646421,0.22489518,0
1.0,0.6237192,0.22038513,0
1.0,0.61094934,0.20731537,0
1.0,0.6103409,0.1909963,0
1.0,0.5852426,0.19482645,0
1.0,0.5904175,0.21893173,0
1.0,0.59239036,0.22145325,0
1.0,0.59615207,0.21986663,0
1.0,0.6244443,0.23664679,0
1.0,0.5755612,0.2280213,0
1.0,0.5650066,0.26645827,0
1.0,0.5434765,0.25331616,0
1.0,0.5271411,0.2485571,0
1.0,0.48272735,0.22361714,0
1.0,0.4704803,0.22359079,0
1.0,0.46871662,0.23834679,0
1.0,0.43136883,0.21644588,0
1.0,0.4047185,0.21157642,0
1.0,0.41596705,0.21101555,0
1.0,0.3970989,0.21910556,0
1.0,0.4208122,0.24265325,0
1.0,0.38186076,0.2591683,0
1.0,0.42945984,0.26995254,0
1.0,0.40213802,0.26111364,0
1.0,0.46238443,0.3185218,0
1.0,0.43280336,0.33606756,0
1.0,0.48825777,0.3734671,0
1.0,0.5098462,0.36869344,0
1.0,0.6105164,0.4414822,0
1.0,0.5304699,0.41090512,0
1.0,0.6012893,0.5014582,0
1.0,0.61068976,0.51538604,0
1.0,0.6703827,0.5607293,0
1.0,0.6478318,0.52829146,0
1.0,0.6780198,0.583421,0
1.0,0.6945089,0.638541,0
1.0,0.7628836,0.71037936,0
1.0,0.7298503,0.634699,0
1.0,0.7800822,0.70980346,0
1.0,0.7592905,0.7711022,0
1.0,0.832965,0.99365556,0
1.0,0.7965229,0.91395354,0
1.0,0.86838394,0.96420753,0
1.0,0.8543376,0.9959936,0
1.0,0.90716654,1.1851878,0
1.0,0.890496,1.1891236,0
1.0,0.91975975,1.2438276,0
1.0,0.92629284,1.2387303,0
1.0,0.93917483,1.2989986,0
1.0,0.93143976,1.3479962,0
1.0,0.9345817,1.4011235,0
1.0,0.9307927,1.3694651,0
1.0,0.9327382,1.3285341,0
1.0,0.9298291,1.2934647,0
1.0,0.9301759,1.3255601,0
1.0,0.925848,1.3588765,0
1.0,0.93233573,1.3145113,0
1.0,0.9269992,1.2334483,0
1.0,0.9316861,1.2927028,0
1.0,0.9266995,1.3745849,0
1.0,0.9282323,1.3936069,0
1.0,0.93586224,1.3700956,0
1.0,0.9392706,1.3364861,0
1.0,0.94365203,1.3838296,0
1.0,0.94284236,1.5118128,0
1.0,0.95080316,1.6379085,0
1.0,0.952125,1.6250703,0
1.0,0.957264,1.6026806,0
1.0,0.9551513,1.6766644,0
1.0,0.9599633,1.768831,0
1.0,0.95503694,1.7808232,0
1.0,0.95923257,1.712858,0
1.0,0.9565966,1.5863332,0
1.0,0.96114784,1.6184522,0
1.0,0.9557795,1.6700261,0
1.0,0.95708686,1.6281759,0
1.0,0.95511067,1.5508941,0
1.0,0.95970625,1.5525368,0
1.0,0.95746726,1.5975041,0
1.0,0.9599452,1.6808923,0
1.0,0.95155185,1.6616576,0
1.0,0.9607233,1.6412113,0
1.0,0.95587575,1.6268963,0
1.0,0.9617294,1.7076421,0
1.0,0.95445436,1.7413259,0
1.0,0.96297675,1.7747616,0
1.0,0.9588222,1.7544115,0
1.0,0.96246684,1.7293682,0
1.0,0.95484906,1.7464613,0
1.0,0.9570211,1.8445795,0
1.0,0.9532313,1.8011798,0
1.0,0.95637643,1.7275219,0
1.0,0.95085377,1.6968093,0
1.0,0.9540582,1.6995485,0
1.0,0.94826156,1.7016394,0
1.0,0.9480835,1.68485,0
1.0,0.94184494,1.5656488,0
1.0,0.9427135,1.4886699,0
1.0,0.9406018,1.5056927,0
1.0,0.93872666,1.5438541,0
1.0,0.92315876,1.462291,0
1.0,0.9285536,1.4080293,0
1.0,0.9272393,1.391079,0
1.0,0.9232444,1.460981,0
1.0,0.91796726,1.5347472,0
1.0,0.93041825,1.592413,0
1.0,0.93878067,1.5978236,0
1.0,0.93694854,1.6163896,0
1.0,0.93437284,1.659888,0
1.0,0.929587,1.6734203,0
1.0,0.935818,1.6571305,0
1.0,0.93027514,1.5655754,0
1.0,0.92603844,1.539721,0
1.0,0.9256962,1.6072217,0
1.0,0.9338246,1.6530617,0
1.0,0.9308316,1.6004399,0
1.0,0.9319152,1.5681691,0
1.0,0.9324632,1.5597957,0
1.0,0.93873274,1.6046888,0
1.0,0.92737985,1.6237054,0
1.0,0.9283435,1.6471606,0
1.0,0.92743134,1.6288178,0
1.0,0.9354995,1.699122,0
1.0,0.92779505,1.7717592,0
1.0,0.9313829,1.8385589,0
1.0,0.92997223,1.8552977,0
1.0,0.9411975,1.8661323,0
1.0,0.9420672,1.8773692,0
1.0,0.9439163,1.9460473,0
1.0,0.94291675,1.9832349,0
1.0,0.9455835,2.0109718,0
1.0,0.9480339,1.9913421,0
1.0,0.9465279,1.9741017,0
1.0,0.9422548,1.9964526,0
1.0,0.93939316,1.9682187,0
1.0,0.94467425,1.8827298,0
1.0,0.9490612,1.8337343,0
1.0,0.94896096,1.8195844,0
1.0,0.9478938,1.8887129,0
1.0,0.9551679,1.9908226,0
1.0,0.9558211,1.9369625,0
1.0,0.9571778,1.8918991,0
1.0,0.9552468,1.9164798,0
1.0,0.96231616,1.9576006,0
1.0,0.95943284,1.9591565,0
1.0,0.9616872,1.9422927,0
1.0,0.95706975,1.9315563,0
1.0,0.965709,1.9846102,0
1.0,0.9628651,1.9989473,0
1.0,0.9633147,2.0072765,0
1.0,0.9543077,1.9506543,0
1.0,0.96051306,1.9331934,0
1.0,0.95541763,1.8949729,0
1.0,0.95393664,1.8761504,0
1.0,0.9359526,1.7707523,0
1.0,0.9445505,1.6919837,0
1.0,0.9429065,1.6535606,0
1.0,0.9399679,1.6558089,0
1.0,0.92754513,1.6501212,0
1.0,0.9425884,1.7030175,0
1.0,0.936278,1.6212177,0
1.0,0.93678576,1.6112823,0
1.0,0.9229262,1.6598301,0
1.0,0.9275511,1.7167802,0
1.0,0.9198759,1.7152517,0
1.0,0.9282015,1.7281456,0
1.0,0.91192704,1.7042848,0
1.0,0.9252791,1.7826036,0
1.0,0.9146963,1.7798681,0
1.0,0.9180418,1.7796113,0
1.0,0.89422655,1.6454548,0
1.0,0.90464395,1.5898929,0
1.0,0.88909465,1.58443,0
1.0,0.9037393,1.6784409,0
1.0,0.87772524,1.5753024,0
1.0,0.9011692,1.6091566,0
1.0,0.8922892,1.5905809,0
1.0,0.9087653,1.6277744,0
1.0,0.8928885,1.6292248,0
1.0,0.918812,1.6920183,0
1.0,0.9131446,1.6582476,0
1.0,0.9290672,1.7363105,0
1.0,0.9140445,1.7289045,0
1.0,0.9173174,1.7443066,0
1.0,0.91733885,1.7581247,0
1.0,0.9257925,1.768586,0
1.0,0.91224545,1.753248,0
1.0,0.9214008,1.8852701,0
1.0,0.9173277,1.9459445,0
1.0,0.9223036,1.9597404,0
1.0,0.9139401,1.9372058,0
1.0,0.91821605,1.9586196,0
1.0,0.9164198,1.9968679,0
1.0,0.914757,1.9971225,0
1.0,0.91639304,1.9362714,0
1.0,0.91787595,1.8840231,0
1.0,0.9237673,1.8898633,0
1.0,0.9195618,1.9793506,0
1.0,0.9286053,2.039361,0
1.0,0.9305863,2.0371635,0
1.0,0.9396724,2.0474758,0
1.0,0.93651515,2.0217123,0
1.0,0.940965,2.1012838,0
1.0,0.9313687,2.1411185,0
1.0,0.93888825,2.149909,0
1.0,0.9323656,2.1240213,0
1.0,0.93834823,2.2602258,0
1.0,0.9327512,2.348334,0
1.0,0.93887776,2.379106,0
1.0,0.9417825,2.364478,0
1.0,0.94857055,2.2876148,0
1.0,0.94949955,2.2887433,0
1.0,0.9523688,2.3655195,0
1.0,0.95660204,2.3164697,0
1.0,0.95774305,2.269779,0
1.0,0.9573587,2.2584937,0
1.0,0.9573525,2.2691236,0
1.0,0.95788324,2.3110833,0
1.0,0.955816,2.314455,0
1.0,0.95873576,2.2468233,0
1.0,0.96024543,2.172937,0
1.0,0.96202666,2.2065046,0
1.0,0.9607764,2.268105,0
1.0,0.96155643,2.2783272,0
1.0,0.9626226,2.287918,0
1.0,0.9631706,2.3079317,0
1.0,0.9603538,2.28868,0
1.0,0.9625244,2.3614948,0
1.0,0.95853716,2.362239,0
1.0,0.96117765,2.2406158,0
1.0,0.9567142,2.227334,0
1.0,0.9585325,2.2428515,0
1.0,0.9523183,2.2159708,0
1.0,0.95731145,2.2740364,0
1.0,0.94902503,2.1491876,0
1.0,0.95224285,2.0864727,0
1.0,0.942565,2.1753469,0
1.0,0.94206536,2.1826072,0
1.0,0.93392116,2.049068,0
1.0,0.94249797,2.0079522,0
1.0,0.9343205,1.988354,0
1.0,0.94118947,2.0693169,0
1.0,0.9314736,2.1341686,0
1.0,0.94101006,2.1646435,0
1.0,0.93098897,2.082169,0
1.0,0.9355475,2.1140347,0
1.0,0.92451334,2.1634073,0
1.0,0.9352824,2.275577,0
1.0,0.9258972,2.2199373,0
1.0,0.9371296,2.2042086,0
1.0,0.931148,2.2045298,0
1.0,0.9399227,2.2571394,0
1.0,0.9325923,2.267406,0
1.0,0.9407107,2.2594705,0
1.0,0.9347607,2.15507,0
1.0,0.9424002,2.1874647,0
1.0,0.9350593,2.1673613,0
1.0,0.93573374,2.111227,0
1.0,0.93711925,2.1101573,0
1.0,0.94409853,2.0912538,0
1.0,0.94044304,2.0806494,0
1.0,0.94533366,2.2085602,0
1.0,0.9431746,2.28123,0
1.0,0.9472728,2.3070927,0
1.0,0.94697356,2.3342211,0
1.0,0.9473424,2.3441582,0
1.0,0.9444743,2.3857815,0
1.0,0.9442982,2.4736652,0
1.0,0.95135385,2.437105,0
1.0,0.9498167,2.3728328,0
1.0,0.9507433,2.3758364,0
1.0,0.94904923,2.3710017,0
1.0,0.9494616,2.3533533,0
1.0,0.94956887,2.303542,0
1.0,0.9502815,2.2484841,0
1.0,0.94869643,2.2273827,0
1.0,0.9501393,2.278387,0
1.0,0.9453035,2.308484,0
1.0,0.94224656,2.2350345,0
1.0,0.9375891,2.1630259,0
1.0,0.94416535,2.2168531,0
1.0,0.94109076,2.2415473,0
1.0,0.94461167,2.3250616,0
1.0,0.9436513,2.354722,0
1.0,0.952837,2.351534,0
1.0,0.9511462,2.3764544,0
1.0,0.9519821,2.4754581,0
1.0,0.9469647,2.4559247,0
1.0,0.9568881,2.4771655,0
1.0,0.95397973,2.518816,0
1.0,0.955005,2.5006523,0
1.0,0.951087,2.5296001,0
1.0,0.95075893,2.5812159,0
1.0,0.94933224,2.4737108,0
1.0,0.948819,2.370909,0
1.0,0.94661814,2.3350708,0
1.0,0.9470291,2.3334389,0
1.0,0.94568115,2.3426037,0
1.0,0.9414851,2.3049664,0
1.0,0.9405062,2.2442632,0
1.0,0.94135267,2.2439158,0
1.0,0.9412382,2.3084798,0
1.0,0.9427739,2.3431377,0
1.0,0.94457096,2.3584423,0
1.0,0.9438514,2.4010966,0
1.0,0.94555986,2.4001455,0
1.0,0.9381879,2.3971457,0
1.0,0.9392017,2.4728484,0
1.0,0.9359158,2.4443016,0
1.0,0.93739176,2.4252727,0
1.0,0.93188614,2.4408004,0
1.0,0.9323169,2.4628134,0
1.0,0.92353565,2.4520307,0
1.0,0.92332554,2.4208236,0
1.0,0.9202609,2.2902431,0
1.0,0.9209071,2.2453923,0
1.0,0.91455096,2.2651732,0
1.0,0.9210343,2.314861,0
1.0,0.9262191,2.274451,0
1.0,0.92837375,2.2329469,0
1.0,0.9295489,2.2481914,0
1.0,0.92641926,2.2645106,0
1.0,0.9260332,2.333335,0
1.0,0.93215215,2.3513417,0
1.0,0.93545747,2.3392932,0
1.0,0.93720794,2.4557152,0
1.0,0.9401271,2.5477881,0
1.0,0.9411951,2.5856538,0
1.0,0.94633436,2.5845177,0
1.0,0.9451626,2.5226016,0
1.0,0.95057684,2.5751905,0
1.0,0.94856006,2.5704083,0
1.0,0.9562192,2.526728,0
1.0,0.9534749,2.488566,0
1.0,0.95696807,2.5214534,0
1.0,0.95541364,2.5369043,0
1.0,0.9571862,2.553636,0
1.0,0.9535684,2.5720868,0
1.0,0.9566866,2.5598638,0
1.0,0.9555784,2.492256,0
1.0,0.9582799,2.5489118,0
1.0,0.95740116,2.6453683,0
1.0,0.9602521,2.6860423,0
1.0,0.9612941,2.681499,0
1.0,0.96413636,2.6869762,0
1.0,0.9629171,2.7398705,0
1.0,0.9645243,2.8118052,0
1.0,0.96243817,2.8346813,0
1.0,0.963872,2.8167,0
1.0,0.9607138,2.782074,0
1.0,0.96254945,2.8127217,0
1.0,0.959419,2.813103,0
1.0,0.96032125,2.836108,0
1.0,0.9574623,2.8086896,0
1.0,0.95919824,2.7594323,0
1.0,0.95737153,2.7454484,0
1.0,0.9537564,2.719859,0
1.0,0.94810295,2.6616488,0
1.0,0.95040345,2.6305947,0
1.0,0.94920987,2.6568854,0
1.0,0.95043933,2.799822,0
1.0,0.95013577,2.8900914,0
1.0,0.9550922,2.8880556,0
1.0,0.95645994,2.8916101,0
1.0,0.9579968,2.9953249,0
1.0,0.9576246,3.054284,0
1.0,0.9611136,3.0783212,0
1.0,0.96168774,3.0908186,0
1.0,0.96014345,3.080284,0
1.0,0.95964056,3.14334,0
1.0,0.9601239,3.240118,0
1.0,0.95661753,3.2525473,0
1.0,0.95538336,3.1886303,0
1.0,0.95581883,3.1282175,0
1.0,0.9583859,3.1422877,0
1.0,0.9595118,3.1648836,0
1.0,0.9613212,3.1570327,0
1.0,0.96170163,3.1247563,0
1.0,0.9637597,3.174669,0
1.0,0.96404105,3.3049495,0
1.0,0.96591824,3.3747108,0
1.0,0.9688029,3.3633394,0
1.0,0.9713137,3.390941,0
1.0,0.97193885,3.4870927,0
1.0,0.97252715,3.5464878,0
1.0,0.9754832,3.6427715,0
1.0,0.97692776,3.7179766,0
1.0,0.9769657,3.7300673,0
1.0,0.97664195,3.7542498,0
1.0,0.9765364,3.7614985,0
1.0,0.9744699,3.7951636,0
1.0,0.9732612,3.8028924,0
1.0,0.9728785,3.675009,0
1.0,0.97294486,3.6025162,0
1.0,0.9722892,3.618135,0
1.0,0.97165596,3.6207805,0
1.0,0.9713705,3.5603094,0
1.0,0.97270447,3.5613322,0
1.0,0.9728986,3.666383,0
1.0,0.97346175,3.712236,0
1.0,0.9724414,3.7344975,0
1.0,0.97463894,3.7621865,0
1.0,0.97347814,3.7217085,0
1.0,0.9743565,3.757138,0
1.0,0.9744435,3.8828545,0
1.0,0.9774635,3.960144,0
1.0,0.9753686,3.9605093,0
1.0,0.9763591,3.9991705,0
1.0,0.9744701,4.020874,0
1.0,0.9753372,4.081598,0
1.0,0.9717713,4.1200438,0
1.0,0.97382087,4.0258293,0
1.0,0.97175115,3.9561396,0
1.0,0.973315,3.9976094,0
1.0,0.97163916,4.0157433,0
1.0,0.9715935,3.9976242,0
1.0,0.97228855,3.9785886,0
1.0,0.9737486,3.9330788,0
1.0,0.97358525,3.9100032,0
1.0,0.97450167,3.9474192,0
1.0,0.973566,3.9378562,0
1.0,0.972938,3.9024372,0
1.0,0.97055477,3.9454408,0
1.0,0.97325575,4.0908384,0
1.0,0.97462827,4.1947308,0
1.0,0.9759034,4.25923,0
1.0,0.9762121,4.34089,0
1.0,0.9761836,4.45597,0
1.0,0.97636944,4.5490627,0
1.0,0.97517383,4.533461,0
1.0,0.97528297,4.4246035,0
1.0,0.9741063,4.3961396,0
1.0,0.97376585,4.3789115,0
1.0,0.9724806,4.349399,0
1.0,0.97355723,4.412943,0
1.0,0.97212595,4.434461,0
1.0,0.974053,4.342993,0
1.0,0.9725046,4.236744,0
1.0,0.9727188,4.2867746,0
1.0,0.9714046,4.2963285,0
1.0,0.971872,4.3046913,0
1.0,0.97151226,4.41652,0
1.0,0.97226036,4.4546566,0
1.0,0.9727154,4.549492,0
1.0,0.9739146,4.6484585,0
1.0,0.9730219,4.6629057,0
1.0,0.974046,4.6423917,0
1.0,0.9727184,4.570956,0
1.0,0.97215796,4.523978,0
1.0,0.97038907,4.538331,0
1.0,0.97113895,4.6008105,0
1.0,0.9714082,4.594204,0
1.0,0.97218806,4.5947895,0
1.0,0.9697482,4.6824327,0
1.0,0.969907,4.638131,0
1.0,0.968422,4.4375286,0
1.0,0.97116053,4.370365,0
1.0,0.9692245,4.367149,0
1.0,0.969302,4.3855524,0
1.0,0.97028416,4.4113436,0
1.0,0.9722083,4.433266,0
1.0,0.9733244,4.4588547,0
1.0,0.97383446,4.4669075,0
1.0,0.9743525,4.4973564,0
1.0,0.973472,4.620101,0
1.0,0.9734711,4.6291723,0
1.0,0.9723751,4.5474343,0
1.0,0.9728204,4.5693665,0
1.0,0.9731024,4.6655374,0
1.0,0.97434354,4.7789593,0
1.0,0.9741141,4.781436,0
1.0,0.97430307,4.7912154,0
1.0,0.97401196,4.7709055,0
1.0,0.9736779,4.5808897,0
1.0,0.97152025,4.4490967,0
1.0,0.9696255,4.389153,0
1.0,0.96968573,4.369905,0
1.0,0.9709146,4.415686,0
1.0,0.9708664,4.4876485,0
1.0,0.9721967,4.615496,0
1.0,0.97140855,4.6728797,0
1.0,0.97105074,4.6102095,0
1.0,0.97002685,4.5506787,0
1.0,0.97048485,4.6411877,0
1.0,0.9699026,4.7442017,0
1.0,0.971307,4.7623453,0
1.0,0.9714935,4.7770567,0
1.0,0.97270983,4.8321476,0
1.0,0.97251374,4.882304,0
1.0,0.97156894,4.915492,0
1.0,0.9712388,4.896826,0
1.0,0.9713122,4.8119736,0
1.0,0.97033846,4.761813,0
1.0,0.96873516,4.7413483,0
1.0,0.9690365,4.731992,0
1.0,0.9673438,4.7080755,0
1.0,0.9678822,4.5908284,0
1.0,0.96676093,4.545765,0
1.0,0.9681598,4.6152215,0
1.0,0.9686639,4.602002,0
1.0,0.9689062,4.5686383,0
1.0,0.9664148,4.5735264,0
1.0,0.965844,4.6099806,0
1.0,0.96729785,4.6323967,0
1.0,0.9685412,4.693139,0
1.0,0.96926147,4.7798204,0
1.0,0.9700365,4.777076,0
1.0,0.97066754,4.7637253,0
1.0,0.9703847,4.801056,0
1.0,0.9696387,4.807235,0
1.0,0.9699706,4.7553396,0
1.0,0.9712442,4.648128,0
1.0,0.96961045,4.5788383,0
1.0,0.9688739,4.6425,0
1.0,0.96927387,4.6772842,0
1.0,0.9708929,4.5833716,0
1.0,0.96985304,4.498217,0
1.0,0.9692584,4.4258986,0
1.0,0.9697053,4.415638,0
1.0,0.9690828,4.463469,0
1.0,0.96846104,4.430787,0
1.0,0.9678895,4.3857803,0
1.0,0.96847576,4.3747745,0
1.0,0.9687942,4.38925,0
1.0,0.968568,4.408599,0
1.0,0.9684549,4.4352846,0
1.0,0.9699953,4.510288,0
1.0,0.9712026,4.5148706,0
1.0,0.97082776,4.526719,0
1.0,0.9710853,4.571994,0
1.0,0.97138244,4.4909945,0
1.0,0.97232413,4.4301767,0
1.0,0.9715711,4.4013624,0
1.0,0.9715236,4.309104,0
1.0,0.97114694,4.2166305,0
1.0,0.97282606,4.1223927,0
1.0,0.97165483,4.009602,0
1.0,0.9723422,3.975925,0
1.0,0.97004974,4.001622,0
1.0,0.9711628,4.0280457,0
1.0,0.9709644,3.9399028,0
1.0,0.97239166,3.8605447,0
1.0,0.97067505,3.8884728,0
1.0,0.9716529,3.9812255,0
1.0,0.97147274,4.107244,0
1.0,0.97444767,4.1099105,0
1.0,0.97389233,4.004653,0
1.0,0.97469395,3.9833298,0
1.0,0.97416866,4.011471,0
1.0,0.9745242,4.024603,0
1.0,0.9748139,3.9833603,0
1.0,0.9750965,3.9246922,0
1.0,0.9753608,3.9325306,0
1.0,0.97587675,3.9289203,0
1.0,0.9740545,3.846406,0
1.0,0.97280383,3.7392814,0
1.0,0.9719203,3.6751628,0
1.0,0.97333646,3.6368604,0
1.0,0.9713103,3.578155,0
1.0,0.9743794,3.6346211,0
1.0,0.97387785,3.5974345,0
1.0,0.97690475,3.5383158,0
1.0,0.97535294,3.6118839,0
1.0,0.9742182,3.7189488,0
1.0,0.9740615,3.7756314,0
1.0,0.97714317,3.7925808,0
1.0,0.9769365,3.753905,0
1.0,0.97680956,3.7950978,0
1.0,0.97676575,3.889475,0
1.0,0.9776822,3.917429,0
1.0,0.9786148,3.8744054,0
1.0,0.9773268,3.789905,0
1.0,0.9773262,3.7865753,0
1.0,0.97758156,3.7768545,0
1.0,0.9735131,3.7068048,0
1.0,0.9715323,3.6795125,0
1.0,0.97031116,3.545878,0
1.0,0.97226197,3.535049,0
1.0,0.9706138,3.655686,0
1.0,0.9715647,3.6500678,0
1.0,0.9710798,3.6154294,0
1.0,0.9731995,3.7180107,0
1.0,0.9729954,3.7411466,0
1.0,0.9711463,3.7443933,0
1.0,0.9725744,3.8183048,0
1.0,0.97303784,3.8213081,0
1.0,0.9743363,3.8552022,0
1.0,0.973334,3.9461427,0
1.0,0.9736969,3.9883237,0
1.0,0.9734886,4.0415745,0
1.0,0.9738448,4.038395,0
1.0,0.97283655,3.9159315,0
1.0,0.97286373,3.953908,0
1.0,0.97169983,3.9957325,0
1.0,0.9700398,3.883278,0
1.0,0.97023463,3.7589474,0
1.0,0.96922743,3.646041,0
1.0,0.9692105,3.6337266,0
1.0,0.96933067,3.7205358,0
1.0,0.97009385,3.7477813,0
1.0,0.96985584,3.7243648,0
1.0,0.97045094,3.7418265,0
1.0,0.970812,3.7591844,0
1.0,0.971117,3.7943277,0
1.0,0.9712423,3.8627086,0
1.0,0.9722386,3.8836584,0
1.0,0.97121215,3.8759391,0
1.0,0.9706306,3.8884017,0
1.0,0.96996874,3.9321642,0
1.0,0.9714626,3.942931,0
1.0,0.9705593,3.8104315,0
1.0,0.9713713,3.7755127,0
1.0,0.97074044,3.7927349,0
1.0,0.97128695,3.6522603,0
1.0,0.97187763,3.597817,0
1.0,0.9731198,3.5864723,0
1.0,0.9721719,3.4690135,0
1.0,0.97325706,3.4325492,0
1.0,0.9711684,3.4369407,0
1.0,0.96879554,3.4504104,0
1.0,0.9703498,3.4705963,0
1.0,0.97140956,3.3901963,0
1.0,0.97137815,3.3896227,0
1.0,0.9683127,3.5205925,0
1.0,0.96949357,3.5217566,0
1.0,0.9721202,3.5042884,0
1.0,0.9731135,3.61589,0
1.0,0.9704983,3.69536,0
1.0,0.97192264,3.7408605,0
1.0,0.97157615,3.7437387,0
1.0,0.9725692,3.672299,0
1.0,0.9714424,3.601711,0
1.0,0.97191364,3.5901678,0
1.0,0.9713686,3.5588365,0
1.0,0.97239053,3.5428364,0
1.0,0.9711275,3.530848,0
1.0,0.9718422,3.4422097,0
1.0,0.97140414,3.4547124,0
1.0,0.9696572,3.5416727,0
1.0,0.96481645,3.4581928,0
1.0,0.9671067,3.4157684,0
1.0,0.96854454,3.415986,0
1.0,0.9691684,3.520082,0
1.0,0.9682132,3.641109,0
1.0,0.9703197,3.63099,0
1.0,0.9721229,3.6843257,0
1.0,0.97137195,3.743383,0
1.0,0.9704441,3.7465777,0
1.0,0.97084,3.8234026,0
1.0,0.9707178,3.873633,0
1.0,0.968713,3.8505135,0
1.0,0.9685865,3.794734,0
1.0,0.96747935,3.7394643,0
1.0,0.9683966,3.7847111,0
1.0,0.9653877,3.746908,0
1.0,0.9651942,3.6073782,0
1.0,0.9651631,3.6032338,0
1.0,0.966056,3.6682224,0
1.0,0.96440935,3.6276813,0
1.0,0.96544594,3.5520563,0
1.0,0.967092,3.5502777,0
1.0,0.96862286,3.6146338,0
1.0,0.9679074,3.6712477,0
1.0,0.9709055,3.761736,0
1.0,0.9717819,3.7918282,0
1.0,0.97223794,3.8017447,0
1.0,0.9713669,3.8180628,0
1.0,0.9713812,3.8176453,0
1.0,0.97040534,3.8826118,0
1.0,0.9703261,3.8915744,0
1.0,0.968857,3.8082771,0
1.0,0.9689864,3.8269706,0
1.0,0.9683196,3.853043,0
1.0,0.96770513,3.8256474,0
1.0,0.96635735,3.7286503,0
1.0,0.96590924,3.6594315,0
1.0,0.9659176,3.6819386,0
1.0,0.9662831,3.659329,0
1.0,0.9683385,3.6293106,0
1.0,0.96895516,3.6279755,0
1.0,0.96957254,3.6060376,0
1.0,0.9689974,3.6016054,0
1.0,0.96860194,3.6404192,0
1.0,0.96989924,3.6852431,0
1.0,0.9697818,3.71442,0
1.0,0.97008926,3.707027,0
1.0,0.96850765,3.7263212,0
1.0,0.9681341,3.794333,0
1.0,0.9673108,3.7737777,0
1.0,0.9677261,3.689283,0
1.0,0.96556896,3.6619325,0
1.0,0.9656743,3.7160232,0
1.0,0.96503896,3.7043862,0
1.0,0.9649918,3.6169538,0
1.0,0.9639883,3.5560827,0
1.0,0.9640186,3.512618,0
1.0,0.96304494,3.4906974,0
1.0,0.9652475,3.4957955,0
1.0,0.9652776,3.4962616,0
1.0,0.9668715,3.52631,0
1.0,0.96611726,3.5338922,0
1.0,0.9662646,3.5619662,0
1.0,0.964144,3.5596242,0
1.0,0.96563387,3.5499475,0
1.0,0.9655105,3.5028737,0
1.0,0.9663932,3.4940987,0
1.0,0.9649445,3.60401,0
1.0,0.9683404,3.674236,0
1.0,0.96888834,3.6528654,0
1.0,0.970892,3.6584501,0
1.0,0.96974653,3.6621988,0
1.0,0.9709523,3.6488419,0
1.0,0.96902084,3.590738,0
1.0,0.96970314,3.5565038,0
1.0,0.9684004,3.5104296,0
1.0,0.96941704,3.4888844,0
1.0,0.96842426,3.5078845,0
1.0,0.9695272,3.534961,0
1.0,0.9685564,3.5325031,0
1.0,0.9698602,3.520903,0
1.0,0.9682584,3.516925,0
1.0,0.9679767,3.5764148,0
1.0,0.9685602,3.6178029,0
1.0,0.96930414,3.6191907,0
1.0,0.9692132,3.7329092,0
1.0,0.9712167,3.8904328,0
1.0,0.9712128,3.9494963,0
1.0,0.9738678,3.964286,0
1.0,0.9728372,3.9137158,0
1.0,0.97462726,3.8779402,0
1.0,0.9737301,3.8961987,0
1.0,0.97410065,3.913261,0
1.0,0.9728864,3.925202,0
1.0,0.97284126,3.9496117,0
1.0,0.9730801,3.9413538,0
1.0,0.97210455,3.9304633,0
1.0,0.9704377,3.9400225,0
1.0,0.969188,3.9400215,0
1.0,0.97133934,3.8843942,0
1.0,0.9716841,3.8725688,0
1.0,0.9707828,3.9512782,0
1.0,0.971255,4.0492587,0
1.0,0.9729338,4.152455,0
1.0,0.97328013,4.2174525,0
1.0,0.9717799,4.2759295,0
1.0,0.9719229,4.341016,0
1.0,0.9725954,4.389702,0
1.0,0.973461,4.4541364,0
1.0,0.97155195,4.44273,0
1.0,0.9709338,4.4513397,0
1.0,0.9720337,4.516985,0
1.0,0.97316736,4.511203,0
1.0,0.972314,4.4747353,0
1.0,0.9704225,4.388669,0
1.0,0.971447,4.3147683,0
1.0,0.97102135,4.289981,0
1.0,0.97023004,4.19471,0
1.0,0.96855956,4.11252,0
1.0,0.9698251,4.120905,0
1.0,0.97141236,4.118193,0
1.0,0.97072643,4.187091,0
1.0,0.9693319,4.2752914,0
1.0,0.96898234,4.247233,0
1.0,0.97159034,4.2602615,0
1.0,0.96984774,4.2802157,0
1.0,0.9693254,4.3057175,0
1.0,0.969276,4.3565187,0
1.0,0.9720962,4.3766465,0
1.0,0.9724133,4.4264536,0
1.0,0.9725418,4.4485207,0
1.0,0.9712157,4.4507947,0
1.0,0.973053,4.4627237,0
1.0,0.9716007,4.34743,0
1.0,0.9716481,4.2800403,0
1.0,0.97052246,4.244033,0
1.0,0.970256,4.1960363,0
1.0,0.96978956,4.2017393,0
1.0,0.9701507,4.2257786,0
1.0,0.9704081,4.2224975,0
1.0,0.9722873,4.1743546,0
1.0,0.9711592,4.153469,0
1.0,0.96961045,4.1953387,0
1.0,0.96890837,4.1858582,0
1.0,0.9705547,4.245732,0
1.0,0.9701156,4.3631134,0
1.0,0.97080505,4.432971,0
1.0,0.97128457,4.505475,0
1.0,0.9710633,4.542399,0
1.0,0.97019166,4.5425644,0
1.0,0.97004366,4.562881,0
1.0,0.97002125,4.573064,0
1.0,0.97051346,4.596526,0
1.0,0.9701938,4.5702353,0
1.0,0.96934354,4.5263386,0
1.0,0.9693536,4.5340195,0
1.0,0.96712786,4.5163145,0
1.0,0.9676806,4.5004425,0
1.0,0.9666607,4.4204426,0
1.0,0.96844214,4.412388,0
1.0,0.9679108,4.5458965,0
1.0,0.96914333,4.6340885,0
1.0,0.968884,4.668089,0
1.0,0.9706181,4.7479053,0
1.0,0.9697095,4.7747107,0
1.0,0.97090435,4.810523,0
1.0,0.9694727,4.8270626,0
1.0,0.96996677,4.7835493,0
1.0,0.9676778,4.7973537,0
1.0,0.9672504,4.8359585,0
1.0,0.9655559,4.783534,0
1.0,0.9669143,4.803347,0
1.0,0.9653498,4.831828,0
1.0,0.9658355,4.801573,0
1.0,0.9645045,4.7064867,0
1.0,0.96514344,4.659378,0
1.0,0.9637627,4.6217055,0
1.0,0.96548116,4.5390906,0
1.0,0.9648859,4.515415,0
1.0,0.9659173,4.531512,0
1.0,0.96534306,4.521014,0
1.0,0.9659882,4.5303354,0
1.0,0.96591824,4.4746513,0
1.0,0.9655557,4.437787,0
1.0,0.96574426,4.5156603,0
1.0,0.9680172,4.5968304,0
1.0,0.9698429,4.6682568,0
1.0,0.9706424,4.7322917,0
1.0,0.9713309,4.7092466,0
1.0,0.9717206,4.6570196,0
1.0,0.97210103,4.6685057,0
1.0,0.9712436,4.6761684,0
1.0,0.971901,4.534041,0
1.0,0.9706288,4.37155,0
1.0,0.97051865,4.3332987,0
1.0,0.968907,4.237255,0
1.0,0.9681874,4.18757,0
1.0,0.97000307,4.2243395,0
1.0,0.9697971,4.1988125,0
1.0,0.9708146,4.2454824,0
1.0,0.9701076,4.2777395,0
1.0,0.96914566,4.2377768,0
1.0,0.96814305,4.2404256,0
1.0,0.96820337,4.256255,0
1.0,0.9683119,4.246526,0
1.0,0.96909845,4.3164954,0
1.0,0.9692956,4.3645353,0
1.0,0.9708474,4.319393,0
1.0,0.9705805,4.3411355,0
1.0,0.9704131,4.4450326,0
1.0,0.97084,4.511629,0
1.0,0.9733769,4.539638,0
1.0,0.97420055,4.499919,0
1.0,0.9737637,4.5011997,0
1.0,0.973883,4.5328526,0
1.0,0.97322184,4.473945,0
1.0,0.97302,4.384866,0
1.0,0.97221166,4.31057,0
1.0,0.970731,4.197098,0
1.0,0.9713642,4.18898,0
1.0,0.97105825,4.2708397,0
1.0,0.9692639,4.292015,0
1.0,0.9689802,4.2930007,0
1.0,0.9694378,4.2673316,0
1.0,0.96940875,4.343036,0
1.0,0.96977276,4.429998,0
1.0,0.9706711,4.427449,0
1.0,0.97142065,4.477475,0
1.0,0.97096616,4.5232954,0
1.0,0.97111917,4.5728235,0
1.0,0.97184855,4.594735,0
1.0,0.9739856,4.5209627,0
1.0,0.9737811,4.4542685,0
1.0,0.97354466,4.4490676,0
1.0,0.9732545,4.454788,0
1.0,0.97402227,4.4240446,0
1.0,0.97383285,4.4052806,0
1.0,0.97289586,4.329008,0
1.0,0.97310376,4.3060007,0
1.0,0.97228134,4.41478,0
1.0,0.97064394,4.4233418,0
1.0,0.972097,4.3939,0
1.0,0.97317725,4.3651648,0
1.0,0.97371215,4.3657913,0
1.0,0.9717116,4.4237647,0
1.0,0.9711258,4.404088,0
1.0,0.97177434,4.435602,0
1.0,0.9724153,4.498728,0
1.0,0.97067046,4.508548,0
1.0,0.96985716,4.540621,0
1.0,0.96983105,4.574711,0
1.0,0.97084683,4.5277195,0
1.0,0.9698723,4.401024,0
1.0,0.96886206,4.3698645,0
1.0,0.96902746,4.395051,0
1.0,0.97175175,4.391585,0
1.0,0.9710944,4.3172445,0
1.0,0.9717244,4.2890034,0
1.0,0.9710769,4.3426723,0
1.0,0.9711273,4.317131,0
1.0,0.9687635,4.2369967,0
1.0,0.96993935,4.1521344,0
1.0,0.96935534,4.1137304,0
1.0,0.9704761,4.2110543,0
1.0,0.9701868,4.301344,0
1.0,0.97077405,4.289904,0
1.0,0.97096145,4.243073,0
1.0,0.9711685,4.2566633,0
1.0,0.9708462,4.219639,0
1.0,0.9706217,4.2058554,0
1.0,0.97112894,4.2382874,0
1.0,0.9707948,4.1509004,0
1.0,0.9703855,4.0857635,0
1.0,0.97003806,4.012317,0
1.0,0.9685362,3.9389596,0
1.0,0.967782,3.8794894,0
1.0,0.9663032,3.7912855,0
1.0,0.966214,3.7725914,0
1.0,0.96480834,3.7135203,0
1.0,0.9640947,3.6938343,0
1.0,0.9627808,3.6900716,0
1.0,0.96299887,3.6256797,0
1.0,0.96148264,3.6309829,0
1.0,0.9614045,3.6436427,0
1.0,0.9604563,3.624264,0
1.0,0.96156275,3.632164,0
1.0,0.9604834,3.6199403,0
1.0,0.9607562,3.6046448,0
1.0,0.9615633,3.6522932,0
1.0,0.962191,3.7067149,0
1.0,0.96170497,3.630701,0
1.0,0.96254927,3.5926335,0
1.0,0.9610456,3.6000834,0
1.0,0.9623203,3.5692062,0
1.0,0.95772994,3.4988952,0
1.0,0.95941263,3.432046,0
1.0,0.95697176,3.3703194,0
1.0,0.9603547,3.4112847,0
1.0,0.9590995,3.4401717,0
1.0,0.9624651,3.3892045,0
1.0,0.96373945,3.3576179,0
1.0,0.96488535,3.3752656,0
1.0,0.9641176,3.360693,0
1.0,0.96770245,3.3861365,0
1.0,0.9680864,3.3709288,0
1.0,0.9689763,3.3667097,0
1.0,0.9679567,3.4139118,0
1.0,0.97011983,3.4854507,0
1.0,0.96986413,3.5639515,0
1.0,0.9706542,3.5727942,0
1.0,0.97145283,3.5397677,0
1.0,0.97218883,3.5131493,0
1.0,0.9716941,3.4702194,0
1.0,0.9711331,3.4533935,0
1.0,0.97163117,3.4042928,0
1.0,0.9710633,3.343018,0
1.0,0.97037226,3.3274915,0
1.0,0.9687547,3.3056707,0
1.0,0.9686608,3.3076353,0
1.0,0.9682073,3.3516426,0
1.0,0.9696521,3.309772,0
1.0,0.9702514,3.2222543,0
1.0,0.9692928,3.291151,0
1.0,0.97003067,3.3767977,0
1.0,0.97096616,3.367745,0
1.0,0.97340196,3.3915215,0
1.0,0.97223413,3.410218,0
1.0,0.971395,3.428192,0
1.0,0.97021145,3.4260855,0
1.0,0.971348,3.3529181,0
1.0,0.9717523,3.2948453,0
1.0,0.9698817,3.3337872,0
1.0,0.970553,3.390623,0
1.0,0.9699111,3.3840938,0
1.0,0.9697435,3.3255572,0
1.0,0.96810496,3.2597451,0
1.0,0.969234,3.2281535,0
1.0,0.9681309,3.2364268,0
1.0,0.9666091,3.2152567,0
1.0,0.9677635,3.1132426,0
1.0,0.9689359,3.0174723,0
1.0,0.970778,3.0154734,0
1.0,0.9694716,3.0502732,0
1.0,0.9681819,3.0527806,0
1.0,0.96969306,3.0426211,0
1.0,0.9686621,3.0507498,0
1.0,0.9682851,3.0877504,0
1.0,0.96575403,3.1475945,0
1.0,0.9678848,3.2036676,0
1.0,0.96579915,3.1404037,0
1.0,0.9670857,3.034054,0
1.0,0.9649949,2.9454756,0
1.0,0.9662032,2.9122825,0
1.0,0.9647919,2.8530552,0
1.0,0.9650463,2.7229202,0
1.0,0.96282786,2.5879536,0
1.0,0.96304893,2.5179753,0
1.0,0.9613426,2.5101285,0
1.0,0.9568781,2.4994617,0
1.0,0.95492095,2.4289212,0
1.0,0.9548143,2.3687835,0
1.0,0.95444334,2.4265528,0
1.0,0.95067686,2.465116,0
1.0,0.946929,2.3837073,0
1.0,0.94959915,2.334053,0
1.0,0.9487174,2.2831984,0
1.0,0.9467288,2.2408462,0
1.0,0.94403785,2.2590928,0
1.0,0.94897383,2.277824,0
1.0,0.94428873,2.2000601,0
1.0,0.9434439,2.12325,0
1.0,0.93648434,2.0947373,0
1.0,0.9378105,2.1086679,0
1.0,0.92604274,2.0241272,0
1.0,0.92568177,1.9480101,0
1.0,0.9158957,1.86657,0
1.0,0.92054117,1.8713212,0
1.0,0.9028332,1.8056453,0
1.0,0.89592934,1.6965377,0
1.0,0.88751084,1.5857527,0
1.0,0.8969521,1.5692195,0
1.0,0.878231,1.5452297,0
1.0,0.88605577,1.6017817,0
1.0,0.88028765,1.5789146,0
1.0,0.8928261,1.6148112,0
1.0,0.8730904,1.6138582,0
1.0,0.8806402,1.6831611,0
1.0,0.86658585,1.6651525,0
1.0,0.8762729,1.6881514,0
1.0,0.8491765,1.591687,0
1.0,0.85348165,1.5732669,0
1.0,0.8403608,1.541914,0
1.0,0.8479118,1.5545032,0
1.0,0.81984204,1.3959329,0
1.0,0.8353647,1.3398145,0
1.0,0.8307841,1.3045905,0
1.0,0.8442984,1.3176038,0
1.0,0.8325708,1.3093879,0
1.0,0.8590649,1.4195011,0
1.0,0.8506586,1.3811512,0
1.0,0.8737617,1.436351,0
1.0,0.8567324,1.453606,0
1.0,0.8784823,1.5291954,0
1.0,0.862433,1.4958255,0
1.0,0.88132304,1.5316525,0
1.0,0.8651965,1.492929,0
1.0,0.8765992,1.5502425,0
1.0,0.8530017,1.5074323,0
1.0,0.8698313,1.5508276,0
1.0,0.8529579,1.5259899,0
1.0,0.8639397,1.5688189,0
1.0,0.8480232,1.5381343,0
1.0,0.8608144,1.5675356,0
1.0,0.8427776,1.5025524,0
1.0,0.85986876,1.5056612,0
1.0,0.843535,1.4582695,0
1.0,0.8498396,1.4900267,0
1.0,0.83744234,1.435203,0
1.0,0.8485019,1.4149268,0
1.0,0.8358389,1.3798923,0
1.0,0.8409835,1.4181683,0
1.0,0.8341894,1.421133,0
1.0,0.8289774,1.4062301,0
1.0,0.82350814,1.3833277,0
1.0,0.8142594,1.3588731,0
1.0,0.81505114,1.4130397,0
1.0,0.8111568,1.4734704,0
1.0,0.81554484,1.5083528,0
1.0,0.817018,1.5109797,0
1.0,0.8213031,1.5029409,0
1.0,0.82587636,1.4861815,0
1.0,0.8330248,1.4949217,0
1.0,0.8469954,1.5032809,0
1.0,0.84502447,1.4418882,0
1.0,0.85235864,1.4466382,0
1.0,0.8510421,1.4339044,0
1.0,0.8571521,1.4209548,0
1.0,0.8458961,1.3882873,0
1.0,0.8490353,1.3583226,0
1.0,0.85069346,1.3273822,0
1.0,0.85461426,1.3256602,0
1.0,0.8499943,1.3014791,0
1.0,0.85372543,1.2989581,0
1.0,0.86109746,1.3074243,0
1.0,0.87115633,1.2983782,0
1.0,0.85944694,1.2654915,0
1.0,0.8627343,1.3002477,0
1.0,0.8559813,1.2535526,0
1.0,0.88272953,1.2569054,0
1.0,0.8686327,1.2116324,0
1.0,0.8742019,1.2249776,0
1.0,0.86148024,1.1971695,0
1.0,0.88653153,1.1996666,0
1.0,0.8630807,1.0875208,0
1.0,0.864556,1.0539273,0
1.0,0.8565157,1.0172505,0
1.0,0.8724725,1.0160289,0
1.0,0.8612782,0.9235954,0
1.0,0.8468246,0.8187844,0
1.0,0.8536272,0.7989325,0
1.0,0.8606702,0.8015174,0
1.0,0.8636081,0.78793836,0
1.0,0.8456369,0.7246816,0
1.0,0.85482323,0.71994567,0
1.0,0.8636919,0.7251773,0
1.0,0.8504647,0.6950849,0
1.0,0.8234288,0.6342745,0
1.0,0.8224404,0.5978373,0
1.0,0.83781797,0.6036447,0
1.0,0.8115056,0.556053,0
1.0,0.778751,0.5027664,0
1.0,0.7873265,0.51740843,0
1.0,0.77324945,0.46368784,0
1.0,0.768249,0.40560603,0
1.0,0.71971655,0.33858353,0
1.0,0.7586494,0.36216867,0
1.0,0.73921764,0.33152342,0
1.0,0.76879543,0.35002017,0
1.0,0.7103897,0.25645763,0
1.0,0.78869766,0.33280635,0
1.0,0.7789324,0.3344435,0
1.0,0.7714348,0.31102896,0
1.0,0.7706984,0.28803226,0
1.0,0.81058353,0.3130164,0
1.0,0.7816355,0.28344995,0
1.0,0.752317,0.2629731,0
1.0,0.753323,0.27035648,0
1.0,0.79209554,0.29610312,0
1.0,0.76298594,0.2573228,0
1.0,0.7386669,0.25135309,0
1.0,0.7479081,0.2600765,0
1.0,0.7781396,0.27236658,0
1.0,0.7447708,0.2323786,0
1.0,0.71399665,0.19882166,0
1.0,0.7377358,0.20417011,0
1.0,0.75413007,0.22062339,0
1.0,0.74422896,0.20304051,0
1.0,0.670772,0.13817513,0
1.0,0.7068318,0.15037648,0
1.0,0.69068193,0.1378524,0
1.0,0.67719203,0.13320667,0
1.0,0.5933477,0.08945141,0
1.0,0.66793436,0.11683045,0
1.0,0.6380538,0.10064392,0
1.0,0.63630354,0.09992491,0
1.0,0.59231,0.085663885,0
1.0,0.6386048,0.10998,0
1.0,0.60070205,0.090961985,0
1.0,0.60648453,0.09322526,0
1.0,0.5873662,0.08089167,0
1.0,0.6251851,0.093036294,0
1.0,0.6035638,0.081927605,0
1.0,0.65588295,0.09680966,0
1.0,0.7044357,0.11809483,0
1.0,0.7455912,0.13999158,0
1.0,0.71601593,0.11207969,0
1.0,0.7605532,0.12948805,0
1.0,0.7534994,0.118872486,0
1.0,0.75311816,0.11417876,0
1.0,0.7302629,0.13275081,0
1.0,0.7700051,0.14790566,0
1.0,0.78390837,0.13308549,0
1.0,0.75843716,0.11922188,0
1.0,0.74566597,0.1169274,0
1.0,0.75088644,0.13903679,0
1.0,0.7457967,0.14192891,0
1.0,0.700291,0.11885707,0
1.0,0.6650675,0.107472524,0
1.0,0.70320797,0.12909965,0
1.0,0.69757926,0.12797667,0
1.0,0.6723871,0.115680926,0
1.0,0.69476664,0.12546322,0
1.0,0.7394843,0.14249621,0
1.0,0.72994,0.13667037,0
1.0,0.7291972,0.14956659,0
1.0,0.74158263,0.15543836,0
1.0,0.7440329,0.15599886,0
1.0,0.62507355,0.09954623,0
1.0,0.5947529,0.08794708,0
1.0,0.6193122,0.094409496,0
1.0,0.6258002,0.09596996,0
1.0,0.56925577,0.09352482,0
1.0,0.5915362,0.0996986,0
1.0,0.7000456,0.1394225,0
1.0,0.72959125,0.20556685,0
1.0,0.65501326,0.17230797,0
1.0,0.69827926,0.19590421,0
1.0,0.77489686,0.25223452,0
1.0,0.77608836,0.2655636,0
1.0,0.68897456,0.21801889,0
1.0,0.706221,0.2487275,0
1.0,0.78523976,0.29846036,0
1.0,0.7775783,0.29677135,0
1.0,0.70417273,0.23660648,0
1.0,0.72071713,0.24887758,0
1.0,0.79060286,0.31895167,0
1.0,0.78843814,0.29838562,0
1.0,0.726789,0.24710393,0
1.0,0.70536155,0.24538913,0
1.0,0.7872103,0.33202547,0
1.0,0.81149906,0.37197703,0
1.0,0.7977823,0.36026394,0
1.0,0.7932764,0.3982035,0
1.0,0.8643235,0.52217686,0
1.0,0.86980444,0.54790854,0
1.0,0.84660435,0.5357957,0
1.0,0.8474509,0.514434,0
1.0,0.86456054,0.55844116,0
1.0,0.85201,0.59859973,0
1.0,0.8430194,0.5923934,0
1.0,0.8312413,0.60199106,0
1.0,0.86195624,0.66866994,0
1.0,0.85920596,0.66802704,0
1.0,0.8638629,0.6770712,0
1.0,0.85458064,0.6682489,0
1.0,0.8942458,0.7228832,0
1.0,0.8867262,0.64717764,0
1.0,0.8930807,0.66588205,0
1.0,0.8758878,0.6976061,0
1.0,0.89879304,0.7503527,0
1.0,0.88342416,0.7319586,0
1.0,0.89051723,0.74549735,0
1.0,0.8867364,0.75115746,0
1.0,0.9062364,0.8186321,0
1.0,0.88083273,0.7769903,0
1.0,0.8947187,0.8072112,0
1.0,0.8885358,0.84710306,0
1.0,0.8976276,0.90270454,0
1.0,0.8814652,0.88923883,0
1.0,0.90718466,0.9549226,0
1.0,0.8968021,0.9473312,0
1.0,0.90970063,0.95404947,0
1.0,0.9012756,0.92393535,0
1.0,0.90921277,0.972346,0
1.0,0.90268224,0.95164347,0
1.0,0.9045799,0.90988296,0
1.0,0.9078358,0.91311085,0
1.0,0.9167484,0.93334496,0
1.0,0.91867995,0.95028615,0
1.0,0.9140755,0.9559581,0
1.0,0.9191478,0.9294795,0
1.0,0.9164309,0.9433645,0
1.0,0.92205924,0.9719707,0
1.0,0.9132746,0.969789,0
1.0,0.9132969,1.0108534,0
1.0,0.91324484,1.022778,0
1.0,0.90772074,1.0277958,0
1.0,0.8904192,1.0203252,0
1.0,0.88435733,1.0547342,0
1.0,0.8843526,1.0681841,0
1.0,0.88542944,1.0345685,0
1.0,0.8752547,1.0528119,0
1.0,0.87133867,1.1031487,0
1.0,0.85603815,1.0665926,0
1.0,0.8721945,1.0653453,0
1.0,0.8633331,1.0277975,0
1.0,0.8686476,1.0572996,0
1.0,0.8605435,1.0721666,0
1.0,0.88671935,1.1416471,0
1.0,0.87983894,1.10886,0
1.0,0.88929534,1.1706626,0
1.0,0.87040055,1.1740367,0
1.0,0.886378,1.2444328,0
1.0,0.8706362,1.2967771,0
1.0,0.8813206,1.3821816,0
1.0,0.8735011,1.3831282,0
1.0,0.8770225,1.4229592,0
1.0,0.8651263,1.5062759,0
1.0,0.88569474,1.6425698,0
1.0,0.8863325,1.6685219,0
1.0,0.900567,1.7133906,0
1.0,0.8987237,1.708424,0
1.0,0.9165097,1.8261122,0
1.0,0.9147992,1.8376775,0
1.0,0.93176264,1.8794487,0
1.0,0.93128985,1.9051495,0
1.0,0.9418917,1.9232112,0
1.0,0.936596,1.9530293,0
1.0,0.93952626,2.0209389,0
1.0,0.92920953,2.0314772,0
1.0,0.9366963,2.0919156,0
1.0,0.9305094,2.1350222,0
1.0,0.9273858,2.239619,0
1.0,0.92106956,2.2337356,0
1.0,0.92929196,2.2240667,0
1.0,0.93060094,2.283679,0
1.0,0.9328448,2.3647487,0
1.0,0.9327412,2.474576,0
1.0,0.9460361,2.5680635,0
1.0,0.94527173,2.564324,0
1.0,0.95137036,2.6293724,0
1.0,0.94764215,2.6825202,0
1.0,0.9516578,2.7101889,0
1.0,0.95205855,2.7196927,0
1.0,0.954974,2.7294722,0
1.0,0.9524288,2.668841,0
1.0,0.95486987,2.656592,0
1.0,0.95016193,2.6809542,0
1.0,0.9509548,2.7139943,0
1.0,0.9461063,2.6909578,0
1.0,0.9509829,2.676196,0
1.0,0.9493233,2.7050538,0
1.0,0.9531342,2.8505454,0
1.0,0.9538882,2.8755488,0
1.0,0.9581502,2.8585024,0
1.0,0.9565328,2.987692,0
1.0,0.9614929,3.1126719,0
1.0,0.962712,3.2030535,0
1.0,0.96832186,3.2990136,0
1.0,0.96717983,3.2901232,0
1.0,0.9693657,3.3248649,0
1.0,0.96860003,3.3351712,0
1.0,0.967928,3.3370461,0
1.0,0.96810496,3.3482676,0
1.0,0.96596754,3.2705908,0
1.0,0.96731097,3.274979,0
1.0,0.9676388,3.3430347,0
1.0,0.96354926,3.4059134,0
1.0,0.9639038,3.4221764,0
1.0,0.9659321,3.3313947,0
1.0,0.967865,3.3379402,0
1.0,0.9680674,3.397224,0
1.0,0.9657859,3.364232,0
1.0,0.96974874,3.3910594,0
1.0,0.97055537,3.5119295,0
1.0,0.97199976,3.6044884,0
1.0,0.97157174,3.6383338,0
1.0,0.97396445,3.7805471,0
1.0,0.97380775,3.818709,0
1.0,0.97434807,3.781998,0
1.0,0.9735492,3.7941227,0
1.0,0.9748239,3.770503,0
1.0,0.9721326,3.8102577,0
1.0,0.9730306,3.8101962,0
1.0,0.96928024,3.699839,0
1.0,0.97226936,3.7899306,0
1.0,0.96741873,3.8019161,0
1.0,0.96698004,3.7165108,0
1.0,0.96547335,3.6452127,0
1.0,0.96812105,3.5625353,0
1.0,0.9657804,3.545726,0
1.0,0.96652704,3.529191,0
1.0,0.9626447,3.4802756,0
1.0,0.96758926,3.6097279,0
1.0,0.964063,3.586754,0
1.0,0.9661334,3.5421734,0
1.0,0.9654507,3.6151705,0
1.0,0.9661885,3.6548886,0
1.0,0.96293145,3.5996983,0
1.0,0.96442056,3.5170846,0
1.0,0.96339655,3.4820518,0
1.0,0.9645502,3.5337095,0
1.0,0.96215844,3.5654109,0
1.0,0.96494585,3.5683136,0
1.0,0.9616562,3.5286846,0
1.0,0.96361434,3.4855168,0
1.0,0.96060926,3.3628879,0
1.0,0.9608179,3.2688785,0
1.0,0.95761263,3.1994674,0
1.0,0.95795554,3.1098151,0
1.0,0.95723844,3.1278124,0
1.0,0.95914066,3.1940958,0
1.0,0.95717126,3.2186594,0
1.0,0.95927376,3.210216,0
1.0,0.9590069,3.1340163,0
1.0,0.96232384,3.1753778,0
1.0,0.96276796,3.2375097,0
1.0,0.9652563,3.2227592,0
1.0,0.96651036,3.18431,0
1.0,0.9686738,3.128714,0
1.0,0.9675021,3.1249716,0
1.0,0.96885777,3.150947,0
1.0,0.96721196,3.115463,0
1.0,0.97009325,3.1433253,0
1.0,0.96813625,3.1020703,0
1.0,0.9693731,2.9704466,0
1.0,0.96720594,2.966477,0
1.0,0.96355,2.9769554,0
1.0,0.9629764,2.8974848,0
1.0,0.9628942,2.8737285,0
1.0,0.96224827,2.9259357,0
1.0,0.9607446,3.000866,0
1.0,0.96240294,3.0408902,0
1.0,0.9644149,3.0213718,0
1.0,0.964205,3.0104737,0
1.0,0.96391696,3.0530806,0
1.0,0.9647462,3.1256146,0
1.0,0.9694708,3.2071247,0
1.0,0.9685883,3.2175798,0
1.0,0.969022,3.2001529,0
1.0,0.96904236,3.217161,0
1.0,0.969114,3.2328296,0
1.0,0.96714836,3.2019577,0
1.0,0.9677078,3.1344843,0
1.0,0.96744853,3.0059528,0
1.0,0.96868336,3.0268202,0
1.0,0.9669846,3.1085544,0
1.0,0.9625571,3.0426202,0
1.0,0.9649959,2.9786777,0
1.0,0.9670027,2.916319,0
1.0,0.966553,2.9600291,0
1.0,0.96682984,3.0578337,0
1.0,0.9672976,3.0590081,0
1.0,0.970493,3.1081512,0
1.0,0.9699247,3.1137788,0
1.0,0.9701999,3.1053162,0
1.0,0.96959597,3.1975117,0
1.0,0.970425,3.2336104,0
1.0,0.9704818,3.1825187,0
1.0,0.9700375,3.170947,0
1.0,0.96832913,3.22218,0
1.0,0.9677861,3.215208,0
1.0,0.96818984,3.1222947,0
1.0,0.96877277,3.0030022,0
1.0,0.96858156,2.9514174,0
1.0,0.96749276,2.9439611,0
1.0,0.9676224,2.897099,0
1.0,0.9675042,2.8189769,0
1.0,0.96649605,2.7230778,0
1.0,0.96602637,2.6586447,0
1.0,0.9645354,2.6591122,0
1.0,0.96127415,2.6768794,0
1.0,0.9577825,2.6606479,0
1.0,0.9568894,2.610097,0
1.0,0.9564719,2.5976279,0
1.0,0.9539447,2.6540132,0
1.0,0.9516977,2.705933,0
1.0,0.9506195,2.660667,0
1.0,0.9491942,2.5953498,0
1.0,0.9459482,2.589395,0
1.0,0.9420787,2.5844934,0
1.0,0.9471838,2.6371484,0
1.0,0.9433685,2.5846095,0
1.0,0.94283354,2.5349905,0
1.0,0.9389754,2.5294576,0
1.0,0.9394636,2.464459,0
1.0,0.93322235,2.4078195,0
1.0,0.93068933,2.3619413,0
1.0,0.9260805,2.2531831,0
1.0,0.92957765,2.275566,0
1.0,0.92938995,2.3397124,0
1.0,0.9248905,2.332882,0
1.0,0.9271725,2.3009233,0
1.0,0.93347895,2.3389587,0
1.0,0.9324008,2.4055464,0
1.0,0.931808,2.4546375,0
1.0,0.9359993,2.4800491,0
1.0,0.9391783,2.4800706,0
1.0,0.9360494,2.4837193,0
1.0,0.93375444,2.52667,0
1.0,0.9408122,2.5989609,0
1.0,0.9413448,2.5898247,0
1.0,0.94267625,2.5278974,0
1.0,0.93752563,2.4745984,0
1.0,0.94374704,2.4904325,0
1.0,0.936925,2.4511435,0
1.0,0.9420862,2.4136252,0
1.0,0.9322965,2.3089118,0
1.0,0.9419345,2.3367233,0
1.0,0.9359999,2.370676,0
1.0,0.94224864,2.3844318,0
1.0,0.9371429,2.3574572,0
1.0,0.94661933,2.39541,0
1.0,0.94075406,2.3855371,0
1.0,0.9413915,2.3954895,0
1.0,0.9317567,2.354858,0
1.0,0.9363611,2.3890555,0
1.0,0.9261974,2.3376486,0
1.0,0.92654,2.3389184,0
1.0,0.91868687,2.41228,0
1.0,0.9280263,2.453548,0
1.0,0.9179123,2.3750007,0
1.0,0.9287246,2.3496084,0
1.0,0.9186424,2.290649,0
1.0,0.92495006,2.3421454,0
1.0,0.9099724,2.2615454,0
1.0,0.9206328,2.2455018,0
1.0,0.9110718,2.1702209,0
1.0,0.91828513,2.17553,0
1.0,0.9080044,2.2462304,0
1.0,0.9165723,2.2768402,0
1.0,0.9182235,2.245205,0
1.0,0.9315592,2.2936587,0
1.0,0.92901736,2.3214893,0
1.0,0.9349047,2.439728,0
1.0,0.9313241,2.4656532,0
1.0,0.93896174,2.4815922,0
1.0,0.9330816,2.5262265,0
1.0,0.93759334,2.6359086,0
1.0,0.9348184,2.6669197,0
1.0,0.9470769,2.7067552,0
1.0,0.9440771,2.6838546,0
1.0,0.95127743,2.6676197,0
1.0,0.9474133,2.6729465,0
1.0,0.9533607,2.7597117,0
1.0,0.9517645,2.7100496,0
1.0,0.953571,2.6974723,0
1.0,0.9535607,2.6880746,0
1.0,0.9559996,2.6270862,0
1.0,0.9549416,2.713937,0
1.0,0.9558714,2.7726812,0
1.0,0.95737433,2.6969166,0
1.0,0.96160245,2.7255886,0
1.0,0.9604169,2.725699,0
1.0,0.95849466,2.7482378,0
1.0,0.95706177,2.7780542,0
1.0,0.9571185,2.6988688,0
1.0,0.95381385,2.6605253,0
1.0,0.9503014,2.648957,0
1.0,0.9476168,2.673143,0
1.0,0.9477006,2.6939106,0
1.0,0.94496953,2.5753918,0
1.0,0.9431484,2.510365,0
1.0,0.9405446,2.449183,0
1.0,0.9353415,2.364702,0
1.0,0.93236506,2.280983,0
1.0,0.9325513,2.1549406,0
1.0,0.9319409,2.106792,0
1.0,0.92937505,2.0871725,0
1.0,0.92563784,2.019921,0
1.0,0.9258018,1.9210975,0
1.0,0.91609645,1.8180358,0
1.0,0.9152812,1.7688465,0
1.0,0.9140602,1.7498174,0
1.0,0.9134797,1.7768779,0
1.0,0.9166432,1.7785032,0
1.0,0.91259146,1.6772133,0
1.0,0.92080486,1.667247,0
1.0,0.9183802,1.6523209,0
1.0,0.9137791,1.6442263,0
1.0,0.9072297,1.613308,0
1.0,0.9148059,1.5260504,0
1.0,0.9132991,1.4428389,0
1.0,0.9141325,1.4206806,0
1.0,0.9087223,1.3651206,0
1.0,0.9120598,1.3356639,0
1.0,0.9120242,1.2678962,0
1.0,0.9113371,1.2002615,0
1.0,0.903541,1.1927135,0
1.0,0.91073203,1.2066276,0
1.0,0.8988581,1.1700556,0
1.0,0.90465325,1.1450815,0
1.0,0.8935995,1.0735233,0
1.0,0.9058218,1.0839275,0
1.0,0.8929249,1.0666609,0
1.0,0.907576,1.0987227,0
1.0,0.90058386,1.0712506,0
1.0,0.90456104,1.0924053,0
1.0,0.8938548,1.092218,0
1.0,0.89406216,1.1182867,0
1.0,0.87763196,1.0896282,0
1.0,0.87892187,1.0437908,0
1.0,0.87738246,1.0209113,0
1.0,0.8904011,1.0535789,0
1.0,0.88486457,1.0200372,0
1.0,0.8940189,0.99254084,0
1.0,0.8887605,0.9302213,0
1.0,0.9024934,0.9019866,0
1.0,0.8924587,0.9015415,0
1.0,0.900414,0.9561688,0
1.0,0.89525115,0.94524586,0
1.0,0.91305155,0.9586595,0
1.0,0.9084556,0.94477916,0
1.0,0.91735834,0.9680505,0
1.0,0.91095525,0.977249,0
1.0,0.9116108,0.9888635,0
1.0,0.9145376,0.99835354,0
1.0,0.90821373,1.0166352,0
1.0,0.90405285,1.0343385,0
1.0,0.9059652,1.0350331,0
1.0,0.9038424,0.9990492,0
1.0,0.9106933,0.9739009,0
1.0,0.9137757,0.9479926,0
1.0,0.92490214,0.9933742,0
1.0,0.9223355,0.9977633,0
1.0,0.9299762,0.9953277,0
1.0,0.9271898,0.98877364,0
1.0,0.92104673,0.97448,0
1.0,0.9096375,0.94244075,0
1.0,0.9145517,0.9429226,0
1.0,0.9160026,0.92599183,0
1.0,0.9109269,0.86730427,0
1.0,0.89356077,0.8413183,0
1.0,0.8984938,0.90725666,0
1.0,0.9042631,0.9472134,0
1.0,0.90183187,0.95438635,0
1.0,0.88806343,0.9543106,0
1.0,0.89262563,0.9950138,0
1.0,0.89933157,1.0196666,0
1.0,0.90022063,1.0228543,0
1.0,0.89424115,0.97773856,0
1.0,0.90413094,0.9533464,0
1.0,0.91093695,0.9598018,0
1.0,0.91286546,0.9497788,0
1.0,0.900538,0.91763705,0
1.0,0.9014756,0.9151449,0
1.0,0.89523643,0.86695176,0
1.0,0.8821451,0.83581793,0
1.0,0.8605103,0.80699545,0
1.0,0.8711887,0.7947897,0
1.0,0.8537387,0.7896372,0
1.0,0.8661966,0.82956076,0
1.0,0.8398941,0.80255437,0
1.0,0.8743082,0.96343845,0
1.0,0.8514415,0.9515258,0
1.0,0.8842809,0.98158985,0
1.0,0.8635036,0.96673095,0
1.0,0.8842393,1.0618881,0
1.0,0.85476404,1.0341159,0
1.0,0.8853128,1.1408993,0
1.0,0.8748636,1.1491175,0
1.0,0.8882329,1.1794336,0
1.0,0.8582597,1.1528451,0
1.0,0.8786711,1.2255757,0
1.0,0.8531332,1.137104,0
1.0,0.877477,1.1362033,0
1.0,0.8660864,1.1067562,0
1.0,0.891855,1.1688342,0
1.0,0.8846359,1.1647844,0
1.0,0.9076343,1.2535976,0
1.0,0.9044482,1.2747934,0
1.0,0.92807007,1.3649553,0
1.0,0.9147627,1.3860941,0
1.0,0.9284209,1.4517901,0
1.0,0.9224698,1.4755392,0
1.0,0.93382657,1.5438982,0
1.0,0.91732615,1.5533943,0
1.0,0.9148752,1.5857849,0
1.0,0.91608495,1.6289295,0
1.0,0.9223179,1.677874,0
1.0,0.913501,1.6512649,0
1.0,0.91109157,1.671085,0
1.0,0.91403407,1.6882683,0
1.0,0.90451306,1.6583068,0
1.0,0.89252853,1.6119595,0
1.0,0.8974359,1.5258601,0
1.0,0.91009533,1.5214477,0
1.0,0.9117519,1.5638406,0
1.0,0.9110587,1.5579215,0
1.0,0.9102412,1.5218918,0
1.0,0.9273296,1.6030996,0
1.0,0.93122417,1.6508167,0
1.0,0.9227511,1.6484107,0
1.0,0.92064846,1.6944175,0
1.0,0.927775,1.6991587,0
1.0,0.9275828,1.6722203,0
1.0,0.92014736,1.7071383,0
1.0,0.9109168,1.7202153,0
1.0,0.9215312,1.7636497,0
1.0,0.92659897,1.8178604,0
1.0,0.92654574,1.8043451,0
1.0,0.923974,1.7666352,0
1.0,0.9291307,1.8108869,0
1.0,0.9275411,1.7696142,0
1.0,0.9292163,1.7045982,0
1.0,0.93061167,1.6884639,0
1.0,0.93998367,1.6964028,0
1.0,0.94399506,1.7171971,0
1.0,0.9494778,1.7412,0
1.0,0.9507329,1.7235949,0
1.0,0.9564736,1.7589526,0
1.0,0.95442104,1.7713408,0
1.0,0.9501943,1.7735145,0
1.0,0.9485072,1.7762516,0
1.0,0.9459518,1.7602627,0
1.0,0.9363505,1.7888744,0
1.0,0.932785,1.832858,0
1.0,0.9295334,1.9033039,0
1.0,0.9293182,1.9966965,0
1.0,0.9198775,1.9680579,0
1.0,0.92188716,1.9801021,0
1.0,0.92183477,1.9839063,0
1.0,0.9222288,1.9140526,0
1.0,0.9076852,1.8591547,0
1.0,0.91556513,1.8805034,0
1.0,0.9166986,1.8324304,0
1.0,0.9237302,1.8815005,0
1.0,0.9159866,1.913504,0
1.0,0.91912526,1.9081786,0
1.0,0.9199394,1.9421356,0
1.0,0.9216476,2.028719,0
1.0,0.9172382,2.0809188,0
1.0,0.910444,2.107614,0
1.0,0.9113991,2.105118,0
1.0,0.9092701,2.0796504,0
1.0,0.9080509,2.162276,0
1.0,0.91103053,2.2928214,0
1.0,0.923122,2.378294,0
1.0,0.92399,2.3904467,0
1.0,0.9327044,2.4284232,0
1.0,0.9340129,2.4453785,0
1.0,0.9394146,2.4607196,0
1.0,0.93669355,2.4493906,0
1.0,0.941423,2.4729772,0
1.0,0.9416356,2.472139,0
1.0,0.9459064,2.5528862,0
1.0,0.9455646,2.6077049,0
1.0,0.94751155,2.5926485,0
1.0,0.9481934,2.6063724,0
1.0,0.951866,2.5902786,0
1.0,0.94654775,2.552033,0
1.0,0.9520591,2.616228,0
1.0,0.9536681,2.6174672,0
1.0,0.95578897,2.6665876,0
1.0,0.95131433,2.7507272,0
1.0,0.9523383,2.7613363,0
1.0,0.9554428,2.7831192,0
1.0,0.95667976,2.8156364,0
1.0,0.9524906,2.771122,0
1.0,0.9541704,2.7441192,0
1.0,0.95147157,2.767673,0
1.0,0.95390487,2.8252635,0
1.0,0.94861865,2.742319,0
1.0,0.9510636,2.645937,0
1.0,0.95022875,2.6212032,0
1.0,0.9521701,2.6554337,0
1.0,0.9464571,2.6635404,0
1.0,0.9527797,2.6193569,0
1.0,0.9518568,2.5263608,0
1.0,0.9534803,2.5423703,0
1.0,0.9454811,2.5235515,0
1.0,0.9501288,2.4874773,0
1.0,0.9481552,2.449253,0
1.0,0.94960624,2.4793038,0
1.0,0.9442519,2.4649134,0
1.0,0.94643486,2.4647083,0
1.0,0.9411503,2.4446354,0
1.0,0.9428658,2.3606398,0
1.0,0.9366831,2.2826233,0
1.0,0.93810457,2.2957895,0
1.0,0.93155384,2.2501419,0
1.0,0.93481445,2.241428,0
1.0,0.93054867,2.1613088,0
1.0,0.933826,2.0782895,0
1.0,0.93316746,2.0603566,0
1.0,0.9330462,2.0176907,0
1.0,0.9306127,1.8990911,0
1.0,0.9288277,1.8228052,0
1.0,0.9296672,1.787524,0
1.0,0.9294441,1.7972766,0
1.0,0.92692745,1.8419541,0
1.0,0.91501176,1.8059424,0
1.0,0.92337346,1.7534902,0
1.0,0.92540413,1.6553845,0
1.0,0.92631996,1.6573145,0
1.0,0.9190295,1.691618,0
1.0,0.9348798,1.7103645,0
1.0,0.9390621,1.6528134,0
1.0,0.9400844,1.6089666,0
1.0,0.9361735,1.6327646,0
1.0,0.94361204,1.6789953,0
1.0,0.9474435,1.6200767,0
1.0,0.9487037,1.5605087,0
1.0,0.946476,1.5464656,0
1.0,0.95306635,1.5563765,0
1.0,0.9541765,1.5491827,0
1.0,0.95816904,1.5327382,0
1.0,0.9521941,1.4526703,0
1.0,0.95864725,1.4425824,0
1.0,0.95592576,1.4628533,0
1.0,0.9537052,1.4700978,0
1.0,0.9493029,1.4338255,0
1.0,0.95478475,1.4253201,0
1.0,0.95368344,1.4346855,0
1.0,0.9506122,1.4692428,0
1.0,0.9464684,1.5002913,0
1.0,0.9479041,1.5034344,0
1.0,0.9454962,1.4708529,0
1.0,0.9400674,1.4961975,0
1.0,0.9361224,1.5722865,0
1.0,0.932216,1.5830281,0
1.0,0.9316829,1.5496353,0
1.0,0.9327434,1.4907614,0
1.0,0.92872167,1.4928875,0
1.0,0.9284505,1.5412354,0
1.0,0.9232923,1.5309558,0
1.0,0.92698973,1.4975548,0
1.0,0.9184885,1.4049844,0
1.0,0.91727287,1.4111841,0
1.0,0.91686565,1.5085579,0
1.0,0.9145682,1.544224,0
1.0,0.914854,1.5162163,0
1.0,0.92305666,1.4804634,0
1.0,0.92340225,1.4831259,0
1.0,0.9311304,1.6123292,0
1.0,0.924369,1.6565609,0
1.0,0.93726623,1.6798315,0
1.0,0.93597203,1.6616985,0
1.0,0.9431521,1.6895394,0
1.0,0.9396625,1.7629704,0
1.0,0.94766176,1.8293068,0
1.0,0.947044,1.7960086,0
1.0,0.95530653,1.7831547,0
1.0,0.9508057,1.7616305,0
1.0,0.9542901,1.7806926,0
1.0,0.95112795,1.7851747,0
1.0,0.953606,1.7712498,0
1.0,0.95138013,1.7557254,0
1.0,0.9491812,1.8274822,0
1.0,0.9477279,1.9379411,0
1.0,0.945313,1.9553401,0
1.0,0.9502623,1.9138603,0
1.0,0.9546456,1.9264736,0
1.0,0.9544634,1.9837296,0
1.0,0.9533689,2.0614686,0
1.0,0.9569326,2.1067436,0
1.0,0.9586567,2.0982013,0
1.0,0.95758647,2.1078944,0
1.0,0.95353556,2.1718206,0
1.0,0.95685595,2.3162985,0
1.0,0.9564415,2.3734188,0
1.0,0.95640314,2.3498268,0
1.0,0.9565133,2.3279321,0
1.0,0.9582391,2.3379097,0
1.0,0.95921385,2.4657078,0
1.0,0.95749927,2.5579834,0
1.0,0.95863944,2.4861767,0
1.0,0.96173537,2.4438481,0
1.0,0.9633461,2.49452,0
1.0,0.9628624,2.580421,0
1.0,0.96427906,2.6362872,0
1.0,0.9689075,2.6636138,0
1.0,0.9728242,2.7151093,0
1.0,0.9718755,2.8039002,0
1.0,0.9736554,2.9587545,0
1.0,0.9723122,3.0351152,0
1.0,0.9730684,3.0244493,0
1.0,0.972224,3.0192456,0
1.0,0.97380835,3.149183,0
1.0,0.9732068,3.2519212,0
1.0,0.97668606,3.2805696,0
1.0,0.9769066,3.228382,0
1.0,0.9797758,3.20662,0
1.0,0.978289,3.3124752,0
1.0,0.9782472,3.4178572,0
1.0,0.9763823,3.4022603,0
1.0,0.977729,3.350625,0
1.0,0.9773652,3.3211122,0
1.0,0.97723824,3.4338048,0
1.0,0.9769868,3.5562203,0
1.0,0.97800833,3.5909572,0
1.0,0.9789995,3.5693774,0
1.0,0.98024356,3.5448632,0
1.0,0.97918886,3.5753582,0
1.0,0.97908086,3.7424698,0
1.0,0.97707385,3.8442607,0
1.0,0.9781578,3.8376994,0
1.0,0.97851837,3.8853748,0
1.0,0.97824144,3.9713783,0
1.0,0.97833455,4.1206803,0
1.0,0.97908837,4.196601,0
1.0,0.9793323,4.1092424,0
1.0,0.979178,4.0845184,0
1.0,0.97796965,4.112636,0
1.0,0.9763995,4.1669407,0
1.0,0.97720873,4.216006,0
1.0,0.97723615,4.1268787,0
1.0,0.97772837,4.103465,0
1.0,0.9766822,4.1973286,0
1.0,0.9764639,4.2707844,0
1.0,0.9761721,4.2256246,0
1.0,0.9762006,4.2041073,0
1.0,0.97582924,4.191368,0
1.0,0.9757446,4.2762594,0
1.0,0.9749108,4.5135202,0
1.0,0.974294,4.571519,0
1.0,0.97362036,4.5281343,0
1.0,0.9762508,4.5343056,0
1.0,0.97466993,4.5622444,0
1.0,0.9747609,4.683536,0
1.0,0.9726616,4.6544847,0
1.0,0.97346467,4.573148,0
1.0,0.97317386,4.568721,0
1.0,0.97265923,4.6026835,0
1.0,0.97219443,4.6338906,0
1.0,0.9731401,4.609094,0
1.0,0.97135586,4.4664283,0
1.0,0.97150415,4.356147,0
1.0,0.9715748,4.3334446,0
1.0,0.9706934,4.331343,0
1.0,0.9702252,4.3026094,0
1.0,0.96894675,4.211216,0
1.0,0.9713851,4.1298475,0
1.0,0.96935534,4.1731524,0
1.0,0.9695653,4.297572,0
1.0,0.9673256,4.2441154,0
1.0,0.9717057,4.145531,0
1.0,0.9711306,4.089733,0
1.0,0.97068864,4.162002,0
1.0,0.96977973,4.243639,0
1.0,0.9754351,4.246724,0
1.0,0.9768668,4.182723,0
1.0,0.97770417,4.0980997,0
1.0,0.9769132,4.0314875,0
1.0,0.97850287,4.044328,0
1.0,0.976762,3.911479,0
1.0,0.97511226,3.6319175,0
1.0,0.97478276,3.457021,0
1.0,0.97540855,3.4400542,0
1.0,0.97429365,3.5245652,0
1.0,0.9749537,3.533533,0
1.0,0.97477055,3.3954086,0
1.0,0.9771541,3.3405216,0
1.0,0.9753695,3.3636699,0
1.0,0.9743143,3.3489182,0
1.0,0.9749146,3.2889452,0
1.0,0.9760558,3.2603877,0
1.0,0.9754807,3.272911,0
1.0,0.9739633,3.2655728,0
1.0,0.9743401,3.289639,0
1.0,0.97358996,3.2407937,0
1.0,0.9724017,3.065738,0
1.0,0.97383726,2.983564,0
1.0,0.9746279,2.9857326,0
1.0,0.9743542,2.973624,0
1.0,0.9734798,2.91191,0
1.0,0.9742929,2.743104,0
1.0,0.9745714,2.6946,0
1.0,0.97304183,2.7330208,0
1.0,0.96993065,2.6881006,0
1.0,0.97003484,2.5729878,0
1.0,0.96854734,2.444335,0
1.0,0.96773404,2.4124436,0
1.0,0.96487534,2.4721537,0
1.0,0.9658481,2.5793378,0
1.0,0.96615213,2.5811687,0
1.0,0.9664673,2.4814146,0
1.0,0.9637687,2.4901643,0
1.0,0.9659312,2.5589552,0
1.0,0.9620023,2.5569248,0
1.0,0.96437234,2.5271502,0
1.0,0.96039164,2.391452,0
1.0,0.9645997,2.3815775,0
1.0,0.9609576,2.4690852,0
1.0,0.96082914,2.4328547,0
1.0,0.95725584,2.32577,0
1.0,0.96074414,2.2647965,0
1.0,0.95980823,2.2417123,0
1.0,0.9605293,2.24934,0
1.0,0.96045554,2.1861672,0
1.0,0.9604359,2.155733,0
1.0,0.9603793,2.143289,0
1.0,0.95958996,2.1432118,0
1.0,0.95500463,2.2108696,0
1.0,0.95315105,2.2330282,0
1.0,0.95279616,2.175879,0
1.0,0.95087934,2.148509,0
1.0,0.9465397,2.1402736,0
1.0,0.9441082,2.1725774,0
1.0,0.9433152,2.1769621,0
1.0,0.93876785,2.109982,0
1.0,0.93377614,2.056345,0
1.0,0.92516583,2.0331492,0
1.0,0.92313266,2.039445,0
1.0,0.9033621,1.9351772,0
1.0,0.9025073,1.8116949,0
1.0,0.90294665,1.6964529,0
1.0,0.9087517,1.7272835,0
1.0,0.9053831,1.7852402,0
1.0,0.9203541,1.8068792,0
1.0,0.92271084,1.8016768,0
1.0,0.9296932,1.8327482,0
1.0,0.92096955,1.8173404,0
1.0,0.9150828,1.8558227,0
1.0,0.9066203,1.8107309,0
1.0,0.91244936,1.7308881,0
1.0,0.892955,1.7080767,0
1.0,0.8951238,1.7934293,0
1.0,0.90584016,1.8911042,0
1.0,0.9184987,1.8831103,0
1.0,0.91697574,1.8028396,0
1.0,0.925768,1.8302026,0
1.0,0.9322773,1.8370261,0
1.0,0.93540996,1.8159884,0
1.0,0.93889433,1.8152337,0
1.0,0.93752605,1.7456734,0
1.0,0.9471007,1.7570453,0
1.0,0.9459769,1.793573,0
1.0,0.94239366,1.791544,0
1.0,0.93913746,1.7858822,0
1.0,0.94511676,1.7629862,0
1.0,0.9434912,1.7555102,0
1.0,0.94085544,1.8238053,0
1.0,0.92845803,1.8039405,0
1.0,0.9332604,1.7985718,0
1.0,0.9254865,1.8166237,0
1.0,0.9219423,1.8597476,0
1.0,0.90864354,1.8509454,0
1.0,0.9250202,1.9163489,0
1.0,0.91961896,1.8594761,0
1.0,0.9255194,1.8075199,0
1.0,0.91510963,1.7891257,0
1.0,0.9264949,1.8287039,0
1.0,0.9155612,1.7830837,0
1.0,0.9210427,1.7422816,0
1.0,0.9096729,1.6388434,0
1.0,0.92056704,1.7111315,0
1.0,0.9127114,1.7406945,0
1.0,0.9156315,1.7292206,0
1.0,0.91586226,1.6679251,0
1.0,0.92579967,1.6071553,0
1.0,0.9242031,1.6462302,0
1.0,0.9308708,1.7545214,0
1.0,0.9333092,1.7492266,0
1.0,0.94085956,1.743149,0
1.0,0.93869907,1.7496521,0
1.0,0.94238436,1.7890947,0
1.0,0.94623375,1.8775429,0
1.0,0.9495562,1.8952448,0
1.0,0.9514917,1.8220745,0
1.0,0.9542508,1.805425,0
1.0,0.95570916,1.814322,0
1.0,0.9536645,1.8410599,0
1.0,0.9575618,1.8469261,0
1.0,0.9569238,1.732582,0
1.0,0.96164805,1.7132869,0
1.0,0.95619696,1.7295856,0
1.0,0.95781577,1.6821346,0
1.0,0.95979893,1.6327418,0
1.0,0.9633367,1.6232388,0
1.0,0.9605203,1.6227126,0
1.0,0.9625161,1.6699067,0
1.0,0.959574,1.7177055,0
1.0,0.956861,1.7176092,0
1.0,0.9567042,1.6687825,0
1.0,0.9540194,1.6581361,0
1.0,0.9530658,1.7281173,0
1.0,0.9501207,1.8096662,0
1.0,0.95053357,1.7734183,0
1.0,0.9522013,1.7050176,0
1.0,0.9521169,1.7096953,0
1.0,0.95099854,1.7338797,0
1.0,0.94396925,1.7354996,0
1.0,0.9530292,1.7182462,0
1.0,0.94538933,1.6126962,0
1.0,0.94703245,1.6143079,0
1.0,0.93807214,1.6361377,0
1.0,0.93495303,1.6330117,0
1.0,0.9303199,1.5640726,0
1.0,0.9319527,1.4975033,0
1.0,0.92572266,1.5486355,0
1.0,0.9343696,1.7298033,0
1.0,0.93370515,1.8100451,0
1.0,0.94169056,1.8710738,0
1.0,0.94256765,1.8955773,0
1.0,0.94646424,1.9523346,0
1.0,0.945446,2.0844476,0
1.0,0.9517122,2.158755,0
1.0,0.9511672,2.1248958,0
1.0,0.9529718,2.1314323,0
1.0,0.9500631,2.1807785,0
1.0,0.9564025,2.3219392,0
1.0,0.9566912,2.362599,0
1.0,0.9610157,2.318584,0
1.0,0.9600309,2.247923,0
1.0,0.96410334,2.2533813,0
1.0,0.9622712,2.3032746,0
1.0,0.96308047,2.3023424,0
1.0,0.9648277,2.2995896,0
1.0,0.96870863,2.3053937,0
1.0,0.9710622,2.3923259,0
1.0,0.97242314,2.5509622,0
1.0,0.9718327,2.549414,0
1.0,0.9741586,2.528518,0
1.0,0.97695065,2.5395381,0
1.0,0.97654253,2.5821917,0
1.0,0.97629434,2.6993687,0
1.0,0.97674346,2.7191577,0
1.0,0.9778607,2.712572,0
1.0,0.97708374,2.7720606,0
1.0,0.9757264,2.830183,0
1.0,0.97292465,2.8783956,0
1.0,0.97352827,2.8192167,0
1.0,0.972974,2.6645057,0
1.0,0.97365034,2.5990753,0
1.0,0.97176725,2.5728426,0
1.0,0.9704678,2.5691347,0
1.0,0.9731795,2.5507932,0
1.0,0.9729033,2.4293723,0
1.0,0.9725242,2.4210896,0
1.0,0.97120583,2.5381372,0
1.0,0.9683566,2.5411496,0
1.0,0.96719944,2.4913979,0
1.0,0.96590334,2.3815546,0
1.0,0.9651985,2.3592393,0
1.0,0.96449095,2.493713,0
1.0,0.96661913,2.5840673,0
1.0,0.9690588,2.5814738,0
1.0,0.96776986,2.5136027,0
1.0,0.96706134,2.5005784,0
1.0,0.96703726,2.5333176,0
1.0,0.9642522,2.472776,0
1.0,0.96326196,2.3451877,0
1.0,0.96093404,2.190586,0
1.0,0.9632367,2.1712964,0
1.0,0.9610607,2.2015984,0
1.0,0.96244425,2.2344186,0
1.0,0.96085465,2.1718893,0
1.0,0.96316415,2.0708802,0
1.0,0.9619316,2.081602,0
1.0,0.96286654,2.1306434,0
1.0,0.9572266,2.0660686,0
1.0,0.96161574,2.0184474,0
1.0,0.96206284,1.960716,0
1.0,0.9637707,1.9610329,0
1.0,0.9604252,2.01338,0
1.0,0.96363044,2.0087676,0
1.0,0.96253943,1.9553807,0
1.0,0.9634756,1.9346201,0
1.0,0.95905584,1.9097407,0
1.0,0.96018934,1.9759073,0
1.0,0.9559064,1.9358305,0
1.0,0.9570022,1.7853146,0
1.0,0.95490634,1.7305777,0
1.0,0.9570491,1.7399035,0
1.0,0.9542549,1.7567532,0
1.0,0.9562822,1.7204843,0
1.0,0.9500071,1.5540215,0
1.0,0.95381516,1.487796,0
1.0,0.943062,1.4617133,0
1.0,0.9444727,1.4832382,0
1.0,0.9342869,1.46802,0
1.0,0.9440577,1.4035492,0
1.0,0.94005066,1.3707126,0
1.0,0.94163734,1.4460537,0
1.0,0.9317992,1.4437644,0
1.0,0.94040036,1.4563975,0
1.0,0.9365908,1.4022775,0
1.0,0.93547267,1.3326452,0
1.0,0.92215663,1.3118857,0
1.0,0.93531674,1.3425126,0
1.0,0.928877,1.2726693,0
1.0,0.9290784,1.1866051,0
1.0,0.9165989,1.110486,0
1.0,0.9265483,1.149216,0
1.0,0.9164276,1.1682043,0
1.0,0.9118004,1.1286511,0
1.0,0.89134914,1.0125883,0
1.0,0.9104875,1.052256,0
1.0,0.89365375,1.0739233,0
1.0,0.8824314,1.0341812,0
1.0,0.8769682,1.0015202,0
1.0,0.9029747,0.98455966,0
1.0,0.8998994,0.9563884,0
1.0,0.90145135,1.0215338,0
1.0,0.8922796,1.0451331,0
1.0,0.9118393,1.0825386,0
1.0,0.90487456,1.0378027,0
1.0,0.9017565,1.0163736,0
1.0,0.8974766,1.0581913,0
1.0,0.9067508,1.1329379,0
1.0,0.90041924,1.0877438,0
1.0,0.9056382,1.0638794,0
1.0,0.902016,1.0282605,0
1.0,0.89598745,1.0058253,0
1.0,0.8928929,0.9866726,0
1.0,0.8877413,0.8963214,0
1.0,0.8917748,0.8622799,0
1.0,0.88761175,0.8623311,0
1.0,0.8931104,0.90920275,0
1.0,0.8903142,0.95630187,0
1.0,0.89337516,0.9420857,0
1.0,0.8832708,0.901465,0
1.0,0.8990247,0.94020426,0
1.0,0.8844163,0.94561225,0
1.0,0.8793257,0.97217685,0
1.0,0.8695154,0.922544,0
1.0,0.90393233,0.92383116,0
1.0,0.87421185,0.8899385,0
1.0,0.8727648,0.9469459,0
1.0,0.8397548,0.8940952,0
1.0,0.8822915,0.901706,0
1.0,0.8560142,0.81997246,0
1.0,0.8439382,0.7785958,0
1.0,0.8196003,0.7333813,0
1.0,0.85701585,0.7961443,0
1.0,0.8396667,0.7114136,0
1.0,0.82084674,0.63226926,0
1.0,0.81363755,0.61509347,0
1.0,0.8167855,0.6069678,0
1.0,0.81366116,0.6147292,0
1.0,0.79015994,0.544813,0
1.0,0.7958817,0.48794255,0
1.0,0.79554564,0.50843495,0
1.0,0.7892825,0.51533306,0
1.0,0.7480946,0.46783862,0
1.0,0.76381874,0.47848818,0
1.0,0.7525871,0.46030545,0
1.0,0.74595016,0.4813788,0
1.0,0.7171024,0.4589601,0
1.0,0.70382124,0.43905658,0
1.0,0.669139,0.36411437,0
1.0,0.6868609,0.3385781,0
1.0,0.6575646,0.30736676,0
1.0,0.6805706,0.33374983,0
1.0,0.65898436,0.30109972,0
1.0,0.68911296,0.29559407,0
1.0,0.64025575,0.22788334,0
1.0,0.65937394,0.23936209,0
1.0,0.6279631,0.23685977,0
1.0,0.57182306,0.18791589,0
1.0,0.55575484,0.1416657,0
1.0,0.5632718,0.13697217,0
1.0,0.5908908,0.16012181,0
1.0,0.6089914,0.1809293,0
1.0,0.6137874,0.19156548,0
1.0,0.60006475,0.18492953,0
1.0,0.65490806,0.2229605,0
1.0,0.6473174,0.23040095,0
1.0,0.6463726,0.24519128,0
1.0,0.6262968,0.21408224,0
1.0,0.68348914,0.2555596,0
1.0,0.6783759,0.2436324,0
1.0,0.6815052,0.25084126,0
1.0,0.66084003,0.24694031,0
1.0,0.7334614,0.29795516,0
1.0,0.69549453,0.25077993,0
1.0,0.6898684,0.24528153,0
1.0,0.6405546,0.22162879,0
1.0,0.72619915,0.32834274,0
1.0,0.6972098,0.3035519,0
1.0,0.7167765,0.32238266,0
1.0,0.68591505,0.29466125,0
1.0,0.79754037,0.44913304,0
1.0,0.79531944,0.46995586,0
1.0,0.80304605,0.49040043,0
1.0,0.78416,0.4843507,0
1.0,0.8450948,0.5813153,0
1.0,0.829195,0.5804384,0
1.0,0.81400955,0.59119064,0
1.0,0.80042344,0.5885128,0
1.0,0.8315303,0.6255461,0
1.0,0.83955336,0.6482595,0
1.0,0.82483864,0.6514462,0
1.0,0.81284136,0.6384339,0
1.0,0.8270657,0.6477306,0
1.0,0.8410653,0.6651411,0
1.0,0.82703763,0.65727985,0
1.0,0.81274235,0.6655298,0
1.0,0.82716036,0.73884684,0
1.0,0.858504,0.816644,0
1.0,0.8603136,0.8335384,0
1.0,0.8521558,0.8935823,0
1.0,0.85997295,1.0160646,0
1.0,0.8682238,1.1005521,0
1.0,0.87092596,1.1346359,0
1.0,0.8592461,1.108959,0
1.0,0.8585743,1.1333658,0
1.0,0.8752933,1.2497382,0
1.0,0.887382,1.3034887,0
1.0,0.8819167,1.2793317,0
1.0,0.8909262,1.3084512,0
1.0,0.9038352,1.3579354,0
1.0,0.90840435,1.375388,0
1.0,0.9056008,1.3800914,0
1.0,0.90699786,1.3880874,0
1.0,0.91940296,1.4235511,0
1.0,0.92216736,1.4568822,0
1.0,0.921673,1.5137362,0
1.0,0.9182991,1.5320354,0
1.0,0.92566943,1.5680394,0
1.0,0.9275852,1.5874965,0
1.0,0.9224684,1.5798411,0
1.0,0.91293854,1.6453081,0
1.0,0.9175283,1.7265892,0
1.0,0.9150374,1.7371027,0
1.0,0.9147116,1.7973194,0
1.0,0.9075879,1.8371758,0
1.0,0.910346,1.9237286,0
1.0,0.9118604,1.979271,0
1.0,0.9098135,1.9857955,0
1.0,0.90650403,1.9635463,0
1.0,0.90370166,1.9443604,0
1.0,0.89855736,1.9512458,0
1.0,0.8899531,1.8875127,0
1.0,0.8829335,1.7894928,0
1.0,0.8797714,1.7610688,0
1.0,0.8774406,1.7851608,0
1.0,0.8740289,1.8484609,0
1.0,0.87253433,1.8607161,0
1.0,0.8710916,1.83188,0
1.0,0.8740312,1.8864703,0
1.0,0.8727695,1.9467766,0
1.0,0.88267756,2.0674055,0
1.0,0.89122885,2.1390963,0
1.0,0.8936092,2.1908445,0
1.0,0.9022297,2.28373,0
1.0,0.90810645,2.321165,0
1.0,0.91024303,2.3609986,0
1.0,0.9157983,2.397073,0
1.0,0.9145996,2.3735762,0
1.0,0.9157349,2.4227822,0
1.0,0.9174732,2.4486814,0
1.0,0.91713434,2.4882183,0
1.0,0.9187687,2.5930707,0
1.0,0.9146907,2.5484507,0
1.0,0.9213941,2.5448122,0
1.0,0.924585,2.5780034,0
1.0,0.92860675,2.579391,0
1.0,0.92769605,2.6061323,0
1.0,0.93595403,2.6251502,0
1.0,0.9400899,2.674932,0
1.0,0.9444732,2.7866788,0
1.0,0.94538146,2.881476,0
1.0,0.9519838,3.0133557,0
1.0,0.95445526,3.0661573,0
1.0,0.9565267,3.1216617,0
1.0,0.95539665,3.1846104,0
1.0,0.95718616,3.2730167,0
1.0,0.96077794,3.3532414,0
1.0,0.9597785,3.327264,0
1.0,0.9591277,3.3686223,0
1.0,0.959895,3.4072938,0
1.0,0.9606368,3.4056277,0
1.0,0.95916337,3.4425545,0
1.0,0.96015376,3.3840814,0
1.0,0.9613914,3.3915706,0
1.0,0.96381253,3.4687328,0
1.0,0.9620686,3.4711013,0
1.0,0.9634433,3.547008,0
1.0,0.964377,3.60928,0
1.0,0.9661856,3.7035322,0
1.0,0.96647346,3.8290024,0
1.0,0.96770835,3.8670697,0
1.0,0.96787316,3.9227934,0
1.0,0.96863425,3.993028,0
1.0,0.9678389,4.0254884,0
1.0,0.9692106,4.079591,0
1.0,0.96954894,4.148044,0
1.0,0.97044027,4.2029266,0
1.0,0.9698695,4.234227,0
1.0,0.9696419,4.338052,0
1.0,0.96955955,4.3893237,0
1.0,0.9684179,4.337008,0
1.0,0.968176,4.2952952,0
1.0,0.9673414,4.240857,0
1.0,0.9673222,4.2221375,0
1.0,0.96824396,4.319445,0
1.0,0.969429,4.381405,0
1.0,0.96837056,4.399832,0
1.0,0.96961033,4.4054174,0
1.0,0.9682548,4.377883,0
1.0,0.96946037,4.455265,0
1.0,0.96915025,4.5305576,0
1.0,0.9711845,4.5985055,0
1.0,0.9701801,4.656082,0
1.0,0.9703627,4.6992073,0
1.0,0.9698729,4.8088818,0
1.0,0.97043824,4.7973084,0
1.0,0.9695784,4.742442,0
1.0,0.97026014,4.761853,0
1.0,0.9690907,4.699705,0
1.0,0.96898055,4.75371,0
1.0,0.9696703,4.7541595,0
1.0,0.970148,4.6106997,0
1.0,0.9706514,4.5876446,0
1.0,0.9691288,4.574523,0
1.0,0.9691365,4.4899006,0
1.0,0.9693806,4.416073,0
1.0,0.97033596,4.388359,0
1.0,0.96996886,4.347138,0
1.0,0.969504,4.3594084,0
1.0,0.9679708,4.4074364,0
1.0,0.9686026,4.3874035,0
1.0,0.9691787,4.3835564,0
1.0,0.9702405,4.3724566,0
1.0,0.96964574,4.34726,0
1.0,0.9709573,4.3538465,0
1.0,0.9704955,4.303152,0
1.0,0.9725177,4.2360644,0
1.0,0.97181726,4.231654,0
1.0,0.97442764,4.3551745,0
1.0,0.9742421,4.383917,0
1.0,0.9766177,4.3104,0
1.0,0.9742706,4.1803274,0
1.0,0.97699326,4.051348,0
1.0,0.97598505,3.9546177,0
1.0,0.9758159,3.877466,0
1.0,0.9742599,3.7785704,0
1.0,0.9749449,3.6871839,0
1.0,0.9759744,3.6770525,0
1.0,0.97518414,3.6855023,0
1.0,0.97238797,3.6735644,0
1.0,0.96744823,3.6385145,0
1.0,0.9702368,3.5099754,0
1.0,0.9706792,3.4846768,0
1.0,0.9696895,3.59512,0
1.0,0.96965754,3.5895712,0
1.0,0.9733525,3.6098425,0
1.0,0.97551763,3.6189349,0
1.0,0.9744586,3.5832772,0
1.0,0.973286,3.5901194,0
1.0,0.973018,3.5506196,0
1.0,0.97364736,3.4650338,0
1.0,0.9706669,3.331583,0
1.0,0.9687867,3.181734,0
1.0,0.96743083,3.1177506,0
1.0,0.9685458,3.139891,0
1.0,0.9670623,3.1011305,0
1.0,0.9654416,3.02135,0
1.0,0.9637157,2.9963274,0
1.0,0.961215,2.9865181,0
1.0,0.95581955,2.8939023,0
1.0,0.94900346,2.7045078,0
1.0,0.9511616,2.6129007,0
1.0,0.9490767,2.6442306,0
1.0,0.94723123,2.6987352,0
1.0,0.94902074,2.7373552,0
1.0,0.9520903,2.723625,0
1.0,0.94750655,2.6670961,0
1.0,0.9424737,2.6199636,0
1.0,0.93795544,2.5265145,0
1.0,0.9354486,2.482288,0
1.0,0.92786956,2.4273815,0
1.0,0.9183695,2.2800643,0
1.0,0.91765255,2.223855,0
1.0,0.91772777,2.2351506,0
1.0,0.91097265,2.1198797,0
1.0,0.90887225,1.9731381,0
1.0,0.91585886,1.92912,0
1.0,0.9169978,1.8698492,0
1.0,0.91320056,1.8285046,0
1.0,0.9110549,1.7980677,0
1.0,0.9065506,1.7223082,0
1.0,0.9073152,1.7108271,0
1.0,0.9021783,1.6835392,0
1.0,0.8957892,1.6595863,0
1.0,0.8839407,1.6742384,0
1.0,0.8760808,1.6201673,0
1.0,0.87463695,1.5452752,0
1.0,0.86976475,1.5131179,0
1.0,0.873042,1.543548,0
1.0,0.8629158,1.4740071,0
1.0,0.8849747,1.4100806,0
1.0,0.8881979,1.3457717,0
1.0,0.89846283,1.3089125,0
1.0,0.88924485,1.2617493,0
1.0,0.9010889,1.2541363,0
1.0,0.9005739,1.1777445,0
1.0,0.9024313,1.1310438,0
1.0,0.89204025,1.1011982,0
1.0,0.9026667,1.1190655,0
1.0,0.9012669,1.0827298,0
1.0,0.9030598,1.0632,0
1.0,0.9028434,1.039665,0
1.0,0.89632785,1.0061696,0
1.0,0.89675784,1.0240166,0
1.0,0.9016054,1.0256863,0
1.0,0.90068537,0.9817415,0
1.0,0.8956137,0.95295906,0
1.0,0.907184,0.9576377,0
1.0,0.9231116,0.9543532,0
1.0,0.9370358,0.9198074,0
1.0,0.9361664,0.8721385,0
1.0,0.93869126,0.8448436,0
1.0,0.9447545,0.818281,0
1.0,0.947637,0.7949958,0
1.0,0.94038063,0.7654927,0
1.0,0.93571454,0.72806555,0
1.0,0.9327045,0.6390984,0
1.0,0.9410285,0.6163395,0
1.0,0.9259068,0.63299024,0
1.0,0.9111291,0.58524173,0
1.0,0.90045303,0.51914936,0
1.0,0.91685027,0.53607553,0
1.0,0.8821516,0.49554592,0
1.0,0.8572969,0.4675114,0
1.0,0.8268341,0.42772847,0
1.0,0.8511174,0.41847387,0
1.0,0.8326656,0.36984062,0
1.0,0.8053453,0.33608183,0
1.0,0.77979726,0.2988437,0
1.0,0.8098706,0.30484807,0
1.0,0.79076624,0.2632898,0
1.0,0.75145096,0.22450934,0
1.0,0.6985711,0.18317816,0
1.0,0.71681666,0.17650834,0
1.0,0.69742787,0.13666037,0
1.0,0.635137,0.09664139,0
1.0,0.59381825,0.085237496,0
1.0,0.61862236,0.090179294,0
1.0,0.65753657,0.10854031,0
1.0,0.71169716,0.13791957,0
1.0,0.7216053,0.14302418,0
1.0,0.7432248,0.15687376,0
1.0,0.7893653,0.18808326,0
1.0,0.8260564,0.21496052,0
1.0,0.7829689,0.19086339,0
1.0,0.7869095,0.19809175,0
1.0,0.82365173,0.21203285,0
1.0,0.8608645,0.23404408,0
1.0,0.809118,0.20596865,0
1.0,0.7930348,0.19311905,0
1.0,0.8218753,0.17615588,0
1.0,0.87277985,0.20300123,0
1.0,0.8508701,0.18641007,0
1.0,0.8360475,0.16893041,0
1.0,0.8637597,0.19017647,0
1.0,0.89052165,0.2053507,0
1.0,0.84552014,0.1716991,0
1.0,0.8106619,0.15456155,0
1.0,0.8469517,0.16698036,0
1.0,0.8785834,0.18383738,0
1.0,0.8309281,0.16516986,0
1.0,0.78312415,0.14245792,0
1.0,0.8113223,0.1758623,0
1.0,0.8528305,0.22345385,0
1.0,0.7885866,0.17959529,0
1.0,0.74994224,0.15725519,0
1.0,0.78229564,0.18030205,0
1.0,0.8176055,0.21234202,0
1.0,0.79227763,0.18571909,0
1.0,0.7933014,0.17878023,0
1.0,0.82560277,0.19554074,0
1.0,0.8580549,0.21468773,0
1.0,0.85209614,0.21189183,0
1.0,0.84118694,0.20497075,0
1.0,0.83318424,0.19598433,0
1.0,0.8493109,0.21121974,0
1.0,0.7996832,0.17072952,0
1.0,0.8190341,0.171516,0
1.0,0.7904242,0.16353951,0
1.0,0.8296954,0.19787249,0
1.0,0.8149728,0.180688,0
1.0,0.82677764,0.19869256,0
1.0,0.7816555,0.1806179,0
1.0,0.82056016,0.21889661,0
1.0,0.7886746,0.20034808,0
1.0,0.80502176,0.22476037,0
1.0,0.7505285,0.18207276,0
1.0,0.74648905,0.18139485,0
1.0,0.7260976,0.17045395,0
1.0,0.74037117,0.18853606,0
1.0,0.68137866,0.15664516,0
1.0,0.6961782,0.1712952,0
1.0,0.6723161,0.1496864,0
1.0,0.6294952,0.11553215,0
1.0,0.5952203,0.08641015,0
1.0,0.6134676,0.08829692,0
1.0,0.6162925,0.0926473,0
1.0,0.62428486,0.09752518,0
1.0,0.62720597,0.10002744,0
1.0,0.6372613,0.104150206,0
1.0,0.6474155,0.13226914,0
1.0,0.6960346,0.22473511,0
1.0,0.7038719,0.23772913,0
1.0,0.7073301,0.23882355,0
1.0,0.7237891,0.25861448,0
1.0,0.74308693,0.2882406,0
1.0,0.7106626,0.28785893,0
1.0,0.72761166,0.30937928,0
1.0,0.7634005,0.34065768,0
1.0,0.78396386,0.363356,0
1.0,0.75352234,0.32669184,0
1.0,0.76346374,0.3465954,0
1.0,0.77750343,0.36558884,0
1.0,0.8038809,0.38370323,0
1.0,0.76141995,0.329072,0
1.0,0.77498615,0.35614467,0
1.0,0.7923921,0.38966787,0
1.0,0.7987732,0.3975765,0
1.0,0.76728505,0.36941254,0
1.0,0.77197516,0.38926128,0
1.0,0.80712837,0.4565813,0
1.0,0.8249445,0.521605,0
1.0,0.80414414,0.51645905,0
1.0,0.8238515,0.5521004,0
1.0,0.84859264,0.59182316,0
1.0,0.8366303,0.5918832,0
1.0,0.8061249,0.5862957,0
1.0,0.83325994,0.63277847,0
1.0,0.85346454,0.6636288,0
1.0,0.84892565,0.66768706,0
1.0,0.8474759,0.67899203,0
1.0,0.8629008,0.725837,0
1.0,0.8588138,0.68907934,0
1.0,0.86201894,0.6273053,0
1.0,0.85310555,0.616472,0
1.0,0.8773022,0.6673835,0
1.0,0.8742195,0.6829342,0
1.0,0.86630243,0.65696937,0
1.0,0.846406,0.5935234,0
1.0,0.86880386,0.64113307,0
1.0,0.8550168,0.68651986,0
1.0,0.8618558,0.74990344,0
1.0,0.83853966,0.7106595,0
1.0,0.8717983,0.7486754,0
1.0,0.83781904,0.69277215,0
1.0,0.84571177,0.7293036,0
1.0,0.8085198,0.7102847,0
1.0,0.8709724,0.8123012,0
1.0,0.8278702,0.73375034,0
1.0,0.8625262,0.786018,0
1.0,0.81367797,0.68903714,0
1.0,0.8646689,0.7476225,0
1.0,0.8413878,0.6787298,0
1.0,0.8964768,0.70834786,0
1.0,0.8616531,0.62966776,0
1.0,0.900978,0.68086684,0
1.0,0.89855313,0.6810417,0
1.0,0.9198729,0.7026975,0
1.0,0.8880921,0.6115316,0
1.0,0.9208035,0.6516512,0
1.0,0.9148681,0.67238086,0
1.0,0.91980463,0.6692686,0
1.0,0.88646513,0.60249704,0
1.0,0.9159385,0.6266625,0
1.0,0.90433764,0.63662726,0
1.0,0.9054757,0.6539856,0
1.0,0.8596614,0.57086575,0
1.0,0.8924009,0.5989437,0
1.0,0.8825139,0.55302423,0
1.0,0.8748587,0.53516537,0
1.0,0.8398731,0.49512765,0
1.0,0.88505834,0.5461606,0
1.0,0.8732269,0.4688722,0
1.0,0.88984406,0.4291075,0
1.0,0.8142516,0.34026337,0
1.0,0.8524735,0.3753119,0
1.0,0.8115643,0.33639604,0
1.0,0.7867386,0.30740637,0
1.0,0.6653399,0.18035665,0
1.0,0.7473523,0.22809708,0
1.0,0.7378373,0.22105834,0
1.0,0.78767425,0.26092386,0
1.0,0.72104454,0.21577626,0
1.0,0.7936016,0.2802848,0
1.0,0.7857998,0.27965716,0
1.0,0.82722074,0.32959074,0
1.0,0.72270614,0.23373279,0
1.0,0.77947134,0.27353987,0
1.0,0.807571,0.2895384,0
1.0,0.8350481,0.3259396,0
1.0,0.74713916,0.24848492,0
1.0,0.7950123,0.2827716,0
1.0,0.8326118,0.28270727,0
1.0,0.846293,0.29370952,0
1.0,0.7424136,0.21633932,0
1.0,0.73152375,0.20406291,0
1.0,0.7755786,0.21487795,0
1.0,0.7462136,0.18275064,0
1.0,0.72577447,0.1769357,0
1.0,0.7394716,0.19045086,0
1.0,0.80934185,0.25432464,0
1.0,0.7729001,0.24617772,0
1.0,0.7791499,0.26742035,0
1.0,0.7868462,0.26674584,0
1.0,0.8197469,0.31843036,0
1.0,0.722236,0.23358281,0
1.0,0.78557724,0.29176432,0
1.0,0.76345646,0.30081484,0
1.0,0.7873009,0.3482634,0
1.0,0.727256,0.27799666,0
1.0,0.8179996,0.36698955,0
1.0,0.8093147,0.3457439,0
1.0,0.8206958,0.3466043,0
1.0,0.7689223,0.32866246,0
1.0,0.83619595,0.42129883,0
1.0,0.83026147,0.4108805,0
1.0,0.7880742,0.3628298,0
1.0,0.731349,0.3027267,0
1.0,0.7979487,0.37197995,0
1.0,0.79542893,0.43238235,0
1.0,0.76548487,0.44842005,0
1.0,0.7586311,0.45141858,0
1.0,0.8282715,0.582435,0
1.0,0.8514699,0.68429756,0
1.0,0.8332882,0.715038,0
1.0,0.853602,0.7527063,0
1.0,0.8894313,0.79399323,0
1.0,0.89513564,0.81663454,0
1.0,0.8680456,0.8066244,0
1.0,0.882288,0.8307259,0
1.0,0.9005721,0.8487397,0
1.0,0.90938723,0.8846867,0
1.0,0.8981773,0.910738,0
1.0,0.90553105,0.909212,0
1.0,0.9082113,0.8998743,0
1.0,0.9096863,0.8970398,0
1.0,0.9024772,0.8642626,0
1.0,0.90793586,0.93594366,0
1.0,0.91250306,1.0432343,0
1.0,0.91249037,1.0400016,0
1.0,0.92180187,1.0299165,0
1.0,0.9271601,1.0499513,0
1.0,0.9408024,1.1062942,0
1.0,0.9364303,1.1380271,0
1.0,0.9487643,1.1969391,0
1.0,0.9444815,1.1559337,0
1.0,0.9444091,1.1410301,0
1.0,0.9312556,1.1335568,0
1.0,0.93828875,1.1480279,0
1.0,0.92535096,1.1390214,0
1.0,0.92462015,1.1504366,0
1.0,0.9020523,1.0425465,0
1.0,0.9104277,1.0315924,0
1.0,0.8907994,1.0063622,0
1.0,0.88206357,0.9491223,0
1.0,0.8657838,0.85812795,0
1.0,0.8893499,0.87823004,0
1.0,0.8740855,0.9290188,0
1.0,0.89534414,1.0427539,0
1.0,0.8928769,1.0644264,0
1.0,0.919192,1.091517,0
1.0,0.90842175,1.0614572,0
1.0,0.9289395,1.1539896,0
1.0,0.91965556,1.2016342,0
1.0,0.9387995,1.2513509,0
1.0,0.92824656,1.2438958,0
1.0,0.9389579,1.2699907,0
1.0,0.9320144,1.3073322,0
1.0,0.93885916,1.3909837,0
1.0,0.9235606,1.3261698,0
1.0,0.9415932,1.299993,0
1.0,0.93598014,1.2747107,0
1.0,0.94377583,1.2995003,0
1.0,0.9379254,1.2904173,0
1.0,0.9450004,1.2923837,0
1.0,0.94521743,1.271951,0
1.0,0.95002073,1.2641387,0
1.0,0.94191664,1.2535214,0
1.0,0.9475589,1.2808206,0
1.0,0.9425862,1.3176732,0
1.0,0.9444942,1.3842535,0
1.0,0.9379829,1.411294,0
1.0,0.94502467,1.4761908,0
1.0,0.9347129,1.5064309,0
1.0,0.93778867,1.5255246,0
1.0,0.9315088,1.4825308,0
1.0,0.9350585,1.5337669,0
1.0,0.9299255,1.6369216,0
1.0,0.9324988,1.6820925,0
1.0,0.9240127,1.6070678,0
1.0,0.9341433,1.560488,0
1.0,0.93129355,1.519972,0
1.0,0.93377095,1.5753207,0
1.0,0.9311823,1.6461077,0
1.0,0.9348257,1.6717501,0
1.0,0.9364131,1.6462791,0
1.0,0.9408693,1.635575,0
1.0,0.9375175,1.6476376,0
1.0,0.94180036,1.7341137,0
1.0,0.93623215,1.7196376,0
1.0,0.94522977,1.717588,0
1.0,0.9386244,1.7369356,0
1.0,0.94651186,1.7993376,0
1.0,0.9419338,1.8543494,0
1.0,0.95022076,1.9074146,0
1.0,0.9441386,1.8933976,0
1.0,0.9489927,1.9586478,0
1.0,0.9434353,2.0319653,0
1.0,0.95188993,2.0937495,0
1.0,0.9488067,2.0856767,0
1.0,0.9557916,2.0928285,0
1.0,0.9531414,2.0673394,0
1.0,0.957148,2.0910244,0
1.0,0.952643,2.0667503,0
1.0,0.9582087,2.0407476,0
1.0,0.95525867,2.0045662,0
1.0,0.9569146,2.0140655,0
1.0,0.95060164,2.107323,0
1.0,0.94847107,2.1610146,0
1.0,0.9429779,2.0586524,0
1.0,0.9454119,2.0230465,0
1.0,0.9413763,2.0028644,0
1.0,0.9423235,2.048576,0
1.0,0.9429882,2.1572669,0
1.0,0.9496183,2.1728368,0
1.0,0.9504461,2.1187305,0
1.0,0.95275646,2.1083767,0
1.0,0.9517874,2.0895371,0
1.0,0.9543283,2.1233509,0
1.0,0.9554072,2.1483717,0
1.0,0.95528555,2.0675805,0
1.0,0.95424145,2.0567913,0
1.0,0.95241886,2.0773416,0
1.0,0.95064193,2.0036535,0
1.0,0.95186657,1.9645067,0
1.0,0.9493166,1.9273608,0
1.0,0.95029634,1.9672555,0
1.0,0.95018137,2.060918,0
1.0,0.9493865,2.0392509,0
1.0,0.9464153,1.9676762,0
1.0,0.9485293,1.9699891,0
1.0,0.9488726,2.014204,0
1.0,0.9486903,2.0742614,0
1.0,0.9490708,2.1043758,0
1.0,0.94556445,2.066604,0
1.0,0.9479532,2.028187,0
1.0,0.9459872,2.020975,0
1.0,0.94501317,2.075082,0
1.0,0.9384361,2.0411654,0
1.0,0.94531906,1.971104,0
1.0,0.94021106,1.8741852,0
1.0,0.9445735,1.8541596,0
1.0,0.9360744,1.8499316,0
1.0,0.9377469,1.8707672,0
1.0,0.9320068,1.8428259,0
1.0,0.9358843,1.7939367,0
1.0,0.9303754,1.7675221,0
1.0,0.934096,1.8223569,0
1.0,0.92462575,1.7899342,0
1.0,0.92437947,1.7855687,0
1.0,0.91701865,1.7508054,0
1.0,0.9126491,1.722829,0
1.0,0.89740664,1.7607651,0
1.0,0.89838624,1.7573259,0
1.0,0.8892051,1.6779425,0
1.0,0.89199567,1.6865582,0
1.0,0.88857687,1.656915,0
1.0,0.8837486,1.6631199,0
1.0,0.8935131,1.6721143,0
1.0,0.89269465,1.5675095,0
1.0,0.9015887,1.5554494,0
1.0,0.8968715,1.5417912,0
1.0,0.90029454,1.5582232,0
1.0,0.88712484,1.5048368,0
1.0,0.8987901,1.4717091,0
1.0,0.8911086,1.4063265,0
1.0,0.9007696,1.399546,0
1.0,0.89106613,1.4276469,0
1.0,0.9038971,1.5058566,0
1.0,0.8910159,1.4188392,0
1.0,0.9050343,1.5020193,0
1.0,0.8989695,1.5285926,0
1.0,0.90996027,1.5700672,0
1.0,0.905516,1.6402335,0
1.0,0.91112643,1.6452919,0
1.0,0.91061175,1.6516099,0
1.0,0.9193117,1.7740738,0
1.0,0.91260237,1.7729198,0
1.0,0.92243415,1.7801585,0
1.0,0.92043144,1.7618754,0
1.0,0.9259747,1.8046504,0
1.0,0.92102647,1.8121533,0
1.0,0.9243523,1.8378589,0
1.0,0.9253378,1.8425033,0
1.0,0.9216379,1.8110088,0
1.0,0.91672045,1.8317266,0
1.0,0.91553223,1.8566637,0
1.0,0.9128428,1.9077461,0
1.0,0.90340406,1.9437139,0
1.0,0.9025272,1.936172,0
1.0,0.9062176,2.0299025,0
1.0,0.9143354,2.1734107,0
1.0,0.9121546,2.209484,0
1.0,0.9207432,2.2883406,0
1.0,0.91825354,2.3477907,0
1.0,0.9275892,2.4165895,0
1.0,0.92849195,2.5115762,0
1.0,0.9360598,2.6282256,0
1.0,0.93716854,2.6716857,0
1.0,0.9428929,2.6951733,0
1.0,0.9416113,2.712571,0
1.0,0.947815,2.8624215,0
1.0,0.9500696,2.8563278,0
1.0,0.9538563,2.7947214,0
1.0,0.9545605,2.8014073,0
1.0,0.95852464,2.8519046,0
1.0,0.9551115,2.931644,0
1.0,0.96014035,2.9839,0
1.0,0.9622307,2.9193687,0
1.0,0.9669834,2.9356132,0
1.0,0.96639544,3.0233986,0
1.0,0.96993613,3.1417766,0
1.0,0.97115314,3.1634183,0
1.0,0.9742537,3.1731882,0
1.0,0.97229856,3.1570518,0
1.0,0.97323996,3.2315245,0
1.0,0.97461957,3.3810344,0
1.0,0.97670376,3.4126928,0
1.0,0.97639936,3.4629946,0
1.0,0.9779058,3.4994755,0
1.0,0.9766044,3.4554353,0
1.0,0.97604126,3.4327507,0
1.0,0.9748915,3.3416963,0
1.0,0.9767396,3.2838812,0
1.0,0.976727,3.3403826,0
1.0,0.9771452,3.383944,0
1.0,0.9759828,3.3955035,0
1.0,0.9792077,3.4278,0
1.0,0.97820616,3.366778,0
1.0,0.977755,3.3349206,0
1.0,0.97678417,3.4571419,0
1.0,0.97834766,3.6242025,0
1.0,0.9781968,3.663217,0
1.0,0.97811586,3.573289,0
1.0,0.9779229,3.5765195,0
1.0,0.97864896,3.702476,0
1.0,0.97723126,3.8031855,0
1.0,0.97819066,3.768095,0
1.0,0.9773881,3.6693692,0
1.0,0.9785114,3.6492922,0
1.0,0.9768196,3.6876178,0
1.0,0.97596586,3.6990876,0
1.0,0.97477144,3.6511953,0
1.0,0.97527915,3.5603578,0
1.0,0.9748858,3.5427895,0
1.0,0.9745582,3.612743,0
1.0,0.97351384,3.6625373,0
1.0,0.973155,3.6298642,0
1.0,0.9731188,3.5519834,0
1.0,0.97208655,3.6034849,0
1.0,0.9714347,3.6934173,0
1.0,0.9727294,3.724894,0
1.0,0.97521996,3.7998595,0
1.0,0.97511464,3.846456,0
1.0,0.9761338,3.8534784,0
1.0,0.9743128,3.9106681,0
1.0,0.97554964,3.9543917,0
1.0,0.9759163,3.9234219,0
1.0,0.9758626,3.8669722,0
1.0,0.97559047,3.829002,0
1.0,0.9751958,3.8623948,0
1.0,0.97320944,3.866478,0
1.0,0.9716917,3.7318478,0
1.0,0.9713941,3.5683632,0
1.0,0.9712252,3.497775,0
1.0,0.9698814,3.499659,0
1.0,0.96728164,3.5538468,0
1.0,0.9653544,3.4990187,0
1.0,0.96569365,3.3849564,0
1.0,0.9656623,3.3867388,0
1.0,0.96455425,3.4709997,0
1.0,0.9659535,3.56664,0
1.0,0.97033197,3.5799508,0
1.0,0.97028035,3.5565877,0
1.0,0.97106373,3.5809228,0
1.0,0.97049874,3.6600876,0
1.0,0.97201365,3.7509913,0
1.0,0.97327405,3.677358,0
1.0,0.9728324,3.5978293,0
1.0,0.972937,3.5993726,0
1.0,0.97254735,3.5663583,0
1.0,0.9714859,3.4795628,0
1.0,0.9716926,3.3239899,0
1.0,0.9711732,3.2294364,0
1.0,0.9713897,3.199895,0
1.0,0.9702377,3.1851606,0
1.0,0.96882933,3.1826358,0
1.0,0.967657,3.090885,0
1.0,0.969483,2.9924278,0
1.0,0.9683976,2.9563732,0
1.0,0.9675763,2.9960716,0
1.0,0.96735173,3.0587156,0
1.0,0.97070324,3.0471442,0
1.0,0.9716176,3.0174572,0
1.0,0.9714983,3.0085046,0
1.0,0.9695976,2.9975457,0
1.0,0.9686384,3.009609,0
1.0,0.96922404,2.9572935,0
1.0,0.9676683,2.827179,0
1.0,0.9655794,2.7840693,0
1.0,0.9638472,2.8039606,0
1.0,0.96220315,2.7339144,0
1.0,0.9635297,2.6115987,0
1.0,0.9619745,2.4983997,0
1.0,0.96068114,2.4467776,0
1.0,0.95895267,2.398995,0
1.0,0.9561224,2.324804,0
1.0,0.9520119,2.2135735,0
1.0,0.9515879,2.1197612,0
1.0,0.94943416,2.1387737,0
1.0,0.9466768,2.1453977,0
1.0,0.94293755,2.0534718,0
1.0,0.9428342,1.96329,0
1.0,0.9465352,1.9192739,0
1.0,0.94536346,1.9331949,0
1.0,0.9489163,1.9609938,0
1.0,0.945491,1.9261496,0
1.0,0.9475182,1.9003611,0
1.0,0.9458044,1.8392057,0
1.0,0.9426115,1.7971141,0
1.0,0.93850917,1.7490122,0
1.0,0.9391435,1.6872771,0
1.0,0.9436183,1.5910891,0
1.0,0.94187576,1.4842223,0
1.0,0.9381352,1.4593656,0
1.0,0.9465631,1.4739231,0
1.0,0.9459039,1.4668031,0
1.0,0.94169366,1.4094446,0
1.0,0.93874866,1.3367121,0
1.0,0.9469049,1.380423,0
1.0,0.9413824,1.3857505,0
1.0,0.93816376,1.3737888,0
1.0,0.93039715,1.3245168,0
1.0,0.9406092,1.361897,0
1.0,0.93744224,1.4190764,0
1.0,0.9337704,1.4048153,0
1.0,0.92251533,1.333547,0
1.0,0.93312085,1.3423827,0
1.0,0.9330083,1.325852,0
1.0,0.9209702,1.26812,0
1.0,0.91682595,1.24124,0
1.0,0.91962713,1.1880472,0
1.0,0.9248804,1.1522288,0
1.0,0.9128124,1.1467302,0
1.0,0.90530515,1.1498945,0
1.0,0.90775084,1.1519881,0
1.0,0.90917486,1.1256189,0
1.0,0.8945305,1.0781804,0
1.0,0.890121,1.0537211,0
1.0,0.8831254,1.0163308,0
1.0,0.8785258,1.0485538,0
1.0,0.86332303,1.0324819,0
1.0,0.86197555,1.0415075,0
1.0,0.848394,1.0430347,0
1.0,0.8546995,1.053103,0
1.0,0.8322237,1.0042672,0
1.0,0.83825874,0.9898374,0
1.0,0.8253677,0.9173964,0
1.0,0.8293026,0.90875715,0
1.0,0.8099431,0.90654683,0
1.0,0.821052,0.92026365,0
1.0,0.8033248,0.8523571,0
1.0,0.80418396,0.8489757,0
1.0,0.7924237,0.7982501,0
1.0,0.78346527,0.7746356,0
1.0,0.7786949,0.7459914,0
1.0,0.7877917,0.703591,0
1.0,0.76799035,0.69005585,0
1.0,0.7747259,0.7284086,0
1.0,0.770759,0.75605094,0
1.0,0.80579066,0.86161685,0
1.0,0.80094916,0.8437283,0
1.0,0.8144698,0.8518269,0
1.0,0.8182812,0.88532966,0
1.0,0.8307887,0.9333018,0
1.0,0.83524156,0.93542254,0
1.0,0.83912313,0.9194982,0
1.0,0.8409888,0.9296082,0
1.0,0.8551704,0.9784819,0
1.0,0.8562289,0.96501297,0
1.0,0.8598295,0.9480588,0
1.0,0.87467587,0.9466448,0
1.0,0.88465,0.9163136,0
1.0,0.88816047,0.92466176,0
1.0,0.89211273,0.94823706,0
1.0,0.8997015,0.9501838,0
1.0,0.9104546,0.9643793,0
1.0,0.91224813,0.9909245,0
1.0,0.9170529,1.0497333,0
1.0,0.92117363,1.1026196,0
1.0,0.9301135,1.1244631,0
1.0,0.9367266,1.0975264,0
1.0,0.93086755,1.1247358,0
1.0,0.93520415,1.2244016,0
1.0,0.93258464,1.2438353,0
1.0,0.9442173,1.2826221,0
1.0,0.9393995,1.2632129,0
1.0,0.9408291,1.3255578,0
1.0,0.9436383,1.443702,0
1.0,0.95058346,1.4548032,0
1.0,0.94815445,1.4489143,0
1.0,0.9519395,1.4317911,0
1.0,0.95448667,1.39716,0
1.0,0.95975125,1.4815953,0
1.0,0.9541264,1.4942802,0
1.0,0.9555587,1.4620187,0
1.0,0.957182,1.4790666,0
1.0,0.9619229,1.5581052,0
1.0,0.9584204,1.6272708,0
1.0,0.9578379,1.6940497,0
1.0,0.95910823,1.7254182,0
1.0,0.9611063,1.7440348,0
1.0,0.954033,1.8198878,0
1.0,0.95271665,1.9556041,0
1.0,0.95336837,2.0007885,0
1.0,0.9594121,2.0272222,0
1.0,0.9568825,2.0255296,0
1.0,0.9585803,2.0613818,0
1.0,0.9585508,2.1756656,0
1.0,0.9630284,2.240466,0
1.0,0.9613658,2.169188,0
1.0,0.9652048,2.1257915,0
1.0,0.9631445,2.162566,0
1.0,0.96364444,2.2765882,0
1.0,0.9621029,2.3129234,0
1.0,0.9674277,2.3016381,0
1.0,0.9673324,2.3054395,0
1.0,0.96955544,2.351614,0
1.0,0.9694094,2.4555645,0
1.0,0.9686649,2.4946375,0
1.0,0.96967095,2.4414613,0
1.0,0.970761,2.462544,0
1.0,0.9702424,2.5726945,0
1.0,0.9701681,2.708522,0
1.0,0.97078246,2.7798536,0
1.0,0.9737428,2.7715561,0
1.0,0.97387546,2.7543607,0
1.0,0.9746704,2.8136382,0
1.0,0.97338605,2.8660893,0
1.0,0.9748462,2.8147614,0
1.0,0.9744991,2.764153,0
1.0,0.9759294,2.742095,0
1.0,0.97472906,2.770052,0
1.0,0.9734041,2.8167872,0
1.0,0.97362334,2.7625334,0
1.0,0.9752058,2.6827073,0
1.0,0.9743997,2.6756272,0
1.0,0.9741114,2.719959,0
1.0,0.9716913,2.7879133,0
1.0,0.9692432,2.7873728,0
1.0,0.9677338,2.6890798,0
1.0,0.967138,2.6344178,0
1.0,0.96277183,2.716156,0
1.0,0.96297944,2.7830238,0
1.0,0.96457523,2.7486389,0
1.0,0.9658085,2.6490455,0
1.0,0.96403694,2.5619009,0
1.0,0.9629527,2.5911164,0
1.0,0.963134,2.6454566,0
1.0,0.96299744,2.6130304,0
1.0,0.96309906,2.5234926,0
1.0,0.9620176,2.4240131,0
1.0,0.96178544,2.4042697,0
1.0,0.95906997,2.4029472,0
1.0,0.9576297,2.2787323,0
1.0,0.9575968,2.125425,0
1.0,0.95632386,2.0410872,0
1.0,0.9542833,2.0643084,0
1.0,0.9542315,2.1239266,0
1.0,0.9557576,2.0852861,0
1.0,0.9592849,2.0377507,0
1.0,0.9595925,2.0563333,0
1.0,0.95957726,2.1044154,0
1.0,0.95738834,2.077567,0
1.0,0.9574012,1.976187,0
1.0,0.9582401,1.9200014,0
1.0,0.9593534,1.909426,0
1.0,0.9540657,1.8926823,0
1.0,0.95851403,1.9208442,0
1.0,0.9540875,1.8438433,0
1.0,0.9610677,1.7445211,0
1.0,0.9547429,1.6787918,0
1.0,0.9582749,1.6700855,0
1.0,0.9513396,1.6112972,0
1.0,0.9577218,1.5525935,0
1.0,0.94757795,1.4787011,0
1.0,0.95322967,1.4885166,0
1.0,0.94894874,1.5543959,0
1.0,0.94602776,1.5655541,0
1.0,0.93842506,1.4847366,0
1.0,0.94649315,1.4483167,0
1.0,0.942401,1.4356941,0
1.0,0.94265515,1.4670961,0
1.0,0.9236994,1.4287939,0
1.0,0.9274378,1.4250956,0
1.0,0.9220051,1.3959386,0
1.0,0.91770667,1.3854437,0
1.0,0.8931739,1.3945215,0
1.0,0.90615875,1.4568434,0
1.0,0.8899301,1.3369985,0
1.0,0.89771444,1.2865655,0
1.0,0.87996763,1.2396972,0
1.0,0.88764375,1.2387054,0
1.0,0.8904248,1.2953823,0
1.0,0.8786376,1.2371078,0
1.0,0.88151,1.2103515,0
1.0,0.8852021,1.2688367,0
1.0,0.8917819,1.3165998,0
1.0,0.87114394,1.2899283,0
1.0,0.8805803,1.299211,0
1.0,0.8815353,1.2672919,0
1.0,0.87247705,1.3039769,0
1.0,0.8706381,1.4288208,0
1.0,0.87802833,1.5279299,0
1.0,0.88703215,1.5679781,0
1.0,0.8946947,1.6320472,0
1.0,0.8928637,1.6677479,0
1.0,0.9107358,1.7364067,0
1.0,0.9131753,1.790503,0
1.0,0.9232675,1.7556663,0
1.0,0.91789263,1.7129405,0
1.0,0.92978936,1.7416242,0
1.0,0.9262757,1.743251,0
1.0,0.93569815,1.8149295,0
1.0,0.9378178,1.8272886,0
1.0,0.9463438,1.8764566,0
1.0,0.9454499,1.91945,0
1.0,0.94351757,1.9075307,0
1.0,0.9407816,1.931612,0
1.0,0.9380237,1.8965595,0
1.0,0.93527526,1.9039633,0
1.0,0.9343046,2.064492,0
1.0,0.9306943,2.093924,0
1.0,0.9322285,2.124876,0
1.0,0.9343212,2.1869218,0
1.0,0.9400048,2.136384,0
1.0,0.93664294,2.1565661,0
1.0,0.93887776,2.230393,0
1.0,0.9367401,2.2378175,0
1.0,0.93488073,2.2480686,0
1.0,0.92776394,2.1865938,0
1.0,0.92644036,2.183529,0
1.0,0.9246685,2.3004055,0
1.0,0.9205966,2.241006,0
1.0,0.9296312,2.157942,0
1.0,0.9303411,2.1868007,0
1.0,0.93541664,2.2176404,0
1.0,0.9317346,2.2042663,0
1.0,0.92341393,2.1933465,0
1.0,0.91470605,2.1940074,0
1.0,0.9158059,2.2246685,0
1.0,0.913397,2.274327,0
1.0,0.9139561,2.3775687,0
1.0,0.9149563,2.4474733,0
1.0,0.92291653,2.4546864,0
1.0,0.92120653,2.4274476,0
1.0,0.9287436,2.4435265,0
1.0,0.9267706,2.4868045,0
1.0,0.935958,2.5291495,0
1.0,0.93437284,2.494237,0
1.0,0.93822175,2.5126302,0
1.0,0.93385744,2.5316262,0
1.0,0.93711483,2.5274916,0
1.0,0.934657,2.4587636,0
1.0,0.94086176,2.5010934,0
1.0,0.93920666,2.500359,0
1.0,0.9442678,2.5089917,0
1.0,0.9419673,2.5486636,0
1.0,0.9406861,2.5863814,0
1.0,0.9425848,2.6414409,0
1.0,0.94587874,2.6282277,0
1.0,0.9473196,2.5923269,0
1.0,0.94579536,2.6952496,0
1.0,0.95096576,2.874074,0
1.0,0.9593254,2.889615,0
1.0,0.96127284,2.9546375,0
1.0,0.9640506,3.0516133,0
1.0,0.964872,3.012002,0
1.0,0.9691937,3.078905,0
1.0,0.9673102,3.1215332,0
1.0,0.9679556,3.075326,0
1.0,0.9670427,3.0696907,0
1.0,0.9669709,3.050974,0
1.0,0.9645473,3.0382624,0
1.0,0.9652985,3.020972,0
1.0,0.9656187,2.9780712,0
1.0,0.9683424,3.0340195,0
1.0,0.9665755,3.085796,0
1.0,0.96433896,3.1140454,0
1.0,0.96476907,3.0863893,0
1.0,0.96564287,3.1098332,0
1.0,0.9678008,3.2544277,0
1.0,0.96813893,3.3305407,0
1.0,0.96889323,3.4314094,0
1.0,0.97236407,3.5397303,0
1.0,0.97387856,3.5186367,0
1.0,0.9745164,3.49851,0
1.0,0.9740113,3.5331821,0
1.0,0.974114,3.6006234,0
1.0,0.9733646,3.6061263,0
1.0,0.971769,3.551208,0
1.0,0.9711901,3.5203977,0
1.0,0.9702075,3.5510485,0
1.0,0.96927106,3.6059697,0
1.0,0.96579325,3.586412,0
1.0,0.966549,3.4774644,0
1.0,0.96703625,3.4247026,0
1.0,0.9674797,3.4274445,0
1.0,0.9629332,3.400805,0
1.0,0.96337885,3.437482,0
1.0,0.96361446,3.432855,0
1.0,0.96571845,3.4634328,0
1.0,0.9654817,3.6368656,0
1.0,0.9682828,3.7451155,0
1.0,0.96975315,3.722797,0
1.0,0.9720224,3.7008324,0
1.0,0.97102654,3.71771,0
1.0,0.9723113,3.7979717,0
1.0,0.9732486,3.8303466,0
1.0,0.97576946,3.81074,0
1.0,0.9745642,3.7737904,0
1.0,0.97480583,3.7665744,0
1.0,0.97424877,3.7249348,0
1.0,0.9721911,3.6425173,0
1.0,0.97046363,3.6088948,0
1.0,0.9695737,3.5274796,0
1.0,0.97019255,3.4716337,0
1.0,0.9695329,3.5301092,0
1.0,0.9682367,3.5904608,0
1.0,0.96649027,3.589757,0
1.0,0.9687233,3.5417056,0
1.0,0.96804035,3.541141,0
1.0,0.96902364,3.5805838,0
1.0,0.9683195,3.5393507,0
1.0,0.9700706,3.556343,0
1.0,0.9701531,3.6630402,0
1.0,0.9729073,3.7455044,0
1.0,0.9720206,3.748811,0
1.0,0.9768307,3.7362602,0
1.0,0.9752098,3.6920233,0
1.0,0.9772524,3.6620827,0
1.0,0.974741,3.6127298,0
1.0,0.9775867,3.640166,0
1.0,0.9734169,3.6351066,0
1.0,0.9745135,3.4897575,0
1.0,0.97244567,3.382119,0
1.0,0.97450215,3.4305081,0
1.0,0.97021693,3.456647,0
1.0,0.97117394,3.4791408,0
1.0,0.97009987,3.4316108,0
1.0,0.9722535,3.4389887,0
1.0,0.9703409,3.5295126,0
1.0,0.9712559,3.5707626,0
1.0,0.9704304,3.589171,0
1.0,0.97179633,3.6269712,0
1.0,0.97036225,3.6165545,0
1.0,0.9718925,3.579007,0
1.0,0.9716997,3.549028,0
1.0,0.9730304,3.5684707,0
1.0,0.97154564,3.4938827,0
1.0,0.9707342,3.4318385,0
1.0,0.96959186,3.4728637,0
1.0,0.969133,3.4544957,0
1.0,0.96795595,3.4175215,0
1.0,0.96665967,3.3862977,0
1.0,0.96634865,3.4311805,0
1.0,0.9646429,3.5054326,0
1.0,0.9644324,3.4252856,0
1.0,0.96350056,3.306763,0
1.0,0.96664286,3.2338543,0
1.0,0.9656654,3.2350974,0
1.0,0.96851796,3.3211899,0
1.0,0.9678402,3.325466,0
1.0,0.9694715,3.3866427,0
1.0,0.9692704,3.3732882,0
1.0,0.97125196,3.3447604,0
1.0,0.97070134,3.4106643,0
1.0,0.97037446,3.422637,0
1.0,0.96715105,3.3727307,0
1.0,0.96846426,3.3016608,0
1.0,0.9654485,3.208579,0
1.0,0.9656821,3.2232976,0
1.0,0.96610785,3.1945024,0
1.0,0.9682272,3.088035,0
1.0,0.96971995,3.0513194,0
1.0,0.96949434,3.058805,0
1.0,0.96986526,3.058804,0
1.0,0.96978253,3.10231,0
1.0,0.97105587,3.1307397,0
1.0,0.9718937,3.1001325,0
1.0,0.971791,3.0665944,0
1.0,0.9710407,3.1188147,0
1.0,0.9724878,3.1952472,0
1.0,0.9755486,3.1289446,0
1.0,0.976346,3.0871158,0
1.0,0.97593427,3.1127372,0
1.0,0.975837,3.1870584,0
1.0,0.97352713,3.2113643,0
1.0,0.9731959,3.0687633,0
1.0,0.9728589,2.9447196,0
1.0,0.97281194,2.908884,0
1.0,0.9720733,2.971009,0
1.0,0.97450644,2.997363,0
1.0,0.97540885,2.9547415,0
1.0,0.9776505,2.9298537,0
1.0,0.97785425,2.811473,0
1.0,0.97787446,2.7995157,0
1.0,0.9750048,2.8093905,0
1.0,0.9744106,2.7189546,0
1.0,0.97594154,2.682745,0
1.0,0.9748341,2.661695,0
1.0,0.9740089,2.7145925,0
1.0,0.9733095,2.7273784,0
1.0,0.9737595,2.6365337,0
1.0,0.9741916,2.5975826,0
1.0,0.9716296,2.6027856,0
1.0,0.96997124,2.6402316,0
1.0,0.9688913,2.650536,0
1.0,0.96845657,2.5931396,0
1.0,0.96976614,2.4900432,0
1.0,0.9704878,2.4045506,0
1.0,0.96941197,2.3964376,0
1.0,0.9685969,2.3877134,0
1.0,0.9707431,2.2967858,0
1.0,0.9674979,2.166256,0
1.0,0.9691786,2.1896749,0
1.0,0.96610105,2.2746243,0
1.0,0.9626459,2.2526767,0
1.0,0.9539988,2.1178288,0
1.0,0.957746,2.0202699,0
1.0,0.95450455,2.038927,0
1.0,0.95845425,2.1607604,0
1.0,0.95600593,2.19926,0
1.0,0.95827365,2.1668632,0
1.0,0.9577428,2.127269,0
1.0,0.9580261,2.0943966,0
1.0,0.953501,2.1084695,0
1.0,0.9555362,2.1898828,0
1.0,0.95554686,2.1457665,0
1.0,0.9598923,2.0657828,0
1.0,0.95610577,2.071755,0
1.0,0.95626426,2.1026475,0
1.0,0.9523599,2.0906909,0
1.0,0.9567164,2.0433197,0
1.0,0.95055425,2.0074472,0
1.0,0.9511922,2.0686417,0
1.0,0.9451978,2.0636563,0
1.0,0.94612885,2.0372088,0
1.0,0.9420892,1.9431005,0
1.0,0.9426193,1.879445,0
1.0,0.9390364,1.9176613,0
1.0,0.94143313,1.9661762,0
1.0,0.94435996,2.016918,0
1.0,0.9436811,2.068766,0
1.0,0.9404129,2.0438604,0
1.0,0.93945795,2.0212088,0
1.0,0.93595695,2.044488,0
1.0,0.933076,2.0194032,0
1.0,0.92977154,1.9283423,0
1.0,0.9331443,1.9022523,0
1.0,0.9300077,1.8625627,0
1.0,0.9315209,1.8878043,0
1.0,0.9184406,1.8341961,0
1.0,0.91983086,1.726601,0
1.0,0.9190305,1.6890422,0
1.0,0.9201273,1.7317317,0
1.0,0.9085515,1.6857638,0
1.0,0.9107916,1.6745602,0
1.0,0.9068939,1.6399603,0
1.0,0.9115097,1.6232533,0
1.0,0.89547104,1.5884049,0
1.0,0.9023079,1.6501014,0
1.0,0.88974196,1.6280665,0
1.0,0.90157336,1.591823,0
1.0,0.88242155,1.5180049,0
1.0,0.90163004,1.6228361,0
1.0,0.88673615,1.574142,0
1.0,0.9074823,1.5613165,0
1.0,0.8896977,1.4940484,0
1.0,0.90995216,1.5142189,0
1.0,0.8967398,1.4745505,0
1.0,0.90741086,1.4712964,0
1.0,0.8866794,1.355156,0
1.0,0.8951767,1.3400537,0
1.0,0.88760513,1.2914442,0
1.0,0.89546627,1.2723894,0
1.0,0.8809053,1.2341155,0
1.0,0.8872195,1.2478819,0
1.0,0.88460714,1.1986127,0
1.0,0.90113294,1.1896338,0
1.0,0.891771,1.1817404,0
1.0,0.8955709,1.1898142,0
1.0,0.89387876,1.2013595,0
1.0,0.9124289,1.2051028,0
1.0,0.90357065,1.1749866,0
1.0,0.9040077,1.2321845,0
1.0,0.9015969,1.2039201,0
1.0,0.918503,1.1648892,0
1.0,0.91708523,1.1438694,0
1.0,0.915837,1.1152807,0
1.0,0.90980506,1.0792339,0
1.0,0.91897726,1.0636086,0
1.0,0.91340595,1.0044892,0
1.0,0.906704,0.9178336,0
1.0,0.88723284,0.8301569,0
1.0,0.88666207,0.8604443,0
1.0,0.8785251,0.8812861,0
1.0,0.8859745,0.8715606,0
1.0,0.8858168,0.8605107,0
1.0,0.898506,0.8897927,0
1.0,0.9030894,0.90636516,0
1.0,0.9191186,0.95803726,0
1.0,0.9152925,0.9782573,0
1.0,0.9226711,1.00683,0
1.0,0.9143354,1.010778,0
1.0,0.9190768,1.0242461,0
1.0,0.90972954,1.0077689,0
1.0,0.90475833,0.97198373,0
1.0,0.9047279,0.94214404,0
1.0,0.90719736,0.9729242,0
1.0,0.90041035,0.98714805,0
1.0,0.88631773,0.9489635,0
1.0,0.87791795,0.8940924,0
1.0,0.88423634,0.8698811,0
1.0,0.8784266,0.86475575,0
1.0,0.86575806,0.88287497,0
1.0,0.87011826,0.91765016,0
1.0,0.88264513,0.90703535,0
1.0,0.89280456,0.915195,0
1.0,0.89537364,0.95560575,0
1.0,0.90479755,1.022047,0
1.0,0.90171134,1.0673707,0
1.0,0.91109705,1.1351093,0
1.0,0.905009,1.1621174,0
1.0,0.90953344,1.2260845,0
1.0,0.9049093,1.2614956,0
1.0,0.89781964,1.2932125,0
1.0,0.89720803,1.2965958,0
1.0,0.9061601,1.277504,0
1.0,0.8997423,1.235815,0
1.0,0.90065277,1.2687306,0
1.0,0.9031559,1.2769405,0
1.0,0.9135246,1.258008,0
1.0,0.91839147,1.2374142,0
1.0,0.9201309,1.2273458,0
1.0,0.9207816,1.2378473,0
1.0,0.9269922,1.2321517,0
1.0,0.9225509,1.2131689,0
1.0,0.9270063,1.2595555,0
1.0,0.92808783,1.3014321,0
1.0,0.92967826,1.3567497,0
1.0,0.92287874,1.3876454,0
1.0,0.93087953,1.4049668,0
1.0,0.9282573,1.4129041,0
1.0,0.9285808,1.4616884,0
1.0,0.9250906,1.508152,0
1.0,0.9205464,1.5199857,0
1.0,0.92248154,1.4862721,0
1.0,0.9138915,1.4301087,0
1.0,0.9145367,1.5048248,0
1.0,0.9149382,1.5763835,0
1.0,0.9178829,1.5602705,0
1.0,0.91966426,1.5311563,0
1.0,0.9266095,1.5346047,0
1.0,0.9298205,1.5109704,0
1.0,0.9348029,1.4910369,0
1.0,0.93275243,1.4730461,0
1.0,0.9288599,1.4762869,0
1.0,0.9299074,1.4528246,0
1.0,0.9303366,1.447413,0
1.0,0.920524,1.4482057,0
1.0,0.9140066,1.4221604,0
1.0,0.91197723,1.4235731,0
1.0,0.9096597,1.4671727,0
1.0,0.8993776,1.503036,0
1.0,0.89590913,1.587935,0
1.0,0.8977305,1.6053427,0
1.0,0.90201586,1.5842797,0
1.0,0.9003588,1.5981648,0
1.0,0.9020192,1.5953574,0
1.0,0.9118285,1.5595548,0
1.0,0.9167017,1.5470749,0
1.0,0.91446614,1.5048008,0
1.0,0.91612357,1.4294338,0
1.0,0.9211519,1.4342918,0
1.0,0.9197307,1.4735409,0
1.0,0.9079451,1.4451935,0
1.0,0.908987,1.4344723,0
1.0,0.91679305,1.4299092,0
1.0,0.91048384,1.4298594,0
1.0,0.90164894,1.4580841,0
1.0,0.9012654,1.4044892,0
1.0,0.9099598,1.3883352,0
1.0,0.9035265,1.4328731,0
1.0,0.9015678,1.4548389,0
1.0,0.9071032,1.45827,0
1.0,0.9188347,1.4882181,0
1.0,0.9097349,1.4600985,0
1.0,0.9108979,1.4299037,0
1.0,0.90705323,1.3911054,0
1.0,0.91396236,1.4293542,0
1.0,0.90334225,1.4018466,0
1.0,0.8976582,1.3638145,0
1.0,0.89730066,1.3683618,0
1.0,0.89507383,1.3446833,0
1.0,0.87455314,1.2704867,0
1.0,0.87647253,1.2402188,0
1.0,0.87136227,1.1448257,0
1.0,0.875133,1.1533549,0
1.0,0.8574776,1.1877939,0
1.0,0.8681634,1.2451782,0
1.0,0.8573208,1.2545362,0
1.0,0.8632337,1.3090384,0
1.0,0.85475993,1.2844791,0
1.0,0.8567848,1.2947819,0
1.0,0.8523156,1.3262324,0
1.0,0.85987854,1.3329074,0
1.0,0.85307944,1.2897861,0
1.0,0.85740334,1.3038025,0
1.0,0.84856945,1.2476748,0
1.0,0.8569093,1.2630104,0
1.0,0.8482186,1.2544968,0
1.0,0.8535703,1.2195598,0
1.0,0.85054135,1.2062612,0
1.0,0.8569127,1.2196828,0
1.0,0.8437532,1.1599839,0
1.0,0.8455151,1.1446536,0
1.0,0.833568,1.138928,0
1.0,0.84153134,1.168803,0
1.0,0.8223837,1.1173203,0
1.0,0.82202214,1.1681993,0
1.0,0.818506,1.2027612,0
1.0,0.82954305,1.2095779,0
1.0,0.8226975,1.2390368,0
1.0,0.82052493,1.2689953,0
1.0,0.8131144,1.2616618,0
1.0,0.8123531,1.2872412,0
1.0,0.803219,1.2618421,0
1.0,0.79321855,1.2297187,0
1.0,0.79224586,1.2367468,0
1.0,0.79743356,1.23065,0
1.0,0.79570633,1.1679567,0
1.0,0.7986139,1.1504393,0
1.0,0.8051724,1.1597717,0
1.0,0.810263,1.1347694,0
1.0,0.8139064,1.1369146,0
1.0,0.814405,1.158555,0
1.0,0.81418645,1.1368375,0
1.0,0.8201378,1.1659553,0
1.0,0.8279943,1.2133825,0
1.0,0.8260461,1.1937141,0
1.0,0.83231455,1.2270949,0
1.0,0.83766866,1.2756662,0
1.0,0.8417257,1.2876155,0
1.0,0.8431137,1.3050464,0
1.0,0.84562683,1.3435879,0
1.0,0.8463467,1.3407279,0
1.0,0.8393683,1.3288177,0
1.0,0.8394175,1.3560852,0
1.0,0.8349615,1.3117874,0
1.0,0.83285534,1.3102579,0
1.0,0.8275991,1.3249475,0
1.0,0.8277333,1.2626036,0
1.0,0.83432513,1.2450957,0
1.0,0.83552444,1.2710673,0
1.0,0.8391875,1.2225232,0
1.0,0.84431696,1.2389424,0
1.0,0.8519337,1.3058381,0
1.0,0.8531227,1.2699133,0
1.0,0.8572527,1.2653656,0
1.0,0.8559794,1.2826065,0
1.0,0.8602605,1.3089894,0
1.0,0.8548224,1.3245955,0
1.0,0.8553423,1.3485367,0
1.0,0.85138685,1.3483555,0
1.0,0.8536533,1.3812407,0
1.0,0.84680414,1.4130561,0
1.0,0.85161006,1.428527,0
1.0,0.84537494,1.4089973,0
1.0,0.85410106,1.4634755,0
1.0,0.85151845,1.4414971,0
1.0,0.8620625,1.4172103,0
1.0,0.8629835,1.4136074,0
1.0,0.8719704,1.4385154,0
1.0,0.8697563,1.3879552,0
1.0,0.87967783,1.4022799,0
1.0,0.87394226,1.3998182,0
1.0,0.87926996,1.373434,0
1.0,0.8678854,1.3560953,0
1.0,0.86926943,1.3502474,0
1.0,0.8491331,1.3046823,0
1.0,0.85344964,1.357413,0
1.0,0.83643246,1.281275,0
1.0,0.8385007,1.2666794,0
1.0,0.82324785,1.2623836,0
1.0,0.82632685,1.2964065,0
1.0,0.8271388,1.3152089,0
1.0,0.8291307,1.3286645,0
1.0,0.83521956,1.3214562,0
1.0,0.839066,1.276607,0
1.0,0.84095687,1.313413,0
1.0,0.8433461,1.3545699,0
1.0,0.8492933,1.3336093,0
1.0,0.86119264,1.3390486,0
1.0,0.8600408,1.3383305,0
1.0,0.8590931,1.3305664,0
1.0,0.86582893,1.3401947,0
1.0,0.87723374,1.3130182,0
1.0,0.8756724,1.2668968,0
1.0,0.87010884,1.3004358,0
1.0,0.87326175,1.3329659,0
1.0,0.87768054,1.3382912,0
1.0,0.8880579,1.3833632,0
1.0,0.88920283,1.3935469,0
1.0,0.8975923,1.4335973,0
1.0,0.9007003,1.4895022,0
1.0,0.90751964,1.5373137,0
1.0,0.9100675,1.5154319,0
1.0,0.9173015,1.5023874,0
1.0,0.9186845,1.5209935,0
1.0,0.9187636,1.5074577,0
1.0,0.9169907,1.500464,0
1.0,0.9191552,1.4651943,0
1.0,0.9223009,1.4110988,0
1.0,0.9224638,1.4235666,0
1.0,0.918939,1.4461269,0
1.0,0.92146283,1.4802846,0
1.0,0.9223511,1.4602964,0
1.0,0.92887205,1.4068805,0
1.0,0.9252195,1.3943906,0
1.0,0.9270854,1.4322016,0
1.0,0.9192989,1.4710011,0
1.0,0.93794096,1.4941503,0
1.0,0.93364686,1.4334664,0
1.0,0.9354668,1.4850075,0
1.0,0.93507516,1.5229818,0
1.0,0.9390865,1.5117633,0
1.0,0.939223,1.4957368,0
1.0,0.9385309,1.4668584,0
1.0,0.93499076,1.4587598,0
1.0,0.9373131,1.467693,0
1.0,0.9307986,1.4220126,0
1.0,0.92429465,1.3600266,0
1.0,0.9218592,1.308125,0
1.0,0.9251032,1.3016781,0
1.0,0.9142659,1.2884552,0
1.0,0.90404654,1.2483748,0
1.0,0.90653294,1.1904099,0
1.0,0.91037655,1.1507326,0
1.0,0.9069561,1.1604695,0
1.0,0.89816433,1.1698128,0
1.0,0.8959635,1.1654472,0
1.0,0.9010952,1.2222022,0
1.0,0.89967775,1.2029412,0
1.0,0.8907535,1.184658,0
1.0,0.89480793,1.287056,0
1.0,0.88670135,1.2814052,0
1.0,0.8843596,1.2504442,0
1.0,0.8783834,1.2055757,0
1.0,0.8755831,1.1567879,0
1.0,0.8773855,1.1683927,0
1.0,0.8630624,1.1688671,0
1.0,0.8728095,1.1456447,0
1.0,0.8657532,1.0812858,0
1.0,0.88128704,1.1257164,0
1.0,0.8778056,1.1353937,0
1.0,0.8842743,1.1261876,0
1.0,0.8717879,1.0602255,0
1.0,0.89031035,1.0895371,0
1.0,0.8850375,1.1274306,0
1.0,0.8924587,1.188843,0
1.0,0.87788826,1.2110554,0
1.0,0.9049731,1.3296049,0
1.0,0.90752536,1.3254529,0
1.0,0.9148287,1.3648667,0
1.0,0.9065611,1.3995999,0
1.0,0.9162205,1.4214106,0
1.0,0.9146904,1.4195886,0
1.0,0.91012466,1.4152629,0
1.0,0.8960707,1.40187,0
1.0,0.91109514,1.4993255,0
1.0,0.9077509,1.5261546,0
1.0,0.9029612,1.4968462,0
1.0,0.8966146,1.4486372,0
1.0,0.9109656,1.4234868,0
1.0,0.9141035,1.4631261,0
1.0,0.9077319,1.4844314,0
1.0,0.90976954,1.4444356,0
1.0,0.9168641,1.4802407,0
1.0,0.9222592,1.5171021,0
1.0,0.9069935,1.5155262,0
1.0,0.91031456,1.5872366,0
1.0,0.9099515,1.6040511,0
1.0,0.9198625,1.6185687,0
1.0,0.90327305,1.6287384,0
1.0,0.90976465,1.7179248,0
1.0,0.9078545,1.7481701,0
1.0,0.9154826,1.7972172,0
1.0,0.9092541,1.797735,0
1.0,0.91079277,1.8124094,0
1.0,0.9115645,1.8669748,0
1.0,0.9118646,1.825036,0
1.0,0.9177316,1.7675034,0
1.0,0.918332,1.7625401,0
1.0,0.92407554,1.7913132,0
1.0,0.9238051,1.8376217,0
1.0,0.9395273,1.9110212,0
1.0,0.93903667,1.8685453,0
1.0,0.94246674,1.8812866,0
1.0,0.9417504,1.9272766,0
1.0,0.942575,1.9635153,0
1.0,0.9420054,1.9904978,0
1.0,0.9410028,1.9853338,0
1.0,0.93504566,1.9640818,0
1.0,0.9411513,2.0151162,0
1.0,0.93776417,2.0601525,0
1.0,0.93805003,2.1013913,0
1.0,0.93633455,2.085052,0
1.0,0.94356817,2.0906458,0
1.0,0.9388771,2.0572934,0
1.0,0.9338573,2.0041826,0
1.0,0.92582124,1.970649,0
1.0,0.93122613,1.9932483,0
1.0,0.92788637,1.9979622,0
1.0,0.92168164,1.9998705,0
1.0,0.9214699,2.0112267,0
1.0,0.9200988,1.9892955,0
1.0,0.92020166,1.936139,0
1.0,0.9118088,1.9870224,0
1.0,0.92426175,2.0867126,0
1.0,0.91046387,2.0421953,0
1.0,0.9251596,2.1208873,0
1.0,0.91541696,2.0314226,0
1.0,0.93026614,2.0524282,0
1.0,0.9226536,2.0923002,0
1.0,0.9292128,2.0988674,0
1.0,0.91314733,2.0071838,0
1.0,0.92835546,2.0347042,0
1.0,0.91973734,2.0299296,0
1.0,0.928575,2.066753,0
1.0,0.91719913,2.0473547,0
1.0,0.9286462,2.0696456,0
1.0,0.9255366,2.0166712,0
1.0,0.93330675,2.0125308,0
1.0,0.9242466,1.9278286,0
1.0,0.93777716,1.9245087,0
1.0,0.93280673,1.9656513,0
1.0,0.94178396,2.0250971,0
1.0,0.9356549,2.0149765,0
1.0,0.9531726,2.0860062,0
1.0,0.9509621,2.123652,0
1.0,0.9566744,2.164444,0
1.0,0.9476681,2.2416768,0
1.0,0.9580178,2.3469512,0
1.0,0.95462066,2.2810013,0
1.0,0.95452976,2.2725787,0
1.0,0.9466322,2.2481034,0
1.0,0.9543012,2.2535605,0
1.0,0.9548027,2.3140173,0
1.0,0.9520176,2.317953,0
1.0,0.9459709,2.2112715,0
1.0,0.9463709,2.1794205,0
1.0,0.94393617,2.171667,0
1.0,0.94005615,2.1070993,0
1.0,0.9372667,2.1321335,0
1.0,0.9456518,2.2595549,0
1.0,0.94942594,2.3022702,0
1.0,0.9550476,2.3826861,0
1.0,0.95907533,2.457623,0
1.0,0.9659345,2.4747093,0
1.0,0.96597636,2.4792852,0
1.0,0.9654021,2.5627863,0
1.0,0.96320605,2.6327844,0
1.0,0.96596587,2.704146,0
1.0,0.96308035,2.7478724,0
1.0,0.96294373,2.73494,0
1.0,0.9637316,2.755935,0
1.0,0.96507996,2.7907898,0
1.0,0.9668592,2.7806396,0
1.0,0.96869755,2.7978063,0
1.0,0.97095346,2.790852,0
1.0,0.9732731,2.7796464,0
1.0,0.9710868,2.7892818,0
1.0,0.97109264,2.8830764,0
1.0,0.97022533,2.8252878,0
1.0,0.97409636,2.7456706,0
1.0,0.97358274,2.8368902,0
1.0,0.9754665,2.89532,0
1.0,0.97535217,2.9254384,0
1.0,0.97904474,3.0268326,0
1.0,0.97717005,2.998085,0
1.0,0.9768809,3.0181103,0
1.0,0.9731776,3.0621495,0
1.0,0.97412735,3.0585885,0
1.0,0.97141844,3.084074,0
1.0,0.97204494,3.1666393,0
1.0,0.97029954,3.2379634,0
1.0,0.9721931,3.2779617,0
1.0,0.9711491,3.260085,0
1.0,0.9739731,3.196958,0
1.0,0.97220165,3.1396909,0
1.0,0.9743906,3.1774042,0
1.0,0.97211355,3.1411834,0
1.0,0.9736859,3.0817866,0
1.0,0.9690493,3.0293126,0
1.0,0.97000206,2.940065,0
1.0,0.9681263,2.920672,0
1.0,0.96690214,3.004879,0
1.0,0.96437085,3.0698628,0
1.0,0.9657903,3.1256316,0
1.0,0.9655854,3.0931017,0
1.0,0.96428144,3.0941186,0
1.0,0.96221954,3.1278596,0
1.0,0.9585695,3.1259747,0
1.0,0.959868,3.1316793,0
1.0,0.9555788,3.0321329,0
1.0,0.95223385,3.056481,0
1.0,0.9540567,3.1628003,0
1.0,0.9561522,3.0816455,0
1.0,0.95736104,2.9915848,0
1.0,0.9555527,2.975389,0
1.0,0.9547778,2.929669,0
1.0,0.9608167,2.9712956,0
1.0,0.9626396,2.9440737,0
1.0,0.96216613,2.8446312,0
1.0,0.9614015,2.8393474,0
1.0,0.9642454,2.8863206,0
1.0,0.95858425,2.889844,0
1.0,0.96043736,2.8407178,0
1.0,0.95978826,2.7413197,0
1.0,0.9645542,2.7507372,0
1.0,0.96318156,2.8170643,0
1.0,0.96511114,2.9417486,0
1.0,0.96727353,3.0022902,0
1.0,0.9704753,3.0584939,0
1.0,0.9719254,3.0750213,0
1.0,0.97107524,3.0287561,0
1.0,0.9719482,3.0434651,0
1.0,0.97160083,3.0294638,0
1.0,0.9745636,3.0381944,0
1.0,0.97435874,3.0495586,0
1.0,0.9733902,3.037598,0
1.0,0.9761445,3.1128614,0
1.0,0.9766183,3.0727148,0
1.0,0.975776,3.0493283,0
1.0,0.9741606,3.0831723,0
1.0,0.973767,3.015596,0
1.0,0.9711835,3.0133917,0
1.0,0.9702176,2.9780948,0
1.0,0.96783227,2.8911371,0
1.0,0.9695207,3.0557206,0
1.0,0.9694388,3.1631813,0
1.0,0.96725637,3.1890745,0
1.0,0.97021645,3.2418633,0
1.0,0.9711628,3.1478157,0
1.0,0.9712683,3.144096,0
1.0,0.97080785,3.2342968,0
1.0,0.9700577,3.2130163,0
1.0,0.9715351,3.1958673,0
1.0,0.9706467,3.1740243,0
1.0,0.9713959,3.1608846,0
1.0,0.9697276,3.153046,0
1.0,0.96958333,3.1218827,0
1.0,0.96476406,3.0196443,0
1.0,0.96143293,2.8928094,0
1.0,0.9585458,2.823028,0
1.0,0.9572888,2.7796016,0
1.0,0.9540845,2.7905545,0
1.0,0.95445526,2.8423285,0
1.0,0.9542934,2.8734303,0
1.0,0.9520955,2.898991,0
1.0,0.94920814,2.8811004,0
1.0,0.9518679,2.846949,0
1.0,0.9542062,2.8013844,0
1.0,0.9494071,2.7389793,0
1.0,0.9497127,2.8102689,0
1.0,0.95670396,2.8772907,0
1.0,0.95761687,2.8569694,0
1.0,0.95892775,2.9052422,0
1.0,0.95694274,2.8725624,0
1.0,0.9618106,2.8567567,0
1.0,0.95748943,2.8930082,0
1.0,0.9551935,2.776403,0
1.0,0.9494088,2.712822,0
1.0,0.9539794,2.75495,0
1.0,0.9508275,2.7041245,0
1.0,0.9524019,2.7852888,0
1.0,0.95089906,2.8467088,0
1.0,0.9562919,2.857077,0
1.0,0.95503604,2.9086764,0
1.0,0.9578198,2.91992,0
1.0,0.9544773,2.9262638,0
1.0,0.95912117,3.0606742,0
1.0,0.96056706,3.1977675,0
1.0,0.9656672,3.358554,0
1.0,0.96497923,3.4928055,0
1.0,0.96862227,3.5658464,0
1.0,0.96889055,3.5775542,0
1.0,0.97188884,3.6160874,0
1.0,0.969507,3.5932133,0
1.0,0.9698715,3.6133404,0
1.0,0.9671688,3.6867995,0
1.0,0.96928763,3.71446,0
1.0,0.96759605,3.7066967,0
1.0,0.96852624,3.7544081,0
1.0,0.96682334,3.8378267,0
1.0,0.9676298,3.9035187,0
1.0,0.96673244,3.8908691,0
1.0,0.9671144,3.965856,0
1.0,0.96877545,4.1227727,0
1.0,0.9695338,4.237382,0
1.0,0.9695495,4.3460865,0
1.0,0.96924263,4.4352837,0
1.0,0.969184,4.517801,0
1.0,0.9700706,4.646583,0
1.0,0.9701599,4.6854897,0
1.0,0.96987647,4.6904583,0
1.0,0.9678228,4.7874994,0
1.0,0.9674274,4.928881,0
1.0,0.9670141,5.070551,0
1.0,0.96520376,5.1006346,0
1.0,0.9655754,5.058964,0
1.0,0.9638311,5.076127,0
1.0,0.96312535,5.096755,0
1.0,0.960243,5.053336,0
1.0,0.95931923,5.0727572,0
1.0,0.9568357,5.085726,0
1.0,0.95556706,5.121336,0
1.0,0.9534974,5.1904097,0
1.0,0.9508736,5.2569494,0
1.0,0.94637305,5.2989035,0
1.0,0.9443666,5.335703,0
1.0,0.9430481,5.447089,0
1.0,0.9406581,5.5786533,0
1.0,0.9397833,5.62706,0
1.0,0.93960536,5.6636624,0
1.0,0.9419721,5.724498,0
1.0,0.93759644,5.7464647,0
1.0,0.93769175,5.777237,0
1.0,0.9365681,5.765855,0
1.0,0.937985,5.690697,0
1.0,0.93408453,5.583068,0
1.0,0.9332958,5.621189,0
1.0,0.93343794,5.689838,0
1.0,0.9371364,5.7220335,0
1.0,0.9400889,5.7025557,0
1.0,0.9400468,5.6056414,0
1.0,0.94217235,5.649663,0
1.0,0.94363177,5.7959166,0
1.0,0.9442283,5.833843,0
1.0,0.9402108,5.7686353,0
1.0,0.9435645,5.6614447,0
1.0,0.94260514,5.6563654,0
1.0,0.94169956,5.7584043,0
1.0,0.93817246,5.773879,0
1.0,0.9435706,5.8294353,0
1.0,0.9424819,5.8313246,0
1.0,0.93810624,5.7165146,0
1.0,0.9373318,5.682426,0
1.0,0.94025785,5.667783,0
1.0,0.9415626,5.5747166,0
1.0,0.9406736,5.5207157,0
1.0,0.9413517,5.505107,0
1.0,0.9464802,5.537507,0
1.0,0.94883245,5.4180813,0
1.0,0.9502097,5.2129326,0
1.0,0.9509624,5.192748,0
1.0,0.95401466,5.2430234,0
1.0,0.9569073,5.34943,0
1.0,0.95863384,5.3620806,0
1.0,0.96034193,5.3362164,0
1.0,0.9618705,5.383953,0
1.0,0.9632161,5.414242,0
1.0,0.9621984,5.465433,0
1.0,0.9632108,5.3661265,0
1.0,0.9634987,5.220644,0
1.0,0.9633973,5.252775,0
1.0,0.9622208,5.3104305,0
1.0,0.96344835,5.3446903,0
1.0,0.9642491,5.25737,0
1.0,0.9648645,5.04562,0
1.0,0.9636963,4.914777,0
1.0,0.96404004,4.9014816,0
1.0,0.9663883,4.9750056,0
1.0,0.9670059,4.9751663,0
1.0,0.96656966,4.964975,0
1.0,0.96748155,5.0279694,0
1.0,0.9674221,4.993726,0
1.0,0.9654511,4.942052,0
1.0,0.964825,5.018593,0
1.0,0.9670427,5.05445,0
1.0,0.9666236,5.0360575,0
1.0,0.9637458,5.1166115,0
1.0,0.9627375,5.1424584,0
1.0,0.9649661,5.120904,0
1.0,0.9654259,5.1080246,0
1.0,0.96225554,5.13725,0
1.0,0.9620773,5.2076583,0
1.0,0.96369296,5.1956654,0
1.0,0.96353966,5.1123924,0
1.0,0.96335286,4.954851,0
1.0,0.9638985,4.9268003,0
1.0,0.963623,4.9781256,0
1.0,0.9660216,4.9378667,0
1.0,0.9649397,4.895903,0
1.0,0.9665019,4.8074307,0
1.0,0.96654284,4.772998,0
1.0,0.966367,4.852683,0
1.0,0.9655665,4.8562503,0
1.0,0.9666527,4.804748,0
1.0,0.9680588,4.801406,0
1.0,0.9689042,4.9002857,0
1.0,0.96958816,5.032529,0
1.0,0.9689642,5.019599,0
1.0,0.96997964,4.9477277,0
1.0,0.9706177,4.947627,0
1.0,0.9705246,4.963006,0
1.0,0.9699981,4.9053183,0
1.0,0.971557,4.836779,0
1.0,0.9719544,4.8131723,0
1.0,0.97292024,4.81036,0
1.0,0.9713926,4.6902714,0
1.0,0.97124183,4.556715,0
1.0,0.97127026,4.5199604,0
1.0,0.9705549,4.416762,0
1.0,0.97053087,4.373499,0
1.0,0.970907,4.4197774,0
1.0,0.9705185,4.4107504,0
1.0,0.97102755,4.3733425,0
1.0,0.9703433,4.3215528,0
1.0,0.9700187,4.3513446,0
1.0,0.971253,4.373033,0
1.0,0.9709854,4.369055,0
1.0,0.9694606,4.3641615,0
1.0,0.96948594,4.28774,0
1.0,0.9696624,4.2969804,0
1.0,0.9706679,4.312829,0
1.0,0.9707017,4.3048716,0
1.0,0.97165436,4.3527145,0
1.0,0.97099733,4.2685413,0
1.0,0.9710911,4.1541514,0
1.0,0.96958935,4.1104717,0
1.0,0.9692451,4.0568085,0
1.0,0.9678375,3.9316053,0
1.0,0.9670708,3.790679,0
1.0,0.96391374,3.811946,0
1.0,0.96622765,3.869224,0
1.0,0.96826684,3.770893,0
1.0,0.9693112,3.7138238,0
1.0,0.96873033,3.7065911,0
1.0,0.96716,3.6664486,0
1.0,0.9683953,3.637433,0
1.0,0.9683574,3.616303,0
1.0,0.9678542,3.649346,0
1.0,0.9666135,3.6442533,0
1.0,0.9655334,3.5714204,0
1.0,0.9654238,3.593954,0
1.0,0.9645782,3.592917,0
1.0,0.96408725,3.48028,0
1.0,0.9644271,3.4179163,0
1.0,0.9623869,3.3791015,0
1.0,0.96235436,3.2874594,0
1.0,0.95864046,3.1548538,0
1.0,0.9612414,3.1385508,0
1.0,0.9605089,3.1387424,0
1.0,0.9606415,3.0932448,0
1.0,0.9600217,3.065649,0
1.0,0.9632523,3.045475,0
1.0,0.96146303,3.0176187,0
1.0,0.9633178,3.0319502,0
1.0,0.958816,2.973537,0
1.0,0.9613449,2.9817586,0
1.0,0.9559031,2.992063,0
1.0,0.9551123,2.912881,0
1.0,0.9508136,2.8699713,0
1.0,0.95337,2.9582167,0
1.0,0.95013434,2.9774175,0
1.0,0.95172673,2.9221077,0
1.0,0.9538705,2.8771644,0
1.0,0.9586822,2.9100232,0
1.0,0.9556585,2.8539982,0
1.0,0.95527476,2.7653658,0
1.0,0.9527584,2.7202206,0
1.0,0.9564188,2.6908917,0
1.0,0.9507208,2.6276507,0
1.0,0.95155543,2.5901823,0
1.0,0.95214707,2.5937524,0
1.0,0.9553769,2.6749907,0
1.0,0.9504041,2.6322794,0
1.0,0.9501307,2.5760643,0
1.0,0.94930226,2.667232,0
1.0,0.9504209,2.732102,0
1.0,0.94665605,2.6986341,0
1.0,0.94972247,2.709762,0
1.0,0.94890815,2.7028327,0
1.0,0.94835395,2.727929,0
1.0,0.94899243,2.740195,0
1.0,0.95619935,2.7153676,0
1.0,0.9585874,2.6865482,0
1.0,0.9610629,2.6363707,0
1.0,0.9588799,2.6182404,0
1.0,0.95980066,2.592822,0
1.0,0.95298517,2.4893208,0
1.0,0.9565931,2.4490664,0
1.0,0.95152175,2.383026,0
1.0,0.95454586,2.4379373,0
1.0,0.9554504,2.5161777,0
1.0,0.95918983,2.4819202,0
1.0,0.9631509,2.4623213,0
1.0,0.9625096,2.459982,0
1.0,0.9619019,2.4482694,0
1.0,0.9604298,2.4475756,0
1.0,0.96391845,2.4715114,0
1.0,0.96211714,2.507968,0
1.0,0.9609208,2.568387,0
1.0,0.96079975,2.6194468,0
1.0,0.96300805,2.6857853,0
1.0,0.960639,2.6791465,0
1.0,0.9607335,2.6341498,0
1.0,0.9615659,2.5549116,0
1.0,0.9614885,2.5317187,0
1.0,0.95607764,2.5438266,0
1.0,0.95407194,2.4440732,0
1.0,0.954349,2.382291,0
1.0,0.9569755,2.429432,0
1.0,0.9513442,2.469319,0
1.0,0.95169854,2.515462,0
1.0,0.9522919,2.4615583,0
1.0,0.9561538,2.4425993,0
1.0,0.9529768,2.4427829,0
1.0,0.9488457,2.4419966,0
1.0,0.94626266,2.5341022,0
1.0,0.94896257,2.5813346,0
1.0,0.94625634,2.5903006,0
1.0,0.94512945,2.6582518,0
1.0,0.943257,2.737271,0
1.0,0.9445551,2.7993646,0
1.0,0.9434274,2.747918,0
1.0,0.94703525,2.679217,0
1.0,0.9460785,2.6692572,0
1.0,0.94873995,2.7220733,0
1.0,0.9507641,2.7675776,0
1.0,0.9564762,2.7807055,0
1.0,0.9567355,2.7297618,0
1.0,0.96022224,2.7284865,0
1.0,0.9589443,2.7490072,0
1.0,0.95550555,2.7134418,0
1.0,0.95629233,2.6744392,0
1.0,0.9572072,2.6454263,0
1.0,0.9571101,2.676468,0
1.0,0.957949,2.7540572,0
1.0,0.95987874,2.8712819,0
1.0,0.96349615,2.9117932,0
1.0,0.96546525,2.8767428,0
1.0,0.9667263,2.9522998,0
1.0,0.9663667,3.0090756,0
1.0,0.96546704,2.9740653,0
1.0,0.9681557,2.9691024,0
1.0,0.96609694,2.9438825,0
1.0,0.96796745,2.9337134,0
1.0,0.96524286,2.90074,0
1.0,0.9652363,2.9030523,0
1.0,0.9625466,2.8873131,0
1.0,0.96357006,2.8074756,0
1.0,0.9604713,2.739881,0
1.0,0.95802057,2.734422,0
1.0,0.94900423,2.764272,0
1.0,0.9513776,2.7749925,0
1.0,0.94940656,2.7265806,0
1.0,0.9526976,2.7791784,0
1.0,0.94677323,2.8470616,0
1.0,0.95227677,2.8924012,0
1.0,0.95191824,2.856061,0
1.0,0.95791477,2.856755,0
1.0,0.9501606,2.8198347,0
1.0,0.9526039,2.8328462,0
1.0,0.9454855,2.8223903,0
1.0,0.950616,2.7943685,0
1.0,0.93945193,2.7094898,0
1.0,0.94312495,2.7336807,0
1.0,0.93575245,2.7124429,0
1.0,0.9334785,2.6463552,0
1.0,0.9225152,2.5247805,0
1.0,0.9252511,2.412496,0
1.0,0.92004454,2.3656106,0
1.0,0.9247416,2.4043014,0
1.0,0.9229027,2.3929217,0
1.0,0.9315914,2.3851526,0
1.0,0.9351027,2.3763204,0
1.0,0.9376677,2.3753269,0
1.0,0.93489134,2.3568838,0
1.0,0.9338228,2.380437,0
1.0,0.9389703,2.4296439,0
1.0,0.9304767,2.3790317,0
1.0,0.9299184,2.3641686,0
1.0,0.92319125,2.3926823,0
1.0,0.9259508,2.470923,0
1.0,0.9154646,2.4243805,0
1.0,0.92607665,2.3481429,0
1.0,0.92166424,2.2470362,0
1.0,0.9334959,2.2396932,0
1.0,0.919305,2.164899,0
1.0,0.93740314,2.15543,0
1.0,0.9331014,2.1114912,0
1.0,0.94393736,2.1349068,0
1.0,0.93470204,2.075603,0
1.0,0.9466485,2.1464562,0
1.0,0.9382987,2.1324148,0
1.0,0.9453378,2.097569,0
1.0,0.93721914,2.084309,0
1.0,0.945844,2.1676896,0
1.0,0.9350391,2.15027,0
1.0,0.94562304,2.1676736,0
1.0,0.93971485,2.1448941,0
1.0,0.9466399,2.2007143,0
1.0,0.93834066,2.2235942,0
1.0,0.9369118,2.2055042,0
1.0,0.93659383,2.1720161,0
1.0,0.94149464,2.115993,0
1.0,0.9371249,2.0697699,0
1.0,0.9359447,2.1048684,0
1.0,0.93160516,2.1026282,0
1.0,0.9328259,2.0842872,0
1.0,0.92891073,2.0409908,0
1.0,0.9242218,1.9661525,0
1.0,0.9202268,1.9429069,0
1.0,0.9147634,1.9631132,0
1.0,0.90881276,1.9130359,0
1.0,0.9036047,1.8475361,0
1.0,0.9088048,1.8684539,0
1.0,0.9098021,1.8761954,0
1.0,0.9109488,1.8913109,0
1.0,0.9137133,1.9768131,0
1.0,0.9183434,2.0701766,0
1.0,0.92292464,2.0670667,0
1.0,0.9256902,2.0433035,0
1.0,0.9214785,2.0293107,0
1.0,0.92352057,2.0206556,0
1.0,0.92110336,1.9436083,0
1.0,0.92490774,1.9121122,0
1.0,0.9176474,1.9355903,0
1.0,0.9173244,1.9485165,0
1.0,0.9112628,1.8447886,0
1.0,0.92009914,1.8152258,0
1.0,0.91403776,1.7880046,0
1.0,0.9211476,1.8196752,0
1.0,0.92212254,1.8321607,0
1.0,0.9345374,1.8314085,0
1.0,0.92722905,1.8171222,0
1.0,0.9357157,1.8493807,0
1.0,0.92911243,1.8144295,0
1.0,0.92970365,1.8590555,0
1.0,0.91512096,1.8287854,0
1.0,0.9202893,1.8047092,0
1.0,0.9160259,1.8026707,0
1.0,0.92307204,1.8043377,0
1.0,0.91193974,1.7746452,0
1.0,0.9173084,1.793112,0
1.0,0.9072194,1.7272102,0
1.0,0.9146422,1.7556539,0
1.0,0.8981779,1.6882825,0
1.0,0.90613556,1.6479435,0
1.0,0.89269626,1.6220094,0
1.0,0.8969987,1.6502166,0
1.0,0.8825661,1.5388017,0
1.0,0.90165544,1.5011182,0
1.0,0.891359,1.4633603,0
1.0,0.89950323,1.4641396,0
1.0,0.8844054,1.4075613,0
1.0,0.8958854,1.456556,0
1.0,0.88072217,1.4715716,0
1.0,0.8753554,1.4669085,0
1.0,0.86683065,1.4086046,0
1.0,0.8782313,1.403132,0
1.0,0.8732659,1.4103276,0
1.0,0.8747622,1.4314111,0
1.0,0.8825463,1.4471262,0
1.0,0.8809522,1.4675908,0
1.0,0.8808494,1.4895031,0
1.0,0.87342536,1.4386129,0
1.0,0.88393366,1.4231275,0
1.0,0.8848151,1.4087534,0
1.0,0.89155984,1.4219177,0
1.0,0.8825217,1.3671694,0
1.0,0.89791024,1.3455157,0
1.0,0.8856738,1.3036721,0
1.0,0.8951849,1.3271642,0
1.0,0.87902117,1.2924554,0
1.0,0.8876317,1.3450655,0
1.0,0.855668,1.3553962,0
1.0,0.8813622,1.4492072,0
1.0,0.86894315,1.363482,0
1.0,0.8969573,1.4087063,0
1.0,0.8850397,1.4200928,0
1.0,0.91073924,1.4622536,0
1.0,0.89848804,1.4338987,0
1.0,0.92155224,1.5243208,0
1.0,0.8989124,1.4468079,0
1.0,0.9192996,1.4984473,0
1.0,0.90140545,1.5008883,0
1.0,0.91084623,1.5418094,0
1.0,0.89798194,1.4694936,0
1.0,0.9183863,1.4508058,0
1.0,0.9119389,1.4288827,0
1.0,0.9196077,1.4846903,0
1.0,0.91019833,1.5075686,0
1.0,0.9196472,1.5019385,0
1.0,0.9147135,1.4837914,0
1.0,0.90996134,1.5512497,0
1.0,0.9068679,1.5288554,0
1.0,0.91497034,1.5039114,0
1.0,0.9244666,1.5517704,0
1.0,0.9268758,1.58583,0
1.0,0.928558,1.6199255,0
1.0,0.9300371,1.6845123,0
1.0,0.93302816,1.7059879,0
1.0,0.9294372,1.6852171,0
1.0,0.9247958,1.6751063,0
1.0,0.9230014,1.66157,0
1.0,0.9218886,1.6707149,0
1.0,0.91611606,1.6603665,0
1.0,0.9147345,1.562324,0
1.0,0.91661376,1.4891284,0
1.0,0.91894644,1.5082577,0
1.0,0.9173516,1.5363743,0
1.0,0.9159026,1.5229932,0
1.0,0.9187901,1.5529764,0
1.0,0.9216464,1.5439353,0
1.0,0.9203229,1.5109229,0
1.0,0.91269785,1.5612893,0
1.0,0.91328186,1.6251225,0
1.0,0.9130871,1.6162093,0
1.0,0.91458875,1.6137129,0
1.0,0.9061064,1.6551797,0
1.0,0.91024274,1.7283231,0
1.0,0.9059605,1.7241952,0
1.0,0.9128987,1.7138784,0
1.0,0.9020342,1.6323304,0
1.0,0.90548706,1.6908857,0
1.0,0.89761174,1.6987952,0
1.0,0.90953255,1.6342357,0
1.0,0.8995346,1.5768796,0
1.0,0.9064602,1.5936165,0
1.0,0.9007444,1.5926011,0
1.0,0.9046523,1.6225669,0
1.0,0.898922,1.6035976,0
1.0,0.9061011,1.5885347,0
1.0,0.902168,1.5601374,0
1.0,0.9052326,1.6014553,0
1.0,0.8974309,1.643002,0
1.0,0.89487237,1.6918298,0
1.0,0.89216524,1.6962662,0
1.0,0.89795256,1.6677129,0
1.0,0.89646554,1.6984552,0
1.0,0.9040257,1.817368,0
1.0,0.9049615,1.8158822,0
1.0,0.91754323,1.8447161,0
1.0,0.9140755,1.8958083,0
1.0,0.9194636,1.9129599,0
1.0,0.91429937,1.9209337,0
1.0,0.9171991,1.9377345,0
1.0,0.90743446,1.8555082,0
1.0,0.9159597,1.8323182,0
1.0,0.906796,1.7858984,0
1.0,0.9118052,1.8138745,0
1.0,0.89649963,1.7309713,0
1.0,0.9052255,1.6764297,0
1.0,0.9005233,1.687656,0
1.0,0.9031969,1.7738287,0
1.0,0.8923322,1.8165737,0
1.0,0.9145098,1.8880528,0
1.0,0.9195758,1.8605185,0
1.0,0.9256012,1.9014595,0
1.0,0.92387974,1.9884446,0
1.0,0.929982,2.0690303,0
1.0,0.9421064,2.1587927,0
1.0,0.9460661,2.1665473,0
1.0,0.94555444,2.1312873,0
1.0,0.94967765,2.1228583,0
1.0,0.9540319,2.1515384,0
1.0,0.9485943,2.1578557,0
1.0,0.9503078,2.1066775,0
1.0,0.9486361,2.04932,0
1.0,0.9524183,2.0911865,0
1.0,0.9485224,2.1548674,0
1.0,0.9492695,2.1553512,0
1.0,0.9480569,2.0854204,0
1.0,0.95444983,2.1956267,0
1.0,0.9527192,2.2654057,0
1.0,0.957283,2.2562337,0
1.0,0.9598593,2.290947,0
1.0,0.96485746,2.3014305,0
1.0,0.96370447,2.3629649,0
1.0,0.9660904,2.5041115,0
1.0,0.9635306,2.5814073,0
1.0,0.969215,2.6574686,0
1.0,0.9691403,2.6484284,0
1.0,0.96918195,2.6753082,0
1.0,0.96908295,2.7690227,0
1.0,0.96728265,2.812276,0
1.0,0.96660656,2.7698383,0
1.0,0.9656642,2.7055082,0
1.0,0.9647788,2.7156577,0
1.0,0.9645961,2.7681243,0
1.0,0.9633213,2.7615013,0
1.0,0.9582254,2.7418344,0
1.0,0.9607171,2.7511213,0
1.0,0.9603316,2.714087,0
1.0,0.96431977,2.8262713,0
1.0,0.9633459,2.9790058,0
1.0,0.9666058,3.0731018,0
1.0,0.9678435,3.135459,0
1.0,0.96918845,3.1960719,0
1.0,0.96761215,3.2609293,0
1.0,0.96980035,3.3212843,0
1.0,0.96987075,3.3055706,0
1.0,0.9711447,3.27417,0
1.0,0.9677793,3.3388722,0
1.0,0.9701718,3.4825094,0
1.0,0.96979964,3.4692483,0
1.0,0.97214377,3.415102,0
1.0,0.9710608,3.3754587,0
1.0,0.97097397,3.3520446,0
1.0,0.9714526,3.3953614,0
1.0,0.9702537,3.4099202,0
1.0,0.97076845,3.344628,0
1.0,0.97043365,3.3027234,0
1.0,0.9719829,3.358263,0
1.0,0.9724467,3.4789343,0
1.0,0.97163916,3.5328195,0
1.0,0.971323,3.520961,0
1.0,0.9728013,3.5190487,0
1.0,0.97307724,3.5701523,0
1.0,0.9731625,3.6885924,0
1.0,0.97452104,3.7303925,0
1.0,0.97515327,3.7968364,0
1.0,0.9754613,3.9081037,0
1.0,0.9748079,3.8635764,0
1.0,0.9740544,3.8183594,0
1.0,0.97383547,3.7926357,0
1.0,0.9736303,3.7311451,0
1.0,0.97517246,3.6750739,0
1.0,0.9750235,3.641777,0
1.0,0.9748513,3.6934392,0
1.0,0.9749185,3.6325798,0
1.0,0.9754297,3.5616539,0
1.0,0.97400624,3.5752082,0
1.0,0.9724574,3.6498213,0
1.0,0.9741237,3.7822208,0
1.0,0.9747668,3.7712085,0
1.0,0.97476757,3.6673295,0
1.0,0.9741805,3.6689506,0
1.0,0.9747192,3.7567174,0
1.0,0.9749247,3.845718,0
1.0,0.97715753,3.9507864,0
1.0,0.97556734,3.978163,0
1.0,0.9764938,3.920631,0
1.0,0.9758223,3.9111392,0
1.0,0.9749909,3.9403162,0
1.0,0.9730766,3.8842697,0
1.0,0.97397554,3.7811227,0
1.0,0.97401494,3.722948,0
1.0,0.9739871,3.7326348,0
1.0,0.97283,3.763123,0
1.0,0.9730407,3.713037,0
1.0,0.97386295,3.596752,0
1.0,0.97289896,3.6183062,0
1.0,0.9709972,3.6416109,0
1.0,0.97232234,3.60076,0
1.0,0.9762448,3.6799674,0
1.0,0.9767592,3.728382,0
1.0,0.9769258,3.7991238,0
1.0,0.975626,3.8598738,0
1.0,0.9750475,3.8813536,0
1.0,0.97570974,3.9027386,0
1.0,0.97456235,3.787819,0
1.0,0.9738559,3.8123505,0
1.0,0.9741489,3.9752994,0
1.0,0.97467434,4.020727,0
1.0,0.97492594,3.9706182,0
1.0,0.97538334,3.8290346,0
1.0,0.9749646,3.749404,0
1.0,0.9755687,3.7946131,0
1.0,0.97425294,3.7605333,0
1.0,0.9744888,3.7052095,0
1.0,0.97499293,3.7113366,0
1.0,0.9763057,3.6712787,0
1.0,0.97561014,3.7153819,0
1.0,0.97607625,3.8638499,0
1.0,0.97405595,3.8471394,0
1.0,0.97615916,3.7759995,0
1.0,0.97550696,3.7945764,0
1.0,0.97658837,3.9085755,0
1.0,0.9757171,4.000511,0
1.0,0.977472,4.043564,0
1.0,0.9776635,4.00007,0
1.0,0.97812384,4.0301237,0
1.0,0.97729367,4.196251,0
1.0,0.9771277,4.2040815,0
1.0,0.97732884,4.10326,0
1.0,0.97813076,4.116153,0
1.0,0.97750604,4.0940056,0
1.0,0.9770826,4.100499,0
1.0,0.97581315,4.0985427,0
1.0,0.97723615,3.9909997,0
1.0,0.9762449,3.9069915,0
1.0,0.9765869,3.9070077,0
1.0,0.9742803,3.9903584,0
1.0,0.9759235,4.0966687,0
1.0,0.97366434,4.0642643,0
1.0,0.9757186,4.051811,0
1.0,0.97527236,4.10497,0
1.0,0.97601503,4.292429,0
1.0,0.9764357,4.4148436,0
1.0,0.9782944,4.4365997,0
1.0,0.97763354,4.522895,0
1.0,0.9772949,4.5746756,0
1.0,0.97563976,4.5749054,0
1.0,0.9745213,4.6576138,0
1.0,0.97314507,4.5939956,0
1.0,0.973103,4.4479203,0
1.0,0.9706551,4.4954243,0
1.0,0.9697813,4.5911736,0
1.0,0.9700476,4.602399,0
1.0,0.9712956,4.5337543,0
1.0,0.97087944,4.4449058,0
1.0,0.97013456,4.49722,0
1.0,0.96955,4.6332436,0
1.0,0.96993667,4.667115,0
1.0,0.9707846,4.547532,0
1.0,0.97180295,4.5077686,0
1.0,0.9720224,4.6530495,0
1.0,0.97173744,4.7402997,0
1.0,0.9706287,4.8462477,0
1.0,0.970584,4.922244,0
1.0,0.9711221,4.9286375,0
1.0,0.9707069,5.0751286,0
1.0,0.9685333,5.199691,0
1.0,0.9667659,5.2385187,0
1.0,0.9669317,5.205881,0
1.0,0.96608645,5.079931,0
1.0,0.96228963,5.0430965,0
1.0,0.96053183,5.134276,0
1.0,0.9616523,5.1160803,0
1.0,0.9641103,5.009657,0
1.0,0.9619407,5.0502014,0
1.0,0.9611889,5.136222,0
1.0,0.9614996,5.1576414,0
1.0,0.9610702,5.18591,0
1.0,0.95873106,5.1729116,0
1.0,0.9592521,5.140459,0
1.0,0.95929885,5.189477,0
1.0,0.9582083,5.3568635,0
1.0,0.9561576,5.4006195,0
1.0,0.954145,5.357432,0
1.0,0.9561766,5.423226,0
1.0,0.9525955,5.4663277,0
1.0,0.949552,5.5294027,0
1.0,0.94919366,5.505909,0
1.0,0.95073664,5.367758,0
1.0,0.94843554,5.3187623,0
1.0,0.9476928,5.384781,0
1.0,0.9497944,5.408159,0
1.0,0.95398223,5.359885,0
1.0,0.9540042,5.393364,0
1.0,0.9564923,5.3471184,0
1.0,0.95917773,5.3015957,0
1.0,0.9598872,5.3790455,0
1.0,0.95601463,5.3035603,0
1.0,0.9557809,5.231777,0
1.0,0.95931333,5.2947063,0
1.0,0.95959604,5.4020224,0
1.0,0.95914483,5.5204086,0
1.0,0.9598467,5.5280914,0
1.0,0.96194494,5.4315157,0
1.0,0.9623037,5.4755135,0
1.0,0.96121037,5.6209116,0
1.0,0.96150875,5.585737,0
1.0,0.96316296,5.492158,0
1.0,0.9624887,5.448312,0
1.0,0.9611802,5.43528,0
1.0,0.9601629,5.438826,0
1.0,0.95931214,5.406145,0
1.0,0.9595228,5.385283,0
1.0,0.9566087,5.239682,0
1.0,0.95636845,5.1633444,0
1.0,0.95615864,5.320866,0
1.0,0.95703274,5.3554764,0
1.0,0.95286465,5.321759,0
1.0,0.9550811,5.380436,0
1.0,0.95537466,5.4191675,0
1.0,0.9562489,5.5862045,0
1.0,0.95289594,5.6561823,0
1.0,0.95332336,5.639821,0
1.0,0.954247,5.7767406,0
1.0,0.95355225,5.925022,0
1.0,0.94712335,5.8801827,0
1.0,0.9463347,5.852872,0
1.0,0.94824624,5.8128996,0
1.0,0.9483714,5.7515883,0
1.0,0.94137037,5.7570205,0
1.0,0.9404738,5.763277,0
1.0,0.94328713,5.7339,0
1.0,0.94257414,5.6566544,0
1.0,0.93769914,5.5894585,0
1.0,0.93739384,5.6594973,0
1.0,0.93577456,5.7877192,0
1.0,0.9353888,5.808678,0
1.0,0.9320922,5.701144,0
1.0,0.9346436,5.7527666,0
1.0,0.93565947,5.867133,0
1.0,0.9320574,5.9476085,0
1.0,0.92877793,5.996442,0
1.0,0.9291917,6.0505943,0
1.0,0.9318146,6.1434727,0
1.0,0.9246703,6.1840105,0
1.0,0.91937596,6.3128386,0
1.0,0.91949457,6.335429,0
1.0,0.9239644,6.2167597,0
1.0,0.9191088,6.222804,0
1.0,0.9161025,6.244024,0
1.0,0.91966134,6.288344,0
1.0,0.9270858,6.2852087,0
1.0,0.9229907,6.100337,0
1.0,0.92171437,6.1505466,0
1.0,0.92318964,6.2674017,0
1.0,0.92316103,6.1706347,0
1.0,0.919379,6.050829,0
1.0,0.91775525,5.999209,0
1.0,0.917786,6.0055304,0
1.0,0.92000264,6.1805053,0
1.0,0.914997,6.3941956,0
1.0,0.91708195,6.4158187,0
1.0,0.9175711,6.426208,0
1.0,0.9218916,6.5456533,0
1.0,0.91537267,6.621633,0
1.0,0.91264015,6.6820087,0
1.0,0.91370416,6.590334,0
1.0,0.9175563,6.48932,0
1.0,0.9132789,6.530261,0
1.0,0.9126796,6.6207075,0
1.0,0.9139305,6.5733128,0
1.0,0.9204349,6.517296,0
1.0,0.9159463,6.4258857,0
1.0,0.9181718,6.385134,0
1.0,0.9151537,6.435894,0
1.0,0.9193613,6.509869,0
1.0,0.91302866,6.4213614,0
1.0,0.9159626,6.351528,0
1.0,0.9142519,6.430686,0
1.0,0.91341096,6.6537757,0
1.0,0.90670687,6.679365,0
1.0,0.906933,6.669399,0
1.0,0.9096539,6.6415496,0
1.0,0.90798455,6.688665,0
1.0,0.90065914,6.889989,0
1.0,0.90104914,6.9123144,0
1.0,0.9043151,6.830946,0
1.0,0.90376973,6.910142,0
1.0,0.89878464,6.960006,0
1.0,0.8979832,6.982029,0
1.0,0.90276647,7.1181016,0
1.0,0.899614,7.0268087,0
1.0,0.8980012,6.727046,0
1.0,0.895997,6.747488,0
1.0,0.89800227,6.8696027,0
1.0,0.8965403,6.817551,0
1.0,0.89615935,6.853483,0
1.0,0.89742714,6.8433266,0
1.0,0.8981088,7.003216,0
1.0,0.8940499,7.275452,0
1.0,0.88867474,7.2586575,0
1.0,0.8860787,7.1855855,0
1.0,0.88868994,7.235606,0
1.0,0.8859402,7.3254747,0
1.0,0.88489795,7.3589783,0
1.0,0.88729036,7.320648,0
1.0,0.8886755,7.250651,0
1.0,0.8875517,7.2132215,0
1.0,0.8856949,7.234289,0
1.0,0.88855606,7.3047647,0
1.0,0.888845,7.2526464,0
1.0,0.8878968,7.012102,0
1.0,0.8883464,6.882056,0
1.0,0.8882434,6.9244833,0
1.0,0.8921918,6.995766,0
1.0,0.89518476,7.008493,0
1.0,0.89788103,6.8856316,0
1.0,0.9046589,6.845887,0
1.0,0.906147,6.918149,0
1.0,0.9027458,6.863146,0
1.0,0.89986134,6.7527146,0
1.0,0.90275323,6.807761,0
1.0,0.90265507,6.762866,0
1.0,0.9008445,6.7699213,0
1.0,0.9018924,6.9598475,0
1.0,0.9040791,6.8757915,0
1.0,0.9069337,6.7420506,0
1.0,0.90626204,6.783065,0
1.0,0.90803766,6.7168584,0
1.0,0.91503197,6.711424,0
1.0,0.9195915,6.584305,0
1.0,0.9221341,6.302613,0
1.0,0.9230001,6.2164965,0
1.0,0.9240869,6.219049,0
1.0,0.9251284,6.2337704,0
1.0,0.92781085,6.1492596,0
1.0,0.92610765,6.088434,0
1.0,0.929969,6.1792603,0
1.0,0.9289754,6.1587048,0
1.0,0.92727405,6.182036,0
1.0,0.92674375,6.2123632,0
1.0,0.92955035,6.130167,0
1.0,0.9307401,6.1375318,0
1.0,0.92901236,6.2244687,0
1.0,0.92836595,6.24274,0
1.0,0.9302875,6.2095175,0
1.0,0.93232965,6.175515,0
1.0,0.93096703,6.1566653,0
1.0,0.92973864,6.141344,0
1.0,0.93217504,6.096683,0
1.0,0.93320596,5.971896,0
1.0,0.93295705,5.8719935,0
1.0,0.9325453,5.911209,0
1.0,0.9364494,5.8983707,0
1.0,0.94041866,5.8714085,0
1.0,0.9404016,5.8421135,0
1.0,0.94036406,5.702231,0
1.0,0.94196457,5.7737703,0
1.0,0.94175667,5.8468585,0
1.0,0.94005007,5.725658,0
1.0,0.9408278,5.6684237,0
1.0,0.94144803,5.5987873,0
1.0,0.9423381,5.618679,0
1.0,0.9414346,5.7483273,0
1.0,0.9435308,5.720882,0
1.0,0.9468956,5.6661224,0
1.0,0.95042276,5.683306,0
1.0,0.9499991,5.669271,0
1.0,0.9521803,5.6222806,0
1.0,0.9530999,5.5502415,0
1.0,0.9553836,5.495304,0
1.0,0.9558568,5.3661895,0
1.0,0.95662975,5.260451,0
1.0,0.959202,5.2489653,0
1.0,0.9611732,5.216302,0
1.0,0.96045345,5.106836,0
1.0,0.96285784,5.043517,0
1.0,0.9621979,5.023388,0
1.0,0.9625255,4.9640465,0
1.0,0.96139896,4.8547835,0
1.0,0.964172,4.7982063,0
1.0,0.9636923,4.801111,0
1.0,0.965647,4.897277,0
1.0,0.966209,4.90792,0
1.0,0.9687316,4.791987,0
1.0,0.9688478,4.6900644,0
1.0,0.9706259,4.6092234,0
1.0,0.9691131,4.538654,0
1.0,0.9709672,4.5169797,0
1.0,0.97036654,4.423031,0
1.0,0.97053987,4.3338065,0
1.0,0.96975905,4.2708626,0
1.0,0.96893334,4.231147,0
1.0,0.96791583,4.2029977,0
1.0,0.9656975,4.0976357,0
1.0,0.96527004,3.9079561,0
1.0,0.9653055,3.8831487,0
1.0,0.9647338,3.915803,0
1.0,0.96538436,3.7795043,0
1.0,0.9662546,3.7034926,0
1.0,0.9671829,3.6762261,0
1.0,0.96684957,3.6160707,0
1.0,0.9649634,3.597649,0
1.0,0.9682943,3.5390978,0
1.0,0.96610725,3.4616423,0
1.0,0.96628255,3.441034,0
1.0,0.9626033,3.37125,0
1.0,0.9621723,3.3406134,0
1.0,0.9596875,3.2778714,0
1.0,0.9583317,3.1497407,0
1.0,0.9545184,3.06031,0
1.0,0.9533501,2.9999838,0
1.0,0.9466569,2.8869746,0
1.0,0.94519645,2.773031,0
1.0,0.9373727,2.6062856,0
1.0,0.9376674,2.5745544,0
1.0,0.93501616,2.5966911,0
1.0,0.9358565,2.5420284,0
1.0,0.94046444,2.5052733,0
1.0,0.9390518,2.4676247,0
1.0,0.9391333,2.4444695,0
1.0,0.9351323,2.3886738,0
1.0,0.9377356,2.340799,0
1.0,0.93254864,2.277286,0
1.0,0.9273461,2.1912923,0
1.0,0.91954106,2.1521451,0
1.0,0.92191666,2.1647854,0
1.0,0.9102255,2.1182315,0
1.0,0.9080121,2.0158484,0
1.0,0.9046021,1.864946,0
1.0,0.91253453,1.8589187,0
1.0,0.9094101,1.8075798,0
1.0,0.91222346,1.7607863,0
1.0,0.91319776,1.7416937,0
1.0,0.9139879,1.6705647,0
1.0,0.9177797,1.6830062,0
1.0,0.9181129,1.7054343,0
1.0,0.9070426,1.6184092,0
1.0,0.9126242,1.5978192,0
1.0,0.9146025,1.5529208,0
1.0,0.9157635,1.5125821,0
1.0,0.908717,1.5179008,0
1.0,0.9055549,1.5105855,0
1.0,0.90907514,1.5166028,0
1.0,0.90482587,1.5261734,0
1.0,0.8999962,1.5139819,0
1.0,0.88458705,1.5108874,0
1.0,0.8851013,1.474245,0
1.0,0.88392824,1.3669381,0
1.0,0.8924279,1.3657632,0
1.0,0.8903782,1.3627373,0
1.0,0.8888959,1.3045746,0
1.0,0.8981624,1.2936053,0
1.0,0.897978,1.2850459,0
1.0,0.8989404,1.2682645,0
1.0,0.8960363,1.2654294,0
1.0,0.8940932,1.2670271,0
1.0,0.8796511,1.2295554,0
1.0,0.88386947,1.2212785,0
1.0,0.8703154,1.1600418,0
1.0,0.8727129,1.1992869,0
1.0,0.86929554,1.232785,0
1.0,0.8718139,1.2223452,0
1.0,0.8618494,1.2215614,0
1.0,0.85959095,1.2406087,0
1.0,0.8584134,1.2409796,0
1.0,0.8584818,1.275003,0
1.0,0.8439489,1.2210393,0
1.0,0.8418443,1.1661552,0
1.0,0.8442036,1.1597679,0
1.0,0.85401696,1.1710575,0
1.0,0.8440441,1.163836,0
1.0,0.85227597,1.1890217,0
1.0,0.8383657,1.1130561,0
1.0,0.8529741,1.1234581,0
1.0,0.8413961,1.1514916,0
1.0,0.84829193,1.1932912,0
1.0,0.8390175,1.1942363,0
1.0,0.8625575,1.1984904,0
1.0,0.8487716,1.1504252,0
1.0,0.8649895,1.2422907,0
1.0,0.8547322,1.2387478,0
1.0,0.8824456,1.3193102,0
1.0,0.86629087,1.3048646,0
1.0,0.8853134,1.3222837,0
1.0,0.8756717,1.3036114,0
1.0,0.89525545,1.3855374,0
1.0,0.87539864,1.349313,0
1.0,0.9010651,1.3614347,0
1.0,0.89867854,1.326761,0
1.0,0.91344506,1.3776511,0
1.0,0.89911944,1.3204012,0
1.0,0.9205832,1.3264111,0
1.0,0.9171505,1.2846001,0
1.0,0.92796767,1.2931645,0
1.0,0.9155458,1.2751249,0
1.0,0.93013173,1.3331382,0
1.0,0.9127172,1.265249,0
1.0,0.92197734,1.2403702,0
1.0,0.9155804,1.2431707,0
1.0,0.9303112,1.2898476,0
1.0,0.9151612,1.2761645,0
1.0,0.9199888,1.3285973,0
1.0,0.9154439,1.2965175,0
1.0,0.9221637,1.2989979,0
1.0,0.9123181,1.3498847,0
1.0,0.9034093,1.3273149,0
1.0,0.9025151,1.2366848,0
1.0,0.913196,1.2248753,0
1.0,0.9076781,1.1752734,0
1.0,0.89918315,1.145681,0
1.0,0.900861,1.1614017,0
1.0,0.90787435,1.1331656,0
1.0,0.8898436,1.0800402,0
1.0,0.8870461,1.0463307,0
1.0,0.8833633,1.0306418,0
1.0,0.8914256,1.0778768,0
1.0,0.8660655,1.0230931,0
1.0,0.8674677,1.0022354,0
1.0,0.86501175,0.9852793,0
1.0,0.8668987,1.0384321,0
1.0,0.8584067,1.0604644,0
1.0,0.8615221,1.0374073,0
1.0,0.8610289,1.0685658,0
1.0,0.8573677,1.0760175,0
1.0,0.8482614,1.052726,0
1.0,0.84396076,1.0649035,0
1.0,0.84738225,1.0496798,0
1.0,0.83545715,0.9753878,0
1.0,0.826842,0.9721302,0
1.0,0.8217993,0.9708072,0
1.0,0.8238739,0.93701553,0
1.0,0.8030502,0.89496976,0
1.0,0.7920931,0.87177634,0
1.0,0.79499686,0.8283487,0
1.0,0.80156803,0.8593851,0
1.0,0.7837464,0.8674879,0
1.0,0.7805202,0.8202043,0
1.0,0.77448565,0.81526864,0
1.0,0.787106,0.85851645,0
1.0,0.7624425,0.7974334,0
1.0,0.75217366,0.8062109,0
1.0,0.74861735,0.8366303,0
1.0,0.75946265,0.86227715,0
1.0,0.75629836,0.8837167,0
1.0,0.7588513,0.8981501,0
1.0,0.75351864,0.8960906,0
1.0,0.7609238,0.9142806,0
1.0,0.7571462,0.88439167,0
1.0,0.7603532,0.86437106,0
1.0,0.7613959,0.8488758,0
1.0,0.7716197,0.8604942,0
1.0,0.7764445,0.82985526,0
1.0,0.77303594,0.8007991,0
1.0,0.7871948,0.8322505,0
1.0,0.78631717,0.8040253,0
1.0,0.7982933,0.8298385,0
1.0,0.79021335,0.8434978,0
1.0,0.806676,0.89777607,0
1.0,0.81072026,0.9170857,0
1.0,0.82354385,0.9367633,0
1.0,0.82303053,0.9359845,0
1.0,0.8342557,0.9657361,0
1.0,0.82866275,0.9802598,0
1.0,0.8468501,1.0229627,0
1.0,0.8371638,0.98589706,0
1.0,0.8500421,1.0351682,0
1.0,0.83644956,1.0248971,0
1.0,0.84732354,1.0085782,0
1.0,0.8422747,0.9833206,0
1.0,0.8628803,1.0033401,0
1.0,0.8549698,0.97063965,0
1.0,0.8669934,1.0271037,0
1.0,0.86531395,1.0365306,0
1.0,0.8747718,1.0205177,0
1.0,0.8670614,0.9724567,0
1.0,0.8732036,0.97445494,0
1.0,0.86867285,1.0196455,0
1.0,0.88159376,1.0751894,0
1.0,0.8873996,1.0772815,0
1.0,0.89812446,1.1159143,0
1.0,0.89777976,1.2208946,0
1.0,0.9117995,1.3481714,0
1.0,0.91072124,1.3565928,0
1.0,0.9250848,1.3842547,0
1.0,0.92239976,1.3684206,0
1.0,0.93367285,1.3908975,0
1.0,0.9331193,1.4337063,0
1.0,0.9420006,1.4706172,0
1.0,0.9410656,1.4192581,0
1.0,0.9493568,1.3910608,0
1.0,0.9462224,1.3931663,0
1.0,0.9491074,1.4103807,0
1.0,0.94594395,1.4044774,0
1.0,0.9505325,1.395891,0
1.0,0.9484241,1.3777686,0
1.0,0.9520144,1.4465272,0
1.0,0.94313556,1.4789672,0
1.0,0.9497368,1.4705124,0
1.0,0.95050526,1.4395301,0
1.0,0.95435274,1.4552015,0
1.0,0.946555,1.4607451,0
1.0,0.952421,1.560302,0
1.0,0.9512316,1.5924313,0
1.0,0.9544763,1.5526915,0
1.0,0.9486664,1.5025214,0
1.0,0.95071226,1.5376643,0
1.0,0.9443088,1.5641994,0
1.0,0.9514234,1.5689988,0
1.0,0.942628,1.469218,0
1.0,0.94404393,1.4254506,0
1.0,0.93821234,1.4264221,0
1.0,0.9345466,1.406654,0
1.0,0.92186475,1.2584676,0
1.0,0.9327775,1.1788979,0
1.0,0.9322198,1.2116601,0
1.0,0.9359268,1.2783089,0
1.0,0.9297444,1.3595234,0
1.0,0.94376755,1.4317257,0
1.0,0.9451251,1.3965261,0
1.0,0.94537604,1.4314811,0
1.0,0.9441784,1.5322995,0
1.0,0.9541807,1.6089673,0
1.0,0.9525047,1.5855329,0
1.0,0.9518737,1.5721052,0
1.0,0.9470559,1.610414,0
1.0,0.9575876,1.7593933,0
1.0,0.9546086,1.812602,0
1.0,0.9608683,1.7362459,0
1.0,0.9581561,1.6612284,0
1.0,0.9665868,1.7096531,0
1.0,0.96262234,1.7607229,0
1.0,0.9627133,1.822705,0
1.0,0.96068543,1.829073,0
1.0,0.97106844,1.8058238,0
1.0,0.9699514,1.8404145,0
1.0,0.97080594,1.9243621,0
1.0,0.96659243,1.9799331,0
1.0,0.97337884,1.9922051,0
1.0,0.9720704,1.9434428,0
1.0,0.9717784,1.9751282,0
1.0,0.9697077,2.1212447,0
1.0,0.97323304,2.2055025,0
1.0,0.97456825,2.2493966,0
1.0,0.97632456,2.291117,0
1.0,0.9735478,2.335308,0
1.0,0.97394603,2.4063535,0
1.0,0.97305423,2.395936,0
1.0,0.9742198,2.370485,0
1.0,0.9710745,2.2763648,0
1.0,0.97079337,2.2640662,0
1.0,0.9672828,2.3459902,0
1.0,0.968019,2.350708,0
1.0,0.9665375,2.2774487,0
1.0,0.96966547,2.228097,0
1.0,0.96956694,2.2496996,0
1.0,0.96806437,2.3748858,0
1.0,0.9648498,2.3941667,0
1.0,0.96650755,2.3065042,0
1.0,0.9676962,2.2973213,0
1.0,0.9674115,2.3883462,0
1.0,0.96703535,2.4666631,0
1.0,0.9682054,2.4970593,0
1.0,0.9696312,2.462872,0
1.0,0.96966,2.4587998,0
1.0,0.9691384,2.535654,0
1.0,0.96796304,2.6246054,0
1.0,0.96687704,2.6148891,0
1.0,0.9657923,2.5369024,0
1.0,0.9666467,2.4955795,0
1.0,0.9665536,2.534019,0
1.0,0.9656005,2.60071,0
1.0,0.9687685,2.6071181,0
1.0,0.9699424,2.4547675,0
1.0,0.97217834,2.3952613,0
1.0,0.97263724,2.4508443,0
1.0,0.9722996,2.532136,0
1.0,0.97455704,2.5624778,0
1.0,0.97626776,2.5638442,0
1.0,0.97764707,2.5835993,0
1.0,0.97749966,2.6246424,0
1.0,0.97687566,2.7025175,0
1.0,0.9748218,2.7045302,0
1.0,0.97423106,2.6609473,0
1.0,0.9721,2.674253,0
1.0,0.96969295,2.7028606,0
1.0,0.9681746,2.7394707,0
1.0,0.96630234,2.7275748,0
1.0,0.96779877,2.6112053,0
1.0,0.966471,2.5244637,0
1.0,0.96599424,2.5647998,0
1.0,0.963935,2.550067,0
1.0,0.9641782,2.4538965,0
1.0,0.9654589,2.406597,0
1.0,0.9632413,2.3904216,0
1.0,0.96292657,2.3752248,0
1.0,0.95944667,2.3545141,0
1.0,0.96063226,2.2758129,0
1.0,0.95581806,2.156846,0
1.0,0.9562877,2.1905878,0
1.0,0.9515065,2.2770362,0
1.0,0.94979775,2.3236213,0
1.0,0.94255984,2.2793999,0
1.0,0.9441823,2.2429466,0
1.0,0.9379742,2.2135582,0
1.0,0.94301003,2.2593787,0
1.0,0.9301537,2.2539992,0
1.0,0.93689245,2.1876159,0
1.0,0.92719465,2.0427742,0
1.0,0.9333094,2.0581274,0
1.0,0.918594,1.9880867,0
1.0,0.92315036,1.9675515,0
1.0,0.91191655,1.9008404,0
1.0,0.92154586,1.8379601,0
1.0,0.9087771,1.8159906,0
1.0,0.9078542,1.8035796,0
1.0,0.89615554,1.6974434,0
1.0,0.90343165,1.7230356,0
1.0,0.8930246,1.6945516,0
1.0,0.891778,1.6862456,0
1.0,0.87758124,1.6919761,0
1.0,0.8748342,1.6894188,0
1.0,0.8722518,1.6140091,0
1.0,0.86832327,1.5701511,0
1.0,0.8598388,1.6233046,0
1.0,0.8738477,1.7080553,0
1.0,0.8728774,1.7026823,0
1.0,0.8790558,1.7360988,0
1.0,0.8714146,1.6725385,0
1.0,0.8731785,1.6473774,0
1.0,0.8778042,1.6284382,0
1.0,0.8795604,1.5384548,0
1.0,0.89158005,1.5125066,0
1.0,0.88904405,1.4815178,0
1.0,0.90403414,1.5486314,0
1.0,0.9201196,1.5912747,0
1.0,0.9266018,1.5775579,0
1.0,0.92076445,1.5901453,0
1.0,0.9316771,1.6127794,0
1.0,0.9400928,1.617607,0
1.0,0.94805586,1.6351206,0
1.0,0.9371295,1.5867982,0
1.0,0.944612,1.6221478,0
1.0,0.9498827,1.6451485,0
1.0,0.94853294,1.6780822,0
1.0,0.94256276,1.6793714,0
1.0,0.94657487,1.6122,0
1.0,0.9532117,1.5813652,0
1.0,0.9538228,1.5761927,0
1.0,0.949302,1.5358579,0
1.0,0.9535166,1.5318956,0
1.0,0.95417225,1.5383034,0
1.0,0.95956707,1.5570161,0
1.0,0.95159125,1.5423646,0
1.0,0.95032436,1.5509392,0
1.0,0.9522143,1.5172513,0
1.0,0.95581305,1.4555542,0
1.0,0.9492723,1.4659312,0
1.0,0.9458232,1.4444873,0
1.0,0.9415856,1.4321369,0
1.0,0.9518156,1.4730387,0
1.0,0.94778574,1.4656827,0
1.0,0.9418214,1.488119,0
1.0,0.9369063,1.5102127,0
1.0,0.9379037,1.5098357,0
1.0,0.93774015,1.4801942,0
1.0,0.92492235,1.3827869,0
1.0,0.9223153,1.3905596,0
1.0,0.9323803,1.4725144,0
1.0,0.93065834,1.4258444,0
1.0,0.92689884,1.3702254,0
1.0,0.92594224,1.3588498,0
1.0,0.935823,1.3694315,0
1.0,0.92962986,1.3416936,0
1.0,0.92503595,1.3135732,0
1.0,0.92280453,1.285531,0
1.0,0.93004346,1.2570283,0
1.0,0.92098504,1.2268682,0
1.0,0.91040164,1.2238556,0
1.0,0.907283,1.2353404,0
1.0,0.9107702,1.2551289,0
1.0,0.9020701,1.225134,0
1.0,0.8876678,1.198215,0
1.0,0.8781742,1.1755519,0
1.0,0.8676671,1.1054578,0
1.0,0.86297685,1.0801295,0
1.0,0.84658384,1.0540128,0
1.0,0.83885694,1.0621796,0
1.0,0.834298,1.0739236,0
1.0,0.82435155,1.001833,0
1.0,0.8168565,0.9628959,0
1.0,0.8189341,0.9379006,0
1.0,0.8208841,0.94832563,0
1.0,0.81935066,0.998011,0
1.0,0.81635153,1.0032303,0
1.0,0.81411827,0.97897947,0
1.0,0.82396483,0.9720036,0
1.0,0.81671053,0.97872853,0
1.0,0.79802835,0.9588232,0
1.0,0.8004851,0.9425262,0
1.0,0.8032413,0.9423991,0
1.0,0.7931441,0.92393947,0
1.0,0.7981853,0.95694226,0
1.0,0.80020916,1.0441568,0
1.0,0.80226165,1.068457,0
1.0,0.80242914,1.0648725,0
1.0,0.8216233,1.1238794,0
1.0,0.8274785,1.1362268,0
1.0,0.8317174,1.1403651,0
1.0,0.82921857,1.1453195,0
1.0,0.8436978,1.1642582,0
1.0,0.850602,1.1604404,0
1.0,0.8489973,1.1841667,0
1.0,0.85152656,1.2163422,0
1.0,0.8617858,1.2502842,0
1.0,0.8745709,1.3273132,0
1.0,0.88140815,1.3484219,0
1.0,0.87645996,1.3314831,0
1.0,0.8846905,1.3969303,0
1.0,0.8903104,1.4532411,0
1.0,0.8941957,1.4645698,0
1.0,0.89059794,1.4462551,0
1.0,0.88987523,1.4963846,0
1.0,0.9016166,1.5943474,0
1.0,0.8954989,1.5829968,0
1.0,0.8960412,1.541476,0
1.0,0.8969882,1.5081004,0
1.0,0.9109707,1.5711832,0
1.0,0.9119415,1.6289434,0
1.0,0.91852605,1.6408083,0
1.0,0.9194029,1.682306,0
1.0,0.93517786,1.7370783,0
1.0,0.93083936,1.680501,0
1.0,0.93258184,1.6860732,0
1.0,0.92260367,1.6740817,0
1.0,0.9350111,1.656714,0
1.0,0.93479246,1.641141,0
1.0,0.9304528,1.6626606,0
1.0,0.9273901,1.6809776,0
1.0,0.92974836,1.7072738,0
1.0,0.9251766,1.7173035,0
1.0,0.9242301,1.7053485,0
1.0,0.9150862,1.7006657,0
1.0,0.92023325,1.7754346,0
1.0,0.91227376,1.7495434,0
1.0,0.9107875,1.7137033,0
1.0,0.9055429,1.6916288,0
1.0,0.90831214,1.6418167,0
1.0,0.89872044,1.6328635,0
1.0,0.8981593,1.6720752,0
1.0,0.8888592,1.5791141,0
1.0,0.9016959,1.5467216,0
1.0,0.89501476,1.5021749,0
1.0,0.8956326,1.5112612,0
1.0,0.88432294,1.506171,0
1.0,0.89119697,1.4711151,0
1.0,0.8970264,1.4839542,0
1.0,0.8973867,1.5102612,0
1.0,0.89773613,1.5275314,0
1.0,0.9016023,1.5405908,0
1.0,0.9021152,1.500153,0
1.0,0.9022438,1.4852488,0
1.0,0.88604283,1.413674,0
1.0,0.88830286,1.4283062,0
1.0,0.8937355,1.4916562,0
1.0,0.8953165,1.4884564,0
1.0,0.88704,1.4389503,0
1.0,0.88805974,1.419718,0
1.0,0.8940326,1.4407201,0
1.0,0.8841766,1.3857898,0
1.0,0.8800686,1.2979802,0
1.0,0.8900782,1.2738668,0
1.0,0.9050184,1.2792132,0
1.0,0.9043562,1.3238784,0
1.0,0.90481013,1.3618015,0
1.0,0.9054773,1.3046035,0
1.0,0.9180892,1.2925856,0
1.0,0.91112167,1.2835205,0
1.0,0.90871423,1.273346,0
1.0,0.9040657,1.2805003,0
1.0,0.91431165,1.3079453,0
1.0,0.9006641,1.2331189,0
1.0,0.8930446,1.2242795,0
1.0,0.8890465,1.2544848,0
1.0,0.89629924,1.2838551,0
1.0,0.88928837,1.252872,0
1.0,0.9024645,1.1954546,0
1.0,0.9067276,1.1686982,0
1.0,0.91305006,1.1651585,0
1.0,0.90371364,1.1110933,0
1.0,0.91207975,1.1010841,0
1.0,0.9190141,1.0723236,0
1.0,0.91839427,1.0433791,0
1.0,0.91218376,1.0277543,0
1.0,0.91240305,1.0126638,0
1.0,0.90245944,0.957774,0
1.0,0.8984792,0.91073155,0
1.0,0.8945805,0.8935356,0
1.0,0.9013418,0.93155277,0
1.0,0.8940615,0.95992935,0
1.0,0.88776016,0.9445122,0
1.0,0.9019597,0.9497483,0
1.0,0.90362406,0.947307,0
1.0,0.90506417,0.992042,0
1.0,0.8885109,1.0186241,0
1.0,0.9045635,0.998268,0
1.0,0.9036755,0.93369305,0
1.0,0.9004468,0.9188094,0
1.0,0.88605165,0.8993567,0
1.0,0.8960714,0.90270257,0
1.0,0.88942707,0.8591436,0
1.0,0.9014544,0.8313812,0
1.0,0.89450395,0.7708393,0
1.0,0.9007284,0.7883579,0
1.0,0.8989332,0.78775537,0
1.0,0.8885302,0.7390717,0
1.0,0.8898314,0.7388992,0
1.0,0.8976468,0.7513974,0
1.0,0.920841,0.8093789,0
1.0,0.92249805,0.8301014,0
1.0,0.929836,0.81322086,0
1.0,0.93597543,0.80344075,0
1.0,0.93640894,0.8301173,0
1.0,0.92203426,0.8379273,0
1.0,0.93047106,0.85294414,0
1.0,0.92773247,0.8294759,0
1.0,0.9322605,0.8193776,0
1.0,0.9096807,0.77260685,0
1.0,0.91538274,0.77217597,0
1.0,0.90164757,0.7480713,0
1.0,0.9148786,0.72632396,0
1.0,0.88998973,0.61583436,0
1.0,0.89807683,0.60886514,0
1.0,0.8873351,0.59628975,0
1.0,0.9052456,0.6211789,0
1.0,0.8617515,0.52206516,0
1.0,0.86032313,0.45788223,0
1.0,0.8573641,0.4644902,0
1.0,0.89666855,0.54548806,0
1.0,0.8795926,0.5252864,0
1.0,0.86704093,0.51143193,0
1.0,0.8761256,0.52521265,0
1.0,0.8804401,0.529056,0
1.0,0.8616009,0.5362139,0
1.0,0.81502813,0.49098247,0
1.0,0.8290665,0.49068025,0
1.0,0.8270772,0.48858112,0
1.0,0.8378457,0.49875766,0
1.0,0.7865584,0.41512483,0
1.0,0.82389176,0.43335295,0
1.0,0.8486613,0.43186983,0
1.0,0.8775587,0.44931787,0
1.0,0.8423906,0.41482824,0
1.0,0.87749606,0.46032178,0
1.0,0.8689403,0.42267132,0
1.0,0.8840775,0.40255666,0
1.0,0.83698046,0.35487545,0
1.0,0.8692823,0.3773927,0
1.0,0.86413413,0.36167368,0
1.0,0.8689978,0.39359882,0
1.0,0.8032008,0.33522838,0
1.0,0.8373058,0.35826215,0
1.0,0.81793773,0.34466794,0
1.0,0.7879887,0.3134969,0
1.0,0.7309368,0.26757655,0
1.0,0.74831057,0.27882028,0
1.0,0.72069687,0.26412654,0
1.0,0.6930987,0.24312471,0
1.0,0.6265987,0.19998035,0
1.0,0.64050967,0.18997955,0
1.0,0.6459808,0.17027177,0
1.0,0.5999527,0.1492624,0
1.0,0.54957753,0.1252341,0
1.0,0.55778486,0.11821384,0
1.0,0.5236,0.11426238,0
1.0,0.470105,0.09970623,0
1.0,0.45683086,0.09832901,0
1.0,0.45084715,0.09812266,0
1.0,0.44345564,0.09514631,0
1.0,0.43083012,0.09677913,0
1.0,0.47776318,0.086628154,0
1.0,0.47599232,0.0873359,0
1.0,0.47196862,0.09657222,0
1.0,0.47117057,0.099193335,0
1.0,0.49696505,0.09749744,0
1.0,0.48746127,0.09768254,0
1.0,0.47252032,0.0975098,0
1.0,0.50596476,0.096463695,0
1.0,0.5085832,0.0929267,0
1.0,0.5113445,0.09663589,0
1.0,0.49137887,0.096584685,0
1.0,0.5317706,0.08064103,0
1.0,0.55042744,0.06347845,0
1.0,0.5683327,0.06323497,0
1.0,0.5461537,0.06186627,0
1.0,0.62029,0.06672005,0
1.0,0.65245944,0.07133314,0
1.0,0.663799,0.07515673,0
1.0,0.62065125,0.06527349,0
1.0,0.67321515,0.079826474,0
1.0,0.60458237,0.06673649,0
1.0,0.6115913,0.07264753,0
1.0,0.5828473,0.06839761,0
1.0,0.629324,0.08074733,0
1.0,0.55639625,0.07185892,0
1.0,0.55278736,0.06924735,0
1.0,0.54353666,0.07062146,0
1.0,0.5957802,0.07453781,0
1.0,0.6286347,0.08752439,0
1.0,0.61312455,0.09131131,0
1.0,0.6302363,0.08918995,0
1.0,0.654613,0.092878744,0
1.0,0.66378856,0.0921604,0
1.0,0.6150862,0.10363604,0
1.0,0.60852826,0.10225336,0
1.0,0.5964279,0.10033129,0
1.0,0.61459106,0.095009446,0
1.0,0.52706385,0.10548996,0
1.0,0.56093514,0.0989556,0
1.0,0.5321867,0.10411223,0
1.0,0.59843326,0.09339121,0
1.0,0.53902626,0.099654436,0
1.0,0.5760907,0.0965139,0
1.0,0.56678134,0.100759655,0
1.0,0.6403533,0.09343108,0
1.0,0.5611763,0.102514744,0
1.0,0.5918622,0.09818107,0
1.0,0.5955116,0.09632107,0
1.0,0.6748413,0.0828968,0
1.0,0.6051669,0.090137735,0
1.0,0.60938,0.08827245,0
1.0,0.58379614,0.09265887,0
1.0,0.56590277,0.10966501,0
1.0,0.5366842,0.13414848,0
1.0,0.5067479,0.15478326,0
1.0,0.51717454,0.14147328,0
1.0,0.52067333,0.14002717,0
1.0,0.5340333,0.13417596,0
1.0,0.5481376,0.1270845,0
1.0,0.57493347,0.11339204,0
1.0,0.5964918,0.09599573,0
1.0,0.6063064,0.09101976,0
1.0,0.61893004,0.088027276,0
1.0,0.62163347,0.08821808,0
1.0,0.61411303,0.092291676,0
1.0,0.5515301,0.11042589,0
1.0,0.5812357,0.09368561,0
1.0,0.61013603,0.08498857,0
1.0,0.65518403,0.08245526,0
1.0,0.5819512,0.10540502,0
1.0,0.5948928,0.10121596,0
1.0,0.5703858,0.12934604,0
1.0,0.6038309,0.11722402,0
1.0,0.5360281,0.15069133,0
1.0,0.5592743,0.14194413,0
1.0,0.5425489,0.14848034,0
1.0,0.5773146,0.1301699,0
1.0,0.4843221,0.18826883,0
1.0,0.5238884,0.17211807,0
1.0,0.48669496,0.19622272,0
1.0,0.54145795,0.15015338,0
1.0,0.44151786,0.21237102,0
1.0,0.47248018,0.18773624,0
1.0,0.451916,0.20334765,0
1.0,0.47764271,0.16983509,0
1.0,0.42787242,0.17914352,0
1.0,0.42952633,0.17107835,0
1.0,0.42892534,0.17350495,0
1.0,0.43844736,0.1715229,0
1.0,0.4329241,0.17612064,0
1.0,0.41542563,0.19884807,0
1.0,0.41997972,0.21264161,0
1.0,0.45304844,0.19767536,0
1.0,0.5031428,0.1687969,0
1.0,0.47319072,0.18689522,0
1.0,0.54400426,0.13983864,0
1.0,0.5884921,0.1192396,0
1.0,0.61708826,0.0945915,0
1.0,0.5731829,0.1135135,0
1.0,0.6519488,0.08787894,0
1.0,0.66004944,0.081330314,0
1.0,0.6362374,0.08619358,0
1.0,0.5798502,0.10297267,0
1.0,0.6809562,0.066319816,0
1.0,0.6704798,0.06590001,0
1.0,0.6608965,0.06762232,0
1.0,0.5878376,0.076848075,0
1.0,0.6760439,0.061732978,0
1.0,0.67952186,0.06624261,0
1.0,0.71263266,0.071437374,0
1.0,0.6618356,0.07263905,0
1.0,0.7470729,0.070804566,0
1.0,0.75003546,0.07608469,0
1.0,0.80194056,0.07256843,0
1.0,0.7372171,0.06714358,0
1.0,0.7795371,0.07157034,0
1.0,0.73634857,0.068597406,0
1.0,0.76697284,0.07777088,0
1.0,0.7116082,0.074966356,0
1.0,0.72344446,0.07828998,0
1.0,0.7128093,0.091095045,0
1.0,0.7937747,0.12246403,0
1.0,0.78189725,0.13779084,0
1.0,0.78849727,0.14262024,0
1.0,0.8052055,0.14917207,0
1.0,0.8802501,0.20078442,0
1.0,0.8227385,0.16841713,0
1.0,0.8134761,0.16338062,0
1.0,0.8445249,0.19454941,0
1.0,0.8966568,0.24097247,0
1.0,0.86323875,0.22851907,0
1.0,0.8574305,0.22563747,0
1.0,0.85078686,0.21271554,0
1.0,0.88442385,0.24468865,0
1.0,0.8300932,0.206081,0
1.0,0.80021936,0.19181016,0
1.0,0.814142,0.2172802,0
1.0,0.84135306,0.25726998,0
1.0,0.85968405,0.29886556,0
1.0,0.8659049,0.32638794,0
1.0,0.86447674,0.34958822,0
1.0,0.9014099,0.41968083,0
1.0,0.90679324,0.45997036,0
1.0,0.9039335,0.4659569,0
1.0,0.88392675,0.45906326,0
1.0,0.89786285,0.5162661,0
1.0,0.8869469,0.52324176,0
1.0,0.8824264,0.54911387,0
1.0,0.86395204,0.5341611,0
1.0,0.88014555,0.544715,0
1.0,0.9058614,0.5937021,0
1.0,0.905107,0.6116245,0
1.0,0.8733246,0.5674882,0
1.0,0.89409554,0.58705664,0
1.0,0.89897275,0.58177686,0
1.0,0.89945036,0.6320813,0
1.0,0.890303,0.6781825,0
1.0,0.89691556,0.688036,0
1.0,0.9142018,0.71994066,0
1.0,0.9209469,0.81205904,0
1.0,0.9073343,0.8442097,0
1.0,0.9110647,0.8894539,0
1.0,0.9125378,0.92345893,0
1.0,0.9056823,0.9302741,0
1.0,0.899162,0.9579047,0
1.0,0.8957011,1.0162256,0
1.0,0.89449376,1.0941205,0
1.0,0.9059003,1.1505806,0
1.0,0.908335,1.1509576,0
1.0,0.91490114,1.1666188,0
1.0,0.9237681,1.1940482,0
1.0,0.9248018,1.208369,0
1.0,0.93527794,1.2352765,0
1.0,0.9289291,1.2279843,0
1.0,0.9335203,1.2689081,0
1.0,0.9264572,1.285826,0
1.0,0.93078554,1.3180394,0
1.0,0.91702425,1.3361042,0
1.0,0.9271393,1.4089563,0
1.0,0.9198181,1.4255633,0
1.0,0.9222572,1.4938877,0
1.0,0.90885144,1.5444677,0
1.0,0.91767997,1.6179698,0
1.0,0.91096705,1.6153548,0
1.0,0.9181838,1.6884599,0
1.0,0.9044212,1.7512407,0
1.0,0.9076375,1.8593478,0
1.0,0.9099958,1.8652469,0
1.0,0.92012274,1.8367198,0
1.0,0.91415507,1.8683441,0
1.0,0.9231989,1.9987441,0
1.0,0.9171417,1.9449198,0
1.0,0.93610454,1.9721375,0
1.0,0.9283456,1.9777789,0
1.0,0.93648297,2.0435157,0
1.0,0.93434244,2.1290483,0
1.0,0.9367218,2.2180786,0
1.0,0.93026316,2.192956,0
1.0,0.93256325,2.1650596,0
1.0,0.93633926,2.2250333,0
1.0,0.94252616,2.3548493,0
1.0,0.9492009,2.4694216,0
1.0,0.95483464,2.5669212,0
1.0,0.95869094,2.6548903,0
1.0,0.96165013,2.7480943,0
1.0,0.9628375,2.8220212,0
1.0,0.9638092,2.8076062,0
1.0,0.9651358,2.8116345,0
1.0,0.96704423,2.8701503,0
1.0,0.96780306,2.889088,0
1.0,0.9703016,2.9521902,0
1.0,0.9706407,2.9797,0
1.0,0.9735337,2.9589796,0
1.0,0.97318923,2.9246373,0
1.0,0.973853,2.9237404,0
1.0,0.97096,2.989572,0
1.0,0.9721504,3.0075996,0
1.0,0.9695202,2.9658792,0
1.0,0.970983,2.9801922,0
1.0,0.9686998,3.019445,0
1.0,0.96980727,3.1192148,0
1.0,0.96841943,3.1231122,0
1.0,0.96936226,3.0560718,0
1.0,0.96810347,3.114046,0
1.0,0.9694494,3.1627703,0
1.0,0.96764207,3.152332,0
1.0,0.9667986,3.1623187,0
1.0,0.9652843,3.1300402,0
1.0,0.96678245,3.0910225,0
1.0,0.9637197,3.0847895,0
1.0,0.96264744,3.0850024,0
1.0,0.9613814,3.0255766,0
1.0,0.962476,2.9480615,0
1.0,0.95874465,2.9061747,0
1.0,0.9583594,2.9242554,0
1.0,0.95743185,2.946509,0
1.0,0.9609024,2.9017231,0
1.0,0.9607605,2.8473177,0
1.0,0.959637,2.9386005,0
1.0,0.9615856,3.0141788,0
1.0,0.9614254,2.995103,0
1.0,0.9625704,2.9872227,0
1.0,0.958942,2.9372938,0
1.0,0.9618207,2.9530559,0
1.0,0.9605502,3.0360737,0
1.0,0.96284777,3.0991778,0
1.0,0.96095645,3.090221,0
1.0,0.962661,3.0872335,0
1.0,0.96131384,3.0958347,0
1.0,0.96273804,3.0989568,0
1.0,0.96001136,3.0282574,0
1.0,0.9611606,2.9841032,0
1.0,0.9600975,2.9465368,0
1.0,0.96121097,2.9617193,0
1.0,0.9597428,3.0003805,0
1.0,0.9618426,2.94102,0
1.0,0.9615242,2.925455,0
1.0,0.96409166,3.019246,0
1.0,0.9605753,3.0027366,0
1.0,0.96179426,3.0196414,0
1.0,0.96437234,3.024501,0
1.0,0.9632876,3.0442324,0
1.0,0.96254426,3.1142983,0
1.0,0.9604722,3.136779,0
1.0,0.9637356,3.2069168,0
1.0,0.95685476,3.1783576,0
1.0,0.95533365,3.1097267,0
1.0,0.9513045,3.0477934,0
1.0,0.95501107,3.0472279,0
1.0,0.94868094,3.0379035,0
1.0,0.94799966,2.9530158,0
1.0,0.9414361,2.858,0
1.0,0.9464899,2.896493,0
1.0,0.94064003,2.8787258,0
1.0,0.9378129,2.854182,0
1.0,0.93631405,2.833979,0
1.0,0.9411129,2.8017669,0
1.0,0.9351687,2.7751124,0
1.0,0.93612987,2.7957935,0
1.0,0.93549174,2.763127,0
1.0,0.9415777,2.771526,0
1.0,0.934838,2.7843897,0
1.0,0.9383575,2.8441043,0
1.0,0.9366974,2.8625274,0
1.0,0.94063705,2.8642612,0
1.0,0.93612814,2.8130121,0
1.0,0.9358803,2.786891,0
1.0,0.935221,2.9032242,0
1.0,0.9431561,2.9844184,0
1.0,0.94272816,2.8762476,0
1.0,0.94884866,2.8769813,0
1.0,0.9480621,2.8331475,0
1.0,0.95265377,2.808518,0
1.0,0.9485857,2.747736,0
1.0,0.9544863,2.6947007,0
1.0,0.9540153,2.7275167,0
1.0,0.95896614,2.733572,0
1.0,0.95226324,2.7189212,0
1.0,0.9596666,2.7847629,0
1.0,0.95482135,2.7573714,0
1.0,0.95963466,2.7943208,0
1.0,0.95395035,2.8046675,0
1.0,0.961018,2.8711915,0
1.0,0.9562569,2.8474998,0
1.0,0.9595324,2.7995658,0
1.0,0.95387775,2.7645879,0
1.0,0.96079546,2.800193,0
1.0,0.9568563,2.8194003,0
1.0,0.96281296,2.7944818,0
1.0,0.9589745,2.7153604,0
1.0,0.9650322,2.6899834,0
1.0,0.9604229,2.6256394,0
1.0,0.9570874,2.5890474,0
1.0,0.9548927,2.5330138,0
1.0,0.9545197,2.482585,0
1.0,0.95277184,2.4688573,0
1.0,0.9480581,2.4787564,0
1.0,0.9454265,2.5041132,0
1.0,0.9421995,2.4662833,0
1.0,0.93764967,2.400239,0
1.0,0.93488634,2.3940501,0
1.0,0.93890685,2.4477544,0
1.0,0.9373145,2.4830122,0
1.0,0.94214135,2.49463,0
1.0,0.9377629,2.5177193,0
1.0,0.94408673,2.5934277,0
1.0,0.9373154,2.5674806,0
1.0,0.94547117,2.5478668,0
1.0,0.9385898,2.4677463,0
1.0,0.9449935,2.4102507,0
1.0,0.93825513,2.2996502,0
1.0,0.94135916,2.262951,0
1.0,0.93092644,2.2184615,0
1.0,0.94166756,2.227664,0
1.0,0.93136346,2.1529183,0
1.0,0.94079596,2.180739,0
1.0,0.93128,2.1786752,0
1.0,0.9325843,2.1651723,0
1.0,0.922352,2.0924485,0
1.0,0.92545843,2.0636458,0
1.0,0.9185687,2.0642986,0
1.0,0.9233996,2.1318507,0
1.0,0.9190622,2.1787863,0
1.0,0.9270104,2.2163901,0
1.0,0.9176902,2.1504912,0
1.0,0.92425656,2.1299198,0
1.0,0.9144045,2.0905087,0
1.0,0.9235602,2.118806,0
1.0,0.9170326,2.0560994,0
1.0,0.9178932,2.0401394,0
1.0,0.9147555,2.097561,0
1.0,0.9146797,2.0651526,0
1.0,0.9120623,1.9807345,0
1.0,0.91190124,1.9314641,0
1.0,0.90831757,1.8474867,0
1.0,0.91806614,1.8424097,0
1.0,0.91204643,1.782783,0
1.0,0.9088924,1.762428,0
1.0,0.9084376,1.7963986,0
1.0,0.91296476,1.8161361,0
1.0,0.9196218,1.8657527,0
1.0,0.919198,1.9097714,0
1.0,0.91890454,1.9746351,0
1.0,0.9237351,2.0485272,0
1.0,0.9273487,2.0898676,0
1.0,0.93118757,2.1134052,0
1.0,0.9266853,2.127572,0
1.0,0.9313346,2.1819973,0
1.0,0.93321574,2.1758451,0
1.0,0.93338174,2.143947,0
1.0,0.9327218,2.119748,0
1.0,0.9329454,2.0998397,0
1.0,0.93257797,2.103634,0
1.0,0.93458366,2.065774,0
1.0,0.9308052,2.0204382,0
1.0,0.9361174,2.0778742,0
1.0,0.93502223,2.152029,0
1.0,0.93685675,2.219892,0
1.0,0.9307476,2.1737661,0
1.0,0.9310887,2.1648345,0
1.0,0.93781996,2.3254364,0
1.0,0.94207627,2.3697882,0
1.0,0.9425168,2.297965,0
1.0,0.94593805,2.2892723,0
1.0,0.945979,2.3296778,0
1.0,0.94924265,2.3733788,0
1.0,0.9460495,2.3907924,0
1.0,0.9498085,2.47159,0
1.0,0.94885665,2.49252,0
1.0,0.9486802,2.4697697,0
1.0,0.94599384,2.4602878,0
1.0,0.94589794,2.4277058,0
1.0,0.9450436,2.4247148,0
1.0,0.94680417,2.4278564,0
1.0,0.9426027,2.3441396,0
1.0,0.9426755,2.3291497,0
1.0,0.9405512,2.3425374,0
1.0,0.9412059,2.3133025,0
1.0,0.9379838,2.3178,0
1.0,0.9380434,2.3420453,0
1.0,0.93570715,2.3572912,0
1.0,0.9392262,2.429098,0
1.0,0.9394882,2.4813275,0
1.0,0.94156206,2.5083249,0
1.0,0.93685186,2.464076,0
1.0,0.9373048,2.4547694,0
1.0,0.93284225,2.4765167,0
1.0,0.9336051,2.4606385,0
1.0,0.92937636,2.3715339,0
1.0,0.9299594,2.3238606,0
1.0,0.9266037,2.343745,0
1.0,0.9177113,2.3289852,0
1.0,0.9160432,2.2297516,0
1.0,0.91458035,2.1948996,0
1.0,0.92085665,2.2115002,0
1.0,0.9188478,2.2011452,0
1.0,0.91916466,2.2142985,0
1.0,0.9205098,2.2447379,0
1.0,0.93071204,2.2650237,0
1.0,0.934771,2.2333574,0
1.0,0.935392,2.2563128,0
1.0,0.9341882,2.2832928,0
1.0,0.93654656,2.2883956,0
1.0,0.9401599,2.3044615,0
1.0,0.94124174,2.2761078,0
1.0,0.9358421,2.2680945,0
1.0,0.93890464,2.356317,0
1.0,0.94143915,2.350102,0
1.0,0.9447037,2.3088408,0
1.0,0.9436584,2.3399117,0
1.0,0.9447337,2.297071,0
1.0,0.94516087,2.2343879,0
1.0,0.94185555,2.2041845,0
1.0,0.9371998,2.1390634,0
1.0,0.93582237,2.1091204,0
1.0,0.9369584,2.1063101,0
1.0,0.9301042,2.1208277,0
1.0,0.92829794,2.1691236,0
1.0,0.9248924,2.1140983,0
1.0,0.9314775,2.0974574,0
1.0,0.92316294,2.1124144,0
1.0,0.9247346,2.1878958,0
1.0,0.92250437,2.2439885,0
1.0,0.93514854,2.2990584,0
1.0,0.93144804,2.2869182,0
1.0,0.9354408,2.2990937,0
1.0,0.93113816,2.285016,0
1.0,0.9331091,2.3236694,0
1.0,0.9301882,2.2979257,0
1.0,0.9348571,2.2263749,0
1.0,0.9318382,2.1776626,0
1.0,0.93753916,2.205551,0
1.0,0.92875993,2.1803508,0
1.0,0.934742,2.147146,0
1.0,0.9356549,2.126687,0
1.0,0.9421007,2.147541,0
1.0,0.9381017,2.14789,0
1.0,0.9403898,2.1608624,0
1.0,0.9347724,2.1034067,0
1.0,0.93913484,2.1482487,0
1.0,0.93774813,2.1847458,0
1.0,0.93749535,2.188221,0
1.0,0.9377024,2.275251,0
1.0,0.9432711,2.3053775,0
1.0,0.94545317,2.264076,0
1.0,0.94853646,2.2867703,0
1.0,0.94610375,2.3375263,0
1.0,0.947027,2.3575168,0
1.0,0.95102715,2.3783724,0
1.0,0.953098,2.3681765,0
1.0,0.95298105,2.3406103,0
1.0,0.9546118,2.3413076,0
1.0,0.9527963,2.3109922,0
1.0,0.9527598,2.2441788,0
1.0,0.95317143,2.2013469,0
1.0,0.953747,2.1865873,0
1.0,0.95389926,2.1887698,0
1.0,0.95601654,2.321017,0
1.0,0.9488835,2.3937669,0
1.0,0.949502,2.3475237,0
1.0,0.9519797,2.3477287,0
1.0,0.9557538,2.4196901,0
1.0,0.9569523,2.459737,0
1.0,0.96036077,2.488492,0
1.0,0.9624755,2.4838896,0
1.0,0.96485174,2.5153377,0
1.0,0.9629436,2.5366173,0
1.0,0.9628188,2.5409667,0
1.0,0.96137565,2.5144677,0
1.0,0.9610484,2.4623847,0
1.0,0.9594329,2.4266381,0
1.0,0.958446,2.4147072,0
1.0,0.9585032,2.447248,0
1.0,0.95558316,2.3886337,0
1.0,0.9583903,2.28727,0
1.0,0.9578303,2.2933607,0
1.0,0.9574913,2.3862147,0
1.0,0.9563441,2.4161603,0
1.0,0.9590355,2.3570895,0
1.0,0.9588116,2.338979,0
1.0,0.95753044,2.3556259,0
1.0,0.95534015,2.3756583,0
1.0,0.9588221,2.4280262,0
1.0,0.95937246,2.441979,0
1.0,0.9577492,2.4947977,0
1.0,0.9552821,2.5347428,0
1.0,0.9562832,2.492296,0
1.0,0.9561066,2.473472,0
1.0,0.94965386,2.4041696,0
1.0,0.9497683,2.232286,0
1.0,0.94968086,2.1607866,0
1.0,0.9518141,2.2076645,0
1.0,0.953379,2.1977515,0
1.0,0.95654935,2.171955,0
1.0,0.9578244,2.2009807,0
1.0,0.9581803,2.2514172,0
1.0,0.95120656,2.2549942,0
1.0,0.9522139,2.2423754,0
1.0,0.94989306,2.2137995,0
1.0,0.95132244,2.2470236,0
1.0,0.94428694,2.2952735,0
1.0,0.9507764,2.423131,0
1.0,0.9480769,2.4689574,0
1.0,0.9488432,2.4578955,0
1.0,0.94390166,2.4258332,0
1.0,0.9482232,2.4770057,0
1.0,0.94400203,2.5492795,0
1.0,0.94871736,2.5820005,0
1.0,0.9441652,2.4772196,0
1.0,0.9498982,2.4497566,0
1.0,0.9493427,2.4807668,0
1.0,0.9484707,2.4688823,0
1.0,0.9548733,2.4989693,0
1.0,0.95817584,2.5237179,0
1.0,0.96270156,2.5334418,0
1.0,0.9602087,2.612657,0
1.0,0.9604267,2.6470113,0
1.0,0.95592076,2.6037245,0
1.0,0.96067363,2.664356,0
1.0,0.958724,2.724821,0
1.0,0.9619267,2.894113,0
1.0,0.9646266,3.0408115,0
1.0,0.96850866,3.043069,0
1.0,0.9689791,3.0246282,0
1.0,0.97061,3.1071253,0
1.0,0.9695752,3.1674335,0
1.0,0.97061366,3.1503553,0
1.0,0.9710932,3.105062,0
1.0,0.9719081,3.135779,0
1.0,0.97236294,3.203648,0
1.0,0.973465,3.2447731,0
1.0,0.971255,3.228162,0
1.0,0.97311425,3.200444,0
1.0,0.97295016,3.1546137,0
1.0,0.9736213,3.1817222,0
1.0,0.9735964,3.2061336,0
1.0,0.97249484,3.1910532,0
1.0,0.97088933,3.2088525,0
1.0,0.97037584,3.1946867,0
1.0,0.970391,3.275336,0
1.0,0.9694251,3.4002798,0
1.0,0.97167027,3.4355037,0
1.0,0.97154254,3.4990964,0
1.0,0.97271144,3.5671568,0
1.0,0.97150224,3.5347915,0
1.0,0.97347826,3.546008,0
1.0,0.9719876,3.5560148,0
1.0,0.97275645,3.5265787,0
1.0,0.97073126,3.438352,0
1.0,0.9708397,3.4422698,0
1.0,0.9676239,3.5176826,0
1.0,0.9661343,3.4690423,0
1.0,0.964736,3.3303702,0
1.0,0.9665844,3.262097,0
1.0,0.9636385,3.3213615,0
1.0,0.9641614,3.3848643,0
1.0,0.9639349,3.32666,0
1.0,0.9673084,3.3690805,0
1.0,0.9653507,3.4332604,0
1.0,0.9652727,3.488854,0
1.0,0.9637454,3.5098605,0
1.0,0.9649725,3.4884267,0
1.0,0.96354276,3.5143497,0
1.0,0.96476585,3.5871506,0
1.0,0.9645908,3.6895313,0
1.0,0.9687007,3.7713404,0
1.0,0.9659968,3.733275,0
1.0,0.9678385,3.7274487,0
1.0,0.96654284,3.7302089,0
1.0,0.9667905,3.7526062,0
1.0,0.9658897,3.7446158,0
1.0,0.96716726,3.6557062,0
1.0,0.96674836,3.5896587,0
1.0,0.96915174,3.6359224,0
1.0,0.9670931,3.593532,0
1.0,0.9681461,3.5810325,0
1.0,0.9689361,3.711844,0
1.0,0.9713921,3.7573018,0
1.0,0.97152865,3.8102221,0
1.0,0.9722801,3.8940203,0
1.0,0.97089076,3.9300632,0
1.0,0.9705067,4.0901656,0
1.0,0.97166723,4.1457767,0
1.0,0.9719848,4.1175566,0
1.0,0.97152734,4.1829634,0
1.0,0.9719839,4.253069,0
1.0,0.9721453,4.3078165,0
1.0,0.97373396,4.3823156,0
1.0,0.97356874,4.39297,0
1.0,0.97309214,4.3728423,0
1.0,0.97341895,4.3820496,0
1.0,0.97212607,4.422441,0
1.0,0.97214794,4.4813623,0
1.0,0.9719382,4.4713726,0
1.0,0.97132194,4.4348917,0
1.0,0.9702526,4.4699993,0
1.0,0.9692496,4.4126177,0
1.0,0.9701741,4.3524485,0
1.0,0.97103655,4.4045763,0
1.0,0.9705075,4.507742,0
1.0,0.97042465,4.6499834,0
1.0,0.96949244,4.670346,0
1.0,0.97098935,4.784987,0
1.0,0.9705573,4.9011307,0
1.0,0.9713926,4.882397,0
1.0,0.96965224,4.9347534,0
1.0,0.97032636,5.042035,0
1.0,0.9713354,5.0601377,0
1.0,0.97077435,4.9420166,0
1.0,0.9709429,4.8493633,0
1.0,0.9707394,4.8258724,0
1.0,0.96871704,4.8260984,0
1.0,0.9678335,4.900778,0
1.0,0.9691749,4.7984867,0
1.0,0.96989685,4.704068,0
1.0,0.96875036,4.828374,0
1.0,0.9693053,4.91123,0
1.0,0.96744394,4.899706,0
1.0,0.9691806,4.8340044,0
1.0,0.9679143,4.7686796,0
1.0,0.9696415,4.8840666,0
1.0,0.96885467,5.0122776,0
1.0,0.96933,4.991297,0
1.0,0.96965057,4.859914,0
1.0,0.96989006,4.7748475,0
1.0,0.96957886,4.819034,0
1.0,0.9674567,4.877244,0
1.0,0.9698905,4.8830104,0
1.0,0.97130156,4.8762417,0
1.0,0.97150755,4.918997,0
1.0,0.9715577,4.9787645,0
1.0,0.9704331,4.946597,0
1.0,0.9702973,4.8118,0
1.0,0.96934533,4.7555046,0
1.0,0.97059184,4.662446,0
1.0,0.9697707,4.632203,0
1.0,0.9696181,4.7980313,0
1.0,0.96851873,4.775673,0
1.0,0.96932787,4.68563,0
1.0,0.9703803,4.6798553,0
1.0,0.968951,4.6924906,0
1.0,0.9683686,4.7994843,0
1.0,0.9705906,4.820751,0
1.0,0.9712823,4.7250443,0
1.0,0.9713548,4.71328,0
1.0,0.97013825,4.7927856,0
1.0,0.9716243,4.823389,0
1.0,0.9737758,4.79974,0
1.0,0.97309804,4.7073584,0
1.0,0.973879,4.6345043,0
1.0,0.97376245,4.667964,0
1.0,0.9732679,4.681302,0
1.0,0.9719117,4.5858545,0
1.0,0.9716662,4.4355946,0
1.0,0.97242534,4.4161086,0
1.0,0.97192234,4.50059,0
1.0,0.9716645,4.542842,0
1.0,0.9711292,4.5457087,0
1.0,0.9726943,4.4814334,0
1.0,0.9730328,4.441845,0
1.0,0.9725869,4.5013847,0
1.0,0.97146535,4.513234,0
1.0,0.973069,4.5226765,0
1.0,0.9730822,4.4462514,0
1.0,0.9738514,4.3993826,0
1.0,0.97287863,4.475527,0
1.0,0.97354376,4.5721316,0
1.0,0.9748667,4.580203,0
1.0,0.97595304,4.434679,0
1.0,0.9766659,4.322432,0
1.0,0.9761487,4.31225,0
1.0,0.97567284,4.3259916,0
1.0,0.9761481,4.331848,0
1.0,0.97698325,4.329484,0
1.0,0.97696054,4.283348,0
1.0,0.97682035,4.2729783,0
1.0,0.97634673,4.2725286,0
1.0,0.9738758,4.252848,0
1.0,0.9746834,4.324209,0
1.0,0.9753044,4.2819843,0
1.0,0.97657305,4.263822,0
1.0,0.9758799,4.3916764,0
1.0,0.97537065,4.471503,0
1.0,0.97455627,4.469503,0
1.0,0.9767716,4.451041,0
1.0,0.976393,4.429854,0
1.0,0.9750069,4.4546027,0
1.0,0.9746728,4.4967628,0
1.0,0.9758386,4.474128,0
1.0,0.9766384,4.3908544,0
1.0,0.9758006,4.3537803,0
1.0,0.9744416,4.3214607,0
1.0,0.9748887,4.368053,0
1.0,0.9771434,4.452819,0
1.0,0.9758916,4.318577,0
1.0,0.9774655,4.287958,0
1.0,0.9775544,4.4023705,0
1.0,0.9761681,4.4240537,0
1.0,0.9747604,4.369528,0
1.0,0.9759789,4.284441,0
1.0,0.97742647,4.2723503,0
1.0,0.9767457,4.419765,0
1.0,0.97578204,4.520316,0
1.0,0.97568476,4.5567894,0
1.0,0.9768266,4.5060086,0
1.0,0.9771757,4.36913,0
1.0,0.9765702,4.52542,0
1.0,0.9752814,4.6594152,0
1.0,0.97628933,4.611044,0
1.0,0.9759975,4.576321,0
1.0,0.9769419,4.421238,0
1.0,0.9758488,4.391589,0
1.0,0.9747004,4.4590373,0
1.0,0.9739561,4.3818636,0
1.0,0.9745102,4.3124323,0
1.0,0.9752669,4.291688,0
1.0,0.97429025,4.3723526,0
1.0,0.97318333,4.550046,0
1.0,0.97187865,4.5904355,0
1.0,0.97150755,4.4533863,0
1.0,0.9727166,4.367098,0
1.0,0.97419995,4.4791374,0
1.0,0.9732453,4.5971775,0
1.0,0.97342026,4.627311,0
1.0,0.9727251,4.5185237,0
1.0,0.9763416,4.3714457,0
1.0,0.97519594,4.420834,0
1.0,0.973883,4.502619,0
1.0,0.97176266,4.3840914,0
1.0,0.97445446,4.249241,0
1.0,0.97246045,4.199007,0
1.0,0.9731199,4.2632995,0
1.0,0.9720597,4.338165,0
1.0,0.9724125,4.304053,0
1.0,0.9721683,4.18425,0
1.0,0.97301584,4.0893,0
1.0,0.9727141,4.1182666,0
1.0,0.97233826,4.256648,0
1.0,0.9731871,4.249751,0
1.0,0.9738696,4.1503363,0
1.0,0.9755391,4.1582427,0
1.0,0.9761704,4.164264,0
1.0,0.97666115,4.233517,0
1.0,0.9781371,4.2629004,0
1.0,0.979076,4.1652308,0
1.0,0.9785638,4.127024,0
1.0,0.978225,4.145898,0
1.0,0.9777935,4.1427836,0
1.0,0.97632957,4.0345182,0
1.0,0.97639716,3.8044906,0
1.0,0.97540873,3.6786256,0
1.0,0.9752397,3.7421236,0
1.0,0.9738357,3.818956,0
1.0,0.9760584,3.7775302,0
1.0,0.97612256,3.6637945,0
1.0,0.977093,3.5850472,0
1.0,0.9754674,3.6208212,0
1.0,0.9753057,3.7199712,0
1.0,0.9751915,3.702363,0
1.0,0.9773521,3.6530032,0
1.0,0.9769917,3.6715236,0
1.0,0.9775553,3.7777615,0
1.0,0.97652286,3.8170238,0
1.0,0.97677624,3.8013253,0
1.0,0.97684115,3.7432983,0
1.0,0.9770329,3.6506305,0
1.0,0.97584414,3.6543887,0
1.0,0.97610146,3.6598682,0
1.0,0.97506917,3.6230726,0
1.0,0.976369,3.5101907,0
1.0,0.9743167,3.3346887,0
1.0,0.97551596,3.3959846,0
1.0,0.9721967,3.4004178,0
1.0,0.9726155,3.3000102,0
1.0,0.9736388,3.2431242,0
1.0,0.97532654,3.2085538,0
1.0,0.97351235,3.264892,0
1.0,0.97257453,3.3037095,0
1.0,0.97364175,3.2370162,0
1.0,0.97385275,3.179018,0
1.0,0.9736709,3.1910014,0
1.0,0.9721181,3.282764,0
1.0,0.97278285,3.328257,0
1.0,0.9722039,3.3307657,0
1.0,0.971916,3.313829,0
1.0,0.9711,3.276199,0
1.0,0.9713813,3.3008103,0
1.0,0.9694848,3.3135977,0
1.0,0.9668277,3.2374701,0
1.0,0.96529216,3.123982,0
1.0,0.9639279,3.0802808,0
1.0,0.96166736,3.0809674,0
1.0,0.95885926,3.0495048,0
1.0,0.95515865,2.9071627,0
1.0,0.9583309,2.7888148,0
1.0,0.9539664,2.7689092,0
1.0,0.9539017,2.8187702,0
1.0,0.95716506,2.8398974,0
1.0,0.9610049,2.8354468,0
1.0,0.9612696,2.8690147,0
1.0,0.9591653,2.936717,0
1.0,0.9597357,3.0006166,0
1.0,0.9580153,3.0119662,0
1.0,0.95698434,2.9043944,0
1.0,0.9542647,2.824076,0
1.0,0.9534297,2.829421,0
1.0,0.955331,2.8503933,0
1.0,0.95394176,2.849422,0
1.0,0.9495554,2.7760892,0
1.0,0.9478814,2.7028608,0
1.0,0.94697154,2.709646,0
1.0,0.945734,2.756424,0
1.0,0.9394416,2.6953306,0
1.0,0.9422146,2.62747,0
1.0,0.9452989,2.669616,0
1.0,0.946551,2.6706746,0
1.0,0.9458201,2.6283956,0
1.0,0.9537126,2.6386542,0
1.0,0.9543896,2.6288698,0
1.0,0.957977,2.6352644,0
1.0,0.95198834,2.639504,0
1.0,0.9569698,2.7144852,0
1.0,0.9511946,2.7190566,0
1.0,0.95462036,2.7733307,0
1.0,0.9474203,2.7877476,0
1.0,0.95045656,2.8530283,0
1.0,0.9458314,2.9241714,0
1.0,0.94940525,2.897254,0
1.0,0.9438301,2.7956176,0
1.0,0.9488372,2.8048983,0
1.0,0.942629,2.7676249,0
1.0,0.9446271,2.7065406,0
1.0,0.9399062,2.6528888,0
1.0,0.9446286,2.6371465,0
1.0,0.9408558,2.6160345,0
1.0,0.9478617,2.7630253,0
1.0,0.9441373,2.7733278,0
1.0,0.9471527,2.8005154,0
1.0,0.94404954,2.8433948,0
1.0,0.9491639,2.8502352,0
1.0,0.9429122,2.9089766,0
1.0,0.943744,2.9572296,0
1.0,0.93846947,2.9122462,0
1.0,0.9438475,2.9273648,0
1.0,0.9372024,2.9272962,0
1.0,0.93601316,2.9717884,0
1.0,0.9350213,3.002349,0
1.0,0.9386877,3.0047488,0
1.0,0.94114333,3.0059004,0
1.0,0.9422569,3.036097,0
1.0,0.9427537,3.0337424,0
1.0,0.9458313,3.0407248,0
1.0,0.9454972,3.032926,0
1.0,0.9471875,2.998533,0
1.0,0.9460219,2.9809027,0
1.0,0.94758326,2.9232483,0
1.0,0.94367075,2.915388,0
1.0,0.9439344,2.946416,0
1.0,0.94344807,2.8997593,0
1.0,0.9465892,2.9338682,0
1.0,0.9479489,2.9791899,0
1.0,0.94854796,3.0177288,0
1.0,0.94757384,3.0549262,0
1.0,0.94953555,3.0966377,0
1.0,0.9481443,3.1504245,0
1.0,0.95109826,3.2554903,0
1.0,0.94975656,3.2770853,0
1.0,0.9545702,3.1792595,0
1.0,0.95535,3.1650257,0
1.0,0.95745194,3.163262,0
1.0,0.9566375,3.1360178,0
1.0,0.9608846,3.1761568,0
1.0,0.95957583,3.081775,0
1.0,0.95997113,3.052742,0
1.0,0.9572002,3.1015353,0
1.0,0.9590806,3.0914092,0
1.0,0.95382947,3.090241,0
1.0,0.9561247,3.1334867,0
1.0,0.954912,3.0721579,0
1.0,0.96022254,3.0893826,0
1.0,0.95761305,3.1407838,0
1.0,0.96018356,3.1413083,0
1.0,0.95934945,3.1644845,0
1.0,0.9619286,3.229413,0
1.0,0.95812887,3.2072048,0
1.0,0.96136767,3.2268047,0
1.0,0.9587538,3.2333803,0
1.0,0.9628281,3.2489018,0
1.0,0.9589046,3.1740506,0
1.0,0.95915,3.1368196,0
1.0,0.95778984,3.1608663,0
1.0,0.9592564,3.1267688,0
1.0,0.95564544,3.104212,0
1.0,0.95416397,3.0924802,0
1.0,0.9516143,3.0831456,0
1.0,0.95125866,3.1271138,0
1.0,0.9459485,2.9926066,0
1.0,0.9460781,2.8776174,0
1.0,0.9461803,2.9512339,0
1.0,0.94938713,2.989963,0
1.0,0.95128286,3.0230262,0
1.0,0.95379543,3.1074686,0
1.0,0.95390075,3.1041813,0
1.0,0.95554805,3.1095066,0
1.0,0.9545179,3.1812704,0
1.0,0.9541172,3.192256,0
1.0,0.95316803,3.1192636,0
1.0,0.9531199,3.158513,0
1.0,0.952782,3.1698477,0
1.0,0.9527574,3.076186,0
1.0,0.95351344,3.0660033,0
1.0,0.95359683,3.0165973,0
1.0,0.9540755,2.945588,0
1.0,0.9528547,2.9490845,0
1.0,0.9534922,2.9180303,0
1.0,0.95300823,2.9247482,0
1.0,0.95630836,2.9758787,0
1.0,0.95540524,2.9605958,0
1.0,0.95868105,2.952435,0
1.0,0.9546584,2.981894,0
1.0,0.95925397,3.0994027,0
1.0,0.96058685,3.0667627,0
1.0,0.9640839,3.07681,0
1.0,0.95888346,3.1583362,0
1.0,0.96218425,3.1406164,0
1.0,0.95704645,3.1412678,0
1.0,0.9601065,3.134961,0
1.0,0.95050406,3.0248113,0
1.0,0.9567488,3.0948422,0
1.0,0.9498982,3.08956,0
1.0,0.95562726,3.031168,0
1.0,0.94571316,2.9633784,0
1.0,0.9513114,2.9570544,0
1.0,0.9440406,2.850779,0
1.0,0.94823027,2.8299735,0
1.0,0.93737245,2.8138313,0
1.0,0.9448283,2.7647302,0
1.0,0.93770003,2.7257113,0
1.0,0.9447266,2.8386297,0
1.0,0.93185335,2.750239,0
1.0,0.9366407,2.7483752,0
1.0,0.9376904,2.7584891,0
1.0,0.9397202,2.7231941,0
1.0,0.934933,2.7754426,0
1.0,0.93572354,2.8269162,0
1.0,0.9390949,2.8255644,0
1.0,0.9371738,2.8063397,0
1.0,0.93566406,2.7163796,0
1.0,0.93008596,2.6222498,0
1.0,0.9322685,2.6111202,0
1.0,0.9278795,2.588746,0
1.0,0.92896885,2.5261402,0
1.0,0.91612595,2.408887,0
1.0,0.923422,2.44447,0
1.0,0.91357815,2.3591833,0
1.0,0.91357744,2.2706301,0
1.0,0.89810365,2.2336106,0
1.0,0.90673697,2.224371,0
1.0,0.90233576,2.2261722,0
1.0,0.906133,2.3068652,0
1.0,0.89515084,2.2685816,0
1.0,0.91125214,2.2910569,0
1.0,0.90360314,2.2560365,0
1.0,0.91300046,2.2901695,0
1.0,0.90164644,2.2547555,0
1.0,0.91610265,2.292881,0
1.0,0.905096,2.237927,0
1.0,0.90771496,2.2071085,0
1.0,0.8948582,2.2248638,0
1.0,0.898867,2.2282197,0
1.0,0.8886452,2.086143,0
1.0,0.8943053,2.0487206,0
1.0,0.8889418,1.9837778,0
1.0,0.89404833,1.9914262,0
1.0,0.89660597,2.0227077,0
1.0,0.898845,2.0124388,0
1.0,0.90303653,2.0044703,0
1.0,0.9097465,2.0064473,0
1.0,0.9107731,2.0389743,0
1.0,0.913864,2.0645924,0
1.0,0.914843,2.0614066,0
1.0,0.92437065,2.0780654,0
1.0,0.91838795,2.0607605,0
1.0,0.9204301,2.133809,0
1.0,0.92075455,2.1284502,0
1.0,0.92515206,2.1245148,0
1.0,0.9244231,2.1602364,0
1.0,0.9210042,2.1267278,0
1.0,0.9202281,2.0788512,0
1.0,0.9224951,2.0252008,0
1.0,0.9314104,1.9807558,0
1.0,0.9321437,1.9049103,0
1.0,0.9324248,1.8615184,0
1.0,0.9362314,1.9234798,0
1.0,0.94357073,1.9382517,0
1.0,0.9444882,1.9060191,0
1.0,0.93970066,1.8732909,0
1.0,0.9435062,1.8393673,0
1.0,0.9466064,1.8525623,0
1.0,0.94185215,1.8490496,0
1.0,0.9297638,1.7325015,0
1.0,0.9327516,1.7005296,0
1.0,0.9385598,1.7438612,0
1.0,0.9364741,1.7653699,0
1.0,0.9321305,1.7664008,0
1.0,0.9338425,1.7849121,0
1.0,0.9402358,1.7891039,0
1.0,0.935943,1.720243,0
1.0,0.925967,1.6461997,0
1.0,0.9273461,1.6056466,0
1.0,0.9324471,1.5665418,0
1.0,0.93243194,1.5551484,0
1.0,0.9231586,1.5139043,0
1.0,0.922743,1.5434604,0
1.0,0.92568463,1.5595057,0
1.0,0.92413175,1.4529815,0
1.0,0.9176412,1.3850112,0
1.0,0.91671234,1.3536623,0
1.0,0.91667634,1.3406559,0
1.0,0.9151376,1.4114966,0
1.0,0.91118056,1.4337212,0
1.0,0.9161472,1.4665351,0
1.0,0.92112905,1.4974985,0
1.0,0.92316955,1.5440536,0
1.0,0.9243427,1.5594939,0
1.0,0.9288887,1.4716954,0
1.0,0.93891025,1.4454694,0
1.0,0.93710786,1.4405317,0
1.0,0.9350384,1.4117544,0
1.0,0.9387293,1.4378917,0
1.0,0.9446986,1.4308501,0
1.0,0.94294536,1.3560014,0
1.0,0.93858564,1.3298869,0
1.0,0.9386981,1.3559265,0
1.0,0.94125104,1.362533,0
1.0,0.9435463,1.3487978,0
1.0,0.93960947,1.3339721,0
1.0,0.94677734,1.327841,0
1.0,0.94449776,1.3287065,0
1.0,0.94699806,1.3354867,0
1.0,0.94512784,1.32568,0
1.0,0.9487788,1.3648516,0
1.0,0.9424696,1.3436716,0
1.0,0.9343463,1.3145711,0
1.0,0.9343072,1.3607334,0
1.0,0.92987967,1.3152182,0
1.0,0.92912376,1.2720604,0
1.0,0.91809547,1.2629526,0
1.0,0.9158064,1.2752109,0
1.0,0.9050916,1.2752756,0
1.0,0.89343333,1.2136196,0
1.0,0.8778256,1.0847802,0
1.0,0.8789666,1.0747514,0
1.0,0.8607245,1.0643746,0
1.0,0.8558405,1.0330725,0
1.0,0.84408677,0.96486396,0
1.0,0.8632366,1.0216761,0
1.0,0.85867083,1.0631964,0
1.0,0.86532193,1.1088521,0
1.0,0.84310967,1.0906221,0
1.0,0.8556778,1.1363636,0
1.0,0.8314808,1.0908194,0
1.0,0.83518666,1.1287005,0
1.0,0.8057901,1.0968313,0
1.0,0.8187075,1.1460556,0
1.0,0.78935766,1.0591516,0
1.0,0.81905115,1.0777855,0
1.0,0.8067344,1.0627499,0
1.0,0.8190603,1.0843095,0
1.0,0.8046354,1.0572317,0
1.0,0.82749313,1.0739005,0
1.0,0.81462526,1.030833,0
1.0,0.82225,1.0726705,0
1.0,0.80614984,1.0560563,0
1.0,0.82425195,1.1264734,0
1.0,0.8152315,1.1063287,0
1.0,0.823005,1.0985827,0
1.0,0.8131821,1.0831084,0
1.0,0.8315462,1.1344316,0
1.0,0.82227653,1.1494265,0
1.0,0.8331254,1.2039068,0
1.0,0.81861466,1.2342807,0
1.0,0.8291373,1.2722249,0
1.0,0.8206243,1.2611561,0
1.0,0.8287208,1.2921362,0
1.0,0.8259333,1.25296,0
1.0,0.8284927,1.2833543,0
1.0,0.8421926,1.3354334,0
1.0,0.83478415,1.274635,0
1.0,0.84944993,1.2797694,0
1.0,0.8387308,1.2428522,0
1.0,0.84457386,1.2354107,0
1.0,0.8296423,1.1960566,0
1.0,0.8377142,1.2263409,0
1.0,0.8219001,1.172621,0
1.0,0.829723,1.1885455,0
1.0,0.8103865,1.1930895,0
1.0,0.82556313,1.258915,0
1.0,0.8095147,1.2506007,0
1.0,0.82415515,1.2715149,0
1.0,0.8106371,1.2348802,0
1.0,0.82485694,1.2951565,0
1.0,0.81115735,1.2982366,0
1.0,0.8372553,1.3555472,0
1.0,0.8216662,1.3548534,0
1.0,0.8436256,1.4507667,0
1.0,0.82672495,1.3747172,0
1.0,0.8600616,1.4600173,0
1.0,0.83857286,1.3950684,0
1.0,0.8641653,1.4273591,0
1.0,0.85341823,1.4496082,0
1.0,0.8660557,1.5190226,0
1.0,0.8644027,1.5117478,0
1.0,0.8835817,1.5347674,0
1.0,0.8925822,1.5879878,0
1.0,0.8963897,1.6393409,0
1.0,0.8971472,1.6777389,0
1.0,0.90710443,1.7730975,0
1.0,0.9137965,1.8264865,0
1.0,0.91652745,1.863091,0
1.0,0.91611874,1.9181852,0
1.0,0.9237874,1.997327,0
1.0,0.92946506,2.0739694,0
1.0,0.93296784,2.127687,0
1.0,0.93320596,2.1789079,0
1.0,0.93810666,2.210988,0
1.0,0.9402617,2.2579603,0
1.0,0.94063455,2.2974086,0
1.0,0.9367537,2.2499018,0
1.0,0.9405373,2.3010855,0
1.0,0.9415684,2.3338246,0
1.0,0.93871933,2.3301582,0
1.0,0.9368174,2.3643813,0
1.0,0.93661773,2.3464017,0
1.0,0.9365965,2.3603733,0
1.0,0.9338479,2.416762,0
1.0,0.9309784,2.4421694,0
1.0,0.9264335,2.4660077,0
1.0,0.9255239,2.5003328,0
1.0,0.9277481,2.5467517,0
1.0,0.9247858,2.611106,0
1.0,0.9216108,2.6900043,0
1.0,0.92586404,2.722239,0
1.0,0.932521,2.7151012,0
1.0,0.92996097,2.7820141,0
1.0,0.9330807,2.8673637,0
1.0,0.9344806,2.8906674,0
1.0,0.94020176,2.9398804,0
1.0,0.9380559,2.926497,0
1.0,0.9413334,2.8857274,0
1.0,0.94330597,2.8617487,0
1.0,0.94704056,2.8514547,0
1.0,0.94582534,2.8022225,0
1.0,0.9463472,2.7764518,0
1.0,0.94577414,2.758781,0
1.0,0.94974744,2.8048868,0
1.0,0.94862056,2.8601599,0
1.0,0.9524662,2.8857317,0
1.0,0.95646834,2.8925202,0
1.0,0.95704395,2.9245617,0
1.0,0.95689833,3.01505,0
1.0,0.9586068,3.0173995,0
1.0,0.9633217,3.0427732,0
1.0,0.9610143,3.1052506,0
1.0,0.96052945,3.0928736,0
1.0,0.96070486,3.1190016,0
1.0,0.96044606,3.1417232,0
1.0,0.95747644,3.094655,0
1.0,0.9575306,3.0491607,0
1.0,0.95654106,2.9911783,0
1.0,0.9582242,3.0082474,0
1.0,0.9533782,2.9752727,0
1.0,0.9536142,2.948988,0
1.0,0.9496932,2.914064,0
1.0,0.95133734,2.885665,0
1.0,0.94575214,2.9010472,0
1.0,0.9479129,2.865948,0
1.0,0.945557,2.7685666,0
1.0,0.9505813,2.7748697,0
1.0,0.9433829,2.7445633,0
1.0,0.94566923,2.8045998,0
1.0,0.94907993,2.9340942,0
1.0,0.9535521,3.0125391,0
1.0,0.95102984,3.0237615,0
1.0,0.95193624,3.049742,0
1.0,0.95131606,3.0698528,0
1.0,0.952384,3.1201906,0
1.0,0.9535283,3.141923,0
1.0,0.95493776,3.0788784,0
1.0,0.9559712,3.0355623,0
1.0,0.95755404,3.055547,0
1.0,0.95730585,3.0273166,0
1.0,0.9554545,2.9305527,0
1.0,0.9595316,2.9286976,0
1.0,0.95897907,2.9286814,0
1.0,0.96091586,2.9579031,0
1.0,0.95951086,3.0065942,0
1.0,0.9625801,3.002565,0
1.0,0.9619229,2.9619446,0
1.0,0.9632461,3.0245183,0
1.0,0.9615764,3.1198845,0
1.0,0.967454,3.1055846,0
1.0,0.9670077,3.0841634,0
1.0,0.9694425,3.1490111,0
1.0,0.9683516,3.1441138,0
1.0,0.96865004,3.153617,0
1.0,0.9685043,3.1750584,0
1.0,0.9688922,3.1119537,0
1.0,0.9686772,3.0472605,0
1.0,0.96766126,3.0407238,0
1.0,0.9653013,2.9939218,0
1.0,0.9625698,2.9322343,0
1.0,0.9607009,2.906197,0
1.0,0.9579907,2.8002315,0
1.0,0.95661676,2.7160735,0
1.0,0.95307857,2.6958122,0
1.0,0.9520668,2.6909509,0
1.0,0.94269997,2.6438065,0
1.0,0.94446427,2.5729895,0
1.0,0.9336727,2.4566455,0
1.0,0.9361034,2.4723363,0
1.0,0.9253024,2.4856458,0
1.0,0.9303486,2.4724445,0
1.0,0.9207467,2.4199615,0
1.0,0.92213726,2.4636865,0
1.0,0.9086835,2.4110196,0
1.0,0.9140522,2.3624158,0
1.0,0.90681946,2.2359376,0
1.0,0.9117092,2.2023435,0
1.0,0.89784634,2.1438637,0
1.0,0.90373504,2.150042,0
1.0,0.8950409,2.0684152,0
1.0,0.90128905,1.9393215,0
1.0,0.88634235,1.8982847,0
1.0,0.8919412,1.8896722,0
1.0,0.88005584,1.7631557,0
1.0,0.8820519,1.7902615,0
1.0,0.8711534,1.7503616,0
1.0,0.87405807,1.7170694,0
1.0,0.8745438,1.7228222,0
1.0,0.88139737,1.758954,0
1.0,0.8754709,1.7501676,0
1.0,0.8746094,1.7603209,0
1.0,0.8738494,1.7634847,0
1.0,0.87732613,1.6952257,0
1.0,0.86667705,1.6498017,0
1.0,0.8668811,1.6656829,0
1.0,0.86810017,1.6367791,0
1.0,0.8743496,1.662605,0
1.0,0.865497,1.6556575,0
1.0,0.8677756,1.6540984,0
1.0,0.86475235,1.6314605,0
1.0,0.8606528,1.5648334,0
1.0,0.8562482,1.4900357,0
1.0,0.85186183,1.4732752,0
1.0,0.85277027,1.4768076,0
1.0,0.8472696,1.4430709,0
1.0,0.8609758,1.5252622,0
1.0,0.8666042,1.5761639,0
1.0,0.8844024,1.6229713,0
1.0,0.87571913,1.6180134,0
1.0,0.8839741,1.6895785,0
1.0,0.8890473,1.7045207,0
1.0,0.9024634,1.7324274,0
1.0,0.8935713,1.7664812,0
1.0,0.89785135,1.7999448,0
1.0,0.9004724,1.8521184,0
1.0,0.9117699,1.9688671,0
1.0,0.904088,1.9049312,0
1.0,0.9164291,1.8862836,0
1.0,0.9181195,1.8781443,0
1.0,0.9290102,1.9032718,0
1.0,0.92058784,1.8680764,0
1.0,0.9341791,1.9035718,0
1.0,0.93205667,1.9273714,0
1.0,0.9430592,1.9609274,0
1.0,0.9333365,2.0026805,0
1.0,0.94049346,2.0411394,0
1.0,0.9327684,1.9730393,0
1.0,0.9392172,2.0401106,0
1.0,0.93179476,2.0425692,0
1.0,0.9361922,2.027947,0
1.0,0.93298656,2.0321221,0
1.0,0.9397381,2.058706,0
1.0,0.9336826,2.0900571,0
1.0,0.9354398,2.1638951,0
1.0,0.9259355,2.170764,0
1.0,0.9297645,2.1839316,0
1.0,0.9233,2.1393237,0
1.0,0.9265656,2.088478,0
1.0,0.9184503,2.0280395,0
1.0,0.9211071,2.0188916,0
1.0,0.9216544,1.9854788,0
1.0,0.92463404,1.9424803,0
1.0,0.9176235,1.9531946,0
1.0,0.924705,2.0231872,0
1.0,0.9272507,1.9891254,0
1.0,0.92662424,1.9727371,0
1.0,0.9183465,1.9299421,0
1.0,0.91445524,1.8686132,0
1.0,0.9232245,1.9720137,0
1.0,0.92704266,2.0524998,0
1.0,0.9247294,2.0553002,0
1.0,0.9272952,2.0749316,0
1.0,0.9311474,2.1359487,0
1.0,0.93422645,2.1457443,0
1.0,0.9267566,2.1217291,0
1.0,0.9328489,2.14689,0
1.0,0.93298113,2.0598068,0
1.0,0.9367106,2.0655198,0
1.0,0.92846185,2.0592806,0
1.0,0.92843676,1.9925791,0
1.0,0.9361774,2.0236845,0
1.0,0.936262,2.020626,0
1.0,0.9332671,2.0183086,0
1.0,0.93725944,2.0763433,0
1.0,0.9316642,2.0250335,0
1.0,0.93491155,1.9847937,0
1.0,0.9286448,1.9338555,0
1.0,0.92650735,1.9438815,0
1.0,0.91923827,1.9811907,0
1.0,0.92175144,1.9999104,0
1.0,0.9192006,2.0161183,0
1.0,0.92354935,2.0637434,0
1.0,0.91424567,2.0770779,0
1.0,0.9143123,2.1134381,0
1.0,0.9187997,2.103805,0
1.0,0.9215741,2.0879664,0
1.0,0.91390634,2.084192,0
1.0,0.911168,2.057262,0
1.0,0.90878934,2.0360615,0
1.0,0.902988,1.9998301,0
1.0,0.89909965,1.890833,0
1.0,0.89072335,1.8288753,0
1.0,0.8985691,1.887747,0
1.0,0.9015612,1.9434342,0
1.0,0.89333,1.9366521,0
1.0,0.8999843,1.9184464,0
1.0,0.9075547,1.8769749,0
1.0,0.9116752,1.9032798,0
1.0,0.91303265,1.989759,0
1.0,0.9220927,2.019485,0
1.0,0.930708,2.06718,0
1.0,0.9319616,2.1345043,0
1.0,0.930967,2.0900502,0
1.0,0.93082243,2.0971022,0
1.0,0.92743665,2.1122413,0
1.0,0.92543507,2.0708926,0
1.0,0.92497116,2.0659482,0
1.0,0.9256786,2.0819404,0
1.0,0.92129534,2.099467,0
1.0,0.9180755,2.0459225,0
1.0,0.92226493,1.9857615,0
1.0,0.92534083,1.9926608,0
1.0,0.92296326,1.9814188,0
1.0,0.92196184,1.9852418,0
1.0,0.9259225,1.9629844,0
1.0,0.92688644,1.9011492,0
1.0,0.92359585,1.8899937,0
1.0,0.918801,1.8840717,0
1.0,0.9185732,1.8995228,0
1.0,0.9225801,1.9840746,0
1.0,0.919014,1.9698046,0
1.0,0.916953,1.9422597,0
1.0,0.91745466,1.994762,0
1.0,0.91417235,1.9979743,0
1.0,0.9033761,1.9345472,0
1.0,0.9055516,1.9080086,0
1.0,0.9026244,1.8463581,0
1.0,0.902469,1.8598398,0
1.0,0.90009177,1.8845356,0
1.0,0.8955127,1.8310429,0
1.0,0.89604294,1.7642367,0
1.0,0.89581656,1.7372278,0
1.0,0.8967211,1.7078316,0
1.0,0.8926294,1.6525224,0
1.0,0.8917058,1.6585736,0
1.0,0.88832456,1.6450456,0
1.0,0.8908903,1.6204643,0
1.0,0.8836714,1.6206408,0
1.0,0.87649727,1.624589,0
1.0,0.88185453,1.6102948,0
1.0,0.8837552,1.5731896,0
1.0,0.8886758,1.6037515,0
1.0,0.88339245,1.6165986,0
1.0,0.8864134,1.6256378,0
1.0,0.88270473,1.5981852,0
1.0,0.8915068,1.5842957,0
1.0,0.8802001,1.5548894,0
1.0,0.88225377,1.5604231,0
1.0,0.8718954,1.4934306,0
1.0,0.86731964,1.4550561,0
1.0,0.85373336,1.3814154,0
1.0,0.85658115,1.2987151,0
1.0,0.8508061,1.3164177,0
1.0,0.85510314,1.3538578,0
1.0,0.848213,1.2747953,0
1.0,0.86018,1.2681324,0
1.0,0.8611169,1.2821935,0
1.0,0.8708837,1.2862234,0
1.0,0.86781377,1.2581877,0
1.0,0.8827375,1.2855687,0
1.0,0.87849885,1.2519304,0
1.0,0.88637877,1.259623,0
1.0,0.8771866,1.283189,0
1.0,0.8855265,1.3139565,0
1.0,0.87576014,1.3049946,0
1.0,0.8812348,1.31376,0
1.0,0.8753344,1.2491572,0
1.0,0.8753312,1.2386236,0
1.0,0.8692927,1.1859654,0
1.0,0.8796151,1.1340437,0
1.0,0.8882053,1.1147822,0
1.0,0.89720225,1.1405587,0
1.0,0.88633335,1.102009,0
1.0,0.89146763,1.0743107,0
1.0,0.887708,1.0217624,0
1.0,0.8859431,0.9854517,0
1.0,0.8669892,0.9677113,0
1.0,0.8924584,1.0279765,0
1.0,0.88718826,1.0236536,0
1.0,0.8901271,1.0487854,0
1.0,0.8762251,1.0332129,0
1.0,0.90027446,1.0982808,0
1.0,0.89423496,1.1393077,0
1.0,0.8954074,1.1784877,0
1.0,0.88002473,1.0854809,0
1.0,0.9082337,1.0969895,0
1.0,0.91448855,1.1275876,0
1.0,0.92205954,1.1452368,0
1.0,0.9135245,1.0879657,0
1.0,0.931332,1.0768237,0
1.0,0.9293282,1.0466752,0
1.0,0.93292636,1.0424228,0
1.0,0.9098122,1.0196121,0
1.0,0.9113311,1.0621898,0
1.0,0.89995503,1.0283126,0
1.0,0.9186855,1.0274816,0
1.0,0.90542394,1.0003852,0
1.0,0.9166402,1.0673505,0
1.0,0.91530424,1.0897621,0
1.0,0.9345349,1.1338698,0
1.0,0.92709637,1.1526649,0
1.0,0.9246391,1.1956112,0
1.0,0.9271699,1.2326937,0
1.0,0.933895,1.2447993,0
1.0,0.9164372,1.2356308,0
1.0,0.9122164,1.2378442,0
1.0,0.90920043,1.271285,0
1.0,0.9137159,1.2953722,0
1.0,0.9019605,1.227099,0
1.0,0.89406466,1.2227447,0
1.0,0.87977415,1.1902502,0
1.0,0.8750562,1.1782923,0
1.0,0.868744,1.2586892,0
1.0,0.8530513,1.2215697,0
1.0,0.85002863,1.1697575,0
1.0,0.86047876,1.1692443,0
1.0,0.86517286,1.2172103,0
1.0,0.8746084,1.2814476,0
1.0,0.8684634,1.2692696,0
1.0,0.85255116,1.254257,0
1.0,0.84529716,1.2682667,0
1.0,0.8333536,1.2964482,0
1.0,0.8309983,1.3626783,0
1.0,0.8152185,1.3768941,0
1.0,0.81167203,1.373873,0
1.0,0.81893367,1.3708789,0
1.0,0.8116898,1.3515606,0
1.0,0.8102737,1.3833842,0
1.0,0.818232,1.4219892,0
1.0,0.8353878,1.410157,0
1.0,0.829416,1.3980458,0
1.0,0.8353442,1.4534428,0
1.0,0.8364005,1.4588163,0
1.0,0.8464844,1.5272175,0
1.0,0.8551574,1.5695617,0
1.0,0.86517644,1.601342,0
1.0,0.8508013,1.630299,0
1.0,0.86382884,1.7424624,0
1.0,0.8698475,1.7730951,0
1.0,0.8780146,1.8163702,0
1.0,0.8643348,1.8425233,0
1.0,0.8654576,1.8767731,0
1.0,0.8715326,1.9295123,0
1.0,0.8753144,1.9545702,0
1.0,0.87841696,1.8849146,0
1.0,0.8782851,1.88662,0
1.0,0.88315386,1.896265,0
1.0,0.8852026,1.9121051,0
1.0,0.8868048,1.9404148,0
1.0,0.883261,1.9226941,0
1.0,0.88532335,1.963757,0
1.0,0.88347954,1.9459926,0
1.0,0.879663,1.9035574,0
1.0,0.8703732,1.8799865,0
1.0,0.8779432,1.8705518,0
1.0,0.8740505,1.8348563,0
1.0,0.880536,1.8633044,0
1.0,0.8658991,1.8409319,0
1.0,0.87175417,1.9020798,0
1.0,0.8633949,1.8841777,0
1.0,0.8620292,1.8682888,0
1.0,0.85052645,1.9268396,0
1.0,0.8542582,1.9353328,0
1.0,0.83879334,1.8259861,0
1.0,0.84709233,1.887555,0
1.0,0.8366593,1.8203455,0
1.0,0.8382948,1.8121707,0
1.0,0.83386844,1.8148749,0
1.0,0.8324481,1.7109997,0
1.0,0.84221846,1.6531353,0
1.0,0.846269,1.6361325,0
1.0,0.86118734,1.664042,0
1.0,0.8688053,1.7079661,0
1.0,0.8783045,1.7393895,0
1.0,0.8952106,1.7563744,0
1.0,0.9030077,1.7716004,0
1.0,0.9026034,1.8037573,0
1.0,0.9104181,1.7955142,0
1.0,0.9178381,1.8074846,0
1.0,0.9205182,1.8438,0
1.0,0.9113564,1.8241367,0
1.0,0.9210835,1.8895413,0
1.0,0.9311021,1.8993175,0
1.0,0.9367823,1.9210454,0
1.0,0.93236864,1.9283978,0
1.0,0.93745196,1.912679,0
1.0,0.93750393,1.9382703,0
1.0,0.94134545,1.9197168,0
1.0,0.9279133,1.8493812,0
1.0,0.932589,1.8534132,0
1.0,0.9322076,1.7850659,0
1.0,0.92979795,1.7761021,0
1.0,0.92170626,1.7353626,0
1.0,0.9152955,1.6400657,0
1.0,0.9196647,1.6963018,0
1.0,0.9100919,1.7023783,0
1.0,0.89317894,1.6149554,0
1.0,0.8867144,1.6105154,0
1.0,0.87640345,1.585376,0
1.0,0.8680913,1.5647366,0
1.0,0.84890103,1.5748727,0
1.0,0.8483494,1.6129305,0
1.0,0.84243286,1.6245565,0
1.0,0.8369091,1.6262128,0
1.0,0.82372445,1.5627425,0
1.0,0.82421076,1.5328968,0
1.0,0.8068036,1.4527435,0
1.0,0.8197983,1.4492664,0
1.0,0.81708896,1.4162779,0
1.0,0.83391964,1.4663954,0
1.0,0.8346327,1.4970762,0
1.0,0.8470174,1.5080898,0
1.0,0.86085767,1.4997933,0
1.0,0.86453366,1.4795918,0
1.0,0.8608872,1.46632,0
1.0,0.862345,1.468502,0
1.0,0.86912316,1.5100005,0
1.0,0.87240696,1.5196419,0
1.0,0.86229986,1.4689682,0
1.0,0.8659232,1.5381613,0
1.0,0.87091756,1.5640172,0
1.0,0.872321,1.5499748,0
1.0,0.8674014,1.5707426,0
1.0,0.8695137,1.583752,0
1.0,0.87015414,1.608314,0
1.0,0.8747254,1.630716,0
1.0,0.8674574,1.5669005,0
1.0,0.87624544,1.5729733,0
1.0,0.8749038,1.5503978,0
1.0,0.8740707,1.5215309,0
1.0,0.8653503,1.4900473,0
1.0,0.8622129,1.4557989,0
1.0,0.8568369,1.4058785,0
1.0,0.84425527,1.3884645,0
1.0,0.8300242,1.3753824,0
1.0,0.81691426,1.3329835,0
1.0,0.8135045,1.3128688,0
1.0,0.813581,1.2923105,0
1.0,0.80507636,1.3140275,0
1.0,0.81667197,1.4012458,0
1.0,0.8209133,1.3955339,0
1.0,0.8409341,1.4378886,0
1.0,0.8317231,1.4082234,0
1.0,0.8424711,1.437305,0
1.0,0.8471568,1.5074172,0
1.0,0.85638815,1.5204141,0
1.0,0.8533889,1.4818599,0
1.0,0.86228293,1.4952934,0
1.0,0.86795336,1.472873,0
1.0,0.86067504,1.4469817,0
1.0,0.87342846,1.4625247,0
1.0,0.8665441,1.3672504,0
1.0,0.8831146,1.4144552,0
1.0,0.87381095,1.4446169,0
1.0,0.8818927,1.4384059,0
1.0,0.878485,1.4395086,0
1.0,0.8981444,1.4777763,0
1.0,0.8919824,1.4296494,0
1.0,0.9025651,1.4682316,0
1.0,0.8926809,1.4785765,0
1.0,0.9090101,1.5652707,0
1.0,0.90280825,1.5726345,0
1.0,0.9088818,1.560914,0
1.0,0.89764345,1.5454209,0
1.0,0.9129245,1.6164904,0
1.0,0.8919546,1.5168142,0
1.0,0.9147433,1.5099943,0
1.0,0.90221494,1.4823449,0
1.0,0.9171539,1.5047543,0
1.0,0.90188044,1.4530318,0
1.0,0.9186784,1.4646959,0
1.0,0.90195924,1.3765185,0
1.0,0.9142694,1.4117458,0
1.0,0.9085417,1.4632047,0
1.0,0.9107872,1.5133897,0
1.0,0.9034433,1.4950535,0
1.0,0.9170258,1.466006,0
1.0,0.9177221,1.457511,0
1.0,0.92886835,1.5399289,0
1.0,0.9245972,1.5582175,0
1.0,0.93441504,1.612818,0
1.0,0.93223834,1.6272004,0
1.0,0.93648076,1.6370018,0
1.0,0.93089145,1.6699073,0
1.0,0.93315154,1.6699752,0
1.0,0.9175283,1.5980364,0
1.0,0.92811203,1.6371906,0
1.0,0.9172917,1.5571291,0
1.0,0.92215014,1.5512537,0
1.0,0.91036516,1.5429862,0
1.0,0.9149906,1.5284866,0
1.0,0.90882033,1.4745634,0
1.0,0.91284615,1.4442909,0
1.0,0.9004272,1.3848977,0
1.0,0.90319717,1.427381,0
1.0,0.89394766,1.4496269,0
1.0,0.89674044,1.4409969,0
1.0,0.87712485,1.4380178,0
1.0,0.8870824,1.4860468,0
1.0,0.87215215,1.4372514,0
1.0,0.8742074,1.4969779,0
1.0,0.8472122,1.4485842,0
1.0,0.86055124,1.4766924,0
1.0,0.84167933,1.456836,0
1.0,0.83773756,1.488457,0
1.0,0.81223476,1.3818746,0
1.0,0.84246343,1.365886,0
1.0,0.8462539,1.3298252,0
1.0,0.85629267,1.3465279,0
1.0,0.85473067,1.3474514,0
1.0,0.8804624,1.4055955,0
1.0,0.88016933,1.3622813,0
1.0,0.8862625,1.3282504,0
1.0,0.8729968,1.2953204,0
1.0,0.89059246,1.3510156,0
1.0,0.8786847,1.3173008,0
1.0,0.89250916,1.3517605,0
1.0,0.883492,1.3240204,0
1.0,0.9010446,1.4125245,0
1.0,0.8946501,1.5079954,0
1.0,0.9052975,1.5693259,0
1.0,0.9032599,1.5665541,0
1.0,0.9214982,1.6029918,0
1.0,0.91772693,1.5949311,0
1.0,0.9265623,1.6299269,0
1.0,0.92996347,1.6628937,0
1.0,0.9411165,1.6764895,0
1.0,0.9391505,1.5965436,0
1.0,0.9425593,1.5842143,0
1.0,0.9385919,1.5637608,0
1.0,0.9406887,1.5564145,0
1.0,0.93623346,1.5267067,0
1.0,0.9373474,1.469019,0
1.0,0.93393344,1.4868213,0
1.0,0.9300311,1.5178108,0
1.0,0.9215092,1.508671,0
1.0,0.9188347,1.4620969,0
1.0,0.92280006,1.4547852,0
1.0,0.91692334,1.526464,0
1.0,0.91751313,1.5868354,0
1.0,0.911425,1.621597,0
1.0,0.91953,1.6975243,0
1.0,0.91802627,1.6624584,0
1.0,0.91763115,1.6952293,0
1.0,0.9169861,1.7309358,0
1.0,0.91619396,1.7137685,0
1.0,0.91401315,1.7062693,0
1.0,0.9047684,1.6532028,0
1.0,0.89733714,1.6219523,0
1.0,0.88709086,1.618808,0
1.0,0.87418413,1.5126557,0
1.0,0.8698542,1.398611,0
1.0,0.8670516,1.3760936,0
1.0,0.86215866,1.3976473,0
1.0,0.86906904,1.4502332,0
1.0,0.8590741,1.4661636,0
1.0,0.8604745,1.4848356,0
1.0,0.85642564,1.4427853,0
1.0,0.85893065,1.4735205,0
1.0,0.85757977,1.5860444,0
1.0,0.8689073,1.6550063,0
1.0,0.8773285,1.6731141,0
1.0,0.8914797,1.7051545,0
1.0,0.888389,1.7014673,0
1.0,0.89982736,1.7556512,0
1.0,0.8860937,1.7092385,0
1.0,0.90275216,1.7385088,0
1.0,0.88862413,1.6793966,0
1.0,0.8939064,1.6869502,0
1.0,0.88235795,1.6882614,0
1.0,0.88669336,1.6630206,0
1.0,0.874508,1.5974832,0
1.0,0.8878339,1.5984986,0
1.0,0.87697715,1.5566323,0
1.0,0.8889319,1.6455239,0
1.0,0.87723076,1.5996783,0
1.0,0.89371145,1.61634,0
1.0,0.88970655,1.6646652,0
1.0,0.898015,1.7354218,0
1.0,0.8900505,1.7602217,0
1.0,0.911237,1.8607073,0
1.0,0.91110474,1.819922,0
1.0,0.91952384,1.844461,0
1.0,0.90989435,1.9489732,0
1.0,0.9193385,2.0368867,0
1.0,0.91745764,2.0306184,0
1.0,0.9279169,2.0546699,0
1.0,0.91977555,1.9798654,0
1.0,0.92740047,2.0036492,0
1.0,0.9263387,2.071291,0
1.0,0.9299643,2.0504568,0
1.0,0.9288379,1.9724361,0
1.0,0.9340724,2.0032067,0
1.0,0.9376847,2.052115,0
1.0,0.9439455,2.144637,0
1.0,0.94195306,2.1640239,0
1.0,0.947351,2.1756723,0
1.0,0.94989425,2.236568,0
1.0,0.95448667,2.3016455,0
1.0,0.95482486,2.365549,0
1.0,0.9590125,2.4009428,0
1.0,0.959386,2.3887777,0
1.0,0.96163374,2.4374561,0
1.0,0.9587653,2.4760184,0
1.0,0.9550815,2.5019045,0
1.0,0.95772886,2.4758513,0
1.0,0.95879054,2.416088,0
1.0,0.95718735,2.4509373,0
1.0,0.9558215,2.5190144,0
1.0,0.95700103,2.519146,0
1.0,0.9561524,2.4379458,0
1.0,0.9580095,2.3979964,0
1.0,0.95593774,2.4021697,0
1.0,0.95741284,2.4858637,0
1.0,0.9592662,2.5652986,0
1.0,0.96041816,2.492156,0
1.0,0.961381,2.4538734,0
1.0,0.96223104,2.4994912,0
1.0,0.96317977,2.5738456,0
1.0,0.9623657,2.6323748,0
1.0,0.96480423,2.64115,0
1.0,0.9633646,2.6391935,0
1.0,0.96336836,2.6829944,0
1.0,0.9632355,2.7040768,0
1.0,0.96256524,2.6864724,0
1.0,0.9613906,2.6373644,0
1.0,0.96149266,2.5744703,0
1.0,0.958993,2.5565753,0
1.0,0.95673865,2.586707,0
1.0,0.9561015,2.5882113,0
1.0,0.9565601,2.538469,0
1.0,0.95824,2.4822865,0
1.0,0.9575147,2.4822516,0
1.0,0.9536325,2.5097196,0
1.0,0.9548517,2.4975517,0
1.0,0.95665455,2.4656978,0
1.0,0.9551746,2.4592495,0
1.0,0.9518306,2.4983492,0
1.0,0.94874114,2.5465183,0
1.0,0.94458836,2.58832,0
1.0,0.9419852,2.5742397,0
1.0,0.94028765,2.542456,0
1.0,0.9362411,2.5855649,0
1.0,0.9394981,2.6362383,0
1.0,0.9343826,2.592424,0
1.0,0.93731624,2.5646195,0
1.0,0.93169343,2.5003195,0
1.0,0.9338538,2.4984636,0
1.0,0.9255035,2.4688604,0
1.0,0.9278812,2.4111967,0
1.0,0.9200871,2.29008,0
1.0,0.9250642,2.2569957,0
1.0,0.9194854,2.2262268,0
1.0,0.9201692,2.1921725,0
1.0,0.9180159,2.2075605,0
1.0,0.9246104,2.2846136,0
1.0,0.92433906,2.3419275,0
1.0,0.9321994,2.4145641,0
1.0,0.93146086,2.455453,0
1.0,0.9291567,2.503036,0
1.0,0.9301343,2.4717593,0
1.0,0.93870485,2.4554331,0
1.0,0.9369634,2.490272,0
1.0,0.932958,2.5216691,0
1.0,0.9339274,2.5706427,0
1.0,0.9409491,2.5847964,0
1.0,0.9412743,2.5440714,0
1.0,0.93839955,2.5230618,0
1.0,0.9391541,2.4980872,0
1.0,0.9392562,2.4390814,0
1.0,0.9436538,2.4172592,0
1.0,0.94187677,2.3981113,0
1.0,0.9446836,2.3902507,0
1.0,0.9487624,2.4179893,0
1.0,0.95365536,2.4434385,0
1.0,0.94982624,2.427564,0
1.0,0.951437,2.4411678,0
1.0,0.9532428,2.4649253,0
1.0,0.95717317,2.500492,0
1.0,0.94909304,2.4951198,0
1.0,0.94736475,2.5353358,0
1.0,0.94634455,2.586207,0
1.0,0.9493546,2.673665,0
1.0,0.9418934,2.7312722,0
1.0,0.9406932,2.741053,0
1.0,0.9387311,2.7468634,0
1.0,0.9452602,2.7425475,0
1.0,0.9401621,2.6662512,0
1.0,0.9390846,2.6366313,0
1.0,0.9368599,2.6313853,0
1.0,0.9420316,2.6318984,0
1.0,0.9407709,2.563962,0
1.0,0.9383634,2.5608158,0
1.0,0.93859106,2.6704803,0
1.0,0.94589996,2.7287705,0
1.0,0.94673353,2.7207367,0
1.0,0.9490185,2.744171,0
1.0,0.9502086,2.7453938,0
1.0,0.9537664,2.7928452,0
1.0,0.9546716,2.8375719,0
1.0,0.95441586,2.8694127,0
1.0,0.9554797,3.008197,0
1.0,0.95641786,3.0573478,0
1.0,0.9575139,3.008479,0
1.0,0.96032345,3.0416377,0
1.0,0.9595162,3.0496142,0
1.0,0.96057564,3.0498822,0
1.0,0.96293676,3.07357,0
1.0,0.9638911,3.0722132,0
1.0,0.9624482,3.0346317,0
1.0,0.9609914,3.0018616,0
1.0,0.9603018,3.0005999,0
1.0,0.9604696,3.0065975,0
1.0,0.96030104,3.0620668,0
1.0,0.9636235,3.0881968,0
1.0,0.96554035,3.074595,0
1.0,0.9671085,3.1142933,0
1.0,0.96768916,3.1220942,0
1.0,0.96633106,3.1551743,0
1.0,0.9674018,3.2119503,0
1.0,0.96678036,3.2762535,0
1.0,0.9677425,3.38763,0
1.0,0.96757776,3.4079175,0
1.0,0.9682617,3.4820738,0
1.0,0.9684484,3.538783,0
1.0,0.9676752,3.4135017,0
1.0,0.96683663,3.371418,0
1.0,0.96880543,3.4190755,0
1.0,0.9666971,3.3499217,0
1.0,0.96742487,3.3717904,0
1.0,0.9667595,3.4517474,0
1.0,0.96835876,3.531609,0
1.0,0.96702373,3.5984845,0
1.0,0.96954805,3.4982662,0
1.0,0.9695104,3.439186,0
1.0,0.97300637,3.5576015,0
1.0,0.97347516,3.6668324,0
1.0,0.97579134,3.7679644,0
1.0,0.97525895,3.8659315,0
1.0,0.97800726,3.9701705,0
1.0,0.97731596,4.0150156,0
1.0,0.9776102,4.0660186,0
1.0,0.9755249,4.1154323,0
1.0,0.97646445,4.124245,0
1.0,0.97423774,4.179227,0
1.0,0.97264695,4.194175,0
1.0,0.9716177,4.166445,0
1.0,0.9734239,4.196548,0
1.0,0.97226006,4.164412,0
1.0,0.970281,4.1624775,0
1.0,0.969373,4.206768,0
1.0,0.97183603,4.2389755,0
1.0,0.97269183,4.2196684,0
1.0,0.9718383,4.135974,0
1.0,0.971884,4.1544476,0
1.0,0.97284454,4.2327433,0
1.0,0.97194594,4.3359566,0
1.0,0.97382516,4.4502053,0
1.0,0.974534,4.471196,0
1.0,0.9754385,4.4889936,0
1.0,0.97411025,4.578697,0
1.0,0.973478,4.6187897,0
1.0,0.97320324,4.6150894,0
1.0,0.97408706,4.60949,0
1.0,0.97232133,4.578115,0
1.0,0.9726688,4.6791153,0
1.0,0.97137296,4.765252,0
1.0,0.97220457,4.722821,0
1.0,0.97048193,4.6263027,0
1.0,0.9699592,4.5357084,0
1.0,0.96869355,4.490994,0
1.0,0.969495,4.4958577,0
1.0,0.9695673,4.497442,0
1.0,0.9697459,4.5161657,0
1.0,0.97071785,4.561624,0
1.0,0.9698495,4.659892,0
1.0,0.9690614,4.715259,0
1.0,0.970616,4.7776937,0
1.0,0.9713775,4.830024,0
1.0,0.97188044,4.833477,0
1.0,0.9706199,4.9499807,0
1.0,0.9704029,5.0577445,0
1.0,0.9707353,5.018233,0
1.0,0.97041994,4.981123,0
1.0,0.96848774,4.980871,0
1.0,0.9667412,5.016064,0
1.0,0.96494174,5.019717,0
1.0,0.96268016,4.922236,0
1.0,0.96148187,4.7931786,0
1.0,0.9594721,4.712109,0
1.0,0.9602197,4.7004085,0
1.0,0.9607842,4.74387,0
1.0,0.96314126,4.8055,0
1.0,0.9622607,4.8170176,0
1.0,0.9654183,4.80224,0
1.0,0.9658332,4.809304,0
1.0,0.9654008,4.873874,0
1.0,0.96417975,4.8906612,0
1.0,0.9664488,4.8908424,0
1.0,0.9675198,4.901344,0
1.0,0.9656949,4.9971895,0
1.0,0.9646422,5.133416,0
1.0,0.9669863,5.155127,0
1.0,0.9691942,5.15126,0
1.0,0.9689433,5.1847243,0
1.0,0.9677797,5.2103224,0
1.0,0.9670838,5.2017765,0
1.0,0.966413,5.139329,0
1.0,0.965775,5.0076694,0
1.0,0.964093,4.862935,0
1.0,0.96280885,4.9403753,0
1.0,0.9626754,5.0764704,0
1.0,0.96411306,5.0358896,0
1.0,0.964098,4.951208,0
1.0,0.96448374,4.9642715,0
1.0,0.9647812,5.0835056,0
1.0,0.9631749,5.102686,0
1.0,0.9620033,5.1181145,0
1.0,0.961468,5.218067,0
1.0,0.9620732,5.27485,0
1.0,0.9613279,5.409463,0
1.0,0.95688784,5.662998,0
1.0,0.9559393,5.7730017,0
1.0,0.95472544,5.67937,0
1.0,0.95534074,5.5810122,0
1.0,0.9493826,5.527433,0
1.0,0.94846034,5.5652533,0
1.0,0.94805205,5.6648645,0
1.0,0.94963884,5.654133,0
1.0,0.9443217,5.610096,0
1.0,0.9433341,5.6900606,0
1.0,0.9418064,5.734356,0
1.0,0.94071597,5.695958,0
1.0,0.9349486,5.5721025,0
1.0,0.9355046,5.5408726,0
1.0,0.9329943,5.580342,0
1.0,0.93470895,5.63319,0
1.0,0.93165773,5.6612673,0
1.0,0.93351203,5.672308,0
1.0,0.936383,5.707471,0
1.0,0.93786323,5.8123355,0
1.0,0.93384135,5.8248787,0
1.0,0.9334228,5.7937346,0
1.0,0.93588233,5.7306824,0
1.0,0.93651766,5.7071595,0
1.0,0.9378069,5.8709574,0
1.0,0.9396886,5.9391766,0
1.0,0.94472134,5.814062,0
1.0,0.94796085,5.753516,0
1.0,0.9489003,5.708814,0
1.0,0.95165366,5.639956,0
1.0,0.9554076,5.6483192,0
1.0,0.95439726,5.556784,0
1.0,0.9542101,5.333936,0
1.0,0.9554812,5.2613063,0
1.0,0.9568504,5.317601,0
1.0,0.9548257,5.3772664,0
1.0,0.95784926,5.4444246,0
1.0,0.9585372,5.3999596,0
1.0,0.9622169,5.265048,0
1.0,0.9619123,5.234126,0
1.0,0.96281695,5.2229342,0
1.0,0.96235734,5.114602,0
1.0,0.9658013,5.111695,0
1.0,0.9651792,5.064397,0
1.0,0.9662873,5.0173073,0
1.0,0.9658405,5.0302334,0
1.0,0.96627253,4.9694214,0
1.0,0.9666844,4.8478336,0
1.0,0.9671689,4.7595453,0
1.0,0.9673679,4.768695,0
1.0,0.97034955,4.786148,0
1.0,0.9722129,4.7901745,0
1.0,0.97263396,4.7702847,0
1.0,0.9734344,4.6706505,0
1.0,0.97387785,4.7173514,0
1.0,0.9722302,4.799686,0
1.0,0.9726934,4.6577363,0
1.0,0.97370344,4.5334716,0
1.0,0.9739683,4.590604,0
1.0,0.97345746,4.649377,0
1.0,0.9728124,4.6157227,0
1.0,0.97400486,4.662178,0
1.0,0.9746323,4.6241665,0
1.0,0.9736719,4.503361,0
1.0,0.97349584,4.4664054,0
1.0,0.972022,4.4680767,0
1.0,0.9718327,4.422884,0
1.0,0.9717632,4.3194942,0
1.0,0.97211164,4.212731,0
1.0,0.9718214,4.169412,0
1.0,0.97222704,4.198786,0
1.0,0.9715992,4.2480326,0
1.0,0.97287786,4.2441483,0
1.0,0.9735311,4.2241645,0
1.0,0.9746411,4.1914973,0
1.0,0.97253674,4.175872,0
1.0,0.97412974,4.218818,0
1.0,0.9751515,4.1883144,0
1.0,0.97671664,4.126193,0
1.0,0.97482115,4.1549444,0
1.0,0.9754146,4.1946197,0
1.0,0.9755668,4.1946707,0
1.0,0.9766283,4.2088165,0
1.0,0.9760646,4.115527,0
1.0,0.9770642,4.1027417,0
1.0,0.97542167,4.11709,0
1.0,0.9754356,3.9879794,0
1.0,0.9748571,3.8440342,0
1.0,0.975176,3.8068519,0
1.0,0.97383523,3.8088822,0
1.0,0.97440535,3.7534852,0
1.0,0.9715901,3.7515402,0
1.0,0.9718112,3.7453074,0
1.0,0.9711581,3.5706387,0
1.0,0.97328067,3.56844,0
1.0,0.9706518,3.7520523,0
1.0,0.97235876,3.815538,0
1.0,0.9751971,3.8403468,0
1.0,0.9772463,3.9151597,0
1.0,0.97640866,3.9195347,0
1.0,0.976971,3.9220467,0
1.0,0.9756891,3.989622,0
1.0,0.9760252,3.9467967,0
1.0,0.9751355,3.7829847,0
1.0,0.9749522,3.782693,0
1.0,0.9733088,3.8100748,0
1.0,0.9738796,3.7750862,0
1.0,0.97287196,3.7792313,0
1.0,0.97252876,3.7361298,0
1.0,0.9718694,3.6834128,0
1.0,0.9720542,3.7055645,0
1.0,0.9696418,3.6849813,0
1.0,0.9694443,3.6284063,0
1.0,0.9714362,3.6059682,0
1.0,0.972011,3.576261,0
1.0,0.971403,3.559555,0
1.0,0.9709693,3.5822992,0
1.0,0.97344095,3.599743,0
1.0,0.97235185,3.6083245,0
1.0,0.97297645,3.666654,0
1.0,0.972273,3.7379258,0
1.0,0.9720382,3.829608,0
1.0,0.97049654,3.852415,0
1.0,0.97127616,3.7802486,0
1.0,0.97002316,3.7725856,0
1.0,0.9702223,3.820735,0
1.0,0.96879524,3.8163505,0
1.0,0.9699583,3.6843967,0
1.0,0.96774286,3.5935595,0
1.0,0.9686659,3.543993,0
1.0,0.96589583,3.4457674,0
1.0,0.96524054,3.4673927,0
1.0,0.96250206,3.4590988,0
1.0,0.96221185,3.3548112,0
1.0,0.9592135,3.447141,0
1.0,0.9618163,3.5549152,0
1.0,0.96001244,3.4735217,0
1.0,0.96381253,3.5069485,0
1.0,0.9599796,3.4893456,0
1.0,0.96240115,3.4400654,0
1.0,0.96024126,3.5064144,0
1.0,0.9626027,3.5358164,0
1.0,0.9610139,3.5077991,0
1.0,0.9620593,3.5620165,0
1.0,0.957625,3.523993,0
1.0,0.959857,3.4487624,0
1.0,0.9559667,3.4060078,0
1.0,0.958043,3.3738647,0
1.0,0.9539692,3.2834787,0
1.0,0.9557798,3.2457259,0
1.0,0.95101774,3.1941507,0
1.0,0.95183074,3.1675823,0
1.0,0.94814485,3.0927804,0
1.0,0.9473945,3.0007734,0
1.0,0.94237715,2.9908183,0
1.0,0.9429493,2.9770606,0
1.0,0.9438057,2.9280338,0
1.0,0.94818556,2.9821677,0
1.0,0.9456152,2.996741,0
1.0,0.9482358,3.0394795,0
1.0,0.9539969,3.1285372,0
1.0,0.95202345,3.10535,0
1.0,0.95288676,3.1086397,0
1.0,0.9513838,3.0568929,0
1.0,0.95356643,3.0375981,0
1.0,0.95113957,3.0604365,0
1.0,0.95024747,2.9290617,0
1.0,0.947004,2.81851,0
1.0,0.9499421,2.828507,0
1.0,0.9470968,2.7790813,0
1.0,0.945448,2.751263,0
1.0,0.94020206,2.704555,0
1.0,0.9438767,2.6656575,0
1.0,0.93894225,2.6606069,0
1.0,0.9388505,2.6585474,0
1.0,0.932922,2.5734735,0
1.0,0.9369441,2.6395311,0
1.0,0.9382795,2.7559357,0
1.0,0.93831855,2.7316146,0
1.0,0.938387,2.742867,0
1.0,0.943143,2.800108,0
1.0,0.94627,2.7719166,0
1.0,0.9439313,2.7631536,0
1.0,0.94591033,2.8353877,0
1.0,0.94464713,2.8139906,0
1.0,0.9473074,2.7838933,0
1.0,0.94584644,2.743838,0
1.0,0.94418883,2.7336924,0
1.0,0.9436174,2.7813077,0
1.0,0.94850427,2.8160496,0
1.0,0.94760257,2.7475097,0
1.0,0.9492739,2.6734943,0
1.0,0.9474768,2.6222076,0
1.0,0.9518558,2.6416736,0
1.0,0.9524039,2.6294103,0
1.0,0.9577023,2.6586323,0
1.0,0.9550984,2.6845436,0
1.0,0.96000487,2.6905642,0
1.0,0.9572114,2.7031016,0
1.0,0.95787627,2.7394443,0
1.0,0.95248663,2.7003343,0
1.0,0.95449096,2.7111776,0
1.0,0.95148504,2.77108,0
1.0,0.9527952,2.7709281,0
1.0,0.94994265,2.7173905,0
1.0,0.9523328,2.6980753,0
1.0,0.9515675,2.6500802,0
1.0,0.94829607,2.625539,0
1.0,0.9438985,2.5624309,0
1.0,0.94657326,2.4473944,0
1.0,0.9411406,2.3983762,0
1.0,0.93880886,2.3579686,0
1.0,0.929283,2.2875385,0
1.0,0.9281482,2.3574743,0
1.0,0.9194687,2.3400393,0
1.0,0.9186678,2.2199912,0
1.0,0.91532445,2.1974883,0
1.0,0.9178637,2.2206454,0
1.0,0.91018915,2.175644,0
1.0,0.90202045,2.1352978,0
1.0,0.89948857,2.07234,0
1.0,0.893287,2.016925,0
1.0,0.88892335,2.0231571,0
1.0,0.8831415,2.0190573,0
1.0,0.88784593,2.004767,0
1.0,0.8824325,1.9177873,0
1.0,0.8842588,1.8886995,0
1.0,0.88658667,1.8582039,0
1.0,0.8880576,1.805521,0
1.0,0.8885028,1.8032713,0
1.0,0.8805539,1.7205296,0
1.0,0.88678,1.6774795,0
1.0,0.87849885,1.7026862,0
1.0,0.8751188,1.6761287,0
1.0,0.8688763,1.5613652,0
1.0,0.8929393,1.6045203,0
1.0,0.89442736,1.5976219,0
1.0,0.8987891,1.5915557,0
1.0,0.89309114,1.6277763,0
1.0,0.9072672,1.641197,0
1.0,0.8979884,1.5772934,0
1.0,0.8971418,1.5837176,0
1.0,0.88632005,1.5435152,0
1.0,0.89464325,1.5901198,0
1.0,0.88707584,1.5694084,0
1.0,0.8918877,1.4869936,0
1.0,0.8932235,1.4306558,0
1.0,0.9032534,1.4462042,0
1.0,0.8966671,1.4120846,0
1.0,0.9070006,1.3881545,0
1.0,0.9078265,1.3404617,0
1.0,0.91082656,1.3286502,0
1.0,0.90353763,1.3287647,0
1.0,0.90812653,1.337851,0
1.0,0.914979,1.3225193,0
1.0,0.91465497,1.287821,0
1.0,0.9144607,1.2691805,0
1.0,0.9213931,1.3025098,0
1.0,0.92645746,1.3203993,0
1.0,0.9166878,1.3004682,0
1.0,0.9118378,1.2690742,0
1.0,0.90790284,1.2207955,0
1.0,0.91097665,1.2639402,0
1.0,0.8984618,1.2510971,0
1.0,0.8993158,1.1776636,0
1.0,0.90636367,1.1219908,0
1.0,0.91089964,1.1564097,0
1.0,0.90558296,1.1706508,0
1.0,0.8974035,1.1118112,0
1.0,0.90989316,1.1093559,0
1.0,0.9059018,1.0446969,0
1.0,0.90414935,0.9922847,0
1.0,0.89515513,0.9680946,0
1.0,0.9098222,0.98956835,0
1.0,0.9024984,0.9417157,0
1.0,0.90370816,0.9051024,0
1.0,0.89176786,0.8630339,0
1.0,0.8888587,0.8543701,0
1.0,0.8635845,0.8277148,0
1.0,0.8759715,0.8372425,0
1.0,0.85555977,0.7907534,0
1.0,0.8485425,0.7981615,0
1.0,0.8239952,0.7592401,0
1.0,0.85206413,0.7915294,0
1.0,0.83952796,0.741232,0
1.0,0.8342463,0.6676527,0
1.0,0.82547915,0.62368554,0
1.0,0.86855155,0.67607504,0
1.0,0.8619045,0.6262468,0
1.0,0.8592966,0.59641546,0
1.0,0.8633248,0.607895,0
1.0,0.88879585,0.6425046,0
1.0,0.888823,0.6493601,0
1.0,0.8882526,0.66202927,0
1.0,0.88979053,0.62430984,0
1.0,0.90305406,0.62723565,0
1.0,0.91026026,0.6573239,0
1.0,0.8917086,0.6450856,0
1.0,0.8752137,0.60690546,0
1.0,0.8835023,0.5915295,0
1.0,0.8943892,0.62046576,0
1.0,0.90539753,0.6444373,0
1.0,0.8988107,0.6342634,0
1.0,0.8996319,0.6451337,0
1.0,0.9153347,0.6569892,0
1.0,0.9209961,0.645227,0
1.0,0.91171443,0.62954104,0
1.0,0.90788466,0.6013553,0
1.0,0.92694086,0.61920756,0
1.0,0.93704754,0.63261557,0
1.0,0.9264868,0.60151184,0
1.0,0.92002124,0.59696376,0
1.0,0.9376127,0.60392994,0
1.0,0.9349173,0.5844959,0
1.0,0.922623,0.56591666,0
1.0,0.9135921,0.5518497,0
1.0,0.92847466,0.5830524,0
1.0,0.9001755,0.5694431,0
1.0,0.87802804,0.5655852,0
1.0,0.89010775,0.6043489,0
1.0,0.9115055,0.6788348,0
1.0,0.8965739,0.6682214,0
1.0,0.9113549,0.672257,0
1.0,0.92302126,0.6841135,0
1.0,0.93016374,0.67951715,0
1.0,0.9101026,0.6192306,0
1.0,0.92888707,0.6514871,0
1.0,0.93702084,0.6543387,0
1.0,0.93971294,0.63391364,0
1.0,0.91984105,0.59954125,0
1.0,0.9281951,0.5907117,0
1.0,0.9326598,0.5845154,0
1.0,0.9371407,0.59153295,0
1.0,0.9072094,0.55001545,0
1.0,0.9217923,0.58032876,0
1.0,0.92285806,0.59236014,0
1.0,0.9214757,0.60353565,0
1.0,0.8978179,0.58350194,0
1.0,0.897022,0.6012834,0
1.0,0.8903204,0.60784495,0
1.0,0.8942629,0.656939,0
1.0,0.8920993,0.70379466,0
1.0,0.8932636,0.70002747,0
1.0,0.8901006,0.68989587,0
1.0,0.8888816,0.6999378,0
1.0,0.8954278,0.7105895,0
1.0,0.8818616,0.71985924,0
1.0,0.88157934,0.7352445,0
1.0,0.87971556,0.7168495,0
1.0,0.89023113,0.7222744,0
1.0,0.8577228,0.66100407,0
1.0,0.8500551,0.64058346,0
1.0,0.84958863,0.6220453,0
1.0,0.8576622,0.6642461,0
1.0,0.83334637,0.65721416,0
1.0,0.8337494,0.6784791,0
1.0,0.8260441,0.72188026,0
1.0,0.8401949,0.75810754,0
1.0,0.8221667,0.73542935,0
1.0,0.8314271,0.81834936,0
1.0,0.82422173,0.84380174,0
1.0,0.84526694,0.9092872,0
1.0,0.85208786,0.93541294,0
1.0,0.86647105,0.9527409,0
1.0,0.8693095,1.0020018,0
1.0,0.8685905,1.0292699,0
1.0,0.87329555,1.0130922,0
1.0,0.884732,1.0271647,0
1.0,0.8837986,1.0267477,0
1.0,0.87044346,1.0295341,0
1.0,0.88371944,1.0923083,0
1.0,0.8807898,1.1058393,0
1.0,0.88439626,1.1443818,0
1.0,0.8822333,1.1159711,0
1.0,0.89210045,1.1334171,0
1.0,0.9046476,1.155877,0
1.0,0.91096413,1.1731234,0
1.0,0.90710306,1.2285318,0
1.0,0.9157821,1.2713914,0
1.0,0.91869533,1.3271395,0
1.0,0.93259954,1.4504926,0
1.0,0.93489236,1.4713286,0
1.0,0.93786794,1.4784114,0
1.0,0.94029796,1.5070386,0
1.0,0.9464779,1.571514,0
1.0,0.9454065,1.5675416,0
1.0,0.943315,1.530252,0
1.0,0.9459814,1.5030675,0
1.0,0.9523462,1.4795296,0
1.0,0.9524129,1.5330431,0
1.0,0.9499973,1.540453,0
1.0,0.9463787,1.4782143,0
1.0,0.9512825,1.5123743,0
1.0,0.95430726,1.5070996,0
1.0,0.946322,1.5312407,0
1.0,0.9449988,1.6081375,0
1.0,0.9488588,1.5689065,0
1.0,0.9445661,1.5538865,0
1.0,0.9371424,1.6177185,0
1.0,0.9296895,1.667585,0
1.0,0.94473624,1.7633116,0
1.0,0.9456371,1.7405002,0
1.0,0.9425544,1.7081459,0
1.0,0.9382671,1.7405299,0
1.0,0.938189,1.7095727,0
1.0,0.93874955,1.6973338,0
1.0,0.9347778,1.6957675,0
1.0,0.92951035,1.6808422,0
1.0,0.9298343,1.6993228,0
1.0,0.93278694,1.6996317,0
1.0,0.9276588,1.6561522,0
1.0,0.92150676,1.5857368,0
1.0,0.9241138,1.5231755,0
1.0,0.9243221,1.5511414,0
1.0,0.9193939,1.57936,0
1.0,0.9103696,1.5333035,0
1.0,0.91401136,1.5191933,0
1.0,0.9115376,1.5172755,0
1.0,0.90554357,1.5027847,0
1.0,0.9035351,1.533468,0
1.0,0.9086283,1.5544529,0
1.0,0.90630895,1.5281928,0
1.0,0.9078876,1.5877397,0
1.0,0.8975519,1.5806429,0
1.0,0.893933,1.5589701,0
1.0,0.88224584,1.5193325,0
1.0,0.8844547,1.4606795,0
1.0,0.8804062,1.3855621,0
1.0,0.89150023,1.4203196,0
1.0,0.888926,1.4498682,0
1.0,0.8891085,1.4041374,0
1.0,0.8806439,1.3243837,0
1.0,0.900441,1.3463362,0
1.0,0.8838208,1.3173226,0
1.0,0.88251954,1.3206745,0
1.0,0.8700492,1.2571971,0
1.0,0.8882132,1.2856009,0
1.0,0.87298524,1.2764798,0
1.0,0.8698626,1.3028026,0
1.0,0.8636377,1.3269367,0
1.0,0.8739844,1.3385352,0
1.0,0.8655546,1.2921138,0
1.0,0.86847854,1.3193147,0
1.0,0.8579157,1.2982752,0
1.0,0.86525106,1.3158141,0
1.0,0.8561794,1.2664812,0
1.0,0.8521951,1.205174,0
1.0,0.8556107,1.2375829,0
1.0,0.85902625,1.2537634,0
1.0,0.86167645,1.2158883,0
1.0,0.867876,1.2288947,0
1.0,0.8617477,1.2012681,0
1.0,0.8549483,1.1745846,0
1.0,0.85795844,1.1956291,0
1.0,0.85496306,1.1680775,0
1.0,0.84050435,1.1473744,0
1.0,0.8286557,1.1069331,0
1.0,0.84892696,1.1422575,0
1.0,0.8478173,1.1503985,0
1.0,0.8549707,1.1885555,0
1.0,0.8362989,1.1651002,0
1.0,0.85930204,1.1571558,0
1.0,0.8587847,1.1693614,0
1.0,0.874185,1.2333292,0
1.0,0.862051,1.1853688,0
1.0,0.88011384,1.2235484,0
1.0,0.8712198,1.1827328,0
1.0,0.88485605,1.1864948,0
1.0,0.8684762,1.1288214,0
1.0,0.8868337,1.1286219,0
1.0,0.8817476,1.0787122,0
1.0,0.8946379,1.0709974,0
1.0,0.8807324,1.0645761,0
1.0,0.90099555,1.1326102,0
1.0,0.8879121,1.0665758,0
1.0,0.896805,1.0586947,0
1.0,0.89132744,1.0491835,0
1.0,0.9040883,1.0872216,0
1.0,0.8945218,1.1282732,0
1.0,0.91390574,1.1542194,0
1.0,0.89932466,1.0745635,0
1.0,0.9036151,1.112109,0
1.0,0.8962546,1.1093032,0
1.0,0.89853674,1.1403537,0
1.0,0.90297455,1.1644294,0
1.0,0.9007991,1.1001096,0
1.0,0.90234417,1.0707159,0
1.0,0.89534795,1.0215547,0
1.0,0.90051997,0.9976009,0
1.0,0.915298,1.0338113,0
1.0,0.9216421,1.0818579,0
1.0,0.91654927,1.100644,0
1.0,0.92376345,1.1291037,0
1.0,0.92982525,1.1830173,0
1.0,0.9279094,1.1715333,0
1.0,0.9253573,1.1282581,0
1.0,0.9371407,1.1367139,0
1.0,0.9411784,1.1238207,0
1.0,0.9410768,1.1355855,0
1.0,0.9359194,1.1380873,0
1.0,0.94252235,1.1727614,0
1.0,0.9458513,1.2225795,0
1.0,0.9465541,1.2364466,0
1.0,0.92735434,1.2320675,0
1.0,0.935488,1.2362859,0
1.0,0.9371483,1.1785251,0
1.0,0.9379589,1.180357,0
1.0,0.9299191,1.1731422,0
1.0,0.9310736,1.178433,0
1.0,0.9451123,1.1849213,0
1.0,0.93961906,1.1269969,0
1.0,0.9382027,1.1345099,0
1.0,0.93823665,1.1520925,0
1.0,0.9412486,1.193987,0
1.0,0.92745703,1.1742656,0
1.0,0.9253484,1.132304,0
1.0,0.9176409,1.1440737,0
1.0,0.9186046,1.1861564,0
1.0,0.9047195,1.1761405,0
1.0,0.900432,1.1958385,0
1.0,0.8874156,1.185154,0
1.0,0.8941993,1.2328811,0
1.0,0.8769412,1.2580462,0
1.0,0.87690324,1.2445612,0
1.0,0.87254524,1.1946576,0
1.0,0.8834318,1.170963,0
1.0,0.8773697,1.1490314,0
1.0,0.89244753,1.2286391,0
1.0,0.8957913,1.2603976,0
1.0,0.9068506,1.2864864,0
1.0,0.8935456,1.262424,0
1.0,0.9091485,1.3147334,0
1.0,0.9011695,1.2953978,0
1.0,0.89159757,1.275216,0
1.0,0.8780818,1.2585644,0
1.0,0.89187056,1.2570232,0
1.0,0.881796,1.3035303,0
1.0,0.87951785,1.4031599,0
1.0,0.87483597,1.4151025,0
1.0,0.8975057,1.4746165,0
1.0,0.9012213,1.4890211,0
1.0,0.9071312,1.5561826,0
1.0,0.9060516,1.583934,0
1.0,0.9238326,1.6243623,0
1.0,0.92561316,1.6145854,0
1.0,0.928638,1.5764668,0
1.0,0.9238055,1.5911736,0
1.0,0.93365777,1.6236777,0
1.0,0.9338405,1.5932734,0
1.0,0.93416977,1.5636814,0
1.0,0.92721915,1.5054967,0
1.0,0.9307367,1.5840921,0
1.0,0.919581,1.6178986,0
1.0,0.9099737,1.5497793,0
1.0,0.9070512,1.4471664,0
1.0,0.91247755,1.4218078,0
1.0,0.90589213,1.4457313,0
1.0,0.91344464,1.5235572,0
1.0,0.9189672,1.5310462,0
1.0,0.92709464,1.527323,0
1.0,0.9241127,1.5491341,0
1.0,0.92726094,1.5711393,0
1.0,0.9293213,1.5604719,0
1.0,0.92382264,1.5555761,0
1.0,0.9217439,1.5542432,0
1.0,0.9167136,1.5185329,0
1.0,0.91348773,1.5437073,0
1.0,0.8969028,1.5147196,0
1.0,0.8971936,1.4222541,0
1.0,0.8947279,1.3206366,0
1.0,0.9019514,1.3123984,0
1.0,0.8851382,1.3032994,0
1.0,0.8918442,1.3182558,0
1.0,0.88180536,1.2339202,0
1.0,0.89566463,1.2424254,0
1.0,0.8843941,1.2631305,0
1.0,0.90358114,1.3467646,0
1.0,0.89848614,1.3438168,0
1.0,0.9105831,1.3491948,0
1.0,0.90088093,1.3384202,0
1.0,0.9126203,1.3929863,0
1.0,0.9014524,1.4395939,0
1.0,0.9064002,1.5070004,0
1.0,0.8919476,1.4011838,0
1.0,0.9024719,1.3603654,0
1.0,0.89587885,1.3552763,0
1.0,0.90482515,1.370358,0
1.0,0.9096697,1.3628622,0
1.0,0.922185,1.37498,0
1.0,0.920098,1.3449986,0
1.0,0.9247812,1.383524,0
1.0,0.93413,1.4675374,0
1.0,0.9389754,1.4630466,0
1.0,0.93331563,1.4506198,0
1.0,0.9346613,1.463049,0
1.0,0.94271904,1.4821279,0
1.0,0.9456963,1.53653,0
1.0,0.9424153,1.5786793,0
1.0,0.9369049,1.5622995,0
1.0,0.9474585,1.5834789,0
1.0,0.9462057,1.638442,0
1.0,0.9430202,1.7142063,0
1.0,0.9313491,1.696471,0
1.0,0.94655883,1.6986678,0
1.0,0.9442298,1.6874216,0
1.0,0.9416654,1.7453254,0
1.0,0.9330207,1.7529408,0
1.0,0.95086163,1.7444289,0
1.0,0.95139915,1.7323467,0
1.0,0.9476546,1.7572737,0
1.0,0.9379447,1.7617602,0
1.0,0.94623435,1.7856334,0
1.0,0.9414908,1.7795882,0
1.0,0.93562376,1.7538285,0
1.0,0.9283037,1.7320957,0
1.0,0.9298074,1.8208468,0
1.0,0.92499036,1.8841995,0
1.0,0.92037594,1.9006509,0
1.0,0.91645783,1.9132171,0
1.0,0.9198698,1.9753742,0
1.0,0.9159244,2.0502853,0
1.0,0.92255694,2.1092837,0
1.0,0.9254882,2.147357,0
1.0,0.9314807,2.1379633,0
1.0,0.93486714,2.1233616,0
1.0,0.9323079,2.1198049,0
1.0,0.9376672,2.1947675,0
1.0,0.936837,2.1920178,0
1.0,0.9422659,2.1531434,0
1.0,0.9385767,2.1249146,0
1.0,0.9425656,2.1131132,0
1.0,0.93553936,2.1239247,0
1.0,0.9353771,2.1351962,0
1.0,0.9299438,2.0879939,0
1.0,0.9340359,2.152919,0
1.0,0.92902935,2.2131445,0
1.0,0.9320666,2.2975724,0
1.0,0.92851365,2.2980394,0
1.0,0.9365936,2.3001955,0
1.0,0.93506473,2.3203194,0
1.0,0.94036436,2.4460797,0
1.0,0.9427715,2.5122926,0
1.0,0.9514882,2.5170376,0
1.0,0.9527883,2.5328012,0
1.0,0.9560456,2.5392594,0
1.0,0.9524463,2.603382,0
1.0,0.95466805,2.6527905,0
1.0,0.95274705,2.5294275,0
1.0,0.9563218,2.4707997,0
1.0,0.954501,2.4533315,0
1.0,0.95620406,2.518656,0
1.0,0.9592512,2.55213,0
1.0,0.9608571,2.4688191,0
1.0,0.96026826,2.4504669,0
1.0,0.96179736,2.437551,0
1.0,0.96311396,2.5075703,0
1.0,0.9624726,2.6421328,0
1.0,0.9636483,2.6723852,0
1.0,0.9665708,2.6641526,0
1.0,0.96793246,2.7244716,0
1.0,0.96882194,2.8165329,0
1.0,0.9716171,2.8723636,0
1.0,0.97370535,2.8994975,0
1.0,0.97448754,2.8781505,0
1.0,0.97389054,2.8662014,0
1.0,0.9728966,2.9284565,0
1.0,0.97241557,2.9016976,0
1.0,0.9720067,2.8089046,0
1.0,0.97413653,2.7028527,0
1.0,0.973693,2.6617064,0
1.0,0.9722248,2.7635427,0
1.0,0.97518706,2.8547344,0
1.0,0.97659135,2.7754326,0
1.0,0.97808564,2.7411637,0
1.0,0.97853136,2.794967,0
1.0,0.97760904,2.8390713,0
1.0,0.97570837,2.8914266,0
1.0,0.9750659,2.8257425,0
1.0,0.9758474,2.8053296,0
1.0,0.97353244,2.9298875,0
1.0,0.97347677,3.0260756,0
1.0,0.9735849,3.066415,0
1.0,0.97416884,3.0205512,0
1.0,0.97358274,2.9723082,0
1.0,0.9736805,3.020041,0
1.0,0.97211987,3.0457587,0
1.0,0.9727686,3.0256562,0
1.0,0.9724005,2.9048004,0
1.0,0.9744075,2.7818336,0
1.0,0.9733508,2.8369095,0
1.0,0.9736125,2.9059372,0
1.0,0.9748063,2.8364763,0
1.0,0.9776367,2.750412,0
1.0,0.97704756,2.6860433,0
1.0,0.9779874,2.7229168,0
1.0,0.9755671,2.8445792,0
1.0,0.9776543,2.8879526,0
1.0,0.97580874,2.8356638,0
1.0,0.9771721,2.868916,0
1.0,0.9742114,2.9360628,0
1.0,0.97538507,3.0099306,0
1.0,0.97145563,2.9865172,0
1.0,0.97446775,2.8849182,0
1.0,0.9702574,2.8002377,0
1.0,0.97250044,2.8503637,0
1.0,0.9708246,2.8783572,0
1.0,0.97361124,2.8556151,0
1.0,0.97333944,2.7804642,0
1.0,0.9743858,2.695159,0
1.0,0.97253144,2.7187028,0
1.0,0.9728602,2.7582936,0
1.0,0.9743274,2.6706157,0
1.0,0.97595835,2.6009407,0
1.0,0.9758958,2.5761425,0
1.0,0.9762205,2.6093168,0
1.0,0.9748462,2.6462317,0
1.0,0.97580326,2.6121979,0
1.0,0.97444826,2.5482585,0
1.0,0.9736699,2.5513844,0
1.0,0.9711032,2.6278334,0
1.0,0.9683848,2.7072258,0
1.0,0.96528685,2.647199,0
1.0,0.9660271,2.594028,0
1.0,0.9645425,2.654652,0
1.0,0.96120995,2.7155795,0
1.0,0.9608419,2.757882,0
1.0,0.9601513,2.6919904,0
1.0,0.9636156,2.5503855,0
1.0,0.9619684,2.4914937,0
1.0,0.9594296,2.5149865,0
1.0,0.9629992,2.5256739,0
1.0,0.9661252,2.4990716,0
1.0,0.96836656,2.4710288,0
1.0,0.9656593,2.4564986,0
1.0,0.96737635,2.499961,0
1.0,0.9611242,2.508205,0
1.0,0.96298426,2.439039,0
1.0,0.9559783,2.365562,0
1.0,0.9593753,2.4242282,0
1.0,0.9541244,2.5049973,0
1.0,0.95758474,2.5820205,0
1.0,0.95413184,2.4996767,0
1.0,0.96135986,2.4375896,0
1.0,0.96024543,2.428686,0
1.0,0.9622068,2.453043,0
1.0,0.96034175,2.4730687,0
1.0,0.96395665,2.4772363,0
1.0,0.96026653,2.4573712,0
1.0,0.9633575,2.4742792,0
1.0,0.95858973,2.474147,0
1.0,0.959994,2.4787445,0
1.0,0.95281065,2.3792746,0
1.0,0.9564297,2.328548,0
1.0,0.9536186,2.3959935,0
1.0,0.9552726,2.4385157,0
1.0,0.94640857,2.4054832,0
1.0,0.95488346,2.4119987,0
1.0,0.9547104,2.3534875,0
1.0,0.95555043,2.3765445,0
1.0,0.95075774,2.4121153,0
1.0,0.95615816,2.4245465,0
1.0,0.9583695,2.4361014,0
1.0,0.9574208,2.4357433,0
1.0,0.95598316,2.4404159,0
1.0,0.95939827,2.4744189,0
1.0,0.955943,2.4581003,0
1.0,0.9524888,2.4136455,0
1.0,0.94887173,2.3510938,0
1.0,0.9525207,2.3504753,0
1.0,0.9468749,2.3412237,0
1.0,0.9380624,2.2704155,0
1.0,0.9323741,2.172701,0
1.0,0.9373646,2.1660702,0
1.0,0.9327635,2.231205,0
1.0,0.93046373,2.309959,0
1.0,0.9371738,2.3481069,0
1.0,0.94632435,2.3733559,0
1.0,0.941595,2.4159148,0
1.0,0.941253,2.4269083,0
1.0,0.94435984,2.425449,0
1.0,0.9485577,2.454686,0
1.0,0.9408563,2.4078445,0
1.0,0.9391009,2.4094613,0
1.0,0.93804353,2.457278,0
1.0,0.9407721,2.4534955,0
1.0,0.92810947,2.332604,0
1.0,0.9242816,2.2834463,0
1.0,0.92337245,2.271945,0
1.0,0.9265037,2.2661948,0
1.0,0.91739744,2.2500966,0
1.0,0.92120016,2.2591681,0
1.0,0.9213613,2.235631,0
1.0,0.92221594,2.2320762,0
1.0,0.91736305,2.1827776,0
1.0,0.9178805,2.1746907,0
1.0,0.92210525,2.2114437,0
1.0,0.9237233,2.2164583,0
1.0,0.91975844,2.230939,0
1.0,0.9184643,2.290162,0
1.0,0.9171779,2.2957077,0
1.0,0.9158179,2.296173,0
1.0,0.9108639,2.319933,0
1.0,0.90872973,2.3580737,0
1.0,0.9102494,2.449708,0
1.0,0.9158754,2.4570036,0
1.0,0.9210433,2.3585763,0
1.0,0.9170123,2.2674494,0
1.0,0.92339176,2.280954,0
1.0,0.9227495,2.3339546,0
1.0,0.9385115,2.35558,0
1.0,0.9356541,2.2828846,0
1.0,0.94440264,2.3397593,0
1.0,0.9446839,2.392043,0
1.0,0.9522887,2.455982,0
1.0,0.94928914,2.5090888,0
1.0,0.9541637,2.5719392,0
1.0,0.95654863,2.6277614,0
1.0,0.95968986,2.6897342,0
1.0,0.9568253,2.7015347,0
1.0,0.95896316,2.6969583,0
1.0,0.961204,2.7827435,0
1.0,0.96526074,2.9013796,0
1.0,0.9645314,2.9481816,0
1.0,0.9678565,3.0119915,0
1.0,0.9696249,3.0148296,0
1.0,0.97213846,2.9943633,0
1.0,0.9715465,3.0454273,0
1.0,0.9736964,3.0973873,0
1.0,0.9724878,3.0811625,0
1.0,0.9762123,3.0800676,0
1.0,0.97365403,3.0419092,0
1.0,0.9763826,3.0762043,0
1.0,0.9732363,3.1351523,0
1.0,0.9745113,3.1513677,0
1.0,0.9710326,3.106138,0
1.0,0.97270995,3.1011958,0
1.0,0.9706951,3.1957245,0
1.0,0.97098786,3.2860246,0
1.0,0.96803397,3.3587155,0
1.0,0.96914524,3.5096364,0
1.0,0.96838135,3.501158,0
1.0,0.96981704,3.5059547,0
1.0,0.969425,3.63063,0
1.0,0.9710952,3.618748,0
1.0,0.97094774,3.5652127,0
1.0,0.97098756,3.5783756,0
1.0,0.9698942,3.494565,0
1.0,0.9693963,3.4416115,0
1.0,0.968966,3.4551878,0
1.0,0.96958816,3.3812802,0
1.0,0.96832633,3.3562784,0
1.0,0.967132,3.3972602,0
1.0,0.9635646,3.312871,0
1.0,0.9656314,3.3197231,0
1.0,0.9645837,3.373557,0
1.0,0.9656771,3.4057126,0
1.0,0.965855,3.5489254,0
1.0,0.96445113,3.6881454,0
1.0,0.9638763,3.6654196,0
1.0,0.96426356,3.6070602,0
1.0,0.966237,3.6427102,0
1.0,0.9677076,3.6719124,0
1.0,0.9671942,3.6951113,0
1.0,0.96816236,3.7833407,0
1.0,0.9687844,3.776572,0
1.0,0.96935576,3.7449517,0
1.0,0.96900785,3.7801726,0
1.0,0.9664964,3.6932235,0
1.0,0.964737,3.5402246,0
1.0,0.9651237,3.5871394,0
1.0,0.9672172,3.6241646,0
1.0,0.9681446,3.4769769,0
1.0,0.96892124,3.457481,0
1.0,0.96998805,3.3959777,0
1.0,0.9705447,3.3025005,0
1.0,0.9706727,3.405202,0
1.0,0.9709367,3.457229,0
1.0,0.9721372,3.504572,0
1.0,0.9735145,3.642193,0
1.0,0.9737394,3.6896176,0
1.0,0.9735163,3.67995,0
1.0,0.9732559,3.8021297,0
1.0,0.9742941,3.8940725,0
1.0,0.9767694,3.8587573,0
1.0,0.9755359,3.870181,0
1.0,0.9737293,3.771182,0
1.0,0.97546005,3.6598732,0
1.0,0.9728266,3.612309,0
1.0,0.9720088,3.4731307,0
1.0,0.96825635,3.3365154,0
1.0,0.9708275,3.3200336,0
1.0,0.96840805,3.30457,0
1.0,0.9692113,3.3209486,0
1.0,0.9648214,3.383116,0
1.0,0.96680874,3.461778,0
1.0,0.96756864,3.4530528,0
1.0,0.96801436,3.5383117,0
1.0,0.96596473,3.5422091,0
1.0,0.9682653,3.450422,0
1.0,0.9692508,3.488306,0
1.0,0.97082704,3.5756133,0
1.0,0.96725,3.5027685,0
1.0,0.9689808,3.487121,0
1.0,0.9693369,3.5443015,0
1.0,0.97179645,3.5529447,0
1.0,0.9693722,3.564108,0
1.0,0.9686385,3.6172583,0
1.0,0.96548957,3.5752044,0
1.0,0.9680108,3.522194,0
1.0,0.96620053,3.4336805,0
1.0,0.96498525,3.3400996,0
1.0,0.96448797,3.3621128,0
1.0,0.9672705,3.3716674,0
1.0,0.9666868,3.248446,0
1.0,0.9666528,3.1613407,0
1.0,0.96820307,3.2140071,0
1.0,0.9710948,3.2670503,0
1.0,0.97298133,3.3450441,0
1.0,0.97307205,3.382769,0
1.0,0.9737172,3.3341193,0
1.0,0.9742134,3.3598146,0
1.0,0.9745525,3.4431052,0
1.0,0.97635436,3.4654548,0
1.0,0.9760394,3.479329,0
1.0,0.97767055,3.469387,0
1.0,0.97693205,3.4107463,0
1.0,0.97493434,3.3308089,0
1.0,0.9702037,3.2387974,0
1.0,0.9709858,3.122279,0
1.0,0.969427,3.0590038,0
1.0,0.9687104,3.099944,0
1.0,0.9659141,3.0868657,0
1.0,0.96709174,3.058879,0
1.0,0.9659593,3.0606263,0
1.0,0.9675895,2.9869123,0
1.0,0.96335685,2.93226,0
1.0,0.9632749,2.9662714,0
1.0,0.9587512,2.979496,0
1.0,0.96024805,2.938407,0
1.0,0.9587671,2.8711326,0
1.0,0.9585459,2.8940697,0
1.0,0.9539776,2.9065216,0
1.0,0.9553172,2.9166813,0
1.0,0.95355976,2.8295345,0
1.0,0.95316523,2.8014219,0
1.0,0.9481266,2.8538454,0
1.0,0.9479797,2.8514318,0
1.0,0.94104785,2.748623,0
1.0,0.93968445,2.655707,0
1.0,0.9357006,2.5678668,0
1.0,0.93395776,2.562664,0
1.0,0.93825585,2.6750827,0
1.0,0.9397712,2.679594,0
1.0,0.9421567,2.567893,0
1.0,0.94423133,2.5685978,0
1.0,0.9474094,2.6472242,0
1.0,0.9456986,2.7016716,0
1.0,0.9520347,2.7564974,0
1.0,0.9537653,2.7436023,0
1.0,0.9586052,2.7390947,0
1.0,0.9578223,2.7822752,0
1.0,0.96180797,2.8512616,0
1.0,0.96138024,2.836895,0
1.0,0.96313167,2.8199644,0
1.0,0.960916,2.7913284,0
1.0,0.96270746,2.786347,0
1.0,0.95981175,2.7698512,0
1.0,0.9569599,2.7382355,0
1.0,0.955715,2.6991718,0
1.0,0.9574643,2.6418233,0
1.0,0.9538435,2.6614888,0
1.0,0.9531308,2.6828756,0
1.0,0.9489745,2.610237,0
1.0,0.9524226,2.6070437,0
1.0,0.9490877,2.566608,0
1.0,0.94302624,2.5630975,0
1.0,0.9416238,2.5735097,0
1.0,0.9444359,2.5011444,0
1.0,0.93999076,2.4968545,0
1.0,0.93619627,2.5644517,0
1.0,0.93124855,2.571313,0
1.0,0.9343483,2.5813203,0
1.0,0.9276535,2.5175707,0
1.0,0.9223576,2.4301038,0
1.0,0.9183922,2.4403288,0
1.0,0.92593193,2.5012383,0
1.0,0.9222369,2.4468417,0
1.0,0.9163556,2.312515,0
1.0,0.9124732,2.1971838,0
1.0,0.91805124,2.1479473,0
1.0,0.912875,2.0933573,0
1.0,0.92062813,2.1241145,0
1.0,0.9162962,2.0701017,0
1.0,0.9256358,2.0593743,0
1.0,0.9203317,2.1077955,0
1.0,0.9221873,2.1373014,0
1.0,0.9194301,2.1033468,0
1.0,0.9283894,2.0739574,0
1.0,0.9291667,2.114806,0
1.0,0.93443125,2.1940532,0
1.0,0.9347632,2.2085133,0
1.0,0.9461015,2.3096395,0
1.0,0.9489576,2.2436817,0
1.0,0.9512644,2.1746998,0
1.0,0.95084584,2.2152784,0
1.0,0.9519471,2.1987696,0
1.0,0.95587444,2.1926093,0
1.0,0.95645195,2.1443944,0
1.0,0.95359194,2.0963628,0
1.0,0.95450306,2.1746721,0
1.0,0.9514873,2.1793585,0
1.0,0.948277,2.089607,0
1.0,0.9488828,2.053327,0
1.0,0.95119965,2.1085606,0
1.0,0.9553096,2.1988914,0
1.0,0.9513794,2.167632,0
1.0,0.95828617,2.1569076,0
1.0,0.9589941,2.1460142,0
1.0,0.96386814,2.1535106,0
1.0,0.95926267,2.2806396,0
1.0,0.9629703,2.3772275,0
1.0,0.96255565,2.3441787,0
1.0,0.96666145,2.3990045,0
1.0,0.9617749,2.408327,0
1.0,0.9627776,2.4091253,0
1.0,0.9601174,2.4243236,0
1.0,0.96368974,2.3581076,0
1.0,0.9569147,2.300206,0
1.0,0.9559957,2.3522868,0
1.0,0.95214945,2.381639,0
1.0,0.9502616,2.3299706,0
1.0,0.93859935,2.2219357,0
1.0,0.94086033,2.1886,0
1.0,0.9385002,2.1506152,0
1.0,0.94294995,2.2544284,0
1.0,0.9440544,2.359995,0
1.0,0.94670457,2.3871543,0
1.0,0.9472443,2.4573498,0
1.0,0.94661033,2.5603166,0
1.0,0.9445017,2.6653626,0
1.0,0.9406581,2.6794982,0
1.0,0.9443201,2.6421552,0
1.0,0.9435139,2.6590815,0
1.0,0.9464729,2.7542167,0
1.0,0.9498627,2.8630607,0
1.0,0.9562081,2.86693,0
1.0,0.9554159,2.795917,0
1.0,0.9577977,2.805599,0
1.0,0.9582778,2.7732756,0
1.0,0.9546739,2.793387,0
1.0,0.95410985,2.852288,0
1.0,0.9565004,2.771939,0
1.0,0.9598125,2.8111038,0
1.0,0.96174276,2.9513319,0
1.0,0.9616741,3.0007138,0
1.0,0.96508646,3.0218844,0
1.0,0.96655613,3.0277853,0
1.0,0.9685263,3.0504632,0
1.0,0.96954155,3.1945257,0
1.0,0.97127926,3.3201137,0
1.0,0.9728723,3.3298688,0
1.0,0.97428334,3.3689907,0
1.0,0.97424185,3.5017354,0
1.0,0.97516257,3.5982199,0
1.0,0.9745779,3.674699,0
1.0,0.9762848,3.7328873,0
1.0,0.9760045,3.6571321,0
1.0,0.97616345,3.617912,0
1.0,0.97481436,3.6641822,0
1.0,0.97353655,3.6167197,0
1.0,0.97467697,3.5376263,0
1.0,0.97436833,3.4890208,0
1.0,0.97440594,3.5425828,0
1.0,0.9753862,3.6199853,0
1.0,0.97307265,3.5897694,0
1.0,0.97344697,3.5729146,0
1.0,0.9718022,3.662393,0
1.0,0.97411776,3.816557,0
1.0,0.9734832,3.8606007,0
1.0,0.9764227,3.9178102,0
1.0,0.9755309,4.013593,0
1.0,0.97785133,4.0272126,0
1.0,0.9764341,4.061183,0
1.0,0.97793245,4.1572504,0
1.0,0.9754052,4.081461,0
1.0,0.9766966,4.004625,0
1.0,0.97483194,3.965693,0
1.0,0.97455263,4.004774,0
1.0,0.97280055,4.0867696,0
1.0,0.97457933,4.0934105,0
1.0,0.97417814,3.9754257,0
1.0,0.9742745,3.936618,0
1.0,0.9736876,4.0616164,0
1.0,0.9745326,4.134589,0
1.0,0.9745189,4.1491013,0
1.0,0.97577274,4.191954,0
1.0,0.9746626,4.1985664,0
1.0,0.97550225,4.2687654,0
1.0,0.97387755,4.3835087,0
1.0,0.9750435,4.4731493,0
1.0,0.9735975,4.460076,0
1.0,0.97312635,4.4980655,0
1.0,0.9714767,4.609456,0
1.0,0.97256154,4.6907425,0
1.0,0.9716142,4.6442976,0
1.0,0.97197884,4.587513,0
1.0,0.97008014,4.668002,0
1.0,0.9686989,4.759995,0
1.0,0.9692161,4.653635,0
1.0,0.9710255,4.5116606,0
1.0,0.9704639,4.5128508,0
1.0,0.97013646,4.639954,0
1.0,0.97085303,4.722842,0
1.0,0.9707003,4.7786407,0
1.0,0.97105366,4.7933064,0
1.0,0.9710254,4.737423,0
1.0,0.97206974,4.829701,0
1.0,0.9695702,4.9788895,0
1.0,0.96784526,5.049161,0
1.0,0.966786,5.0661883,0
1.0,0.9685324,5.0923505,0
1.0,0.96529204,5.1551456,0
1.0,0.96438795,5.264614,0
1.0,0.96183133,5.2662754,0
1.0,0.96476537,5.180104,0
1.0,0.96228856,5.1777725,0
1.0,0.96124035,5.1835556,0
1.0,0.95990336,5.174877,0
1.0,0.9631821,5.1532383,0
1.0,0.9622776,4.9974017,0
1.0,0.9620221,4.949185,0
1.0,0.96140933,5.026651,0
1.0,0.9647021,5.122514,0
1.0,0.9646621,5.241447,0
1.0,0.96422845,5.144493,0
1.0,0.96450883,5.025722,0
1.0,0.9653779,5.31336,0
1.0,0.96183527,5.6015816,0
1.0,0.9593435,5.4819946,0
1.0,0.95854545,5.3181214,0
1.0,0.9592631,5.269909,0
1.0,0.9545405,5.231843,0
1.0,0.9509409,5.1874347,0
1.0,0.94906586,5.0021772,0
1.0,0.9511675,4.8046093,0
1.0,0.9476074,4.6303697,0
1.0,0.94692415,4.470355,0
1.0,0.9491917,4.3745966,0
1.0,0.9556511,4.229538,0
1.0,0.9578392,4.018217,0
1.0,0.96299666,3.8891664,0
1.0,0.9659225,3.7369814,0
1.0,0.9688136,3.5764394,0
1.0,0.9677733,3.4251022,0
1.0,0.9601377,3.285464,0
1.0,0.9507705,3.1345954,0
1.0,0.95047337,3.0178285,0
1.0,0.9412257,2.8626492,0
1.0,0.9113579,2.6870003,0
1.0,0.89655346,2.5664513,0
1.0,0.8834071,2.5519395,0
1.0,0.87199515,2.5324566,0
1.0,0.84408104,2.4960203,0
1.0,0.8532126,2.4728765,0
1.0,0.858601,2.4678245,0
1.0,0.88116175,2.5004625,0
1.0,0.8644045,2.556823,0
1.0,0.86956334,2.639987,0
1.0,0.88906753,2.6049821,0
1.0,0.8998345,2.5530896,0
1.0,0.88181096,2.670165,0
1.0,0.8640178,2.7687864,0
1.0,0.8511054,2.861154,0
1.0,0.8242312,3.0654855,0
1.0,0.7447536,3.5287263,0
1.0,0.7278297,3.838223,0
1.0,0.7491269,3.942134,0
1.0,0.7875543,4.0236073,0
1.0,0.8006613,4.4334993,0
1.0,0.83860815,4.6421585,0
1.0,0.86009467,4.7804728,0
1.0,0.8878992,4.879244,0
1.0,0.8975745,4.94728,0
1.0,0.9127254,5.2210135,0
1.0,0.919586,5.7467318,0
1.0,0.92885447,6.00502,0
1.0,0.9358819,6.177946,0
1.0,0.9369891,6.4725246,0
1.0,0.94032466,7.00205,0
1.0,0.9444336,7.559883,0
1.0,0.9457302,7.8256793,0
1.0,0.94701374,8.080899,0
1.0,0.94623756,8.273098,0
1.0,0.9479564,8.559219,0
1.0,0.9446114,8.991994,0
1.0,0.9461089,9.166629,0
1.0,0.9463485,9.247306,0
1.0,0.94805837,9.216252,0
1.0,0.94867176,9.35384,0
1.0,0.9506299,9.69064,0
1.0,0.9509616,9.928753,0
1.0,0.9528991,9.999834,0
1.0,0.9530011,10.159579,0
1.0,0.9521303,10.453409,0
1.0,0.9521783,10.722807,0
1.0,0.954093,10.941011,0
1.0,0.9550253,11.036602,0
1.0,0.9547506,11.091084,0
1.0,0.9555137,11.43527,0
1.0,0.9580664,11.820177,0
1.0,0.95946455,11.789309,0
1.0,0.9598863,11.726773,0
1.0,0.9593949,11.834198,0
1.0,0.96038395,12.026942,0
1.0,0.9602319,12.302198,0
1.0,0.9590285,12.350965,0
1.0,0.95921373,12.007283,0
1.0,0.9591204,11.928289,0
1.0,0.9595671,12.157527,0
1.0,0.95838743,12.193378,0
1.0,0.9575069,11.930857,0
1.0,0.9579175,11.60355,0
1.0,0.9576808,11.498931,0
1.0,0.95729786,11.52379,0
1.0,0.9565584,11.551435,0
1.0,0.957365,11.513863,0
1.0,0.9575761,11.348478,0
1.0,0.9581143,11.254377,0
1.0,0.9570976,11.312349,0
1.0,0.9583976,11.4193,0
1.0,0.9577665,11.445162,0
1.0,0.95816016,11.13088,0
1.0,0.9579851,10.746428,0
1.0,0.9589318,10.639602,0
1.0,0.95712596,10.55941,0
1.0,0.9561104,10.343159,0
1.0,0.95597774,10.117287,0
1.0,0.95569247,9.890891,0
1.0,0.9538849,9.781588,0
1.0,0.9536028,9.7161665,0
1.0,0.95246243,9.424431,0
1.0,0.9528358,8.982067,0
1.0,0.9512986,8.719576,0
1.0,0.9523502,8.666582,0
1.0,0.95166767,8.55945,0
1.0,0.9518691,8.268382,0
1.0,0.9512962,8.061256,0
1.0,0.95169556,7.8484154,0
1.0,0.9512147,7.8022246,0
1.0,0.9516543,7.8157625,0
1.0,0.9497988,7.465297,0
1.0,0.9497171,7.2139063,0
1.0,0.948605,7.0544434,0
1.0,0.9490727,6.8659353,0
1.0,0.94575334,6.7845564,0
1.0,0.944199,6.578355,0
1.0,0.9419744,6.346452,0
1.0,0.94082487,6.10059,0
1.0,0.9389382,5.865483,0
1.0,0.9378127,5.689569,0
1.0,0.93449974,5.4492183,0
1.0,0.9331396,5.2094955,0
1.0,0.93155146,5.02791,0
1.0,0.9290332,4.976749,0
1.0,0.92945415,4.87446,0
1.0,0.9280886,4.6335983,0
1.0,0.9266735,4.477953,0
1.0,0.92490673,4.3672085,0
1.0,0.9225788,4.3298597,0
1.0,0.9207008,4.2327437,0
1.0,0.9172179,4.0267634,0
1.0,0.9155738,3.849927,0
1.0,0.9129133,3.667468,0
1.0,0.91013396,3.5470283,0
1.0,0.9042891,3.4917722,0
1.0,0.89606786,3.309588,0
1.0,0.8892291,3.1277437,0
1.0,0.876031,3.0488968,0
1.0,0.8656497,2.905867,0
1.0,0.85278213,2.8142705,0
1.0,0.839178,2.7122016,0
1.0,0.8226262,2.4901643,0
1.0,0.8028601,2.3982036,0
1.0,0.7896602,2.344664,0
1.0,0.77761626,2.2724226,0
1.0,0.75885075,2.213707,0
1.0,0.73878217,2.1183991,0
1.0,0.7264093,2.030376,0
1.0,0.6934509,2.0450163,0
1.0,0.6709383,2.0700383,0
1.0,0.64341706,2.040566,0
1.0,0.61708945,1.964889,0
1.0,0.5973309,1.9374902,0
1.0,0.5766452,1.8650541,0
1.0,0.5365391,1.8215597,0
1.0,0.49629685,1.7827034,0
1.0,0.47620627,1.6970413,0
1.0,0.42380178,1.7197556,0
1.0,0.38888502,1.7050489,0
1.0,0.3676349,1.6543555,0
1.0,0.35837018,1.5117372,0
1.0,0.3372748,1.4276485,0
1.0,0.32124245,1.382116,0
1.0,0.3067932,1.2974962,0
1.0,0.31650883,1.2631198,0
1.0,0.29832968,1.248012,0
1.0,0.29076022,1.1680409,0
1.0,0.27223718,1.1643567,0
1.0,0.27962422,1.1129913,0
1.0,0.2746313,1.0747015,0
1.0,0.2657879,0.9987643,0
1.0,0.30456588,0.8497895,0
1.0,0.34106055,0.7375591,0
1.0,0.34846836,0.67925143,0
1.0,0.34716693,0.6510289,0
1.0,0.39309818,0.5596959,0
1.0,0.42072988,0.48592925,0
1.0,0.46601182,0.41042757,0
1.0,0.4781827,0.37167752,0
1.0,0.55317223,0.26944467,0
1.0,0.572268,0.23715028,0
1.0,0.5527815,0.2178657,0
1.0,0.52375823,0.21387102,0
1.0,0.58048046,0.19812974,0
1.0,0.5931198,0.18341261,0
1.0,0.59541106,0.18037954,0
1.0,0.56706107,0.18566349,0
1.0,0.65116155,0.17620927,0
1.0,0.6571728,0.1786924,0
1.0,0.68484247,0.18816124,0
1.0,0.64830184,0.16203372,0
1.0,0.73394036,0.2003127,0
1.0,0.731908,0.20978433,0
1.0,0.6801091,0.20095274,0
1.0,0.6916072,0.23255265,0
1.0,0.7307471,0.28906345,0
1.0,0.7429878,0.3157103,0
1.0,0.73713267,0.33258957,0
1.0,0.75344515,0.36697587,0
1.0,0.81124514,0.43785095,0
1.0,0.7921057,0.43170965,0
1.0,0.7588245,0.43386483,0
1.0,0.7550071,0.46406633,0
1.0,0.80685693,0.57147473,0
1.0,0.7992271,0.58891904,0
1.0,0.8007098,0.59798086,0
1.0,0.81579906,0.6322837,0
1.0,0.86174726,0.70399565,0
1.0,0.86413455,0.6912887,0
1.0,0.8806892,0.71544784,0
1.0,0.89142984,0.76999736,0
1.0,0.9127653,0.848034,0
1.0,0.9136462,0.8482595,0
1.0,0.9069213,0.83085245,0
1.0,0.90105647,0.8328748,0
1.0,0.915848,0.9154385,0
1.0,0.92092824,0.96803033,0
1.0,0.92012876,1.0168204,0
1.0,0.91022617,1.0449414,0
1.0,0.9100267,1.0723717,0
1.0,0.91481376,1.1404264,0
1.0,0.9097289,1.2120965,0
1.0,0.9016806,1.2558863,0
1.0,0.9007706,1.2609694,0
1.0,0.9124083,1.2949941,0
1.0,0.9166988,1.3143765,0
1.0,0.916945,1.2690725,0
1.0,0.9205076,1.2440491,0
1.0,0.9351499,1.2412791,0
1.0,0.9388042,1.2330099,0
1.0,0.93461686,1.2258538,0
1.0,0.93088686,1.2141519,0
1.0,0.9336454,1.2449418,0
1.0,0.92792857,1.246952,0
1.0,0.922753,1.2420108,0
1.0,0.92164356,1.2439926,0
1.0,0.92761725,1.2807157,0
1.0,0.92966807,1.3185948,0
1.0,0.9310404,1.3962181,0
1.0,0.92576844,1.5213543,0
1.0,0.9288361,1.5880027,0
1.0,0.9356806,1.6203234,0
1.0,0.9356772,1.6028342,0
1.0,0.93720543,1.5691442,0
1.0,0.9369541,1.5822935,0
1.0,0.94750077,1.6768575,0
1.0,0.9483518,1.7215242,0
1.0,0.9498765,1.6991494,0
1.0,0.9526446,1.6976906,0
1.0,0.9557633,1.6540192,0
1.0,0.95450455,1.5925726,0
1.0,0.94959456,1.5924973,0
1.0,0.95022273,1.5424577,0
1.0,0.95218456,1.4731271,0
1.0,0.95230854,1.519336,0
1.0,0.9479407,1.5605558,0
1.0,0.9526762,1.6361599,0
1.0,0.95571065,1.7456044,0
1.0,0.9534426,1.7662287,0
1.0,0.95324254,1.7594315,0
1.0,0.9576672,1.7873421,0
1.0,0.9600755,1.8037761,0
1.0,0.9593726,1.7953708,0
1.0,0.96223444,1.8666208,0
1.0,0.9666713,1.9259769,0
1.0,0.9679853,1.883227,0
1.0,0.9673026,1.842757,0
1.0,0.9651537,1.80706,0
1.0,0.9664758,1.7657305,0
1.0,0.9632708,1.7655522,0
1.0,0.9628052,1.7566826,0
1.0,0.95631003,1.6257528,0
1.0,0.9590521,1.6192697,0
1.0,0.95883656,1.6574469,0
1.0,0.9563988,1.677303,0
1.0,0.9528293,1.7289585,0
1.0,0.95250005,1.7338367,0
1.0,0.95543385,1.7066152,0
1.0,0.9501065,1.7582773,0
1.0,0.94700295,1.8048121,0
1.0,0.946139,1.7824776,0
1.0,0.9508776,1.8155284,0
1.0,0.9506653,1.9132916,0
1.0,0.9474495,1.9238577,0
1.0,0.9480006,1.9221176,0
1.0,0.95286703,1.9246747,0
1.0,0.95326555,1.8217968,0
1.0,0.94679004,1.7671,0
1.0,0.9431331,1.7770021,0
1.0,0.94519174,1.701727,0
1.0,0.94653416,1.6843314,0
1.0,0.9459171,1.6924965,0
1.0,0.9419026,1.6733129,0
1.0,0.9465111,1.7089458,0
1.0,0.94295716,1.757306,0
1.0,0.9500431,1.7316651,0
1.0,0.94032425,1.6701498,0
1.0,0.9528902,1.7669258,0
1.0,0.9474402,1.7947621,0
1.0,0.95112514,1.8280303,0
1.0,0.9446203,1.8639016,0
1.0,0.95457214,1.8885574,0
1.0,0.9481936,1.8154966,0
1.0,0.95065755,1.8311696,0
1.0,0.9425859,1.7901938,0
1.0,0.94908386,1.7689362,0
1.0,0.9401879,1.7406505,0
1.0,0.93777275,1.6877902,0
1.0,0.9219778,1.6591072,0
1.0,0.9263315,1.69243,0
1.0,0.9072086,1.5212538,0
1.0,0.91110444,1.4678684,0
1.0,0.8923172,1.5432677,0
1.0,0.9080324,1.6704452,0
1.0,0.8956097,1.6001614,0
1.0,0.9181426,1.6329794,0
1.0,0.9063734,1.6174986,0
1.0,0.9268286,1.690366,0
1.0,0.91217387,1.7447684,0
1.0,0.92331374,1.8480697,0
1.0,0.9117428,1.7325919,0
1.0,0.92442626,1.7252232,0
1.0,0.9149847,1.7051747,0
1.0,0.9254235,1.7319257,0
1.0,0.91499346,1.7598817,0
1.0,0.9324852,1.8358507,0
1.0,0.92840225,1.792073,0
1.0,0.94248366,1.8429632,0
1.0,0.9375316,1.8078585,0
1.0,0.94590306,1.7602072,0
1.0,0.9430197,1.7582071,0
1.0,0.95228714,1.8156908,0
1.0,0.9522905,1.8227898,0
1.0,0.9572095,1.8717663,0
1.0,0.9596181,1.8848257,0
1.0,0.9625161,1.905331,0
1.0,0.96192265,1.9735596,0
1.0,0.96067804,2.043599,0
1.0,0.96313334,2.145701,0
1.0,0.96145296,2.2066245,0
1.0,0.96308386,2.1944828,0
1.0,0.96042067,2.1397994,0
1.0,0.9645542,2.1993482,0
1.0,0.9611984,2.2775311,0
1.0,0.9636406,2.1791892,0
1.0,0.9612222,2.0733976,0
1.0,0.9648985,2.0866163,0
1.0,0.9625546,2.051745,0
1.0,0.9650724,2.0615969,0
1.0,0.95489657,2.0950446,0
1.0,0.9596482,2.0702076,0
1.0,0.9519494,2.0227551,0
1.0,0.9615408,2.0902045,0
1.0,0.9521875,2.0635238,0
1.0,0.9588606,2.1112924,0
1.0,0.95476997,2.164319,0
1.0,0.9594488,2.2105842,0
1.0,0.9565237,2.2397275,0
1.0,0.9589908,2.2508597,0
1.0,0.96184146,2.2177527,0
1.0,0.96448344,2.217835,0
1.0,0.9623465,2.353117,0
1.0,0.9651569,2.4768286,0
1.0,0.966605,2.4281197,0
1.0,0.97012436,2.4126782,0
1.0,0.96813196,2.3644075,0
1.0,0.96951634,2.3447757,0
1.0,0.9687035,2.38019,0
1.0,0.96766573,2.3306303,0
1.0,0.9630715,2.2575424,0
1.0,0.9615696,2.213168,0
1.0,0.96118486,2.1895707,0
1.0,0.9602871,2.2575607,0
1.0,0.9560761,2.3086874,0
1.0,0.9560212,2.2958097,0
1.0,0.9562518,2.2429469,0
1.0,0.95222133,2.2662497,0
1.0,0.95258886,2.336873,0
1.0,0.95489246,2.3750055,0
1.0,0.9551989,2.4405477,0
1.0,0.9552672,2.5214648,0
1.0,0.9484631,2.5329845,0
1.0,0.950335,2.5196307,0
1.0,0.950085,2.4551706,0
1.0,0.9526725,2.451246,0
1.0,0.950802,2.4683628,0
1.0,0.94981444,2.4581532,0
1.0,0.95056427,2.4600167,0
1.0,0.94637495,2.4249449,0
1.0,0.94662756,2.3810544,0
1.0,0.94089913,2.3813586,0
1.0,0.9405737,2.4277368,0
1.0,0.92963606,2.4623525,0
1.0,0.9291584,2.3787994,0
1.0,0.9244569,2.2269385,0
1.0,0.931544,2.2734408,0
1.0,0.92328596,2.2438302,0
1.0,0.93019974,2.3209915,0
1.0,0.93723035,2.49261,0
1.0,0.9407383,2.5069337,0
1.0,0.9391725,2.5709298,0
1.0,0.9481578,2.6054049,0
1.0,0.9456887,2.5145068,0
1.0,0.9514303,2.5070703,0
1.0,0.9445722,2.4235377,0
1.0,0.9532465,2.483284,0
1.0,0.95605,2.6016164,0
1.0,0.9598894,2.623921,0
1.0,0.95784575,2.5914521,0
1.0,0.9622821,2.5377998,0
1.0,0.9628102,2.522003,0
1.0,0.9599247,2.52773,0
1.0,0.9569175,2.458885,0
1.0,0.95891637,2.3728194,0
1.0,0.9624844,2.362815,0
1.0,0.96078986,2.4311624,0
1.0,0.96325296,2.5405025,0
1.0,0.9648959,2.608375,0
1.0,0.9702077,2.667035,0
1.0,0.9719124,2.6437392,0
1.0,0.97286916,2.6621783,0
1.0,0.97478956,2.7386527,0
1.0,0.9730795,2.7231002,0
1.0,0.97608215,2.7103987,0
1.0,0.9738063,2.689039,0
1.0,0.97353137,2.7465668,0
1.0,0.97423506,2.8028886,0
1.0,0.975404,2.7800088,0
1.0,0.9767369,2.7645223,0
1.0,0.9765163,2.7064369,0
1.0,0.9730108,2.6711671,0
1.0,0.97530794,2.7545404,0
1.0,0.9747891,2.6824584,0
1.0,0.9770297,2.6738162,0
1.0,0.9754641,2.76444,0
1.0,0.9775483,2.9189215,0
1.0,0.97542983,3.0622683,0
1.0,0.978289,3.0281425,0
1.0,0.97837055,2.892427,0
1.0,0.9809506,2.90832,0
1.0,0.9792677,3.0145872,0
1.0,0.9803704,3.1399348,0
1.0,0.9794535,3.1931381,0
1.0,0.9814471,3.1645472,0
1.0,0.98037213,3.1530995,0
1.0,0.980497,3.2440755,0
1.0,0.9791262,3.3318322,0
1.0,0.9800514,3.289237,0
1.0,0.9805658,3.1925325,0
1.0,0.9809279,3.1669617,0
1.0,0.9794008,3.1538117,0
1.0,0.9802459,3.1954246,0
1.0,0.97905123,3.200514,0
1.0,0.9795711,3.146607,0
1.0,0.9786564,3.174718,0
1.0,0.97783136,3.3452926,0
1.0,0.97672325,3.4632263,0
1.0,0.97648436,3.366116,0
1.0,0.97838897,3.3303795,0
1.0,0.97857714,3.4531302,0
1.0,0.9788037,3.623197,0
1.0,0.97978485,3.7760196,0
1.0,0.9817453,3.6920547,0
1.0,0.98143804,3.5402446,0
1.0,0.9816166,3.555831,0
1.0,0.98080117,3.5876803,0
1.0,0.97945523,3.5654476,0
1.0,0.9783466,3.4255085,0
1.0,0.9777234,3.269009,0
1.0,0.97684073,3.2628276,0
1.0,0.9767766,3.3580375,0
1.0,0.9743207,3.4367676,0
1.0,0.9719498,3.343409,0
1.0,0.97241396,3.2725015,0
1.0,0.9737607,3.2892666,0
1.0,0.97259706,3.3187747,0
1.0,0.9711731,3.4124713,0
1.0,0.9735329,3.4259198,0
1.0,0.9748896,3.376802,0
1.0,0.9741313,3.482152,0
1.0,0.9720201,3.5952926,0
1.0,0.9759604,3.6307619,0
1.0,0.9765304,3.6540666,0
1.0,0.9769007,3.635745,0
1.0,0.97584265,3.6178517,0
1.0,0.97649866,3.6719086,0
1.0,0.97547215,3.6808171,0
1.0,0.9764232,3.5362473,0
1.0,0.9743386,3.36856,0
1.0,0.97549224,3.4280589,0
1.0,0.9745472,3.585577,0
1.0,0.9737224,3.576105,0
1.0,0.9728448,3.4886608,0
1.0,0.9759562,3.3997726,0
1.0,0.97617996,3.4081402,0
1.0,0.97663236,3.5793009,0
1.0,0.974871,3.6942484,0
1.0,0.97731405,3.7560978,0
1.0,0.976424,3.8411708,0
1.0,0.97716695,3.9203014,0
1.0,0.9756114,4.0395365,0
1.0,0.9757411,4.14655,0
1.0,0.9743376,4.119712,0
1.0,0.9758197,4.0539474,0
1.0,0.97474104,4.122642,0
1.0,0.97398764,4.188106,0
1.0,0.97311395,4.140316,0
1.0,0.9743737,4.156169,0
1.0,0.9744577,4.1261516,0
1.0,0.9742595,4.1548653,0
1.0,0.9727684,4.3273544,0
1.0,0.9746377,4.332436,0
1.0,0.9752181,4.227076,0
1.0,0.9762381,4.266314,0
1.0,0.9751914,4.341873,0
1.0,0.97559637,4.419508,0
1.0,0.9753043,4.513238,0
1.0,0.9753915,4.5064287,0
1.0,0.9746532,4.4811316,0
1.0,0.974883,4.555912,0
1.0,0.9728856,4.710708,0
1.0,0.9722827,4.8247943,0
1.0,0.9715872,4.77725,0
1.0,0.9727706,4.7524705,0
1.0,0.9708302,4.7504163,0
1.0,0.9703771,4.810069,0
1.0,0.9692721,4.860564,0
1.0,0.97044814,4.7842526,0
1.0,0.9697142,4.7089252,0
1.0,0.96887535,4.6401157,0
1.0,0.96739286,4.555008,0
1.0,0.9671838,4.599763,0
1.0,0.96689487,4.553712,0
1.0,0.96775234,4.510867,0
1.0,0.96861917,4.5697265,0
1.0,0.96883094,4.6556067,0
1.0,0.97092235,4.845344,0
1.0,0.9699293,4.879267,0
1.0,0.9716001,4.875506,0
1.0,0.97250044,4.910559,0
1.0,0.9721078,4.914386,0
1.0,0.9703553,4.8912992,0
1.0,0.9713363,4.7520986,0
1.0,0.9714134,4.6478963,0
1.0,0.9706768,4.6304855,0
1.0,0.96914375,4.6225457,0
1.0,0.9684119,4.64203,0
1.0,0.9696259,4.610926,0
1.0,0.96887916,4.5382204,0
1.0,0.97036654,4.4812922,0
1.0,0.9701213,4.470957,0
1.0,0.9703926,4.544169,0
1.0,0.9689428,4.4348316,0
1.0,0.9705198,4.2840433,0
1.0,0.9704212,4.2779374,0
1.0,0.96992683,4.349023,0
1.0,0.9696666,4.429411,0
1.0,0.9717138,4.437297,0
1.0,0.9723656,4.39941,0
1.0,0.97260565,4.469825,0
1.0,0.9722055,4.5593243,0
1.0,0.97288674,4.6159234,0
1.0,0.9750714,4.6214986,0
1.0,0.9744408,4.501385,0
1.0,0.975321,4.5253954,0
1.0,0.9750988,4.6191273,0
1.0,0.97561204,4.6007833,0
1.0,0.9760978,4.522244,0
1.0,0.97587764,4.2182083,0
1.0,0.9767089,4.0758004,0
1.0,0.9755535,4.195392,0
1.0,0.9739749,4.1867037,0
1.0,0.9741623,4.15388,0
1.0,0.9755577,4.117668,0
1.0,0.97510356,4.1278086,0
1.0,0.97476494,4.233081,0
1.0,0.9737158,4.3106475,0
1.0,0.9747971,4.263214,0
1.0,0.9743919,4.131377,0
1.0,0.9743711,4.1846037,0
1.0,0.97281206,4.202262,0
1.0,0.97446334,4.2245107,0
1.0,0.97469974,4.2530627,0
1.0,0.9760166,4.086649,0
1.0,0.97576934,4.040593,0
1.0,0.9750064,4.114771,0
1.0,0.9756083,4.077474,0
1.0,0.9762799,3.9789646,0
1.0,0.9772907,3.8286126,0
1.0,0.97721535,3.7406054,0
1.0,0.9769364,3.7603023,0
1.0,0.97399807,3.6078396,0
1.0,0.9760635,3.4341197,0
1.0,0.9753769,3.3998775,0
1.0,0.975114,3.4032743,0
1.0,0.9738946,3.4320333,0
1.0,0.97481537,3.4512527,0
1.0,0.9727746,3.3612256,0
1.0,0.9739422,3.3049965,0
1.0,0.9719791,3.25671,0
1.0,0.9722487,3.320887,0
1.0,0.97099507,3.3705173,0
1.0,0.9729768,3.193657,0
1.0,0.97142845,3.0878782,0
1.0,0.97177243,3.0893855,0
1.0,0.9702055,3.045725,0
1.0,0.96956897,3.0260139,0
1.0,0.9690507,2.9516075,0
1.0,0.96925384,2.8292046,0
1.0,0.9687182,2.7980523,0
1.0,0.9665903,2.7886472,0
1.0,0.96137893,2.6373987,0
1.0,0.9636439,2.5837717,0
1.0,0.96035284,2.5356326,0
1.0,0.9598993,2.439443,0
1.0,0.9562422,2.4983692,0
1.0,0.9562581,2.6195047,0
1.0,0.9541035,2.5129013,0
1.0,0.95778966,2.4295013,0
1.0,0.9556596,2.431856,0
1.0,0.9538535,2.470868,0
1.0,0.951667,2.5063114,0
1.0,0.9552436,2.4785905,0
1.0,0.95465684,2.4505293,0
1.0,0.95236576,2.4723845,0
1.0,0.9513624,2.4575703,0
1.0,0.94946516,2.413609,0
1.0,0.95392996,2.3887422,0
1.0,0.95100224,2.2360275,0
1.0,0.9523104,2.1434054,0
1.0,0.9511675,2.1878877,0
1.0,0.94806373,2.2086248,0
1.0,0.9523705,2.1720319,0
1.0,0.95230424,2.076725,0
1.0,0.95630294,2.0746994,0
1.0,0.95707226,2.1431289,0
1.0,0.95506227,2.1983166,0
1.0,0.96287686,2.2393408,0
1.0,0.9660452,2.1885972,0
1.0,0.96909404,2.1793876,0
1.0,0.96913356,2.239686,0
1.0,0.97232866,2.2471569,0
1.0,0.9718015,2.2442534,0
1.0,0.9725896,2.262226,0
1.0,0.9691218,2.1870422,0
1.0,0.9692364,2.186841,0
1.0,0.963839,2.255476,0
1.0,0.9653457,2.1744123,0
1.0,0.9643075,2.0137796,0
1.0,0.96578604,2.0568666,0
1.0,0.9630727,2.0770202,0
1.0,0.95976025,2.0259504,0
1.0,0.9597942,1.9900177,0
1.0,0.9581897,1.8879986,0
1.0,0.95571446,1.8852345,0
1.0,0.95542145,2.0272927,0
1.0,0.95138913,2.0447044,0
1.0,0.9568406,2.057364,0
1.0,0.9572215,2.043585,0
1.0,0.9589541,2.037211,0
1.0,0.9579469,2.1305995,0
1.0,0.95148146,2.1630282,0
1.0,0.95315635,2.0854821,0
1.0,0.94845295,2.0026472,0
1.0,0.94622254,1.9986552,0
1.0,0.93890285,2.050624,0
1.0,0.94356215,2.1282442,0
1.0,0.9455803,2.0820723,0
1.0,0.94991636,1.9565368,0
1.0,0.94966066,1.893553,0
1.0,0.955222,1.9563984,0
1.0,0.9554768,1.9805312,0
1.0,0.9602698,1.977725,0
1.0,0.958869,1.9743044,0
1.0,0.96469706,1.9628067,0
1.0,0.9621539,1.9429576,0
1.0,0.9624988,1.9878479,0
1.0,0.9581281,1.9484706,0
1.0,0.9663771,1.8822305,0
1.0,0.9598589,1.9050958,0
1.0,0.9630709,1.9738102,0
1.0,0.9552244,1.9411789,0
1.0,0.9642896,1.953587,0
1.0,0.9594368,1.8973503,0
1.0,0.96120685,1.869623,0
1.0,0.9551967,1.873552,0
1.0,0.9589545,1.8292959,0
1.0,0.95985603,1.6797831,0
1.0,0.9604963,1.6055353,0
1.0,0.9569581,1.5457652,0
1.0,0.96017367,1.5615072,0
1.0,0.9554312,1.5956478,0
1.0,0.955302,1.513848,0
1.0,0.9486551,1.4126022,0
1.0,0.9532185,1.410423,0
1.0,0.95280236,1.4286917,0
1.0,0.9430558,1.4170618,0
1.0,0.93642455,1.3447323,0
1.0,0.937327,1.2696183,0
1.0,0.9367495,1.2757217,0
1.0,0.93241566,1.3161447,0
1.0,0.93188316,1.3179034,0
1.0,0.9348188,1.2523996,0
1.0,0.94532263,1.1837783,0
1.0,0.9418523,1.1385844,0
1.0,0.940285,1.1256347,0
1.0,0.93625456,1.1018963,0
1.0,0.9455277,1.1033016,0
1.0,0.93762434,1.0297242,0
1.0,0.92969835,1.0048058,0
1.0,0.9114139,1.0273585,0
1.0,0.9123713,0.9950378,0
1.0,0.89953274,0.8971776,0
1.0,0.89306396,0.8348375,0
1.0,0.8638654,0.7807508,0
1.0,0.86826414,0.8216285,0
1.0,0.85704523,0.8172146,0
1.0,0.85458845,0.8090263,0
1.0,0.8340151,0.7896613,0
1.0,0.85591584,0.83875406,0
1.0,0.86049217,0.8546655,0
1.0,0.85606354,0.8532892,0
1.0,0.82897377,0.77879006,0
1.0,0.84747976,0.75976455,0
1.0,0.82568634,0.7296842,0
1.0,0.820537,0.75659484,0
1.0,0.7958795,0.7136607,0
1.0,0.7959646,0.68455815,0
1.0,0.8045701,0.66611457,0
1.0,0.80402374,0.6811874,0
1.0,0.77690697,0.65645653,0
1.0,0.7991198,0.6710279,0
1.0,0.8088938,0.64499617,0
1.0,0.8294122,0.68074584,0
1.0,0.8196558,0.7147151,0
1.0,0.8491522,0.79028547,0
1.0,0.84616244,0.80051196,0
1.0,0.85942256,0.819436,0
1.0,0.8539735,0.8031155,0
1.0,0.87064105,0.8518827,0
1.0,0.87068903,0.9235159,0
1.0,0.8881644,0.9893637,0
1.0,0.8712467,0.9015151,0
1.0,0.87556154,0.8853024,0
1.0,0.8744126,0.90669197,0
1.0,0.8899852,0.97276425,0
1.0,0.88557863,0.94779366,0
1.0,0.8984695,0.94100964,0
1.0,0.90210706,0.9825517,0
1.0,0.9191289,1.0274884,0
1.0,0.9098307,0.9912847,0
1.0,0.9192898,1.0166212,0
1.0,0.91665554,1.0234683,0
1.0,0.92527616,1.0493814,0
1.0,0.9116648,1.0565245,0
1.0,0.9135101,1.1019607,0
1.0,0.90852517,1.0981247,0
1.0,0.9226611,1.0955068,0
1.0,0.9100782,1.118629,0
1.0,0.91444117,1.2169544,0
1.0,0.9112727,1.2413836,0
1.0,0.92948717,1.2858012,0
1.0,0.9196964,1.2660797,0
1.0,0.9265196,1.2755785,0
1.0,0.9250527,1.32659,0
1.0,0.9314783,1.358761,0
1.0,0.9270526,1.3133498,0
1.0,0.9224086,1.3111353,0
1.0,0.91691554,1.292584,0
1.0,0.9201044,1.2955104,0
1.0,0.90797025,1.2928246,0
1.0,0.89916337,1.274805,0
1.0,0.8957929,1.2274301,0
1.0,0.88531095,1.2138981,0
1.0,0.8729675,1.2606723,0
1.0,0.8589242,1.2700173,0
1.0,0.85645086,1.2758253,0
1.0,0.8560665,1.277736,0
1.0,0.85316765,1.3043218,0
1.0,0.84485275,1.3671818,0
1.0,0.8542415,1.4060344,0
1.0,0.8561038,1.3926275,0
1.0,0.8673328,1.4264548,0
1.0,0.86265683,1.4396088,0
1.0,0.8694059,1.4816487,0
1.0,0.86541456,1.4870087,0
1.0,0.8807024,1.5120182,0
1.0,0.8712808,1.4457341,0
1.0,0.8745206,1.4561825,0
1.0,0.86920327,1.4908669,0
1.0,0.8667292,1.4836645,0
1.0,0.86214006,1.4658904,0
1.0,0.86969525,1.5107543,0
1.0,0.876079,1.5261929,0
1.0,0.87907904,1.56163,0
1.0,0.8801613,1.5767958,0
1.0,0.88281935,1.5516386,0
1.0,0.89320993,1.6146078,0
1.0,0.89395195,1.6824672,0
1.0,0.89639014,1.7380254,0
1.0,0.9033476,1.8146433,0
1.0,0.9157873,1.8748904,0
1.0,0.9136495,1.8830311,0
1.0,0.91711813,1.9470456,0
1.0,0.91366047,2.029425,0
1.0,0.93186516,2.0937936,0
1.0,0.92393386,2.0127263,0
1.0,0.92786413,2.0141964,0
1.0,0.9264294,2.0355568,0
1.0,0.9325533,2.0927203,0
1.0,0.9282018,2.1186888,0
1.0,0.93115336,2.0799475,0
1.0,0.93608963,2.0735533,0
1.0,0.9423469,2.1613567,0
1.0,0.9428398,2.2386003,0
1.0,0.93956023,2.2825105,0
1.0,0.94455725,2.3280964,0
1.0,0.9479498,2.3753176,0
1.0,0.94983757,2.4567282,0
1.0,0.94914854,2.6044002,0
1.0,0.9569839,2.702192,0
1.0,0.96021396,2.7210147,0
1.0,0.96215403,2.7894535,0
1.0,0.96009266,2.7566073,0
1.0,0.96342415,2.7253473,0
1.0,0.96346307,2.7404082,0
1.0,0.96518487,2.7385612,0
1.0,0.96091014,2.751339,0
1.0,0.96591073,2.8133223,0
1.0,0.9584633,2.7770584,0
1.0,0.9644372,2.769874,0
1.0,0.9562259,2.7250512,0
1.0,0.96083724,2.7165456,0
1.0,0.9509612,2.7243342,0
1.0,0.95360637,2.7973142,0
1.0,0.9417539,2.7076917,0
1.0,0.9469282,2.6517959,0
1.0,0.9383878,2.666512,0
1.0,0.9459167,2.7660372,0
1.0,0.9431432,2.814516,0
1.0,0.95125985,2.8462794,0
1.0,0.94430095,2.8050013,0
1.0,0.9516964,2.8342154,0
1.0,0.9453334,2.8190956,0
1.0,0.9490361,2.8059616,0
1.0,0.9386566,2.7267795,0
1.0,0.9436601,2.6953464,0
1.0,0.93442696,2.6418157,0
1.0,0.94282115,2.6779613,0
1.0,0.92823654,2.6012084,0
1.0,0.9399164,2.5706918,0
1.0,0.93042266,2.4405346,0
1.0,0.9338768,2.4445362,0
1.0,0.92309904,2.4606307,0
1.0,0.9354194,2.432547,0
1.0,0.9358987,2.4107184,0
1.0,0.94128495,2.4941163,0
1.0,0.93956035,2.5399098,0
1.0,0.9466172,2.591422,0
1.0,0.9522655,2.618494,0
1.0,0.9547016,2.6060803,0
1.0,0.95247716,2.6034842,0
1.0,0.95461744,2.6342368,0
1.0,0.95020133,2.6184425,0
1.0,0.9498594,2.6219854,0
1.0,0.94457805,2.5891976,0
1.0,0.94590455,2.556508,0
1.0,0.94386303,2.5977414,0
1.0,0.9442081,2.6098766,0
1.0,0.9414525,2.535942,0
1.0,0.9456041,2.5232716,0
1.0,0.94483626,2.5213323,0
1.0,0.94471985,2.5811305,0
1.0,0.9483484,2.621915,0
1.0,0.95067686,2.6076434,0
1.0,0.953832,2.6378078,0
1.0,0.9528582,2.6648288,0
1.0,0.9529008,2.7582083,0
1.0,0.9552217,2.8234959,0
1.0,0.9559467,2.8018093,0
1.0,0.95665663,2.7887287,0
1.0,0.9547672,2.787084,0
1.0,0.95550144,2.8424883,0
1.0,0.95119977,2.8813472,0
1.0,0.95233667,2.8448927,0
1.0,0.950566,2.7805629,0
1.0,0.952192,2.8102965,0
1.0,0.9509788,2.8622775,0
1.0,0.9497218,2.8354516,0
1.0,0.950906,2.7685547,0
1.0,0.9524142,2.7268403,0
1.0,0.95245963,2.7149885,0
1.0,0.9522721,2.7626343,0
1.0,0.9577521,2.822701,0
1.0,0.95962787,2.811677,0
1.0,0.96404624,2.8138466,0
1.0,0.9607181,2.8252432,0
1.0,0.9606805,2.8702488,0
1.0,0.9591953,2.8750992,0
1.0,0.9629194,2.8368974,0
1.0,0.9603691,2.797525,0
1.0,0.96172404,2.8264685,0
1.0,0.9584526,2.8571544,0
1.0,0.9643693,2.8646746,0
1.0,0.96237314,2.775632,0
1.0,0.9666767,2.7247598,0
1.0,0.9635474,2.678601,0
1.0,0.9658702,2.6937706,0
1.0,0.9598378,2.6797233,0
1.0,0.96424705,2.5894709,0
1.0,0.9616733,2.5170164,0
1.0,0.9645891,2.5346918,0
1.0,0.95916295,2.5230799,0
1.0,0.9619392,2.55959,0
1.0,0.9598421,2.5151854,0
1.0,0.96468264,2.4479067,0
1.0,0.9594198,2.4532108,0
1.0,0.95886725,2.4927127,0
1.0,0.95386636,2.4715314,0
1.0,0.9579909,2.4580755,0
1.0,0.9542524,2.407093,0
1.0,0.95291567,2.428604,0
1.0,0.9499079,2.4849834,0
1.0,0.953518,2.4996538,0
1.0,0.95211023,2.450683,0
1.0,0.95221937,2.3818178,0
1.0,0.9476771,2.3473182,0
1.0,0.947784,2.3522608,0
1.0,0.9362504,2.2660143,0
1.0,0.93482834,2.1844056,0
1.0,0.9277433,2.1241565,0
1.0,0.92854434,2.1319647,0
1.0,0.9184269,2.142231,0
1.0,0.91400766,2.1371799,0
1.0,0.901754,2.0459585,0
1.0,0.9087383,2.035573,0
1.0,0.89741343,2.0159307,0
1.0,0.89591,2.0676992,0
1.0,0.88510686,2.0663743,0
1.0,0.8913871,2.034298,0
1.0,0.88301027,1.9951885,0
1.0,0.883621,2.0282104,0
1.0,0.87458926,2.0312588,0
1.0,0.88323146,2.0526004,0
1.0,0.8730257,1.9686849,0
1.0,0.8776436,1.942422,0
1.0,0.86417615,1.9136257,0
1.0,0.8701502,1.9395828,0
1.0,0.85598505,1.8580639,0
1.0,0.8608258,1.7961602,0
1.0,0.8510675,1.7332709,0
1.0,0.8562156,1.7401371,0
1.0,0.85464793,1.7867682,0
1.0,0.86707205,1.8600154,0
1.0,0.86650336,1.8115468,0
1.0,0.8847363,1.832815,0
1.0,0.88264185,1.823622,0
1.0,0.8911508,1.8789597,0
1.0,0.8929766,1.8958769,0
1.0,0.91022074,1.910463,0
1.0,0.90423113,1.9017196,0
1.0,0.90979356,1.9304824,0
1.0,0.9037418,1.9159364,0
1.0,0.9131326,1.9411762,0
1.0,0.90410656,1.8769307,0
1.0,0.90821886,1.8759772,0
1.0,0.90132624,1.8729296,0
1.0,0.90255004,1.8730385,0
1.0,0.8956681,1.8516438,0
1.0,0.8980991,1.8088522,0
1.0,0.8941506,1.7643554,0
1.0,0.89551663,1.7911962,0
1.0,0.8821068,1.7560508,0
1.0,0.88885444,1.753283,0
1.0,0.88135004,1.7075225,0
1.0,0.8872858,1.7149186,0
1.0,0.87304693,1.7256616,0
1.0,0.86939627,1.7282572,0
1.0,0.86019766,1.6869707,0
1.0,0.8596941,1.696229,0
1.0,0.8468405,1.6607809,0
1.0,0.8401479,1.6618917,0
1.0,0.83258486,1.685681,0
1.0,0.8242006,1.6731328,0
1.0,0.8179827,1.6199682,0
1.0,0.8208241,1.5663137,0
1.0,0.81684226,1.5590503,0
1.0,0.81761867,1.5993861,0
1.0,0.8131975,1.5707161,0
1.0,0.8246638,1.5401102,0
1.0,0.8235644,1.5170934,0
1.0,0.83020383,1.5510378,0
1.0,0.82271665,1.5376291,0
1.0,0.84464324,1.5826155,0
1.0,0.83639777,1.537664,0
1.0,0.8492209,1.5663217,0
1.0,0.8354884,1.5674005,0
1.0,0.8461881,1.6035852,0
1.0,0.84237486,1.5841252,0
1.0,0.85473955,1.599475,0
1.0,0.8484764,1.5631936,0
1.0,0.85992396,1.6125729,0
1.0,0.8540475,1.6228213,0
1.0,0.87221783,1.6438942,0
1.0,0.8630242,1.593427,0
1.0,0.8732426,1.6130073,0
1.0,0.8631576,1.5934708,0
1.0,0.87077767,1.6136299,0
1.0,0.85727006,1.5364002,0
1.0,0.86439234,1.5306513,0
1.0,0.85555714,1.5016562,0
1.0,0.8578179,1.4784639,0
1.0,0.84400094,1.4572742,0
1.0,0.8472145,1.4581962,0
1.0,0.83328795,1.3732597,0
1.0,0.8382942,1.3687932,0
1.0,0.82099247,1.3364024,0
1.0,0.8115948,1.3319814,0
1.0,0.80553347,1.3167865,0
1.0,0.8116009,1.2852558,0
1.0,0.8042267,1.2662101,0
1.0,0.8035736,1.3084288,0
1.0,0.7964653,1.2965534,0
1.0,0.812033,1.3172164,0
1.0,0.798324,1.2668129,0
1.0,0.7984807,1.2414958,0
1.0,0.7896138,1.2369206,0
1.0,0.79103446,1.2402337,0
1.0,0.7713546,1.1580873,0
1.0,0.77337295,1.1258204,0
1.0,0.7636577,1.0809759,0
1.0,0.7693244,1.1111352,0
1.0,0.75616956,1.1091194,0
1.0,0.75682837,1.0862949,0
1.0,0.7597375,1.0639529,0
1.0,0.7710994,1.0885018,0
1.0,0.766447,1.0829601,0
1.0,0.76355135,1.0736823,0
1.0,0.7734659,1.083475,0
1.0,0.7747017,1.0775045,0
1.0,0.77865416,1.1184957,0
1.0,0.7682903,1.1141694,0
1.0,0.7752196,1.1240048,0
1.0,0.773874,1.1134377,0
1.0,0.78400797,1.1040733,0
1.0,0.77755356,1.0902369,0
1.0,0.79080105,1.1392202,0
1.0,0.787622,1.121511,0
1.0,0.79629374,1.1178055,0
1.0,0.79285175,1.082186,0
1.0,0.8030446,1.0849481,0
1.0,0.79852456,1.0941007,0
1.0,0.7958277,1.1010883,0
1.0,0.7918051,1.0588651,0
1.0,0.8008007,1.0678965,0
1.0,0.7976118,1.0766698,0
1.0,0.79373264,1.0760545,0
1.0,0.79431564,1.1059939,0
1.0,0.79761094,1.1156687,0
1.0,0.794426,1.0963848,0
1.0,0.78661275,1.0957263,0
1.0,0.78799033,1.1137094,0
1.0,0.78172696,1.1089487,0
1.0,0.78947854,1.1131198,0
1.0,0.7746156,1.0517929,0
1.0,0.78509176,1.0709615,0
1.0,0.7749524,1.0671504,0
1.0,0.7835637,1.0837114,0
1.0,0.76073915,1.0275261,0
1.0,0.76670915,1.0445435,0
1.0,0.7486348,1.0220428,0
1.0,0.7508234,1.0288942,0
1.0,0.7246217,0.95633304,0
1.0,0.7300313,0.9489134,0
1.0,0.71855664,0.9230271,0
1.0,0.72287595,0.9487934,0
1.0,0.7128495,0.9549967,0
1.0,0.72330385,0.97612953,0
1.0,0.710587,0.9337561,0
1.0,0.7185344,0.9461589,0
1.0,0.70604944,0.9332461,0
1.0,0.71659154,0.9743327,0
1.0,0.7059037,0.9528579,0
1.0,0.71530133,0.9552672,0
1.0,0.70687,0.9294369,0
1.0,0.7146745,0.94215727,0
1.0,0.70540184,0.92928135,0
1.0,0.7091994,0.92902786,0
1.0,0.7010724,0.89916503,0
1.0,0.70763063,0.8923875,0
1.0,0.69945997,0.86762476,0
1.0,0.7043702,0.8843551,0
1.0,0.6978032,0.8613939,0
1.0,0.7049593,0.8521532,0
1.0,0.6962242,0.8317365,0
1.0,0.69877756,0.8407987,0
1.0,0.68999374,0.83406353,0
1.0,0.6954049,0.8436219,0
1.0,0.6904076,0.8175132,0
1.0,0.6911183,0.8173722,0
1.0,0.68936056,0.8229923,0
1.0,0.68536747,0.8110268,0
1.0,0.6890444,0.80400145,0
1.0,0.68361944,0.7759891,0
1.0,0.688654,0.76781434,0
1.0,0.6810307,0.75587964,0
1.0,0.68415326,0.7648374,0
1.0,0.67984825,0.7427775,0
1.0,0.68313026,0.7315028,0
1.0,0.6776449,0.7154372,0
1.0,0.68242204,0.7237551,0
1.0,0.6735031,0.7054325,0
1.0,0.68233037,0.7032338,0
1.0,0.67147195,0.6677458,0
1.0,0.67955595,0.69082034,0
1.0,0.6744168,0.6932018,0
1.0,0.67870283,0.69868183,0
1.0,0.6716011,0.69200087,0
1.0,0.6799175,0.6961008,0
1.0,0.6782623,0.684796,0
1.0,0.6806501,0.7001489,0
1.0,0.6709083,0.6842563,0
1.0,0.67545044,0.6832403,0
1.0,0.66879153,0.6664589,0
1.0,0.66726124,0.6689353,0
1.0,0.66012126,0.66848207,0
1.0,0.6643769,0.6686966,0
1.0,0.6652891,0.6525873,0
1.0,0.6648026,0.6395625,0
1.0,0.6606714,0.6302738,0
1.0,0.66338193,0.6418317,0
1.0,0.66457134,0.6482674,0
1.0,0.6598608,0.6381782,0
1.0,0.65823245,0.63056844,0
1.0,0.6560541,0.6238923,0
1.0,0.6577143,0.63317597,0
1.0,0.65341216,0.6320746,0
1.0,0.65439314,0.62854123,0
1.0,0.6499789,0.6156557,0
1.0,0.6496321,0.61783266,0
1.0,0.6454443,0.6187192,0
1.0,0.64655465,0.62547904,0
1.0,0.6399694,0.61596036,0
1.0,0.6390077,0.61639893,0
1.0,0.63471,0.61334157,0
1.0,0.6375828,0.6202141,0
1.0,0.630499,0.59870017,0
1.0,0.63282216,0.5874044,0
1.0,0.6286698,0.5754419,0
1.0,0.63071835,0.57584316,0
1.0,0.6222884,0.5637431,0
1.0,0.62312675,0.5628737,0
1.0,0.6167081,0.54228467,0
1.0,0.6181589,0.54080033,0
1.0,0.6127726,0.53750527,0
1.0,0.6118475,0.53779143,0
1.0,0.6105726,0.5318463,0
1.0,0.6078256,0.5208955,0
1.0,0.6066491,0.5214109,0
1.0,0.60556996,0.5267767,0
1.0,0.6041172,0.52742136,0
1.0,0.60217756,0.5241096,0
1.0,0.60243696,0.51699364,0
1.0,0.6022764,0.5084505,0
1.0,0.6012149,0.5067156,0
1.0,0.5992837,0.5033788,0
1.0,0.59963655,0.5001985,0
1.0,0.5993629,0.4963887,0
1.0,0.59787524,0.49248132,0
1.0,0.5957763,0.4921041,0
1.0,0.5965051,0.49001783,0
1.0,0.59677184,0.48093155,0
1.0,0.5946447,0.4733154,0
1.0,0.5943242,0.4684793,0
1.0,0.5929073,0.4647087,0
1.0,0.59526014,0.46774605,0
1.0,0.59191006,0.46027085,0
1.0,0.5935657,0.46089548,0
1.0,0.5905488,0.45586202,0
1.0,0.59297806,0.4616191,0
1.0,0.58935946,0.4590795,0
1.0,0.591433,0.45681632,0
1.0,0.58722246,0.4451699,0
1.0,0.5885101,0.44788855,0
1.0,0.58396864,0.44548658,0
1.0,0.58604103,0.44624954,0
1.0,0.5822196,0.43635684,0
1.0,0.58380413,0.43453833,0
1.0,0.58117443,0.42780054,0
1.0,0.5835076,0.4301346,0
1.0,0.57982814,0.42243022,0
1.0,0.5803809,0.41798347,0
1.0,0.5771823,0.41141093,0
1.0,0.5789614,0.41389984,0
1.0,0.57544667,0.41218254,0
1.0,0.5759458,0.4129207,0
1.0,0.5738339,0.40503985,0
1.0,0.5749431,0.40415305,0
1.0,0.57405907,0.40451786,0
1.0,0.5735934,0.40350085,0
1.0,0.5722288,0.3993845,0
1.0,0.5722548,0.39486843,0
1.0,0.57150203,0.39287508,0
1.0,0.5711807,0.39700985,0
1.0,0.56954545,0.39582926,0
1.0,0.5698787,0.3927365,0
1.0,0.5699334,0.3887099,0
1.0,0.57085305,0.3879097,0
1.0,0.5697176,0.38601106,0
1.0,0.56949794,0.38244885,0
1.0,0.56822014,0.37860978,0
1.0,0.56857026,0.37789395,0
1.0,0.5668458,0.3744766,0
1.0,0.5665624,0.37658232,0
1.0,0.565923,0.3782931,0
1.0,0.5667731,0.37613934,0
1.0,0.56592983,0.37175578,0
1.0,0.5668344,0.37340105,0
1.0,0.5665586,0.3735789,0
1.0,0.56509805,0.37169778,0
1.0,0.5631935,0.3681337,0
1.0,0.5634535,0.36618337,0
1.0,0.56251585,0.36479986,0
1.0,0.5601021,0.3626465,0
1.0,0.55856264,0.36009175,0
1.0,0.5589683,0.35854968,0
1.0,0.5582186,0.3546244,0
1.0,0.55599755,0.35061866,0
1.0,0.554293,0.34976432,0
1.0,0.55438447,0.34889984,0
1.0,0.55391496,0.34503832,0
1.0,0.5514156,0.34048048,0
1.0,0.5498752,0.339332,0
1.0,0.55001426,0.3404208,0
1.0,0.5501003,0.33915144,0
1.0,0.54836816,0.3341586,0
1.0,0.5473627,0.33165938,0
1.0,0.5477473,0.3330682,0
1.0,0.5472155,0.33356994,0
1.0,0.5455989,0.33123952,0
1.0,0.54491657,0.3294161,0
1.0,0.54449105,0.3288935,0
1.0,0.5437442,0.3284858,0
1.0,0.5430811,0.32742387,0
1.0,0.542802,0.32665962,0
1.0,0.5430909,0.32492524,0
1.0,0.5426568,0.32148123,0
1.0,0.54213834,0.32054278,0
1.0,0.5422149,0.31991684,0
1.0,0.5419254,0.31849086,0
1.0,0.54097265,0.31710047,0
1.0,0.5403564,0.31491667,0
1.0,0.54109365,0.315695,0
1.0,0.54081964,0.31632805,0
1.0,0.5395296,0.31476372,0
1.0,0.5394555,0.31410283,0
1.0,0.5403997,0.31481725,0
1.0,0.54040694,0.3147357,0
1.0,0.5384192,0.31249845,0
1.0,0.53794694,0.31170785,0
1.0,0.5387848,0.3112499,0
1.0,0.5384018,0.3105966,0
1.0,0.536623,0.3094201,0
1.0,0.5360253,0.30833334,0
1.0,0.53714436,0.30869883,0
1.0,0.5365885,0.30693907,0
1.0,0.5352177,0.30482632,0
1.0,0.53437996,0.3042153,0
1.0,0.5353845,0.30509305,0
1.0,0.534418,0.3031207,0
1.0,0.5342575,0.30204988,0
1.0,0.5334544,0.30058607,0
1.0,0.53373885,0.30092216,0
1.0,0.5331433,0.30046034,0
1.0,0.53406537,0.3012151,0
1.0,0.5330852,0.29958248,0
1.0,0.5330614,0.2988859,0
1.0,0.53259873,0.29853085,0
1.0,0.53355473,0.3003854,0
1.0,0.5322858,0.29949743,0
1.0,0.5320791,0.29963169,0
1.0,0.5315653,0.2990154,0
1.0,0.5325912,0.29959345,0
1.0,0.53149647,0.29796708,0
1.0,0.5312158,0.2974225,0
1.0,0.53105235,0.29676628,0
1.0,0.5317469,0.29706693,0
1.0,0.5310211,0.29613733,0
1.0,0.5305795,0.2953142,0
1.0,0.5305854,0.29512882,0
1.0,0.53081477,0.29524043,0
1.0,0.5302253,0.29430324,0
1.0,0.5297056,0.29376423,0
1.0,0.5296771,0.29351512,0
1.0,0.5295753,0.29292274,0
1.0,0.5292251,0.29223135,0
1.0,0.5286446,0.29144055,0
1.0,0.5283688,0.2912675,0
1.0,0.52832246,0.2912003,0
1.0,0.5281684,0.2907772,0
1.0,0.52742976,0.28972328,0
1.0,0.5268544,0.2886205,0
1.0,0.52673995,0.28812316,0
1.0,0.52644026,0.287804,0
1.0,0.5256426,0.2869209,0
1.0,0.5250023,0.2858924,0
1.0,0.52505606,0.285408,0
1.0,0.5248786,0.28477636,0
1.0,0.5243521,0.28389752,0
1.0,0.5238532,0.28305483,0
1.0,0.5239457,0.28272164,0
1.0,0.52368355,0.28201583,0
1.0,0.52336204,0.28148127,0
1.0,0.52288085,0.280819,0
1.0,0.5228808,0.28070307,0
1.0,0.5225858,0.28024715,0
1.0,0.5223533,0.27973646,0
1.0,0.5220374,0.27919644,0
1.0,0.52196383,0.27887782,0
1.0,0.5216741,0.27837107,0
1.0,0.5215061,0.27804,0
1.0,0.52119035,0.27753782,0
1.0,0.5210336,0.27730393,0
1.0,0.52082765,0.27697626,0
1.0,0.52072847,0.27671334,0
1.0,0.5205412,0.2762757,0
1.0,0.52043027,0.275886,0
1.0,0.5203977,0.2753278,0
1.0,0.5203551,0.27478838,0
1.0,0.5200597,0.27392077,0
1.0,0.51963896,0.27294326,0
1.0,0.51905954,0.27179927,0
1.0,0.51882464,0.27099162,0
1.0,0.5182699,0.2699283,0
1.0,0.5178472,0.26903236,0
1.0,0.5170245,0.26765546,0
1.0,0.5167902,0.26689875,0
1.0,0.516163,0.2657665,0
1.0,0.51569784,0.26479834,0
1.0,0.5147139,0.26331377,0
1.0,0.5143974,0.26250795,0
1.0,0.5136867,0.2612634,0
1.0,0.51320356,0.26027602,0
1.0,0.51213706,0.25871783,0
1.0,0.51186085,0.2579527,0
1.0,0.51118153,0.25676066,0
1.0,0.5108158,0.25586855,0
1.0,0.5098085,0.25438184,0
1.0,0.5094965,0.25358775,0
1.0,0.5088804,0.2524375,0
1.0,0.50853914,0.2515721,0
1.0,0.50760996,0.25007027,0
1.0,0.5072303,0.24913654,0
1.0,0.5067012,0.24808553,0
1.0,0.5065474,0.24737346,0
1.0,0.5061399,0.24639916,0
1.0,0.50600183,0.24565735,0
1.0,0.50571775,0.24478954,0
0.0,0.5055804,0.2440727,0
0.0,0.50538784,0.24364018,0
0.0,0.5051791,0.2431685,0
0.0,0.5048997,0.24260035,0
0.0,0.50459754,0.24204728,0
0.0,0.5043074,0.24158576,0
0.0,0.5040591,0.24107745,0
0.0,0.5037618,0.24044308,0
0.0,0.5034104,0.2398298,0
0.0,0.50306916,0.23923372,0
0.0,0.5028044,0.2387213,0
0.0,0.5025175,0.23821446,0
0.0,0.50213987,0.23739766,0
0.0,0.50179327,0.23651901,0
0.0,0.50148475,0.23594946,0
0.0,0.5010897,0.23536164,0
0.0,0.50059795,0.23448241,0
0.0,0.5003114,0.23372684,0
0.0,0.4999318,0.23288023,0
0.0,0.49952897,0.23198633,0
0.0,0.49904588,0.23110352,0
0.0,0.49880162,0.23050931,0
0.0,0.49830917,0.22943129,0
0.0,0.49790388,0.22828935,0
0.0,0.49731153,0.22714072,0
0.0,0.49703035,0.22649771,0
0.0,0.49639812,0.22550075,0
0.0,0.49606663,0.22460197,0
0.0,0.49553964,0.22341888,0
0.0,0.49518937,0.22241825,0
0.0,0.49456117,0.22154771,0
0.0,0.4943032,0.22108454,0
0.0,0.493874,0.21996471,0
0.0,0.49352714,0.21902648,0
0.0,0.49293974,0.2180305,0
0.0,0.49280038,0.21710914,0
0.0,0.4923389,0.21598545,0
0.0,0.49188322,0.21508527,0
0.0,0.49102843,0.21346909,0
0.0,0.49093637,0.21268386,0
0.0,0.49052504,0.21176064,0
0.0,0.48991838,0.21052422,0
0.0,0.48915255,0.20914744,0
0.0,0.48909965,0.20813486,0
0.0,0.48873863,0.20715633,0
0.0,0.48802108,0.20621149,0
0.0,0.4873301,0.20504034,0
0.0,0.48732722,0.20426814,0
0.0,0.48710102,0.20325348,0
0.0,0.48636395,0.20205934,0
0.0,0.48578903,0.20105216,0
0.0,0.48576906,0.20059475,0
0.0,0.48551917,0.20008054,0
0.0,0.48507568,0.19910729,0
0.0,0.48451164,0.19765224,0
0.0,0.4845075,0.19726114,0
0.0,0.48433027,0.19725582,0
0.0,0.48376226,0.19605677,0
0.0,0.48309675,0.19457841,0
0.0,0.48301208,0.19367409,0
0.0,0.48273513,0.1926487,0
0.0,0.48216453,0.19178657,0
0.0,0.4816876,0.19047827,0
0.0,0.4814037,0.1889599,0
0.0,0.48110756,0.1876004,0
0.0,0.48051864,0.18678853,0
0.0,0.4801634,0.18634212,0
0.0,0.47984812,0.18552695,0
0.0,0.47961646,0.18518956,0
0.0,0.4792856,0.18415461,0
0.0,0.47898325,0.18332638,0
0.0,0.4786177,0.18301181,0
0.0,0.47832155,0.1825683,0
0.0,0.47808078,0.181842,0
0.0,0.47773433,0.18050313,0
0.0,0.47731066,0.17988764,0
0.0,0.47711015,0.17955816,0
0.0,0.47691935,0.17868172,0
0.0,0.4765831,0.1775675,0
0.0,0.47617516,0.17565823,0
0.0,0.47575143,0.17377701,0
0.0,0.47534898,0.17318952,0
0.0,0.4747853,0.17287733,0
0.0,0.47437346,0.17183472,0
0.0,0.47479898,0.17142387,0
0.0,0.47449595,0.169799,0
0.0,0.47408795,0.16883898,0
0.0,0.47365263,0.16940291,0
0.0,0.4743805,0.1691468,0
0.0,0.473776,0.16724867,0
0.0,0.47347108,0.16600956,0
0.0,0.47301868,0.16532893,0
0.0,0.4736973,0.16615257,0
0.0,0.47293335,0.16449621,0
0.0,0.47251382,0.16293332,0
0.0,0.47164255,0.161206,0
0.0,0.47217903,0.16150944,0
0.0,0.47144046,0.16156013,0
0.0,0.47171283,0.16043656,0
0.0,0.4703725,0.15719387,0
0.0,0.4720262,0.15713263,0
0.0,0.47064504,0.1556577,0
0.0,0.47111723,0.15574013,0
0.0,0.46919245,0.15371755,0
0.0,0.47067103,0.15303072,0
0.0,0.4695855,0.15048918,0
0.0,0.4699496,0.15067777,0
0.0,0.46845037,0.15024629,0
0.0,0.46962252,0.15159687,0
0.0,0.4689323,0.14934722,0
0.0,0.46994698,0.14839107,0
0.0,0.46922702,0.14811078,0
0.0,0.4698471,0.1494894,0
0.0,0.46902448,0.14910404,0
0.0,0.46910495,0.14723273,0
0.0,0.46777686,0.14379239,0
0.0,0.46880817,0.14387375,0
0.0,0.46754768,0.14414039,0
0.0,0.46874428,0.14456144,0
0.0,0.4675989,0.14061919,0
0.0,0.46897444,0.13913633,0
0.0,0.4673871,0.13737205,0
0.0,0.46818995,0.1392307,0
0.0,0.46765113,0.13940586,0
0.0,0.4675572,0.13712674,0
0.0,0.46639416,0.13398094,0
0.0,0.46832588,0.13542925,0
0.0,0.4667102,0.13588674,0
0.0,0.46786088,0.1377826,0
0.0,0.46659002,0.13537517,0
0.0,0.4683014,0.13412756,0
0.0,0.46915868,0.1340031,0
0.0,0.4700952,0.13460389,0
0.0,0.4698041,0.13485649,0
0.0,0.46876663,0.13460778,0
0.0,0.469245,0.13291591,0
0.0,0.4686257,0.13132939,0
0.0,0.46951875,0.13180205,0
0.0,0.46923238,0.13102601,0
0.0,0.47089615,0.13026063,0
0.0,0.46917817,0.12520039,0
0.0,0.47162765,0.12572384,0
0.0,0.46737286,0.12438195,0
0.0,0.4700735,0.12681198,0
0.0,0.46824986,0.12404299,0
0.0,0.47176763,0.123909,0
0.0,0.46749339,0.12010011,0
0.0,0.47148213,0.124066114,0
0.0,0.470315,0.12400237,0
0.0,0.47363472,0.124881074,0
0.0,0.4677259,0.11898308,0
0.0,0.47385657,0.121749476,0
0.0,0.47023353,0.11979934,0
0.0,0.47311595,0.124331854,0
0.0,0.46772435,0.12078141,0
0.0,0.47221583,0.12069091,0
0.0,0.46760565,0.11546336,0
0.0,0.47283632,0.11932174,0
0.0,0.4678194,0.116591066,0
0.0,0.474212,0.11890535,0
0.0,0.46906462,0.112245396,0
0.0,0.47228265,0.11186248,0
0.0,0.4667988,0.10861808,0
0.0,0.4737514,0.114323385,0
0.0,0.4701524,0.11107883,0
0.0,0.47091487,0.10966876,0
0.0,0.46866956,0.104926795,0
0.0,0.47298038,0.107081175,0
0.0,0.46839464,0.107490145,0
0.0,0.47062224,0.10729459,0
0.0,0.4689234,0.104106046,0
0.0,0.47495937,0.108552255,0
0.0,0.46909478,0.105082944,0
0.0,0.4719261,0.110263914,0
0.0,0.47169995,0.11026145,0
0.0,0.47268024,0.10709831,0
0.0,0.47252294,0.10492009,0
0.0,0.4764648,0.10688007,0
0.0,0.47543415,0.10865768,0
0.0,0.4757535,0.11019787,0
0.0,0.47583577,0.10766713,0
0.0,0.4752158,0.10525489,0
0.0,0.47483984,0.10412192,0
0.0,0.47532496,0.1053935,0
0.0,0.47752482,0.10911057,0
0.0,0.47663164,0.10564588,0
0.0,0.47591412,0.10233852,0
0.0,0.4734023,0.10170719,0
0.0,0.4776197,0.106629565,0
0.0,0.47920164,0.1090091,0
0.0,0.47837174,0.10743037,0
0.0,0.47677478,0.10901275,0
0.0,0.48144025,0.11474323,0
0.0,0.48009402,0.11618092,0
0.0,0.48156855,0.12054088,0
0.0,0.47666875,0.11612242,0
0.0,0.48740208,0.12196067,0
0.0,0.48386854,0.12153913,0
0.0,0.4835689,0.1263708,0
0.0,0.47903314,0.12564212,0
0.0,0.48624068,0.12676562,0
0.0,0.48030713,0.121456146,0
0.0,0.48783934,0.12593246,0
0.0,0.48035702,0.12259338,0
0.0,0.4942032,0.13816251,0
0.0,0.4874829,0.13262594,0
0.0,0.49822184,0.13692209,0
0.0,0.4822793,0.12624668,0
0.0,0.50074196,0.14120471,0
0.0,0.49375308,0.14073941,0
0.0,0.5052625,0.15409452,0
0.0,0.48988423,0.1406165,0
0.0,0.50507313,0.1521151,0
0.0,0.499834,0.1524864,0
0.0,0.5138412,0.16475263,0
0.0,0.5054496,0.15784569,0
0.0,0.5215254,0.1689572,0
0.0,0.5191837,0.16666657,0
0.0,0.5217906,0.16937545,0
0.0,0.512695,0.16379619,0
0.0,0.5170652,0.16529447,0
0.0,0.51383835,0.15851592,0
0.0,0.5246923,0.16447073,0
0.0,0.5143263,0.15650824,0
0.0,0.52376574,0.16599187,0
0.0,0.51847667,0.16129968,0
0.0,0.52243465,0.15978743,0
0.0,0.5095632,0.14820525,0
0.0,0.5172993,0.1589652,0
0.0,0.5147008,0.16448846,0
0.0,0.5178643,0.16427346,0
0.0,0.5115324,0.15645838,0
0.0,0.51741904,0.15909305,0
0.0,0.51868105,0.16298138,0
0.0,0.519865,0.17329174,0
0.0,0.5162372,0.17158315,0
0.0,0.52395517,0.17368856,0
0.0,0.5223087,0.16780117,0
0.0,0.5242356,0.16910033,0
0.0,0.51613545,0.16617264,0
0.0,0.526126,0.17237529,0
0.0,0.5193884,0.16217394,0
0.0,0.52880615,0.16236901,0
0.0,0.5149333,0.15116087,0
0.0,0.53421843,0.17002961,0
0.0,0.5243293,0.1597463,0
0.0,0.52279985,0.15583467,0
0.0,0.52600515,0.1572549,0
0.0,0.5321037,0.1613636,0
0.0,0.5273832,0.16412795,0
0.0,0.5244735,0.16829301,0
0.0,0.53323555,0.17064857,0
0.0,0.5282943,0.16486688,0
0.0,0.5325161,0.1712279,0
0.0,0.523057,0.17508914,0
0.0,0.5372599,0.19000906,0
0.0,0.5309468,0.17688827,0
0.0,0.5324793,0.17338212,0
0.0,0.5259346,0.16804683,0
0.0,0.5416706,0.18271032,0
0.0,0.53063995,0.17150572,0
0.0,0.5377664,0.16445261,0
0.0,0.5231405,0.14946067,0
0.0,0.5365957,0.1588134,0
0.0,0.52063346,0.14873552,0
0.0,0.5326288,0.15760574,0
0.0,0.51034075,0.13348915,0
0.0,0.53691006,0.14417379,0
0.0,0.5145968,0.12731303,0
0.0,0.5251011,0.14287087,0
0.0,0.51100725,0.13633814,0
0.0,0.52228296,0.13904238,0
0.0,0.51945555,0.13482866,0
0.0,0.5277721,0.14165998,0
0.0,0.5136412,0.13644958,0
0.0,0.5225664,0.14369804,0
0.0,0.52341855,0.13834222,0
0.0,0.5134945,0.12685217,0
0.0,0.5086762,0.12343888,0
0.0,0.5146459,0.1295955,0
0.0,0.51673305,0.13274008,0
0.0,0.5107035,0.12266437,0
0.0,0.502141,0.10733208,0
0.0,0.50060266,0.105455056,0
0.0,0.50914824,0.11208466,0
0.0,0.49761757,0.106716044,0
0.0,0.49551603,0.096902266,0
0.0,0.49301007,0.085724495,0
0.0,0.49969357,0.090450376,0
0.0,0.49398744,0.09221347,0
0.0,0.5003039,0.09658119,0
0.0,0.49780437,0.09312984,0
0.0,0.5110705,0.096193805,0
0.0,0.50993884,0.096258074,0
0.0,0.50287306,0.09806392,0
0.0,0.5003172,0.09820804,0
0.0,0.49782133,0.09471437,0
0.0,0.49575552,0.09028433,0
0.0,0.4972039,0.08873278,0
0.0,0.4926638,0.08694993,0
0.0,0.493309,0.08866517,0
0.0,0.50456506,0.08678464,0
0.0,0.49359038,0.07649286,0
0.0,0.4913827,0.075571164,0
0.0,0.488998,0.07615426,0
0.0,0.5000721,0.0821886,0
0.0,0.4913736,0.071789965,0
0.0,0.5001404,0.0719692,0
0.0,0.4845101,0.06381661,0
0.0,0.5179108,0.080698535,0
0.0,0.50191075,0.07621297,0
0.0,0.5193963,0.08130611,0
0.0,0.49502438,0.064417765,0
0.0,0.5274764,0.07541864,0
0.0,0.49635476,0.06250326,0
0.0,0.5108812,0.07097533,0
0.0,0.4861017,0.058623124,0
0.0,0.5230779,0.06937681,0
0.0,0.5170874,0.062388588,0
0.0,0.514827,0.062223736,0
0.0,0.51063466,0.06134795,0
0.0,0.534439,0.06541837,0
0.0,0.51799124,0.056900322,0
0.0,0.51478046,0.05467025,0
0.0,0.50692534,0.053250477,0
0.0,0.52029705,0.056268793,0
0.0,0.51590884,0.047916807,0
0.0,0.50924057,0.04181203,0
0.0,0.50556934,0.042244483,0
0.0,0.51548874,0.044927303,0
0.0,0.507759,0.044191122,0
0.0,0.49666852,0.04009322,0
0.0,0.507548,0.039113827,0
0.0,0.5117142,0.03874767,0
0.0,0.54164064,0.047099955,0
0.0,0.5169675,0.03962517,0
0.0,0.55448073,0.048755385,0
0.0,0.54649085,0.040102776,0
0.0,0.5841205,0.048790164,0
0.0,0.55495375,0.038726542,0
0.0,0.5847191,0.047147773,0
0.0,0.574663,0.043385122,0
0.0,0.58274126,0.041437868,0
0.0,0.563195,0.03495182,0
0.0,0.578954,0.03721291,0
0.0,0.5764689,0.039285533,0
0.0,0.62902826,0.052430883,0
0.0,0.616551,0.043928385,0
0.0,0.62911475,0.04660831,0
0.0,0.62764287,0.046221685,0
0.0,0.64307487,0.05122919,0
0.0,0.60560524,0.038435727,0
0.0,0.62328905,0.037512306,0
0.0,0.6164067,0.035005637,0
0.0,0.65086395,0.043643005,0
0.0,0.6123253,0.03393092,0
0.0,0.6243864,0.032596253,0
0.0,0.60775906,0.02662959,0
0.0,0.6204813,0.02713018,0
0.0,0.59135216,0.023182234,0
0.0,0.5845443,0.024802612,0
0.0,0.5731927,0.025742348,0
0.0,0.5746388,0.023840543,0
0.0,0.5460902,0.023895502,0
0.0,0.55592203,0.02138888,0
0.0,0.5491212,0.021193862,0
0.0,0.5747628,0.023078624,0
0.0,0.5434071,0.029561928,0
0.0,0.5521982,0.028258085,0
0.0,0.5364855,0.030889679,0
0.0,0.5317489,0.032309394,0
0.0,0.5086419,0.036851812,0
0.0,0.53483415,0.034886204,0
0.0,0.52098584,0.03434316,0
0.0,0.538309,0.031092467,0
0.0,0.5189237,0.035119742,0
0.0,0.52598864,0.033786416,0
0.0,0.51718825,0.036000565,0
0.0,0.5276075,0.034148052,0
0.0,0.51909876,0.03848945,0
0.0,0.5263235,0.040088594,0
0.0,0.5135642,0.04581899,0
0.0,0.52853537,0.044826075,0
0.0,0.51636684,0.05001113,0
0.0,0.5273815,0.048262037,0
0.0,0.51574004,0.057356972,0
0.0,0.5212027,0.055050414,0
0.0,0.50356364,0.06387083,0
0.0,0.50497085,0.06637611,0
0.0,0.4907886,0.073255405,0
0.0,0.49796706,0.07048073,0
0.0,0.51225233,0.06738225,0
0.0,0.4994231,0.07068026,0
0.0,0.5086764,0.072377264,0
0.0,0.50102085,0.075599596,0
0.0,0.49780306,0.07776338,0
0.0,0.48559242,0.08794284,0
0.0,0.4921703,0.0858884,0
0.0,0.4885174,0.08843489,0
0.0,0.48890293,0.093432665,0
0.0,0.48225167,0.10639928,0
0.0,0.48401168,0.10980991,0
0.0,0.48573896,0.11043331,0
0.0,0.49016127,0.11534941,0
0.0,0.48207653,0.11969562,0
0.0,0.49137646,0.11483207,0
0.0,0.4789164,0.12444654,0
0.0,0.48262036,0.1224842,0
0.0,0.47054705,0.13171569,0
0.0,0.4834658,0.120843306,0
0.0,0.4771139,0.12790982,0
0.0,0.48507994,0.12649424,0
0.0,0.47451118,0.13071002,0
0.0,0.48119882,0.12981573,0
0.0,0.47136158,0.1361904,0
0.0,0.4676878,0.14072326,0
0.0,0.47300524,0.14074333,0
0.0,0.46954358,0.14170305,0
0.0,0.47474235,0.14226374,0
0.0,0.47171077,0.1440885,0
0.0,0.46650317,0.14756984,0
0.0,0.46675903,0.15013885,0
0.0,0.4682862,0.15075418,0
0.0,0.4716703,0.15287265,0
0.0,0.46923977,0.15748774,0
0.0,0.46615416,0.15101722,0
0.0,0.46316615,0.15960297,0
0.0,0.4576683,0.17209835,0
0.0,0.46417275,0.16505583,0
0.0,0.4570514,0.17021973,0
0.0,0.46790123,0.1583637,0
0.0,0.46291277,0.15575507,0
0.0,0.46796095,0.14344889,0
0.0,0.45948055,0.14677003,0
0.0,0.4657807,0.1459201,0
0.0,0.46095023,0.14787771,0
0.0,0.46562588,0.14749376,0
0.0,0.46117392,0.15537412,0
0.0,0.46909046,0.1551115,0
0.0,0.4619229,0.16758716,0
0.0,0.46548554,0.16601671,0
0.0,0.46244,0.1744978,0
0.0,0.4702113,0.17473926,0
0.0,0.46307513,0.18176156,0
0.0,0.46371627,0.18667848,0
0.0,0.4598351,0.18639114,0
0.0,0.46622297,0.17911544,0
0.0,0.46217197,0.18450075,0
0.0,0.46446332,0.18008581,0
0.0,0.46085596,0.1834818,0
0.0,0.46710703,0.18108617,0
0.0,0.46104658,0.18728985,0
0.0,0.45676997,0.19304796,0
0.0,0.4566559,0.19471845,0
0.0,0.4595313,0.19308196,0
0.0,0.45631626,0.20562965,0
0.0,0.4538727,0.21652083,0
0.0,0.45438704,0.21904323,0
0.0,0.4616062,0.22219443,0
0.0,0.45339513,0.22964272,0
0.0,0.45812425,0.22810625,0
0.0,0.44687125,0.2603616,0
0.0,0.45672223,0.25917718,0
0.0,0.4388775,0.28005892,0
0.0,0.43374163,0.29003504,0
0.0,0.42733294,0.29666674,0
0.0,0.43639317,0.287988,0
0.0,0.43059817,0.29301882,0
0.0,0.43545407,0.28857142,0
0.0,0.42780533,0.2911081,0
0.0,0.43581408,0.27812332,0
0.0,0.4269164,0.29292315,0
0.0,0.43046847,0.28526604,0
0.0,0.42220646,0.29160964,0
0.0,0.43086746,0.29073256,0
0.0,0.41803208,0.2992671,0
0.0,0.41271743,0.3062523,0
0.0,0.4059911,0.32110906,0
0.0,0.40963084,0.32307488,0
0.0,0.40269348,0.32827303,0
0.0,0.40542632,0.3398195,0
0.0,0.3980714,0.36734438,0
0.0,0.40121505,0.3584786,0
0.0,0.39535376,0.37172452,0
0.0,0.38775742,0.3800568,0
0.0,0.39186108,0.3736331,0
0.0,0.39107412,0.38217688,0
0.0,0.39785224,0.35846648,0
0.0,0.39212245,0.3551156,0
0.0,0.39807904,0.34342784,0
0.0,0.39367056,0.33368546,0
0.0,0.39829496,0.32880986,0
0.0,0.39352992,0.3294745,0
0.0,0.40035427,0.30406025,0
0.0,0.39528188,0.29951572,0
0.0,0.39804888,0.29389283,0
0.0,0.3919173,0.3076086,0
0.0,0.39916772,0.307801,0
0.0,0.39556363,0.31411624,0
0.0,0.4083423,0.30028123,0
0.0,0.41150194,0.30952048,0
0.0,0.42612094,0.31856433,0
0.0,0.42309004,0.32385424,0
0.0,0.43140742,0.30632693,0
0.0,0.42977992,0.3126803,0
0.0,0.44219914,0.3007897,0
0.0,0.42779022,0.30684632,0
0.0,0.43997112,0.30058837,0
0.0,0.4341243,0.30645892,0
0.0,0.44438225,0.29000232,0
0.0,0.42826307,0.3069145,0
0.0,0.44371995,0.29357153,0
0.0,0.44025573,0.2897181,0
0.0,0.45052254,0.2725674,0
0.0,0.43472192,0.28794545,0
0.0,0.44218424,0.27875736,0
0.0,0.43680075,0.3149302,0
0.0,0.44436637,0.31713694,0
0.0,0.42587724,0.32805958,0
0.0,0.43233517,0.32537007,0
0.0,0.42413333,0.34864447,0
0.0,0.42665526,0.35656303,0
0.0,0.4054386,0.40123245,0
0.0,0.41090405,0.39749408,0
0.0,0.39872396,0.4113286,0
0.0,0.38938808,0.4745239,0
0.0,0.36678815,0.5367552,0
0.0,0.35989913,0.539011,0
0.0,0.34849674,0.55359125,0
0.0,0.3360022,0.5580609,0
0.0,0.32359478,0.5614447,0
0.0,0.3201387,0.577814,0
0.0,0.31869712,0.57107234,0
0.0,0.30359635,0.5708328,0
0.0,0.2971989,0.5782915,0
0.0,0.2859281,0.5983815,0
0.0,0.2892027,0.60199726,0
0.0,0.28530043,0.61132157,0
0.0,0.29317105,0.6010354,0
0.0,0.28340703,0.60556895,0
0.0,0.28661087,0.5949322,0
0.0,0.2848137,0.60592836,0
0.0,0.2924958,0.60336006,0
0.0,0.2858997,0.6176585,0
0.0,0.29023886,0.5984515,0
0.0,0.29418355,0.573637,0
0.0,0.3133938,0.5475584,0
0.0,0.30542192,0.5621095,0
0.0,0.3116903,0.52888685,0
0.0,0.31339285,0.5065753,0
0.0,0.3316522,0.48107654,0
0.0,0.3270865,0.5023527,0
0.0,0.33225778,0.48643723,0
0.0,0.33815053,0.4668178,0
0.0,0.35710925,0.41970477,0
0.0,0.3521971,0.41077703,0
0.0,0.3606853,0.4049453,0
0.0,0.3805221,0.34149283,0
0.0,0.40315953,0.29485333,0
0.0,0.40634865,0.3038615,0
0.0,0.3975233,0.3033018,0
0.0,0.39333478,0.31242698,0
0.0,0.4009942,0.32360867,0
0.0,0.39526463,0.32387683,0
0.0,0.39875323,0.3165406,0
0.0,0.38958573,0.31868353,0
0.0,0.39765632,0.30191118,0
0.0,0.39690956,0.3252409,0
0.0,0.38699043,0.34689403,0
0.0,0.36763775,0.35758474,0
0.0,0.36408886,0.36427173,0
0.0,0.35635865,0.3710491,0
0.0,0.34587902,0.38065782,0
0.0,0.3339316,0.40028754,0
0.0,0.33776248,0.37823445,0
0.0,0.32998088,0.38008046,0
0.0,0.3360879,0.3809338,0
0.0,0.3268461,0.3990087,0
0.0,0.33905366,0.41135573,0
0.0,0.34049082,0.41268677,0
0.0,0.3514564,0.39278653,0
0.0,0.33754376,0.41351753,0
0.0,0.35087344,0.4044641,0
0.0,0.34558445,0.4120723,0
0.0,0.34814066,0.39930147,0
0.0,0.33066785,0.41656333,0
0.0,0.32990623,0.41852033,0
0.0,0.3439511,0.40370554,0
0.0,0.34008607,0.40308526,0
0.0,0.34167492,0.38576695,0
0.0,0.3477458,0.36601162,0
0.0,0.35370752,0.34646505,0
0.0,0.36543134,0.34303418,0
0.0,0.36750045,0.3404407,0
0.0,0.37238654,0.3179369,0
0.0,0.3850313,0.30443645,0
0.0,0.40389147,0.27665114,0
0.0,0.41234058,0.26956567,0
0.0,0.41473633,0.29476088,0
0.0,0.42830014,0.26871353,0
0.0,0.42963552,0.251669,0
0.0,0.44539317,0.24644156,0
0.0,0.43436265,0.25655088,0
0.0,0.45233965,0.25418645,0
0.0,0.43655378,0.28167054,0
0.0,0.45132402,0.25507736,0
0.0,0.43635127,0.2708583,0
0.0,0.44199166,0.28008682,0
0.0,0.42961538,0.30099714,0
0.0,0.44877005,0.27949518,0
0.0,0.4344575,0.26678097,0
0.0,0.43518224,0.25776258,0
0.0,0.4237892,0.2827205,0
0.0,0.43421558,0.28401512,0
0.0,0.41094545,0.32187974,0
0.0,0.41876832,0.29655865,0
0.0,0.39873517,0.31742674,0
0.0,0.42494,0.3118242,0
0.0,0.40049797,0.3527192,0
0.0,0.4110115,0.37717986,0
0.0,0.3876399,0.42068836,0
0.0,0.40067023,0.41283756,0
0.0,0.3835847,0.48786807,0
0.0,0.4005533,0.5166527,0
0.0,0.3844201,0.553408,0
0.0,0.38611424,0.56451887,0
0.0,0.3789304,0.60102075,0
0.0,0.37127247,0.64649,0
0.0,0.35927212,0.6926771,0
0.0,0.35729578,0.7032962,0
0.0,0.3593886,0.67916554,0
0.0,0.36231574,0.6820419,0
0.0,0.34918064,0.74073,0
0.0,0.35155037,0.75628424,0
0.0,0.34545928,0.76097405,0
0.0,0.34413683,0.770311,0
0.0,0.33109832,0.83592165,0
0.0,0.3430197,0.83929116,0
0.0,0.33481517,0.87409973,0
0.0,0.3364857,0.8954791,0
0.0,0.31865096,0.9268745,0
0.0,0.31549793,0.94371235,0
0.0,0.3127487,1.0050036,0
0.0,0.31156036,1.054395,0
0.0,0.29472506,1.084976,0
0.0,0.29734126,1.0918912,0
0.0,0.28936923,1.1414627,0
0.0,0.2911863,1.1647787,0
0.0,0.27928543,1.2049932,0
0.0,0.29005516,1.1809,0
0.0,0.2834833,1.1888827,0
0.0,0.2931661,1.1637133,0
0.0,0.28124133,1.2283831,0
0.0,0.29610834,1.2102115,0
0.0,0.28297448,1.1900926,0
0.0,0.2888757,1.1434027,0
0.0,0.28322726,1.1552838,0
0.0,0.29186028,1.1502548,0
0.0,0.28503716,1.1707652,0
0.0,0.29593357,1.1152585,0
0.0,0.28289297,1.1167407,0
0.0,0.28857765,1.119076,0
0.0,0.28629586,1.1523417,0
0.0,0.29386202,1.1333821,0
0.0,0.29166216,1.1059859,0
0.0,0.292086,1.0747463,0
0.0,0.29324538,1.0757841,0
0.0,0.30506462,1.0447006,0
0.0,0.30831918,0.97544396,0
0.0,0.31957337,0.9302567,0
0.0,0.32787174,0.8886421,0
0.0,0.3702164,0.7678969,0
0.0,0.35413542,0.79136413,0
0.0,0.39232138,0.7248577,0
0.0,0.3744642,0.7065872,0
0.0,0.37975425,0.64737016,0
0.0,0.36030152,0.6557487,0
0.0,0.400509,0.59635013,0
0.0,0.39029184,0.59539735,0
0.0,0.39404106,0.5690917,0
0.0,0.3793696,0.57371426,0
0.0,0.40939817,0.5377347,0
0.0,0.40976143,0.5466298,0
0.0,0.41349885,0.5246207,0
0.0,0.39780727,0.5200623,0
0.0,0.43015647,0.45627686,0
0.0,0.4088348,0.47179163,0
0.0,0.41793436,0.4511607,0
0.0,0.41976243,0.42264152,0
0.0,0.46417594,0.3505934,0
0.0,0.44793516,0.34746477,0
0.0,0.44920987,0.33487952,0
0.0,0.42194173,0.364568,0
0.0,0.4353826,0.35016558,0
0.0,0.41683826,0.34517038,0
0.0,0.4051244,0.3353768,0
0.0,0.40291932,0.32950503,0
0.0,0.40211207,0.34923345,0
0.0,0.3948525,0.36406153,0
0.0,0.40002486,0.34286383,0
0.0,0.40167814,0.3470013,0
0.0,0.3935354,0.35885048,0
0.0,0.38906154,0.36475542,0
0.0,0.4040736,0.3705707,0
0.0,0.39552093,0.38099775,0
0.0,0.38949934,0.37601995,0
0.0,0.36463127,0.40066373,0
0.0,0.38515535,0.38323122,0
0.0,0.3844099,0.38827518,0
0.0,0.38146493,0.3733318,0
0.0,0.3836224,0.34117293,0
0.0,0.38929862,0.32333797,0
0.0,0.38086334,0.3278094,0
0.0,0.38487604,0.30499935,0
0.0,0.38451582,0.29339427,0
0.0,0.39357626,0.27123123,0
0.0,0.39737213,0.2501094,0
0.0,0.40018082,0.24934623,0
0.0,0.3935497,0.2556706,0
0.0,0.40058243,0.25863925,0
0.0,0.3863896,0.28236252,0
0.0,0.39176643,0.27729654,0
0.0,0.3887581,0.28266996,0
0.0,0.39722696,0.2836278,0
0.0,0.3888399,0.2931514,0
0.0,0.40037084,0.26726848,0
0.0,0.39570984,0.26609057,0
0.0,0.41312,0.24970974,0
0.0,0.42002347,0.24160355,0
0.0,0.434543,0.21445309,0
0.0,0.44196618,0.19038856,0
0.0,0.45787415,0.17758384,0
0.0,0.5117645,0.13846931,0
0.0,0.5515516,0.11423415,0
0.0,0.52447027,0.14923805,0
0.0,0.5663052,0.124754235,0
0.0,0.51357967,0.14189348,0
0.0,0.5620523,0.119935334,0
0.0,0.59027565,0.11090577,0
0.0,0.60949713,0.11181931,0
0.0,0.6001677,0.119404465,0
0.0,0.60447127,0.124200255,0
0.0,0.60149574,0.12582836,0
0.0,0.5943202,0.12957236,0
0.0,0.6038499,0.12876618,0
0.0,0.6104487,0.1258826,0
0.0,0.62468445,0.11344474,0
0.0,0.61621296,0.11742401,0
0.0,0.60701126,0.12226811,0
0.0,0.5961857,0.1284457,0
0.0,0.6077671,0.1229078,0
0.0,0.5865964,0.12621029,0
0.0,0.5803482,0.12671766,0
0.0,0.5762172,0.12950751,0
0.0,0.5761063,0.12696701,0
0.0,0.5526501,0.13977815,0
0.0,0.52318776,0.1530699,0
0.0,0.49770194,0.17252544,0
0.0,0.5266468,0.1643615,0
0.0,0.48547557,0.19615105,0
0.0,0.51130927,0.21553966,0
0.0,0.4636584,0.28692532,0
0.0,0.43908513,0.30758503,0
0.0,0.4082222,0.33852643,0
0.0,0.40145075,0.35395,0
0.0,0.41988206,0.33481014,0
0.0,0.3934523,0.34151053,0
0.0,0.40389374,0.335356,0
0.0,0.37061775,0.37809503,0
0.0,0.39540875,0.34684876,0
0.0,0.3596324,0.3829923,0
0.0,0.37148994,0.3583963,0
0.0,0.35265082,0.3642397,0
0.0,0.39547995,0.3101767,0
0.0,0.35134873,0.3656811,0
0.0,0.36366463,0.34870028,0
0.0,0.335261,0.37569955,0
0.0,0.37147284,0.35207447,0
0.0,0.32598734,0.40183634,0
0.0,0.3344264,0.40709794,0
0.0,0.31048897,0.4552639,0
0.0,0.34170443,0.4188698,0
0.0,0.30142388,0.4765881,0
0.0,0.31067455,0.47820818,0
0.0,0.29203472,0.5087961,0
0.0,0.32509637,0.47778627,0
0.0,0.29301938,0.53683096,0
0.0,0.30743703,0.51371527,0
0.0,0.29883888,0.5206065,0
0.0,0.3211088,0.49717605,0
0.0,0.31454605,0.51011133,0
0.0,0.3102035,0.5090034,0
0.0,0.31093657,0.46143723,0
0.0,0.32631603,0.40961927,0
0.0,0.31952742,0.43576834,0
0.0,0.3125126,0.4737247,0
0.0,0.30156693,0.49963334,0
0.0,0.30849397,0.49510312,0
0.0,0.31307554,0.4860496,0
0.0,0.3153355,0.4870616,0
0.0,0.30776766,0.5105906,0
0.0,0.31541783,0.5182878,0
0.0,0.3242178,0.5315318,0
0.0,0.3290409,0.52835846,0
0.0,0.32074863,0.54480034,0
0.0,0.3352753,0.5305437,0
0.0,0.3452558,0.5142462,0
0.0,0.3509691,0.5090416,0
0.0,0.3453952,0.5086213,0
0.0,0.35371837,0.49565598,0
0.0,0.35596424,0.49855068,0
0.0,0.36106044,0.4828809,0
0.0,0.34553918,0.49738798,0
0.0,0.35374796,0.48802418,0
0.0,0.3561307,0.4795049,0
0.0,0.37331828,0.449095,0
0.0,0.36241582,0.4559523,0
0.0,0.3753341,0.43025818,0
0.0,0.38514888,0.41781837,0
0.0,0.39298156,0.42878926,0
0.0,0.38471383,0.44862488,0
0.0,0.39113346,0.4427083,0
0.0,0.3930664,0.44289717,0
0.0,0.39442477,0.4470812,0
0.0,0.38879636,0.45957512,0
0.0,0.39938107,0.4583541,0
0.0,0.39541325,0.4544307,0
0.0,0.39727125,0.42613366,0
0.0,0.38845125,0.43013468,0
0.0,0.39744043,0.42620552,0
0.0,0.3905116,0.4338869,0
0.0,0.39434955,0.4180416,0
0.0,0.38308793,0.41681185,0
0.0,0.39167124,0.39361748,0
0.0,0.39041573,0.39157012,0
0.0,0.3926745,0.38916564,0
0.0,0.38567302,0.3982417,0
0.0,0.39563277,0.38757756,0
0.0,0.39100817,0.40181798,0
0.0,0.39006427,0.42156732,0
0.0,0.38715926,0.43143803,0
0.0,0.39071053,0.44590992,0
0.0,0.38904884,0.4577183,0
0.0,0.3899838,0.44670004,0
0.0,0.37766284,0.46331057,0
0.0,0.3701893,0.48377728,0
0.0,0.35409215,0.5075983,0
0.0,0.34990382,0.52204883,0
0.0,0.3438357,0.52978295,0
0.0,0.3348795,0.5460664,0
0.0,0.33493355,0.53599465,0
0.0,0.3313905,0.52198225,0
0.0,0.33295342,0.52177984,0
0.0,0.3288819,0.51290816,0
0.0,0.33570728,0.49054152,0
0.0,0.33124498,0.5152011,0
0.0,0.33369404,0.50909525,0
0.0,0.33042166,0.5038919,0
0.0,0.33042067,0.5037855,0
0.0,0.32708213,0.51723266,0
0.0,0.3311563,0.57660496,0
0.0,0.3161804,0.6189614,0
0.0,0.30623165,0.63911104,0
0.0,0.30419832,0.6444088,0
0.0,0.30037856,0.6436812,0
0.0,0.2977377,0.65134144,0
0.0,0.28026214,0.72008383,0
0.0,0.27461338,0.79007864,0
0.0,0.27336907,0.7920346,0
0.0,0.2722835,0.77779317,0
0.0,0.2698802,0.7729276,0
0.0,0.26799336,0.76187027,0
0.0,0.2724799,0.74806523,0
0.0,0.2826575,0.69966567,0
0.0,0.26978466,0.7005962,0
0.0,0.28326538,0.6835481,0
0.0,0.27635255,0.71738124,0
0.0,0.2760363,0.7286287,0
0.0,0.2529174,0.75656474,0
0.0,0.26566654,0.7131269,0
0.0,0.25770745,0.7270843,0
0.0,0.25594002,0.7462077,0
0.0,0.23694116,0.774588,0
0.0,0.24760793,0.74575716,0
0.0,0.2420526,0.7371348,0
0.0,0.2593461,0.7054775,0
0.0,0.2511594,0.75095665,0
0.0,0.26091626,0.7226665,0
0.0,0.25159654,0.72302294,0
0.0,0.25692454,0.6931623,0
0.0,0.25089175,0.69804835,0
0.0,0.26937166,0.6882134,0
0.0,0.2645528,0.6398096,0
0.0,0.27295232,0.5904693,0
0.0,0.26847824,0.5884473,0
0.0,0.28860354,0.54190373,0
0.0,0.28304932,0.57065797,0
0.0,0.2866981,0.5595588,0
0.0,0.28034562,0.49398276,0
0.0,0.2867655,0.41723782,0
0.0,0.279437,0.4186608,0
0.0,0.28329164,0.43018365,0
0.0,0.28355372,0.44114682,0
0.0,0.2832697,0.42920232,0
0.0,0.28616628,0.4211479,0
0.0,0.2853241,0.41320062,0
0.0,0.2876513,0.4095871,0
0.0,0.28945136,0.40635931,0
0.0,0.31037056,0.33422208,0
0.0,0.3181023,0.29764086,0
0.0,0.35474744,0.26942453,0
0.0,0.33836678,0.28784454,0
0.0,0.4295969,0.23482521,0
0.0,0.38464645,0.23773065,0
0.0,0.37012964,0.22972232,0
0.0,0.35094514,0.23841628,0
0.0,0.44595236,0.19202851,0
0.0,0.40388227,0.21343234,0
0.0,0.41232586,0.17530867,0
0.0,0.3786669,0.17713398,0
0.0,0.47794676,0.14117002,0
0.0,0.42911634,0.15724719,0
0.0,0.45124373,0.14884676,0
0.0,0.42038387,0.1400809,0
0.0,0.55004865,0.10012995,0
0.0,0.4823909,0.108440466,0
0.0,0.48651204,0.10376586,0
0.0,0.45113656,0.11100576,0
0.0,0.5396738,0.08555349,0
0.0,0.5065276,0.11048019,0
0.0,0.4919562,0.1138315,0
0.0,0.45430318,0.11712634,0
0.0,0.5136888,0.14319846,0
0.0,0.43680078,0.13413352,0
0.0,0.40948075,0.11057096,0
0.0,0.3969909,0.14217266,0
0.0,0.41746357,0.1453478,0
0.0,0.40832314,0.150678,0
0.0,0.42104018,0.1496075,0
0.0,0.41307735,0.14977908,0
0.0,0.42021173,0.15189265,0
0.0,0.41598272,0.15009555,0
0.0,0.40127227,0.15044129,0
0.0,0.39151922,0.14121217,0
0.0,0.40881997,0.1316146,0
0.0,0.40115678,0.15045369,0
0.0,0.40429023,0.1497078,0
0.0,0.39579818,0.1487701,0
0.0,0.38818073,0.1497721,0
0.0,0.39481896,0.15064122,0
0.0,0.42287195,0.151809,0
0.0,0.42810982,0.15279418,0
0.0,0.47921178,0.17127511,0
0.0,0.47575063,0.18141665,0
0.0,0.5569084,0.22975315,0
0.0,0.5877546,0.2430006,0
0.0,0.5286938,0.22914049,0
0.0,0.5654837,0.24539006,0
0.0,0.57953274,0.2563215,0
0.0,0.6031589,0.27461338,0
0.0,0.6022021,0.27561426,0
0.0,0.58631694,0.23806465,0
0.0,0.6185349,0.25283155,0
0.0,0.5924417,0.24040826,0
0.0,0.5705695,0.20217824,0
0.0,0.57592076,0.20129956,0
0.0,0.6349369,0.23017552,0
0.0,0.64879835,0.1915577,0
0.0,0.60996664,0.17411995,0
0.0,0.6096716,0.1749724,0
0.0,0.63343185,0.18692388,0
0.0,0.5928295,0.1688262,0
0.0,0.6176688,0.17612942,0
0.0,0.5811765,0.17982787,0
0.0,0.58473945,0.17954567,0
0.0,0.52578455,0.15823106,0
0.0,0.4856442,0.1459691,0
0.0,0.4675206,0.12193112,0
0.0,0.46262234,0.12341714,0
0.0,0.4275772,0.12193453,0
0.0,0.5148087,0.13475092,0
0.0,0.4699476,0.16268891,0
0.0,0.49254543,0.1674855,0
0.0,0.43302256,0.17007086,0
0.0,0.4692391,0.16677628,0
0.0,0.4304705,0.1598855,0
0.0,0.4756565,0.14884719,0
0.0,0.4337269,0.1563251,0
0.0,0.54241616,0.1268569,0
0.0,0.45350373,0.13250358,0
0.0,0.50615025,0.11597126,0
0.0,0.4333057,0.12584218,0
0.0,0.5225278,0.11316052,0
0.0,0.4258151,0.13068303,0
0.0,0.47900054,0.11427205,0
0.0,0.4237289,0.12380062,0
0.0,0.5006184,0.120846905,0
0.0,0.42620346,0.14739905,0
0.0,0.47963867,0.13390361,0
0.0,0.42977104,0.14787291,0
0.0,0.5165483,0.12631331,0
0.0,0.45304155,0.15502825,0
0.0,0.49080527,0.15367177,0
0.0,0.4330437,0.17196634,0
0.0,0.45183685,0.17079082,0
0.0,0.41209552,0.17225057,0
0.0,0.423715,0.18538962,0
0.0,0.3866504,0.23792525,0
0.0,0.40642267,0.23049869,0
0.0,0.3812018,0.2540564,0
0.0,0.37974414,0.25726423,0
0.0,0.3750135,0.27126217,0
0.0,0.37019944,0.2767269,0
0.0,0.37029558,0.24523222,0
0.0,0.35343036,0.24522947,0
0.0,0.35532472,0.2580018,0
0.0,0.34905535,0.26728565,0
0.0,0.35494468,0.28526792,0
0.0,0.3366821,0.2979043,0
0.0,0.33159903,0.30493346,0
0.0,0.32032275,0.31083927,0
0.0,0.32236737,0.315462,0
0.0,0.30965132,0.3526594,0
0.0,0.3039929,0.35743874,0
0.0,0.29588842,0.3622399,0
0.0,0.29757667,0.35671514,0
0.0,0.29213756,0.3894292,0
0.0,0.2858024,0.3977661,0
0.0,0.28221843,0.3784843,0
0.0,0.2806568,0.36293074,0
0.0,0.28396374,0.35483432,0
0.0,0.2918556,0.3491346,0
0.0,0.2865476,0.37807548,0
0.0,0.2941321,0.38964975,0
0.0,0.28301644,0.3805412,0
0.0,0.27494058,0.3860287,0
0.0,0.2732624,0.39187962,0
0.0,0.27796942,0.3954346,0
0.0,0.27374342,0.46402293,0
0.0,0.25647765,0.44332564,0
0.0,0.25474378,0.43584734,0
0.0,0.26191974,0.4375702,0
0.0,0.26308733,0.45542794,0
0.0,0.2636768,0.48494142,0
0.0,0.25504866,0.4811998,0
0.0,0.26525125,0.46099165,0
0.0,0.26042423,0.466785,0
0.0,0.26968294,0.4757021,0
0.0,0.2561061,0.5269414,0
0.0,0.27127475,0.48861724,0
0.0,0.2572972,0.49084163,0
0.0,0.27018037,0.4756552,0
0.0,0.25685865,0.5252382,0
0.0,0.27160788,0.5364944,0
0.0,0.25787774,0.5234302,0
0.0,0.25963905,0.51089704,0
0.0,0.25154942,0.52001876,0
0.0,0.26206768,0.54141355,0
0.0,0.2538336,0.5719847,0
0.0,0.2596939,0.5731679,0
0.0,0.24611033,0.5899656,0
0.0,0.25793687,0.59060514,0
0.0,0.2507042,0.6141028,0
0.0,0.2631931,0.6274593,0
0.0,0.25431007,0.64996195,0
0.0,0.26549053,0.5948138,0
0.0,0.25438792,0.61163026,0
0.0,0.26240763,0.62294376,0
0.0,0.2595018,0.62045956,0
0.0,0.27032727,0.6107285,0
0.0,0.26027226,0.5527796,0
0.0,0.26079428,0.54357165,0
0.0,0.25859192,0.555366,0
0.0,0.26751742,0.54344785,0
0.0,0.26129195,0.53539455,0
0.0,0.26741046,0.49856043,0
0.0,0.27612576,0.5086709,0
0.0,0.27977526,0.5132991,0
0.0,0.2847096,0.51296514,0
0.0,0.29204193,0.49790362,0
0.0,0.29978547,0.4511804,0
0.0,0.2996352,0.4540285,0
0.0,0.30395257,0.48737413,0
0.0,0.30761552,0.48978353,0
0.0,0.31380346,0.45015568,0
0.0,0.31126198,0.43870223,0
0.0,0.3061871,0.4497118,0
0.0,0.3025824,0.45407072,0
0.0,0.30867296,0.44923323,0
0.0,0.31072357,0.43906152,0
0.0,0.30727792,0.39891365,0
0.0,0.31032816,0.3848974,0
0.0,0.31052825,0.39857534,0
0.0,0.31378362,0.3823818,0
0.0,0.31163108,0.37206215,0
0.0,0.32072183,0.35179222,0
0.0,0.32690862,0.32403338,0
0.0,0.325175,0.32932112,0
0.0,0.3271256,0.32638192,0
0.0,0.32305288,0.32202905,0
0.0,0.32028204,0.32515997,0
0.0,0.32823545,0.30813763,0
0.0,0.32608116,0.30733478,0
0.0,0.31991845,0.31651574,0
0.0,0.319116,0.31367958,0
0.0,0.32457522,0.29961297,0
0.0,0.32739103,0.29291797,0
0.0,0.32791093,0.28438345,0
0.0,0.33384353,0.27448857,0
0.0,0.34193712,0.25769252,0
0.0,0.34422672,0.25772256,0
0.0,0.33306655,0.27241215,0
0.0,0.32134834,0.2793911,0
0.0,0.31321272,0.2812476,0
0.0,0.31669524,0.2596277,0
0.0,0.30275294,0.26138788,0
0.0,0.29084733,0.27094162,0
0.0,0.28841558,0.29372904,0
0.0,0.29543054,0.28967953,0
0.0,0.28578442,0.2994113,0
0.0,0.28588524,0.29980832,0
0.0,0.29275167,0.29565135,0
0.0,0.29988685,0.29836994,0
0.0,0.29363808,0.3042599,0
0.0,0.28572875,0.31463823,0
0.0,0.27727166,0.32362756,0
0.0,0.27602068,0.3247704,0
0.0,0.26652008,0.3550163,0
0.0,0.25268537,0.3608174,0
0.0,0.2412065,0.36675912,0
0.0,0.23812172,0.36826792,0
0.0,0.23163554,0.36535192,0
0.0,0.22500254,0.37279907,0
0.0,0.21969603,0.3926406,0
0.0,0.22220007,0.378634,0
0.0,0.22163157,0.37337476,0
0.0,0.22564249,0.37394312,0
0.0,0.22761004,0.39665926,0
0.0,0.24630247,0.3964976,0
0.0,0.24610174,0.40131074,0
0.0,0.26412907,0.37431452,0
0.0,0.26012617,0.37935913,0
0.0,0.28973046,0.35268462,0
0.0,0.28282142,0.3825843,0
0.0,0.29312798,0.3708563,0
0.0,0.2751612,0.39032552,0
0.0,0.29417807,0.35774106,0
0.0,0.2795095,0.3888413,0
0.0,0.278613,0.39356065,0
0.0,0.26848406,0.37670624,0
0.0,0.281751,0.35721365,0
0.0,0.27197492,0.36514497,0
0.0,0.28157943,0.3593201,0
0.0,0.28251445,0.3604325,0
0.0,0.3049217,0.33541894,0
0.0,0.29498023,0.34615135,0
0.0,0.31003127,0.32266635,0
0.0,0.30869937,0.32554758,0
0.0,0.33964494,0.30942476,0
0.0,0.31984106,0.33786544,0
0.0,0.32763696,0.32293487,0
0.0,0.29939464,0.3481301,0
0.0,0.3024228,0.36805204,0
0.0,0.28227508,0.40339842,0
0.0,0.2774946,0.41448677,0
0.0,0.26679903,0.40924102,0
0.0,0.26646364,0.40426576,0
0.0,0.26846007,0.40162823,0
0.0,0.27818307,0.39680398,0
0.0,0.27597198,0.4061696,0
0.0,0.28678745,0.3761749,0
0.0,0.27628687,0.37664047,0
0.0,0.28995675,0.3519543,0
0.0,0.28371698,0.35915172,0
0.0,0.2959641,0.36624533,0
0.0,0.29037386,0.32750773,0
0.0,0.29328376,0.31975514,0
0.0,0.28704542,0.32667714,0
0.0,0.2943105,0.3351961,0
0.0,0.29359677,0.34856302,0
0.0,0.2957075,0.35261902,0
0.0,0.29915455,0.3411851,0
0.0,0.294141,0.3588087,0
0.0,0.29816902,0.36337942,0
0.0,0.3046922,0.36111218,0
0.0,0.317614,0.33531117,0
0.0,0.31909877,0.32591033,0
0.0,0.3213888,0.32337475,0
0.0,0.34599224,0.30772716,0
0.0,0.34764308,0.30514508,0
0.0,0.34789604,0.30317762,0
0.0,0.33174294,0.28155476,0
0.0,0.3320802,0.28034854,0
0.0,0.33444855,0.28405568,0
0.0,0.33234203,0.28247508,0
0.0,0.3313176,0.2841671,0
0.0,0.33904916,0.2810076,0
0.0,0.34868193,0.27525645,0
0.0,0.34599316,0.28594434,0
0.0,0.35679618,0.30258906,0
0.0,0.37538093,0.30010504,0
0.0,0.38175878,0.2844826,0
0.0,0.38314945,0.29322648,0
0.0,0.37522358,0.30808333,0
0.0,0.39905217,0.29101846,0
0.0,0.38613996,0.3137284,0
0.0,0.4020044,0.30193648,0
0.0,0.3832717,0.3219024,0
0.0,0.39335933,0.31297094,0
0.0,0.37988028,0.33656645,0
0.0,0.3899595,0.3229894,0
0.0,0.37946025,0.31965965,0
0.0,0.38381797,0.3118743,0
0.0,0.37951452,0.3228647,0
0.0,0.39308947,0.31320083,0
0.0,0.39110145,0.31620845,0
0.0,0.4078455,0.3107259,0
0.0,0.40457362,0.31510353,0
0.0,0.41602638,0.30776513,0
0.0,0.41661474,0.34273124,0
0.0,0.42218542,0.36251044,0
0.0,0.41407868,0.390278,0
0.0,0.42304796,0.39572757,0
0.0,0.4105861,0.41238636,0
0.0,0.41696563,0.41412568,0
0.0,0.40775743,0.45168066,0
0.0,0.41017327,0.44965148,0
0.0,0.3984361,0.4558043,0
0.0,0.38948095,0.46374232,0
0.0,0.39184293,0.47550374,0
0.0,0.38796496,0.4832369,0
0.0,0.3935621,0.4594071,0
0.0,0.37570634,0.5375727,0
0.0,0.37006918,0.56437,0
0.0,0.35438848,0.57730603,0
0.0,0.36746758,0.5677546,0
0.0,0.34136587,0.61426556,0
0.0,0.3426795,0.6237954,0
0.0,0.31963396,0.6527765,0
0.0,0.32932094,0.6466358,0
0.0,0.3042676,0.7107341,0
0.0,0.31451824,0.7016864,0
0.0,0.29529014,0.74656236,0
0.0,0.3125839,0.7266753,0
0.0,0.29755637,0.7549702,0
0.0,0.30975613,0.7364937,0
0.0,0.29179677,0.75221026,0
0.0,0.31910297,0.7081317,0
0.0,0.30095497,0.7333702,0
0.0,0.31862584,0.70122623,0
0.0,0.30285195,0.7338997,0
0.0,0.32944393,0.66597205,0
0.0,0.31166902,0.6548996,0
0.0,0.33266717,0.6141195,0
0.0,0.3145048,0.63221693,0
0.0,0.3394772,0.58453196,0
0.0,0.32450888,0.60724807,0
0.0,0.35370088,0.5717437,0
0.0,0.33585867,0.6092458,0
0.0,0.3483588,0.6028703,0
0.0,0.35462213,0.596123,0
0.0,0.3708577,0.57685924,0
0.0,0.38143232,0.5715692,0
0.0,0.39087772,0.5640315,0
0.0,0.4002104,0.5046873,0
0.0,0.4031471,0.47940886,0
0.0,0.3997519,0.48513252,0
0.0,0.39633074,0.48529312,0
0.0,0.39526585,0.48847637,0
0.0,0.39563853,0.47307107,0
0.0,0.3950316,0.4608295,0
0.0,0.38153574,0.46796167,0
0.0,0.3943625,0.43072173,0
0.0,0.39243957,0.4267273,0
0.0,0.4004906,0.40580225,0
0.0,0.3926025,0.40738985,0
0.0,0.39470142,0.4066103,0
0.0,0.38907614,0.42417657,0
0.0,0.41543218,0.40273076,0
0.0,0.4124109,0.40674448,0
0.0,0.41174686,0.41151017,0
0.0,0.41434497,0.41249913,0
0.0,0.4305333,0.3929277,0
0.0,0.42067713,0.4179444,0
0.0,0.41350427,0.4414015,0
0.0,0.42343712,0.42339447,0
0.0,0.4311362,0.4031713,0
0.0,0.43708336,0.39840475,0
0.0,0.462297,0.36291444,0
0.0,0.46743774,0.33628693,0
0.0,0.48483896,0.30499017,0
0.0,0.46986064,0.30821827,0
0.0,0.4656973,0.31006256,0
0.0,0.46447006,0.3065312,0
0.0,0.4808074,0.2750697,0
0.0,0.46802214,0.28227484,0
0.0,0.46014112,0.27871552,0
0.0,0.45353585,0.27541825,0
0.0,0.4611055,0.27355707,0
0.0,0.45448777,0.29193306,0
0.0,0.4516294,0.28684273,0
0.0,0.4493977,0.29342213,0
0.0,0.43468037,0.3207608,0
0.0,0.4158558,0.3438487,0
0.0,0.41857266,0.34412384,0
0.0,0.41207844,0.34930602,0
0.0,0.4192321,0.33558956,0
0.0,0.41299415,0.3395304,0
0.0,0.4204661,0.32824332,0
0.0,0.41383898,0.3225213,0
0.0,0.42106423,0.30657637,0
0.0,0.41432905,0.31245035,0
0.0,0.3985533,0.31503302,0
0.0,0.39959773,0.30339554,0
0.0,0.40311095,0.29331,0
0.0,0.40400594,0.28455052,0
0.0,0.4047671,0.28104967,0
0.0,0.40373662,0.27815023,0
0.0,0.40829122,0.2800492,0
0.0,0.40986338,0.2941083,0
0.0,0.41548315,0.30461162,0
0.0,0.4176289,0.32621187,0
0.0,0.41919824,0.31761777,0
0.0,0.41485053,0.32385242,0
0.0,0.41254106,0.34888276,0
0.0,0.40165016,0.35758016,0
0.0,0.39823347,0.3667916,0
0.0,0.39417616,0.38276488,0
0.0,0.39334533,0.3706075,0
0.0,0.3790654,0.3881678,0
0.0,0.38212073,0.38976002,0
0.0,0.37842524,0.39544022,0
0.0,0.38063875,0.3985551,0
0.0,0.37485933,0.3984818,0
0.0,0.37387493,0.40598387,0
0.0,0.36920214,0.4341962,0
0.0,0.37234506,0.43282613,0
0.0,0.361229,0.4493584,0
0.0,0.36248994,0.45335907,0
0.0,0.35277188,0.47222182,0
0.0,0.35833701,0.49838465,0
0.0,0.34893656,0.54956734,0
0.0,0.35074985,0.5542982,0
0.0,0.3437872,0.5632023,0
0.0,0.3458785,0.57321465,0
0.0,0.33990034,0.6053452,0
0.0,0.3441138,0.6047671,0
0.0,0.33859083,0.60215294,0
0.0,0.34523514,0.582929,0
0.0,0.34622148,0.5890346,0
0.0,0.35860762,0.57563597,0
0.0,0.3572484,0.5660606,0
0.0,0.36832377,0.53929645,0
0.0,0.37577584,0.4979862,0
0.0,0.37929466,0.4948663,0
0.0,0.37883472,0.50549626,0
0.0,0.38316658,0.48862785,0
0.0,0.37853065,0.5079279,0
0.0,0.38863075,0.50168264,0
0.0,0.38911602,0.49586084,0
0.0,0.39626417,0.50920564,0
0.0,0.3944584,0.5357024,0
0.0,0.4019902,0.5249676,0
0.0,0.40429327,0.50368124,0
0.0,0.4162797,0.4752651,0
0.0,0.4344802,0.451707,0
0.0,0.4333509,0.4599058,0
0.0,0.4310705,0.44627315,0
0.0,0.43412152,0.43539304,0
0.0,0.41418067,0.45080405,0
0.0,0.42148405,0.43584573,0
0.0,0.41614106,0.4394218,0
0.0,0.43375355,0.3984679,0
0.0,0.4176858,0.38710427,0
0.0,0.42066315,0.37149432,0
0.0,0.4165525,0.37091857,0
0.0,0.43377283,0.352255,0
0.0,0.41924983,0.37096632,0
0.0,0.41960713,0.37295288,0
0.0,0.4092333,0.38725543,0
0.0,0.4218806,0.3673805,0
0.0,0.40187174,0.3838446,0
0.0,0.40811643,0.38063306,0
0.0,0.3904705,0.40374452,0
0.0,0.4035239,0.38119638,0
0.0,0.38625997,0.3988265,0
0.0,0.38933814,0.39842337,0
0.0,0.37905675,0.4036586,0
0.0,0.39124283,0.3734159,0
0.0,0.37614638,0.36470497,0
0.0,0.4153691,0.31067657,0
0.0,0.42369345,0.29026178,0
0.0,0.43404216,0.27019253,0
0.0,0.44302502,0.24767324,0
0.0,0.43370286,0.24497156,0
0.0,0.41701767,0.2535322,0
0.0,0.4232174,0.25573754,0
0.0,0.42777458,0.2522351,0
0.0,0.41772342,0.24149236,0
0.0,0.40930006,0.2508656,0
0.0,0.40919018,0.25608987,0
0.0,0.4172784,0.24989524,0
0.0,0.4280733,0.24841864,0
0.0,0.42819616,0.2589546,0
0.0,0.4317615,0.24324624,0
0.0,0.44020098,0.22689517,0
0.0,0.42914197,0.23544323,0
0.0,0.44816408,0.22142363,0
0.0,0.43982536,0.23187321,0
0.0,0.45885524,0.19305715,0
0.0,0.43237823,0.20191044,0
0.0,0.434566,0.20465276,0
0.0,0.41411704,0.22371975,0
0.0,0.41540068,0.22165503,0
0.0,0.37834924,0.2387955,0
0.0,0.37572274,0.22881709,0
0.0,0.36600947,0.23772168,0
0.0,0.37223798,0.24729401,0
0.0,0.3589042,0.26117358,0
0.0,0.3765684,0.24375689,0
0.0,0.36854762,0.25097167,0
0.0,0.3840063,0.24233842,0
0.0,0.3811274,0.24917132,0
0.0,0.40059122,0.24176289,0
0.0,0.3885046,0.24830839,0
0.0,0.39733988,0.22806674,0
0.0,0.37793326,0.24489675,0
0.0,0.39200127,0.24503292,0
0.0,0.38007218,0.24979495,0
0.0,0.3904208,0.23602661,0
0.0,0.381987,0.2304519,0
0.0,0.39509344,0.21006946,0
0.0,0.38355827,0.21628167,0
0.0,0.40128535,0.19993971,0
0.0,0.39500868,0.19816774,0
0.0,0.41143268,0.16775931,0
0.0,0.4083794,0.16946188,0
0.0,0.4451247,0.16424838,0
0.0,0.4384448,0.16957827,0
0.0,0.45233727,0.16188583,0
0.0,0.4441836,0.16290335,0
0.0,0.46601588,0.15064101,0
0.0,0.4405278,0.17912447,0
0.0,0.45124924,0.18414189,0
0.0,0.42848295,0.20125431,0
0.0,0.45132294,0.18362185,0
0.0,0.4161404,0.20799929,0
0.0,0.43411413,0.21079862,0
0.0,0.41061813,0.22852941,0
0.0,0.4301364,0.20433752,0
0.0,0.40049648,0.22155863,0
0.0,0.40293136,0.22095071,0
0.0,0.3835747,0.24297066,0
0.0,0.39982986,0.23935255,0
0.0,0.36897478,0.2645268,0
0.0,0.35929975,0.2800718,0
0.0,0.34769657,0.27765787,0
0.0,0.35296896,0.27549425,0
0.0,0.33654243,0.30481073,0
0.0,0.33046246,0.3190148,0
0.0,0.322436,0.3400045,0
0.0,0.3175925,0.35261023,0
0.0,0.31097788,0.38739312,0
0.0,0.30954903,0.41002417,0
0.0,0.3132141,0.40810233,0
0.0,0.3125273,0.42450443,0
0.0,0.32536358,0.41259155,0
0.0,0.31663734,0.42735854,0
0.0,0.32114118,0.4348122,0
0.0,0.32003546,0.41643602,0
0.0,0.33538538,0.40053898,0
0.0,0.32356015,0.4199712,0
0.0,0.33357957,0.4011175,0
0.0,0.33570942,0.40648973,0
0.0,0.3511047,0.38051677,0
0.0,0.34392098,0.38223067,0
0.0,0.35374516,0.37041712,0
0.0,0.36287016,0.36326265,0
0.0,0.37723342,0.3842834,0
0.0,0.37243396,0.39775515,0
0.0,0.37013292,0.41762543,0
0.0,0.3827003,0.412081,0
0.0,0.3908346,0.4066289,0
0.0,0.38713494,0.42323357,0
0.0,0.3881697,0.42917022,0
0.0,0.38743275,0.4345423,0
0.0,0.39479488,0.4377572,0
0.0,0.37928972,0.44924423,0
0.0,0.37092724,0.46444628,0
0.0,0.37709594,0.4706027,0
0.0,0.37924376,0.4702289,0
0.0,0.3767979,0.45755938,0
0.0,0.37262544,0.45065463,0
0.0,0.3784231,0.44125426,0
0.0,0.38341886,0.4393038,0
0.0,0.38101855,0.44082317,0
0.0,0.3716643,0.45252705,0
0.0,0.37177026,0.4589931,0
0.0,0.3741721,0.45931816,0
0.0,0.3774325,0.4769445,0
0.0,0.372265,0.50945,0
0.0,0.36526394,0.525355,0
0.0,0.36978498,0.5364632,0
0.0,0.37305367,0.5388369,0
0.0,0.37472245,0.5342871,0
0.0,0.37185827,0.55393326,0
0.0,0.37992567,0.549846,0
0.0,0.382332,0.5349399,0
0.0,0.37612548,0.5502366,0
0.0,0.37365144,0.55453503,0
0.0,0.38035268,0.52144444,0
0.0,0.3827132,0.5036665,0
0.0,0.38054588,0.49060702,0
0.0,0.37193808,0.5029323,0
0.0,0.3753217,0.5071236,0
0.0,0.37423322,0.50751513,0
0.0,0.37578535,0.51882905,0
0.0,0.36907154,0.5287862,0
0.0,0.3760935,0.5162027,0
0.0,0.37760702,0.5348114,0
0.0,0.3831469,0.5429376,0
0.0,0.38009238,0.5420288,0
0.0,0.38085586,0.5513313,0
0.0,0.37145153,0.59160376,0
0.0,0.3727928,0.6045918,0
0.0,0.37333962,0.6117039,0
0.0,0.37456572,0.5949924,0
0.0,0.37391353,0.5927475,0
0.0,0.3794063,0.5847365,0
0.0,0.38311315,0.5687386,0
0.0,0.3882833,0.5652208,0
0.0,0.38742334,0.54847026,0
0.0,0.3970395,0.5211785,0
0.0,0.39291552,0.5308158,0
0.0,0.39208183,0.5156255,0
0.0,0.38742378,0.5285673,0
0.0,0.39236546,0.5338954,0
0.0,0.3901864,0.5187757,0
0.0,0.3886696,0.52327895,0
0.0,0.38692996,0.5473491,0
0.0,0.38495412,0.5537242,0
0.0,0.38345033,0.5684378,0
0.0,0.37662047,0.5968911,0
0.0,0.37290227,0.6263515,0
0.0,0.38024804,0.6405724,0
0.0,0.37820616,0.63265216,0
0.0,0.37697512,0.6220529,0
0.0,0.3791168,0.61438024,0
0.0,0.397997,0.5693517,0
0.0,0.3881684,0.58185405,0
0.0,0.3974562,0.5663255,0
0.0,0.39177588,0.56244123,0
0.0,0.4019967,0.53603923,0
0.0,0.38697705,0.54990846,0
0.0,0.392096,0.54210556,0
0.0,0.3878837,0.54157305,0
0.0,0.39620233,0.5286794,0
0.0,0.38282266,0.5527878,0
0.0,0.38824624,0.541791,0
0.0,0.3773044,0.6338992,0
0.0,0.38816947,0.69106793,0
0.0,0.35530913,0.7386443,0
0.0,0.3663623,0.72640735,0
0.0,0.33856738,0.78850126,0
0.0,0.35071754,0.75504375,0
0.0,0.31122217,0.8226708,0
0.0,0.33682433,0.7866345,0
0.0,0.30758533,0.82308567,0
0.0,0.3312952,0.7743066,0
0.0,0.2912038,0.8472307,0
0.0,0.31924874,0.80928403,0
0.0,0.29385012,0.8564944,0
0.0,0.31536463,0.8016584,0
0.0,0.283419,0.8444968,0
0.0,0.30215767,0.8136715,0
0.0,0.27478966,0.8363919,0
0.0,0.28578082,0.80379564,0
0.0,0.25755948,0.86193055,0
0.0,0.2734779,0.82874084,0
0.0,0.2493938,0.87980735,0
0.0,0.2685356,0.8967181,0
0.0,0.24216278,0.9436443,0
0.0,0.259486,0.9063966,0
0.0,0.24424471,0.9384837,0
0.0,0.25937465,0.9175271,0
0.0,0.2528434,0.9462552,0
0.0,0.2692877,0.8987632,0
0.0,0.26916164,0.87702006,0
0.0,0.2860944,0.8327042,0
0.0,0.30163577,0.7957828,0
0.0,0.3053547,0.78677386,0
0.0,0.3222469,0.6657196,0
0.0,0.31830922,0.5984075,0
0.0,0.33199933,0.58387643,0
0.0,0.32604837,0.5793585,0
0.0,0.33517337,0.5512397,0
0.0,0.32697722,0.5649593,0
0.0,0.34028408,0.53392947,0
0.0,0.3398383,0.5302935,0
0.0,0.3552091,0.5221603,0
0.0,0.36010173,0.51555604,0
0.0,0.36850998,0.5253097,0
0.0,0.36963573,0.50935733,0
0.0,0.3858733,0.45155203,0
0.0,0.38419664,0.47792047,0
0.0,0.39000878,0.47513616,0
0.0,0.38149208,0.45861477,0
0.0,0.3908051,0.4378139,0
0.0,0.39628783,0.41549602,0
0.0,0.39910918,0.4071449,0
0.0,0.38899532,0.4232608,0
0.0,0.40166718,0.39324796,0
0.0,0.4002248,0.3553428,0
0.0,0.3899353,0.35519996,0
0.0,0.38681334,0.35145086,0
0.0,0.39086592,0.33852738,0
0.0,0.39255485,0.3275392,0
0.0,0.38211358,0.3229732,0
0.0,0.38169515,0.3293916,0
0.0,0.38204607,0.33791584,0
0.0,0.37964916,0.3448705,0
0.0,0.37720773,0.3557737,0
0.0,0.37598118,0.3546542,0
0.0,0.38215,0.34375024,0
0.0,0.38352382,0.3361036,0
0.0,0.39493048,0.33364075,0
0.0,0.3809836,0.33971247,0
0.0,0.39183196,0.31717032,0
0.0,0.38174874,0.31635022,0
0.0,0.4001879,0.29341573,0
0.0,0.39165217,0.2980777,0
0.0,0.41460428,0.26100147,0
0.0,0.40155032,0.2602442,0
0.0,0.41747096,0.21654704,0
0.0,0.41484454,0.21186632,0
0.0,0.43377903,0.20129308,0
0.0,0.42918307,0.18222338,0
0.0,0.4465039,0.16378143,0
0.0,0.43158877,0.16697536,0
0.0,0.44648555,0.15468782,0
0.0,0.43886483,0.16728589,0
0.0,0.45610994,0.15169635,0
0.0,0.44028747,0.1588729,0
0.0,0.45663366,0.14671567,0
0.0,0.44789675,0.14840497,0
0.0,0.45589647,0.14043584,0
0.0,0.4398719,0.15034124,0
0.0,0.45797145,0.13055024,0
0.0,0.47396934,0.118936226,0
0.0,0.5125209,0.10108364,0
0.0,0.49959406,0.095048174,0
0.0,0.533416,0.072287664,0
0.0,0.5414371,0.0690864,0
0.0,0.5881555,0.05063475,0
0.0,0.518639,0.06317595,0
0.0,0.54142684,0.058274068,0
0.0,0.5474413,0.057582006,0
0.0,0.62382114,0.04100459,0
0.0,0.57685244,0.04233139,0
0.0,0.59630877,0.03984932,0
0.0,0.61453694,0.040184755,0
0.0,0.68138075,0.044823177,0
0.0,0.6301062,0.042698383,0
0.0,0.630723,0.043671936,0
0.0,0.653262,0.05149433,0
0.0,0.75677806,0.086473145,0
0.0,0.7721394,0.09901273,0
0.0,0.7794641,0.10677123,0
0.0,0.79474324,0.12385056,0
0.0,0.86543554,0.18191847,0
0.0,0.84822565,0.17320344,0
0.0,0.815665,0.15666458,0
0.0,0.79579306,0.15192677,0
0.0,0.834446,0.19844732,0
0.0,0.83079445,0.2134777,0
0.0,0.784138,0.18099466,0
0.0,0.7685962,0.17903349,0
0.0,0.81205535,0.22223629,0
0.0,0.8380945,0.24994159,0
0.0,0.79555297,0.21869463,0
0.0,0.7847677,0.20584896,0
0.0,0.80337125,0.23342623,0
0.0,0.80475074,0.23460038,0
0.0,0.7549042,0.19593844,0
0.0,0.7188957,0.17293161,0
0.0,0.7409397,0.18757123,0
0.0,0.7395531,0.19329244,0
0.0,0.69477993,0.16444853,0
0.0,0.6572193,0.13742459,0
0.0,0.6527811,0.14321205,0
0.0,0.6127333,0.12256671,0
0.0,0.56132907,0.09455472,0
0.0,0.53815603,0.08351292,0
0.0,0.5302778,0.08155036,0
0.0,0.53590167,0.08811889,0
0.0,0.5237978,0.08817877,0
0.0,0.51901895,0.084271066,0
0.0,0.5211767,0.08050946,0
0.0,0.5352515,0.08636021,0
0.0,0.53593445,0.08767211,0
0.0,0.54591864,0.092627876,0
0.0,0.5618054,0.09626895,0
0.0,0.57094663,0.10114623,0
0.0,0.56051844,0.10663968,0
0.0,0.56760985,0.11256437,0
0.0,0.5974433,0.12559888,0
0.0,0.6218057,0.14456347,0
0.0,0.58716434,0.12061687,0
0.0,0.64452237,0.15710348,0
0.0,0.64808595,0.18226238,0
0.0,0.6595594,0.19800699,0
0.0,0.6103089,0.165302,0
0.0,0.68424594,0.23756497,0
0.0,0.6845159,0.24404596,0
0.0,0.715374,0.28296348,0
0.0,0.66333526,0.24634092,0
0.0,0.73454744,0.32335973,0
0.0,0.72896886,0.31945586,0
0.0,0.74061424,0.33555394,0
0.0,0.67979616,0.27675354,0
0.0,0.7679596,0.36691308,0
0.0,0.7738717,0.36686355,0
0.0,0.78459007,0.38258445,0
0.0,0.7163681,0.31109083,0
0.0,0.8002983,0.408565,0
0.0,0.7707633,0.38200292,0
0.0,0.76411766,0.37699848,0
0.0,0.69528407,0.29121152,0
0.0,0.784427,0.39659098,0
0.0,0.7418833,0.37444043,0
0.0,0.7297834,0.3735155,0
0.0,0.6769115,0.33094695,0
0.0,0.759244,0.43035227,0
0.0,0.71914655,0.39248025,0
0.0,0.73237467,0.42476726,0
0.0,0.6823528,0.3536174,0
0.0,0.7617667,0.44880903,0
0.0,0.7264777,0.40311092,0
0.0,0.71534586,0.37965214,0
0.0,0.65911955,0.32025418,0
0.0,0.74091536,0.41135997,0
0.0,0.6996504,0.33759665,0
0.0,0.70519346,0.3358882,0
0.0,0.65995497,0.28245825,0
0.0,0.70884,0.33443174,0
0.0,0.6560823,0.26947522,0
0.0,0.64895356,0.25149232,0
0.0,0.6154339,0.2160338,0
0.0,0.6408339,0.24251515,0
0.0,0.62589073,0.24810486,0
0.0,0.6604212,0.28291997,0
0.0,0.62102264,0.2377365,0
0.0,0.6549219,0.27247268,0
0.0,0.6405678,0.25815472,0
0.0,0.65629643,0.27949235,0
0.0,0.6334803,0.26098013,0
0.0,0.6470846,0.267473,0
0.0,0.6328106,0.24735908,0
0.0,0.6356738,0.24164787,0
0.0,0.629643,0.2348478,0
0.0,0.65894365,0.25137755,0
0.0,0.6931679,0.25814047,0
0.0,0.70560163,0.25711966,0
0.0,0.7033896,0.23984417,0
0.0,0.73404986,0.26741832,0
0.0,0.7477951,0.27324742,0
0.0,0.76335925,0.27372116,0
0.0,0.74336314,0.25296724,0
0.0,0.787629,0.29343218,0
0.0,0.8019285,0.31455487,0
0.0,0.8175913,0.32927984,0
0.0,0.78276795,0.2895977,0
0.0,0.818182,0.33819497,0
0.0,0.7953269,0.31450284,0
0.0,0.80080664,0.31880957,0
0.0,0.77173585,0.28513223,0
0.0,0.80875075,0.30447114,0
0.0,0.7739484,0.2670832,0
0.0,0.7965812,0.28648216,0
0.0,0.758647,0.2428506,0
0.0,0.8048012,0.27066207,0
0.0,0.77145183,0.21180603,0
0.0,0.79047006,0.21777105,0
0.0,0.73675936,0.17664754,0
0.0,0.7659876,0.19320257,0
0.0,0.6649751,0.12683184,0
0.0,0.67139786,0.1178997,0
0.0,0.6158481,0.08173081,0
0.0,0.65754944,0.105964206,0
0.0,0.5686566,0.0654563,0
0.0,0.57968295,0.06935115,0
0.0,0.54832244,0.06001772,0
0.0,0.5812804,0.07504007,0
0.0,0.5205016,0.05631903,0
0.0,0.5256026,0.057811413,0
0.0,0.51910233,0.061786786,0
0.0,0.55978817,0.069560215,0
0.0,0.528195,0.06459883,0
0.0,0.5443763,0.067459635,0
0.0,0.5418252,0.06525769,0
0.0,0.58855987,0.07636973,0
0.0,0.5611581,0.061862335,0
0.0,0.5878864,0.06681153,0
0.0,0.5713608,0.062487245,0
0.0,0.62886435,0.0706037,0
0.0,0.5931168,0.05747698,0
0.0,0.61420816,0.06186994,0
0.0,0.6176907,0.062086917,0
0.0,0.68741924,0.085480005,0
0.0,0.61772084,0.062479176,0
0.0,0.64155024,0.072477505,0
0.0,0.66246724,0.082503885,0
0.0,0.75928646,0.13306871,0
0.0,0.7198821,0.11093015,0
0.0,0.72064394,0.10694719,0
0.0,0.7681552,0.1274877,0
0.0,0.8190935,0.16057587,0
0.0,0.7905679,0.1309576,0
0.0,0.8093429,0.13679913,0
0.0,0.83984756,0.15745702,0
0.0,0.8785234,0.17609143,0
0.0,0.84575284,0.14580207,0
0.0,0.8121313,0.12489593,0
0.0,0.81503993,0.12838602,0
0.0,0.83328944,0.12817723,0
0.0,0.8116232,0.110835604,0
0.0,0.7637771,0.08351576,0
0.0,0.77563274,0.07146505,0
0.0,0.7793291,0.07304008,0
0.0,0.7625896,0.07334359,0
0.0,0.72887474,0.06632752,0
0.0,0.75830317,0.07852892,0
0.0,0.7571789,0.07796214,0
0.0,0.78321445,0.0905678,0
0.0,0.7388429,0.07241136,0
0.0,0.72974414,0.06702849,0
0.0,0.6971139,0.054367557,0
0.0,0.72907805,0.06265521,0
0.0,0.6838979,0.04858853,0
0.0,0.67484534,0.04646426,0
0.0,0.63506633,0.037408534,0
0.0,0.6497745,0.039890565,0
0.0,0.5678257,0.033918764,0
0.0,0.5723563,0.030168343,0
0.0,0.5320364,0.03299816,0
0.0,0.57844645,0.028567243,0
0.0,0.5626165,0.033157133,0
0.0,0.6363704,0.032473043,0
0.0,0.60044646,0.0293472,0
0.0,0.6400197,0.04344404,0
0.0,0.6276768,0.043387853,0
0.0,0.67352986,0.051751554,0
0.0,0.6434471,0.046147827,0
0.0,0.67935926,0.055315427,0
0.0,0.61406416,0.04327458,0
0.0,0.6269272,0.043772038,0
0.0,0.62043864,0.045812715,0
0.0,0.63279295,0.04750099,0
0.0,0.6016729,0.04222267,0
0.0,0.6281198,0.046210986,0
0.0,0.6175024,0.045238897,0
0.0,0.6119137,0.040572077,0
0.0,0.59350604,0.035633136,0
0.0,0.5972947,0.035913046,0
0.0,0.6109472,0.03696646,0
0.0,0.5976589,0.06255132,0
0.0,0.5479045,0.059766635,0
0.0,0.53321874,0.08941608,0
0.0,0.5264584,0.10838009,0
0.0,0.4986467,0.11246768,0
0.0,0.45648026,0.115654655,0
0.0,0.40904078,0.1255052,0
0.0,0.41103223,0.12149507,0
0.0,0.3919357,0.1165005,0
0.0,0.372598,0.11886218,0
0.0,0.34921786,0.12193079,0
0.0,0.35908946,0.11831063,0
0.0,0.34703857,0.123820335,0
0.0,0.3462904,0.12449546,0
0.0,0.33931506,0.124479994,0
0.0,0.3383334,0.12451597,0
0.0,0.3337444,0.12295659,0
0.0,0.33148164,0.12877458,0
0.0,0.33441564,0.12357323,0
0.0,0.33788306,0.12047579,0
0.0,0.33878312,0.120194435,0
0.0,0.3434601,0.118235424,0
0.0,0.3514663,0.11632916,0
0.0,0.36346886,0.11348754,0
0.0,0.3962287,0.1036685,0
0.0,0.40328047,0.103011005,0
0.0,0.419304,0.10100791,0
0.0,0.42514792,0.102155976,0
0.0,0.4699952,0.10643262,0
0.0,0.46600944,0.104509704,0
0.0,0.52901614,0.114432625,0
0.0,0.53363276,0.11581622,0
0.0,0.60208714,0.11106655,0
0.0,0.5888539,0.10669549,0
0.0,0.6708735,0.119611286,0
0.0,0.64352536,0.08104244,0
0.0,0.6865727,0.09838538,0
0.0,0.6451409,0.0779118,0
0.0,0.67085266,0.08236388,0
0.0,0.6298791,0.06716955,0
0.0,0.6754909,0.086448744,0
0.0,0.64267945,0.07057577,0
0.0,0.6897785,0.09401851,0
0.0,0.6538388,0.0770347,0
0.0,0.7117054,0.10883717,0
0.0,0.66777676,0.09050121,0
0.0,0.70597184,0.11028203,0
0.0,0.64671683,0.07538442,0
0.0,0.6690926,0.08760561,0
0.0,0.630292,0.070141956,0
0.0,0.66510844,0.088712454,0
0.0,0.6172608,0.06270429,0
0.0,0.6423383,0.07158963,0
0.0,0.6193995,0.062236995,0
0.0,0.6394804,0.06485011,0
0.0,0.6070216,0.052347325,0
0.0,0.6309618,0.061181918,0
0.0,0.60966796,0.047200818,0
0.0,0.59907365,0.043718025,0
0.0,0.57621634,0.03629726,0
0.0,0.57451504,0.027159788,0
0.0,0.56317174,0.02687064,0
0.0,0.5759705,0.02960708,0
0.0,0.5638881,0.02657896,0
0.0,0.5644177,0.028742917,0
0.0,0.5502538,0.027809795,0
0.0,0.56644547,0.029001366,0
0.0,0.55786014,0.028315153,0
0.0,0.5416671,0.028014852,0
0.0,0.5410432,0.031633146,0
0.0,0.54109967,0.031977423,0
0.0,0.5489257,0.030817036,0
0.0,0.5468055,0.034038767,0
0.0,0.5459973,0.033058528,0
0.0,0.54526883,0.032326993,0
0.0,0.548139,0.043246187,0
0.0,0.5361199,0.0457596,0
0.0,0.5268374,0.044294644,0
0.0,0.5255708,0.045387104,0
0.0,0.5179966,0.047396764,0
0.0,0.50345296,0.049219087,0
0.0,0.50517946,0.048807226,0
0.0,0.54175925,0.040743805,0
0.0,0.540738,0.04139532,0
0.0,0.540614,0.03993768,0
0.0,0.5444367,0.04036772,0
0.0,0.55658424,0.039276678,0
0.0,0.55709344,0.040927134,0
0.0,0.55273813,0.04342355,0
0.0,0.5638482,0.042010576,0
0.0,0.54628193,0.046066172,0
0.0,0.53970695,0.044245854,0
0.0,0.5478358,0.044748746,0
0.0,0.54707396,0.045597192,0
0.0,0.54170495,0.048112623,0
0.0,0.5332886,0.053662382,0
0.0,0.53197604,0.055089734,0
0.0,0.57905203,0.048859872,0
0.0,0.5719478,0.050231688,0
0.0,0.5769497,0.051024936,0
0.0,0.60629064,0.048993044,0
0.0,0.60877645,0.045341965,0
0.0,0.59078026,0.047723845,0
0.0,0.5818098,0.049989775,0
0.0,0.60218567,0.04484137,0
0.0,0.59799623,0.045060206,0
0.0,0.56147665,0.049817882,0
0.0,0.55580133,0.042079933,0
0.0,0.57322156,0.03953384,0
0.0,0.5650592,0.040749684,0
0.0,0.53980047,0.0453794,0
0.0,0.5330477,0.04623894,0
0.0,0.5557602,0.042127647,0
0.0,0.54536647,0.048375987,0
0.0,0.53938663,0.05064731,0
0.0,0.5330999,0.05538734,0
0.0,0.55641943,0.05570881,0
0.0,0.55839187,0.056645054,0
0.0,0.5761671,0.052904993,0
0.0,0.55819386,0.05758049,0
0.0,0.5840265,0.047340572,0
0.0,0.5231683,0.06641821,0
0.0,0.55536073,0.054408845,0
0.0,0.5585313,0.05424182,0
0.0,0.5713743,0.051828768,0
0.0,0.5689625,0.051089957,0
0.0,0.6002934,0.04208489,0
0.0,0.60200757,0.038752284,0
0.0,0.6125014,0.038211197,0
0.0,0.5934809,0.037748344,0
0.0,0.5972021,0.037696473,0
0.0,0.602865,0.03447164,0
0.0,0.61421627,0.030762732,0
0.0,0.59186256,0.036245003,0
0.0,0.6010978,0.034131244,0
0.0,0.60325485,0.03304275,0
0.0,0.6108174,0.032613516,0
0.0,0.59128225,0.035332806,0
0.0,0.6025601,0.035712734,0
0.0,0.6005345,0.04316016,0
0.0,0.6015666,0.041906197,0
0.0,0.5705524,0.049321204,0
0.0,0.546899,0.055691864,0
0.0,0.5839798,0.04983177,0
0.0,0.6319657,0.044202197,0
0.0,0.6117168,0.04388108,0
0.0,0.6108013,0.04375437,0
0.0,0.60750425,0.044966474,0
0.0,0.61772746,0.040704545,0
0.0,0.56752044,0.04267396,0
0.0,0.5959341,0.043494396,0
0.0,0.582607,0.043110967,0
0.0,0.6265479,0.04546585,0
0.0,0.5479229,0.04807991,0
0.0,0.59439784,0.043533124,0
0.0,0.5751387,0.04781036,0
0.0,0.6171116,0.041784868,0
0.0,0.5558998,0.052059203,0
0.0,0.60430956,0.048855156,0
0.0,0.5879519,0.05114139,0
0.0,0.61624104,0.04933513,0
0.0,0.5393133,0.057962917,0
0.0,0.5772861,0.053568788,0
0.0,0.55520236,0.057415448,0
0.0,0.5850838,0.05524943,0
0.0,0.5264494,0.060436003,0
0.0,0.5697416,0.059363313,0
0.0,0.5325578,0.061832946,0
0.0,0.5078827,0.065062016,0
0.0,0.47694805,0.07123358,0
0.0,0.49997985,0.062278967,0
0.0,0.47762358,0.055057377,0
0.0,0.48587912,0.053222723,0
0.0,0.47711027,0.05437935,0
0.0,0.4786701,0.059447184,0
0.0,0.47973138,0.058374662,0
0.0,0.45968774,0.063147135,0
0.0,0.4814492,0.05906847,0
0.0,0.47866884,0.061397433,0
0.0,0.4975148,0.058068406,0
0.0,0.4665561,0.06389369,0
0.0,0.49184626,0.055036616,0
0.0,0.48251778,0.05536323,0
0.0,0.52102077,0.048948977,0
0.0,0.55230695,0.041772455,0
0.0,0.58989096,0.042072933,0
0.0,0.5867716,0.041691743,0
0.0,0.6459335,0.045707524,0
0.0,0.63888985,0.048047666,0
0.0,0.62732685,0.041154295,0
0.0,0.60730577,0.03981461,0
0.0,0.6573525,0.0464368,0
0.0,0.6483176,0.041501984,0
0.0,0.6389851,0.042692438,0
0.0,0.6091334,0.038083136,0
0.0,0.6612137,0.05099816,0
0.0,0.63606083,0.05153293,0
0.0,0.5997645,0.053664245,0
0.0,0.55950564,0.051784515,0
0.0,0.60708165,0.0539911,0
0.0,0.5860579,0.054988377,0
0.0,0.55141556,0.059570964,0
0.0,0.5145696,0.07639554,0
0.0,0.54090106,0.069492675,0
0.0,0.5317856,0.07399234,0
0.0,0.5004876,0.08297473,0
0.0,0.48045424,0.08331844,0
0.0,0.48812386,0.08176073,0
0.0,0.43492717,0.09972188,0
0.0,0.41191033,0.103739366,0
0.0,0.39180085,0.109262876,0
0.0,0.40684238,0.1009252,0
0.0,0.39077634,0.10661174,0
0.0,0.39432117,0.10704166,0
0.0,0.3873479,0.12167286,0
0.0,0.43120232,0.1173352,0
0.0,0.43506926,0.116756536,0
0.0,0.44679573,0.1142489,0
0.0,0.4483106,0.12932675,0
0.0,0.48610067,0.11128798,0
0.0,0.47312668,0.12333065,0
0.0,0.47664002,0.12187119,0
0.0,0.5472822,0.09618798,0
0.0,0.5725167,0.0975,0
0.0,0.5620878,0.09953729,0
0.0,0.56711525,0.093584225,0
0.0,0.59795094,0.096171565,0
0.0,0.60438824,0.08803402,0
0.0,0.5699254,0.08472306,0
0.0,0.55490583,0.07814357,0
0.0,0.6064998,0.078519255,0
0.0,0.62496984,0.074347876,0
0.0,0.5871244,0.072514586,0
0.0,0.577635,0.07195827,0
0.0,0.6264841,0.067878306,0
0.0,0.6301195,0.070735216,0
0.0,0.59156424,0.0740875,0
0.0,0.5798318,0.07282895,0
0.0,0.6113115,0.075041264,0
0.0,0.5638551,0.07043356,0
0.0,0.5070343,0.07325338,0
0.0,0.48176447,0.07696997,0
0.0,0.506344,0.07878332,0
0.0,0.4880823,0.08244662,0
0.0,0.48882207,0.0828301,0
0.0,0.5059898,0.08095725,0
0.0,0.504368,0.07633976,0
0.0,0.5071388,0.064638354,0
0.0,0.50032467,0.06365642,0
0.0,0.51863384,0.0632062,0
0.0,0.557137,0.056483973,0
0.0,0.5428709,0.05760629,0
0.0,0.5671779,0.05209602,0
0.0,0.5623494,0.06489711,0
0.0,0.5906359,0.070316866,0
0.0,0.5386948,0.05716051,0
0.0,0.5825943,0.070733696,0
0.0,0.5506986,0.06754233,0
0.0,0.5966122,0.06705388,0
0.0,0.5270841,0.07088217,0
0.0,0.5717041,0.07220092,0
0.0,0.51194465,0.07429005,0
0.0,0.5470048,0.07199879,0
0.0,0.50756973,0.07453916,0
0.0,0.5456678,0.07220755,0
0.0,0.5228661,0.07417174,0
0.0,0.5542209,0.07337806,0
0.0,0.49838033,0.07493451,0
0.0,0.52488166,0.0654912,0
0.0,0.48446587,0.07164347,0
0.0,0.52007854,0.06627261,0
0.0,0.46893242,0.075638995,0
0.0,0.50284576,0.07103161,0
0.0,0.4565453,0.084707476,0
0.0,0.4807634,0.08180331,0
0.0,0.45837703,0.10802759,0
0.0,0.49184147,0.10260257,0
0.0,0.49025866,0.10308597,0
0.0,0.51589274,0.091710776,0
0.0,0.5184481,0.09205242,0
0.0,0.5295994,0.09068091,0
0.0,0.5082908,0.10356013,0
0.0,0.53554356,0.0934243,0
0.0,0.5282785,0.09274128,0
0.0,0.5401205,0.08870491,0
0.0,0.52880067,0.081459366,0
0.0,0.55879426,0.071120605,0
0.0,0.5421794,0.07684277,0
0.0,0.5538521,0.06448217,0
0.0,0.5240509,0.07493895,0
0.0,0.5631084,0.0643604,0
0.0,0.5492273,0.07073032,0
0.0,0.55139345,0.07096581,0
0.0,0.52596015,0.08318971,0
0.0,0.5662562,0.07534483,0
0.0,0.56779325,0.089533225,0
0.0,0.585774,0.08845133,0
0.0,0.54075056,0.11310227,0
0.0,0.56910247,0.10709094,0
0.0,0.55521184,0.11446965,0
0.0,0.5380235,0.12598403,0
0.0,0.48706287,0.1716372,0
0.0,0.5047153,0.15905893,0
0.0,0.48830652,0.17253867,0
0.0,0.48396993,0.17711644,0
0.0,0.46616173,0.1868757,0
0.0,0.48291397,0.16808304,0
0.0,0.48631495,0.15164629,0
0.0,0.48131788,0.14827251,0
0.0,0.46905434,0.15740822,0
0.0,0.48139665,0.15387025,0
0.0,0.48005787,0.1571088,0
0.0,0.47924316,0.1670638,0
0.0,0.4807246,0.18060574,0
0.0,0.5026781,0.16808532,0
0.0,0.51255816,0.16704793,0
0.0,0.5145608,0.17641859,0
0.0,0.5141648,0.18468183,0
0.0,0.5134698,0.19133274,0
0.0,0.49718884,0.20451914,0
0.0,0.47552484,0.22141716,0
0.0,0.5038242,0.19853757,0
0.0,0.5258496,0.17928639,0
0.0,0.52232176,0.17664447,0
0.0,0.52807266,0.1705268,0
0.0,0.539292,0.16050231,0
0.0,0.5434267,0.15309109,0
0.0,0.521042,0.151038,0
0.0,0.5265652,0.14841872,0
0.0,0.53622645,0.14137095,0
0.0,0.53361994,0.13264014,0
0.0,0.5044513,0.16810441,0
0.0,0.51184547,0.17297837,0
0.0,0.5286009,0.15675327,0
0.0,0.53381217,0.15629545,0
0.0,0.5109858,0.17053251,0
0.0,0.5152972,0.16694897,0
0.0,0.5096498,0.17466664,0
0.0,0.49369007,0.19834292,0
0.0,0.4642675,0.23338947,0
0.0,0.46311098,0.23325485,0
0.0,0.45700425,0.23772174,0
0.0,0.46330225,0.23026942,0
0.0,0.46197578,0.22751538,0
0.0,0.45876616,0.21967678,0
0.0,0.4571306,0.21621445,0
0.0,0.42706016,0.23532438,0
0.0,0.4204159,0.23195039,0
0.0,0.4072831,0.22794043,0
0.0,0.41936415,0.20686698,0
0.0,0.41241583,0.20126572,0
0.0,0.43963644,0.18084237,0
0.0,0.39960906,0.26393676,0
0.0,0.41394693,0.2572268,0
0.0,0.38231608,0.2868015,0
0.0,0.42385313,0.26935995,0
0.0,0.37614223,0.3127921,0
0.0,0.37642363,0.30881798,0
0.0,0.34231743,0.33163002,0
0.0,0.38267145,0.2937107,0
0.0,0.36059436,0.2986348,0
0.0,0.38310918,0.27135497,0
0.0,0.37208754,0.28096354,0
0.0,0.46620467,0.19486256,0
0.0,0.46554372,0.19439846,0
0.0,0.4977085,0.16863383,0
0.0,0.39285046,0.23365031,0
0.0,0.41399717,0.22361387,0
0.0,0.42107418,0.21533608,0
0.0,0.4529945,0.19543608,0
0.0,0.36874688,0.21794328,0
0.0,0.4275989,0.17150486,0
0.0,0.42863536,0.17508978,0
0.0,0.46270078,0.1645067,0
0.0,0.37905636,0.19460022,0
0.0,0.42964074,0.17393266,0
0.0,0.44475007,0.16912341,0
0.0,0.4985193,0.14343837,0
0.0,0.4306903,0.1624065,0
0.0,0.4557434,0.16159609,0
0.0,0.49387935,0.15645948,0
0.0,0.5533687,0.15112068,0
0.0,0.49435773,0.16476522,0
0.0,0.5060539,0.16376562,0
0.0,0.5044494,0.11549355,0
0.0,0.5246529,0.11791703,0
0.0,0.45449466,0.109848104,0
0.0,0.43796152,0.08690155,0
0.0,0.43182296,0.091047555,0
0.0,0.4504146,0.09111638,0
0.0,0.44045648,0.090868436,0
0.0,0.4524346,0.09240554,0
0.0,0.45640436,0.09811601,0
0.0,0.47144747,0.1048132,0
0.0,0.4771932,0.10079235,0
0.0,0.47231418,0.10318925,0
0.0,0.48360485,0.098210275,0
0.0,0.48003045,0.10244988,0
0.0,0.4659977,0.10067935,0
0.0,0.45063305,0.09238994,0
0.0,0.46237102,0.09473519,0
0.0,0.44064674,0.092415996,0
0.0,0.43903378,0.09481008,0
0.0,0.41201624,0.092579514,0
0.0,0.44778025,0.09441747,0
0.0,0.40798292,0.096389726,0
0.0,0.46024224,0.099978134,0
0.0,0.43683377,0.0949718,0
0.0,0.4925711,0.118345596,0
0.0,0.45410573,0.103296205,0
0.0,0.5037919,0.11449973,0
0.0,0.47368708,0.112962544,0
0.0,0.50974965,0.12526509,0
0.0,0.46624243,0.11052874,0
0.0,0.5136618,0.12214491,0
0.0,0.4592418,0.10856189,0
0.0,0.5005638,0.12154189,0
0.0,0.44694588,0.10894855,0
0.0,0.49790028,0.12513366,0
0.0,0.44740552,0.10625808,0
0.0,0.47861606,0.110286504,0
0.0,0.43262288,0.09914995,0
0.0,0.49067417,0.11550705,0
0.0,0.46901286,0.12436335,0
0.0,0.51021165,0.1568008,0
0.0,0.5021237,0.15290245,0
0.0,0.596052,0.20639904,0
0.0,0.6079397,0.2171993,0
0.0,0.66583383,0.26693892,0
0.0,0.6163339,0.23432101,0
0.0,0.6577475,0.25327843,0
0.0,0.6642555,0.25730464,0
0.0,0.7118739,0.29892576,0
0.0,0.6418752,0.24455526,0
0.0,0.7003751,0.29200536,0
0.0,0.7092209,0.29875547,0
0.0,0.76904887,0.36275572,0
0.0,0.69116527,0.2724272,0
0.0,0.750624,0.32309872,0
0.0,0.74232787,0.3390778,0
0.0,0.80186975,0.4071961,0
0.0,0.713073,0.3172722,0
0.0,0.75995904,0.38258132,0
0.0,0.7542571,0.36568767,0
0.0,0.81507623,0.4393369,0
0.0,0.7625815,0.39479882,0
0.0,0.778984,0.39982402,0
0.0,0.78011507,0.40126112,0
0.0,0.80989975,0.4810745,0
0.0,0.72239417,0.41644406,0
0.0,0.7170778,0.4153667,0
0.0,0.70897335,0.4078839,0
0.0,0.7179637,0.41934013,0
0.0,0.6739675,0.37622842,0
0.0,0.65857834,0.36895424,0
0.0,0.6738732,0.37315464,0
0.0,0.6696529,0.33724916,0
0.0,0.6680344,0.32574,0
0.0,0.6059726,0.2756816,0
0.0,0.6478051,0.31548923,0
0.0,0.612476,0.28182355,0
0.0,0.65797836,0.31950763,0
0.0,0.60394865,0.27017647,0
0.0,0.693309,0.3541625,0
0.0,0.654162,0.32932597,0
0.0,0.72446054,0.4017464,0
0.0,0.6676805,0.33958095,0
0.0,0.7374801,0.41250765,0
0.0,0.674056,0.33658355,0
0.0,0.7123098,0.4067031,0
0.0,0.67756057,0.3899483,0
0.0,0.7031764,0.39565137,0
0.0,0.66235435,0.32825792,0
0.0,0.71276206,0.37839678,0
0.0,0.71237457,0.36145025,0
0.0,0.73645395,0.37692732,0
0.0,0.7633531,0.40368372,0
0.0,0.76210994,0.38387215,0
0.0,0.7856655,0.41099098,0
0.0,0.757511,0.38447458,0
0.0,0.7489048,0.3355627,0
0.0,0.72960943,0.26807946,0
0.0,0.77723664,0.30916637,0
0.0,0.7318476,0.26599237,0
0.0,0.76173484,0.2893241,0
0.0,0.7076684,0.23156166,0
0.0,0.7719699,0.2785238,0
0.0,0.6886549,0.19271278,0
0.0,0.71856016,0.23016208,0
0.0,0.66225135,0.1974507,0
0.0,0.7420995,0.25502473,0
0.0,0.64504224,0.16695388,0
0.0,0.69391817,0.19690283,0
0.0,0.65686476,0.15411708,0
0.0,0.7295437,0.19903354,0
0.0,0.68495274,0.16928738,0
0.0,0.7101509,0.1740073,0
0.0,0.6970363,0.15581658,0
0.0,0.70656383,0.15732136,0
0.0,0.64557916,0.11875768,0
0.0,0.60874665,0.103118494,0
0.0,0.6318652,0.08682479,0
0.0,0.6137442,0.06176575,0
0.0,0.6069144,0.061402105,0
0.0,0.60058993,0.059179083,0
0.0,0.627438,0.06937212,0
0.0,0.6089776,0.06287623,0
0.0,0.5927786,0.053796194,0
0.0,0.59388226,0.053284686,0
0.0,0.614309,0.059693474,0
0.0,0.6031743,0.05594603,0
0.0,0.6035879,0.05516349,0
0.0,0.6327093,0.06127007,0
0.0,0.640028,0.060228262,0
0.0,0.6232225,0.053194493,0
0.0,0.6329708,0.05373119,0
0.0,0.62237537,0.050523464,0
0.0,0.61053115,0.054581415,0
0.0,0.58719534,0.050753187,0
0.0,0.5589324,0.04848024,0
0.0,0.5761341,0.039389323,0
0.0,0.5454795,0.032211345,0
0.0,0.5900535,0.030839812,0
0.0,0.5774783,0.031587753,0
0.0,0.5917375,0.031455476,0
0.0,0.5620955,0.03289499,0
0.0,0.5842771,0.033226848,0
0.0,0.5733737,0.030589443,0
0.0,0.5805778,0.030890074,0
0.0,0.5587974,0.0355878,0
0.0,0.57638675,0.035513483,0
0.0,0.5691713,0.03606787,0
0.0,0.5787866,0.03180167,0
0.0,0.56921387,0.032895193,0
0.0,0.57195383,0.032907125,0
0.0,0.5566858,0.036152035,0
0.0,0.5273031,0.04724414,0
0.0,0.526214,0.058516778,0
0.0,0.52456856,0.060783453,0
0.0,0.53059244,0.05930628,0
0.0,0.5199999,0.06308931,0
0.0,0.55184305,0.052520655,0
0.0,0.5408815,0.05520422,0
0.0,0.54162586,0.05541727,0
0.0,0.52673155,0.06044446,0
0.0,0.5433742,0.055464186,0
0.0,0.51504415,0.06460751,0
0.0,0.5248361,0.061060816,0
0.0,0.51506555,0.062948436,0
0.0,0.5382973,0.046957295,0
0.0,0.52223283,0.0507085,0
0.0,0.5177665,0.052335825,0
0.0,0.51186967,0.05451356,0
0.0,0.52859634,0.049749922,0
0.0,0.5200313,0.060090363,0
0.0,0.5205989,0.06446226,0
0.0,0.51172173,0.06784929,0
0.0,0.53055966,0.06460575,0
0.0,0.52800864,0.06546972,0
0.0,0.5273662,0.06514233,0
0.0,0.5408335,0.061393388,0
0.0,0.5506462,0.056627363,0
0.0,0.5294162,0.063197605,0
0.0,0.5141005,0.0690516,0
0.0,0.51973003,0.07131883,0
0.0,0.5208028,0.06997691,0
0.0,0.5492193,0.06004268,0
0.0,0.5408944,0.060338233,0
0.0,0.5576215,0.06094516,0
0.0,0.5594809,0.052083824,0
0.0,0.5650612,0.04935041,0
0.0,0.58853567,0.04476763,0
0.0,0.61099166,0.0458097,0
0.0,0.60739124,0.050665382,0
0.0,0.61750865,0.053888366,0
0.0,0.6306149,0.05324088,0
0.0,0.61687374,0.058467448,0
0.0,0.6061963,0.06049712,0
0.0,0.6576988,0.053910833,0
0.0,0.7547914,0.06328788,0
0.0,0.75352037,0.064680494,0
0.0,0.7283486,0.0633671,0
0.0,0.7771196,0.06761869,0
0.0,0.8154426,0.07436573,0
0.0,0.7590488,0.06400707,0
0.0,0.7425963,0.06376201,0
0.0,0.8028819,0.07425393,0
0.0,0.8465008,0.086208045,0
0.0,0.7907712,0.07060854,0
0.0,0.749623,0.06783867,0
0.0,0.7855371,0.08729936,0
0.0,0.849747,0.10461729,0
0.0,0.7996278,0.087851316,0
0.0,0.7428591,0.07848501,0
0.0,0.7929893,0.0975835,0
0.0,0.81033695,0.10022981,0
0.0,0.74411416,0.07699062,0
0.0,0.74669266,0.07509144,0
0.0,0.7626741,0.07741522,0
0.0,0.8612136,0.09773974,0
0.0,0.82814467,0.08758486,0
0.0,0.815515,0.08689637,0
0.0,0.80148774,0.083795324,0
0.0,0.84566385,0.09737964,0
0.0,0.7649652,0.078687444,0
0.0,0.757971,0.07894963,0
0.0,0.7243527,0.07056002,0
0.0,0.8077123,0.091372296,0
0.0,0.741098,0.07430792,0
0.0,0.7065781,0.09110057,0
0.0,0.6885152,0.09621386,0
0.0,0.8087995,0.12543394,0
0.0,0.72826296,0.098730445,0
0.0,0.7456678,0.10743977,0
0.0,0.70625067,0.09963848,0
0.0,0.806919,0.1310309,0
0.0,0.76681566,0.11723257,0
0.0,0.8015589,0.13213366,0
0.0,0.76246697,0.12070744,0
0.0,0.8369148,0.14381756,0
0.0,0.7646202,0.12269169,0
0.0,0.68953615,0.13035345,0
0.0,0.6795326,0.1401239,0
0.0,0.78122264,0.15911874,0
0.0,0.79497766,0.16772331,0
0.0,0.75417686,0.15693426,0
0.0,0.75858384,0.15088636,0
0.0,0.8096517,0.19065106,0
0.0,0.81634676,0.20761171,0
0.0,0.7351005,0.1674094,0
0.0,0.73409593,0.16572672,0
0.0,0.7920955,0.2031667,0
0.0,0.8094976,0.21508737,0
0.0,0.72623813,0.17346299,0
0.0,0.748603,0.18352763,0
0.0,0.77929866,0.19853848,0
0.0,0.8156482,0.22367594,0
0.0,0.7244871,0.19433959,0
0.0,0.72975385,0.19786778,0
0.0,0.7270434,0.1970081,0
0.0,0.70782614,0.20220147,0
0.0,0.57073736,0.15871367,0
0.0,0.58926773,0.15661061,0
0.0,0.61573404,0.1635078,0
0.0,0.61888224,0.17049597,0
0.0,0.551146,0.1459659,0
0.0,0.57422733,0.14738508,0
0.0,0.5289361,0.14395703,0
0.0,0.4634503,0.1411648,0
0.0,0.44315416,0.122410856,0
0.0,0.4298466,0.111085616,0
0.0,0.4533976,0.10150322,0
0.0,0.41867858,0.09332599,0
0.0,0.44058034,0.08652492,0
0.0,0.437572,0.07703948,0
0.0,0.50264823,0.0839832,0
0.0,0.44573817,0.08031076,0
0.0,0.48840433,0.0835354,0
0.0,0.43926266,0.088671006,0
0.0,0.4816084,0.08417866,0
0.0,0.433199,0.082292065,0
0.0,0.4625794,0.124640256,0
0.0,0.41059887,0.13152108,0
0.0,0.4303629,0.1359793,0
0.0,0.39306495,0.1412667,0
0.0,0.43593028,0.13512243,0
0.0,0.39052886,0.14022262,0
0.0,0.42743403,0.13710442,0
0.0,0.40228695,0.13910541,0
0.0,0.44715682,0.13361445,0
0.0,0.40318078,0.13423435,0
0.0,0.42001766,0.13077384,0
0.0,0.37332287,0.13091919,0
0.0,0.41038287,0.11874774,0
0.0,0.38288775,0.12731048,0
0.0,0.38161072,0.13181806,0
0.0,0.36679143,0.13826826,0
0.0,0.38799942,0.13428077,0
0.0,0.36253458,0.14215785,0
0.0,0.35308602,0.14540926,0
0.0,0.35887438,0.14474735,0
0.0,0.3733171,0.14000258,0
0.0,0.38928106,0.1329078,0
0.0,0.3988109,0.13102531,0
0.0,0.46541792,0.11658591,0
0.0,0.42828396,0.124535166,0
0.0,0.49645475,0.11605996,0
0.0,0.47717053,0.11911429,0
0.0,0.49746805,0.12250148,0
0.0,0.47054574,0.12536001,0
0.0,0.5464279,0.11759884,0
0.0,0.52185637,0.117293246,0
0.0,0.5514586,0.11713289,0
0.0,0.515613,0.07482007,0
0.0,0.59911925,0.08206092,0
0.0,0.5978316,0.081569,0
0.0,0.6554508,0.09180134,0
0.0,0.57706547,0.08782166,0
0.0,0.6443306,0.08985369,0
0.0,0.6616847,0.08218336,0
0.0,0.7094399,0.08324015,0
0.0,0.6118141,0.08115164,0
0.0,0.6608318,0.081248686,0
0.0,0.65182596,0.07971368,0
0.0,0.682566,0.07952489,0
0.0,0.56660426,0.07688241,0
0.0,0.6145674,0.07333286,0
0.0,0.6094563,0.07270284,0
0.0,0.62635946,0.07315669,0
0.0,0.5477535,0.08067614,0
0.0,0.5684369,0.08344139,0
0.0,0.62215704,0.07997668,0
0.0,0.66249204,0.08018076,0
0.0,0.5894869,0.08698131,0
0.0,0.60359865,0.08275491,0
0.0,0.6551588,0.07586981,0
0.0,0.67758596,0.092409484,0
0.0,0.6087404,0.106181964,0
0.0,0.62796265,0.100817524,0
0.0,0.6114784,0.10405067,0
0.0,0.615601,0.09515493,0
0.0,0.54350185,0.13197666,0
0.0,0.52504027,0.14077348,0
0.0,0.51391804,0.15062746,0
0.0,0.49906987,0.16537936,0
0.0,0.48424667,0.17688033,0
0.0,0.5007575,0.16808377,0
0.0,0.5297796,0.13610014,0
0.0,0.5370291,0.13054383,0
0.0,0.5311739,0.14067023,0
0.0,0.527873,0.14903016,0
0.0,0.5517008,0.14280377,0
0.0,0.5433574,0.15692285,0
0.0,0.52624875,0.16168046,0
0.0,0.5135386,0.18446448,0
0.0,0.48222196,0.23153818,0
0.0,0.4671874,0.26182312,0
0.0,0.44053215,0.2957211,0
0.0,0.44496658,0.2917551,0
0.0,0.43529752,0.3100966,0
0.0,0.44967404,0.32155922,0
0.0,0.42483598,0.35989875,0
0.0,0.41992003,0.35978317,0
0.0,0.40784895,0.3744458,0
0.0,0.40955532,0.38293004,0
0.0,0.4039566,0.38992295,0
0.0,0.41623446,0.38749182,0
0.0,0.41603252,0.3909879,0
0.0,0.42111924,0.36133176,0
0.0,0.41072476,0.38941547,0
0.0,0.41499445,0.4016204,0
0.0,0.42017183,0.4101643,0
0.0,0.4125327,0.43803012,0
0.0,0.41593167,0.43107396,0
0.0,0.41099483,0.44585007,0
0.0,0.4103591,0.46424982,0
0.0,0.39773658,0.4885916,0
0.0,0.39336634,0.5032026,0
0.0,0.38884667,0.51738584,0
0.0,0.3910127,0.53862864,0
0.0,0.38410467,0.58450985,0
0.0,0.38969097,0.5782095,0
0.0,0.38820872,0.5750127,0
0.0,0.3851144,0.5695999,0
0.0,0.38660288,0.576429,0
0.0,0.38693583,0.5971262,0
0.0,0.38593978,0.5867637,0
0.0,0.38272694,0.58117926,0
0.0,0.3804666,0.59430134,0
0.0,0.3802694,0.5982406,0
0.0,0.38055184,0.62492365,0
0.0,0.37895772,0.6375611,0
0.0,0.37914735,0.61344296,0
0.0,0.37737027,0.6220926,0
0.0,0.36764657,0.6585243,0
0.0,0.35832807,0.7037102,0
0.0,0.36391613,0.7267564,0
0.0,0.35739195,0.74409914,0
0.0,0.35827243,0.74790466,0
0.0,0.3508444,0.7867471,0
0.0,0.35457495,0.7924391,0
0.0,0.351627,0.783445,0
0.0,0.35456812,0.770012,0
0.0,0.35177138,0.770642,0
0.0,0.3506327,0.7600821,0
0.0,0.3518415,0.7629687,0
0.0,0.34679365,0.7932736,0
0.0,0.3478097,0.7854152,0
0.0,0.33750927,0.79190433,0
0.0,0.35793552,0.7711892,0
0.0,0.35063368,0.7875353,0
0.0,0.36029577,0.763623,0
0.0,0.3447846,0.7968308,0
0.0,0.3574297,0.7867404,0
0.0,0.34479135,0.83761036,0
0.0,0.3627927,0.84019667,0
0.0,0.3436914,0.88304377,0
0.0,0.36125734,0.85585105,0
0.0,0.35103607,0.8851766,0
0.0,0.3667621,0.868538,0
0.0,0.34420288,0.92019683,0
0.0,0.35687926,0.90890586,0
0.0,0.34305358,0.94163793,0
0.0,0.3565094,0.9019294,0
0.0,0.33927262,0.93111926,0
0.0,0.35434574,0.9300262,0
0.0,0.3308459,0.97507757,0
0.0,0.3367227,0.93765604,0
0.0,0.31857672,0.9428477,0
0.0,0.3250633,0.9386684,0
0.0,0.30543655,0.9888827,0
0.0,0.3168974,0.9673652,0
0.0,0.29973656,1.0043709,0
0.0,0.30044982,0.9978815,0
0.0,0.29064158,1.0302188,0
0.0,0.29947454,1.0443918,0
0.0,0.29097122,1.0858262,0
0.0,0.29411957,1.100563,0
0.0,0.2869802,1.1056519,0
0.0,0.28130212,1.1192623,0
0.0,0.28380054,1.1330203,0
0.0,0.280217,1.145299,0
0.0,0.2838784,1.1305126,0
0.0,0.2832245,1.1169986,0
0.0,0.28598812,1.0794603,0
0.0,0.28830704,1.0576663,0
0.0,0.2940868,1.0346348,0
0.0,0.29321143,1.0160891,0
0.0,0.29758918,0.98197556,0
0.0,0.29453003,0.96434534,0
0.0,0.31094208,0.9451589,0
0.0,0.3123586,0.95355785,0
0.0,0.32062,0.90254104,0
0.0,0.31737727,0.8893248,0
0.0,0.33444855,0.8536035,0
0.0,0.3269702,0.8857669,0
0.0,0.3323104,0.8978938,0
0.0,0.3228629,0.886875,0
0.0,0.33270597,0.8631998,0
0.0,0.32129136,0.89230335,0
0.0,0.33609316,0.86881757,0
0.0,0.3254256,0.88275766,0
0.0,0.34518883,0.8159728,0
0.0,0.33898178,0.7981523,0
0.0,0.3412054,0.78237367,0
0.0,0.33508474,0.79268384,0
0.0,0.34740907,0.77937293,0
0.0,0.34237456,0.76744664,0
0.0,0.34916833,0.7235851,0
0.0,0.34189662,0.724836,0
0.0,0.35373846,0.7011175,0
0.0,0.35408956,0.6935339,0
0.0,0.35308188,0.6974164,0
0.0,0.3519801,0.6890844,0
0.0,0.35678476,0.6863708,0
0.0,0.35353348,0.7191566,0
0.0,0.35215163,0.7330476,0
0.0,0.35546884,0.73205596,0
0.0,0.36089817,0.71541494,0
0.0,0.36373416,0.69067866,0
0.0,0.37255237,0.6757163,0
0.0,0.37776557,0.6782093,0
0.0,0.38029397,0.6765628,0
0.0,0.3847727,0.6533034,0
0.0,0.37117657,0.67049503,0
0.0,0.37611547,0.67023385,0
0.0,0.37478405,0.6659053,0
0.0,0.3764331,0.64972013,0
0.0,0.3678788,0.6655886,0
0.0,0.37114784,0.6490787,0
0.0,0.36231977,0.6548894,0
0.0,0.3694657,0.656325,0
0.0,0.35931993,0.6793922,0
0.0,0.3687774,0.67233294,0
0.0,0.3608445,0.6958765,0
0.0,0.3609653,0.71556985,0
0.0,0.35867757,0.7648609,0
0.0,0.36793113,0.78180224,0
0.0,0.36296287,0.7807985,0
0.0,0.36522698,0.76052535,0
0.0,0.36674723,0.767195,0
0.0,0.36967742,0.7796842,0
0.0,0.35156465,0.81144,0
0.0,0.35251737,0.801605,0
0.0,0.34159228,0.7956053,0
0.0,0.35818437,0.7482804,0
0.0,0.3569001,0.75741893,0
0.0,0.35181224,0.75085664,0
0.0,0.35779378,0.72377753,0
0.0,0.3578382,0.73092407,0
0.0,0.348131,0.7433294,0
0.0,0.36088577,0.73904806,0
0.0,0.37399143,0.7393166,0
0.0,0.37393874,0.73626864,0
0.0,0.37539768,0.7269989,0
0.0,0.36906725,0.7334528,0
0.0,0.38047564,0.7419609,0
0.0,0.37741113,0.76788795,0
0.0,0.37258098,0.7727617,0
0.0,0.37247255,0.7746924,0
0.0,0.37680054,0.7431394,0
0.0,0.3777143,0.7407835,0
0.0,0.3722461,0.75700736,0
0.0,0.37433633,0.7376942,0
0.0,0.3780939,0.720266,0
0.0,0.3693234,0.7126454,0
0.0,0.3816264,0.6812525,0
0.0,0.39108074,0.64130145,0
0.0,0.40471956,0.56777644,0
0.0,0.40917313,0.5269245,0
0.0,0.40944022,0.5126523,0
0.0,0.4230785,0.49622402,0
0.0,0.4290174,0.48042288,0
0.0,0.43161568,0.46016282,0
0.0,0.43219388,0.4516377,0
0.0,0.43864334,0.440373,0
0.0,0.44142103,0.44650587,0
0.0,0.4504795,0.43360034,0
0.0,0.4537812,0.4073429,0
0.0,0.49003962,0.35646638,0
0.0,0.46022412,0.39110938,0
0.0,0.4803991,0.353803,0
0.0,0.4588741,0.3737694,0
0.0,0.47793996,0.33710003,0
0.0,0.46250513,0.32660535,0
0.0,0.48276958,0.2951401,0
0.0,0.4725057,0.28606248,0
0.0,0.52429366,0.22551519,0
0.0,0.51923555,0.20681524,0
0.0,0.5665859,0.1478245,0
0.0,0.5401614,0.15260261,0
0.0,0.6005276,0.116126925,0
0.0,0.53628933,0.15386188,0
0.0,0.55554366,0.13532154,0
0.0,0.5559372,0.12469327,0
0.0,0.61551183,0.089055166,0
0.0,0.5542584,0.1250518,0
0.0,0.5779171,0.109811984,0
0.0,0.5656553,0.115285695,0
0.0,0.590041,0.10608296,0
0.0,0.523692,0.13992688,0
0.0,0.53392035,0.13328046,0
0.0,0.52151984,0.13827011,0
0.0,0.54917306,0.121338636,0
0.0,0.5175402,0.13044485,0
0.0,0.51498264,0.11322927,0
0.0,0.5355482,0.09561846,0
0.0,0.56099546,0.08578153,0
0.0,0.5279733,0.09069304,0
0.0,0.51365393,0.10500793,0
0.0,0.53356355,0.098506555,0
0.0,0.5588681,0.08408336,0
0.0,0.52854276,0.08236033,0
0.0,0.5206113,0.08111875,0
0.0,0.5335827,0.07625033,0
0.0,0.56824833,0.0677516,0
0.0,0.5850682,0.06612848,0
0.0,0.5937681,0.06812769,0
0.0,0.5683069,0.07099517,0
0.0,0.6235682,0.064866215,0
0.0,0.62446314,0.0705533,0
0.0,0.6653404,0.07182887,0
0.0,0.5926731,0.07646187,0
0.0,0.6540189,0.09471387,0
0.0,0.5929194,0.090858296,0
0.0,0.6355303,0.09577735,0
0.0,0.5425861,0.11515859,0
0.0,0.5902831,0.116333336,0
0.0,0.5382543,0.099925876,0
0.0,0.5894277,0.11599031,0
0.0,0.49459562,0.10609412,0
0.0,0.55828625,0.10360312,0
0.0,0.5154164,0.09941379,0
0.0,0.5767311,0.116643876,0
0.0,0.47215757,0.10327494,0
0.0,0.501651,0.104431756,0
0.0,0.45519626,0.1011506,0
0.0,0.50560516,0.102810696,0
0.0,0.41876307,0.0971125,0
0.0,0.42949647,0.10016695,0
0.0,0.36969882,0.0985249,0
0.0,0.4048087,0.09399402,0
0.0,0.36379528,0.09818223,0
0.0,0.38790518,0.09774071,0
0.0,0.37551355,0.09980585,0
0.0,0.39854902,0.103506744,0
0.0,0.40270135,0.10077946,0
0.0,0.42332506,0.10845703,0
0.0,0.4123185,0.11006023,0
0.0,0.4324435,0.108515896,0
0.0,0.44062272,0.11898971,0
0.0,0.48409772,0.14800262,0
0.0,0.47698727,0.14203362,0
0.0,0.52875036,0.17048791,0
0.0,0.5569966,0.19243902,0
0.0,0.5995826,0.214664,0
0.0,0.5977683,0.21260968,0
0.0,0.64578277,0.24939638,0
0.0,0.6544468,0.23952246,0
0.0,0.6870985,0.27756906,0
0.0,0.6758386,0.27994168,0
0.0,0.69644463,0.30279595,0
0.0,0.70182866,0.3200627,0
0.0,0.7777449,0.42428887,0
0.0,0.7792718,0.45218125,0
0.0,0.8017583,0.4846871,0
0.0,0.8046716,0.4797338,0
0.0,0.84024113,0.5393074,0
0.0,0.80911297,0.5207088,0
0.0,0.82429063,0.558985,0
0.0,0.8313038,0.585858,0
0.0,0.8728895,0.6454513,0
0.0,0.8542943,0.6132935,0
0.0,0.8614393,0.62161076,0
0.0,0.87014073,0.6267743,0
0.0,0.8983902,0.6752146,0
0.0,0.8911107,0.66048557,0
0.0,0.8674483,0.6119822,0
0.0,0.8731105,0.6164432,0
0.0,0.8814122,0.6256076,0
0.0,0.86578035,0.6199318,0
0.0,0.82506466,0.5665184,0
0.0,0.84246016,0.57710636,0
0.0,0.85793054,0.59627914,0
0.0,0.8545681,0.5955416,0
0.0,0.8176447,0.5621225,0
0.0,0.83794636,0.60915434,0
0.0,0.8186667,0.5746548,0
0.0,0.80576503,0.5608988,0
0.0,0.748511,0.4869799,0
0.0,0.7922234,0.5399097,0
0.0,0.7691578,0.49788377,0
0.0,0.81156564,0.5415222,0
0.0,0.7567671,0.4518281,0
0.0,0.7871834,0.4908049,0
0.0,0.7544719,0.4551141,0
0.0,0.8034168,0.49537504,0
0.0,0.7395483,0.39908472,0
0.0,0.7825292,0.4488796,0
0.0,0.74384016,0.39201573,0
0.0,0.7670806,0.40994114,0
0.0,0.7270956,0.37620115,0
0.0,0.7747102,0.42964602,0
0.0,0.76586455,0.40371537,0
0.0,0.772554,0.41243735,0
0.0,0.73871696,0.39513862,0
0.0,0.76673985,0.43296063,0
0.0,0.7503748,0.40438837,0
0.0,0.7590624,0.40480018,0
0.0,0.7169029,0.3614672,0
0.0,0.75118303,0.40852624,0
0.0,0.73645335,0.3823123,0
0.0,0.70928276,0.32475471,0
0.0,0.67926174,0.28297254,0
0.0,0.69028056,0.28721362,0
0.0,0.6816322,0.26882267,0
0.0,0.63807905,0.2286559,0
0.0,0.6315081,0.20748092,0
0.0,0.6468271,0.19439541,0
0.0,0.65156436,0.19083902,0
0.0,0.61609447,0.16982353,0
0.0,0.6228016,0.18179013,0
0.0,0.62287694,0.17840375,0
0.0,0.62453306,0.18170369,0
0.0,0.5926832,0.1602566,0
0.0,0.5932594,0.16038544,0
0.0,0.5820362,0.15541553,0
0.0,0.5789579,0.1384037,0
0.0,0.5768321,0.13412002,0
0.0,0.5822202,0.1374706,0
0.0,0.5920539,0.14289396,0
0.0,0.5911553,0.14710662,0
0.0,0.5676218,0.12487957,0
0.0,0.58195114,0.1117032,0
0.0,0.57989967,0.097307906,0
0.0,0.57473606,0.10073705,0
0.0,0.5730233,0.099225104,0
0.0,0.57989365,0.08265901,0
0.0,0.59701836,0.081291154,0
0.0,0.5912244,0.0765441,0
0.0,0.58728594,0.07594306,0
0.0,0.5844332,0.07460547,0
0.0,0.6205622,0.084634766,0
0.0,0.6773022,0.11515875,0
0.0,0.6706724,0.10847722,0
0.0,0.692135,0.11754514,0
0.0,0.7329094,0.14029661,0
0.0,0.7569074,0.15079449,0
0.0,0.6913724,0.1139958,0
0.0,0.74369735,0.14037678,0
0.0,0.7710925,0.15108329,0
0.0,0.79665697,0.17176014,0
0.0,0.73777944,0.1266752,0
0.0,0.7622045,0.12527815,0
0.0,0.76813,0.1289009,0
0.0,0.7941418,0.1387358,0
0.0,0.7182862,0.09949543,0
0.0,0.7539362,0.1092436,0
0.0,0.76233846,0.09552642,0
0.0,0.7917105,0.10033776,0
0.0,0.7090401,0.073198274,0
0.0,0.7337212,0.081298456,0
0.0,0.713614,0.07834799,0
0.0,0.75481915,0.08017428,0
0.0,0.696691,0.06357026,0
0.0,0.70040274,0.06355044,0
0.0,0.6915363,0.06140876,0
0.0,0.6546966,0.0527967,0
0.0,0.5983267,0.0494498,0
0.0,0.5967307,0.049035147,0
0.0,0.59795237,0.051201954,0
0.0,0.5824794,0.058417372,0
0.0,0.58163655,0.057532147,0
0.0,0.5286387,0.06633626,0
0.0,0.5356389,0.070749015,0
0.0,0.52661496,0.068982325,0
0.0,0.52586013,0.0716562,0
0.0,0.50590456,0.08148288,0
0.0,0.5282922,0.07407369,0
0.0,0.49877042,0.0925796,0
0.0,0.5021686,0.09609549,0
0.0,0.4750821,0.10868327,0
0.0,0.49806637,0.09908107,0
0.0,0.46986407,0.11597918,0
0.0,0.4894562,0.1030871,0
0.0,0.47443587,0.11173679,0
0.0,0.50041986,0.10068135,0
0.0,0.46529737,0.11166912,0
0.0,0.46915355,0.10907185,0
0.0,0.4615261,0.11415023,0
0.0,0.46901986,0.110493615,0
0.0,0.46243408,0.117279485,0
0.0,0.46478692,0.12151772,0
0.0,0.46003607,0.12851995,0
0.0,0.45510134,0.13710308,0
0.0,0.45703256,0.14310655,0
0.0,0.4534259,0.15749913,0
0.0,0.46367148,0.15545017,0
0.0,0.4546183,0.1640004,0
0.0,0.45434687,0.17890921,0
0.0,0.44965303,0.18894823,0
0.0,0.45109886,0.19034156,0
0.0,0.44555783,0.19822478,0
0.0,0.4520248,0.18227074,0
0.0,0.4484133,0.18588802,0
0.0,0.45375967,0.18599859,0
0.0,0.44769529,0.18124974,0
0.0,0.45381173,0.17688307,0
0.0,0.44488102,0.18043596,0
0.0,0.44493183,0.17942101,0
0.0,0.43951187,0.1907545,0
0.0,0.4504892,0.17460212,0
0.0,0.43969268,0.18266563,0
0.0,0.44481605,0.18709464,0
0.0,0.43714198,0.19235703,0
0.0,0.45182508,0.18357956,0
0.0,0.4398917,0.2018395,0
0.0,0.45001706,0.20031257,0
0.0,0.4397242,0.20969355,0
0.0,0.45360932,0.19587901,0
0.0,0.43893802,0.21219026,0
0.0,0.43876415,0.21527427,0
0.0,0.4350566,0.21986906,0
0.0,0.44535175,0.20925845,0
0.0,0.44053012,0.20178412,0
0.0,0.45239577,0.18987222,0
0.0,0.44473517,0.1934275,0
0.0,0.45866457,0.17577222,0
0.0,0.4504145,0.17220956,0
0.0,0.45796934,0.15793608,0
0.0,0.45283866,0.15943821,0
0.0,0.46654448,0.14147875,0
0.0,0.46010047,0.14525677,0
0.0,0.467133,0.14562872,0
0.0,0.45645332,0.14500207,0
0.0,0.46714923,0.13661456,0
0.0,0.46885377,0.13754332,0
0.0,0.47111887,0.13881415,0
0.0,0.46316013,0.14554074,0
0.0,0.46154702,0.14428896,0
0.0,0.46419033,0.14254346,0
0.0,0.46747234,0.13834557,0
0.0,0.48469552,0.11997521,0
0.0,0.50470865,0.10800028,0
0.0,0.56591254,0.07549153,0
0.0,0.5584725,0.071721695,0
0.0,0.59334505,0.06061999,0
0.0,0.5923685,0.058651198,0
0.0,0.62000644,0.047517877,0
0.0,0.6027078,0.04882449,0
0.0,0.61699986,0.040785834,0
0.0,0.6301625,0.036921047,0
0.0,0.672941,0.033907764,0
0.0,0.6615934,0.0330213,0
0.0,0.67486334,0.033449493,0
0.0,0.6826174,0.033872716,0
0.0,0.68321073,0.035294004,0
0.0,0.67871326,0.03528371,0
0.0,0.67594254,0.03604801,0
0.0,0.6824774,0.03735701,0
0.0,0.67575306,0.038965005,0
0.0,0.7073413,0.052384846,0
0.0,0.76756316,0.074421175,0
0.0,0.80028605,0.08700849,0
0.0,0.78489554,0.08997231,0
0.0,0.8224469,0.11769205,0
0.0,0.82563984,0.1288166,0
0.0,0.80782855,0.13031855,0
0.0,0.73180294,0.09478524,0
0.0,0.7966195,0.12826547,0
0.0,0.7809844,0.13204339,0
0.0,0.77007705,0.12638679,0
0.0,0.7122782,0.096906476,0
0.0,0.80051243,0.15031323,0
0.0,0.7878598,0.13853912,0
0.0,0.75923884,0.12022936,0
0.0,0.6983486,0.08875759,0
0.0,0.78518105,0.14315182,0
0.0,0.7694369,0.1441436,0
0.0,0.7493222,0.13229102,0
0.0,0.725509,0.12343109,0
0.0,0.7832448,0.16649315,0
0.0,0.7840541,0.17112169,0
0.0,0.7586784,0.1682387,0
0.0,0.73295027,0.16059542,0
0.0,0.7551836,0.1800721,0
0.0,0.70857126,0.16289297,0
0.0,0.6800013,0.15037411,0
0.0,0.66794014,0.14160505,0
0.0,0.6860805,0.16283733,0
0.0,0.6699054,0.16798666,0
0.0,0.67774034,0.17477484,0
0.0,0.6688035,0.16940194,0
0.0,0.68312263,0.18370773,0
0.0,0.6767402,0.17247307,0
0.0,0.69801515,0.1878902,0
0.0,0.7021038,0.18541063,0
0.0,0.74095976,0.20859833,0
0.0,0.7212478,0.20667605,0
0.0,0.74262387,0.22402634,0
0.0,0.72448105,0.21046257,0
0.0,0.7520226,0.2436587,0
0.0,0.7466504,0.24303907,0
0.0,0.76582056,0.26379448,0
0.0,0.75773257,0.26147017,0
0.0,0.79751277,0.30698317,0
0.0,0.778834,0.2897645,0
0.0,0.7686431,0.28826696,0
0.0,0.7576702,0.3010109,0
0.0,0.79007375,0.33439925,0
0.0,0.7758086,0.3108709,0
0.0,0.751412,0.28849518,0
0.0,0.74826825,0.28754598,0
0.0,0.7619938,0.29920053,0
0.0,0.76723015,0.30152276,0
0.0,0.7557001,0.2825439,0
0.0,0.76967996,0.29058525,0
0.0,0.76043254,0.27649623,0
0.0,0.7721964,0.27354634,0
0.0,0.7326007,0.23431261,0
0.0,0.7251729,0.23171334,0
0.0,0.68461454,0.19331323,0
0.0,0.71324486,0.20258129,0
0.0,0.66989386,0.17651454,0
0.0,0.69863826,0.2039696,0
0.0,0.6970009,0.20024867,0
0.0,0.6888488,0.19614697,0
0.0,0.66135997,0.17606562,0
0.0,0.6524496,0.19890499,0
0.0,0.6322025,0.1947594,0
0.0,0.6318603,0.17954566,0
0.0,0.6625231,0.208276,0
0.0,0.6545817,0.20205018,0
0.0,0.65997213,0.19652185,0
0.0,0.66594654,0.19214919,0
0.0,0.73611027,0.25014076,0
0.0,0.71969587,0.2330099,0
0.0,0.71753854,0.22957312,0
0.0,0.6923727,0.21499468,0
0.0,0.7333117,0.24488764,0
0.0,0.69549185,0.19603232,0
0.0,0.69911593,0.19792634,0
0.0,0.6850401,0.18729763,0
0.0,0.73055387,0.23700066,0
0.0,0.7066961,0.22556058,0
0.0,0.7059731,0.23556842,0
0.0,0.7055283,0.24089262,0
0.0,0.7409584,0.26841605,0
0.0,0.7288304,0.2591347,0
0.0,0.6978973,0.23727462,0
0.0,0.69684106,0.2451579,0
0.0,0.7092585,0.26335174,0
0.0,0.70020205,0.25181422,0
0.0,0.6911814,0.24495848,0
0.0,0.69146556,0.24330908,0
0.0,0.69135386,0.23725232,0
0.0,0.69293654,0.23352091,0
0.0,0.69955665,0.22791578,0
0.0,0.67516404,0.20844579,0
0.0,0.64657694,0.18908495,0
0.0,0.6405482,0.15759812,0
0.0,0.6329262,0.15018958,0
0.0,0.62591845,0.15877564,0
0.0,0.662579,0.18570696,0
0.0,0.69314224,0.21345028,0
0.0,0.6888716,0.21002987,0
0.0,0.710495,0.23124307,0
0.0,0.7073897,0.23898782,0
0.0,0.7100992,0.24656144,0
0.0,0.692124,0.23115835,0
0.0,0.69053215,0.22500016,0
0.0,0.7001005,0.23663624,0
0.0,0.68347055,0.21775132,0
0.0,0.6956286,0.2199039,0
0.0,0.71451473,0.24359387,0
0.0,0.7399957,0.25370514,0
0.0,0.7062157,0.20768747,0
0.0,0.7304441,0.21419892,0
0.0,0.7335373,0.21215612,0
0.0,0.7522481,0.2428729,0
0.0,0.698082,0.1905482,0
0.0,0.6851634,0.17584121,0
0.0,0.6926777,0.1767649,0
0.0,0.738395,0.20261237,0
0.0,0.68434083,0.17239851,0
0.0,0.68091625,0.16488242,0
0.0,0.68552405,0.16544722,0
0.0,0.67006123,0.18086714,0
0.0,0.56085575,0.118971854,0
0.0,0.5630417,0.12044388,0
0.0,0.53269166,0.10676411,0
0.0,0.571005,0.12218963,0
0.0,0.5046683,0.093148805,0
0.0,0.5036206,0.087109774,0
0.0,0.5091208,0.07956858,0
0.0,0.5494627,0.08530998,0
0.0,0.50901496,0.071305275,0
0.0,0.47401953,0.06333778,0
0.0,0.48009953,0.0629104,0
0.0,0.46277002,0.05383495,0
0.0,0.46018532,0.051005557,0
0.0,0.42294005,0.04682656,0
0.0,0.4604449,0.048596628,0
0.0,0.4451982,0.048723876,0
0.0,0.47653908,0.05434805,0
0.0,0.4742574,0.054932937,0
0.0,0.5096138,0.05653403,0
0.0,0.49455777,0.05377191,0
0.0,0.5137079,0.05695446,0
0.0,0.5077258,0.056062594,0
0.0,0.5318745,0.06378019,0
0.0,0.57122886,0.0673918,0
0.0,0.5775983,0.069061965,0
0.0,0.5998317,0.07797827,0
0.0,0.5935322,0.072116315,0
0.0,0.63309735,0.09115273,0
0.0,0.6420839,0.08387037,0
0.0,0.6897058,0.10386202,0
0.0,0.65969074,0.08953975,0
0.0,0.6930074,0.07809353,0
0.0,0.6563842,0.0585766,0
0.0,0.7211628,0.08394025,0
0.0,0.6709797,0.062628,0
0.0,0.7060315,0.07878723,0
0.0,0.67842835,0.066252016,0
0.0,0.739971,0.09346789,0
0.0,0.68548834,0.06879709,0
0.0,0.7133459,0.08362286,0
0.0,0.6630058,0.062046524,0
0.0,0.7039149,0.07931162,0
0.0,0.6582937,0.060305662,0
0.0,0.6775565,0.06543387,0
0.0,0.6297372,0.048041265,0
0.0,0.6890438,0.06784214,0
0.0,0.66196305,0.059247255,0
0.0,0.6583752,0.051863067,0
0.0,0.641261,0.04165326,0
0.0,0.6812201,0.046356756,0
0.0,0.6948889,0.04865274,0
0.0,0.67226017,0.04333593,0
0.0,0.62577,0.036681347,0
0.0,0.62991935,0.037054494,0
0.0,0.6504718,0.034684982,0
0.0,0.62453395,0.03202999,0
0.0,0.59549624,0.031192318,0
0.0,0.60602283,0.02935466,0
0.0,0.64188874,0.03233471,0
0.0,0.6111402,0.024960393,0
0.0,0.5901429,0.024659578,0
0.0,0.60028523,0.027650043,0
0.0,0.637785,0.03158576,0
0.0,0.60252357,0.027004054,0
0.0,0.59424675,0.027030641,0
0.0,0.61514497,0.03012494,0
0.0,0.6547533,0.029551435,0
0.0,0.63893753,0.026263358,0
0.0,0.62661326,0.027603645,0
0.0,0.6325415,0.02908075,0
0.0,0.6244675,0.028526274,0
0.0,0.5827031,0.033125337,0
0.0,0.5587063,0.038681403,0
0.0,0.5735196,0.03587036,0
0.0,0.60638255,0.031233551,0
0.0,0.6432822,0.029072076,0
0.0,0.63022506,0.029370377,0
0.0,0.6623517,0.027512785,0
0.0,0.67856133,0.025560021,0
0.0,0.66636187,0.025934134,0
0.0,0.62733984,0.026296124,0
0.0,0.6537005,0.027131483,0
0.0,0.6634607,0.028110506,0
0.0,0.6620408,0.027310666,0
0.0,0.6087512,0.02899225,0
0.0,0.6463169,0.031139519,0
0.0,0.66950774,0.032579817,0
0.0,0.6956829,0.035891213,0
0.0,0.6338332,0.03554965,0
0.0,0.6660182,0.03462837,0
0.0,0.6686573,0.033738732,0
0.0,0.6730523,0.03517967,0
0.0,0.60575813,0.04309248,0
0.0,0.6562257,0.035643015,0
0.0,0.71104485,0.036334492,0
0.0,0.7169573,0.03751234,0
0.0,0.6976551,0.03749543,0
0.0,0.6895935,0.03565226,0
0.0,0.695426,0.03814196,0
0.0,0.65051216,0.03671228,0
0.0,0.6429667,0.036006525,0
0.0,0.6199222,0.034326307,0
0.0,0.64615583,0.03380139,0
0.0,0.62499154,0.032672442,0
0.0,0.62996626,0.03110673,0
0.0,0.6143801,0.029855434,0
0.0,0.63932735,0.029158827,0
0.0,0.6270917,0.029518785,0
0.0,0.63846445,0.029066611,0
0.0,0.61170685,0.030545214,0
0.0,0.6121476,0.032107003,0
0.0,0.5705034,0.037270557,0
0.0,0.5876345,0.033948705,0
0.0,0.5539929,0.039217703,0
0.0,0.57511634,0.03845334,0
0.0,0.5610591,0.041012,0
0.0,0.5963824,0.034475937,0
0.0,0.5430932,0.03975001,0
0.0,0.5415758,0.03924243,0
0.0,0.5184822,0.037077315,0
0.0,0.52104914,0.035581663,0
0.0,0.5138416,0.03614058,0
0.0,0.52414685,0.030959064,0
0.0,0.5135261,0.032653764,0
0.0,0.5160244,0.031442486,0
0.0,0.51313967,0.033053596,0
0.0,0.5210521,0.03373882,0
0.0,0.5151474,0.03604392,0
0.0,0.5147399,0.036127206,0
0.0,0.4968846,0.041500233,0
0.0,0.51444155,0.042324014,0
0.0,0.49470374,0.04865425,0
0.0,0.4999509,0.04507008,0
0.0,0.48346585,0.050971556,0
0.0,0.5019698,0.04778372,0
0.0,0.4797506,0.053015716,0
0.0,0.48666203,0.05029264,0
0.0,0.49269545,0.048273414,0
0.0,0.50021344,0.045477267,0
0.0,0.4849541,0.047155622,0
0.0,0.4705423,0.049814634,0
0.0,0.47821486,0.048656084,0
0.0,0.47594103,0.044512365,0
0.0,0.48403654,0.043950308,0
0.0,0.46788922,0.045425974,0
0.0,0.48369336,0.042759538,0
0.0,0.4745479,0.04394678,0
0.0,0.49722314,0.04312343,0
0.0,0.47424003,0.04170854,0
0.0,0.49338716,0.03833314,0
0.0,0.48962694,0.038943384,0
0.0,0.52120876,0.0374305,0
0.0,0.50429475,0.037159316,0
0.0,0.5612661,0.038964562,0
0.0,0.5515181,0.037363745,0
0.0,0.581492,0.047217347,0
0.0,0.570324,0.04739432,0
0.0,0.61111945,0.055656813,0
0.0,0.59690094,0.05713237,0
0.0,0.62346417,0.07449848,0
0.0,0.6106457,0.07008408,0
0.0,0.64566344,0.082367785,0
0.0,0.6415736,0.07995862,0
0.0,0.6498506,0.0860043,0
0.0,0.62367517,0.0791497,0
0.0,0.6490944,0.090324156,0
0.0,0.64228696,0.08473879,0
0.0,0.64823097,0.08871737,0
0.0,0.62784064,0.07939858,0
0.0,0.6480704,0.09145928,0
0.0,0.6430562,0.10283333,0
0.0,0.64091986,0.10064036,0
0.0,0.63751477,0.09490766,0
0.0,0.645593,0.09917791,0
0.0,0.6425558,0.10826512,0
0.0,0.61319596,0.108913794,0
0.0,0.59980625,0.10879417,0
0.0,0.58537173,0.1067129,0
0.0,0.58086675,0.10618569,0
0.0,0.59551644,0.11557052,0
0.0,0.5850809,0.11139469,0
0.0,0.6104322,0.13352223,0
0.0,0.5871984,0.12600571,0
0.0,0.59873664,0.1326457,0
0.0,0.57249874,0.118116185,0
0.0,0.60355264,0.1427292,0
0.0,0.5669573,0.12117804,0
0.0,0.5839018,0.1266805,0
0.0,0.57773787,0.1207953,0
0.0,0.6081587,0.14108737,0
0.0,0.5783133,0.1206525,0
0.0,0.59756017,0.1270214,0
0.0,0.57238907,0.113106675,0
0.0,0.6011145,0.1333359,0
0.0,0.5732341,0.12861922,0
0.0,0.5957847,0.14797524,0
0.0,0.55989313,0.12003471,0
0.0,0.6006594,0.14975277,0
0.0,0.56508726,0.13901971,0
0.0,0.5951904,0.15728778,0
0.0,0.5622356,0.1429733,0
0.0,0.5902844,0.17996535,0
0.0,0.57813835,0.16253227,0
0.0,0.59901494,0.18077865,0
0.0,0.5799511,0.1676431,0
0.0,0.6300504,0.2063975,0
0.0,0.6342453,0.2094239,0
0.0,0.64702463,0.20371339,0
0.0,0.6398067,0.19325328,0
0.0,0.6723725,0.2240435,0
0.0,0.6665306,0.21568577,0
0.0,0.67081606,0.22136354,0
0.0,0.6561944,0.21193874,0
0.0,0.70642906,0.24738508,0
0.0,0.6918528,0.23096994,0
0.0,0.69355494,0.24761054,0
0.0,0.6752283,0.23545799,0
0.0,0.73973525,0.30593815,0
0.0,0.74097174,0.32591453,0
0.0,0.72664195,0.31167513,0
0.0,0.72347766,0.32184395,0
0.0,0.7724949,0.38578656,0
0.0,0.7799315,0.38856643,0
0.0,0.76703715,0.38032353,0
0.0,0.7635484,0.37698925,0
0.0,0.78789544,0.40427262,0
0.0,0.80687964,0.42164844,0
0.0,0.76111114,0.3559304,0
0.0,0.75371057,0.35089055,0
0.0,0.7422545,0.33518735,0
0.0,0.7662169,0.34426934,0
0.0,0.7124081,0.29453862,0
0.0,0.7173089,0.2968391,0
0.0,0.70212555,0.27296194,0
0.0,0.7809506,0.37939957,0
0.0,0.7670742,0.36829263,0
0.0,0.78148144,0.39413697,0
0.0,0.7694659,0.39525154,0
0.0,0.837726,0.4744926,0
0.0,0.80338925,0.43207306,0
0.0,0.81635636,0.46986526,0
0.0,0.7790219,0.4232166,0
0.0,0.8239574,0.48137334,0
0.0,0.8029222,0.47179842,0
0.0,0.80352384,0.48237264,0
0.0,0.78010315,0.45139328,0
0.0,0.8322333,0.51563764,0
0.0,0.8230264,0.48627552,0
0.0,0.8151687,0.47434336,0
0.0,0.80566037,0.4555173,0
0.0,0.82775474,0.46978164,0
0.0,0.81431556,0.46423504,0
0.0,0.806605,0.44565928,0
0.0,0.8109847,0.44700462,0
0.0,0.83137655,0.49311733,0
0.0,0.8225743,0.48246104,0
0.0,0.8119216,0.47399092,0
0.0,0.8087274,0.4838857,0
0.0,0.7936776,0.4756382,0
0.0,0.76399076,0.45109078,0
0.0,0.75654244,0.44788152,0
0.0,0.75475234,0.4468903,0
0.0,0.7469095,0.44099766,0
0.0,0.7359838,0.43220538,0
0.0,0.73361915,0.42559713,0
0.0,0.7297282,0.40777186,0
0.0,0.7320571,0.39597327,0
0.0,0.71292317,0.36033,0
0.0,0.72623473,0.3672208,0
0.0,0.7214901,0.35776663,0
0.0,0.7307588,0.36600026,0
0.0,0.6916432,0.33785254,0
0.0,0.7188968,0.3552909,0
0.0,0.68192613,0.30288652,0
0.0,0.70647776,0.34455702,0
0.0,0.68504244,0.31822318,0
0.0,0.7164808,0.35556048,0
0.0,0.6691855,0.32794976,0
0.0,0.71812236,0.38216925,0
0.0,0.69320476,0.35826346,0
0.0,0.75362086,0.4360767,0
0.0,0.696341,0.3601194,0
0.0,0.749924,0.42712837,0
0.0,0.728518,0.3894177,0
0.0,0.76123977,0.42475212,0
0.0,0.69842875,0.35325998,0
0.0,0.7279891,0.37228948,0
0.0,0.69273406,0.3314027,0
0.0,0.722009,0.35986096,0
0.0,0.6690106,0.2841773,0
0.0,0.7052234,0.3119161,0
0.0,0.67791826,0.28377986,0
0.0,0.70176286,0.29758447,0
0.0,0.6434161,0.24331637,0
0.0,0.65471214,0.26055261,0
0.0,0.6299587,0.23342496,0
0.0,0.6632817,0.26619574,0
0.0,0.6352698,0.23968162,0
0.0,0.6475492,0.24673662,0
0.0,0.6251362,0.22970763,0
0.0,0.6516983,0.2519458,0
0.0,0.6263749,0.2313333,0
0.0,0.63209,0.25099254,0
0.0,0.6013343,0.21262294,0
0.0,0.62338465,0.22906312,0
0.0,0.60419244,0.21569154,0
0.0,0.60463464,0.20479205,0
0.0,0.5784809,0.17354761,0
0.0,0.6277466,0.19895314,0
0.0,0.60568976,0.16276398,0
0.0,0.6361999,0.18652646,0
0.0,0.59554434,0.15375522,0
0.0,0.64748526,0.18617184,0
0.0,0.60400414,0.1539154,0
0.0,0.6237432,0.16676429,0
0.0,0.5974306,0.15032676,0
0.0,0.63906825,0.18015984,0
0.0,0.6035732,0.15084451,0
0.0,0.6260101,0.17011864,0
0.0,0.5887808,0.13903745,0
0.0,0.60437804,0.15582034,0
0.0,0.57796717,0.14297497,0
0.0,0.60026973,0.15803331,0
0.0,0.5696082,0.13356753,0
0.0,0.58293885,0.14267756,0
0.0,0.5722264,0.13229622,0
0.0,0.5837705,0.13074186,0
0.0,0.59719986,0.13436346,0
0.0,0.6031651,0.13647667,0
0.0,0.6059776,0.13613077,0
0.0,0.6164173,0.14086697,0
0.0,0.61458707,0.14381865,0
0.0,0.6154508,0.14834106,0
0.0,0.61463165,0.13918723,0
0.0,0.6292452,0.13868569,0
0.0,0.64198655,0.1515844,0
0.0,0.6089222,0.12849957,0
0.0,0.63080406,0.15566823,0
0.0,0.6243901,0.1512329,0
0.0,0.6550154,0.1689392,0
0.0,0.58992547,0.13741237,0
0.0,0.60896116,0.1582231,0
0.0,0.6014478,0.16225661,0
0.0,0.64886874,0.19653808,0
0.0,0.57652414,0.14291257,0
0.0,0.6045941,0.1583728,0
0.0,0.5955042,0.1479502,0
0.0,0.65017134,0.1825157,0
0.0,0.5900013,0.14078322,0
0.0,0.60142547,0.14854322,0
0.0,0.57413924,0.12838358,0
0.0,0.61348647,0.15136623,0
0.0,0.5298122,0.10952833,0
0.0,0.55272347,0.122282535,0
0.0,0.5637273,0.12663397,0
0.0,0.6203259,0.15975398,0
0.0,0.5663381,0.13430195,0
0.0,0.60725904,0.17209972,0
0.0,0.59897244,0.17413728,0
0.0,0.65463364,0.23748453,0
0.0,0.60209274,0.19660312,0
0.0,0.6411026,0.22754772,0
0.0,0.65009886,0.24208136,0
0.0,0.6809387,0.26616094,0
0.0,0.6439263,0.23750837,0
0.0,0.692875,0.28513718,0
0.0,0.6866175,0.2708117,0
0.0,0.7082848,0.2854099,0
0.0,0.68341637,0.25864887,0
0.0,0.7320879,0.29277253,0
0.0,0.7107985,0.27278912,0
0.0,0.72092587,0.28688407,0
0.0,0.6429896,0.22046615,0
0.0,0.6988523,0.26824173,0
0.0,0.6756402,0.23748666,0
0.0,0.6812545,0.24590054,0
0.0,0.6281804,0.20819966,0
0.0,0.68475527,0.282179,0
0.0,0.65289885,0.25919303,0
0.0,0.65229374,0.26122308,0
0.0,0.6201216,0.24255022,0
0.0,0.652679,0.27202198,0
0.0,0.6389333,0.26323637,0
0.0,0.65071,0.28734928,0
0.0,0.64084685,0.26706314,0
0.0,0.6466032,0.27158144,0
0.0,0.6430176,0.27958044,0
0.0,0.633117,0.26653373,0
0.0,0.65243506,0.27651352,0
0.0,0.63918453,0.26507497,0
0.0,0.6695048,0.28721154,0
0.0,0.6385328,0.23601355,0
0.0,0.6856281,0.2998047,0
0.0,0.6599141,0.28748888,0
0.0,0.7145717,0.33701277,0
0.0,0.6954606,0.32125425,0
0.0,0.7336128,0.36183023,0
0.0,0.7120534,0.34649894,0
0.0,0.7425305,0.40514594,0
0.0,0.7146677,0.37924543,0
0.0,0.73736256,0.40917596,0
0.0,0.7093051,0.38108644,0
0.0,0.72906965,0.41374055,0
0.0,0.71125776,0.39571154,0
0.0,0.71791536,0.3902309,0
0.0,0.70782536,0.3725917,0
0.0,0.71607584,0.3774191,0
0.0,0.7002308,0.356502,0
0.0,0.6904457,0.3406847,0
0.0,0.70194316,0.3370881,0
0.0,0.6932284,0.3186509,0
0.0,0.686312,0.30606306,0
0.0,0.6575874,0.27289277,0
0.0,0.6588307,0.27085173,0
0.0,0.6349946,0.2480487,0
0.0,0.63974124,0.26380688,0
0.0,0.61384624,0.24003121,0
0.0,0.64717263,0.26819098,0
0.0,0.63600373,0.25406724,0
0.0,0.6317595,0.2556096,0
0.0,0.637649,0.26317316,0
0.0,0.65782034,0.2716214,0
0.0,0.6685839,0.28999788,0
0.0,0.649022,0.27572304,0
0.0,0.652376,0.26038963,0
0.0,0.65722185,0.2537589,0
0.0,0.67571306,0.2672029,0
0.0,0.6674489,0.25124454,0
0.0,0.6927507,0.2811695,0
0.0,0.70124894,0.27908993,0
0.0,0.7254875,0.2814207,0
0.0,0.6956526,0.25101575,0
0.0,0.7135489,0.26592466,0
0.0,0.7050996,0.24960981,0
0.0,0.7312156,0.26688161,0
0.0,0.7013295,0.24422586,0
0.0,0.73284173,0.2808326,0
0.0,0.7100978,0.2616414,0
0.0,0.74736935,0.31210166,0
0.0,0.7153773,0.28200793,0
0.0,0.7466261,0.3138171,0
0.0,0.71641606,0.28655118,0
0.0,0.7300634,0.3049307,0
0.0,0.68602085,0.2651905,0
0.0,0.71643627,0.2860208,0
0.0,0.68918645,0.2574759,0
0.0,0.71095425,0.27431193,0
0.0,0.68940544,0.22998987,0
0.0,0.7432523,0.27374256,0
0.0,0.7238969,0.24775404,0
0.0,0.74684453,0.2522149,0
0.0,0.70195186,0.20551784,0
0.0,0.73581433,0.23770899,0
0.0,0.6969356,0.2147099,0
0.0,0.7437935,0.24876058,0
0.0,0.7414198,0.2438234,0
0.0,0.78940433,0.2911904,0
0.0,0.7541591,0.26011413,0
0.0,0.7968476,0.32259184,0
0.0,0.7803485,0.30960065,0
0.0,0.80061275,0.31407818,0
0.0,0.7702087,0.28960422,0
0.0,0.7786533,0.30974653,0
0.0,0.7739928,0.30310392,0
0.0,0.78166157,0.30611104,0
0.0,0.757156,0.27610388,0
0.0,0.7647997,0.28449738,0
0.0,0.76658326,0.27557355,0
0.0,0.76343673,0.25703275,0
0.0,0.7436121,0.23500746,0
0.0,0.73310095,0.21001272,0
0.0,0.7272859,0.20354763,0
0.0,0.7054011,0.19397122,0
0.0,0.695287,0.17715895,0
0.0,0.6904728,0.17435355,0
0.0,0.6900987,0.17533371,0
0.0,0.6772458,0.16613595,0
0.0,0.6839964,0.18767895,0
0.0,0.65157574,0.17356105,0
0.0,0.61896414,0.15112771,0
0.0,0.5943239,0.14166354,0
0.0,0.60122055,0.14676265,0
0.0,0.59331113,0.14723653,0
0.0,0.57808715,0.15376535,0
0.0,0.58462846,0.15396078,0
0.0,0.60281503,0.15409145,0
0.0,0.628263,0.17117259,0
0.0,0.6054805,0.15118906,0
0.0,0.6177979,0.16068268,0
0.0,0.6337794,0.17222293,0
0.0,0.6296164,0.15751271,0
0.0,0.60838205,0.14525905,0
0.0,0.6299463,0.16380835,0
0.0,0.6549734,0.182511,0
0.0,0.6471652,0.17923698,0
0.0,0.63083756,0.16288394,0
0.0,0.6507589,0.18224859,0
0.0,0.66142327,0.2029415,0
0.0,0.62734294,0.1787192,0
0.0,0.61343473,0.18127415,0
0.0,0.6417191,0.21654782,0
0.0,0.65500945,0.22441971,0
0.0,0.65030724,0.223126,0
0.0,0.64211947,0.22508901,0
0.0,0.67100465,0.24756894,0
0.0,0.68263626,0.2595068,0
0.0,0.671504,0.24374312,0
0.0,0.65742666,0.22796185,0
0.0,0.6703077,0.243569,0
0.0,0.66609466,0.23240656,0
0.0,0.6295302,0.19809958,0
0.0,0.60890096,0.17942092,0
0.0,0.62623847,0.18777117,0
0.0,0.6297236,0.20347139,0
0.0,0.63257974,0.2118371,0
0.0,0.61223555,0.17936255,0
0.0,0.6104817,0.17936043,0
0.0,0.62331533,0.19571425,0
0.0,0.5975705,0.18695256,0
0.0,0.5901282,0.19092597,0
0.0,0.5885588,0.18930364,0
0.0,0.6126411,0.20590769,0
0.0,0.5971599,0.19264686,0
0.0,0.5950077,0.20085624,0
0.0,0.5867127,0.20489836,0
0.0,0.6176042,0.22647583,0
0.0,0.59088314,0.1942932,0
0.0,0.5903927,0.19212058,0
0.0,0.57986474,0.1792629,0
0.0,0.60447174,0.19393563,0
0.0,0.5937713,0.1860873,0
0.0,0.6046218,0.18041873,0
0.0,0.5919266,0.159181,0
0.0,0.59927326,0.18370348,0
0.0,0.6206444,0.20985493,0
0.0,0.6662306,0.23821792,0
0.0,0.64136297,0.21845776,0
0.0,0.654644,0.22996733,0
0.0,0.6622894,0.24273711,0
0.0,0.69144374,0.28560433,0
0.0,0.66627693,0.26095808,0
0.0,0.67140627,0.2631922,0
0.0,0.67865604,0.26372153,0
0.0,0.6959767,0.2787031,0
0.0,0.67077845,0.26748487,0
0.0,0.6864833,0.27426082,0
0.0,0.68163145,0.25296533,0
0.0,0.70860493,0.27381557,0
0.0,0.6784091,0.24963433,0
0.0,0.6982204,0.2673829,0
0.0,0.6675117,0.22541292,0
0.0,0.68909216,0.23447698,0
0.0,0.6348584,0.18329293,0
0.0,0.6587035,0.20064518,0
0.0,0.6108687,0.17794622,0
0.0,0.6288022,0.18865216,0
0.0,0.5939734,0.15733555,0
0.0,0.6470272,0.19951147,0
0.0,0.6078739,0.17288588,0
0.0,0.6172751,0.19206369,0
0.0,0.5895056,0.17465986,0
0.0,0.63546383,0.20783773,0
0.0,0.5975952,0.17885283,0
0.0,0.6142355,0.19299243,0
0.0,0.570521,0.16611376,0
0.0,0.6162653,0.19077869,0
0.0,0.5832377,0.15457031,0
0.0,0.6169973,0.17741425,0
0.0,0.58522063,0.14789204,0
0.0,0.6354878,0.19006729,0
0.0,0.5983432,0.16270019,0
0.0,0.6261143,0.17168894,0
0.0,0.57794976,0.13722438,0
0.0,0.6279702,0.17503712,0
0.0,0.61633617,0.17348903,0
0.0,0.6541692,0.21079448,0
0.0,0.6164411,0.17233685,0
0.0,0.67022544,0.21426472,0
0.0,0.629144,0.18951797,0
0.0,0.65131366,0.22093807,0
0.0,0.6067706,0.1856622,0
0.0,0.63958544,0.21516192,0
0.0,0.6091285,0.19009897,0
0.0,0.6223569,0.19969966,0
0.0,0.5864054,0.1741,0
0.0,0.62069714,0.20294467,0
0.0,0.59709716,0.17887382,0
0.0,0.61071736,0.17954642,0
0.0,0.57833266,0.14844689,0
0.0,0.60789543,0.17500804,0
0.0,0.584641,0.1552661,0
0.0,0.5923156,0.15375671,0
0.0,0.55270237,0.12781206,0
0.0,0.57282984,0.14571233,0
0.0,0.5571942,0.13793078,0
0.0,0.56595397,0.14741358,0
0.0,0.54746413,0.14330916,0
0.0,0.5636354,0.15745026,0
0.0,0.53320926,0.13955447,0
0.0,0.554261,0.15970433,0
0.0,0.5491338,0.15951668,0
0.0,0.55476654,0.16102803,0
0.0,0.54469365,0.14972307,0
0.0,0.5773808,0.17676297,0
0.0,0.5706625,0.17084795,0
0.0,0.5752008,0.17021218,0
0.0,0.55741316,0.1525043,0
0.0,0.57609695,0.16045237,0
0.0,0.56283724,0.14682676,0
0.0,0.5684892,0.14816196,0
0.0,0.55031806,0.13065661,0
0.0,0.57271665,0.14228491,0
0.0,0.56617486,0.1373928,0
0.0,0.58100694,0.14895116,0
0.0,0.586791,0.1568557,0
0.0,0.61162573,0.17828389,0
0.0,0.6076352,0.17579633,0
0.0,0.62889284,0.20018879,0
0.0,0.62253124,0.20027491,0
0.0,0.61264986,0.20326264,0
0.0,0.6006101,0.1956129,0
0.0,0.62097853,0.20548919,0
0.0,0.6344202,0.22325215,0
0.0,0.6109412,0.20462395,0
0.0,0.5952239,0.19009347,0
0.0,0.6319298,0.21717834,0
0.0,0.63163614,0.2080616,0
0.0,0.60285264,0.18447953,0
0.0,0.5819852,0.1551632,0
0.0,0.6133681,0.16742033,0
0.0,0.6226883,0.17246552,0
0.0,0.60568434,0.15664676,0
0.0,0.5839623,0.13796723,0
0.0,0.6161156,0.16104972,0
0.0,0.6139052,0.1618462,0
0.0,0.5957467,0.15332001,0
0.0,0.58625853,0.14880909,0
0.0,0.6147998,0.17639819,0
0.0,0.59035903,0.17723712,0
0.0,0.5756241,0.16943924,0
0.0,0.58010095,0.17237014,0
0.0,0.6203838,0.20830461,0
0.0,0.6082326,0.20449682,0
0.0,0.6009864,0.20191698,0
0.0,0.6277015,0.22601761,0
0.0,0.6451234,0.24045426,0
0.0,0.6256653,0.2174292,0
0.0,0.6013133,0.19341637,0
0.0,0.64526623,0.22976173,0
0.0,0.657184,0.23558883,0
0.0,0.6665224,0.23722635,0
0.0,0.6216553,0.19983937,0
0.0,0.6886209,0.26585123,0
0.0,0.7193997,0.30242217,0
0.0,0.72318774,0.3094848,0
0.0,0.68108636,0.26826733,0
0.0,0.7463796,0.34327352,0
0.0,0.7463765,0.35109836,0
0.0,0.7381755,0.3477456,0
0.0,0.6789663,0.30220392,0
0.0,0.7361061,0.38340068,0
0.0,0.73854655,0.38854074,0
0.0,0.74931246,0.40772355,0
0.0,0.7073355,0.36462057,0
0.0,0.74881375,0.41622174,0
0.0,0.74228334,0.42129415,0
0.0,0.7414007,0.4201348,0
0.0,0.71027845,0.3689186,0
0.0,0.7249728,0.39204806,0
0.0,0.73146296,0.4140991,0
0.0,0.72632504,0.39087933,0
0.0,0.7132115,0.3750334,0
0.0,0.7170553,0.38689387,0
0.0,0.719607,0.40165687,0
0.0,0.7088302,0.39608598,0
0.0,0.7143469,0.40484062,0
0.0,0.6872073,0.37499338,0
0.0,0.68480295,0.37489384,0
0.0,0.6661703,0.36515427,0
0.0,0.6656202,0.3739546,0
0.0,0.6412917,0.36208498,0
0.0,0.65402806,0.38594067,0
0.0,0.66193014,0.38889915,0
0.0,0.69252837,0.4088175,0
0.0,0.68780994,0.3940334,0
0.0,0.71688795,0.44378018,0
0.0,0.7133885,0.43220273,0
0.0,0.71679837,0.4341345,0
0.0,0.70955086,0.42189038,0
0.0,0.7019589,0.40797144,0
0.0,0.6604623,0.37062252,0
0.0,0.6338141,0.37369972,0
0.0,0.64603794,0.36637875,0
0.0,0.62420756,0.34583107,0
0.0,0.5980663,0.3252818,0
0.0,0.56857127,0.31329957,0
0.0,0.5993202,0.3545513,0
0.0,0.5772727,0.3188542,0
0.0,0.56730735,0.3123792,0
0.0,0.5374774,0.29261416,0
0.0,0.5758353,0.32749486,0
0.0,0.5404766,0.30872476,0
0.0,0.53959936,0.30211794,0
0.0,0.5153561,0.27915666,0
0.0,0.55222785,0.3191018,0
0.0,0.5221283,0.2931477,0
0.0,0.5254558,0.28610158,0
0.0,0.5255981,0.28371888,0
0.0,0.5199188,0.27336282,0
0.0,0.50712824,0.25799447,0
0.0,0.4777387,0.23875906,0
0.0,0.50950074,0.27374023,0
0.0,0.488504,0.24467951,0
0.0,0.5230458,0.25978118,0
0.0,0.49462113,0.24182902,0
0.0,0.54133755,0.2836755,0
0.0,0.5266808,0.2897461,0
0.0,0.5770301,0.3286081,0
0.0,0.5466655,0.30337745,0
0.0,0.61649334,0.36039457,0
0.0,0.61031705,0.3546878,0
0.0,0.6555835,0.4162246,0
0.0,0.5980458,0.34871116,0
0.0,0.654654,0.35639876,0
0.0,0.6272078,0.33225104,0
0.0,0.6703799,0.37748092,0
0.0,0.6034316,0.3025577,0
0.0,0.6363862,0.30861205,0
0.0,0.643635,0.2974983,0
0.0,0.71077394,0.3643877,0
0.0,0.6437888,0.2943333,0
0.0,0.6698839,0.3303704,0
0.0,0.6648321,0.32129657,0
0.0,0.7194124,0.3378,0
0.0,0.64665115,0.26385778,0
0.0,0.67209023,0.2918831,0
0.0,0.65587103,0.2856599,0
0.0,0.70632327,0.35083902,0
0.0,0.6478428,0.29652297,0
0.0,0.6877853,0.32384,0
0.0,0.675057,0.3131989,0
0.0,0.73592705,0.38834673,0
0.0,0.6630205,0.30069217,0
0.0,0.7132305,0.33244467,0
0.0,0.6709818,0.29409128,0
0.0,0.7319721,0.35943425,0
0.0,0.6477614,0.28375518,0
0.0,0.66835403,0.3046408,0
0.0,0.63753134,0.25363198,0
0.0,0.70311177,0.30106655,0
0.0,0.64660347,0.24221855,0
0.0,0.6873334,0.28271973,0
0.0,0.6466662,0.2456423,0
0.0,0.6852316,0.25830328,0
0.0,0.63389003,0.21054837,0
0.0,0.6450088,0.21812497,0
0.0,0.6362639,0.22248335,0
0.0,0.67415935,0.2667762,0
0.0,0.6742409,0.26210368,0
0.0,0.6773393,0.26899624,0
0.0,0.6965206,0.2877372,0
0.0,0.70668346,0.29916948,0
0.0,0.68077236,0.28527737,0
0.0,0.69145495,0.2801894,0
0.0,0.6982765,0.27801102,0
0.0,0.685433,0.26497954,0
0.0,0.6658976,0.24690393,0
0.0,0.6579972,0.23626596,0
0.0,0.6715401,0.2263376,0
0.0,0.67942035,0.20532167,0
0.0,0.6575024,0.178343,0
0.0,0.6881044,0.21127984,0
0.0,0.6921983,0.23655985,0
0.0,0.70277476,0.23871997,0
0.0,0.6614737,0.20556948,0
0.0,0.691336,0.22696988,0
0.0,0.68912506,0.22421902,0
0.0,0.6803418,0.23488677,0
0.0,0.6416391,0.19334933,0
0.0,0.67307353,0.2121819,0
0.0,0.6648597,0.20673451,0
0.0,0.6584116,0.20488107,0
0.0,0.6185992,0.18718141,0
0.0,0.6544296,0.2120409,0
0.0,0.64882994,0.20021582,0
0.0,0.66152656,0.20518842,0
0.0,0.6595356,0.19988163,0
0.0,0.678336,0.21714443,0
0.0,0.7002157,0.23413521,0
0.0,0.70098233,0.2210832,0
0.0,0.71208954,0.22712782,0
0.0,0.6824467,0.207684,0
0.0,0.72730565,0.2542839,0
0.0,0.69850886,0.23607722,0
0.0,0.7598906,0.29510996,0
0.0,0.69013697,0.23337269,0
0.0,0.76920736,0.31750345,0
0.0,0.728205,0.2923262,0
0.0,0.7785248,0.35075235,0
0.0,0.7153396,0.2987189,0
0.0,0.7742152,0.37346068,0
0.0,0.7341716,0.3301141,0
0.0,0.7862557,0.39393342,0
0.0,0.73233455,0.330468,0
0.0,0.7839581,0.3684967,0
0.0,0.75530666,0.33468592,0
0.0,0.8033552,0.37991038,0
0.0,0.7678561,0.3412057,0
0.0,0.7910602,0.36186287,0
0.0,0.757442,0.30407146,0
0.0,0.7680688,0.32360506,0
0.0,0.7349843,0.29328418,0
0.0,0.75240004,0.30913866,0
0.0,0.73910004,0.29757842,0
0.0,0.7345837,0.30861145,0
0.0,0.7455555,0.3314985,0
0.0,0.7597896,0.34717202,0
0.0,0.7686857,0.36347014,0
0.0,0.7490818,0.34586516,0
0.0,0.7516442,0.35144067,0
0.0,0.73105574,0.32273167,0
0.0,0.7522836,0.34168932,0
0.0,0.7355358,0.32207683,0
0.0,0.7354939,0.30987304,0
0.0,0.7635781,0.32619244,0
0.0,0.80372316,0.35915136,0
0.0,0.816436,0.36710972,0
0.0,0.7837899,0.31904826,0
0.0,0.8098614,0.3318455,0
0.0,0.77632576,0.28417027,0
0.0,0.7667348,0.26955396,0
0.0,0.7091137,0.2152074,0
0.0,0.7572719,0.2457196,0
0.0,0.71657705,0.20839468,0
0.0,0.7291427,0.21311522,0
0.0,0.6906682,0.18508339,0
0.0,0.73476887,0.21189088,0
0.0,0.6770705,0.17111868,0
0.0,0.69005525,0.18200073,0
0.0,0.6485649,0.15235609,0
0.0,0.6783551,0.17286594,0
0.0,0.6116261,0.1409016,0
0.0,0.609872,0.12940347,0
0.0,0.5951031,0.11390994,0
0.0,0.647463,0.13587034,0
0.0,0.5857252,0.10413334,0
0.0,0.5938613,0.08346801,0
0.0,0.58744323,0.07810729,0
0.0,0.5971562,0.08020975,0
0.0,0.53776616,0.063304886,0
0.0,0.502663,0.058855817,0
0.0,0.51087797,0.06785892,0
0.0,0.5258627,0.07136231,0
0.0,0.5763545,0.084147915,0
0.0,0.5398093,0.07323665,0
0.0,0.5785496,0.083813466,0
0.0,0.572511,0.08115329,0
0.0,0.5948374,0.09945379,0
0.0,0.5499899,0.07612113,0
0.0,0.5781459,0.08458924,0
0.0,0.57014936,0.09015982,0
0.0,0.6415313,0.15540572,0
0.0,0.63931763,0.16656546,0
0.0,0.6860853,0.19272065,0
0.0,0.6951219,0.1889303,0
0.0,0.7580513,0.24064872,0
0.0,0.7007466,0.19903058,0
0.0,0.74815834,0.22852896,0
0.0,0.7801314,0.24770239,0
0.0,0.82623947,0.28581446,0
0.0,0.7831661,0.246496,0
0.0,0.80809313,0.2753138,0
0.0,0.8113488,0.2927416,0
0.0,0.8554371,0.3374954,0
0.0,0.84498364,0.32725555,0
0.0,0.8765709,0.370248,0
0.0,0.87487984,0.38887113,0
0.0,0.8910439,0.4563751,0
0.0,0.8736509,0.47702757,0
0.0,0.8810554,0.48101178,0
0.0,0.8936499,0.5065591,0
0.0,0.9120347,0.55094415,0
0.0,0.8995286,0.540919,0
0.0,0.898261,0.5173083,0
0.0,0.9294901,0.5339808,0
0.0,0.93488324,0.5336274,0
0.0,0.91648036,0.5124134,0
0.0,0.9114344,0.50883913,0
0.0,0.93045014,0.55379844,0
0.0,0.93115544,0.5426876,0
0.0,0.91689277,0.5093473,0
0.0,0.89871985,0.49880737,0
0.0,0.8979601,0.4902121,0
0.0,0.9020414,0.4575001,0
0.0,0.8767246,0.4233253,0
0.0,0.85166585,0.39218497,0
0.0,0.87008315,0.42826384,0
0.0,0.85624653,0.44797435,0
0.0,0.8140299,0.4074729,0
0.0,0.7591575,0.3717351,0
0.0,0.8050237,0.4354161,0
0.0,0.7962952,0.43055856,0
0.0,0.79253566,0.437313,0
0.0,0.73387897,0.36804056,0
0.0,0.7870158,0.41172707,0
0.0,0.7789272,0.39959204,0
0.0,0.7759602,0.40491748,0
0.0,0.7042856,0.32748878,0
0.0,0.71049064,0.33314955,0
0.0,0.66066855,0.25424686,0
0.0,0.66786796,0.22934452,0
0.0,0.6060709,0.18313366,0
0.0,0.6522639,0.22909932,0
0.0,0.63055325,0.22059073,0
0.0,0.66751474,0.27185082,0
0.0,0.70214796,0.32106876,0
0.0,0.76863164,0.4018395,0
0.0,0.7609735,0.4026078,0
0.0,0.8015916,0.46451676,0
0.0,0.8276552,0.523349,0
0.0,0.8479705,0.53239757,0
0.0,0.84498864,0.52627325,0
0.0,0.84945595,0.5501691,0
0.0,0.8807115,0.5901378,0
0.0,0.8850991,0.604741,0
0.0,0.8798824,0.59974736,0
0.0,0.8553945,0.5659609,0
0.0,0.8914414,0.6265486,0
0.0,0.8810819,0.5956137,0
0.0,0.88503903,0.56314677,0
0.0,0.86958414,0.5489664,0
0.0,0.899672,0.56501555,0
0.0,0.88885754,0.54964644,0
0.0,0.89105934,0.5599393,0
0.0,0.8693716,0.5273998,0
0.0,0.90109366,0.5833492,0
0.0,0.8935694,0.57697034,0
0.0,0.8981875,0.5901171,0
0.0,0.88339293,0.5814264,0
0.0,0.8835078,0.5843035,0
0.0,0.851321,0.54222506,0
0.0,0.84538615,0.53698325,0
0.0,0.8260084,0.51082104,0
0.0,0.8380375,0.5232612,0
0.0,0.83051395,0.4928388,0
0.0,0.8445623,0.49560782,0
0.0,0.8384591,0.4509016,0
0.0,0.8382487,0.41977295,0
0.0,0.8189837,0.3843454,0
0.0,0.81475765,0.36865738,0
0.0,0.84000045,0.4069326,0
0.0,0.8092526,0.3548705,0
0.0,0.8105535,0.35213834,0
0.0,0.7470475,0.29238993,0
0.0,0.7704261,0.29944968,0
0.0,0.71470785,0.25580382,0
0.0,0.7143079,0.27796656,0
0.0,0.65396535,0.22811003,0
0.0,0.6974882,0.25025243,0
0.0,0.6229478,0.2053046,0
0.0,0.62121004,0.21492046,0
0.0,0.556125,0.19127916,0
0.0,0.5777749,0.19639164,0
0.0,0.52647024,0.19611198,0
0.0,0.5666586,0.20398456,0
0.0,0.4988684,0.18825068,0
0.0,0.501141,0.20388532,0
0.0,0.42774603,0.1944935,0
0.0,0.42677516,0.20295602,0
0.0,0.3588558,0.215401,0
0.0,0.3611451,0.20999926,0
0.0,0.33448938,0.21462226,0
0.0,0.34376773,0.22020155,0
0.0,0.34673598,0.22662137,0
0.0,0.34482497,0.22090992,0
0.0,0.34871003,0.22156918,0
0.0,0.36276448,0.23015669,0
0.0,0.39113024,0.22572756,0
0.0,0.35152388,0.2665208,0
0.0,0.40448725,0.25017408,0
0.0,0.35237563,0.24282221,0
0.0,0.37141362,0.2376371,0
0.0,0.34763795,0.23173693,0
0.0,0.37878263,0.25451052,0
0.0,0.3486169,0.2657857,0
0.0,0.34821707,0.26850358,0
0.0,0.33031154,0.29504335,0
0.0,0.3426584,0.29201382,0
0.0,0.3256918,0.28057417,0
0.0,0.3355552,0.30173126,0
0.0,0.31270882,0.29217115,0
0.0,0.33020175,0.28969204,0
0.0,0.29878077,0.2994954,0
0.0,0.3301548,0.28205085,0
0.0,0.30388513,0.2834727,0
0.0,0.35090944,0.2313441,0
0.0,0.3290947,0.23740558,0
0.0,0.31305444,0.2418316,0
0.0,0.30969346,0.23278609,0
0.0,0.3391065,0.21431805,0
0.0,0.34319863,0.20014203,0
0.0,0.31059754,0.1958174,0
0.0,0.3323231,0.19069833,0
0.0,0.36194,0.18879877,0
0.0,0.43962935,0.15876438,0
0.0,0.40578994,0.16163203,0
0.0,0.42464516,0.16062105,0
0.0,0.45264417,0.14864469,0
0.0,0.49982053,0.12628959,0
0.0,0.46034864,0.13437188,0
0.0,0.4911067,0.102902755,0
0.0,0.5271274,0.10310244,0
0.0,0.5880372,0.1094646,0
0.0,0.5987317,0.11955473,0
0.0,0.619394,0.12166919,0
0.0,0.69842094,0.12944086,0
0.0,0.717529,0.14770702,0
0.0,0.68084,0.126735,0
0.0,0.6699063,0.11790015,0
0.0,0.7201948,0.14151351,0
0.0,0.6810308,0.12140984,0
0.0,0.6460933,0.10561561,0
0.0,0.612515,0.12068666,0
0.0,0.6626371,0.1505402,0
0.0,0.61977625,0.12933874,0
0.0,0.62625486,0.12119365,0
0.0,0.5859832,0.10622234,0
0.0,0.6503838,0.12672275,0
0.0,0.558446,0.098085165,0
0.0,0.6095364,0.11391748,0
0.0,0.5355745,0.11661929,0
0.0,0.62014747,0.13619117,0
0.0,0.50032175,0.12969045,0
0.0,0.5265784,0.13535371,0
0.0,0.43689266,0.13358954,0
0.0,0.49610972,0.12769744,0
0.0,0.41236693,0.12824449,0
0.0,0.41812778,0.12822747,0
0.0,0.37091777,0.12958136,0
0.0,0.41124326,0.13203529,0
0.0,0.36566722,0.15251897,0
0.0,0.39644408,0.14598486,0
0.0,0.36681488,0.16254343,0
0.0,0.40440086,0.1637625,0
0.0,0.3700482,0.16694379,0
0.0,0.4164189,0.15928617,0
0.0,0.36054808,0.194057,0
0.0,0.41834837,0.18477297,0
0.0,0.35862544,0.1961423,0
0.0,0.40128347,0.18486787,0
0.0,0.38484266,0.19096103,0
0.0,0.39721128,0.19221205,0
0.0,0.3482339,0.22520384,0
0.0,0.31645024,0.2675522,0
0.0,0.29864576,0.2737487,0
0.0,0.31343374,0.27250868,0
0.0,0.30644292,0.26975802,0
0.0,0.31398124,0.2821669,0
0.0,0.31548208,0.27412122,0
0.0,0.34216797,0.27468437,0
0.0,0.34270886,0.27686107,0
0.0,0.35694596,0.26786152,0
0.0,0.35463473,0.23354429,0
0.0,0.366595,0.23114604,0
0.0,0.36127186,0.2236486,0
0.0,0.3705829,0.21722132,0
0.0,0.3458344,0.22843075,0
0.0,0.35964692,0.2308582,0
0.0,0.33653244,0.23350221,0
0.0,0.34124675,0.24664919,0
0.0,0.34751317,0.24554381,0
0.0,0.34001303,0.2595721,0
0.0,0.3277215,0.24628471,0
0.0,0.3148274,0.24667679,0
0.0,0.3066843,0.24006657,0
0.0,0.30402786,0.2372609,0
0.0,0.29804745,0.24184452,0
0.0,0.30913562,0.24534328,0
0.0,0.30880627,0.2111585,0
0.0,0.30177197,0.2054459,0
0.0,0.30067125,0.20626473,0
0.0,0.31127912,0.20235261,0
0.0,0.3266405,0.20086938,0
0.0,0.3253331,0.19885442,0
0.0,0.32898417,0.17560768,0
0.0,0.34167907,0.1417155,0
0.0,0.3588258,0.13336504,0
0.0,0.4113718,0.12255596,0
0.0,0.3960567,0.12620923,0
0.0,0.42687,0.108686164,0
0.0,0.43442392,0.11541177,0
0.0,0.46009195,0.09902626,0
0.0,0.4767965,0.09986691,0
0.0,0.4840366,0.10009631,0
0.0,0.5059149,0.11372681,0
0.0,0.522121,0.11671178,0
0.0,0.5271445,0.11673222,0
0.0,0.5526534,0.12056631,0
0.0,0.5810576,0.12668554,0
0.0,0.56032944,0.13205945,0
0.0,0.5632116,0.15349784,0
0.0,0.5978009,0.1398381,0
0.0,0.59038657,0.15046786,0
0.0,0.59594095,0.14910698,0
0.0,0.5949515,0.1487833,0
0.0,0.61075395,0.15075883,0
0.0,0.64401853,0.18561333,0
0.0,0.62566966,0.17121579,0
0.0,0.66606647,0.19057047,0
0.0,0.6157514,0.16975997,0
0.0,0.6167657,0.17175883,0
0.0,0.52614164,0.15109909,0
0.0,0.5537951,0.15689123,0
0.0,0.51718765,0.15013233,0
0.0,0.526896,0.15242855,0
0.0,0.518463,0.1497781,0
0.0,0.53128123,0.1533714,0
0.0,0.49647644,0.14814235,0
0.0,0.48389655,0.14273706,0
0.0,0.4914131,0.14353272,0
0.0,0.5108465,0.14624844,0
0.0,0.4865344,0.1628195,0
0.0,0.45143256,0.14898863,0
0.0,0.46743312,0.15912136,0
0.0,0.48859254,0.16047108,0
0.0,0.4487723,0.16615862,0
0.0,0.4505311,0.16125786,0
0.0,0.46030474,0.16398466,0
0.0,0.486208,0.17698407,0
0.0,0.42249945,0.18129838,0
0.0,0.37404004,0.18774837,0
0.0,0.39546964,0.18102014,0
0.0,0.40411142,0.18987858,0
0.0,0.4385292,0.19557361,0
0.0,0.5175068,0.18625636,0
0.0,0.561624,0.18992192,0
0.0,0.5937601,0.20506576,0
0.0,0.62291497,0.22791648,0
0.0,0.6586217,0.22745103,0
0.0,0.6075176,0.19868708,0
0.0,0.6468775,0.2164772,0
0.0,0.64641625,0.22036605,0
0.0,0.71484995,0.27176642,0
0.0,0.6284263,0.20863697,0
0.0,0.68475693,0.25900975,0
0.0,0.68567574,0.2846818,0
0.0,0.8060925,0.39082125,0
0.0,0.7433441,0.33982426,0
0.0,0.79470974,0.37421775,0
0.0,0.82951045,0.40613908,0
0.0,0.8954061,0.48106718,0
0.0,0.8428973,0.4308923,0
0.0,0.8665001,0.47110623,0
0.0,0.88841736,0.49988177,0
0.0,0.9412977,0.56197965,0
0.0,0.8862827,0.4997245,0
0.0,0.8914323,0.5013246,0
0.0,0.9051937,0.50696915,0
0.0,0.89857006,0.5263067,0
0.0,0.8310261,0.47053373,0
0.0,0.8277816,0.4936243,0
0.0,0.8778033,0.56499904,0
0.0,0.879221,0.56826925,0
0.0,0.84958494,0.5512817,0
0.0,0.82961255,0.5170938,0
0.0,0.8830586,0.56790566,0
0.0,0.8669747,0.5445405,0
0.0,0.8543043,0.5263082,0
0.0,0.82584774,0.48418668,0
0.0,0.88390476,0.5778303,0
0.0,0.8297774,0.51940006,0
0.0,0.8210907,0.5076368,0
0.0,0.76243144,0.44168657,0
0.0,0.80496305,0.50316584,0
0.0,0.7464197,0.44125277,0
0.0,0.72666043,0.42702964,0
0.0,0.6732862,0.37563926,0
0.0,0.7336783,0.4108835,0
0.0,0.6528517,0.3427617,0
0.0,0.74994123,0.5400855,0
0.0,0.66967297,0.46560016,0
0.0,0.7639311,0.58044934,0
0.0,0.7127257,0.50412107,0
0.0,0.77912676,0.5843023,0
0.0,0.7119773,0.5426611,0
0.0,0.7083292,0.5062886,0
0.0,0.6995479,0.49276912,0
0.0,0.7070532,0.50053847,0
0.0,0.6619283,0.4576011,0
0.0,0.6509055,0.5403472,0
0.0,0.6081664,0.47333142,0
0.0,0.63558525,0.4924552,0
0.0,0.5852846,0.43757296,0
0.0,0.5923727,0.44439715,0
0.0,0.57062954,0.42881396,0
0.0,0.5901942,0.47078666,0
0.0,0.5789991,0.43505278,0
0.0,0.57400054,0.4311789,0
0.0,0.55504704,0.4414743,0
0.0,0.56454384,0.46492273,0
0.0,0.5603766,0.4649675,0
0.0,0.5497819,0.44959638,0
0.0,0.5095502,0.4035958,0
0.0,0.49915755,0.3951398,0
0.0,0.5039661,0.41681272,0
0.0,0.4828072,0.40197498,0
0.0,0.4795908,0.39528367,0
0.0,0.47390038,0.39023054,0
0.0,0.468426,0.368712,0
0.0,0.45784408,0.36118627,0
0.0,0.45153216,0.35701635,0
0.0,0.4591665,0.30046666,0
0.0,0.44631612,0.2855814,0
0.0,0.45775828,0.29201612,0
0.0,0.47261328,0.3060124,0
0.0,0.49516335,0.3335635,0
0.0,0.45959133,0.27465105,0
0.0,0.47055846,0.27962112,0
0.0,0.49154878,0.2917139,0
0.0,0.4960116,0.29383278,0
0.0,0.45376578,0.28903568,0
0.0,0.45696595,0.21063812,0
0.0,0.47352,0.22881714,0
0.0,0.48620445,0.22948875,0
0.0,0.43166447,0.19892092,0
0.0,0.44128197,0.20240405,0
0.0,0.45181146,0.20665091,0
0.0,0.46128058,0.17303476,0
0.0,0.41629297,0.16318995,0
0.0,0.4207139,0.16237913,0
0.0,0.427735,0.15020284,0
0.0,0.40723842,0.1568774,0
0.0,0.3751423,0.16935946,0
0.0,0.3622738,0.17367285,0
0.0,0.36317062,0.17455405,0
0.0,0.354418,0.17528284,0
0.0,0.34562245,0.17515919,0
0.0,0.32581893,0.17242102,0
0.0,0.32893923,0.1859237,0
0.0,0.31550232,0.18313254,0
0.0,0.30880284,0.18540084,0
0.0,0.2961004,0.18940043,0
0.0,0.2922611,0.1886886,0
0.0,0.29126954,0.18531388,0
0.0,0.28274965,0.22613274,0
0.0,0.27971336,0.2342059,0
0.0,0.28285077,0.23046644,0
0.0,0.29102337,0.23276964,0
0.0,0.29465508,0.26880646,0
0.0,0.28726196,0.2853627,0
0.0,0.28329605,0.2869207,0
0.0,0.28844398,0.2835459,0
0.0,0.28438586,0.27823982,0
0.0,0.27940577,0.29656786,0
0.0,0.27908152,0.290636,0
0.0,0.28715134,0.28644258,0
0.0,0.28534576,0.28858227,0
0.0,0.28944138,0.28683808,0
0.0,0.29091305,0.31562287,0
0.0,0.3026127,0.31217384,0
0.0,0.29012224,0.32154965,0
0.0,0.2986505,0.32217622,0
0.0,0.29692072,0.3208624,0
0.0,0.3169738,0.30010957,0
0.0,0.30864006,0.3263116,0
0.0,0.3101436,0.3081864,0
0.0,0.2981397,0.31582552,0
0.0,0.31050408,0.32557046,0
0.0,0.29503903,0.33895883,0
0.0,0.2902959,0.37805063,0
0.0,0.2760985,0.4007787,0
0.0,0.2802327,0.3963149,0
0.0,0.26160523,0.41471684,0
0.0,0.2685317,0.41158822,0
0.0,0.26820794,0.4198259,0
0.0,0.27421802,0.41393644,0
0.0,0.2860721,0.36641732,0
0.0,0.27297533,0.38302726,0
0.0,0.2848734,0.3727094,0
0.0,0.27669078,0.38060814,0
0.0,0.29014453,0.36616045,0
0.0,0.27353787,0.3693987,0
0.0,0.2811918,0.36136287,0
0.0,0.269471,0.380974,0
0.0,0.28698832,0.3770995,0
0.0,0.2654962,0.4226715,0
0.0,0.27829376,0.40105444,0
0.0,0.26335105,0.4187259,0
0.0,0.2885669,0.3973834,0
0.0,0.2717905,0.44365966,0
0.0,0.30045936,0.43239737,0
0.0,0.28118894,0.45387617,0
0.0,0.31164452,0.4234296,0
0.0,0.2916319,0.43177408,0
0.0,0.3248303,0.39659896,0
0.0,0.31648186,0.44171354,0
0.0,0.3314957,0.39919138,0
0.0,0.3007395,0.4319695,0
0.0,0.31338152,0.41774914,0
0.0,0.30174297,0.4160745,0
0.0,0.29719326,0.4341551,0
0.0,0.29021835,0.41154176,0
0.0,0.2925473,0.4005108,0
0.0,0.28507167,0.42133448,0
0.0,0.27108428,0.4408693,0
0.0,0.2819232,0.47856492,0
0.0,0.2756939,0.51788473,0
0.0,0.27799082,0.52134,0
0.0,0.25946438,0.5738354,0
0.0,0.27373487,0.55385816,0
0.0,0.2629322,0.5738495,0
0.0,0.26709294,0.60039973,0
0.0,0.2468361,0.60299164,0
0.0,0.25675118,0.59540105,0
0.0,0.24529827,0.62287515,0
0.0,0.25179306,0.6211335,0
0.0,0.2373938,0.6482175,0
0.0,0.25740886,0.58045346,0
0.0,0.24489963,0.5956098,0
0.0,0.2471242,0.60187435,0
0.0,0.24756145,0.6026449,0
0.0,0.27394345,0.5968313,0
0.0,0.264441,0.58737254,0
0.0,0.25673977,0.59300375,0
0.0,0.25486332,0.58813465,0
0.0,0.2802926,0.5591251,0
0.0,0.2757786,0.58920425,0
0.0,0.2640786,0.58999586,0
0.0,0.26558492,0.58456796,0
0.0,0.2608866,0.5983121,0
0.0,0.2664996,0.63384956,0
0.0,0.26159936,0.6736913,0
0.0,0.2820656,0.62485856,0
0.0,0.27472043,0.63953304,0
0.0,0.29213938,0.6102607,0
0.0,0.27349305,0.62989944,0
0.0,0.2952914,0.6003849,0
0.0,0.30163002,0.5564989,0
0.0,0.3110438,0.50844264,0
0.0,0.30607495,0.508674,0
0.0,0.31539527,0.4794702,0
0.0,0.3074511,0.48682496,0
0.0,0.32252118,0.4800461,0
0.0,0.3153318,0.46098587,0
0.0,0.32505172,0.4427592,0
0.0,0.3160123,0.45607802,0
0.0,0.33862174,0.44310328,0
0.0,0.34748268,0.4651029,0
0.0,0.3568069,0.43859243,0
0.0,0.3446681,0.45733815,0
0.0,0.36030853,0.44819707,0
0.0,0.3700885,0.4277174,0
0.0,0.37054384,0.43038732,0
0.0,0.359424,0.42337748,0
0.0,0.3663065,0.4006993,0
0.0,0.35546756,0.41409618,0
0.0,0.33937874,0.44125363,0
0.0,0.34049743,0.44929516,0
0.0,0.34460294,0.4302977,0
0.0,0.37078032,0.381087,0
0.0,0.3557017,0.3976643,0
0.0,0.34967905,0.40328938,0
0.0,0.36324686,0.3659762,0
0.0,0.3750098,0.33910728,0
0.0,0.36729196,0.34479138,0
0.0,0.36044192,0.347025,0
0.0,0.36664364,0.34919614,0
0.0,0.36755714,0.34935656,0
0.0,0.34740087,0.3864667,0
0.0,0.33906993,0.42843348,0
0.0,0.33262017,0.43350184,0
0.0,0.3233587,0.4427381,0
0.0,0.310807,0.46157777,0
0.0,0.30276996,0.47424173,0
0.0,0.2980195,0.46924952,0
0.0,0.30068308,0.4566031,0
0.0,0.2900528,0.47165436,0
0.0,0.29923314,0.45672613,0
0.0,0.30563796,0.44311267,0
0.0,0.31850752,0.40981966,0
0.0,0.3116534,0.4097485,0
0.0,0.3210593,0.39693484,0
0.0,0.31669644,0.39233273,0
0.0,0.31820711,0.38995326,0
0.0,0.3016464,0.41502368,0
0.0,0.31449324,0.3782673,0
0.0,0.29752326,0.39106604,0
0.0,0.30118462,0.39204186,0
0.0,0.28177917,0.42636785,0
0.0,0.30929732,0.39779708,0
0.0,0.3000561,0.4011684,0
0.0,0.31517532,0.37721485,0
0.0,0.30448684,0.38497066,0
0.0,0.33755198,0.3482747,0
0.0,0.32617924,0.36047563,0
0.0,0.3581876,0.30796143,0
0.0,0.33033723,0.33658117,0
0.0,0.36603835,0.3263576,0
0.0,0.35903323,0.3096767,0
0.0,0.37841457,0.2878949,0
0.0,0.35140574,0.3068737,0
0.0,0.37345117,0.23842138,0
0.0,0.3518058,0.2562526,0
0.0,0.37210742,0.24451706,0
0.0,0.33576658,0.27168804,0
0.0,0.3630946,0.26016647,0
0.0,0.3498984,0.27052703,0
0.0,0.37315953,0.24780142,0
0.0,0.35284758,0.26758477,0
0.0,0.3911885,0.2338384,0
0.0,0.3823352,0.23226641,0
0.0,0.40410048,0.19526248,0
0.0,0.38042855,0.21417412,0
0.0,0.38196954,0.2194002,0
0.0,0.36408067,0.23582855,0
0.0,0.3705981,0.22995694,0
0.0,0.3524649,0.2335787,0
0.0,0.36315247,0.21176755,0
0.0,0.3602979,0.21047828,0
0.0,0.3708136,0.19882408,0
0.0,0.36663663,0.18654418,0
0.0,0.3779885,0.17017847,0
0.0,0.38578594,0.16666052,0
0.0,0.3907719,0.16197246,0
0.0,0.40958416,0.15269688,0
0.0,0.4310693,0.14227052,0
0.0,0.45130372,0.12228075,0
0.0,0.45253107,0.12390153,0
0.0,0.4730589,0.11399947,0
0.0,0.4700951,0.09600103,0
0.0,0.47999194,0.10105672,0
0.0,0.46622005,0.10760155,0
0.0,0.48108855,0.0936176,0
0.0,0.45835686,0.10540499,0
0.0,0.5023882,0.09510438,0
0.0,0.556652,0.07924163,0
0.0,0.54984707,0.07625176,0
0.0,0.56186116,0.062202502,0
0.0,0.573764,0.07032551,0
0.0,0.6041286,0.07522683,0
0.0,0.57375735,0.07347979,0
0.0,0.58548445,0.07670416,0
0.0,0.5980072,0.07524982,0
0.0,0.6406704,0.08466956,0
0.0,0.61521465,0.07463309,0
0.0,0.64018756,0.07686152,0
0.0,0.66670334,0.08273195,0
0.0,0.7063457,0.09331727,0
0.0,0.64156276,0.07465493,0
0.0,0.67310905,0.0802528,0
0.0,0.67879105,0.07427827,0
0.0,0.689389,0.079001695,0
0.0,0.6229549,0.06309646,0
0.0,0.6843263,0.09248904,0
0.0,0.74822074,0.14884403,0
0.0,0.7835817,0.16993196,0
0.0,0.70562977,0.12737401,0
0.0,0.77537054,0.18785043,0
0.0,0.7551885,0.18368354,0
0.0,0.7247262,0.17137137,0
0.0,0.643785,0.12917887,0
0.0,0.71071905,0.16617984,0
0.0,0.72166526,0.17283547,0
0.0,0.71373564,0.17411302,0
0.0,0.66332304,0.1426938,0
0.0,0.7390356,0.1882056,0
0.0,0.7468126,0.18994159,0
0.0,0.73149824,0.18220493,0
0.0,0.6716281,0.14254758,0
0.0,0.7172698,0.17041047,0
0.0,0.6890573,0.14020503,0
0.0,0.6747988,0.124610454,0
0.0,0.61765516,0.09807049,0
0.0,0.6685283,0.12565362,0
0.0,0.6590911,0.12065767,0
0.0,0.70863813,0.14746246,0
0.0,0.6449326,0.12196692,0
0.0,0.69100046,0.15441579,0
0.0,0.6333628,0.12126181,0
0.0,0.6537644,0.13816005,0
0.0,0.61946416,0.12097193,0
0.0,0.62739474,0.12896477,0
0.0,0.62238884,0.13285108,0
0.0,0.65583915,0.1542268,0
0.0,0.63539433,0.13978454,0
0.0,0.633223,0.12935396,0
0.0,0.62420285,0.1048937,0
0.0,0.6780762,0.13658184,0
0.0,0.669367,0.13091967,0
0.0,0.6640834,0.11413436,0
0.0,0.64486223,0.09932877,0
0.0,0.69901663,0.13154908,0
0.0,0.70224226,0.1298289,0
0.0,0.6705424,0.11172699,0
0.0,0.64977115,0.09885488,0
0.0,0.6861772,0.11741815,0
0.0,0.693884,0.14422497,0
0.0,0.6387833,0.11696362,0
0.0,0.64644,0.11847762,0
0.0,0.661048,0.12432534,0
0.0,0.69554996,0.14707725,0
0.0,0.62480515,0.11699936,0
0.0,0.6423499,0.12478491,0
0.0,0.6571405,0.1333603,0
0.0,0.70526963,0.16429967,0
0.0,0.63647974,0.123705044,0
0.0,0.6751072,0.1466411,0
0.0,0.6677854,0.13931444,0
0.0,0.70855796,0.15399554,0
0.0,0.63042694,0.105083495,0
0.0,0.67642266,0.12675036,0
0.0,0.6470246,0.11831152,0
0.0,0.67009664,0.13459092,0
0.0,0.60073316,0.09731616,0
0.0,0.67137927,0.123795345,0
0.0,0.5944534,0.09303206,0
0.0,0.63268507,0.11287578,0
0.0,0.59253365,0.11264582,0
0.0,0.6654156,0.15611112,0
0.0,0.5889666,0.117483094,0
0.0,0.6582829,0.15228367,0
0.0,0.58991027,0.12514439,0
0.0,0.6463496,0.15445268,0
0.0,0.57218486,0.113711804,0
0.0,0.64524764,0.15045619,0
0.0,0.5755061,0.11940642,0
0.0,0.6356933,0.14722532,0
0.0,0.5486019,0.114235386,0
0.0,0.5802174,0.11143337,0
0.0,0.5331605,0.09473838,0
0.0,0.5697049,0.10314755,0
0.0,0.5108913,0.090491086,0
0.0,0.55579996,0.102296576,0
0.0,0.5186637,0.087144196,0
0.0,0.5288644,0.09192641,0
0.0,0.49427304,0.085965574,0
0.0,0.5144163,0.09867966,0
0.0,0.4636467,0.09042288,0
0.0,0.4674006,0.09012425,0
0.0,0.46839395,0.08838933,0
0.0,0.48221475,0.0905216,0
0.0,0.4717152,0.08596952,0
0.0,0.4528366,0.08864722,0
0.0,0.47295552,0.08852343,0
0.0,0.46050406,0.08536869,0
0.0,0.48058373,0.08787711,0
0.0,0.44629574,0.083855055,0
0.0,0.4716714,0.08616671,0
0.0,0.44534892,0.083164856,0
0.0,0.51410806,0.079064384,0
0.0,0.47311798,0.06822305,0
0.0,0.520735,0.0715562,0
0.0,0.49527153,0.06838153,0
0.0,0.527439,0.06931956,0
0.0,0.50393885,0.064692385,0
0.0,0.59611017,0.09007942,0
0.0,0.5400395,0.07119225,0
0.0,0.5972384,0.088483244,0
0.0,0.5500869,0.07302214,0
0.0,0.6069166,0.08668281,0
0.0,0.5552332,0.075683214,0
0.0,0.6213664,0.10184269,0
0.0,0.58392316,0.08284712,0
0.0,0.63837117,0.12075622,0
0.0,0.5821518,0.092566565,0
0.0,0.6352706,0.112373516,0
0.0,0.5913317,0.09476301,0
0.0,0.65261394,0.12556958,0
0.0,0.57628983,0.076979525,0
0.0,0.6326401,0.09983903,0
0.0,0.56571907,0.07454559,0
0.0,0.6015826,0.08377871,0
0.0,0.5249946,0.06691487,0
0.0,0.54188895,0.07061818,0
0.0,0.5014019,0.057307396,0
0.0,0.53907955,0.06193842,0
0.0,0.47147778,0.054427087,0
0.0,0.52722836,0.068529665,0
0.0,0.45081836,0.059822474,0
0.0,0.46464345,0.06258204,0
0.0,0.41481468,0.05901514,0
0.0,0.45856297,0.06106089,0
0.0,0.41690132,0.059047725,0
0.0,0.4470913,0.060389645,0
0.0,0.40557015,0.05874861,0
0.0,0.4411253,0.06199778,0
0.0,0.4053442,0.06568545,0
0.0,0.43465397,0.06577641,0
0.0,0.40580508,0.067346886,0
0.0,0.4495152,0.06569111,0
0.0,0.43030393,0.06711657,0
0.0,0.42962787,0.0678474,0
0.0,0.43614215,0.061445132,0
0.0,0.45610493,0.060449697,0
0.0,0.48575646,0.06258764,0
0.0,0.5190853,0.05501468,0
0.0,0.51333064,0.055427838,0
0.0,0.563626,0.06360056,0
0.0,0.5215081,0.05558325,0
0.0,0.53294814,0.055432834,0
0.0,0.52327883,0.055281557,0
0.0,0.5598318,0.056225747,0
0.0,0.54017067,0.050762616,0
0.0,0.5506448,0.05255647,0
0.0,0.55377585,0.047829047,0
0.0,0.5727635,0.050564498,0
0.0,0.56432223,0.048483703,0
0.0,0.5764262,0.0507771,0
0.0,0.5778594,0.048371702,0
0.0,0.6013053,0.044028856,0
0.0,0.58197993,0.034508724,0
0.0,0.57275957,0.04501588,0
0.0,0.55860376,0.046389382,0
0.0,0.556297,0.048852958,0
0.0,0.5204792,0.050029077,0
0.0,0.53530395,0.04806813,0
0.0,0.5155275,0.04800686,0
0.0,0.5297531,0.046603523,0
0.0,0.4904919,0.055362377,0
0.0,0.4847715,0.056268882,0
0.0,0.4827014,0.05628183,0
0.0,0.48716155,0.06279285,0
0.0,0.48546922,0.062626615,0
0.0,0.48938888,0.06144242,0
0.0,0.48668107,0.066008866,0
0.0,0.48494518,0.06683863,0
0.0,0.48168728,0.06982733,0
0.0,0.49039197,0.08240904,0
0.0,0.48305148,0.08521263,0
0.0,0.50114435,0.07818669,0
0.0,0.48766723,0.084938556,0
0.0,0.4950397,0.084793694,0
0.0,0.47488,0.09228593,0
0.0,0.49234617,0.08533767,0
0.0,0.48965907,0.089481115,0
0.0,0.5000087,0.08534075,0
0.0,0.49612886,0.0870375,0
0.0,0.5035814,0.09184826,0
0.0,0.49315053,0.0920667,0
0.0,0.5034621,0.08495429,0
0.0,0.49189833,0.09055316,0
0.0,0.5093528,0.08346459,0
0.0,0.49661693,0.09038565,0
0.0,0.5080368,0.07963494,0
0.0,0.496523,0.08455072,0
0.0,0.50002104,0.08382231,0
0.0,0.50503945,0.090784356,0
0.0,0.5341469,0.08573304,0
0.0,0.52757365,0.08872159,0
0.0,0.5384455,0.08353649,0
0.0,0.5377048,0.09122976,0
0.0,0.5332696,0.094477266,0
0.0,0.51136005,0.10741261,0
0.0,0.5086799,0.10843438,0
0.0,0.5109977,0.1085186,0
0.0,0.50401366,0.11500755,0
0.0,0.49741632,0.118291885,0
0.0,0.49953705,0.117895,0
0.0,0.49867743,0.11434896,0
0.0,0.49738452,0.10277778,0
0.0,0.48322615,0.10869375,0
0.0,0.49538162,0.10129821,0
0.0,0.49968916,0.107797995,0
0.0,0.49409565,0.111156024,0
0.0,0.48022595,0.12187174,0
0.0,0.5067814,0.13150108,0
0.0,0.5040635,0.1302876,0
0.0,0.49726358,0.1354443,0
0.0,0.46896952,0.1788413,0
0.0,0.4828427,0.17002568,0
0.0,0.4497179,0.20169899,0
0.0,0.418349,0.23671076,0
0.0,0.3963553,0.2549365,0
0.0,0.41253546,0.24473381,0
0.0,0.40117964,0.25749475,0
0.0,0.4077165,0.24766855,0
0.0,0.3965015,0.26389378,0
0.0,0.4221151,0.23576757,0
0.0,0.40202335,0.24469173,0
0.0,0.40695345,0.23739806,0
0.0,0.39373738,0.2520189,0
0.0,0.416754,0.24592407,0
0.0,0.39463392,0.26034307,0
0.0,0.3959764,0.26045924,0
0.0,0.38720474,0.2803011,0
0.0,0.41116628,0.26013097,0
0.0,0.3957546,0.28193134,0
0.0,0.3974917,0.29638755,0
0.0,0.39231184,0.31886104,0
0.0,0.39421868,0.32964736,0
0.0,0.391506,0.34176987,0
0.0,0.3931791,0.34853864,0
0.0,0.40388277,0.3455559,0
0.0,0.41309983,0.33835775,0
0.0,0.42152438,0.32843044,0
0.0,0.42177394,0.33562642,0
0.0,0.43540207,0.326532,0
0.0,0.43779045,0.31031305,0
0.0,0.43065658,0.3158371,0
0.0,0.4233084,0.3255378,0
0.0,0.43650067,0.30133843,0
0.0,0.42766395,0.3204522,0
0.0,0.4272214,0.31872338,0
0.0,0.41352648,0.32642317,0
0.0,0.42431262,0.3333735,0
0.0,0.41660526,0.3589968,0
0.0,0.41950834,0.38419777,0
0.0,0.40646875,0.4133541,0
0.0,0.4145445,0.3990626,0
0.0,0.40245122,0.43053257,0
0.0,0.40460765,0.4359101,0
0.0,0.39320838,0.4556259,0
0.0,0.40293807,0.4527973,0
0.0,0.39518026,0.45174778,0
0.0,0.386787,0.4662361,0
0.0,0.38095224,0.47741613,0
0.0,0.38548845,0.4639907,0
0.0,0.38252878,0.4641893,0
0.0,0.38526064,0.4509519,0
0.0,0.38272193,0.44157445,0
0.0,0.38943055,0.43149543,0
0.0,0.38530716,0.43067673,0
0.0,0.38467836,0.43248045,0
0.0,0.37992945,0.4299075,0
0.0,0.38357285,0.41585422,0
0.0,0.3873019,0.43160796,0
0.0,0.38761532,0.43267247,0
0.0,0.3834412,0.43755654,0
0.0,0.3896597,0.43369284,0
0.0,0.38950497,0.4238727,0
0.0,0.39826152,0.42048666,0
0.0,0.3938663,0.42855373,0
0.0,0.40317154,0.4109661,0
0.0,0.40701142,0.38858318,0
0.0,0.40410057,0.38607293,0
0.0,0.40593725,0.3857556,0
0.0,0.41912803,0.35310584,0
0.0,0.41934928,0.33731395,0
0.0,0.42984036,0.2959622,0
0.0,0.42140338,0.28544602,0
0.0,0.43428904,0.26773685,0
0.0,0.43112805,0.26320148,0
0.0,0.43528938,0.26790166,0
0.0,0.4270392,0.26214638,0
0.0,0.43099105,0.24674016,0
0.0,0.42932817,0.26673904,0
0.0,0.42208728,0.2617475,0
0.0,0.39917552,0.28498358,0
0.0,0.39488453,0.3832553,0
0.0,0.37094977,0.40147376,0
0.0,0.35684624,0.4159851,0
0.0,0.33750176,0.4720607,0
0.0,0.3366458,0.44993243,0
0.0,0.32331088,0.45422578,0
0.0,0.31168395,0.47071964,0
0.0,0.3017154,0.4751215,0
0.0,0.29767084,0.47670314,0
0.0,0.29048833,0.4679125,0
0.0,0.2821043,0.46048492,0
0.0,0.26851392,0.46564436,0
0.0,0.26092723,0.45682234,0
0.0,0.25767732,0.45108035,0
0.0,0.24984565,0.45410243,0
0.0,0.250055,0.4414419,0
0.0,0.24789283,0.43126863,0
0.0,0.24767867,0.43673933,0
0.0,0.2494627,0.43526316,0
0.0,0.25287184,0.4328798,0
0.0,0.25837258,0.43763912,0
0.0,0.26273486,0.42579138,0
0.0,0.27701452,0.4033835,0
0.0,0.28478435,0.40861827,0
0.0,0.29398823,0.4066156,0
0.0,0.2916275,0.39674354,0
0.0,0.30304253,0.36325857,0
0.0,0.31427002,0.35221162,0
0.0,0.33075225,0.33867723,0
0.0,0.3323818,0.3143048,0
0.0,0.35712746,0.29318872,0
0.0,0.3720491,0.272141,0
0.0,0.3994942,0.15054582,0
0.0,0.41371408,0.1415545,0
0.0,0.4459767,0.12308121,0
0.0,0.46703926,0.07842401,0
0.0,0.48096088,0.072323754,0
0.0,0.4704449,0.07668829,0
0.0,0.48338175,0.071321785,0
0.0,0.47771943,0.083974324,0
0.0,0.48891369,0.07852171,0
0.0,0.47441727,0.078300305,0
0.0,0.48657897,0.07366322,0
0.0,0.48155415,0.07377554,0
0.0,0.48235306,0.07400219,0
0.0,0.46777776,0.08402075,0
0.0,0.47596386,0.077219434,0
0.0,0.47509027,0.07846871,0
0.0,0.48135978,0.074377425,0
0.0,0.49080792,0.06457935,0
0.0,0.5075056,0.058218278,0
0.0,0.5167431,0.05255758,0
0.0,0.50691366,0.048961934,0
0.0,0.5223919,0.045480408,0
0.0,0.523853,0.045118533,0
0.0,0.5315646,0.036282714,0
0.0,0.5137421,0.036626607,0
0.0,0.52281433,0.03553032,0
0.0,0.52501094,0.03568721,0
0.0,0.53308904,0.036913753,0
0.0,0.51662016,0.039711524,0
0.0,0.52024126,0.036538333,0
0.0,0.5252154,0.035344195,0
0.0,0.54027015,0.03394157,0
0.0,0.5136628,0.038975764,0
0.0,0.56471395,0.039629772,0
0.0,0.6242932,0.047226198,0
0.0,0.67496485,0.060226433,0
0.0,0.630748,0.049602244,0
0.0,0.71366125,0.07194522,0
0.0,0.6941532,0.06504303,0
0.0,0.7090498,0.06683886,0
0.0,0.66199005,0.053390596,0
0.0,0.7578879,0.093403555,0
0.0,0.72073317,0.07601589,0
0.0,0.74528253,0.095807455,0
0.0,0.6753496,0.06623475,0
0.0,0.7499519,0.10065636,0
0.0,0.7062374,0.08335179,0
0.0,0.7259161,0.09346949,0
0.0,0.6651106,0.06808451,0
0.0,0.74430597,0.10094282,0
0.0,0.68869936,0.07518947,0
0.0,0.7128258,0.08461494,0
0.0,0.642732,0.056659233,0
0.0,0.7179581,0.087360136,0
0.0,0.67516,0.07128556,0
0.0,0.68889755,0.07404446,0
0.0,0.6338059,0.055699818,0
0.0,0.6626058,0.061614025,0
0.0,0.56826884,0.050511993,0
0.0,0.5855213,0.07075791,0
0.0,0.580226,0.069201246,0
0.0,0.5634012,0.07361755,0
0.0,0.54570967,0.0724339,0
0.0,0.5412309,0.07474202,0
0.0,0.505132,0.072219305,0
0.0,0.4646586,0.075474784,0
0.0,0.48127612,0.089916304,0
0.0,0.4689812,0.09464829,0
0.0,0.4699292,0.09862893,0
0.0,0.46110818,0.1129963,0
0.0,0.46991408,0.11504464,0
0.0,0.5484117,0.12728237,0
0.0,0.64232916,0.15280288,0
0.0,0.65291685,0.15441522,0
0.0,0.6888712,0.18559442,0
0.0,0.734327,0.21971078,0
0.0,0.76032037,0.2350854,0
0.0,0.7228122,0.2122199,0
0.0,0.7264218,0.22097945,0
0.0,0.7688156,0.2597834,0
0.0,0.7943273,0.28250083,0
0.0,0.7581286,0.25973177,0
0.0,0.731188,0.24489278,0
0.0,0.7617051,0.26401,0
0.0,0.77475315,0.29015243,0
0.0,0.7423671,0.28389865,0
0.0,0.71822685,0.2673217,0
0.0,0.75250065,0.29419,0
0.0,0.7667978,0.30267292,0
0.0,0.72082347,0.27147934,0
0.0,0.67827934,0.26377517,0
0.0,0.71646696,0.2850945,0
0.0,0.73586786,0.29640427,0
0.0,0.69154894,0.26505542,0
0.0,0.6632531,0.24944729,0
0.0,0.6152802,0.25395384,0
0.0,0.563573,0.25838697,0
0.0,0.48610544,0.22707924,0
0.0,0.44256505,0.19809403,0
0.0,0.4135508,0.18662557,0
0.0,0.4095464,0.18227832,0
0.0,0.38063365,0.18210724,0
0.0,0.3542839,0.17781362,0
0.0,0.35031453,0.18717447,0
0.0,0.3485648,0.18709782,0
0.0,0.33831912,0.18987112,0
0.0,0.34990978,0.18812048,0
0.0,0.3378807,0.18361762,0
0.0,0.33957976,0.1858435,0
0.0,0.33229843,0.18493769,0
0.0,0.33661172,0.18337218,0
0.0,0.33859745,0.19159874,0
0.0,0.33878595,0.19180773,0
0.0,0.34223393,0.2028144,0
0.0,0.34212488,0.18794787,0
0.0,0.33722815,0.18826668,0
0.0,0.33469933,0.19359072,0
0.0,0.35644767,0.19991708,0
0.0,0.36306342,0.2059671,0
0.0,0.36867878,0.19992957,0
0.0,0.38034895,0.19864553,0
0.0,0.3970547,0.2451601,0
0.0,0.3797884,0.2301291,0
0.0,0.406995,0.22824305,0
0.0,0.40088925,0.22262557,0
0.0,0.4105637,0.22362798,0
0.0,0.3841718,0.23094451,0
0.0,0.3900341,0.23929581,0
0.0,0.38323018,0.21886721,0
0.0,0.39797992,0.22324648,0
0.0,0.37904027,0.22019078,0
0.0,0.38985935,0.22616486,0
0.0,0.39437765,0.23275897,0
0.0,0.40736482,0.22334144,0
0.0,0.38484597,0.21747193,0
0.0,0.3955525,0.20564272,0
0.0,0.40161082,0.2218195,0
0.0,0.41828045,0.29932636,0
0.0,0.40287885,0.29052016,0
0.0,0.44579262,0.31239656,0
0.0,0.4427085,0.31354982,0
0.0,0.4534728,0.3176195,0
0.0,0.41740254,0.34099966,0
0.0,0.4743107,0.39823475,0
0.0,0.4474164,0.38547635,0
0.0,0.46450874,0.40029812,0
0.0,0.42651638,0.37569427,0
0.0,0.456767,0.41015655,0
0.0,0.44641203,0.39984632,0
0.0,0.47111934,0.3991495,0
0.0,0.43458775,0.3655414,0
0.0,0.47823614,0.38947737,0
0.0,0.45772195,0.40069282,0
0.0,0.5213079,0.4318643,0
0.0,0.46728548,0.38455093,0
0.0,0.59451634,0.49304992,0
0.0,0.5127909,0.4262106,0
0.0,0.58835715,0.5207845,0
0.0,0.51000524,0.45577538,0
0.0,0.6588238,0.5898825,0
0.0,0.57020587,0.4927451,0
0.0,0.63544303,0.5691067,0
0.0,0.5815967,0.5243188,0
0.0,0.69893384,0.6793668,0
0.0,0.6622132,0.6272067,0
0.0,0.71160007,0.6822947,0
0.0,0.67225564,0.62638915,0
0.0,0.7560403,0.7575133,0
0.0,0.7301352,0.76034606,0
0.0,0.7573618,0.7135657,0
0.0,0.7284885,0.66145396,0
0.0,0.7904618,0.75788426,0
0.0,0.75474364,0.70773727,0
0.0,0.7617292,0.777168,0
0.0,0.7609008,0.7655315,0
0.0,0.83495665,0.8336827,0
0.0,0.83072764,0.8370247,0
0.0,0.82539743,0.83047855,0
0.0,0.834628,0.91504323,0
0.0,0.8145381,0.9228785,0
0.0,0.87200373,1.0093689,0
0.0,0.8496551,0.986238,0
0.0,0.8746066,1.0306555,0
0.0,0.8257045,0.95374453,0
0.0,0.8744223,1.0601907,0
0.0,0.83671176,0.9393319,0
0.0,0.8697747,0.99317837,0
0.0,0.8188105,0.910748,0
0.0,0.8454391,0.96205896,0
0.0,0.7941808,0.8459923,0
0.0,0.82253313,0.8413117,0
0.0,0.76284885,0.7254689,0
0.0,0.7958098,0.76996964,0
0.0,0.748331,0.7204168,0
0.0,0.78516495,0.81160235,0
0.0,0.7106314,0.6888399,0
0.0,0.7659763,0.7533149,0
0.0,0.7100837,0.67712307,0
0.0,0.7467534,0.7290492,0
0.0,0.6396612,0.6233103,0
0.0,0.6843133,0.6958564,0
0.0,0.61539996,0.60383093,0
0.0,0.67052156,0.6703542,0
0.0,0.59810007,0.5796199,0
0.0,0.6083141,0.60901785,0
0.0,0.5385886,0.49123067,0
0.0,0.6182955,0.5223373,0
0.0,0.56746364,0.46424994,0
0.0,0.5937542,0.49119675,0
0.0,0.53765523,0.4497231,0
0.0,0.5771801,0.4518305,0
0.0,0.5001428,0.334947,0
0.0,0.5023691,0.3333277,0
0.0,0.46629354,0.3064916,0
0.0,0.5131504,0.35811943,0
0.0,0.4858166,0.38074493,0
0.0,0.48553243,0.3394742,0
0.0,0.45705628,0.32919237,0
0.0,0.5071633,0.36002123,0
0.0,0.4772644,0.34389293,0
0.0,0.4759322,0.37513062,0
0.0,0.47743362,0.37640747,0
0.0,0.5170448,0.39823267,0
0.0,0.49129865,0.3880962,0
0.0,0.48713297,0.38298526,0
0.0,0.45631966,0.36052796,0
0.0,0.50707793,0.3602397,0
0.0,0.48391566,0.34489596,0
0.0,0.4789867,0.37780786,0
0.0,0.44071424,0.36326504,0
0.0,0.45216945,0.36807445,0
0.0,0.41893312,0.33523703,0
0.0,0.42658913,0.27871618,0
0.0,0.3867285,0.28468692,0
0.0,0.40259755,0.28629488,0
0.0,0.48109317,0.35181737,0
0.0,0.554005,0.45199847,0
0.0,0.5217608,0.42844802,0
0.0,0.5813707,0.462421,0
0.0,0.64192224,0.5120976,0
0.0,0.6463558,0.5107698,0
0.0,0.61415875,0.48502594,0
0.0,0.64160395,0.49922436,0
0.0,0.71340185,0.56247896,0
0.0,0.7155857,0.5832425,0
0.0,0.6774512,0.6326408,0
0.0,0.6995841,0.67889935,0
0.0,0.79287344,0.73097396,0
0.0,0.8169918,0.7730977,0
0.0,0.81370544,0.83273923,0
0.0,0.82039845,0.8771639,0
0.0,0.86454237,1.0040083,0
0.0,0.8691464,1.00201,0
0.0,0.8709763,0.9922832,0
0.0,0.8712198,1.0198824,0
0.0,0.87930745,1.176178,0
0.0,0.87915325,1.2072802,0
0.0,0.89619076,1.2795794,0
0.0,0.89977694,1.3104763,0
0.0,0.8796832,1.29776,0
0.0,0.87853116,1.3869433,0
0.0,0.8733527,1.4567112,0
0.0,0.88038236,1.5013525,0
0.0,0.8470444,1.4760239,0
0.0,0.8697181,1.6253667,0
0.0,0.8627683,1.7313657,0
0.0,0.8796374,1.7628119,0
0.0,0.84992677,1.6183565,0
0.0,0.88345516,1.6281282,0
0.0,0.8759941,1.6491597,0
0.0,0.8967453,1.8350518,0
0.0,0.8542859,1.8268354,0
0.0,0.88482237,1.9306972,0
0.0,0.87605035,1.9525299,0
0.0,0.89731693,2.0509462,0
0.0,0.8748134,2.1199238,0
0.0,0.8930887,2.2800386,0
0.0,0.9044609,2.2950904,0
0.0,0.9168233,2.3726406,0
0.0,0.92096823,2.4113336,0
0.0,0.93061,2.4995632,0
0.0,0.932536,2.6941624,0
0.0,0.93948585,2.7749076,0
0.0,0.9450027,2.800658,0
0.0,0.9503002,2.9241536,0
0.0,0.9561843,3.040308,0
0.0,0.9577609,3.105558,0
0.0,0.9609441,3.0019488,0
0.0,0.9607358,2.9606655,0
0.0,0.96365774,2.9542263,0
0.0,0.96280676,3.0349786,0
0.0,0.9679033,3.1950753,0
0.0,0.96989775,3.1705236,0
0.0,0.97454506,3.1392553,0
0.0,0.974502,3.175358,0
0.0,0.97473973,3.2163577,0
0.0,0.9748598,3.2553992,0
0.0,0.97798175,3.2383096,0
0.0,0.9770444,3.3080523,0
0.0,0.97733384,3.3989692,0
0.0,0.9764688,3.3724775,0
0.0,0.9751463,3.360241,0
0.0,0.9731399,3.3313286,0
0.0,0.974963,3.3310843,0
0.0,0.97566855,3.3647428,0
0.0,0.9763098,3.3462992,0
0.0,0.97511303,3.3174276,0
0.0,0.9751604,3.250996,0
0.0,0.9723637,3.1383333,0
0.0,0.9747313,3.073625,0
0.0,0.9708382,2.9653707,0
0.0,0.9724648,2.954155,0
0.0,0.96928835,2.9473166,0
0.0,0.972071,2.800219,0
0.0,0.9674178,2.7192407,0
0.0,0.969912,2.7207367,0
0.0,0.9624693,2.7088842,0
0.0,0.96646655,2.765077,0
0.0,0.96243614,2.7142856,0
0.0,0.9689322,2.7307665,0
0.0,0.9626323,2.7290063,0
0.0,0.9661887,2.7258768,0
0.0,0.95771503,2.6850882,0
0.0,0.96581465,2.6282897,0
0.0,0.959634,2.5590587,0
0.0,0.96523684,2.5467768,0
0.0,0.9606401,2.476778,0
0.0,0.9641852,2.4718733,0
0.0,0.9565355,2.343865,0
0.0,0.96355104,2.243489,0
0.0,0.9577249,2.1613166,0
0.0,0.96306396,2.0965514,0
0.0,0.9578827,2.075869,0
0.0,0.9603048,2.066873,0
0.0,0.95517296,1.9533759,0
0.0,0.959676,1.8858794,0
0.0,0.9575981,1.8534532,0
0.0,0.9578384,1.8365272,0
0.0,0.95259154,1.7994962,0
0.0,0.95093215,1.7997181,0
0.0,0.94799256,1.7671828,0
0.0,0.95135707,1.7546151,0
0.0,0.93963635,1.7320164,0
0.0,0.9408428,1.713933,0
0.0,0.93569714,1.6214055,0
0.0,0.94585633,1.547138,0
0.0,0.9383801,1.520895,0
0.0,0.9312308,1.4455385,0
0.0,0.9269665,1.2538141,0
0.0,0.92413384,1.1407137,0
0.0,0.90123975,1.0505521,0
0.0,0.900693,1.0025473,0
0.0,0.89812076,0.98409617,0
0.0,0.8870658,0.94483817,0
0.0,0.8583555,0.80411875,0
0.0,0.86367214,0.75854754,0
0.0,0.8562195,0.7205396,0
0.0,0.8491359,0.6987792,0
0.0,0.7919734,0.6326139,0
0.0,0.79475826,0.6182294,0
0.0,0.7665538,0.53729904,0
0.0,0.783333,0.5390474,0
0.0,0.7189207,0.4569471,0
0.0,0.7279667,0.45992586,0
0.0,0.7067727,0.41209787,0
0.0,0.7062557,0.39893383,0
0.0,0.64488,0.3317667,0
0.0,0.63524777,0.3146571,0
0.0,0.6004721,0.27857113,0
0.0,0.53898406,0.23361434,0
0.0,0.4517255,0.18617758,0
0.0,0.44817203,0.14951944,0
0.0,0.41106588,0.14441843,0
0.0,0.41800368,0.14524478,0
0.0,0.39305574,0.13733636,0
0.0,0.38534564,0.13692622,0
0.0,0.3731323,0.15281808,0
0.0,0.36334217,0.15721455,0
0.0,0.3496637,0.17177555,0
0.0,0.33819878,0.18176362,0
0.0,0.33998412,0.18566744,0
0.0,0.34725988,0.18294391,0
0.0,0.33339763,0.18632518,0
0.0,0.3722395,0.18372695,0
0.0,0.33800778,0.19086978,0
0.0,0.3599573,0.19443792,0
0.0,0.335342,0.19279137,0
0.0,0.37724444,0.17495948,0
0.0,0.3585226,0.2163559,0
0.0,0.3866333,0.22676836,0
0.0,0.32163462,0.24498728,0
0.0,0.35990474,0.2230992,0
0.0,0.32219526,0.23551333,0
0.0,0.3683414,0.20371681,0
0.0,0.31099573,0.22720225,0
0.0,0.37249446,0.20278087,0
0.0,0.32887885,0.22706065,0
0.0,0.42363214,0.19800934,0
0.0,0.3708775,0.20974696,0
0.0,0.4714308,0.18229955,0
0.0,0.3814973,0.22748637,0
0.0,0.6050849,0.21602961,0
0.0,0.49093527,0.20926304,0
0.0,0.54701114,0.2087048,0
0.0,0.46369582,0.20866328,0
0.0,0.6147874,0.23055398,0
0.0,0.48867717,0.2338615,0
0.0,0.4933318,0.23403965,0
0.0,0.463729,0.22211936,0
0.0,0.6173375,0.24598429,0
0.0,0.48337513,0.22153378,0
0.0,0.53249246,0.22435227,0
0.0,0.549596,0.21509655,0
0.0,0.7420058,0.25969416,0
0.0,0.61774415,0.22543243,0
0.0,0.76722646,0.35796294,0
0.0,0.81684405,0.42631477,0
0.0,0.87071836,0.47316125,0
0.0,0.82187694,0.43208766,0
0.0,0.85858965,0.48657784,0
0.0,0.8500867,0.48131943,0
0.0,0.85451126,0.50079244,0
0.0,0.75457317,0.39081997,0
0.0,0.783384,0.3833453,0
0.0,0.78528476,0.40323105,0
0.0,0.7010757,0.42889357,0
0.0,0.6242546,0.37609735,0
0.0,0.72555655,0.4481489,0
0.0,0.74345964,0.45978794,0
0.0,0.68151385,0.4132228,0
0.0,0.65683657,0.414806,0
0.0,0.7187949,0.5140688,0
0.0,0.73511666,0.49312907,0
0.0,0.66358995,0.42277646,0
0.0,0.63294536,0.4024136,0
0.0,0.6613872,0.42779234,0
0.0,0.6515077,0.47538525,0
0.0,0.48572564,0.3967646,0
0.0,0.48331368,0.371042,0
0.0,0.45875156,0.3676179,0
0.0,0.46837878,0.4391992,0
0.0,0.45489877,0.46228853,0
0.0,0.5475572,0.5184567,0
0.0,0.5694332,0.5501847,0
0.0,0.6388798,0.62701106,0
0.0,0.5497006,0.63627505,0
0.0,0.58328444,0.68072164,0
0.0,0.56993836,0.6173302,0
0.0,0.60804594,0.62968767,0
0.0,0.52000195,0.5474138,0
0.0,0.5569439,0.59251255,0
0.0,0.56090224,0.62233835,0
0.0,0.63421315,0.7586362,0
0.0,0.5479586,0.66619647,0
0.0,0.6554672,0.78128743,0
0.0,0.64419854,0.8659259,0
0.0,0.72506595,1.1166675,0
0.0,0.66458327,0.9749453,0
0.0,0.7492077,1.1046897,0
0.0,0.7599089,1.1326401,0
0.0,0.80755574,1.2955911,0
0.0,0.7769684,1.3142004,0
0.0,0.82329774,1.3800478,0
0.0,0.8385175,1.3483486,0
0.0,0.8503355,1.3577795,0
0.0,0.8208111,1.3141918,0
0.0,0.8444716,1.4569001,0
0.0,0.81483346,1.4117367,0
0.0,0.81573826,1.3547239,0
0.0,0.7939619,1.2924855,0
0.0,0.83072346,1.3904061,0
0.0,0.81752056,1.4403174,0
0.0,0.8449713,1.4520409,0
0.0,0.8544797,1.4301143,0
0.0,0.8956059,1.5413712,0
0.0,0.89024466,1.5967677,0
0.0,0.89767784,1.7249737,0
0.0,0.9090889,1.6731619,0
0.0,0.9171358,1.6591675,0
0.0,0.91904247,1.6509638,0
0.0,0.924622,1.6626215,0
0.0,0.91309553,1.9323621,0
0.0,0.9064407,2.0974717,0
0.0,0.8938824,2.0008826,0
0.0,0.883842,1.8899722,0
0.0,0.841161,1.8004603,0
0.0,0.8344727,1.8065012,0
0.0,0.80571187,1.6619252,0
0.0,0.8036855,1.5109023,0
0.0,0.7961875,1.4635835,0
0.0,0.80001456,1.5420448,0
0.0,0.8129206,1.6502793,0
0.0,0.8102623,1.5995941,0
0.0,0.8015272,1.5214043,0
0.0,0.821019,1.5623646,0
0.0,0.82102704,1.6256844,0
0.0,0.82415086,1.7957882,0
0.0,0.82849604,1.8981895,0
0.0,0.86288464,1.8905138,0
0.0,0.8581915,1.8563218,0
0.0,0.86799055,1.865742,0
0.0,0.84134275,1.7934487,0
0.0,0.8760584,1.97723,0
0.0,0.86754835,2.0996766,0
0.0,0.8855468,2.1269631,0
0.0,0.88372225,2.0947595,0
0.0,0.89147353,2.090401,0
0.0,0.87809974,2.0230808,0
0.0,0.8916243,1.9561969,0
0.0,0.90709776,2.000523,0
0.0,0.9286757,2.0739064,0
0.0,0.93787247,2.1144977,0
0.0,0.9486184,2.1458573,0
0.0,0.9412655,1.8335594,0
0.0,0.92935663,1.7104584,0
0.0,0.9356436,1.8659672,0
0.0,0.93173873,1.886364,0
0.0,0.9402118,1.897433,0
0.0,0.92394465,1.8494024,0
0.0,0.93231785,1.8143985,0
0.0,0.93756104,1.8158576,0
0.0,0.9361839,1.8895524,0
0.0,0.92012465,1.8295897,0
0.0,0.93470323,1.8431718,0
0.0,0.9464092,1.8345563,0
0.0,0.94554055,1.8088503,0
0.0,0.91442674,1.7367337,0
0.0,0.9301409,1.6908469,0
0.0,0.9325457,1.6065755,0
0.0,0.9285277,1.5609314,0
0.0,0.9236123,1.5735865,0
0.0,0.9470717,1.6513374,0
0.0,0.94924754,1.6540806,0
0.0,0.9340232,1.6200767,0
0.0,0.90561306,1.6148462,0
0.0,0.90321255,1.4809945,0
0.0,0.9051696,1.434216,0
0.0,0.8943582,1.412883,0
0.0,0.87103105,1.4018762,0
0.0,0.86944264,1.5056703,0
0.0,0.8693697,1.5875003,0
0.0,0.8527289,1.5457807,0
0.0,0.8560364,1.5272983,0
0.0,0.8571868,1.5171093,0
0.0,0.85826534,1.5234758,0
0.0,0.8141148,1.511889,0
0.0,0.8217863,1.4316797,0
0.0,0.80290985,1.2796667,0
0.0,0.7983599,1.2830646,0
0.0,0.7774096,1.2707665,0
0.0,0.79347146,1.3342631,0
0.0,0.7617737,1.2808009,0
0.0,0.7916567,1.3229955,0
0.0,0.78759366,1.2412283,0
0.0,0.80066246,1.2196007,0
0.0,0.76839906,1.2297214,0
0.0,0.79701656,1.2969248,0
0.0,0.78930753,1.2844995,0
0.0,0.75313675,1.2288965,0
0.0,0.70614713,1.1546388,0
0.0,0.72032154,1.1937205,0
0.0,0.7133706,1.3927815,0
0.0,0.71423566,1.3762994,0
0.0,0.7003543,1.3652256,0
0.0,0.73938626,1.4239609,0
0.0,0.7178452,1.4075718,0
0.0,0.7234259,1.3158497,0
0.0,0.7117095,1.2508266,0
0.0,0.7307467,1.2852517,0
0.0,0.7145634,1.2932022,0
0.0,0.6609789,1.2646536,0
0.0,0.6480285,1.3172505,0
0.0,0.65836006,1.2511916,0
0.0,0.6737741,1.2339294,0
0.0,0.64981425,1.2049294,0
0.0,0.6573002,1.2031323,0
0.0,0.63609225,1.2477549,0
0.0,0.623016,1.2050138,0
0.0,0.61864007,1.2200818,0
0.0,0.61397177,1.2189878,0
0.0,0.60460186,1.1871817,0
0.0,0.6003304,1.1810529,0
0.0,0.60779953,1.1695731,0
0.0,0.6283458,1.1918867,0
0.0,0.60273105,1.1629219,0
0.0,0.5974944,1.1521192,0
0.0,0.58273655,1.1876318,0
0.0,0.59482664,1.0936654,0
0.0,0.57620215,1.0656567,0
0.0,0.55491006,1.2270905,0
0.0,0.53483504,1.2155138,0
0.0,0.5334355,1.4523365,0
0.0,0.5242521,1.6885103,0
0.0,0.5262564,1.4567944,0
0.0,0.5653861,1.7312905,0
0.0,0.5758574,1.7034113,0
0.0,0.5809778,1.8179833,0
0.0,0.5495422,1.8375574,0
0.0,0.57613814,1.98562,0
0.0,0.57271886,1.95207,0
0.0,0.5612383,1.9342396,0
0.0,0.5468327,1.9031068,0
0.0,0.5417109,1.9538355,0
0.0,0.5607638,1.8871171,0
0.0,0.5732502,1.8938849,0
0.0,0.59222984,1.9116807,0
0.0,0.6107856,1.9731842,0
0.0,0.6218013,2.1246815,0
0.0,0.6345387,2.4650564,0
0.0,0.630737,2.473093,0
0.0,0.64252317,2.483952,0
0.0,0.6455421,2.5082698,0
0.0,0.6430374,2.62668,0
0.0,0.64606255,2.8806329,0
0.0,0.6677458,2.901555,0
0.0,0.6661507,2.8988037,0
0.0,0.6624481,2.8906627,0
0.0,0.6518531,2.9795475,0
0.0,0.66656727,3.3184943,0
0.0,0.6642789,3.3139398,0
0.0,0.68203247,3.426313,0
0.0,0.6720254,3.2556927,0
0.0,0.6709988,3.3072195,0
0.0,0.6677342,3.2037416,0
0.0,0.6741559,3.1078286,0
0.0,0.67079145,3.096901,0
0.0,0.6627624,3.0366535,0
0.0,0.6596223,3.0964456,0
0.0,0.63458776,3.364771,0
0.0,0.6242931,3.3374677,0
0.0,0.60504395,3.1403801,0
0.0,0.6206573,3.2402124,0
0.0,0.59052324,3.2004123,0
0.0,0.5851764,3.444417,0
0.0,0.5696788,3.5030842,0
0.0,0.57840216,3.4324903,0
0.0,0.55554736,3.4558628,0
0.0,0.55743086,3.530849,0
0.0,0.5333839,3.4878304,0
0.0,0.5357655,3.927279,0
0.0,0.542577,3.5678022,0
0.0,0.52895606,3.8006124,0
0.0,0.52005816,3.7589774,0
0.0,0.509335,3.9922528,0
0.0,0.5021363,4.0389595,0
0.0,0.4870259,3.7810283,0
0.0,0.49359107,3.9182928,0
0.0,0.48605144,3.9300327,0
0.0,0.4765712,3.9757571,0
0.0,0.46058455,3.995104,0
0.0,0.47672865,3.7271798,0
0.0,0.4709045,3.7341018,0
0.0,0.4735493,3.648981,0
0.0,0.4611384,3.622691,0
0.0,0.48543304,3.7077703,0
0.0,0.46877658,3.67765,0
0.0,0.4917785,3.5064197,0
0.0,0.4945586,3.8095455,0
0.0,0.5154943,3.990263,0
0.0,0.50841886,4.581842,0
0.0,0.5555103,4.2412252,0
0.0,0.52343315,4.1689043,0
0.0,0.5651782,4.345723,0
0.0,0.5597442,4.358644,0
0.0,0.5815053,4.6821656,0
0.0,0.5685212,4.595959,0
0.0,0.6057622,4.4607434,0
0.0,0.58478093,4.4438043,0
0.0,0.588794,4.3873835,0
0.0,0.5645321,4.38665,0
0.0,0.58893204,4.881629,0
0.0,0.58296967,4.3456464,0
0.0,0.6096606,4.6934743,0
0.0,0.59359354,4.4157686,0
0.0,0.6477958,4.7732487,0
0.0,0.6369248,4.646802,0
0.0,0.6411524,4.4671454,0
0.0,0.6404098,4.5982847,0
0.0,0.670477,4.607365,0
0.0,0.64203376,5.0675864,0
0.0,0.61348957,5.006195,0
0.0,0.58844304,4.8828855,0
0.0,0.6170123,4.9450245,0
0.0,0.58479786,4.88109,0
0.0,0.5778172,4.925991,0
0.0,0.573734,4.9894066,0
0.0,0.6203853,5.029036,0
0.0,0.5845539,4.8567853,0
0.0,0.6110157,4.8901343,0
0.0,0.59788495,4.5877304,0
0.0,0.6719291,4.479735,0
0.0,0.61513144,3.8635306,0
0.0,0.6363903,3.885159,0
0.0,0.61287165,3.8512058,0
0.0,0.66373026,3.831703,0
0.0,0.6189268,3.7953324,0
0.0,0.6310214,3.7278407,0
0.0,0.63632387,3.520911,0
0.0,0.67549396,3.6229322,0
0.0,0.6431166,3.7060835,0
0.0,0.6545658,3.7364392,0
0.0,0.64712113,3.7090578,0
0.0,0.67434484,3.2930136,0
0.0,0.67154235,3.248455,0
0.0,0.67696035,3.0126824,0
0.0,0.6880512,3.098757,0
0.0,0.7334473,2.9393044,0
0.0,0.72001684,2.7236745,0
0.0,0.74473876,2.8357453,0
0.0,0.742059,2.762054,0
0.0,0.77127886,2.7414627,0
0.0,0.7461983,2.4909809,0
0.0,0.75217396,2.7025259,0
0.0,0.7541794,2.6697989,0
0.0,0.7739889,2.7254598,0
0.0,0.77046764,2.72369,0
0.0,0.7827737,2.6682162,0
0.0,0.78326833,2.8220415,0
0.0,0.79490834,2.9865024,0
0.0,0.7913374,2.9471526,0
0.0,0.79644483,2.982356,0
0.0,0.7895557,2.9903436,0
0.0,0.7915171,2.9248722,0
0.0,0.7846978,2.8892517,0
0.0,0.79983157,3.0713143,0
0.0,0.7797114,2.9853957,0
0.0,0.7780114,2.9026153,0
0.0,0.76960504,2.9091845,0
0.0,0.78022534,2.771219,0
0.0,0.7665944,2.7423015,0
0.0,0.7787253,2.73316,0
0.0,0.7723962,2.559196,0
0.0,0.7777098,2.5642881,0
0.0,0.77427125,2.761973,0
0.0,0.77907246,2.7246156,0
0.0,0.78153884,2.739814,0
0.0,0.78393275,2.6820073,0
0.0,0.78139144,2.6694674,0
0.0,0.7722298,2.6805148,0
0.0,0.7744326,2.6772704,0
0.0,0.7790285,2.618683,0
0.0,0.76467943,2.531817,0
0.0,0.75480944,2.5181797,0
0.0,0.7444225,2.4213471,0
0.0,0.74774384,2.2299106,0
0.0,0.72322494,2.2224503,0
0.0,0.72636074,2.1738324,0
0.0,0.71839297,2.1551836,0
0.0,0.72043395,2.20945,0
0.0,0.71285266,2.1408005,0
0.0,0.7359531,1.9444653,0
0.0,0.71507174,2.092838,0
0.0,0.7171378,2.0705686,0
0.0,0.69025403,2.1817882,0
0.0,0.70194834,2.1554525,0
0.0,0.6805591,1.9783206,0
0.0,0.6833612,1.8709466,0
0.0,0.65504664,1.9514942,0
0.0,0.6508671,1.9603758,0
0.0,0.62963885,1.985724,0
0.0,0.64861584,1.9271479,0
0.0,0.6192682,1.9759576,0
0.0,0.6289902,2.0073464,0
0.0,0.5947386,1.973278,0
0.0,0.58898705,2.119155,0
0.0,0.57779944,1.8693953,0
0.0,0.59836787,2.0642967,0
0.0,0.5788882,2.1047988,0
0.0,0.57522315,2.1393843,0
0.0,0.5710205,2.213578,0
0.0,0.5828061,2.1567242,0
0.0,0.5720849,2.2543998,0
0.0,0.5696988,2.3750114,0
0.0,0.5472045,2.4583325,0
0.0,0.5405722,2.4828186,0
0.0,0.5388027,2.3555543,0
0.0,0.55073434,2.3456793,0
0.0,0.529778,2.4325373,0
0.0,0.5288077,2.4124405,0
0.0,0.4950239,2.471962,0
0.0,0.521699,2.4805882,0
0.0,0.50523984,2.3541036,0
0.0,0.5325066,2.5578814,0
0.0,0.5047622,2.377869,0
0.0,0.51093686,2.5041394,0
0.0,0.5002218,2.3775554,0
0.0,0.5275389,2.3940275,0
0.0,0.50573856,2.515644,0
0.0,0.52578926,2.5482621,0
0.0,0.4817653,2.4458895,0
0.0,0.50178856,2.5189946,0
0.0,0.4983339,2.3413548,0
0.0,0.5057041,2.5755045,0
0.0,0.47838694,2.534376,0
0.0,0.47452068,2.48384,0
0.0,0.47005653,2.493284,0
0.0,0.4869993,2.3507063,0
0.0,0.48365983,2.4016864,0
0.0,0.49283028,2.2740006,0
0.0,0.47964513,2.191741,0
0.0,0.48269024,2.1811495,0
0.0,0.49655285,2.022872,0
0.0,0.49546987,2.1575315,0
0.0,0.5118968,2.1256223,0
0.0,0.49071866,2.0448403,0
0.0,0.4870398,1.9525177,0
0.0,0.4799275,1.9523773,0
0.0,0.49029654,1.9226682,0
0.0,0.4683302,1.98181,0
0.0,0.46344122,1.8371434,0
0.0,0.4299357,1.8657713,0
0.0,0.46474966,1.7830778,0
0.0,0.43368593,1.8033954,0
0.0,0.45298263,1.9802408,0
0.0,0.42008263,1.8752316,0
0.0,0.4297984,1.8513162,0
0.0,0.42303345,1.7783449,0
0.0,0.44295764,1.7679484,0
0.0,0.42157936,1.8098252,0
0.0,0.43527773,1.68677,0
0.0,0.39527664,1.6685922,0
0.0,0.42391723,1.6346595,0
0.0,0.40019885,1.5835991,0
0.0,0.41945547,1.7554934,0
0.0,0.38983136,1.6767883,0
0.0,0.40068874,1.6336592,0
0.0,0.38148293,1.661161,0
0.0,0.40767926,1.6556563,0
0.0,0.3778454,1.9005195,0
0.0,0.41145888,1.9454634,0
0.0,0.36588097,1.9921561,0
0.0,0.38502553,1.9529388,0
0.0,0.35948968,1.977319,0
0.0,0.3817746,2.0749521,0
0.0,0.34921727,2.1561213,0
0.0,0.3520472,2.0498421,0
0.0,0.321198,2.078412,0
0.0,0.34911257,2.0368152,0
0.0,0.30666825,2.1160824,0
0.0,0.3327204,2.0418615,0
0.0,0.29078972,2.1681733,0
0.0,0.30352908,2.1513486,0
0.0,0.2659685,2.2282906,0
0.0,0.277911,2.35367,0
0.0,0.25818217,2.48264,0
0.0,0.2579267,2.2548418,0
0.0,0.21217069,2.3597546,0
0.0,0.22716846,2.3214946,0
0.0,0.21125814,2.3291502,0
0.0,0.22454332,2.4665396,0
0.0,0.19061711,2.5263705,0
0.0,0.19709097,2.497231,0
0.0,0.18738557,2.5393229,0
0.0,0.19589737,2.5987556,0
0.0,0.17641245,2.6827626,0
0.0,0.1868695,2.4785414,0
0.0,0.1737252,2.4776626,0
0.0,0.18247081,2.4563584,0
0.0,0.16607395,2.5006266,0
0.0,0.17571858,2.5969932,0
0.0,0.17172512,2.4400415,0
0.0,0.17375584,2.2727697,0
0.0,0.15826467,2.3473558,0
0.0,0.16297211,2.3322182,0
0.0,0.15993296,2.3450465,0
0.0,0.17284091,2.2880304,0
0.0,0.1543043,2.171917,0
0.0,0.15984477,2.1740746,0
0.0,0.1550383,2.3070612,0
0.0,0.16656803,2.3791144,0
0.0,0.15414114,2.4326901,0
0.0,0.15495068,2.4636118,0
0.0,0.14901957,2.5050895,0
0.0,0.15167606,2.483632,0
0.0,0.14247406,2.513668,0
0.0,0.14490332,2.4239588,0
0.0,0.14325966,2.307073,0
0.0,0.14428449,2.3154109,0
0.0,0.1421669,2.3428936,0
0.0,0.14025074,2.3495653,0
0.0,0.14173631,2.3447778,0
0.0,0.1457469,2.2912612,0
0.0,0.14352715,2.2366238,0
0.0,0.145145,2.2436948,0
0.0,0.14225549,2.3758163,0
0.0,0.14440577,2.354608,0
0.0,0.14420667,2.329754,0
0.0,0.1432803,2.4101083,0
0.0,0.13748342,2.5133638,0
0.0,0.1344669,2.519723,0
0.0,0.13814022,2.5086856,0
0.0,0.14066803,2.456496,0
0.0,0.14041276,2.4212666,0
0.0,0.14399654,2.4138436,0
0.0,0.14421506,2.4134965,0
0.0,0.15120271,2.3948147,0
0.0,0.15116867,2.389525,0
0.0,0.15862986,2.3689,0
0.0,0.15997888,2.3468318,0
0.0,0.16947742,2.2893543,0
0.0,0.16774584,2.1730096,0
0.0,0.17817888,2.040524,0
0.0,0.1774335,2.0534987,0
0.0,0.18839777,2.0445607,0
0.0,0.1836595,1.9360223,0
0.0,0.19116847,1.917756,0
0.0,0.18970484,1.9292378,0
0.0,0.19672123,2.0516944,0
0.0,0.19666104,2.1263928,0
0.0,0.20364547,2.0780008,0
0.0,0.1970625,1.9783738,0
0.0,0.21588644,1.9348111,0
0.0,0.2130402,1.9409194,0
0.0,0.22873402,1.8796687,0
0.0,0.22038278,1.8937976,0
0.0,0.23604833,1.848985,0
0.0,0.23611599,1.7037767,0
0.0,0.2434373,1.6898758,0
0.0,0.24015065,1.7020822,0
0.0,0.25368154,1.6430147,0
0.0,0.24099623,1.5419282,0
0.0,0.2484908,1.5521984,0
0.0,0.2485939,1.5629812,0
0.0,0.2573001,1.6492915,0
0.0,0.2514443,1.6376652,0
0.0,0.2516248,1.6046584,0
0.0,0.25955102,1.5160275,0
0.0,0.27245587,1.5118926,0
0.0,0.26817867,1.5506734,0
0.0,0.2725423,1.6275218,0
0.0,0.27957952,1.5993073,0
0.0,0.28996184,1.6770179,0
0.0,0.29667687,1.6861895,0
0.0,0.29417348,1.7319854,0
0.0,0.32696518,1.6445674,0
0.0,0.31280312,1.5799662,0
0.0,0.33385915,1.4967611,0
0.0,0.32826224,1.5324559,0
0.0,0.36457056,1.5138327,0
0.0,0.3517673,1.4454641,0
0.0,0.37350687,1.353889,0
0.0,0.34903425,1.4316785,0
0.0,0.4026863,1.3746405,0
0.0,0.3788332,1.4091593,0
0.0,0.4325839,1.3572838,0
0.0,0.39928278,1.3207314,0
0.0,0.44539657,1.2455202,0
0.0,0.4223987,1.2735767,0
0.0,0.4758537,1.3145425,0
0.0,0.43418384,1.349711,0
0.0,0.4739543,1.3333945,0
0.0,0.4214921,1.2870194,0
0.0,0.4856653,1.1845186,0
0.0,0.43524367,1.1781741,0
0.0,0.48944998,1.2054843,0
0.0,0.43690914,1.0504903,0
0.0,0.48509926,1.1166427,0
0.0,0.4526548,1.1419888,0
0.0,0.48645747,1.1093799,0
0.0,0.45846924,1.1182122,0
0.0,0.490717,1.0876088,0
0.0,0.4503484,0.91733086,0
0.0,0.4803156,0.95538265,0
0.0,0.4631302,0.8732431,0
0.0,0.4850315,0.93034315,0
0.0,0.4692891,0.90598214,0
0.0,0.47865942,0.95176876,0
0.0,0.47125736,0.9261004,0
0.0,0.47582316,0.9251993,0
0.0,0.47525343,0.88528854,0
0.0,0.48926485,0.88983905,0
0.0,0.47987098,0.7990072,0
0.0,0.47873658,0.84284705,0
0.0,0.48657006,0.7787211,0
0.0,0.49879152,0.8057439,0
0.0,0.51149756,0.79945093,0
0.0,0.48311067,0.808707,0
0.0,0.49942327,0.8025873,0
0.0,0.49812174,0.83765775,0
0.0,0.5131811,0.80965155,0
0.0,0.4961252,0.8160644,0
0.0,0.50568634,0.7878214,0
0.0,0.51017,0.9268492,0
0.0,0.51932377,0.93635523,0
0.0,0.5150876,0.93384576,0
0.0,0.5255907,0.9555423,0
0.0,0.5292663,0.9574481,0
0.0,0.5325491,0.96485806,0
0.0,0.52897346,0.954064,0
0.0,0.56257755,0.9378434,0
0.0,0.5500015,1.0313605,0
0.0,0.5522377,1.0259105,0
0.0,0.5219789,1.0777864,0
0.0,0.55473757,1.0956827,0
0.0,0.54238373,1.0670252,0
0.0,0.5686007,1.0387126,0
0.0,0.539797,1.0248623,0
0.0,0.5659918,1.0590824,0
0.0,0.55991244,1.0336466,0
0.0,0.5860532,1.0663283,0
0.0,0.5758737,1.0611715,0
0.0,0.59903115,1.0682498,0
0.0,0.5694132,1.0349824,0
0.0,0.5925839,1.0719051,0
0.0,0.5758192,1.0573807,0
0.0,0.5975151,1.0724486,0
0.0,0.56013334,1.1342354,0
0.0,0.5919533,1.1462185,0
0.0,0.56318384,1.1533068,0
0.0,0.5943237,1.1386323,0
0.0,0.56396204,1.0844138,0
0.0,0.58161753,1.1208245,0
0.0,0.550401,1.0591067,0
0.0,0.5511228,1.1216024,0
0.0,0.546018,1.0038755,0
0.0,0.5715994,1.0122921,0
0.0,0.56132865,1.0117097,0
0.0,0.5602118,1.0262877,0
0.0,0.5386666,0.98906785,0
0.0,0.5677583,1.0294412,0
0.0,0.56027764,0.9312631,0
0.0,0.5765182,0.9624912,0
0.0,0.540387,0.8436476,0
0.0,0.5626704,0.9543999,0
0.0,0.5410694,0.88980937,0
0.0,0.5627549,0.9612301,0
0.0,0.54924977,0.93685514,0
0.0,0.5730275,0.95317525,0
0.0,0.56656736,0.9351426,0
0.0,0.57458436,0.98119205,0
0.0,0.5775129,0.9577463,0
0.0,0.59433776,1.0421349,0
0.0,0.57220155,1.0300632,0
0.0,0.5745941,1.1233461,0
0.0,0.5602187,1.1295226,0
0.0,0.59346455,1.1202264,0
0.0,0.57285094,1.0466602,0
0.0,0.5924772,1.0589302,0
0.0,0.5613588,0.9914048,0
0.0,0.5938259,1.0788715,0
0.0,0.57837677,1.0464984,0
0.0,0.59938306,1.0509841,0
0.0,0.5854558,1.0441213,0
0.0,0.5866028,1.0143023,0
0.0,0.5695077,0.9690126,0
0.0,0.5812567,0.9030657,0
0.0,0.5603684,0.8402275,0
0.0,0.5464308,0.84223914,0
0.0,0.5281996,0.83708876,0
0.0,0.53568953,0.8194612,0
0.0,0.5136947,0.7854503,0
0.0,0.51950324,0.7593153,0
0.0,0.48632386,0.77558136,0
0.0,0.48217085,0.7443741,0
0.0,0.45919946,0.7424183,0
0.0,0.45854884,0.66577876,0
0.0,0.4376673,0.6581112,0
0.0,0.43397072,0.5778667,0
0.0,0.40803996,0.56383157,0
0.0,0.391125,0.5646615,0
0.0,0.3815699,0.5258753,0
0.0,0.37716866,0.46970347,0
0.0,0.3822884,0.45511,0
0.0,0.36447662,0.33523136,0
0.0,0.35825726,0.33484244,0
0.0,0.35005704,0.26757553,0
0.0,0.37831292,0.27748471,0
0.0,0.36271045,0.27791196,0
0.0,0.34931087,0.2860428,0
0.0,0.32873994,0.26913366,0
0.0,0.34554657,0.23457055,0
0.0,0.34344804,0.1877253,0
0.0,0.33231223,0.16571221,0
0.0,0.31123477,0.17382373,0
0.0,0.33435738,0.1834282,0
0.0,0.32154357,0.20552175,0
0.0,0.33300656,0.22555092,0
0.0,0.32413328,0.23010087,0
0.0,0.35778916,0.28420544,0
0.0,0.3441639,0.29148024,0
0.0,0.36554483,0.30254424,0
0.0,0.36305943,0.31698233,0
0.0,0.39337164,0.32568383,0
0.0,0.39514083,0.33481985,0
0.0,0.40117508,0.31747657,0
0.0,0.43985415,0.36075342,0
0.0,0.44395444,0.35695273,0
0.0,0.44264823,0.35431853,0
0.0,0.41764662,0.34873757,0
0.0,0.42779428,0.36656514,0
0.0,0.4106378,0.35908574,0
0.0,0.42456594,0.38137978,0
0.0,0.41465974,0.37646788,0
0.0,0.44236258,0.38773683,0
0.0,0.41747382,0.38958007,0
0.0,0.44751042,0.406874,0
0.0,0.420494,0.40354633,0
0.0,0.4429214,0.42516756,0
0.0,0.41578415,0.430385,0
0.0,0.45830983,0.44597673,0
0.0,0.4120194,0.4691547,0
0.0,0.45075035,0.49702656,0
0.0,0.41988555,0.49307483,0
0.0,0.44020572,0.50525165,0
0.0,0.43730134,0.50843346,0
0.0,0.46463466,0.49343467,0
0.0,0.451955,0.5059111,0
0.0,0.41391307,0.48949885,0
0.0,0.4216443,0.49868292,0
0.0,0.37743175,0.48278886,0
0.0,0.39698285,0.48185283,0
0.0,0.35991734,0.50647134,0
0.0,0.40034473,0.49207145,0
0.0,0.3729979,0.48958158,0
0.0,0.41685474,0.47372192,0
0.0,0.38454264,0.46881366,0
0.0,0.41969883,0.47193307,0
0.0,0.39307943,0.44629812,0
0.0,0.41796747,0.475496,0
0.0,0.37772998,0.46975636,0
0.0,0.40345502,0.46843195,0
0.0,0.39128423,0.4738543,0
0.0,0.40915784,0.48463768,0
0.0,0.37853065,0.49115512,0
0.0,0.40940738,0.5172882,0
0.0,0.39409208,0.52227736,0
0.0,0.39454702,0.537025,0
0.0,0.36818072,0.5234901,0
0.0,0.3504277,0.52955616,0
0.0,0.36526957,0.50381273,0
0.0,0.35527107,0.49520728,0
0.0,0.36706743,0.51727223,0
0.0,0.35337552,0.47554144,0
0.0,0.35986936,0.45180216,0
0.0,0.34879437,0.4553808,0
0.0,0.35656372,0.4482563,0
0.0,0.34943044,0.44862068,0
0.0,0.35929954,0.43589503,0
0.0,0.35755867,0.42486966,0
0.0,0.3788067,0.46940663,0
0.0,0.35399497,0.45068553,0
0.0,0.3867446,0.4687807,0
0.0,0.3752472,0.42397392,0
0.0,0.37169948,0.40233535,0
0.0,0.35088062,0.44029617,0
0.0,0.38400877,0.43349135,0
0.0,0.36140817,0.5035814,0
0.0,0.37592518,0.52825147,0
0.0,0.34651676,0.52360207,0
0.0,0.38286775,0.53942645,0
0.0,0.37487057,0.51810986,0
0.0,0.3984298,0.519014,0
0.0,0.3828249,0.53444755,0
0.0,0.4014538,0.51589453,0
0.0,0.39670068,0.50173926,0
0.0,0.41872847,0.47090477,0
0.0,0.40302643,0.44607267,0
0.0,0.4266178,0.4358888,0
0.0,0.42567044,0.4546779,0
0.0,0.48302042,0.5784553,0
0.0,0.4701954,0.57638645,0
0.0,0.48927027,0.587025,0
0.0,0.4968162,0.5821329,0
0.0,0.542845,0.580038,0
0.0,0.4872259,0.553369,0
0.0,0.5311734,0.5601903,0
0.0,0.57459694,0.60095406,0
0.0,0.589028,0.60758424,0
0.0,0.55392,0.60259384,0
0.0,0.5164654,0.6211134,0
0.0,0.522357,0.596623,0
0.0,0.5143308,0.54754734,0
0.0,0.49265233,0.54313093,0
0.0,0.46681944,0.5167445,0
0.0,0.47200072,0.5217382,0
0.0,0.4899081,0.52750504,0
0.0,0.47788522,0.49369097,0
0.0,0.4727863,0.4992824,0
0.0,0.5096678,0.450932,0
0.0,0.53594,0.4593968,0
0.0,0.5089289,0.46474868,0
0.0,0.4780569,0.42542127,0
0.0,0.49067733,0.4170524,0
0.0,0.4498275,0.41221702,0
0.0,0.42174774,0.39331353,0
0.0,0.4335132,0.40329328,0
0.0,0.456113,0.40839672,0
0.0,0.4124598,0.4067355,0
0.0,0.42097148,0.43483287,0
0.0,0.36449933,0.4332136,0
0.0,0.33896467,0.39937973,0
0.0,0.33074427,0.30217698,0
0.0,0.33782533,0.29808384,0
0.0,0.3372789,0.28849226,0
0.0,0.36472195,0.28394315,0
0.0,0.410615,0.29852176,0
0.0,0.4284295,0.30106586,0
0.0,0.46468958,0.31344268,0
0.0,0.5016046,0.29464382,0
0.0,0.5112887,0.29681408,0
0.0,0.48172268,0.28542596,0
0.0,0.51406133,0.26927468,0
0.0,0.57381797,0.28007913,0
0.0,0.57135695,0.26674095,0
0.0,0.5125092,0.2616341,0
0.0,0.52440965,0.26594207,0
0.0,0.58383316,0.28705874,0
0.0,0.57091236,0.2652874,0
0.0,0.5257092,0.24236897,0
0.0,0.5204892,0.23545614,0
0.0,0.523355,0.23721644,0
0.0,0.50778955,0.22271803,0
0.0,0.44399372,0.2047276,0
0.0,0.48171404,0.20603843,0
0.0,0.5239286,0.21020256,0
0.0,0.5304641,0.20872782,0
0.0,0.47460988,0.21043213,0
0.0,0.45967555,0.21692276,0
0.0,0.46389985,0.21421026,0
0.0,0.41371036,0.2248643,0
0.0,0.368866,0.20969436,0
0.0,0.3363597,0.21647684,0
0.0,0.32472703,0.21972005,0
0.0,0.29522628,0.22743452,0
0.0,0.2793232,0.23032603,0
0.0,0.27071434,0.27906108,0
0.0,0.26484144,0.34652033,0
0.0,0.25642338,0.3435692,0
0.0,0.25555342,0.34306526,0
0.0,0.25896654,0.33481058,0
0.0,0.24918216,0.34040117,0
0.0,0.25024226,0.36614186,0
0.0,0.2441112,0.37010962,0
0.0,0.2532227,0.3612446,0
0.0,0.25202242,0.37169576,0
0.0,0.25155786,0.3755515,0
0.0,0.25605145,0.3764159,0
0.0,0.25990906,0.3747696,0
0.0,0.26117787,0.3705526,0
0.0,0.26033583,0.35302225,0
0.0,0.26137146,0.35642225,0
0.0,0.26192066,0.39300022,0
0.0,0.26386374,0.38791835,0
0.0,0.26197267,0.39123496,0
0.0,0.2601728,0.393947,0
0.0,0.258331,0.44038546,0
0.0,0.25586408,0.5165213,0
0.0,0.2516556,0.5269724,0
0.0,0.24935389,0.5148188,0
0.0,0.24952514,0.51020235,0
0.0,0.24980423,0.52878845,0
0.0,0.25039488,0.580808,0
0.0,0.24538371,0.599256,0
0.0,0.24227127,0.5992592,0
0.0,0.24806947,0.59249806,0
0.0,0.2444006,0.6063359,0
0.0,0.2518786,0.6149275,0
0.0,0.2545931,0.59475005,0
0.0,0.2624213,0.5299617,0
0.0,0.25778395,0.53184515,0
0.0,0.2539734,0.5744323,0
0.0,0.25216302,0.65936726,0
0.0,0.25637713,0.6523676,0
0.0,0.24427184,0.64284706,0
0.0,0.24413681,0.64655244,0
0.0,0.23916377,0.67423135,0
0.0,0.24475484,0.7531334,0
0.0,0.23322454,0.8672384,0
0.0,0.23415211,0.841877,0
0.0,0.23142971,0.85330606,0
0.0,0.24026819,0.87559474,0
0.0,0.23202804,0.9574187,0
0.0,0.23840056,0.9771271,0
0.0,0.22537407,0.9735064,0
0.0,0.24264516,0.94449234,0
0.0,0.23482284,0.9527355,0
0.0,0.24982001,1.0260103,0
0.0,0.24315657,1.1121995,0
0.0,0.25811937,1.0350826,0
0.0,0.24631737,1.0398192,0
0.0,0.2648107,1.0129228,0
0.0,0.25132707,1.0477723,0
0.0,0.27354673,1.028559,0
0.0,0.25587755,1.012917,0
0.0,0.26710802,0.9724706,0
0.0,0.25478005,0.99230033,0
0.0,0.27063024,1.0482758,0
0.0,0.25806466,1.1142097,0
0.0,0.26487127,1.1220059,0
0.0,0.25179708,1.1476667,0
0.0,0.26401708,1.1282206,0
0.0,0.2509806,1.1885161,0
0.0,0.26008055,1.1732478,0
0.0,0.23939307,1.1448452,0
0.0,0.24657251,1.1225241,0
0.0,0.24275124,1.1251308,0
0.0,0.25798228,1.1205525,0
0.0,0.23408642,1.1926898,0
0.0,0.24575128,1.1532787,0
0.0,0.22481379,1.0819852,0
0.0,0.2290629,1.0709151,0
0.0,0.20964524,1.1345266,0
0.0,0.21611474,1.1643103,0
0.0,0.20663594,1.1587588,0
0.0,0.2002246,1.1716518,0
0.0,0.19472715,1.1836452,0
0.0,0.19769713,1.1856515,0
0.0,0.20210446,1.2145544,0
0.0,0.20171909,1.1864177,0
0.0,0.19685453,1.0958793,0
0.0,0.20353988,1.0739267,0
0.0,0.20490853,1.083065,0
0.0,0.20790741,1.1133025,0
0.0,0.20656838,1.1402801,0
0.0,0.21598029,1.121433,0
0.0,0.22344977,1.0874541,0
0.0,0.22184733,1.0879111,0
0.0,0.21881372,1.1516017,0
0.0,0.22273792,1.1210761,0
0.0,0.22242247,1.0740764,0
0.0,0.21055704,1.0918305,0
0.0,0.21220873,1.0707657,0
0.0,0.20688841,1.1037135,0
0.0,0.21405609,1.1255517,0
0.0,0.1994013,1.1455715,0
0.0,0.20520891,1.1054554,0
0.0,0.20387587,1.1045096,0
0.0,0.22209279,1.0927268,0
0.0,0.21286358,1.1589606,0
0.0,0.22631256,1.1354034,0
0.0,0.22399683,1.1235505,0
0.0,0.23298326,1.133862,0
0.0,0.22375268,1.1645756,0
0.0,0.24925858,1.1178324,0
0.0,0.22564434,1.1154177,0
0.0,0.2640998,0.98691326,0
0.0,0.24364224,1.0031066,0
0.0,0.26723737,0.95616853,0
0.0,0.24183244,1.0020847,0
0.0,0.27890834,0.93955994,0
0.0,0.24456115,0.97927636,0
0.0,0.2609265,0.9428635,0
0.0,0.24997243,0.9872758,0
0.0,0.30540097,0.9197271,0
0.0,0.2788996,0.94974464,0
0.0,0.29684925,0.8834185,0
0.0,0.2941828,0.8901144,0
0.0,0.3338635,0.8568176,0
0.0,0.29878515,0.9453796,0
0.0,0.31791306,0.8996366,0
0.0,0.30691624,0.88786423,0
0.0,0.3416028,0.82957804,0
0.0,0.32035086,0.8491854,0
0.0,0.34194604,0.83015305,0
0.0,0.33949032,0.8468157,0
0.0,0.38471296,0.7169432,0
0.0,0.3428464,0.7867115,0
0.0,0.32390937,0.82404137,0
0.0,0.3415756,0.79575956,0
0.0,0.33790892,0.8235309,0
0.0,0.31867573,0.80637145,0
0.0,0.2978242,0.81216216,0
0.0,0.3151163,0.7534222,0
0.0,0.3066119,0.75107896,0
0.0,0.3037346,0.76339376,0
0.0,0.29702652,0.7409897,0
0.0,0.29408398,0.83872575,0
0.0,0.27169695,1.0093036,0
0.0,0.24825183,1.043239,0
0.0,0.2432267,1.0709879,0
0.0,0.23493463,1.090349,0
0.0,0.22920756,1.0716054,0
0.0,0.22461821,1.0991766,0
0.0,0.22138193,1.1025409,0
0.0,0.21599628,1.0925223,0
0.0,0.21526998,1.0717647,0
0.0,0.20173,1.083966,0
0.0,0.2030519,1.0929294,0
0.0,0.19736986,1.1059434,0
0.0,0.203053,1.0467577,0
0.0,0.19391546,1.0391161,0
0.0,0.19501135,1.0191886,0
0.0,0.193134,1.0083206,0
0.0,0.19999593,1.0029992,0
0.0,0.19882031,1.0213947,0
0.0,0.20570841,0.99209857,0
0.0,0.20728175,0.95908624,0
0.0,0.22034657,0.957593,0
0.0,0.22060473,0.97852,0
0.0,0.22491573,0.9690637,0
0.0,0.2283596,0.9670521,0
0.0,0.24546865,0.9125854,0
0.0,0.24793787,0.90371835,0
0.0,0.24178772,0.9291921,0
0.0,0.25145876,0.9008658,0
0.0,0.26137325,0.86604595,0
0.0,0.2608988,0.85315,0
0.0,0.26511627,0.86927557,0
0.0,0.28062996,0.7643425,0
0.0,0.30117053,0.60132384,0
0.0,0.30055854,0.5946682,0
0.0,0.29477435,0.58414555,0
0.0,0.30206928,0.5626942,0
0.0,0.30299622,0.57765436,0
0.0,0.30028942,0.55769145,0
0.0,0.28796872,0.5532665,0
0.0,0.28354663,0.5939965,0
0.0,0.27972487,0.6405239,0
0.0,0.2740859,0.6445552,0
0.0,0.26613036,0.6536964,0
0.0,0.2611069,0.64993745,0
0.0,0.252696,0.6696894,0
0.0,0.24531904,0.6840956,0
0.0,0.23636098,0.6842911,0
0.0,0.23134953,0.6824446,0
0.0,0.22690547,0.6688185,0
0.0,0.22638983,0.67265224,0
0.0,0.22809148,0.6909027,0
0.0,0.22258236,0.6943181,0
0.0,0.22310527,0.6777446,0
0.0,0.22521755,0.61858356,0
0.0,0.22314489,0.61232007,0
0.0,0.2236479,0.61203635,0
0.0,0.22706054,0.60705405,0
0.0,0.22923918,0.6257545,0
0.0,0.2360092,0.586767,0
0.0,0.2315387,0.59134734,0
0.0,0.23734275,0.5914693,0
0.0,0.24642281,0.5788267,0
0.0,0.2599565,0.5890274,0
0.0,0.25267452,0.57865953,0
0.0,0.24537398,0.5907477,0
0.0,0.25154012,0.61798894,0
0.0,0.26341817,0.5990995,0
0.0,0.25497192,0.6104958,0
0.0,0.25587386,0.5911994,0
0.0,0.2744983,0.53408396,0
0.0,0.28750455,0.52702147,0
0.0,0.28444558,0.49830562,0
0.0,0.2801355,0.43987694,0
0.0,0.28080994,0.44888875,0
0.0,0.29462916,0.4240514,0
0.0,0.29799998,0.39856872,0
0.0,0.29846293,0.4076017,0
0.0,0.30769107,0.3922278,0
0.0,0.32050326,0.38535717,0
0.0,0.31129006,0.4027068,0
0.0,0.30400038,0.41339815,0
0.0,0.30892983,0.40084898,0
0.0,0.2958302,0.41018414,0
0.0,0.28960735,0.41282675,0
0.0,0.2701812,0.44139427,0
0.0,0.26954848,0.442294,0
0.0,0.25004604,0.46463495,0
0.0,0.2558504,0.4841395,0
0.0,0.25402683,0.47206098,0
0.0,0.2592291,0.43268526,0
0.0,0.24682747,0.44486973,0
0.0,0.25928518,0.412822,0
0.0,0.26172626,0.4032734,0
0.0,0.26589257,0.39545333,0
0.0,0.26439586,0.34740078,0
0.0,0.2719784,0.32359496,0
0.0,0.29394615,0.3154394,0
0.0,0.30178812,0.29850715,0
0.0,0.3094747,0.2828685,0
0.0,0.3254711,0.2710209,0
0.0,0.33504736,0.27507704,0
0.0,0.34383944,0.27389023,0
0.0,0.31041995,0.30989665,0
0.0,0.315822,0.29945397,0
0.0,0.32537216,0.29011565,0
0.0,0.33772054,0.2719594,0
0.0,0.3419669,0.2698712,0
0.0,0.39926162,0.2321082,0
0.0,0.42716572,0.20782077,0
0.0,0.4430737,0.19734386,0
0.0,0.42945668,0.19670814,0
0.0,0.448826,0.18752973,0
0.0,0.468679,0.17474413,0
0.0,0.46218675,0.16343883,0
0.0,0.4695451,0.13737467,0
0.0,0.4839498,0.14362454,0
0.0,0.5332561,0.12643619,0
0.0,0.4907482,0.13948669,0
0.0,0.4762688,0.14180964,0
0.0,0.49709517,0.118414305,0
0.0,0.48641884,0.121969566,0
0.0,0.44172844,0.13179988,0
0.0,0.3927275,0.14489762,0
0.0,0.37847224,0.14971069,0
0.0,0.40643507,0.1410591,0
0.0,0.36623383,0.15893085,0
0.0,0.40530142,0.1473277,0
0.0,0.40212148,0.15298133,0
0.0,0.42341542,0.13688438,0
0.0,0.38064113,0.12926674,0
0.0,0.39338908,0.12651703,0
0.0,0.36384973,0.13710622,0
0.0,0.36821818,0.12077896,0
0.0,0.33902484,0.12754348,0
0.0,0.35574293,0.10841773,0
0.0,0.34741306,0.10294482,0
0.0,0.3615388,0.101843715,0
0.0,0.34675983,0.10561302,0
0.0,0.37751323,0.0991679,0
0.0,0.37516683,0.097564176,0
0.0,0.38630888,0.090856895,0
0.0,0.3996444,0.09459427,0
0.0,0.42092815,0.085595906,0
0.0,0.43013966,0.08993958,0
0.0,0.45571023,0.090003625,0
0.0,0.46383628,0.09039107,0
0.0,0.4854488,0.09136425,0
0.0,0.4634251,0.07725022,0
0.0,0.4687342,0.07612173,0
0.0,0.4737055,0.09792343,0
0.0,0.47445825,0.10231125,0
0.0,0.46285602,0.105811104,0
0.0,0.4844539,0.11492551,0
0.0,0.47853753,0.13881308,0
0.0,0.47916612,0.13623852,0
0.0,0.4661327,0.13299614,0
0.0,0.4935891,0.14308952,0
0.0,0.5079549,0.17765622,0
0.0,0.5076572,0.17565861,0
0.0,0.49428037,0.16962607,0
0.0,0.5256314,0.17808723,0
0.0,0.513441,0.1745409,0
0.0,0.48697332,0.17472011,0
0.0,0.48775172,0.19163346,0
0.0,0.5585125,0.22449547,0
0.0,0.5268541,0.19742736,0
0.0,0.5297267,0.19919233,0
0.0,0.5160757,0.19481078,0
0.0,0.48697376,0.20275688,0
0.0,0.4626023,0.20936176,0
0.0,0.49746317,0.21913156,0
0.0,0.48468578,0.21564707,0
0.0,0.4816588,0.22675617,0
0.0,0.46198994,0.2206248,0
0.0,0.52420634,0.25564033,0
0.0,0.5026146,0.23880315,0
0.0,0.5228932,0.25196046,0
0.0,0.5058272,0.24811953,0
0.0,0.5594117,0.27631646,0
0.0,0.55387914,0.27476364,0
0.0,0.58773935,0.28573358,0
0.0,0.5369067,0.23103088,0
0.0,0.6061743,0.25813836,0
0.0,0.5746678,0.24081306,0
0.0,0.610436,0.26272768,0
0.0,0.5399367,0.21951713,0
0.0,0.6581331,0.27386084,0
0.0,0.6144446,0.24828228,0
0.0,0.62734497,0.2598239,0
0.0,0.5276898,0.20031168,0
0.0,0.59086084,0.235807,0
0.0,0.54164225,0.21246156,0
0.0,0.6182697,0.26199228,0
0.0,0.5200515,0.20562148,0
0.0,0.59899,0.23815426,0
0.0,0.6000596,0.21520457,0
0.0,0.7079045,0.27592766,0
0.0,0.687345,0.2625232,0
0.0,0.74670875,0.31278318,0
0.0,0.73789865,0.3168667,0
0.0,0.81020045,0.36284053,0
0.0,0.77501833,0.29556772,0
0.0,0.753304,0.27749372,0
0.0,0.7174297,0.25765088,0
0.0,0.74384004,0.26178783,0
0.0,0.7332791,0.2552405,0
0.0,0.71004856,0.22521566,0
0.0,0.70211476,0.20902029,0
0.0,0.74357146,0.24750239,0
0.0,0.7482269,0.26440084,0
0.0,0.7032306,0.25024474,0
0.0,0.695738,0.25386897,0
0.0,0.73582196,0.285604,0
0.0,0.76459485,0.3176601,0
0.0,0.71488255,0.27697966,0
0.0,0.7197445,0.2856172,0
0.0,0.75555146,0.3008988,0
0.0,0.78490996,0.30091706,0
0.0,0.70868707,0.24800187,0
0.0,0.6939888,0.24682984,0
0.0,0.69047856,0.23971945,0
0.0,0.6624866,0.20061888,0
0.0,0.5554896,0.13258451,0
0.0,0.58260256,0.14044914,0
0.0,0.53394175,0.11469777,0
0.0,0.5553543,0.12405728,0
0.0,0.5224969,0.13312772,0
0.0,0.5528321,0.14710465,0
0.0,0.5122843,0.12513264,0
0.0,0.538641,0.14411126,0
0.0,0.49561775,0.12921812,0
0.0,0.5386265,0.16724743,0
0.0,0.4901097,0.13730544,0
0.0,0.5313809,0.1550466,0
0.0,0.48797598,0.13644025,0
0.0,0.5215278,0.14998151,0
0.0,0.4671434,0.13190684,0
0.0,0.4943284,0.14116225,0
0.0,0.48137298,0.13479897,0
0.0,0.49442324,0.14202936,0
0.0,0.42298102,0.11550402,0
0.0,0.45467,0.12332091,0
0.0,0.4622225,0.1145517,0
0.0,0.48406398,0.116922185,0
0.0,0.43042842,0.1081986,0
0.0,0.50716066,0.1413768,0
0.0,0.5083346,0.147223,0
0.0,0.57431394,0.20266739,0
0.0,0.55332243,0.19463906,0
0.0,0.63888097,0.27447817,0
0.0,0.65470517,0.28650615,0
0.0,0.6818346,0.3271961,0
0.0,0.63795424,0.28837892,0
0.0,0.73680264,0.38015285,0
0.0,0.7645787,0.41357976,0
0.0,0.8012019,0.44978786,0
0.0,0.768262,0.40996355,0
0.0,0.8425912,0.50878215,0
0.0,0.84670764,0.50144196,0
0.0,0.8816444,0.57878083,0
0.0,0.8691061,0.57380277,0
0.0,0.898494,0.6070963,0
0.0,0.90293777,0.5961503,0
0.0,0.92444736,0.5956968,0
0.0,0.89534795,0.5853598,0
0.0,0.9088454,0.6119396,0
0.0,0.9053993,0.6095382,0
0.0,0.92526716,0.64288265,0
0.0,0.90235424,0.590732,0
0.0,0.8976904,0.6212936,0
0.0,0.9016884,0.65097183,0
0.0,0.90803015,0.6734573,0
0.0,0.8755098,0.6361624,0
0.0,0.8648515,0.62652874,0
0.0,0.86424905,0.65662193,0
0.0,0.8833696,0.6944188,0
0.0,0.8677615,0.6643559,0
0.0,0.8450802,0.63916194,0
0.0,0.84050095,0.61482346,0
0.0,0.8570913,0.6391727,0
0.0,0.8257041,0.5922195,0
0.0,0.7967808,0.52659684,0
0.0,0.80096763,0.53902733,0
0.0,0.81336963,0.5438457,0
0.0,0.7373874,0.45887238,0
0.0,0.746268,0.50265265,0
0.0,0.731765,0.5016985,0
0.0,0.74289197,0.5232545,0
0.0,0.7369125,0.52441,0
0.0,0.75133055,0.5837199,0
0.0,0.7408091,0.56662416,0
0.0,0.75694877,0.5677037,0
0.0,0.7510763,0.581591,0
0.0,0.78328115,0.6365294,0
0.0,0.78448004,0.65768576,0
0.0,0.805692,0.7240567,0
0.0,0.79318374,0.683805,0
0.0,0.82520694,0.72892606,0
0.0,0.8192345,0.71204674,0
0.0,0.83375275,0.7615355,0
0.0,0.8216019,0.7687906,0
0.0,0.855501,0.7969781,0
0.0,0.84743744,0.77479875,0
0.0,0.85519344,0.7871869,0
0.0,0.85031575,0.8174457,0
0.0,0.8743118,0.93743515,0
0.0,0.8686127,0.91430855,0
0.0,0.88601685,0.9368229,0
0.0,0.885279,0.92292696,0
0.0,0.8965642,0.9764596,0
0.0,0.884129,0.9973641,0
0.0,0.91288877,1.028101,0
0.0,0.90122485,1.0032656,0
0.0,0.91462356,1.0558,0
0.0,0.91064125,1.0603938,0
0.0,0.92486125,1.1117592,0
0.0,0.90143603,1.0382315,0
0.0,0.9232973,1.0445244,0
0.0,0.9122208,1.0275139,0
0.0,0.92396224,1.0393878,0
0.0,0.9039685,1.0154788,0
0.0,0.92223233,1.0268573,0
0.0,0.9052725,0.9617522,0
0.0,0.9097419,0.96105343,0
0.0,0.87347484,0.8968133,0
0.0,0.89495355,0.9746537,0
0.0,0.86766815,0.90927887,0
0.0,0.88010037,0.88198775,0
0.0,0.83205485,0.8104008,0
0.0,0.8485462,0.8667377,0
0.0,0.8232018,0.8604709,0
0.0,0.8349327,0.87012833,0
0.0,0.775586,0.73769045,0
0.0,0.8159663,0.79213774,0
0.0,0.78831375,0.753245,0
0.0,0.7711416,0.7250458,0
0.0,0.72331226,0.626018,0
0.0,0.77174944,0.61157596,0
0.0,0.74201006,0.5410055,0
0.0,0.705505,0.49503765,0
0.0,0.6894639,0.48010686,0
0.0,0.68778837,0.45800978,0
0.0,0.6939574,0.43264085,0
0.0,0.6245932,0.35683644,0
0.0,0.6219089,0.35518616,0
0.0,0.59337664,0.31983727,0
0.0,0.6326909,0.34487903,0
0.0,0.57848114,0.27473336,0
0.0,0.5897026,0.28781158,0
0.0,0.5707651,0.27448627,0
0.0,0.5947697,0.2978385,0
0.0,0.54186136,0.25873807,0
0.0,0.56899256,0.2647795,0
0.0,0.5738041,0.25121683,0
0.0,0.57498914,0.25500482,0
0.0,0.52678746,0.22825384,0
0.0,0.53091025,0.22755378,0
0.0,0.4833593,0.17125013,0
0.0,0.5008966,0.18631867,0
0.0,0.44826716,0.16732293,0
0.0,0.40357047,0.14877596,0
0.0,0.38873,0.13543695,0
0.0,0.39105046,0.121319376,0
0.0,0.3959521,0.13037717,0
0.0,0.3771759,0.13771537,0
0.0,0.37876868,0.13934863,0
0.0,0.3712146,0.13756043,0
0.0,0.3949823,0.13313088,0
0.0,0.40300125,0.1350028,0
0.0,0.44028828,0.13355327,0
0.0,0.45824262,0.13448155,0
0.0,0.4565814,0.1326398,0
0.0,0.48983634,0.1303789,0
0.0,0.49907035,0.118970305,0
0.0,0.5353776,0.124563456,0
0.0,0.4765189,0.12059125,0
0.0,0.51166123,0.11715193,0
0.0,0.5094756,0.12065628,0
0.0,0.5610599,0.12665148,0
0.0,0.49810836,0.15607753,0
0.0,0.5456185,0.14832121,0
0.0,0.5510972,0.14989093,0
0.0,0.61887753,0.1265173,0
0.0,0.5626641,0.13079584,0
0.0,0.61339515,0.14365837,0
0.0,0.56397414,0.14892122,0
0.0,0.56072986,0.14787225,0
0.0,0.48990786,0.17053747,0
0.0,0.5298897,0.13963619,0
0.0,0.49216086,0.15300998,0
0.0,0.5042887,0.1427122,0
0.0,0.43642345,0.1723433,0
0.0,0.45887282,0.16314757,0
0.0,0.42422584,0.18140325,0
0.0,0.45465857,0.16355011,0
0.0,0.41914704,0.1672485,0
0.0,0.45211136,0.14717412,0
0.0,0.4085606,0.16415054,0
0.0,0.39584082,0.17222872,0
0.0,0.4021484,0.18526444,0
0.0,0.48956555,0.15925735,0
0.0,0.44019824,0.18048641,0
0.0,0.44502088,0.17867164,0
0.0,0.45287573,0.18143415,0
0.0,0.53466207,0.1484504,0
0.0,0.48066083,0.16864029,0
0.0,0.46618792,0.18409446,0
0.0,0.5012769,0.17207225,0
0.0,0.621761,0.14444387,0
0.0,0.5713624,0.14971149,0
0.0,0.6039284,0.13562848,0
0.0,0.5991958,0.115279,0
0.0,0.6419457,0.15765849,0
0.0,0.5517477,0.15202358,0
0.0,0.56466377,0.15970671,0
0.0,0.5580028,0.16123903,0
0.0,0.6288716,0.14746791,0
0.0,0.53401864,0.1378325,0
0.0,0.5062046,0.16025615,0
0.0,0.5164869,0.15465441,0
0.0,0.5517019,0.22073439,0
0.0,0.48689044,0.25110087,0
0.0,0.48828596,0.24809866,0
0.0,0.4825129,0.25044858,0
0.0,0.42617142,0.2680939,0
0.0,0.37580433,0.28933012,0
0.0,0.3655363,0.29548526,0
0.0,0.37812135,0.2911783,0
0.0,0.37371078,0.29760414,0
0.0,0.3544174,0.31492764,0
0.0,0.36111072,0.30809405,0
0.0,0.341389,0.29986018,0
0.0,0.3127466,0.29596308,0
0.0,0.32486448,0.2931803,0
0.0,0.33898205,0.3638091,0
0.0,0.40613484,0.34585467,0
0.0,0.39216763,0.34410477,0
0.0,0.45020416,0.33971077,0
0.0,0.46194407,0.34347904,0
0.0,0.45681503,0.35015908,0
0.0,0.398638,0.37257534,0
0.0,0.46795145,0.3696589,0
0.0,0.45615533,0.3642468,0
0.0,0.4851419,0.3796947,0
0.0,0.43680164,0.43089288,0
0.0,0.5036714,0.45827112,0
0.0,0.51044726,0.486044,0
0.0,0.56945854,0.5100546,0
0.0,0.52180773,0.48809147,0
0.0,0.6278118,0.66333514,0
0.0,0.6141745,0.63238645,0
0.0,0.5710026,0.6172221,0
0.0,0.5067543,0.5377304,0
0.0,0.55661863,0.5975692,0
0.0,0.56336594,0.7377583,0
0.0,0.5868209,0.7655739,0
0.0,0.57931656,0.76974905,0
0.0,0.6034792,0.90691423,0
0.0,0.6075443,0.95982134,0
0.0,0.612446,0.97373813,0
0.0,0.6394108,1.0126938,0
0.0,0.6524506,1.0403867,0
0.0,0.6480104,1.2062733,0
0.0,0.663797,1.3547614,0
0.0,0.6862935,1.4020702,0
0.0,0.6867906,1.3943794,0
0.0,0.68036145,1.3351603,0
0.0,0.6901664,1.3589439,0
0.0,0.7196929,1.5334843,0
0.0,0.7468561,1.8151561,0
0.0,0.7519499,1.8275721,0
0.0,0.7798387,1.9230913,0
0.0,0.7903355,1.9907875,0
0.0,0.7942461,2.0669355,0
0.0,0.80075365,2.281797,0
0.0,0.8201808,2.3543096,0
0.0,0.84484434,2.318328,0
0.0,0.84079915,2.4239151,0
0.0,0.8551804,2.5762873,0
0.0,0.8745719,2.6911995,0
0.0,0.91203403,2.8368676,0
0.0,0.922193,2.8280044,0
0.0,0.92129695,2.905919,0
0.0,0.9316246,2.936949,0
0.0,0.9379528,3.0452042,0
0.0,0.9383979,3.1297684,0
0.0,0.94336796,2.9768755,0
0.0,0.9496699,3.0436172,0
0.0,0.94999146,3.1516054,0
0.0,0.94962496,3.1928785,0
0.0,0.9598559,3.3949366,0
0.0,0.968543,3.4366288,0
0.0,0.9696088,3.4509346,0
0.0,0.969411,3.499063,0
0.0,0.968557,3.37081,0
0.0,0.96831053,3.3696966,0
0.0,0.9727797,3.5514176,0
0.0,0.97210175,3.5709984,0
0.0,0.97396696,3.4993923,0
0.0,0.97383446,3.4921331,0
0.0,0.9743832,3.38065,0
0.0,0.97394234,3.1955636,0
0.0,0.9760591,3.207232,0
0.0,0.9760602,3.1711447,0
0.0,0.97618514,3.2021728,0
0.0,0.9745049,3.2561502,0
0.0,0.9754769,3.160685,0
0.0,0.973357,3.1268759,0
0.0,0.97348344,3.1059918,0
0.0,0.9724237,2.9897134,0
0.0,0.9751736,2.8739786,0
0.0,0.97435725,2.837934,0
0.0,0.9766526,2.8576856,0
0.0,0.9762768,2.792437,0
0.0,0.9757943,2.7230988,0
0.0,0.97281635,2.723649,0
0.0,0.97317106,2.6170883,0
0.0,0.9684363,2.4549546,0
0.0,0.9696193,2.4602947,0
0.0,0.9666341,2.3976798,0
0.0,0.9650715,2.2598372,0
0.0,0.9579296,2.099459,0
0.0,0.9603181,1.8898649,0
0.0,0.9547046,1.8281898,0
0.0,0.95452684,1.8363106,0
0.0,0.9394806,1.7766294,0
0.0,0.93466955,1.6841707,0
0.0,0.9230806,1.5287074,0
0.0,0.92378247,1.3967942,0
0.0,0.9046525,1.3166891,0
0.0,0.90003204,1.2912033,0
0.0,0.89095974,1.2818418,0
0.0,0.89394724,1.2926071,0
0.0,0.8588986,1.1674654,0
0.0,0.85759443,1.1561079,0
0.0,0.86838126,1.2184585,0
0.0,0.8569794,1.1249325,0
0.0,0.8169343,0.9238064,0
0.0,0.8378488,0.8448115,0
0.0,0.86828876,0.8731891,0
0.0,0.8880796,0.9014305,0
0.0,0.8580821,0.84996367,0
0.0,0.8493505,0.7786989,0
0.0,0.871264,0.7879317,0
0.0,0.8471765,0.72160864,0
0.0,0.7632966,0.5623584,0
0.0,0.758588,0.5325116,0
0.0,0.8165497,0.57399714,0
0.0,0.804265,0.5381948,0
0.0,0.74149156,0.46755666,0
0.0,0.73396796,0.45897102,0
0.0,0.8330734,0.5862705,0
0.0,0.81948185,0.5666114,0
0.0,0.74440765,0.4430799,0
0.0,0.75051284,0.4209423,0
0.0,0.8639961,0.5364009,0
0.0,0.85338706,0.5350287,0
0.0,0.7931896,0.45838496,0
0.0,0.78222525,0.43970898,0
0.0,0.8831063,0.5513284,0
0.0,0.833035,0.45979124,0
0.0,0.70282435,0.38827473,0
0.0,0.66218203,0.37906146,0
0.0,0.71009994,0.40091512,0
0.0,0.5879236,0.31038588,0
0.0,0.44479746,0.2926347,0
0.0,0.471132,0.28244555,0
0.0,0.5426952,0.269018,0
0.0,0.54744625,0.2672071,0
0.0,0.49093062,0.26670855,0
0.0,0.5346221,0.27310073,0
0.0,0.58896714,0.2646705,0
0.0,0.553901,0.2534659,0
0.0,0.46859732,0.20436043,0
0.0,0.51039225,0.2128194,0
0.0,0.45260227,0.20976165,0
0.0,0.43711156,0.20599768,0
0.0,0.41665444,0.24900356,0
0.0,0.41937178,0.24648808,0
0.0,0.37105376,0.25062913,0
0.0,0.34775254,0.2845572,0
0.0,0.3169202,0.29857326,0
0.0,0.3242824,0.29493833,0
0.0,0.3021458,0.30023554,0
0.0,0.30280498,0.29969743,0
0.0,0.29265964,0.2922216,0
0.0,0.2886857,0.28973442,0
0.0,0.27368873,0.2856617,0
0.0,0.27961147,0.2884311,0
0.0,0.28392473,0.28814065,0
0.0,0.30063048,0.2761465,0
0.0,0.32013535,0.26215485,0
0.0,0.3315137,0.25482935,0
0.0,0.39610448,0.18608478,0
0.0,0.41954166,0.18605156,0
0.0,0.37652075,0.18810526,0
0.0,0.3865847,0.20939131,0
0.0,0.4335224,0.18610087,0
0.0,0.43324023,0.18858685,0
0.0,0.39057714,0.18406446,0
0.0,0.38668787,0.18719834,0
0.0,0.43901223,0.17334136,0
0.0,0.43356842,0.17427433,0
0.0,0.42865676,0.17679203,0
0.0,0.45205736,0.17177977,0
0.0,0.51784736,0.16964686,0
0.0,0.54129285,0.18218745,0
0.0,0.529108,0.18477893,0
0.0,0.51016074,0.19882292,0
0.0,0.58152163,0.17081109,0
0.0,0.6704288,0.2016275,0
0.0,0.6680712,0.19463706,0
0.0,0.6026364,0.17553487,0
0.0,0.63528067,0.1838677,0
0.0,0.5969288,0.18633059,0
0.0,0.5481962,0.18293214,0
0.0,0.51350254,0.20000671,0
0.0,0.4997407,0.22142753,0
0.0,0.48289353,0.22577193,0
0.0,0.48136842,0.23858869,0
0.0,0.41605982,0.23941371,0
0.0,0.428143,0.23279375,0
0.0,0.44766924,0.23415494,0
0.0,0.45213437,0.25136483,0
0.0,0.39133614,0.30565512,0
0.0,0.38982266,0.30232078,0
0.0,0.4020754,0.30135596,0
0.0,0.3672522,0.3168565,0
0.0,0.33751026,0.3113957,0
0.0,0.34525922,0.3016475,0
0.0,0.39365867,0.280021,0
0.0,0.39531294,0.27037787,0
0.0,0.42951262,0.26850232,0
0.0,0.4971031,0.26006603,0
0.0,0.48006204,0.26983243,0
0.0,0.47675514,0.27451622,0
0.0,0.5527375,0.25988004,0
0.0,0.6371306,0.25234997,0
0.0,0.6402556,0.24956685,0
0.0,0.6283096,0.23803532,0
0.0,0.6239332,0.23813519,0
0.0,0.6770182,0.23334268,0
0.0,0.71760267,0.22465962,0
0.0,0.6528675,0.23476458,0
0.0,0.68384266,0.22536102,0
0.0,0.67153,0.26351726,0
0.0,0.66290605,0.26506227,0
0.0,0.60551816,0.2658431,0
0.0,0.64319766,0.24926451,0
0.0,0.6597717,0.24283136,0
0.0,0.68936795,0.24309617,0
0.0,0.6680567,0.24813628,0
0.0,0.66640574,0.24675404,0
0.0,0.6470743,0.2300473,0
0.0,0.61559683,0.22803307,0
0.0,0.5709032,0.21486397,0
0.0,0.54833525,0.20459378,0
0.0,0.49863368,0.23808771,0
0.0,0.4578066,0.23700023,0
0.0,0.38309544,0.28773654,0
0.0,0.34806722,0.30494025,0
0.0,0.2954987,0.33933342,0
0.0,0.29729176,0.34408632,0
0.0,0.27518132,0.37652457,0
0.0,0.2933361,0.4076736,0
0.0,0.2704997,0.41625124,0
0.0,0.27349418,0.40520927,0
0.0,0.27125582,0.4067267,0
0.0,0.28144112,0.39332068,0
0.0,0.33549094,0.35690212,0
0.0,0.42755088,0.3141471,0
0.0,0.48096034,0.31265253,0
0.0,0.51975816,0.31160405,0
0.0,0.6166518,0.32421818,0
0.0,0.68368375,0.37706,0
0.0,0.6689311,0.36360043,0
0.0,0.6617243,0.41121203,0
0.0,0.6898192,0.42768934,0
0.0,0.74580926,0.4588954,0
0.0,0.7512288,0.4619385,0
0.0,0.626557,0.4555039,0
0.0,0.65609646,0.45916772,0
0.0,0.6742726,0.578988,0
0.0,0.6890988,0.58295166,0
0.0,0.6579217,0.56998986,0
0.0,0.71388304,0.6038557,0
0.0,0.75763106,0.6335195,0
0.0,0.7448577,0.6641704,0
0.0,0.6898363,0.66400206,0
0.0,0.750743,0.6623414,0
0.0,0.76974916,0.6879442,0
0.0,0.7693869,0.68684757,0
0.0,0.68564796,0.69606763,0
0.0,0.66823983,0.7203096,0
0.0,0.6305829,0.69427174,0
0.0,0.60111356,0.69796133,0
0.0,0.55307734,0.63356155,0
0.0,0.52687204,0.67533624,0
0.0,0.5263767,0.7209518,0
0.0,0.51530886,0.7049361,0
0.0,0.483575,0.75524014,0
0.0,0.47843513,0.7510976,0
0.0,0.4732701,0.7769067,0
0.0,0.48591697,0.8358768,0
0.0,0.5019009,0.841409,0
0.0,0.501232,0.9007265,0
0.0,0.48985893,0.90364385,0
0.0,0.5001856,0.92679095,0
0.0,0.49163708,0.9723979,0
0.0,0.51008165,0.9818158,0
0.0,0.5065859,0.9810957,0
0.0,0.529805,1.0628052,0
0.0,0.5114001,1.0013168,0
0.0,0.5319623,1.074278,0
0.0,0.53040284,0.99450314,0
0.0,0.56953377,1.0096635,0
0.0,0.5561798,1.0021093,0
0.0,0.56055784,0.996914,0
0.0,0.54818946,0.99418193,0
0.0,0.5615997,0.97736996,0
0.0,0.5614063,0.9590693,0
0.0,0.55924237,0.9646969,0
0.0,0.5406561,0.9356276,0
0.0,0.53556335,0.93144685,0
0.0,0.52577674,0.89709806,0
0.0,0.51476216,0.8678291,0
0.0,0.49503046,0.8931425,0
0.0,0.48069227,0.85759914,0
0.0,0.4678745,0.8550561,0
0.0,0.46099997,0.805147,0
0.0,0.4512175,0.75316334,0
0.0,0.43504098,0.7496973,0
0.0,0.4263755,0.6773224,0
0.0,0.39907795,0.6947079,0
0.0,0.3903823,0.669198,0
0.0,0.3738208,0.6200888,0
0.0,0.38717607,0.6873321,0
0.0,0.37211862,0.6969719,0
0.0,0.36360776,0.6916526,0
0.0,0.3526468,0.6934372,0
0.0,0.37292588,0.6284765,0
0.0,0.35837927,0.6217031,0
0.0,0.36072728,0.64375883,0
0.0,0.3620929,0.55425143,0
0.0,0.3648289,0.5738827,0
0.0,0.35434812,0.5305301,0
0.0,0.3630154,0.5271587,0
0.0,0.37098417,0.5580094,0
0.0,0.37774482,0.5426072,0
0.0,0.37010616,0.54769903,0
0.0,0.3848141,0.5424458,0
0.0,0.39024854,0.5420195,0
0.0,0.4042963,0.5096004,0
0.0,0.38456073,0.5054317,0
0.0,0.3906895,0.5098207,0
0.0,0.3849594,0.51145136,0
0.0,0.39545316,0.5048611,0
0.0,0.38299173,0.51013136,0
0.0,0.38654077,0.47380483,0
0.0,0.3768956,0.4857546,0
0.0,0.37264886,0.488899,0
0.0,0.33815503,0.51790696,0
0.0,0.32562554,0.5986566,0
0.0,0.31066328,0.6022316,0
0.0,0.2967225,0.6101608,0
0.0,0.2872669,0.62257874,0
0.0,0.27875105,0.6222914,0
0.0,0.2763547,0.6177852,0
0.0,0.25908452,0.5919738,0
0.0,0.25093532,0.50581574,0
0.0,0.242153,0.46463805,0
0.0,0.24345149,0.455502,0
0.0,0.24050261,0.43626693,0
0.0,0.24454552,0.4197616,0
0.0,0.2385196,0.3879934,0
0.0,0.2450328,0.38233256,0
0.0,0.23647307,0.37108082,0
0.0,0.24458271,0.3662492,0
0.0,0.24146032,0.3926149,0
0.0,0.25626096,0.3607126,0
0.0,0.2450466,0.37740022,0
0.0,0.25919917,0.39390403,0
0.0,0.25246602,0.40020955,0
0.0,0.2900561,0.36593056,0
0.0,0.25857878,0.44933265,0
0.0,0.26973668,0.45100066,0
0.0,0.24053155,0.47659993,0
0.0,0.26722127,0.45585024,0
0.0,0.24340537,0.46211106,0
0.0,0.2593237,0.44824553,0
0.0,0.23226896,0.5110591,0
0.0,0.2590423,0.4820119,0
0.0,0.23685981,0.5025748,0
0.0,0.2559435,0.46517715,0
0.0,0.24014272,0.40060958,0
0.0,0.27232885,0.36362505,0
0.0,0.25316322,0.40888235,0
0.0,0.26912633,0.39753556,0
0.0,0.25578395,0.41148412,0
0.0,0.29398656,0.3839467,0
0.0,0.27343318,0.41902608,0
0.0,0.2896602,0.42722896,0
0.0,0.2546318,0.45217043,0
0.0,0.2784126,0.42939153,0
0.0,0.2593908,0.44550434,0
0.0,0.26577204,0.43676364,0
0.0,0.24426867,0.45928615,0
0.0,0.2531451,0.45064276,0
0.0,0.24874309,0.4701343,0
0.0,0.26621473,0.45797506,0
0.0,0.25576183,0.48461458,0
0.0,0.27103877,0.4707042,0
0.0,0.2594188,0.47113076,0
0.0,0.27550954,0.43268204,0
0.0,0.26840377,0.4387794,0
0.0,0.28529164,0.43105674,0
0.0,0.27878213,0.43639773,0
0.0,0.28945962,0.4366486,0
0.0,0.28167188,0.4428647,0
0.0,0.2970831,0.44371536,0
0.0,0.31436068,0.44224542,0
0.0,0.3189631,0.45168728,0
0.0,0.32927293,0.44013256,0
0.0,0.32734737,0.43834668,0
0.0,0.32106256,0.44319534,0
0.0,0.31775028,0.448553,0
0.0,0.3466065,0.43707657,0
0.0,0.33644104,0.4688695,0
0.0,0.3620029,0.43077034,0
0.0,0.31076786,0.4466957,0
0.0,0.31531176,0.4952947,0
0.0,0.2979147,0.5399219,0
0.0,0.31630388,0.5011815,0
0.0,0.2828981,0.53664327,0
0.0,0.2972061,0.64347345,0
0.0,0.2902569,0.6663877,0
0.0,0.32332608,0.68668824,0
0.0,0.3045408,0.7180805,0
0.0,0.31714115,0.75363106,0
0.0,0.32635313,0.7522751,0
0.0,0.3978447,0.68757045,0
0.0,0.370773,0.72560006,0
0.0,0.3899843,0.7223557,0
0.0,0.37517524,0.7350911,0
0.0,0.34054455,0.88293993,0
0.0,0.36593017,0.86562836,0
0.0,0.35721576,0.8758222,0
0.0,0.40343297,0.8451998,0
0.0,0.39218706,0.80596745,0
0.0,0.45002905,0.76272476,0
0.0,0.42105404,0.7887225,0
0.0,0.48940882,0.7593695,0
0.0,0.43861306,0.760134,0
0.0,0.50483936,0.7377013,0
0.0,0.43394375,0.72525144,0
0.0,0.49199164,0.72178435,0
0.0,0.43616465,0.7386719,0
0.0,0.51961875,0.7387412,0
0.0,0.4401079,0.7327034,0
0.0,0.5114801,0.72149944,0
0.0,0.43790016,0.7091901,0
0.0,0.5754494,0.7348541,0
0.0,0.5305948,0.6878326,0
0.0,0.6153147,0.6923631,0
0.0,0.49217966,0.6332823,0
0.0,0.6535327,0.67913806,0
0.0,0.6386267,0.5703195,0
0.0,0.70096457,0.59620583,0
0.0,0.559343,0.5211812,0
0.0,0.7026919,0.5824902,0
0.0,0.65237457,0.52459055,0
0.0,0.63943285,0.5279026,0
0.0,0.51716125,0.4983896,0
0.0,0.644495,0.5689266,0
0.0,0.6220747,0.535663,0
0.0,0.5815548,0.4956146,0
0.0,0.49877432,0.33395833,0
0.0,0.638301,0.3941184,0
0.0,0.6784678,0.43002942,0
0.0,0.6771231,0.430496,0
0.0,0.5932218,0.423087,0
0.0,0.66239405,0.4693918,0
0.0,0.68531704,0.52296245,0
0.0,0.6318249,0.48909697,0
0.0,0.56759137,0.45318353,0
0.0,0.5801332,0.4813304,0
0.0,0.57223296,0.48632827,0
0.0,0.48686862,0.44027424,0
0.0,0.4669451,0.42793018,0
0.0,0.4777258,0.4444416,0
0.0,0.49559703,0.45138547,0
0.0,0.46633613,0.4760146,0
0.0,0.4895,0.5627877,0
0.0,0.48208284,0.5398916,0
0.0,0.48935884,0.548552,0
0.0,0.47183722,0.5423852,0
0.0,0.45743278,0.53868854,0
0.0,0.46798992,0.5575265,0
0.0,0.47687852,0.52768004,0
0.0,0.47672877,0.5354831,0
0.0,0.4612675,0.52520394,0
0.0,0.44488788,0.5210051,0
0.0,0.4410954,0.51893383,0
0.0,0.432703,0.51635313,0
0.0,0.44546705,0.47340783,0
0.0,0.41664144,0.4700045,0
0.0,0.43709162,0.44679052,0
0.0,0.42264393,0.49877897,0
0.0,0.46192205,0.50806016,0
0.0,0.42917192,0.49384058,0
0.0,0.48615688,0.50699127,0
0.0,0.44573864,0.4918882,0
0.0,0.46565506,0.4410661,0
0.0,0.4149749,0.45346063,0
0.0,0.45985276,0.4257173,0
0.0,0.4039685,0.44910553,0
0.0,0.41215408,0.45401713,0
0.0,0.37089074,0.46833983,0
0.0,0.4131122,0.4716819,0
0.0,0.38592514,0.47860527,0
0.0,0.42839202,0.48546472,0
0.0,0.3793454,0.4615912,0
0.0,0.43504396,0.48203924,0
0.0,0.39750957,0.44631314,0
0.0,0.46988243,0.4318936,0
0.0,0.4046344,0.44470608,0
0.0,0.47086748,0.47406605,0
0.0,0.4219687,0.52212715,0
0.0,0.44874743,0.55310917,0
0.0,0.41922122,0.50242704,0
0.0,0.4556118,0.507442,0
0.0,0.43231905,0.5012199,0
0.0,0.45908546,0.5356055,0
0.0,0.42237732,0.5704528,0
0.0,0.4761557,0.59666705,0
0.0,0.43457967,0.5774187,0
0.0,0.4723044,0.5910174,0
0.0,0.41343337,0.5716073,0
0.0,0.44878623,0.57965314,0
0.0,0.42346457,0.50753415,0
0.0,0.46728534,0.5343096,0
0.0,0.41035658,0.54682446,0
0.0,0.44270337,0.5559985,0
0.0,0.41378734,0.6000966,0
0.0,0.4373232,0.6071997,0
0.0,0.39340723,0.5756261,0
0.0,0.42377487,0.5815701,0
0.0,0.40362117,0.53075004,0
0.0,0.42835632,0.56883746,0
0.0,0.39518085,0.52797335,0
0.0,0.43060446,0.5795588,0
0.0,0.42073384,0.57702553,0
0.0,0.4253991,0.5674537,0
0.0,0.39066845,0.57939744,0
0.0,0.41953608,0.6162371,0
0.0,0.4131383,0.63033,0
0.0,0.41432762,0.670704,0
0.0,0.38984945,0.6593212,0
0.0,0.3827689,0.6365215,0
0.0,0.40313634,0.58357817,0
0.0,0.40409654,0.5619324,0
0.0,0.40257916,0.57259977,0
0.0,0.39516065,0.5723042,0
0.0,0.39513823,0.56618637,0
0.0,0.3892817,0.53963894,0
0.0,0.39850393,0.49330932,0
0.0,0.39408073,0.4860875,0
0.0,0.3982428,0.48305157,0
0.0,0.39466667,0.49227986,0
0.0,0.39898407,0.4877761,0
0.0,0.3934519,0.48923257,0
0.0,0.39221308,0.5256182,0
0.0,0.38655686,0.4879418,0
0.0,0.37384477,0.46339735,0
0.0,0.35568967,0.4762752,0
0.0,0.34356502,0.4387116,0
0.0,0.34165373,0.4388039,0
0.0,0.32352906,0.44301844,0
0.0,0.30948198,0.4472916,0
0.0,0.29448566,0.46000475,0
0.0,0.30004108,0.42679763,0
0.0,0.29181984,0.44521728,0
0.0,0.29260597,0.38969317,0
0.0,0.27969062,0.38211098,0
0.0,0.28717086,0.39504468,0
0.0,0.28909865,0.37862644,0
0.0,0.28295174,0.34860966,0
0.0,0.2788828,0.37175664,0
0.0,0.29023686,0.26659954,0
0.0,0.2760062,0.25887644,0
0.0,0.26989803,0.27687794,0
0.0,0.2584676,0.2863925,0
0.0,0.26716843,0.28032508,0
0.0,0.2541552,0.29724723,0
0.0,0.24970894,0.3107409,0
0.0,0.24596041,0.32261813,0
0.0,0.25702536,0.32163566,0
0.0,0.25875717,0.364159,0
0.0,0.2654314,0.38922042,0
0.0,0.2776254,0.40848744,0
0.0,0.29343817,0.4320258,0
0.0,0.3009337,0.43870717,0
0.0,0.30490997,0.4549966,0
0.0,0.3057124,0.45383137,0
0.0,0.30785367,0.443784,0
0.0,0.30109313,0.4522148,0
0.0,0.29469097,0.47628075,0
0.0,0.27398857,0.519912,0
0.0,0.27502364,0.5347934,0
0.0,0.26098844,0.66869855,0
0.0,0.26025784,0.76208895,0
0.0,0.2561363,0.7625135,0
0.0,0.2580696,0.76421976,0
0.0,0.25712806,0.81754106,0
0.0,0.25024015,0.86525285,0
0.0,0.24927174,0.918864,0
0.0,0.251957,0.9564542,0
0.0,0.2568348,0.9569093,0
0.0,0.25950366,0.977646,0
0.0,0.25017986,1.1158004,0
0.0,0.24510269,1.2097887,0
0.0,0.23017378,1.2379766,0
0.0,0.21480528,1.2623267,0
0.0,0.19720258,1.3360767,0
0.0,0.19266474,1.3739924,0
0.0,0.18801203,1.4912515,0
0.0,0.17780976,1.5612892,0
0.0,0.17225693,1.5614713,0
0.0,0.17080104,1.5577283,0
0.0,0.16920336,1.6212747,0
0.0,0.16712534,1.6584594,0
0.0,0.16818863,1.6185409,0
0.0,0.16503896,1.5861009,0
0.0,0.16970196,1.5765476,0
0.0,0.16742493,1.5708447,0
0.0,0.16299625,1.6965146,0
0.0,0.16355671,1.7311238,0
0.0,0.16397232,1.7263553,0
0.0,0.17222114,1.6883037,0
0.0,0.16829431,1.7248954,0
0.0,0.17537905,1.7872782,0
0.0,0.17071423,1.8453588,0
0.0,0.1783102,1.768203,0
0.0,0.17313947,1.7819222,0
0.0,0.18387932,1.7832767,0
0.0,0.17524241,1.8649321,0
0.0,0.18425506,1.8074577,0
0.0,0.17598683,1.7679172,0
0.0,0.18849847,1.6817677,0
0.0,0.1818909,1.6891083,0
0.0,0.19136079,1.6823491,0
0.0,0.18919311,1.6269717,0
0.0,0.19704796,1.530406,0
0.0,0.19063835,1.545918,0
0.0,0.19862969,1.5723052,0
0.0,0.19714575,1.6399517,0
0.0,0.21001472,1.5949168,0
0.0,0.19471937,1.5303675,0
0.0,0.20460899,1.4452915,0
0.0,0.20224094,1.4500899,0
0.0,0.21596421,1.6215234,0
0.0,0.20344451,1.6910359,0
0.0,0.21009025,1.6105368,0
0.0,0.21034262,1.6098416,0
0.0,0.22826847,1.5733166,0
0.0,0.21558781,1.6352015,0
0.0,0.23325767,1.6919069,0
0.0,0.22525495,1.593932,0
0.0,0.2389222,1.5322734,0
0.0,0.23472112,1.5395379,0
0.0,0.24502553,1.5577979,0
0.0,0.2449897,1.5791918,0
0.0,0.25378543,1.479588,0
0.0,0.2335933,1.3546356,0
0.0,0.25097108,1.2795658,0
0.0,0.24217951,1.2942848,0
0.0,0.2586059,1.3612773,0
0.0,0.23891534,1.3322748,0
0.0,0.24689327,1.3108833,0
0.0,0.24194758,1.333219,0
0.0,0.25659272,1.369281,0
0.0,0.24090514,1.4261527,0
0.0,0.2483889,1.4144821,0
0.0,0.23635396,1.337427,0
0.0,0.24498999,1.3090987,0
0.0,0.2340981,1.3332527,0
0.0,0.23955499,1.3670164,0
0.0,0.23318441,1.3386524,0
0.0,0.23299886,1.326753,0
0.0,0.228391,1.2981747,0
0.0,0.22947133,1.2897213,0
0.0,0.2323276,1.2970321,0
0.0,0.23943743,1.1904492,0
0.0,0.23120318,1.0656528,0
0.0,0.23785718,1.0734854,0
0.0,0.2412893,1.0717814,0
0.0,0.25139254,1.0805218,0
0.0,0.25337565,1.0589569,0
0.0,0.2486234,0.9814752,0
0.0,0.24983028,0.9551389,0
0.0,0.25489765,0.9507197,0
0.0,0.25729406,0.958177,0
0.0,0.25714242,0.9501084,0
0.0,0.25633454,0.88432384,0
0.0,0.25481424,0.87534404,0
0.0,0.26711795,0.8520355,0
0.0,0.28358015,0.84179187,0
0.0,0.273404,0.8982296,0
0.0,0.29033473,0.7661269,0
0.0,0.27640143,0.7276114,0
0.0,0.2841261,0.71723056,0
0.0,0.27792573,0.74008954,0
0.0,0.28209922,0.7108432,0
0.0,0.27425665,0.7128469,0
0.0,0.27192461,0.6766968,0
0.0,0.2671927,0.66507226,0
0.0,0.2641668,0.6776589,0
0.0,0.2643194,0.69855165,0
0.0,0.26469564,0.62521213,0
0.0,0.25391898,0.5786412,0
0.0,0.2593397,0.57204163,0
0.0,0.25976196,0.58282197,0
0.0,0.27830604,0.5892941,0
0.0,0.27388456,0.5965581,0
0.0,0.29257944,0.47682974,0
0.0,0.28793454,0.47286677,0
0.0,0.30742145,0.43223265,0
0.0,0.30168927,0.46749082,0
0.0,0.3093463,0.4397769,0
0.0,0.29428336,0.42373252,0
0.0,0.2948027,0.40510613,0
0.0,0.29777342,0.3854292,0
0.0,0.297446,0.39045474,0
0.0,0.29913044,0.39706102,0
0.0,0.3018195,0.3526186,0
0.0,0.30423918,0.35006195,0
0.0,0.30939117,0.34498674,0
0.0,0.32014576,0.34014767,0
0.0,0.32827953,0.34437186,0
0.0,0.3334052,0.31033576,0
0.0,0.33175397,0.30354065,0
0.0,0.33771268,0.2921871,0
0.0,0.3450484,0.2921828,0
0.0,0.3556337,0.28128588,0
0.0,0.34536955,0.2745689,0
0.0,0.34817263,0.2537326,0
0.0,0.3459444,0.26616886,0
0.0,0.350552,0.26634008,0
0.0,0.34662464,0.27987787,0
0.0,0.33437112,0.2787344,0
0.0,0.33000165,0.26568252,0
0.0,0.32029817,0.2834784,0
0.0,0.33237416,0.29414743,0
0.0,0.3270895,0.28761715,0
0.0,0.33472216,0.26143494,0
0.0,0.3376231,0.24975133,0
0.0,0.34006876,0.24946134,0
0.0,0.34674397,0.24673226,0
0.0,0.3637335,0.24258298,0
0.0,0.37452954,0.21451765,0
0.0,0.3819666,0.1990684,0
0.0,0.37025157,0.20306945,0
0.0,0.37432805,0.20189664,0
0.0,0.37576517,0.20143414,0
0.0,0.39954796,0.1953335,0
0.0,0.38470656,0.18625051,0
0.0,0.402415,0.19700122,0
0.0,0.45742604,0.19728762,0
0.0,0.5507218,0.21352999,0
0.0,0.53855205,0.21879207,0
0.0,0.5604034,0.21550524,0
0.0,0.6331265,0.24211797,0
0.0,0.6537468,0.28750864,0
0.0,0.60117805,0.3201126,0
0.0,0.63191533,0.34276,0
0.0,0.7057627,0.39020675,0
0.0,0.71276754,0.39112127,0
0.0,0.66526395,0.35138673,0
0.0,0.7025622,0.3714636,0
0.0,0.76060826,0.475754,0
0.0,0.7791624,0.50679445,0
0.0,0.698766,0.43273062,0
0.0,0.6821123,0.41046852,0
0.0,0.7109768,0.44683442,0
0.0,0.70206016,0.46685058,0
0.0,0.6385596,0.4229006,0
0.0,0.6472169,0.4325419,0
0.0,0.6897687,0.4862271,0
0.0,0.68803453,0.534977,0
0.0,0.64835435,0.5635123,0
0.0,0.66070026,0.5957439,0
0.0,0.6881752,0.62743175,0
0.0,0.68408793,0.6315532,0
0.0,0.63599783,0.614605,0
0.0,0.6270821,0.6238357,0
0.0,0.66558635,0.70185107,0
0.0,0.7182657,0.7804629,0
0.0,0.70506823,0.75616693,0
0.0,0.67571825,0.7337564,0
0.0,0.6715837,0.82332355,0
0.0,0.7253332,0.93088996,0
0.0,0.72434473,0.9158578,0
0.0,0.6716511,0.8483323,0
0.0,0.6707097,0.861873,0
0.0,0.698683,0.90724564,0
0.0,0.70523655,0.92117465,0
0.0,0.7044413,0.9957019,0
0.0,0.7066086,0.9985101,0
0.0,0.7689378,1.0944666,0
0.0,0.754743,1.1361682,0
0.0,0.73916435,1.1557244,0
0.0,0.7539847,1.1367135,0
0.0,0.78584594,1.1758605,0
0.0,0.78199315,1.1583011,0
0.0,0.7262219,1.0928998,0
0.0,0.7232831,1.1518859,0
0.0,0.6812708,1.0733474,0
0.0,0.70185614,1.0916525,0
0.0,0.6492752,1.0082395,0
0.0,0.6231306,1.0420263,0
0.0,0.5996751,0.9961386,0
0.0,0.61648977,0.94722736,0
0.0,0.633391,0.94373894,0
0.0,0.64519227,0.9639457,0
0.0,0.62433875,0.95516783,0
0.0,0.6284792,1.0347725,0
0.0,0.6317684,1.0780417,0
0.0,0.6314534,1.0477476,0
0.0,0.63854724,1.0528531,0
0.0,0.6284363,1.0630758,0
0.0,0.6252883,1.098922,0
0.0,0.6197553,1.0989,0
0.0,0.6775964,1.1916473,0
0.0,0.68651325,1.2099558,0
0.0,0.711907,1.2435904,0
0.0,0.6706547,1.2203844,0
0.0,0.6742732,1.2285782,0
0.0,0.6887844,1.1974738,0
0.0,0.74185205,1.2055655,0
0.0,0.6955368,1.1330426,0
0.0,0.71836823,1.1755728,0
0.0,0.6957412,1.0861382,0
0.0,0.7349606,1.1110115,0
0.0,0.74069935,1.1057407,0
0.0,0.7551725,1.1321507,0
0.0,0.75321156,1.1662071,0
0.0,0.7525378,1.1830211,0
0.0,0.7601946,1.1650656,0
0.0,0.8151849,1.2259047,0
0.0,0.81419265,1.2247761,0
0.0,0.8466713,1.3344152,0
0.0,0.81954664,1.2485038,0
0.0,0.8605342,1.3318529,0
0.0,0.88518614,1.4095376,0
0.0,0.899323,1.4389175,0
0.0,0.8990213,1.449971,0
0.0,0.88397014,1.4593691,0
0.0,0.9025429,1.4833583,0
0.0,0.898472,1.4267814,0
0.0,0.91866255,1.4564964,0
0.0,0.8966105,1.4124463,0
0.0,0.882328,1.3838863,0
0.0,0.85270905,1.3321649,0
0.0,0.87768394,1.2773476,0
0.0,0.85472494,1.1752341,0
0.0,0.8522262,1.1698381,0
0.0,0.8297777,1.1625302,0
0.0,0.82967687,1.1942693,0
0.0,0.789756,1.0963588,0
0.0,0.8036459,1.0957052,0
0.0,0.78318876,1.0561748,0
0.0,0.7794593,1.0634918,0
0.0,0.7154621,1.0193446,0
0.0,0.7245574,1.1124568,0
0.0,0.7033389,1.0680941,0
0.0,0.72736365,1.1009293,0
0.0,0.68400383,1.050348,0
0.0,0.6634997,1.0074713,0
0.0,0.6472872,0.9559581,0
0.0,0.6916571,0.9532235,0
0.0,0.6957811,0.94417334,0
0.0,0.69165194,0.9509206,0
0.0,0.622423,0.8676526,0
0.0,0.6583568,0.8885531,0
0.0,0.6351539,0.8207103,0
0.0,0.6122193,0.78586257,0
0.0,0.5012246,0.6780532,0
0.0,0.5296146,0.7154717,0
0.0,0.540552,0.7197203,0
0.0,0.53553116,0.62904966,0
0.0,0.5089395,0.5914558,0
0.0,0.54432833,0.6084238,0
0.0,0.57750607,0.6381725,0
0.0,0.55026895,0.5990143,0
0.0,0.54206616,0.52712154,0
0.0,0.5713811,0.5372781,0
0.0,0.6046393,0.5808804,0
0.0,0.57281864,0.5455559,0
0.0,0.5043922,0.4988709,0
0.0,0.52064645,0.45461375,0
0.0,0.53851366,0.45480278,0
0.0,0.48893973,0.4454175,0
0.0,0.4561478,0.43847984,0
0.0,0.42631912,0.429255,0
0.0,0.43294647,0.39300868,0
0.0,0.39573625,0.3369589,0
0.0,0.39484063,0.34105194,0
0.0,0.3805272,0.3416509,0
0.0,0.37598598,0.34815747,0
0.0,0.36411893,0.3460065,0
0.0,0.39079586,0.34471247,0
0.0,0.3876629,0.35252687,0
0.0,0.3997986,0.35103905,0
0.0,0.38412115,0.3220852,0
0.0,0.39377838,0.322357,0
0.0,0.3917336,0.30565065,0
0.0,0.40471458,0.3113228,0
0.0,0.3749159,0.30857143,0
0.0,0.36193827,0.31126687,0
0.0,0.3545136,0.30745918,0
0.0,0.36968282,0.29870138,0
0.0,0.36106527,0.3007242,0
0.0,0.35134363,0.33184043,0
0.0,0.35343054,0.3379661,0
0.0,0.34255847,0.3382286,0
0.0,0.35310507,0.32962763,0
0.0,0.33929795,0.3267091,0
0.0,0.35043818,0.32974035,0
0.0,0.3381533,0.32362127,0
0.0,0.32512176,0.32688558,0
0.0,0.3246225,0.38304216,0
0.0,0.32182723,0.3787602,0
0.0,0.3256532,0.43932006,0
0.0,0.32570013,0.41170314,0
0.0,0.31557754,0.4040292,0
0.0,0.33462664,0.38651004,0
0.0,0.32394585,0.43883672,0
0.0,0.34116018,0.43409628,0
0.0,0.32455018,0.50518084,0
0.0,0.34369212,0.49481112,0
0.0,0.32469213,0.48980618,0
0.0,0.35946146,0.47464266,0
0.0,0.34957597,0.48768058,0
0.0,0.37911147,0.49607533,0
0.0,0.3511153,0.48195955,0
0.0,0.38430318,0.47959295,0
0.0,0.36912382,0.50375473,0
0.0,0.40513903,0.49536505,0
0.0,0.37133816,0.5369352,0
0.0,0.40458667,0.5270432,0
0.0,0.37322533,0.53167146,0
0.0,0.41067466,0.52121615,0
0.0,0.3751988,0.5039315,0
0.0,0.4222661,0.5521703,0
0.0,0.3929131,0.5710688,0
0.0,0.41467983,0.58734494,0
0.0,0.39160997,0.6534445,0
0.0,0.41959646,0.6529592,0
0.0,0.3892006,0.6855173,0
0.0,0.4065004,0.685169,0
0.0,0.37312832,0.68334305,0
0.0,0.39950532,0.6860111,0
0.0,0.38159454,0.6135477,0
0.0,0.4004404,0.64088565,0
0.0,0.38682136,0.6458468,0
0.0,0.38815194,0.6412988,0
0.0,0.36995926,0.6442062,0
0.0,0.384889,0.6413193,0
0.0,0.37620097,0.5936987,0
0.0,0.3914938,0.5873879,0
0.0,0.36759618,0.5229491,0
0.0,0.3891343,0.5469326,0
0.0,0.37794837,0.5526387,0
0.0,0.39883617,0.5742234,0
0.0,0.38100713,0.5895444,0
0.0,0.3847129,0.56277716,0
0.0,0.36825988,0.5707253,0
0.0,0.37698558,0.56503165,0
0.0,0.35588947,0.5438226,0
0.0,0.3678024,0.60153353,0
0.0,0.33670208,0.62431747,0
0.0,0.35108784,0.6193416,0
0.0,0.3334397,0.63238966,0
0.0,0.3459173,0.64989483,0
0.0,0.32234922,0.6762333,0
0.0,0.32579508,0.61586946,0
0.0,0.29919,0.59925485,0
0.0,0.3084488,0.59567106,0
0.0,0.2977017,0.54994005,0
0.0,0.31281698,0.59478134,0
0.0,0.30144048,0.5741848,0
0.0,0.30803564,0.55732656,0
0.0,0.30004537,0.5844189,0
0.0,0.3110966,0.57574385,0
0.0,0.31214106,0.5725033,0
0.0,0.30810282,0.551234,0
0.0,0.30679888,0.4817872,0
0.0,0.29889455,0.48464537,0
0.0,0.2921138,0.530902,0
0.0,0.28042266,0.5354768,0
0.0,0.2793605,0.5360602,0
0.0,0.26836053,0.5758052,0
0.0,0.26622486,0.61127424,0
0.0,0.26670942,0.59970725,0
0.0,0.2691903,0.63474584,0
0.0,0.2585163,0.6293223,0
0.0,0.25547382,0.6095841,0
0.0,0.2513461,0.6147239,0
0.0,0.25532296,0.6385058,0
0.0,0.24465133,0.6498611,0
0.0,0.2512501,0.62751746,0
0.0,0.2478734,0.57868755,0
0.0,0.24275579,0.53559816,0
0.0,0.23252548,0.55767465,0
0.0,0.23838273,0.5725086,0
0.0,0.2377173,0.54109764,0
0.0,0.23970789,0.52390134,0
0.0,0.23359668,0.5493531,0
0.0,0.22758563,0.5796824,0
0.0,0.23107004,0.55337113,0
0.0,0.2287726,0.56182665,0
0.0,0.22784685,0.5793873,0
0.0,0.21852249,0.6363577,0
0.0,0.2228267,0.6910368,0
0.0,0.22141892,0.72677815,0
0.0,0.21863247,0.72130847,0
0.0,0.21597725,0.72412527,0
0.0,0.21913141,0.73701274,0
0.0,0.21504465,0.7832736,0
0.0,0.21527931,0.7986797,0
0.0,0.21516252,0.7644565,0
0.0,0.21911652,0.76113534,0
0.0,0.2152001,0.7777189,0
0.0,0.22116546,0.76938426,0
0.0,0.21892147,0.75395226,0
0.0,0.21863982,0.7409264,0
0.0,0.22398941,0.7052659,0
0.0,0.23014402,0.7243148,0
0.0,0.22365098,0.78325593,0
0.0,0.22295465,0.8127692,0
0.0,0.22261947,0.78655076,0
0.0,0.22507642,0.79294276,0
0.0,0.22559671,0.8352219,0
0.0,0.22345172,0.873847,0
0.0,0.22436754,0.9189143,0
0.0,0.22546661,0.9055259,0
0.0,0.22696243,0.8823007,0
0.0,0.21988243,0.9456115,0
0.0,0.21391128,0.9968418,0
0.0,0.22010873,0.9765481,0
0.0,0.21558058,0.9580478,0
0.0,0.21816567,0.95758003,0
0.0,0.21412724,0.971835,0
0.0,0.22433358,0.95250493,0
0.0,0.22561938,0.9218697,0
0.0,0.2244307,0.8949337,0
0.0,0.23075089,0.8250055,0
0.0,0.23323457,0.8210517,0
0.0,0.23725736,0.877165,0
0.0,0.22937468,0.9102706,0
0.0,0.22567971,0.89507616,0
0.0,0.22646457,0.8845886,0
0.0,0.22651224,0.8807335,0
0.0,0.21700233,0.93985945,0
0.0,0.21409057,0.9587613,0
0.0,0.21707158,0.9193409,0
0.0,0.21756712,0.9016925,0
0.0,0.21863359,0.89946437,0
0.0,0.2206685,0.93937874,0
0.0,0.22220334,0.91691566,0
0.0,0.22025886,0.87098336,0
0.0,0.21842462,0.8430902,0
0.0,0.22229068,0.83634937,0
0.0,0.21917506,0.89153194,0
0.0,0.2213296,0.8733603,0
0.0,0.21235372,0.8399205,0
0.0,0.21737447,0.7792022,0
0.0,0.21513559,0.7798845,0
0.0,0.22122654,0.80226445,0
0.0,0.21678284,0.79112864,0
0.0,0.21853349,0.7565141,0
0.0,0.21527135,0.7344769,0
0.0,0.22395028,0.7107878,0
0.0,0.2243728,0.72694576,0
0.0,0.23507188,0.71982944,0
0.0,0.23606783,0.6577344,0
0.0,0.23786478,0.6353412,0
0.0,0.24057114,0.6048599,0
0.0,0.24322848,0.6826848,0
0.0,0.2408073,0.6884929,0
0.0,0.23848726,0.6392826,0
0.0,0.23255672,0.6251391,0
0.0,0.23380812,0.60423017,0
0.0,0.23300311,0.6028255,0
0.0,0.23475556,0.5943104,0
0.0,0.23509845,0.5802052,0
0.0,0.23284896,0.5596031,0
0.0,0.23714903,0.5613568,0
0.0,0.2409912,0.56209135,0
0.0,0.24710827,0.5685414,0
0.0,0.24992771,0.5167396,0
0.0,0.2548477,0.5002272,0
0.0,0.2570182,0.49826354,0
0.0,0.26179668,0.4952672,0
0.0,0.27204478,0.513235,0
0.0,0.26879996,0.46084526,0
0.0,0.26608709,0.43702257,0
0.0,0.26088834,0.43175325,0
0.0,0.27523756,0.42754507,0
0.0,0.27152288,0.4614966,0
0.0,0.27322042,0.45248178,0
0.0,0.27159467,0.4253223,0
0.0,0.29565313,0.4257477,0
0.0,0.29824018,0.42459404,0
0.0,0.3049394,0.42151633,0
0.0,0.31340817,0.40356657,0
0.0,0.3433403,0.3781004,0
0.0,0.33890757,0.36631238,0
0.0,0.34314495,0.36293757,0
0.0,0.33878365,0.36369133,0
0.0,0.3642449,0.29199943,0
0.0,0.36057544,0.3063936,0
0.0,0.3661289,0.30726838,0
0.0,0.385865,0.27650303,0
0.0,0.39978844,0.35248348,0
0.0,0.3860417,0.34951255,0
0.0,0.37387967,0.37783748,0
0.0,0.36768848,0.35401475,0
0.0,0.35772303,0.36763728,0
0.0,0.3721458,0.34349024,0
0.0,0.36780396,0.34231606,0
0.0,0.3968882,0.34291184,0
0.0,0.3725609,0.33571124,0
0.0,0.40453944,0.33567116,0
0.0,0.39096218,0.35417062,0
0.0,0.41529834,0.35876125,0
0.0,0.40368336,0.3344004,0
0.0,0.44435188,0.3561449,0
0.0,0.4172411,0.33929205,0
0.0,0.45969057,0.35880047,0
0.0,0.4750105,0.3536904,0
0.0,0.5306011,0.3335967,0
0.0,0.5242236,0.32190531,0
0.0,0.554869,0.36234033,0
0.0,0.5607413,0.3538214,0
0.0,0.5761631,0.36284795,0
0.0,0.5526969,0.34520295,0
0.0,0.5362827,0.33950967,0
0.0,0.55178183,0.36472267,0
0.0,0.5519046,0.36369255,0
0.0,0.56203514,0.41168335,0
0.0,0.55639416,0.40795103,0
0.0,0.5978297,0.43898058,0
0.0,0.6141145,0.48723885,0
0.0,0.6321051,0.5113847,0
0.0,0.6054713,0.49128675,0
0.0,0.6978792,0.5098228,0
0.0,0.6661578,0.4584822,0
0.0,0.6895065,0.4757762,0
0.0,0.6442354,0.42844287,0
0.0,0.70441335,0.48941457,0
0.0,0.6501814,0.4305835,0
0.0,0.687404,0.4726861,0
0.0,0.6265758,0.42194757,0
0.0,0.6251633,0.42292172,0
0.0,0.58765244,0.3756355,0
0.0,0.62133926,0.39875007,0
0.0,0.58877695,0.36773658,0
0.0,0.6122159,0.40592995,0
0.0,0.6138599,0.4445684,0
0.0,0.651396,0.5056801,0
0.0,0.65028554,0.52154434,0
0.0,0.68165565,0.5601866,0
0.0,0.71615756,0.6169139,0
0.0,0.7386282,0.6608722,0
0.0,0.7271652,0.62687814,0
0.0,0.7555473,0.66666585,0
0.0,0.7423613,0.64453703,0
0.0,0.7668242,0.67972183,0
0.0,0.7450849,0.65143013,0
0.0,0.77456665,0.66834974,0
0.0,0.76817507,0.6373173,0
0.0,0.799254,0.6431807,0
0.0,0.764138,0.5932636,0
0.0,0.797163,0.6377694,0
0.0,0.77188355,0.57014686,0
0.0,0.7591752,0.55782753,0
0.0,0.7413867,0.53110003,0
0.0,0.81377494,0.6486592,0
0.0,0.80036455,0.654201,0
0.0,0.80578035,0.6743435,0
0.0,0.8040055,0.68700784,0
0.0,0.862458,0.7568546,0
0.0,0.86341894,0.76088864,0
0.0,0.85142046,0.7745187,0
0.0,0.8343187,0.7616177,0
0.0,0.86351067,0.8018996,0
0.0,0.8471764,0.7784341,0
0.0,0.8366012,0.72512114,0
0.0,0.8388804,0.7158053,0
0.0,0.8671125,0.73356223,0
0.0,0.8958043,0.7035242,0
0.0,0.8835918,0.65725803,0
0.0,0.8934876,0.68409234,0
0.0,0.90731263,0.71158683,0
0.0,0.92630816,0.74526834,0
0.0,0.9071315,0.71443367,0
0.0,0.92137843,0.74359894,0
0.0,0.9305011,0.79052424,0
0.0,0.9476125,0.86245704,0
0.0,0.948212,0.89692175,0
0.0,0.9435321,0.9101846,0
0.0,0.93751043,0.92727464,0
0.0,0.9505728,1.029851,0
0.0,0.94677156,1.0479491,0
0.0,0.9438957,1.0252242,0
0.0,0.943686,1.0230596,0
0.0,0.95205003,1.0178906,0
0.0,0.9529568,1.0207026,0
0.0,0.9562699,1.0326087,0
0.0,0.95483625,0.9712304,0
0.0,0.9614899,0.9587558,0
0.0,0.9574194,0.95677483,0
0.0,0.95185214,0.950652,0
0.0,0.9503853,0.95745826,0
0.0,0.95053893,0.9416481,0
0.0,0.9508427,0.9141761,0
0.0,0.9388082,0.8462653,0
0.0,0.92484576,0.82268405,0
0.0,0.91685086,0.83915854,0
0.0,0.91429996,0.83940196,0
0.0,0.8782406,0.78523076,0
0.0,0.8560506,0.76587254,0
0.0,0.8406941,0.79215,0
0.0,0.86382097,0.9128338,0
0.0,0.84291464,0.85457325,0
0.0,0.8605013,0.8717773,0
0.0,0.8361675,0.83778596,0
0.0,0.8735516,0.9006145,0
0.0,0.8340303,0.83708775,0
0.0,0.85078627,0.8199818,0
0.0,0.8158295,0.7281569,0
0.0,0.8407122,0.7397051,0
0.0,0.73592323,0.60455495,0
0.0,0.7644291,0.66910887,0
0.0,0.7097156,0.5677599,0
0.0,0.79573345,0.6539439,0
0.0,0.70336115,0.53712773,0
0.0,0.7308091,0.60108244,0
0.0,0.68449986,0.6199654,0
0.0,0.75535387,0.72204006,0
0.0,0.65398264,0.60939837,0
0.0,0.73990774,0.7714951,0
0.0,0.7111809,0.7543269,0
0.0,0.7988987,0.9186328,0
0.0,0.6929876,0.76181275,0
0.0,0.7837468,0.88245463,0
0.0,0.762316,0.84994364,0
0.0,0.8468262,0.98892665,0
0.0,0.76482147,0.8669656,0
0.0,0.8318266,0.95660055,0
0.0,0.8150086,0.9088501,0
0.0,0.86845624,1.0063236,0
0.0,0.7899187,0.90928155,0
0.0,0.839115,1.0285515,0
0.0,0.80197716,0.91665745,0
0.0,0.86319,0.97743607,0
0.0,0.8033255,1.2554109,0
0.0,0.8577089,1.5513828,0
0.0,0.8490045,1.5180874,0
0.0,0.9040849,1.6364809,0
0.0,0.8703639,1.567517,0
0.0,0.91565526,1.6391696,0
0.0,0.89697695,1.650584,0
0.0,0.9255429,1.778246,0
0.0,0.9091842,1.6915405,0
0.0,0.9228594,1.662755,0
0.0,0.8970153,1.6195368,0
0.0,0.9053356,1.6911111,0
0.0,0.8851581,1.6627496,0
0.0,0.9032078,1.6925678,0
0.0,0.84902513,1.4934293,0
0.0,0.8466105,1.4687383,0
0.0,0.8064346,1.533549,0
0.0,0.82198256,1.5956066,0
0.0,0.7616274,1.4820209,0
0.0,0.7843379,1.4694,0
0.0,0.76999664,1.4921763,0
0.0,0.77980477,1.5391631,0
0.0,0.76501256,1.592051,0
0.0,0.7850078,1.6721184,0
0.0,0.7705406,1.6198466,0
0.0,0.77610016,1.6614027,0
0.0,0.7529747,1.6267853,0
0.0,0.7703343,1.6487665,0
0.0,0.77500165,1.6382008,0
0.0,0.76191807,1.6156499,0
0.0,0.7359777,1.5947862,0
0.0,0.70850456,1.5045482,0
0.0,0.6983624,1.1395152,0
0.0,0.6713759,0.9203179,0
0.0,0.71533936,0.98627144,0
0.0,0.7200647,1.0281818,0
0.0,0.7316834,1.2044942,0
0.0,0.6482788,1.0779426,0
0.0,0.6849791,1.0968578,0
0.0,0.6428378,1.0112877,0
0.0,0.64013714,1.0112071,0
0.0,0.6189247,1.0042989,0
0.0,0.6428931,1.1194284,0
0.0,0.6287276,1.0527725,0
0.0,0.61087096,1.0443395,0
0.0,0.59853125,1.0454726,0
0.0,0.6079977,1.1339014,0
0.0,0.65392745,1.2754123,0
0.0,0.64832044,1.1118703,0
0.0,0.69351465,1.133663,0
0.0,0.72594833,1.1951504,0
0.0,0.73162067,1.209393,0
0.0,0.7114182,1.1515577,0
0.0,0.70706,1.2457645,0
0.0,0.7325159,1.2205527,0
0.0,0.7574496,1.2534468,0
0.0,0.73490673,1.2557063,0
0.0,0.74464655,1.245233,0
0.0,0.7639049,1.2550677,0
0.0,0.78653497,1.2920692,0
0.0,0.78041863,1.296893,0
0.0,0.78687525,1.4244692,0
0.0,0.8037661,1.5811274,0
0.0,0.83684164,1.647702,0
0.0,0.76350373,1.5148098,0
0.0,0.75068104,1.5068092,0
0.0,0.75010306,1.7716465,0
0.0,0.7950861,2.078138,0
0.0,0.77752113,1.8904132,0
0.0,0.7918259,1.9200006,0
0.0,0.8184932,1.9792392,0
0.0,0.82906795,2.0981188,0
0.0,0.8007908,2.1001186,0
0.0,0.79689753,2.0652263,0
0.0,0.80237716,1.9423623,0
0.0,0.8142002,1.9528368,0
0.0,0.75432575,1.8612316,0
0.0,0.7243621,1.8738902,0
0.0,0.712878,1.7944833,0
0.0,0.73209834,1.778182,0
0.0,0.739316,1.7864302,0
0.0,0.72316223,1.7833003,0
0.0,0.7275701,1.7835248,0
0.0,0.71711105,1.768084,0
0.0,0.69000083,1.7578164,0
0.0,0.6856492,1.6760609,0
0.0,0.713003,1.8288695,0
0.0,0.7138368,1.9463022,0
0.0,0.70166767,1.8874488,0
0.0,0.7000707,1.9034393,0
0.0,0.69170576,1.9054136,0
0.0,0.70645887,1.9694158,0
0.0,0.68465143,2.0299978,0
0.0,0.7004256,2.1191502,0
0.0,0.720102,2.077262,0
0.0,0.77261347,2.185731,0
0.0,0.7445797,2.1570501,0
0.0,0.7612585,2.315269,0
0.0,0.77472603,2.0676374,0
0.0,0.80659187,1.8692477,0
0.0,0.7835187,1.854435,0
0.0,0.7833462,1.8886147,0
0.0,0.8165845,2.107489,0
0.0,0.8215012,2.007817,0
0.0,0.73897624,1.7663515,0
0.0,0.7386668,1.9642047,0
0.0,0.7604879,2.114754,0
0.0,0.7992995,2.2611659,0
0.0,0.7496934,2.1187224,0
0.0,0.76059055,2.080044,0
0.0,0.7660322,2.3348703,0
0.0,0.78421265,2.4147177,0
0.0,0.7533641,2.346303,0
0.0,0.77223945,2.3748975,0
0.0,0.80434924,2.417461,0
0.0,0.8153411,2.436956,0
0.0,0.78792447,2.4091568,0
0.0,0.7954656,2.5304337,0
0.0,0.7909498,2.5150816,0
0.0,0.8066173,2.4315836,0
0.0,0.76485616,2.3414416,0
0.0,0.7663452,2.346158,0
0.0,0.7491877,2.3128047,0
0.0,0.73219293,2.2401216,0
0.0,0.7428768,2.231421,0
0.0,0.74165624,2.0794568,0
0.0,0.74806726,2.1002586,0
0.0,0.7240625,2.040837,0
0.0,0.71362656,1.9538963,0
0.0,0.7252649,1.9012556,0
0.0,0.74100363,1.9773148,0
0.0,0.7152233,2.0237608,0
0.0,0.7416153,2.1028411,0
0.0,0.73695594,2.056007,0
0.0,0.7462425,2.0066767,0
0.0,0.72368634,1.9555085,0
0.0,0.7212694,2.1355784,0
0.0,0.73410124,2.0395322,0
0.0,0.7264495,1.993924,0
0.0,0.7178565,1.9236534,0
0.0,0.68189853,1.8960024,0
0.0,0.68602884,1.884003,0
0.0,0.6976145,1.7233771,0
0.0,0.672322,1.631151,0
0.0,0.70502347,1.7820164,0
0.0,0.6882694,1.8256277,0
0.0,0.7361697,1.9051787,0
0.0,0.7065835,1.8573596,0
0.0,0.7046983,1.7235024,0
0.0,0.7244423,1.6024826,0
0.0,0.72566026,1.5734664,0
0.0,0.7254504,1.6079255,0
0.0,0.74724793,1.6302022,0
0.0,0.7339298,1.771483,0
0.0,0.7127756,1.724067,0
0.0,0.721495,2.1207104,0
0.0,0.7154254,2.1591966,0
0.0,0.72055465,2.0968778,0
0.0,0.6998772,2.0130103,0
0.0,0.7055646,2.0363245,0
0.0,0.69300485,2.068249,0
0.0,0.6781574,2.1244323,0
0.0,0.67785084,2.1288023,0
0.0,0.67072815,2.022283,0
0.0,0.6797666,1.9502481,0
0.0,0.6547687,1.9216683,0
0.0,0.65476286,1.8555506,0
0.0,0.63092816,1.8611482,0
0.0,0.6782063,1.7714536,0
0.0,0.6299522,1.6387684,0
0.0,0.6900347,1.6456456,0
0.0,0.6283079,1.5823346,0
0.0,0.68873394,1.6329856,0
0.0,0.6444964,1.5611339,0
0.0,0.7631054,1.6345243,0
0.0,0.6662625,1.5273126,0
0.0,0.7533352,1.5379643,0
0.0,0.738035,1.4782231,0
0.0,0.7744932,1.515409,0
0.0,0.6051917,1.3711748,0
0.0,0.70277387,1.444518,0
0.0,0.64943856,1.4133787,0
0.0,0.72862387,1.4170618,0
0.0,0.5626794,1.261097,0
0.0,0.68937093,1.3400916,0
0.0,0.59965736,1.1064985,0
0.0,0.66374695,1.1348703,0
0.0,0.49242994,0.7022842,0
0.0,0.64337194,0.6416925,0
0.0,0.60873026,0.7019,0
0.0,0.68658125,0.72682995,0
0.0,0.5428446,0.87159765,0
0.0,0.6032404,0.86190856,0
0.0,0.6230009,0.76644075,0
0.0,0.6242875,0.7291045,0
0.0,0.55023944,0.7291984,0
0.0,0.5862776,0.7588147,0
0.0,0.57002133,0.76012456,0
0.0,0.46486273,0.84409,0
0.0,0.44321752,0.8265268,0
0.0,0.47299713,0.81769055,0
0.0,0.46349925,0.8218246,0
0.0,0.4384622,0.84177816,0
0.0,0.4488013,0.8296487,0
0.0,0.46269754,0.7601229,0
0.0,0.4677135,0.7644786,0
0.0,0.42235756,0.7826763,0
0.0,0.43512103,0.77693343,0
0.0,0.43539312,0.77853477,0
0.0,0.45685664,0.7261486,0
0.0,0.42683357,0.7747051,0
0.0,0.4413636,0.77530944,0
0.0,0.4248333,0.7786702,0
0.0,0.45711365,0.748824,0
0.0,0.40737155,0.7657057,0
0.0,0.4369769,0.75322163,0
0.0,0.405764,0.7428534,0
0.0,0.45599172,0.7027134,0
0.0,0.39271474,0.75102276,0
0.0,0.37992117,0.75731236,0
0.0,0.37165576,0.7493927,0
0.0,0.40208614,0.71773136,0
0.0,0.3737169,0.7325423,0
0.0,0.3752685,0.47013056,0
0.0,0.38010243,0.46489826,0
0.0,0.42130792,0.45248798,0
0.0,0.40603092,0.49490583,0
0.0,0.40101445,0.49195212,0
0.0,0.4087972,0.45623878,0
0.0,0.3910688,0.45867974,0
0.0,0.35376108,0.52820575,0
0.0,0.35994527,0.5774796,0
0.0,0.38272083,0.55287373,0
0.0,0.39977345,0.58418804,0
0.0,0.3871337,0.58111656,0
0.0,0.4076036,0.7786387,0
0.0,0.43625888,0.7641541,0
0.0,0.4820073,0.9005132,0
0.0,0.46707046,0.9030271,0
0.0,0.47482085,0.9000745,0
0.0,0.49800077,0.8740959,0
0.0,0.48419738,0.8938432,0
0.0,0.48867235,0.8487422,0
0.0,0.5089222,0.88528466,0
0.0,0.53802204,0.94296193,0
0.0,0.5436563,0.9593264,0
0.0,0.53852254,0.9870553,0
0.0,0.53029037,0.98867905,0
0.0,0.5377069,1.0635893,0
0.0,0.53150266,1.0765398,0
0.0,0.525392,1.1265898,0
0.0,0.54127705,1.220401,0
0.0,0.5444001,1.2685839,0
0.0,0.5682388,1.2982833,0
0.0,0.5754674,1.3116,0
0.0,0.5893731,1.3584875,0
0.0,0.5833565,1.3618225,0
0.0,0.5773353,1.4281666,0
0.0,0.585695,1.60514,0
0.0,0.603818,1.6170799,0
0.0,0.6010927,1.8215532,0
0.0,0.6032538,1.9401138,0
0.0,0.58541626,1.8935671,0
0.0,0.5912137,2.0449486,0
0.0,0.58368313,2.2440677,0
0.0,0.59083915,2.2012043,0
0.0,0.5764543,2.3553457,0
0.0,0.57240546,2.171185,0
0.0,0.5518193,2.1732326,0
0.0,0.5545644,2.0025005,0
0.0,0.56112236,2.0114925,0
0.0,0.5657997,2.0565183,0
0.0,0.5556834,2.056879,0
0.0,0.54811347,2.0723538,0
0.0,0.5406384,2.078182,0
0.0,0.5392836,2.0229478,0
0.0,0.53872037,1.9877976,0
0.0,0.52044153,1.9783739,0
0.0,0.50622445,2.0087056,0
0.0,0.5114871,2.0605435,0
0.0,0.5092523,2.013969,0
0.0,0.5142935,2.0062275,0
0.0,0.50283587,1.929644,0
0.0,0.48279724,1.8353928,0
0.0,0.49383295,1.801194,0
0.0,0.50535727,1.7327244,0
0.0,0.50129974,1.7636821,0
0.0,0.4818825,1.7459097,0
0.0,0.4755822,1.7277365,0
0.0,0.46984,1.6768502,0
0.0,0.49216852,1.4755471,0
0.0,0.4671484,1.5115843,0
0.0,0.48330188,1.4429765,0
0.0,0.45877138,1.3124752,0
0.0,0.45950896,1.3054096,0
0.0,0.44637427,1.1434021,0
0.0,0.45368075,0.9634383,0
0.0,0.44610247,0.9559784,0
0.0,0.4381594,0.7792739,0
0.0,0.4312439,0.835199,0
0.0,0.45587298,0.8823415,0
0.0,0.45906216,1.0257757,0
0.0,0.48636705,1.1465588,0
0.0,0.4742773,1.1519327,0
0.0,0.48974124,1.1910825,0
0.0,0.5002552,1.1602483,0
0.0,0.51542276,1.172251,0
0.0,0.52648,1.3630037,0
0.0,0.52227926,1.3500867,0
0.0,0.50982046,1.500132,0
0.0,0.5389399,1.4379437,0
0.0,0.5395889,1.4846756,0
0.0,0.5580684,1.5785794,0
0.0,0.54874516,1.582871,0
0.0,0.55316496,1.5734419,0
0.0,0.55389214,1.5662367,0
0.0,0.5668635,1.5647639,0
0.0,0.56001854,1.5820884,0
0.0,0.55159116,1.5489548,0
0.0,0.54647714,1.5463243,0
0.0,0.53753364,1.5563976,0
0.0,0.5468494,1.5588665,0
0.0,0.53749776,1.5650151,0
0.0,0.53932506,1.5404954,0
0.0,0.49851882,1.419772,0
0.0,0.5121036,1.4309211,0
0.0,0.4780998,1.4321207,0
0.0,0.47767052,1.6214468,0
0.0,0.44318822,1.6579999,0
0.0,0.45034447,1.6558284,0
0.0,0.43564004,1.6773162,0
0.0,0.4491041,1.6132464,0
0.0,0.42078382,1.5727286,0
0.0,0.42489824,1.4818578,0
0.0,0.37767577,1.3630316,0
0.0,0.3830484,1.3134366,0
0.0,0.3610512,1.3022006,0
0.0,0.3668629,1.2972428,0
0.0,0.34554142,1.2993186,0
0.0,0.33843246,1.2834911,0
0.0,0.32681918,1.3805766,0
0.0,0.32706067,1.2532458,0
0.0,0.32742646,1.2714927,0
0.0,0.332166,1.2104205,0
0.0,0.33214128,1.0583551,0
0.0,0.31653515,1.0578719,0
0.0,0.3118696,1.1392969,0
0.0,0.295237,1.1821661,0
0.0,0.31806445,1.1516497,0
0.0,0.2887136,1.1881374,0
0.0,0.29441452,1.1799569,0
0.0,0.2753579,1.218046,0
0.0,0.28758126,1.2353301,0
0.0,0.2669988,1.2324643,0
0.0,0.2615536,1.2217276,0
0.0,0.2436351,1.2637721,0
0.0,0.2518053,1.5166043,0
0.0,0.24257067,1.566337,0
0.0,0.25064462,1.5203441,0
0.0,0.25415364,1.3155279,0
0.0,0.2646193,1.2676079,0
0.0,0.2689643,1.2740462,0
0.0,0.26581308,1.3815964,0
0.0,0.2822173,1.3864527,0
0.0,0.2771863,1.4865202,0
0.0,0.3047538,1.5410484,0
0.0,0.288138,1.5523043,0
0.0,0.3074924,1.5232855,0
0.0,0.29405037,1.5590612,0
0.0,0.3219605,1.5187212,0
0.0,0.31512466,1.5225334,0
0.0,0.3328784,1.3051517,0
0.0,0.31793177,1.2687514,0
0.0,0.35535157,1.2271845,0
0.0,0.33226976,1.2396438,0
0.0,0.36038718,1.2170391,0
0.0,0.3379454,1.244149,0
0.0,0.370912,1.2151535,0
0.0,0.34488317,1.1923177,0
0.0,0.38135344,1.1323686,0
0.0,0.3651292,1.150289,0
0.0,0.39456204,1.1663696,0
0.0,0.37151414,1.1892726,0
0.0,0.37750968,1.2040031,0
0.0,0.35596225,1.1752758,0
0.0,0.35761726,1.2068832,0
0.0,0.34821528,1.1965505,0
0.0,0.35584223,1.1697849,0
0.0,0.35443473,0.9149592,0
0.0,0.343451,0.899979,0
0.0,0.33371693,0.9282341,0
0.0,0.3368875,0.90713894,0
0.0,0.34231532,0.9382589,0
0.0,0.34175807,0.9256967,0
0.0,0.34714186,0.9580389,0
0.0,0.3606708,0.9507102,0
0.0,0.36725655,0.86014223,0
0.0,0.36853975,0.69336694,0
0.0,0.37506682,0.6978655,0
0.0,0.39767057,0.7020203,0
0.0,0.403274,0.6997453,0
0.0,0.40806347,0.7020485,0
0.0,0.40049824,0.7210026,0
0.0,0.41558886,0.7084123,0
0.0,0.40790704,0.6865214,0
0.0,0.406431,0.6946108,0
0.0,0.40988684,0.7961784,0
0.0,0.425939,0.71225,0
0.0,0.43214715,0.76331806,0
0.0,0.44150797,0.7650082,0
0.0,0.45542544,0.7719706,0
0.0,0.4632645,0.77073383,0
0.0,0.46453714,0.77279675,0
0.0,0.45325026,0.7085462,0
0.0,0.47338766,0.75639296,0
0.0,0.4681935,0.71118915,0
0.0,0.5023252,0.8128062,0
0.0,0.4765073,0.78952956,0
0.0,0.50751084,0.83042717,0
0.0,0.5026394,0.8400619,0
0.0,0.54344547,0.84067047,0
0.0,0.51775223,0.84182084,0
0.0,0.5423088,0.84458756,0
0.0,0.52034354,0.8509962,0
0.0,0.55057704,0.8355658,0
0.0,0.5199147,0.835145,0
0.0,0.5539866,0.7175532,0
0.0,0.53053385,0.6975802,0
0.0,0.55632013,0.70865214,0
0.0,0.525075,0.6985869,0
0.0,0.5365138,0.7129746,0
0.0,0.5143331,0.68239653,0
0.0,0.5188417,0.72264767,0
0.0,0.4841297,0.729622,0
0.0,0.49251372,0.7294844,0
0.0,0.48674205,0.7093129,0
0.0,0.4949012,0.69326127,0
0.0,0.48210558,0.6747375,0
0.0,0.4673465,0.6047635,0
0.0,0.46505147,0.6066115,0
0.0,0.4482099,0.5828836,0
0.0,0.4495948,0.563351,0
0.0,0.42809138,0.57715774,0
0.0,0.41739377,0.60368425,0
0.0,0.3891941,0.62999123,0
0.0,0.40509835,0.6385834,0
0.0,0.4067811,0.6011596,0
0.0,0.43015996,0.6138917,0
0.0,0.41102377,0.5326636,0
0.0,0.4474771,0.52799445,0
0.0,0.42847332,0.5248197,0
0.0,0.4541792,0.49540785,0
0.0,0.41231078,0.5279798,0
0.0,0.4471101,0.5198321,0
0.0,0.41097903,0.5388382,0
0.0,0.4448856,0.57031596,0
0.0,0.4103564,0.61151683,0
0.0,0.46427208,0.59609425,0
0.0,0.41077656,0.6577708,0
0.0,0.4464385,0.64409584,0
0.0,0.40459955,0.6668899,0
0.0,0.4486016,0.6652994,0
0.0,0.40341398,0.67670804,0
0.0,0.44694543,0.67579067,0
0.0,0.39447945,0.646428,0
0.0,0.43193695,0.620565,0
0.0,0.3744954,0.6385386,0
0.0,0.41687226,0.6141699,0
0.0,0.38553423,0.6462493,0
0.0,0.40978292,0.66476,0
0.0,0.33971676,0.6754388,0
0.0,0.35704264,0.8672916,0
0.0,0.32244068,0.9130443,0
0.0,0.3281031,0.9324474,0
0.0,0.28917336,0.9547871,0
0.0,0.30729318,0.9189071,0
0.0,0.29354653,0.92464054,0
0.0,0.30766097,0.90801793,0
0.0,0.28190812,0.9214759,0
0.0,0.29570302,0.8844105,0
0.0,0.28796536,0.8944694,0
0.0,0.2974928,0.8851371,0
0.0,0.2805544,0.9033311,0
0.0,0.26021576,0.94792193,0
0.0,0.2601408,0.9676184,0
0.0,0.25950083,0.96886,0
0.0,0.24236655,0.94930726,0
0.0,0.23949932,0.9088619,0
0.0,0.24946432,0.8360796,0
0.0,0.25390187,0.8559158,0
0.0,0.24708568,0.8084587,0
0.0,0.24159351,0.8196689,0
0.0,0.24412958,0.83932924,0
0.0,0.24330129,0.82985836,0
0.0,0.240708,0.82697386,0
0.0,0.23712753,0.8238301,0
0.0,0.23863082,0.81784105,0
0.0,0.23648053,0.8097965,0
0.0,0.24138173,0.81205237,0
0.0,0.22706555,0.9226702,0
0.0,0.23466286,0.8937599,0
0.0,0.23460095,0.9132612,0
0.0,0.24126193,0.899132,0
0.0,0.2302312,0.7082014,0
0.0,0.23447837,0.66657054,0
0.0,0.23491758,0.65357774,0
0.0,0.2411468,0.6122809,0
0.0,0.24746008,0.62324584,0
0.0,0.2536286,0.6041448,0
0.0,0.2544435,0.73609596,0
0.0,0.2646341,0.7396112,0
0.0,0.26003048,0.74415463,0
0.0,0.28197393,0.6918049,0
0.0,0.2850028,0.6871892,0
0.0,0.31013453,0.64135855,0
0.0,0.30177256,0.7183599,0
0.0,0.32205716,0.6495236,0
0.0,0.3131737,0.66489005,0
0.0,0.33848506,0.6586276,0
0.0,0.31889182,0.69097745,0
0.0,0.342502,0.6771349,0
0.0,0.32464868,0.6707598,0
0.0,0.3470642,0.6384804,0
0.0,0.32743526,0.65394056,0
0.0,0.35243607,0.60182697,0
0.0,0.33059254,0.6344472,0
0.0,0.3497421,0.60680795,0
0.0,0.3156216,0.6140915,0
0.0,0.3361189,0.62062526,0
0.0,0.30869156,0.6578477,0
0.0,0.33602852,0.6416138,0
0.0,0.30196455,0.6060941,0
0.0,0.312514,0.6041151,0
0.0,0.28978717,0.57129854,0
0.0,0.31188884,0.56449527,0
0.0,0.28318486,0.6082621,0
0.0,0.28454804,0.5946694,0
0.0,0.26103318,0.59991264,0
0.0,0.27044964,0.6396084,0
0.0,0.24077338,0.65179014,0
0.0,0.24951605,0.63870203,0
0.0,0.23517391,0.5302963,0
0.0,0.24624223,0.5042642,0
0.0,0.23176715,0.5192443,0
0.0,0.24217618,0.5323113,0
0.0,0.2337653,0.54197836,0
0.0,0.25363272,0.53077376,0
0.0,0.24476776,0.46414167,0
0.0,0.2464641,0.45086384,0
0.0,0.24276026,0.4490164,0
0.0,0.24924235,0.43414664,0
0.0,0.2437146,0.44326138,0
0.0,0.23892555,0.4574104,0
0.0,0.24073711,0.461834,0
0.0,0.23349358,0.4733573,0
0.0,0.23465341,0.47095692,0
0.0,0.23494521,0.48658574,0
0.0,0.23765273,0.4943801,0
0.0,0.23000038,0.5012732,0
0.0,0.22732453,0.52893186,0
0.0,0.22471516,0.6143886,0
0.0,0.2222902,0.6006301,0
0.0,0.21520658,0.59294754,0
0.0,0.21567754,0.55567896,0
0.0,0.21422529,0.5487835,0
0.0,0.21863562,0.58226955,0
0.0,0.21379858,0.61784047,0
0.0,0.21712057,0.56479657,0
0.0,0.21752717,0.56628895,0
0.0,0.22344883,0.57439256,0
0.0,0.22347258,0.55385965,0
0.0,0.229304,0.5801891,0
0.0,0.2359411,0.59500104,0
0.0,0.23893602,0.62485504,0
0.0,0.23851356,0.6393288,0
0.0,0.24624772,0.6281034,0
0.0,0.25234547,0.63546646,0
0.0,0.24669828,0.6554487,0
0.0,0.2296817,0.67919075,0
0.0,0.22400954,0.73383236,0
0.0,0.22096175,0.7599081,0
0.0,0.2153075,0.7678139,0
0.0,0.20892297,0.76316273,0
0.0,0.20993975,0.7301213,0
0.0,0.22452752,0.6904384,0
0.0,0.21341608,0.7448598,0
0.0,0.22010496,0.80647254,0
0.0,0.20871398,0.8240204,0
0.0,0.21644925,0.79476094,0
0.0,0.21016297,0.7777165,0
0.0,0.215131,0.77702135,0
0.0,0.21335678,0.7890074,0
0.0,0.22746478,0.68349636,0
0.0,0.21628276,0.6922604,0
0.0,0.21851245,0.69579655,0
0.0,0.21529363,0.78131425,0
0.0,0.22936173,0.7688087,0
0.0,0.21749188,0.78352404,0
0.0,0.2161392,0.7499322,0
0.0,0.20779313,0.7845291,0
0.0,0.22077252,0.7654229,0
0.0,0.21523388,0.79079,0
0.0,0.22729652,0.7453763,0
0.0,0.22562288,0.71055233,0
0.0,0.23914364,0.7116046,0
0.0,0.23291075,0.6648127,0
0.0,0.24462716,0.66841215,0
0.0,0.2360561,0.674775,0
0.0,0.24409617,0.65384525,0
0.0,0.24386841,0.66956604,0
0.0,0.2575871,0.650252,0
0.0,0.25849956,0.5893779,0
0.0,0.26848966,0.56121755,0
0.0,0.2698779,0.58974785,0
0.0,0.2802114,0.5828035,0
0.0,0.27978867,0.650517,0
0.0,0.29030845,0.6487156,0
0.0,0.2919164,0.6032212,0
0.0,0.30243996,0.52682793,0
0.0,0.30302587,0.52810144,0
0.0,0.31375027,0.5215822,0
0.0,0.3134307,0.51177585,0
0.0,0.3270398,0.5000572,0
0.0,0.3139951,0.4818586,0
0.0,0.33394602,0.4599035,0
0.0,0.32668537,0.48331243,0
0.0,0.35402805,0.465335,0
0.0,0.32171348,0.42926997,0
0.0,0.3407257,0.42830792,0
0.0,0.32976285,0.38988042,0
0.0,0.35134494,0.38598496,0
0.0,0.32482824,0.38153034,0
0.0,0.32704324,0.4049862,0
0.0,0.3216479,0.39213994,0
0.0,0.38735786,0.37354073,0
0.0,0.3536249,0.38460958,0
0.0,0.37153414,0.36578202,0
0.0,0.3863002,0.35962492,0
0.0,0.36297923,0.3594694,0
0.0,0.33586636,0.3659814,0
0.0,0.3612782,0.3615871,0
0.0,0.364297,0.3401379,0
0.0,0.36470097,0.34807366,0
0.0,0.3399538,0.35445726,0
0.0,0.35915536,0.34911823,0
0.0,0.37805963,0.3122729,0
0.0,0.391539,0.3111293,0
0.0,0.36665335,0.25928387,0
0.0,0.37201345,0.2700426,0
0.0,0.3885834,0.27298382,0
0.0,0.3626858,0.27757746,0
0.0,0.37166137,0.27438095,0
0.0,0.36545804,0.2916271,0
0.0,0.38086653,0.31639624,0
0.0,0.36801314,0.31532988,0
0.0,0.3836339,0.33100197,0
0.0,0.38845542,0.32732213,0
0.0,0.40407532,0.3451169,0
0.0,0.3697998,0.34233102,0
0.0,0.39647868,0.3361556,0
0.0,0.38179794,0.32161105,0
0.0,0.3793337,0.32720026,0
0.0,0.35817662,0.30927092,0
0.0,0.36383,0.31108552,0
0.0,0.34710485,0.29175353,0
0.0,0.35406846,0.28258318,0
0.0,0.3620964,0.2830393,0
0.0,0.37926158,0.38354155,0
0.0,0.36674342,0.39106244,0
0.0,0.38542894,0.41183037,0
0.0,0.4086288,0.38504714,0
0.0,0.43352774,0.39586416,0
0.0,0.43759638,0.36652187,0
0.0,0.4608552,0.39070037,0
0.0,0.47604588,0.3846943,0
0.0,0.48137555,0.39454055,0
0.0,0.47215027,0.39126927,0
0.0,0.4687828,0.49027354,0
0.0,0.47551206,0.5350583,0
0.0,0.49542198,0.538844,0
0.0,0.5073337,0.53456616,0
0.0,0.50164485,0.5291027,0
0.0,0.5369135,0.55666655,0
0.0,0.5115727,0.56560194,0
0.0,0.5580301,0.60004926,0
0.0,0.54579353,0.55069804,0
0.0,0.5964467,0.5900289,0
0.0,0.5459865,0.54773486,0
0.0,0.57342696,0.59947574,0
0.0,0.5464978,0.5500196,0
0.0,0.5918684,0.59036005,0
0.0,0.5439814,0.5432113,0
0.0,0.58783114,0.5976211,0
0.0,0.54572374,0.561097,0
0.0,0.5945412,0.60214305,0
0.0,0.55705065,0.57549614,0
0.0,0.57739615,0.5768275,0
0.0,0.5063413,0.54693836,0
0.0,0.5225818,0.59245783,0
0.0,0.49035603,0.48636115,0
0.0,0.5193374,0.47041032,0
0.0,0.47031805,0.43066442,0
0.0,0.51865095,0.46053606,0
0.0,0.49129808,0.44813687,0
0.0,0.5196551,0.4887771,0
0.0,0.47363862,0.54452664,0
0.0,0.51061356,0.6305299,0
0.0,0.5039577,0.6167314,0
0.0,0.4827165,0.5967064,0
0.0,0.5078486,0.5094341,0
0.0,0.5014573,0.46133918,0
0.0,0.5833428,0.52621603,0
0.0,0.59379065,0.52988106,0
0.0,0.65839255,0.6542363,0
0.0,0.6498894,0.67116445,0
0.0,0.7526162,0.8116467,0
0.0,0.73772305,0.80661136,0
0.0,0.7757617,0.8590077,0
0.0,0.7643593,0.8629349,0
0.0,0.79181975,0.9217006,0
0.0,0.7691069,0.8680396,0
0.0,0.80666757,0.90913033,0
0.0,0.7849473,0.88111734,0
0.0,0.8517292,1.0417042,0
0.0,0.8218693,1.0310514,0
0.0,0.8660442,1.127852,0
0.0,0.8419599,1.1825821,0
0.0,0.9108233,1.3161385,0
0.0,0.8962959,1.2926965,0
0.0,0.92461437,1.3946525,0
0.0,0.9158985,1.480605,0
0.0,0.94445926,1.566391,0
0.0,0.9373128,1.5346646,0
0.0,0.93947583,1.5277541,0
0.0,0.92948073,1.51998,0
0.0,0.94331914,1.6070509,0
0.0,0.9252146,1.6499788,0
0.0,0.9158025,1.4871175,0
0.0,0.89737886,1.3547765,0
0.0,0.90607834,1.4023604,0
0.0,0.8689793,1.4231777,0
0.0,0.8624638,1.5998697,0
0.0,0.84944606,1.6655391,0
0.0,0.90163535,1.781609,0
0.0,0.8853465,1.7359943,0
0.0,0.8785491,1.7564604,0
0.0,0.8481072,1.7660377,0
0.0,0.8775562,1.7731532,0
0.0,0.88076717,1.7244534,0
0.0,0.8640343,1.6975446,0
0.0,0.83586407,1.6224715,0
0.0,0.85161537,1.7143366,0
0.0,0.83946353,1.8664048,0
0.0,0.8003912,1.7583065,0
0.0,0.7734884,1.6902325,0
0.0,0.76685834,1.6450322,0
0.0,0.75385773,1.5621,0
0.0,0.7193781,1.52274,0
0.0,0.7091295,1.4490604,0
0.0,0.7136939,1.4368912,0
0.0,0.7005966,1.4656339,0
0.0,0.6668639,1.516838,0
0.0,0.6813005,1.476545,0
0.0,0.723453,1.4869187,0
0.0,0.7523495,1.5465349,0
0.0,0.7408279,1.5263302,0
0.0,0.73113537,1.5188212,0
0.0,0.738787,1.67254,0
0.0,0.753227,1.6636894,0
0.0,0.7162148,1.6882063,0
0.0,0.70129776,1.6697667,0
0.0,0.67790407,1.6934874,0
0.0,0.68732667,1.6534867,0
0.0,0.6589531,1.4877348,0
0.0,0.68415517,1.4471928,0
0.0,0.6504603,1.40129,0
0.0,0.66410667,1.5239918,0
0.0,0.6578788,1.4843553,0
0.0,0.67266625,1.418665,0
0.0,0.6642166,1.401593,0
0.0,0.6771279,1.4246447,0
0.0,0.6716338,1.4188709,0
0.0,0.6854061,1.4463637,0
0.0,0.70261854,1.4174731,0
0.0,0.70687854,1.2436188,0
0.0,0.7271898,1.2736435,0
0.0,0.71691245,1.4416912,0
0.0,0.7221841,1.5006508,0
0.0,0.6909334,1.4520061,0
0.0,0.67552245,1.3696032,0
0.0,0.64380985,1.3008791,0
0.0,0.6594613,1.3675644,0
0.0,0.6476916,1.3189375,0
0.0,0.6701891,1.2640123,0
0.0,0.65728307,1.1938943,0
0.0,0.6655497,1.2023743,0
0.0,0.6318472,1.2109842,0
0.0,0.621677,1.201894,0
0.0,0.62239754,1.2080376,0
0.0,0.638637,1.0981452,0
0.0,0.6306897,1.0278374,0
0.0,0.6415401,0.93521416,0
0.0,0.6496022,1.0433574,0
0.0,0.66349393,0.99190795,0
0.0,0.6558788,0.96127486,0
0.0,0.6812395,0.9465528,0
0.0,0.668068,0.93175805,0
0.0,0.66665757,0.93487024,0
0.0,0.66741335,0.8275689,0
0.0,0.6815762,0.823565,0
0.0,0.6713442,0.80384016,0
0.0,0.6601571,0.79123175,0
0.0,0.63727254,0.83392274,0
0.0,0.6386718,0.8361834,0
0.0,0.63105506,0.8270284,0
0.0,0.6007273,0.7721614,0
0.0,0.5812097,0.81594664,0
0.0,0.5688302,0.8129321,0
0.0,0.58520013,0.76536924,0
0.0,0.57174397,0.7320975,0
0.0,0.5842343,0.7434242,0
0.0,0.5842151,0.7372115,0
0.0,0.5758863,0.75765985,0
0.0,0.5657154,0.7232814,0
0.0,0.5825701,0.7820496,0
0.0,0.59827524,0.7699164,0
0.0,0.5935302,0.75136614,0
0.0,0.5984219,0.78931737,0
0.0,0.5846174,0.740499,0
0.0,0.5882984,0.7521053,0
0.0,0.5950445,0.73766816,0
0.0,0.59460306,0.683298,0
0.0,0.5927903,0.6981145,0
0.0,0.5863421,0.6966024,0
0.0,0.61758,0.6419536,0
0.0,0.6163368,0.71618295,0
0.0,0.6434561,0.7225167,0
0.0,0.590715,0.69875693,0
0.0,0.60089856,0.71325845,0
0.0,0.5799222,0.746136,0
0.0,0.6018372,0.7633548,0
0.0,0.55669594,0.7987653,0
0.0,0.56870526,0.80485666,0
0.0,0.5349327,0.79106474,0
0.0,0.56599224,0.74556196,0
0.0,0.5230881,0.7381562,0
0.0,0.56042814,0.7628447,0
0.0,0.52882797,0.7531141,0
0.0,0.55988026,0.7030566,0
0.0,0.49748033,0.687075,0
0.0,0.5290028,0.59926784,0
0.0,0.49417552,0.603093,0
0.0,0.543895,0.7286656,0
0.0,0.5086923,0.7175282,0
0.0,0.5217445,0.8473542,0
0.0,0.4937808,0.823493,0
0.0,0.53486913,0.84116685,0
0.0,0.4832349,0.79542387,0
0.0,0.50903666,0.81085706,0
0.0,0.503619,0.7806827,0
0.0,0.5341131,0.777009,0
0.0,0.5135754,0.75769246,0
0.0,0.52683824,0.7611611,0
0.0,0.514441,0.76553595,0
0.0,0.5096814,0.75436753,0
0.0,0.47772554,0.7408548,0
0.0,0.4750329,0.77596766,0
0.0,0.4706024,0.7100749,0
0.0,0.47514635,0.7207775,0
0.0,0.47040182,0.7194432,0
0.0,0.45739353,0.71224356,0
0.0,0.45687288,0.71234715,0
0.0,0.4636222,0.92262423,0
0.0,0.45986998,0.8626684,0
0.0,0.4857984,1.1623744,0
0.0,0.48360747,1.1715204,0
0.0,0.5206171,1.1708113,0
0.0,0.50108504,1.169869,0
0.0,0.546256,1.2086428,0
0.0,0.51154745,1.2124318,0
0.0,0.52378166,1.2563908,0
0.0,0.48915064,1.2469373,0
0.0,0.5004509,1.3377869,0
0.0,0.4860086,1.3530777,0
0.0,0.5083079,1.2653918,0
0.0,0.5047631,1.3452685,0
0.0,0.53189164,1.1993971,0
0.0,0.52950674,1.2055604,0
0.0,0.5504812,1.2701657,0
0.0,0.5672949,1.2732391,0
0.0,0.58944917,1.4429436,0
0.0,0.5885439,1.463196,0
0.0,0.5848736,1.6641784,0
0.0,0.5970876,1.6743534,0
0.0,0.6114464,1.6952915,0
0.0,0.6243033,1.7541641,0
0.0,0.6128305,1.7770228,0
0.0,0.61004966,1.8483531,0
0.0,0.618034,1.875607,0
0.0,0.62196356,1.8773435,0
0.0,0.59637016,1.8879268,0
0.0,0.6039556,1.8928083,0
0.0,0.57048756,1.927038,0
0.0,0.6008793,1.8643785,0
0.0,0.5773691,1.6362333,0
0.0,0.6098866,1.6318493,0
0.0,0.57194936,1.3660765,0
0.0,0.5899613,1.5106518,0
0.0,0.5668507,1.5992708,0
0.0,0.58926755,1.6595709,0
0.0,0.5727769,1.610892,0
0.0,0.5944889,1.6087427,0
0.0,0.5748585,1.5642929,0
0.0,0.5804753,1.5614301,0
0.0,0.5954029,1.4643694,0
0.0,0.6035983,1.5414529,0
0.0,0.5879105,1.5624468,0
0.0,0.56352997,1.566618,0
0.0,0.5726322,1.5712512,0
0.0,0.56936955,1.5703206,0
0.0,0.5511683,1.451641,0
0.0,0.54194427,1.4742199,0
0.0,0.5293308,1.2977223,0
0.0,0.533333,1.4328504,0
0.0,0.540202,1.2594423,0
0.0,0.5257603,1.3105915,0
0.0,0.54976803,1.3061546,0
0.0,0.53128517,1.2341435,0
0.0,0.54580903,1.2126744,0
0.0,0.5190565,1.162457,0
0.0,0.5642076,1.072017,0
0.0,0.53789204,1.2003691,0
0.0,0.5482257,1.217665,0
0.0,0.5197435,1.2899054,0
0.0,0.5556713,1.2580265,0
0.0,0.5368465,1.2601733,0
0.0,0.5415332,1.2473023,0
0.0,0.5094332,1.2717156,0
0.0,0.5064935,1.2595447,0
0.0,0.5055786,1.1576895,0
0.0,0.52551866,1.0668682,0
0.0,0.5142237,1.0524951,0
0.0,0.5221493,1.0911638,0
0.0,0.505377,1.0956048,0
0.0,0.5264877,1.1549419,0
0.0,0.51309377,1.1560829,0
0.0,0.5344315,1.2093828,0
0.0,0.5141152,1.0733042,0
0.0,0.5184521,1.1061294,0
0.0,0.51727897,1.1054835,0
0.0,0.53980345,1.1207148,0
0.0,0.536099,1.1350198,0
0.0,0.5445332,1.1318204,0
0.0,0.5263071,1.1173546,0
0.0,0.52918285,1.1170914,0
0.0,0.53472036,0.96345556,0
0.0,0.53697217,0.9422185,0
0.0,0.5238947,0.8921596,0
0.0,0.5056826,0.87666464,0
0.0,0.49450064,0.8810251,0
0.0,0.51056707,0.86285156,0
0.0,0.504794,0.84713835,0
0.0,0.5214349,0.8421917,0
0.0,0.49782878,0.7073315,0
0.0,0.49775174,0.66944975,0
0.0,0.49961376,0.60742337,0
0.0,0.46357077,0.6846409,0
0.0,0.44724172,0.7134278,0
0.0,0.3985989,0.7345877,0
0.0,0.3975781,0.6958535,0
0.0,0.3791494,0.7189428,0
0.0,0.37212968,0.70163935,0
0.0,0.35762295,0.7265724,0
0.0,0.3469183,0.6711551,0
0.0,0.32540154,0.6224386,0
0.0,0.32191786,0.6393112,0
0.0,0.3022951,0.5986471,0
0.0,0.32669055,0.58688897,0
0.0,0.32504526,0.5443542,0
0.0,0.34092465,0.5436691,0
0.0,0.33316532,0.4870973,0
0.0,0.35838673,0.41100374,0
0.0,0.33558577,0.39358258,0
0.0,0.34607765,0.33467376,0
0.0,0.31668758,0.3829121,0
0.0,0.33490467,0.36659008,0
0.0,0.29768246,0.3916617,0
0.0,0.297332,0.4539745,0
0.0,0.2842529,0.5067994,0
0.0,0.2973358,0.4950242,0
0.0,0.27739117,0.5086833,0
0.0,0.271473,0.56522936,0
0.0,0.25983515,0.5739223,0
0.0,0.26220578,0.5915562,0
0.0,0.24929775,0.65502155,0
0.0,0.25622287,0.6540563,0
0.0,0.25366607,0.6636031,0
0.0,0.28281078,0.6635858,0
0.0,0.28288528,0.56635964,0
0.0,0.31098288,0.5113827,0
0.0,0.2943671,0.5259038,0
0.0,0.30908048,0.5167614,0
0.0,0.3007455,0.5096626,0
0.0,0.3120226,0.49450237,0
0.0,0.30503848,0.5147324,0
0.0,0.3156406,0.5245834,0
0.0,0.30537438,0.5243113,0
0.0,0.307642,0.51328766,0
0.0,0.30375165,0.5174111,0
0.0,0.325087,0.49773908,0
0.0,0.30287603,0.57128924,0
0.0,0.30263636,0.61151695,0
0.0,0.28873828,0.64080596,0
0.0,0.2931793,0.6381093,0
0.0,0.29411596,0.6375584,0
0.0,0.28990582,0.64423466,0
0.0,0.30139026,0.61751866,0
0.0,0.30166218,0.6060298,0
0.0,0.3095098,0.60063386,0
0.0,0.3046088,0.5634632,0
0.0,0.30810332,0.52180254,0
0.0,0.3123392,0.52512753,0
0.0,0.3023272,0.5308966,0
0.0,0.3104924,0.4871127,0
0.0,0.2991724,0.4948721,0
0.0,0.30215898,0.47629848,0
0.0,0.33407414,0.4152128,0
0.0,0.45636544,0.38152426,0
0.0,0.40597618,0.37652576,0
0.0,0.41812542,0.43555507,0
0.0,0.4528643,0.45619684,0
0.0,0.52942884,0.43609652,0
0.0,0.50063294,0.44469827,0
0.0,0.5224304,0.4585518,0
0.0,0.5574778,0.45145357,0
0.0,0.6656388,0.44912842,0
0.0,0.5755933,0.42306215,0
0.0,0.5624671,0.41743267,0
0.0,0.5832319,0.41594243,0
0.0,0.6697175,0.45501053,0
0.0,0.5668432,0.45055544,0
0.0,0.53531516,0.45911074,0
0.0,0.5854835,0.41694725,0
0.0,0.68426627,0.39071304,0
0.0,0.5526925,0.3656451,0
0.0,0.5007716,0.36767814,0
0.0,0.574307,0.38437176,0
0.0,0.630844,0.37538975,0
0.0,0.5555971,0.4007187,0
0.0,0.54067534,0.40136653,0
0.0,0.520087,0.4115346,0
0.0,0.5376574,0.4271766,0
0.0,0.48939264,0.45088202,0
0.0,0.4895446,0.44926798,0
0.0,0.46881548,0.46316564,0
0.0,0.4866141,0.46140033,0
0.0,0.37785304,0.51119494,0
0.0,0.34613013,0.5163249,0
0.0,0.34141907,0.54301393,0
0.0,0.34475395,0.5294541,0
0.0,0.33586717,0.52616286,0
0.0,0.33159503,0.46642965,0
0.0,0.31916553,0.43214032,0
0.0,0.32628423,0.41276643,0
0.0,0.2998336,0.44679326,0
0.0,0.30778104,0.44428068,0
0.0,0.28724054,0.45908475,0
0.0,0.30267364,0.4481696,0
0.0,0.28355885,0.4734831,0
0.0,0.2956796,0.47119096,0
0.0,0.27031973,0.5016314,0
0.0,0.27706638,0.46394005,0
0.0,0.25574586,0.48634985,0
0.0,0.25592282,0.505842,0
0.0,0.24342145,0.5994029,0
0.0,0.24256074,0.60549945,0
0.0,0.23035225,0.61038506,0
0.0,0.23152281,0.61253107,0
0.0,0.23138987,0.60196424,0
0.0,0.233942,0.60390544,0
0.0,0.23387668,0.6336013,0
0.0,0.24193281,0.6524043,0
0.0,0.23892295,0.6549248,0
0.0,0.24960883,0.6065079,0
0.0,0.24794018,0.5885421,0
0.0,0.25703144,0.58170044,0
0.0,0.24721482,0.61442256,0
0.0,0.25118148,0.6028392,0
0.0,0.24479727,0.60678875,0
0.0,0.25381178,0.6296391,0
0.0,0.24365471,0.65961146,0
0.0,0.25142735,0.6758192,0
0.0,0.24309048,0.7533672,0
0.0,0.2545322,0.7487869,0
0.0,0.24114364,0.77292776,0
0.0,0.25532332,0.7630863,0
0.0,0.24190524,0.79059047,0
0.0,0.2530575,0.7824533,0
0.0,0.2315997,0.81579006,0
0.0,0.24227875,0.83671004,0
0.0,0.22435902,0.87734425,0
0.0,0.22674629,0.8684551,0
0.0,0.20869118,0.89898294,0
0.0,0.21690394,0.870412,0
0.0,0.205992,0.89404047,0
0.0,0.20822212,0.90925795,0
0.0,0.19759028,0.8436104,0
0.0,0.20212345,0.8537556,0
0.0,0.20047446,0.86726546,0
0.0,0.20268327,0.88482213,0
0.0,0.20048289,0.90145475,0
0.0,0.20874566,0.95376694,0
0.0,0.20718522,0.9833361,0
0.0,0.20740794,0.9523617,0
0.0,0.19667481,0.9979225,0
0.0,0.20520191,1.0736513,0
0.0,0.1983249,1.0771241,0
0.0,0.19347794,1.1096241,0
0.0,0.18672,1.1228981,0
0.0,0.18705074,1.1139672,0
0.0,0.18833087,1.1242229,0
0.0,0.18263282,1.1131787,0
0.0,0.18476693,1.0700157,0
0.0,0.18349507,1.0660303,0
0.0,0.18791682,1.0229964,0
0.0,0.18778832,1.0106606,0
0.0,0.19244647,0.98909277,0
0.0,0.19613189,0.9980824,0
0.0,0.20515004,0.97578585,0
0.0,0.2020405,0.95709604,0
0.0,0.19990672,1.0111271,0
0.0,0.19722085,1.0371076,0
0.0,0.19170395,1.0346955,0
0.0,0.18585998,1.0557522,0
0.0,0.18186438,1.0758154,0
0.0,0.18065444,1.0767722,0
0.0,0.18410517,1.0591862,0
0.0,0.18208764,1.0566626,0
0.0,0.18184659,1.0131884,0
0.0,0.18195683,0.999165,0
0.0,0.18768795,1.0492597,0
0.0,0.18630171,1.0334163,0
0.0,0.185924,1.0284126,0
0.0,0.19002023,0.99078774,0
0.0,0.1971445,0.85964835,0
0.0,0.19668107,0.8610848,0
0.0,0.19734538,0.88896304,0
0.0,0.20231321,0.82462984,0
0.0,0.20147167,0.84242153,0
0.0,0.19698185,0.8823843,0
0.0,0.18967585,0.8918957,0
0.0,0.19013233,0.90193206,0
0.0,0.1897093,0.92627186,0
0.0,0.19136116,0.93035114,0
0.0,0.18954945,0.9433292,0
0.0,0.19582817,0.98626614,0
0.0,0.20025358,0.9846374,0
0.0,0.20078816,0.964748,0
0.0,0.19896829,0.97497636,0
0.0,0.20668878,0.9497242,0
0.0,0.21971022,0.9428921,0
0.0,0.21583809,0.9769697,0
0.0,0.21701543,0.960073,0
0.0,0.21701197,0.9222352,0
0.0,0.2242785,0.89216125,0
0.0,0.21916766,0.90049934,0
0.0,0.21545492,0.9246665,0
0.0,0.21278393,0.92971635,0
0.0,0.21527524,0.98919976,0
0.0,0.21226522,1.0154645,0
0.0,0.20823534,1.0132992,0
0.0,0.21566696,0.99353296,0
0.0,0.22700022,0.9217541,0
0.0,0.22870903,0.9542085,0
0.0,0.22386776,1.003081,0
0.0,0.22856736,1.0282133,0
0.0,0.22988847,1.066654,0
0.0,0.22932065,1.0694686,0
0.0,0.23365076,1.0296199,0
0.0,0.23003629,1.0487988,0
0.0,0.23154514,1.0559194,0
0.0,0.22014847,1.0292323,0
0.0,0.2219371,0.993252,0
0.0,0.21709967,0.9996842,0
0.0,0.2174797,0.9771199,0
0.0,0.21353182,0.9806135,0
0.0,0.2295665,0.9293468,0
0.0,0.2257683,0.86717814,0
0.0,0.24662523,0.83694553,0
0.0,0.2314586,0.87481034,0
0.0,0.24496838,0.8475783,0
0.0,0.24154644,0.8533305,0
0.0,0.2628469,0.7936568,0
0.0,0.25063068,0.81308186,0
0.0,0.26489183,0.8570702,0
0.0,0.25848982,0.85540265,0
0.0,0.27349627,0.8307799,0
0.0,0.25315008,0.8882134,0
0.0,0.27298597,0.83077717,0
0.0,0.25170806,0.8647778,0
0.0,0.26810047,0.7985245,0
0.0,0.24475159,0.7897851,0
0.0,0.24687532,0.7888114,0
0.0,0.2484251,0.7906706,0
0.0,0.25807428,0.802317,0
0.0,0.26093924,0.8119463,0
0.0,0.2624556,0.76800275,0
0.0,0.2686506,0.6885977,0
0.0,0.27136746,0.6679019,0
0.0,0.27262923,0.6715788,0
0.0,0.2578225,0.7029304,0
0.0,0.2520102,0.70692766,0
0.0,0.23667644,0.7004303,0
0.0,0.24620904,0.6873038,0
0.0,0.23374008,0.72992,0
0.0,0.23633413,0.73454964,0
0.0,0.2250748,0.73734653,0
0.0,0.23894316,0.7011853,0
0.0,0.24181846,0.69274384,0
0.0,0.27637106,0.6479552,0
0.0,0.24388957,0.68029267,0
0.0,0.28914762,0.6015647,0
0.0,0.25081745,0.65078133,0
0.0,0.27570164,0.6151255,0
0.0,0.24829233,0.6377686,0
0.0,0.2822864,0.5882633,0
0.0,0.25624996,0.5127648,0
0.0,0.26800025,0.47486436,0
0.0,0.25106174,0.49571425,0
0.0,0.27618107,0.4580382,0
0.0,0.26788554,0.45209938,0
0.0,0.2754516,0.43483776,0
0.0,0.26245773,0.42257425,0
0.0,0.28850022,0.4149504,0
0.0,0.27565205,0.41466686,0
0.0,0.3073243,0.38610077,0
0.0,0.28240633,0.37345088,0
0.0,0.32383052,0.29260126,0
0.0,0.2940884,0.3100625,0
0.0,0.33779877,0.28816172,0
0.0,0.32048014,0.28152284,0
0.0,0.39410657,0.2528889,0
0.0,0.33228365,0.2445901,0
0.0,0.3845412,0.20294836,0
0.0,0.33925337,0.22819777,0
0.0,0.3932523,0.2228377,0
0.0,0.3870106,0.19851983,0
0.0,0.45969743,0.21485308,0
0.0,0.4191879,0.22096106,0
0.0,0.48022205,0.23839343,0
0.0,0.5102028,0.24917291,0
0.0,0.58318985,0.30705476,0
0.0,0.537951,0.26258427,0
0.0,0.59192276,0.31903905,0
0.0,0.5832868,0.30842566,0
0.0,0.61317897,0.33053726,0
0.0,0.55242103,0.28746974,0
0.0,0.60223234,0.33722985,0
0.0,0.6088609,0.3869779,0
0.0,0.63519347,0.44121075,0
0.0,0.6115968,0.40252802,0
0.0,0.6636621,0.41531396,0
0.0,0.6770745,0.44383532,0
0.0,0.6811943,0.5319475,0
0.0,0.6342875,0.5320914,0
0.0,0.71490437,0.6667962,0
0.0,0.75903755,0.74765307,0
0.0,0.788347,0.7942563,0
0.0,0.79310167,0.8263062,0
0.0,0.8264475,0.88620293,0
0.0,0.83978766,0.8998656,0
0.0,0.84383374,0.9014281,0
0.0,0.8327932,0.9027889,0
0.0,0.8552738,1.0341465,0
0.0,0.85326207,1.0334826,0
0.0,0.84561116,1.0050864,0
0.0,0.8215808,0.9988769,0
0.0,0.85505897,1.0733616,0
0.0,0.8637141,1.1049646,0
0.0,0.8869836,1.1401975,0
0.0,0.87814957,1.0991521,0
0.0,0.8900864,1.1369137,0
0.0,0.89622694,1.1819091,0
0.0,0.9060477,1.2068133,0
0.0,0.8854907,1.1921874,0
0.0,0.9001908,1.2246444,0
0.0,0.9089586,1.251106,0
0.0,0.91847795,1.299825,0
0.0,0.904477,1.2833395,0
0.0,0.8982469,1.2882762,0
0.0,0.8907524,1.2357125,0
0.0,0.88228315,1.1940515,0
0.0,0.85941905,1.2098279,0
0.0,0.8476392,1.1880615,0
0.0,0.859424,1.1906385,0
0.0,0.8300528,1.0775278,0
0.0,0.8237166,1.0238134,0
0.0,0.81277746,1.0050774,0
0.0,0.83871484,1.0423245,0
0.0,0.8027803,0.9785435,0
0.0,0.81829596,1.0128036,0
0.0,0.8019989,0.9784819,0
0.0,0.8251795,1.0707777,0
0.0,0.7798779,0.9872985,0
0.0,0.79675895,0.9798145,0
0.0,0.7599013,0.87994766,0
0.0,0.7791273,0.9159467,0
0.0,0.69975716,0.81840175,0
0.0,0.73303115,0.8856309,0
0.0,0.68032503,0.78040975,0
0.0,0.72074187,0.85254884,0
0.0,0.6504154,0.7200289,0
0.0,0.69063395,0.7704035,0
0.0,0.66820943,0.7396469,0
0.0,0.71207345,0.7834935,0
0.0,0.66531605,0.7168664,0
0.0,0.699171,0.75498414,0
0.0,0.6848855,0.7116356,0
0.0,0.695943,0.73602134,0
0.0,0.6696653,0.6804523,0
0.0,0.7185337,0.75024354,0
0.0,0.69761366,0.7145247,0
0.0,0.7028248,0.7370912,0
0.0,0.6726919,0.7731334,0
0.0,0.7399068,0.8325358,0
0.0,0.68957067,0.7538161,0
0.0,0.68253005,0.77569747,0
0.0,0.6711145,0.74483055,0
0.0,0.7033192,0.79797286,0
0.0,0.70592344,0.7874938,0
0.0,0.6876482,0.75173616,0
0.0,0.7252377,0.8070991,0
0.0,0.75492805,0.8360421,0
0.0,0.76164186,0.8706687,0
0.0,0.73683053,0.83761996,0
0.0,0.7728232,0.8917506,0
0.0,0.78365993,0.9151441,0
0.0,0.7586774,0.8232658,0
0.0,0.72262996,0.79813963,0
0.0,0.7244903,0.7762128,0
0.0,0.74418575,0.73036224,0
0.0,0.6743588,0.6319003,0
0.0,0.6411939,0.5943852,0
0.0,0.6400592,0.66486377,0
0.0,0.66888136,0.72559917,0
0.0,0.61857665,0.66133094,0
0.0,0.6261176,0.6664247,0
0.0,0.6436458,0.65537715,0
0.0,0.65269506,0.7061141,0
0.0,0.62535447,0.7294775,0
0.0,0.66351384,0.76239944,0
0.0,0.66566396,0.7660768,0
0.0,0.7166788,0.83213896,0
0.0,0.63781685,0.70150006,0
0.0,0.6988715,0.7734868,0
0.0,0.67513824,0.6599045,0
0.0,0.74597883,0.74069005,0
0.0,0.6622913,0.6431338,0
0.0,0.6890304,0.6525283,0
0.0,0.64428276,0.65377295,0
0.0,0.6569283,0.6741806,0
0.0,0.59190387,0.58120906,0
0.0,0.63141495,0.63069,0
0.0,0.62544733,0.6244892,0
0.0,0.6403859,0.6779482,0
0.0,0.6403738,0.73961735,0
0.0,0.6856265,0.7406957,0
0.0,0.7557491,0.83207035,0
0.0,0.700639,0.74721485,0
0.0,0.7056284,0.7625603,0
0.0,0.6966731,0.79289424,0
0.0,0.72899944,0.80133057,0
0.0,0.63719034,0.6791611,0
0.0,0.63123876,0.6717833,0
0.0,0.57858545,0.6362327,0
0.0,0.638724,0.7101692,0
0.0,0.5300388,0.57953954,0
0.0,0.5621793,0.60913044,0
0.0,0.49565238,0.55528194,0
0.0,0.546203,0.6351586,0
0.0,0.4537527,0.5887642,0
0.0,0.4944322,0.5846532,0
0.0,0.4838927,0.5920767,0
0.0,0.5476641,0.65815526,0
0.0,0.4980404,0.66110384,0
0.0,0.5319894,0.79028845,0
0.0,0.52138364,0.7745758,0
0.0,0.56988335,0.8182293,0
0.0,0.51802564,0.7735641,0
0.0,0.5195395,0.76255035,0
0.0,0.5232012,0.8104984,0
0.0,0.5167003,0.7700808,0
0.0,0.5112808,0.7643259,0
0.0,0.49821278,0.77181375,0
0.0,0.49149576,0.7647244,0
0.0,0.4807185,0.7812967,0
0.0,0.49670404,0.76429784,0
0.0,0.49282664,0.6892917,0
0.0,0.50791,0.7000426,0
0.0,0.48607564,0.68492573,0
0.0,0.50104225,0.74834573,0
0.0,0.48537275,0.7656377,0
0.0,0.49466172,0.7169198,0
0.0,0.48496208,0.7123822,0
0.0,0.49569723,0.7179878,0
0.0,0.48199168,0.7243782,0
0.0,0.49225914,0.742155,0
0.0,0.4823149,0.67309743,0
0.0,0.5167661,0.7405926,0
0.0,0.4710965,0.70337605,0
0.0,0.4641349,0.7517196,0
0.0,0.45598117,0.7359249,0
0.0,0.47370505,0.67876893,0
0.0,0.4462074,0.65411866,0
0.0,0.4272878,0.6195958,0
0.0,0.43108258,0.60211146,0
0.0,0.42709696,0.59470063,0
0.0,0.42911404,0.5027267,0
0.0,0.41821247,0.50642353,0
0.0,0.43083033,0.5119284,0
0.0,0.4215036,0.49996573,0
0.0,0.42595908,0.5340047,0
0.0,0.41789323,0.52586573,0
0.0,0.44896626,0.52199906,0
0.0,0.4606209,0.5076869,0
0.0,0.47097144,0.50227284,0
0.0,0.45242855,0.5294192,0
0.0,0.4893902,0.52433395,0
0.0,0.5056041,0.53231555,0
0.0,0.52607083,0.54981375,0
0.0,0.475589,0.52298725,0
0.0,0.51497173,0.5584078,0
0.0,0.4852956,0.48829436,0
0.0,0.48493868,0.46176615,0
0.0,0.4560644,0.46030053,0
0.0,0.4705838,0.48557976,0
0.0,0.456653,0.48885554,0
0.0,0.45883265,0.48925993,0
0.0,0.4558763,0.45837325,0
0.0,0.4805929,0.47632357,0
0.0,0.46084356,0.41836786,0
0.0,0.4656512,0.44642615,0
0.0,0.4409361,0.39653745,0
0.0,0.48633277,0.40415925,0
0.0,0.48110676,0.41749275,0
0.0,0.5309542,0.48713326,0
0.0,0.53795904,0.49409404,0
0.0,0.5561502,0.49937728,0
0.0,0.6040709,0.5003444,0
0.0,0.6504312,0.53789747,0
0.0,0.6848637,0.57093865,0
0.0,0.6857018,0.573616,0
0.0,0.705277,0.6133152,0
0.0,0.7323931,0.6035044,0
0.0,0.76622903,0.57985866,0
0.0,0.7148502,0.5143849,0
0.0,0.7464666,0.5541615,0
0.0,0.7779392,0.58117664,0
0.0,0.78685284,0.55990165,0
0.0,0.750864,0.545488,0
0.0,0.7956534,0.6227976,0
0.0,0.85812616,0.7053689,0
0.0,0.86917484,0.72652245,0
0.0,0.8693266,0.7378019,0
0.0,0.8967907,0.7744492,0
0.0,0.9307869,0.841347,0
0.0,0.93617624,0.8564762,0
0.0,0.92799646,0.8154521,0
0.0,0.93451273,0.8065475,0
0.0,0.9463389,0.8014347,0
0.0,0.9421251,0.79928863,0
0.0,0.93759584,0.8256639,0
0.0,0.9286581,0.8079793,0
0.0,0.92894,0.74941444,0
0.0,0.9206509,0.70089436,0
0.0,0.90898675,0.6658439,0
0.0,0.90984756,0.64235306,0
0.0,0.9179913,0.6052872,0
0.0,0.90321624,0.57746345,0
0.0,0.91723114,0.6380703,0
0.0,0.90994805,0.66923624,0
0.0,0.9259355,0.70675814,0
0.0,0.9283532,0.7184444,0
0.0,0.9352035,0.73310935,0
0.0,0.92341,0.71028167,0
0.0,0.9060884,0.6864521,0
0.0,0.90574324,0.7122116,0
0.0,0.9033759,0.70517564,0
0.0,0.89422584,0.6820576,0
0.0,0.8734129,0.67198414,0
0.0,0.8776078,0.71895653,0
0.0,0.87806416,0.71651757,0
0.0,0.87095743,0.68140996,0
0.0,0.8241422,0.61065614,0
0.0,0.8232311,0.58747923,0
0.0,0.8120898,0.5988749,0
0.0,0.80626154,0.5802121,0
0.0,0.7824158,0.54237115,0
0.0,0.7393898,0.49042985,0
0.0,0.7299224,0.48544705,0
0.0,0.7048098,0.46720567,0
0.0,0.6538217,0.4212112,0
0.0,0.6326897,0.39604342,0
0.0,0.61441106,0.36398154,0
0.0,0.63973683,0.39733022,0
0.0,0.56787443,0.37964427,0
0.0,0.5557145,0.37166032,0
0.0,0.5221475,0.34979188,0
0.0,0.5799303,0.40404528,0
0.0,0.55453664,0.37758726,0
0.0,0.5633415,0.39257193,0
0.0,0.5449556,0.35966146,0
0.0,0.60139906,0.37222186,0
0.0,0.55330193,0.34190452,0
0.0,0.5511338,0.33487093,0
0.0,0.5063982,0.31818238,0
0.0,0.5691157,0.34316495,0
0.0,0.5370825,0.31995127,0
0.0,0.5557141,0.31920958,0
0.0,0.5033655,0.29990342,0
0.0,0.60512286,0.34677452,0
0.0,0.5045963,0.2956344,0
0.0,0.54676455,0.25876594,0
0.0,0.49481788,0.22817756,0
0.0,0.6259945,0.27504116,0
0.0,0.5585149,0.24658078,0
0.0,0.6071779,0.28623343,0
0.0,0.5382684,0.21805426,0
0.0,0.5950592,0.24407157,0
0.0,0.5253796,0.21353246,0
0.0,0.52515304,0.22956872,0
0.0,0.47223532,0.20680681,0
0.0,0.49332473,0.20601639,0
0.0,0.43129188,0.19253916,0
0.0,0.41573653,0.19768468,0
0.0,0.3785606,0.19875953,0
0.0,0.39535412,0.20199949,0
0.0,0.388951,0.18772377,0
0.0,0.39667425,0.1867573,0
0.0,0.4200153,0.184033,0
0.0,0.43376943,0.16173096,0
0.0,0.43268558,0.16595563,0
0.0,0.4181301,0.15970212,0
0.0,0.4080274,0.16243917,0
0.0,0.4352374,0.16262548,0
0.0,0.43036652,0.15602614,0
0.0,0.4477662,0.15877971,0
0.0,0.4417684,0.15089846,0
0.0,0.43443403,0.14861527,0
0.0,0.45006517,0.14940454,0
0.0,0.48010567,0.15442976,0
0.0,0.4763282,0.15229456,0
0.0,0.5151069,0.16110767,0
0.0,0.49015117,0.153027,0
0.0,0.5843538,0.18625982,0
0.0,0.52387285,0.16911429,0
0.0,0.5517057,0.20173547,0
0.0,0.49935198,0.18747461,0
0.0,0.60047936,0.20160514,0
0.0,0.5005816,0.17920062,0
0.0,0.51832986,0.18196157,0
0.0,0.48423287,0.1731802,0
0.0,0.5608606,0.20363286,0
0.0,0.45424625,0.18440661,0
0.0,0.49012232,0.19138213,0
0.0,0.44237366,0.18380421,0
0.0,0.52794623,0.18717024,0
0.0,0.43949917,0.17187195,0
0.0,0.42859644,0.18825236,0
0.0,0.39491546,0.17320229,0
0.0,0.44459924,0.2091397,0
0.0,0.36936387,0.2187542,0
0.0,0.3985288,0.21638434,0
0.0,0.37538293,0.2148117,0
0.0,0.4105453,0.21318665,0
0.0,0.35570264,0.22499771,0
0.0,0.35895866,0.22417647,0
0.0,0.35807368,0.22388352,0
0.0,0.35764524,0.22433221,0
0.0,0.36144423,0.22407176,0
0.0,0.3559065,0.22522596,0
0.0,0.38611066,0.22328904,0
0.0,0.39307997,0.22368585,0
0.0,0.44914448,0.21991879,0
0.0,0.4386931,0.22007798,0
0.0,0.47853294,0.21180227,0
0.0,0.47745532,0.20201911,0
0.0,0.48525667,0.2071523,0
0.0,0.48647073,0.19807628,0
0.0,0.5089173,0.1818563,0
0.0,0.53467125,0.18572249,0
0.0,0.4925319,0.17748506,0
0.0,0.49326316,0.17935894,0
0.0,0.5250984,0.1846591,0
0.0,0.5462855,0.15769781,0
0.0,0.5642642,0.15921867,0
0.0,0.5531912,0.15255913,0
0.0,0.6036447,0.16393748,0
0.0,0.5870148,0.15907267,0
0.0,0.55458605,0.1498244,0
0.0,0.55618656,0.11658853,0
0.0,0.5982032,0.120253615,0
0.0,0.602046,0.099026136,0
0.0,0.55047834,0.083777025,0
0.0,0.5304093,0.08140889,0
0.0,0.5352769,0.08409338,0
0.0,0.5242526,0.08921063,0
0.0,0.50136334,0.102033764,0
0.0,0.4824553,0.10580334,0
0.0,0.4725838,0.10644081,0
0.0,0.45238405,0.105420455,0
0.0,0.4350752,0.10543582,0
0.0,0.4119752,0.10884554,0
0.0,0.4264603,0.105100475,0
0.0,0.405458,0.10835043,0
0.0,0.45505616,0.10195237,0
0.0,0.40794048,0.11059943,0
0.0,0.4437133,0.10940209,0
0.0,0.4131805,0.11192403,0
0.0,0.42181078,0.120309025,0
0.0,0.37394047,0.12599826,0
0.0,0.39047283,0.12358258,0
0.0,0.36923212,0.12782478,0
0.0,0.38585946,0.11612756,0
0.0,0.346849,0.11870156,0
0.0,0.35533658,0.117415085,0
0.0,0.3462685,0.12327237,0
0.0,0.36798298,0.11875686,0
0.0,0.34916887,0.1187704,0
0.0,0.36653,0.11208543,0
0.0,0.37285724,0.11564493,0
0.0,0.3763649,0.11232111,0
0.0,0.36661428,0.1435462,0
0.0,0.3697337,0.14499584,0
0.0,0.36400414,0.14364615,0
0.0,0.3627538,0.1503978,0
0.0,0.34069502,0.15236343,0
0.0,0.3616295,0.15685627,0
0.0,0.3626852,0.14389846,0
0.0,0.35976654,0.120020285,0
0.0,0.34966573,0.11874635,0
0.0,0.3507945,0.12180595,0
0.0,0.36467636,0.12858479,0
0.0,0.3654474,0.1286701,0
0.0,0.39733198,0.13008499,0
0.0,0.4045318,0.13402441,0
0.0,0.46945995,0.14856888,0
0.0,0.4638215,0.14738199,0
0.0,0.49056852,0.15760224,0
0.0,0.50231653,0.16037026,0
0.0,0.5717303,0.194042,0
0.0,0.53610307,0.19503719,0
0.0,0.5208468,0.1866225,0
0.0,0.5036552,0.18721141,0
0.0,0.51696575,0.19603813,0
0.0,0.44010875,0.17326623,0
0.0,0.43487614,0.17246798,0
0.0,0.45161104,0.1852259,0
0.0,0.4900687,0.19709128,0
0.0,0.46083865,0.18576783,0
0.0,0.4769425,0.19126485,0
0.0,0.48264226,0.20776305,0
0.0,0.519248,0.23264872,0
0.0,0.48266152,0.2127972,0
0.0,0.5037253,0.18811074,0
0.0,0.5049023,0.18811047,0
0.0,0.5139032,0.19942862,0
0.0,0.46931446,0.18192282,0
0.0,0.46131697,0.17823431,0
0.0,0.47266495,0.18320996,0
0.0,0.45848358,0.19107279,0
0.0,0.48675427,0.20578338,0
0.0,0.5114767,0.22283712,0
0.0,0.5290736,0.23296957,0
0.0,0.5295442,0.22111608,0
0.0,0.5694772,0.24789649,0
0.0,0.6144765,0.28561264,0
0.0,0.64165694,0.3262857,0
0.0,0.6562169,0.34694046,0
0.0,0.6951133,0.3791518,0
0.0,0.7060116,0.3863138,0
0.0,0.68059266,0.38615036,0
0.0,0.6957511,0.42996332,0
0.0,0.76763713,0.5237603,0
0.0,0.7748494,0.52501357,0
0.0,0.7611914,0.50621974,0
0.0,0.7693112,0.52233005,0
0.0,0.78498363,0.52871025,0
0.0,0.788119,0.52863276,0
0.0,0.786109,0.5112799,0
0.0,0.7922186,0.52061075,0
0.0,0.8347027,0.6056353,0
0.0,0.8293893,0.60159355,0
0.0,0.7893743,0.5264121,0
0.0,0.7986554,0.5220759,0
0.0,0.8454786,0.57044566,0
0.0,0.8199105,0.5452877,0
0.0,0.80042374,0.5498714,0
0.0,0.7937003,0.54925704,0
0.0,0.8353618,0.5818313,0
0.0,0.7894645,0.516827,0
0.0,0.74906224,0.4714517,0
0.0,0.74048734,0.47423866,0
0.0,0.8056171,0.5767108,0
0.0,0.77871907,0.5387052,0
0.0,0.8121451,0.5830561,0
0.0,0.79890037,0.57622254,0
0.0,0.86166996,0.6687126,0
0.0,0.8181213,0.61127734,0
0.0,0.8663295,0.6659686,0
0.0,0.8353712,0.60634047,0
0.0,0.8807203,0.67707276,0
0.0,0.838172,0.6206994,0
0.0,0.84090304,0.61084497,0
0.0,0.8120517,0.55650496,0
0.0,0.85227656,0.55335927,0
0.0,0.7789488,0.45170242,0
0.0,0.8420956,0.564503,0
0.0,0.8175744,0.5374066,0
0.0,0.84900653,0.5948056,0
0.0,0.7724798,0.49620962,0
0.0,0.8308747,0.5680301,0
0.0,0.8144122,0.5427376,0
0.0,0.8224535,0.5562898,0
0.0,0.7580698,0.47823474,0
0.0,0.8315964,0.5704379,0
0.0,0.8187226,0.55543345,0
0.0,0.8258299,0.59488636,0
0.0,0.7681944,0.5234848,0
0.0,0.8229638,0.59165084,0
0.0,0.8209154,0.5872916,0
0.0,0.8087674,0.5693933,0
0.0,0.7672084,0.52332264,0
0.0,0.80069166,0.57452965,0
0.0,0.8001302,0.5374105,0
0.0,0.7911284,0.49774733,0
0.0,0.7607541,0.45518667,0
0.0,0.7893224,0.48832056,0
0.0,0.7960819,0.49493587,0
0.0,0.78191507,0.48745775,0
0.0,0.7799991,0.5086291,0
0.0,0.8120864,0.5580449,0
0.0,0.8138116,0.56083,0
0.0,0.80994916,0.56960416,0
0.0,0.81364006,0.594668,0
0.0,0.8254655,0.59905744,0
0.0,0.81999743,0.5884553,0
0.0,0.82404625,0.60488534,0
0.0,0.8129188,0.58993864,0
0.0,0.82235867,0.5920059,0
0.0,0.81181973,0.56218475,0
0.0,0.8156348,0.5487283,0
0.0,0.8123194,0.5315651,0
0.0,0.8311304,0.5848578,0
0.0,0.81680065,0.5710955,0
0.0,0.8141097,0.5506209,0
0.0,0.8116625,0.5547043,0
0.0,0.80563354,0.54259884,0
0.0,0.7941082,0.53061116,0
0.0,0.7893268,0.5267823,0
0.0,0.79709506,0.5163868,0
0.0,0.80114144,0.5040779,0
0.0,0.7858924,0.47205618,0
0.0,0.7772399,0.4761787,0
0.0,0.8164615,0.5423807,0
0.0,0.82190764,0.5560395,0
0.0,0.8073114,0.5392456,0
0.0,0.7822029,0.51036155,0
0.0,0.8269085,0.5881914,0
0.0,0.8221464,0.59226716,0
0.0,0.79836726,0.56003106,0
0.0,0.7694092,0.51391983,0
0.0,0.81768256,0.54852164,0
0.0,0.7979041,0.49802336,0
0.0,0.7873989,0.49744526,0
0.0,0.7642105,0.4856332,0
0.0,0.79969096,0.5050237,0
0.0,0.7699405,0.45959526,0
0.0,0.76518834,0.46700805,0
0.0,0.73944396,0.4789123,0
0.0,0.76076263,0.5049459,0
0.0,0.7353576,0.47077602,0
0.0,0.72752213,0.47363994,0
0.0,0.6881313,0.4314335,0
0.0,0.71570414,0.5106336,0
0.0,0.6826378,0.46373233,0
0.0,0.6975753,0.46772704,0
0.0,0.66169465,0.44583273,0
0.0,0.6807301,0.48433465,0
0.0,0.6486086,0.45149848,0
0.0,0.70748365,0.5239306,0
0.0,0.68790627,0.48258904,0
0.0,0.70105255,0.49643394,0
0.0,0.6732615,0.4599355,0
0.0,0.7351479,0.54850084,0
0.0,0.70571464,0.5001055,0
0.0,0.7215651,0.4972678,0
0.0,0.706692,0.4567517,0
0.0,0.74325013,0.5037013,0
0.0,0.7183204,0.47628754,0
0.0,0.73353535,0.49277544,0
0.0,0.7195013,0.46216828,0
0.0,0.7197816,0.45578545,0
0.0,0.7230115,0.48491678,0
0.0,0.7377232,0.5325426,0
0.0,0.7347327,0.52918804,0
0.0,0.7403582,0.52609605,0
0.0,0.7665612,0.5443949,0
0.0,0.7431815,0.52010983,0
0.0,0.7540293,0.54487646,0
0.0,0.73147124,0.5019757,0
0.0,0.7738867,0.49327844,0
0.0,0.73326087,0.44016248,0
0.0,0.7308044,0.4332658,0
0.0,0.69175893,0.4003268,0
0.0,0.7295782,0.45919383,0
0.0,0.6675154,0.34717092,0
0.0,0.6588605,0.3239176,0
0.0,0.5795739,0.25908488,0
0.0,0.6233228,0.28276324,0
0.0,0.56401795,0.23226626,0
0.0,0.5636361,0.23291947,0
0.0,0.5135317,0.20205703,0
0.0,0.55446136,0.2320655,0
0.0,0.50800383,0.20243414,0
0.0,0.5113495,0.22135183,0
0.0,0.50239116,0.20471522,0
0.0,0.5282106,0.22356814,0
0.0,0.47627637,0.19206686,0
0.0,0.45740908,0.19500908,0
0.0,0.42502898,0.18305835,0
0.0,0.4239649,0.17831929,0
0.0,0.41127264,0.17150314,0
0.0,0.39053088,0.16811506,0
0.0,0.3720112,0.17246933,0
0.0,0.38113835,0.18049699,0
0.0,0.38243693,0.16499873,0
0.0,0.3732211,0.17343453,0
0.0,0.36872846,0.17239586,0
0.0,0.3639062,0.16914183,0
0.0,0.36832663,0.16983321,0
0.0,0.38530365,0.1865479,0
0.0,0.40109935,0.19444552,0
0.0,0.4200614,0.20014942,0
0.0,0.43398488,0.2068472,0
0.0,0.4356022,0.22322965,0
0.0,0.48565236,0.24389099,0
0.0,0.5016373,0.24386494,0
0.0,0.52303255,0.26803476,0
0.0,0.5439458,0.2992552,0
0.0,0.61749697,0.3715743,0
0.0,0.62187916,0.36025786,0
0.0,0.72191066,0.44734886,0
0.0,0.7551272,0.4799305,0
0.0,0.8026091,0.5557598,0
0.0,0.78627163,0.5777034,0
0.0,0.83662176,0.6720956,0
0.0,0.8609071,0.6723166,0
0.0,0.86080426,0.67384,0
0.0,0.8360306,0.67175853,0
0.0,0.85582834,0.7399419,0
0.0,0.883341,0.7957502,0
0.0,0.8690481,0.75330436,0
0.0,0.8812198,0.7677395,0
0.0,0.88026106,0.80738705,0
0.0,0.88528574,0.9393259,0
0.0,0.86167425,0.98718727,0
0.0,0.89091843,1.0221502,0
0.0,0.9107206,1.0567007,0
0.0,0.9257898,1.1181386,0
0.0,0.9108141,1.1320391,0
0.0,0.92312086,1.1894879,0
0.0,0.9322271,1.1912766,0
0.0,0.9484412,1.1751281,0
0.0,0.9217347,1.1323007,0
0.0,0.93062377,1.2006896,0
0.0,0.9188982,1.2201533,0
0.0,0.93777287,1.2738973,0
0.0,0.89324534,1.1727269,0
0.0,0.912435,1.2273009,0
0.0,0.89351827,1.2226387,0
0.0,0.9197539,1.275775,0
0.0,0.9037445,1.2707556,0
0.0,0.930545,1.3445904,0
0.0,0.90256965,1.314794,0
0.0,0.92455554,1.4341292,0
0.0,0.90783364,1.3984673,0
0.0,0.92281026,1.4060695,0
0.0,0.90673774,1.355346,0
0.0,0.93111914,1.4213476,0
0.0,0.91541135,1.4163668,0
0.0,0.9112685,1.3947134,0
0.0,0.8803004,1.3204051,0
0.0,0.90862983,1.3628639,0
0.0,0.88054824,1.3034632,0
0.0,0.88879883,1.3481631,0
0.0,0.84916526,1.2653444,0
0.0,0.8690393,1.205001,0
0.0,0.8643233,1.118373,0
0.0,0.88014376,1.1343637,0
0.0,0.8613431,1.108328,0
0.0,0.86836135,1.1720178,0
0.0,0.85689,1.149433,0
0.0,0.8714548,1.137425,0
0.0,0.85169506,1.1102335,0
0.0,0.8543968,1.15683,0
0.0,0.85326886,1.1652162,0
0.0,0.86563915,1.1720418,0
0.0,0.87659186,1.1876038,0
0.0,0.87574124,1.1435902,0
0.0,0.87847674,1.15205,0
0.0,0.8818321,1.1548429,0
0.0,0.8806454,1.1069235,0
0.0,0.8780665,1.0843836,0
0.0,0.87551564,1.0484113,0
0.0,0.8778768,1.0744835,0
0.0,0.8776588,1.0806277,0
0.0,0.87271065,1.01759,0
0.0,0.87384635,1.0182967,0
0.0,0.87402153,1.0113378,0
0.0,0.8787966,1.0176866,0
0.0,0.8703399,1.0315075,0
0.0,0.8591216,1.020772,0
0.0,0.8639709,1.0245062,0
0.0,0.8682988,1.0208175,0
0.0,0.8640156,1.0190696,0
0.0,0.8526024,1.0201111,0
0.0,0.8593651,1.0207784,0
0.0,0.8661976,0.9987863,0
0.0,0.86731964,0.9758116,0
0.0,0.85528064,0.9332685,0
0.0,0.8508025,0.92230475,0
0.0,0.8466621,0.8940475,0
0.0,0.8392859,0.8331114,0
0.0,0.8294342,0.78579664,0
0.0,0.8115022,0.75119257,0
0.0,0.8254533,0.7801311,0
0.0,0.8254589,0.74804103,0
0.0,0.8197219,0.7178265,0
0.0,0.80803084,0.6936689,0
0.0,0.8069512,0.6660875,0
0.0,0.82207566,0.701421,0
0.0,0.8223805,0.6978264,0
0.0,0.8133763,0.66124374,0
0.0,0.81574607,0.69290316,0
0.0,0.8183035,0.7096119,0
0.0,0.8100496,0.691755,0
0.0,0.8093094,0.704653,0
0.0,0.8159107,0.70435196,0
0.0,0.82941645,0.7220541,0
0.0,0.8372535,0.7086356,0
0.0,0.84552014,0.6866876,0
0.0,0.85307837,0.68288714,0
0.0,0.85996485,0.6496088,0
0.0,0.8665303,0.61791587,0
0.0,0.8707752,0.61855555,0
0.0,0.87920684,0.6055325,0
0.0,0.8845307,0.58386374,0
0.0,0.8742787,0.5548814,0
0.0,0.8869182,0.57289505,0
0.0,0.9038235,0.62498176,0
0.0,0.90760666,0.6286245,0
0.0,0.9034781,0.59996516,0
0.0,0.9130633,0.6240294,0
0.0,0.9146015,0.63430846,0
0.0,0.90466624,0.6073404,0
0.0,0.89180636,0.60644335,0
0.0,0.9085025,0.6423246,0
0.0,0.9046828,0.6291452,0
0.0,0.9070139,0.6272229,0
0.0,0.9021521,0.59983385,0
0.0,0.9243214,0.60465235,0
0.0,0.93068117,0.6018186,0
0.0,0.92892677,0.5699469,0
0.0,0.9193261,0.5409493,0
0.0,0.9290903,0.5538988,0
0.0,0.9201549,0.49988586,0
0.0,0.8999966,0.44124448,0
0.0,0.8555093,0.37829015,0
0.0,0.876846,0.37971592,0
0.0,0.87146246,0.36672175,0
0.0,0.86965185,0.35921705,0
0.0,0.8492387,0.35011554,0
0.0,0.8641112,0.37702274,0
0.0,0.8525942,0.37340644,0
0.0,0.82918316,0.3830491,0
0.0,0.80033386,0.36209822,0
0.0,0.8142399,0.36825207,0
0.0,0.8446467,0.40245926,0
0.0,0.82928854,0.38230643,0
0.0,0.83387786,0.37287515,0
0.0,0.8518327,0.38574302,0
0.0,0.89507097,0.4102257,0
0.0,0.86456084,0.36255994,0
0.0,0.8666084,0.38036197,0
0.0,0.8414006,0.34774044,0
0.0,0.84426236,0.33517236,0
0.0,0.8110433,0.29561847,0
0.0,0.8146993,0.2741192,0
0.0,0.80887264,0.25988275,0
0.0,0.80724084,0.25986388,0
0.0,0.7800949,0.23720837,0
0.0,0.80267465,0.26703265,0
0.0,0.8001711,0.2744672,0
0.0,0.8025556,0.28709278,0
0.0,0.7885591,0.28323224,0
0.0,0.790204,0.29531425,0
0.0,0.8090009,0.3208012,0
0.0,0.79278076,0.29660714,0
0.0,0.8160425,0.3175919,0
0.0,0.806514,0.31633854,0
0.0,0.8412871,0.34011722,0
0.0,0.8053447,0.28771317,0
0.0,0.8295268,0.30699933,0
0.0,0.7629753,0.24349064,0
0.0,0.75123376,0.22652417,0
0.0,0.6705943,0.16493678,0
0.0,0.7263989,0.19388622,0
0.0,0.6355519,0.13297915,0
0.0,0.68933845,0.1653537,0
0.0,0.6498368,0.1447049,0
0.0,0.6873189,0.17026088,0
0.0,0.61648345,0.13944796,0
0.0,0.63916147,0.16501439,0
0.0,0.6340379,0.16370842,0
0.0,0.66934055,0.1939021,0
0.0,0.6301245,0.16464779,0
0.0,0.64237523,0.16630861,0
0.0,0.63323796,0.16021009,0
0.0,0.6865021,0.19511908,0
0.0,0.6792585,0.21679953,0
0.0,0.63772815,0.19577084,0
0.0,0.584031,0.21902937,0
0.0,0.5535938,0.2056779,0
0.0,0.49359596,0.1824298,0
0.0,0.4246182,0.17557183,0
0.0,0.41673154,0.18282948,0
0.0,0.41997713,0.18226232,0
0.0,0.42489657,0.18093425,0
0.0,0.4143112,0.17874375,0
0.0,0.40757927,0.17502108,0
0.0,0.42417192,0.1761752,0
0.0,0.4244051,0.18385041,0
0.0,0.40307513,0.17673689,0
0.0,0.37523302,0.18021229,0
0.0,0.3877974,0.1791022,0
0.0,0.36893526,0.17736027,0
0.0,0.36591256,0.17415692,0
0.0,0.3583851,0.17920542,0
0.0,0.3945515,0.17054194,0
0.0,0.37949726,0.17040078,0
0.0,0.3989809,0.17751019,0
0.0,0.37580693,0.17870417,0
0.0,0.38112283,0.17827204,0
0.0,0.3618202,0.1856457,0
0.0,0.37907135,0.17940868,0
0.0,0.36119172,0.18228304,0
0.0,0.3698249,0.179642,0
0.0,0.36175707,0.18085223,0
0.0,0.3849605,0.18375254,0
0.0,0.37788802,0.18508524,0
0.0,0.39000914,0.1783503,0
0.0,0.4007325,0.16945246,0
0.0,0.47054696,0.1602411,0
0.0,0.47712648,0.09025834,0
0.0,0.5056383,0.09342155,0
0.0,0.49413636,0.095957235,0
0.0,0.5105245,0.09508744,0
0.0,0.5020112,0.079762146,0
0.0,0.51712877,0.08185916,0
0.0,0.5288958,0.09004262,0
0.0,0.5386905,0.093688905,0
0.0,0.52440715,0.092038974,0
0.0,0.55178636,0.08752847,0
0.0,0.57296383,0.07879409,0
0.0,0.6056803,0.08427635,0
0.0,0.63812196,0.09118389,0
0.0,0.6768173,0.11141465,0
0.0,0.6853257,0.11524616,0
0.0,0.7342117,0.14168224,0
0.0,0.7442954,0.14674656,0
0.0,0.73213226,0.15498593,0
0.0,0.6888271,0.13352098,0
0.0,0.72948706,0.15589267,0
0.0,0.73173493,0.16915002,0
0.0,0.6931686,0.14655393,0
0.0,0.6787966,0.13942592,0
0.0,0.6878828,0.14965127,0
0.0,0.7151612,0.16677722,0
0.0,0.66119266,0.14468256,0
0.0,0.64595604,0.13788117,0
0.0,0.68812114,0.15503807,0
0.0,0.71050465,0.17038485,0
0.0,0.62790763,0.11813998,0
0.0,0.589346,0.09704079,0
0.0,0.63374585,0.109332435,0
0.0,0.6363021,0.11090765,0
0.0,0.5219644,0.08269194,0
0.0,0.4921587,0.07515582,0
0.0,0.49667946,0.0858294,0
0.0,0.5044701,0.09205617,0
0.0,0.43648446,0.084612936,0
0.0,0.42137116,0.074593544,0
0.0,0.427801,0.07250436,0
0.0,0.44284475,0.078057975,0
0.0,0.41535836,0.07542038,0
0.0,0.42164463,0.07551555,0
0.0,0.43311283,0.07773952,0
0.0,0.44837958,0.081167534,0
0.0,0.45223492,0.080056906,0
0.0,0.45363408,0.08027331,0
0.0,0.50362486,0.07966679,0
0.0,0.50304127,0.08329834,0
0.0,0.51188517,0.08037223,0
0.0,0.50025564,0.080106415,0
0.0,0.52640873,0.08718186,0
0.0,0.50146586,0.070677,0
0.0,0.50866187,0.075090274,0
0.0,0.49920008,0.07941026,0
0.0,0.52542967,0.089047685,0
0.0,0.5409744,0.097850755,0
0.0,0.60830283,0.1275959,0
0.0,0.6185842,0.1348925,0
0.0,0.66401076,0.16793533,0
0.0,0.66520375,0.17071143,0
0.0,0.6624994,0.16982333,0
0.0,0.61645097,0.14606911,0
0.0,0.6507766,0.17019144,0
0.0,0.6610693,0.17863701,0
0.0,0.6737747,0.19089732,0
0.0,0.6552864,0.1759157,0
0.0,0.69163764,0.19205944,0
0.0,0.7198527,0.21511278,0
0.0,0.70569646,0.20362791,0
0.0,0.6790515,0.18654929,0
0.0,0.6725936,0.17975321,0
0.0,0.68935925,0.1810306,0
0.0,0.6709521,0.17124683,0
0.0,0.6462039,0.16098501,0
0.0,0.6459012,0.15961173,0
0.0,0.70571643,0.2200956,0
0.0,0.7091399,0.21994011,0
0.0,0.6847197,0.2004064,0
0.0,0.70259434,0.23811783,0
0.0,0.6762227,0.21882811,0
0.0,0.61726797,0.17668697,0
0.0,0.5852508,0.15555444,0
0.0,0.58524376,0.15690795,0
0.0,0.58018893,0.16308564,0
0.0,0.58309567,0.16531101,0
0.0,0.5952077,0.16716431,0
0.0,0.60143787,0.16983134,0
0.0,0.6009391,0.16446817,0
0.0,0.5848678,0.15410066,0
0.0,0.58152276,0.15080202,0
0.0,0.6143963,0.17057961,0
0.0,0.6197201,0.17173615,0
0.0,0.6273615,0.1834031,0
0.0,0.61286354,0.16629526,0
0.0,0.66515416,0.20995939,0
0.0,0.7069377,0.2603334,0
0.0,0.7177975,0.26629388,0
0.0,0.708882,0.2662595,0
0.0,0.768556,0.33917344,0
0.0,0.7811896,0.34070122,0
0.0,0.7576764,0.32357714,0
0.0,0.7378869,0.30411732,0
0.0,0.78092885,0.34145185,0
0.0,0.8111925,0.39158535,0
0.0,0.7920226,0.362295,0
0.0,0.7578678,0.31689718,0
0.0,0.7957078,0.37195897,0
0.0,0.8175911,0.36784065,0
0.0,0.804471,0.34892288,0
0.0,0.76993597,0.32112142,0
0.0,0.8010712,0.33846796,0
0.0,0.80765766,0.33224234,0
0.0,0.7978192,0.31562707,0
0.0,0.74303854,0.26560265,0
0.0,0.7699238,0.2970304,0
0.0,0.7830399,0.29700506,0
0.0,0.7605837,0.2661242,0
0.0,0.72198933,0.2433689,0
0.0,0.73075795,0.28787807,0
0.0,0.70339847,0.27338767,0
0.0,0.7118589,0.28325447,0
0.0,0.6814272,0.2687276,0
0.0,0.6954624,0.29123628,0
0.0,0.69179285,0.3033413,0
0.0,0.7166401,0.3209694,0
0.0,0.71659774,0.31778985,0
0.0,0.7241916,0.3286981,0
0.0,0.68268436,0.27145225,0
0.0,0.71755826,0.3044744,0
0.0,0.7510339,0.3351607,0
0.0,0.7905752,0.3500475,0
0.0,0.736609,0.30388635,0
0.0,0.78235406,0.3473245,0
0.0,0.7875568,0.35069725,0
0.0,0.8172144,0.40764198,0
0.0,0.76267534,0.33836707,0
0.0,0.8271288,0.43374363,0
0.0,0.8548909,0.49586785,0
0.0,0.8605934,0.49138248,0
0.0,0.8057391,0.4466026,0
0.0,0.84978575,0.51563936,0
0.0,0.8733333,0.5423846,0
0.0,0.88119334,0.56407213,0
0.0,0.8520372,0.5323755,0
0.0,0.8654499,0.55337703,0
0.0,0.88661975,0.5939979,0
0.0,0.8781377,0.57330686,0
0.0,0.8514992,0.5318414,0
0.0,0.85688776,0.5554559,0
0.0,0.8775805,0.57579136,0
0.0,0.863642,0.51158464,0
0.0,0.8513327,0.4865079,0
0.0,0.83483255,0.4618191,0
0.0,0.85647696,0.49914968,0
0.0,0.83203703,0.4844831,0
0.0,0.82512087,0.45545477,0
0.0,0.8052462,0.43131003,0
0.0,0.84938914,0.4996487,0
0.0,0.82075584,0.44712257,0
0.0,0.82068586,0.45766014,0
0.0,0.79735476,0.43636495,0
0.0,0.82729465,0.4724152,0
0.0,0.797294,0.45254877,0
0.0,0.7810246,0.42797065,0
0.0,0.7486698,0.39979464,0
0.0,0.77337134,0.44743437,0
0.0,0.75250614,0.39814138,0
0.0,0.7606003,0.40264118,0
0.0,0.7555977,0.38239264,0
0.0,0.77330536,0.38100952,0
0.0,0.7540305,0.3548138,0
0.0,0.76778376,0.35357273,0
0.0,0.7522691,0.33501738,0
0.0,0.7603377,0.3487284,0
0.0,0.7401544,0.3107021,0
0.0,0.74652755,0.31666106,0
0.0,0.7513586,0.32927388,0
0.0,0.7491359,0.31647247,0
0.0,0.7190057,0.28984246,0
0.0,0.72924584,0.30657816,0
0.0,0.71764165,0.29138815,0
0.0,0.7008435,0.28124976,0
0.0,0.67543477,0.26264563,0
0.0,0.6742963,0.25963312,0
0.0,0.63926464,0.23096827,0
0.0,0.6196838,0.20120525,0
0.0,0.60733104,0.17061219,0
0.0,0.62774575,0.18966344,0
0.0,0.64148116,0.19593805,0
0.0,0.6385755,0.18356451,0
0.0,0.6233471,0.17622212,0
0.0,0.6313222,0.17505848,0
0.0,0.6326249,0.1694969,0
0.0,0.629468,0.17336467,0
0.0,0.611919,0.15612702,0
0.0,0.61496615,0.16284175,0
0.0,0.6758056,0.21817231,0
0.0,0.72225946,0.2487351,0
0.0,0.69937855,0.23296902,0
0.0,0.7396808,0.27705052,0
0.0,0.77177566,0.32033753,0
0.0,0.7835971,0.33867925,0
0.0,0.7427246,0.28939843,0
0.0,0.7751139,0.32449245,0
0.0,0.7927771,0.35274494,0
0.0,0.8206735,0.38339636,0
0.0,0.7735336,0.3315279,0
0.0,0.8067244,0.36535347,0
0.0,0.80853194,0.35720104,0
0.0,0.83319443,0.37933308,0
0.0,0.7822751,0.32574916,0
0.0,0.7958644,0.34035948,0
0.0,0.7858542,0.31872493,0
0.0,0.7884001,0.3070776,0
0.0,0.7431462,0.2691376,0
0.0,0.7415187,0.29358768,0
0.0,0.7683161,0.3220293,0
0.0,0.76894605,0.31791413,0
0.0,0.7414376,0.29102093,0
0.0,0.7528852,0.31174764,0
0.0,0.72437775,0.3096363,0
0.0,0.6754338,0.26754352,0
0.0,0.66957885,0.2657519,0
0.0,0.6523961,0.25650543,0
0.0,0.66291887,0.26894104,0
0.0,0.64577794,0.2661925,0
0.0,0.648641,0.26688844,0
0.0,0.6393474,0.24886873,0
0.0,0.66196805,0.253842,0
0.0,0.62449616,0.21544169,0
0.0,0.64284927,0.24339828,0
0.0,0.64472175,0.24938603,0
0.0,0.66618836,0.25251293,0
0.0,0.6154319,0.208161,0
0.0,0.6222978,0.22684507,0
0.0,0.6384798,0.2422065,0
0.0,0.6505925,0.2453304,0
0.0,0.6186813,0.21996862,0
0.0,0.6153729,0.21809778,0
0.0,0.639655,0.23652248,0
0.0,0.6155144,0.2261107,0
0.0,0.57571477,0.20907976,0
0.0,0.5761064,0.20496368,0
0.0,0.59731114,0.21794933,0
0.0,0.61880434,0.24089172,0
0.0,0.5805614,0.21235304,0
0.0,0.56540996,0.1907351,0
0.0,0.61368805,0.20697334,0
0.0,0.6031779,0.19175959,0
0.0,0.57444185,0.17130733,0
0.0,0.55534494,0.17332186,0
0.0,0.5786698,0.18071824,0
0.0,0.5618933,0.14596301,0
0.0,0.5562307,0.14497648,0
0.0,0.52590775,0.12458369,0
0.0,0.5653979,0.15665694,0
0.0,0.5626334,0.16360795,0
0.0,0.5740854,0.16111435,0
0.0,0.5500711,0.14234728,0
0.0,0.5987156,0.17458728,0
0.0,0.6056033,0.19417533,0
0.0,0.6029281,0.20243633,0
0.0,0.5762363,0.16951811,0
0.0,0.6185718,0.19283739,0
0.0,0.61644197,0.19313012,0
0.0,0.6285798,0.20315728,0
0.0,0.600775,0.17051385,0
0.0,0.62647754,0.18433625,0
0.0,0.6383043,0.19041294,0
0.0,0.63051623,0.182288,0
0.0,0.61981815,0.17106101,0
0.0,0.6092551,0.15984711,0
0.0,0.6319121,0.16396396,0
0.0,0.61504304,0.13783605,0
0.0,0.6238604,0.1490483,0
0.0,0.63289833,0.16022298,0
0.0,0.67741907,0.19472405,0
0.0,0.67613053,0.21087724,0
0.0,0.73101974,0.26344734,0
0.0,0.720779,0.24870285,0
0.0,0.7794741,0.31588125,0
0.0,0.7409894,0.2844064,0
0.0,0.7658536,0.28484592,0
0.0,0.7469872,0.26650268,0
0.0,0.80421823,0.32893112,0
0.0,0.77223784,0.29818538,0
0.0,0.79774624,0.3245058,0
0.0,0.7617028,0.26669127,0
0.0,0.79761106,0.28375494,0
0.0,0.7580273,0.23633476,0
0.0,0.7861367,0.26115945,0
0.0,0.75696313,0.2420486,0
0.0,0.79056674,0.25418037,0
0.0,0.7475111,0.20469368,0
0.0,0.81024903,0.26943696,0
0.0,0.79164064,0.26240736,0
0.0,0.8135072,0.30311108,0
0.0,0.7878718,0.29128,0
0.0,0.8362939,0.34955862,0
0.0,0.81936836,0.33730572,0
0.0,0.8256962,0.3470156,0
0.0,0.7698533,0.28828743,0
0.0,0.81111145,0.33742535,0
0.0,0.8118214,0.3472557,0
0.0,0.786733,0.32563347,0
0.0,0.7507447,0.288447,0
0.0,0.7854611,0.31492496,0
0.0,0.7751798,0.29796582,0
0.0,0.73827106,0.25490195,0
0.0,0.7200774,0.22273384,0
0.0,0.7461958,0.23759148,0
0.0,0.7565112,0.25187275,0
0.0,0.7478362,0.2553811,0
0.0,0.72236085,0.22234458,0
0.0,0.744248,0.24870381,0
0.0,0.746218,0.26043257,0
0.0,0.72725004,0.24560553,0
0.0,0.7072229,0.25429904,0
0.0,0.6928172,0.24298884,0
0.0,0.6679801,0.22518803,0
0.0,0.6745627,0.24764244,0
0.0,0.6432801,0.22784334,0
0.0,0.6541447,0.25171778,0
0.0,0.6301998,0.24179786,0
0.0,0.6546811,0.26226646,0
0.0,0.6372865,0.24494591,0
0.0,0.64944255,0.2541708,0
0.0,0.62381417,0.2231406,0
0.0,0.684106,0.26301926,0
0.0,0.6853417,0.25560978,0
0.0,0.7008341,0.2679689,0
0.0,0.6964752,0.2674352,0
0.0,0.72771853,0.3082252,0
0.0,0.7013738,0.289215,0
0.0,0.7068009,0.29595545,0
0.0,0.7255504,0.32347918,0
0.0,0.74453884,0.36158445,0
0.0,0.72855926,0.3506009,0
0.0,0.7178646,0.342389,0
0.0,0.75303024,0.39535004,0
0.0,0.7503219,0.40172875,0
0.0,0.72566634,0.38029134,0
0.0,0.7092132,0.37990898,0
0.0,0.7512713,0.43072835,0
0.0,0.7407242,0.39843833,0
0.0,0.7347137,0.39066476,0
0.0,0.74621505,0.40552214,0
0.0,0.79509693,0.46990454,0
0.0,0.78472495,0.46014106,0
0.0,0.76468873,0.41290462,0
0.0,0.7574911,0.39574015,0
0.0,0.74777824,0.3791862,0
0.0,0.6805076,0.31231093,0
0.0,0.6508582,0.27635616,0
0.0,0.65274495,0.2716486,0
0.0,0.65292954,0.27785265,0
0.0,0.61069304,0.24466902,0
0.0,0.6619589,0.2940319,0
0.0,0.6620181,0.30395207,0
0.0,0.679488,0.32787782,0
0.0,0.6250533,0.28164887,0
0.0,0.68062454,0.3427335,0
0.0,0.6457277,0.30886352,0
0.0,0.64467245,0.31602484,0
0.0,0.58165133,0.2628408,0
0.0,0.66314346,0.34340852,0
0.0,0.6339549,0.3141166,0
0.0,0.66278327,0.33188295,0
0.0,0.6114787,0.26895678,0
0.0,0.67273945,0.3221168,0
0.0,0.62726384,0.2756808,0
0.0,0.65263486,0.29753372,0
0.0,0.60372424,0.2514888,0
0.0,0.6543646,0.29309475,0
0.0,0.6443049,0.3040259,0
0.0,0.71988714,0.4020771,0
0.0,0.728244,0.41513705,0
0.0,0.7777824,0.49845004,0
0.0,0.7877953,0.52034116,0
0.0,0.8262142,0.5679257,0
0.0,0.8215356,0.5716921,0
0.0,0.81364346,0.54775494,0
0.0,0.8116891,0.56457543,0
0.0,0.8261719,0.6246486,0
0.0,0.81923294,0.59955424,0
0.0,0.8114199,0.59334373,0
0.0,0.8334495,0.6128439,0
0.0,0.8617843,0.6250755,0
0.0,0.86255234,0.6364769,0
0.0,0.8639564,0.6385682,0
0.0,0.87817466,0.6498662,0
0.0,0.88553196,0.6650563,0
0.0,0.87727684,0.64398193,0
0.0,0.86767465,0.62437814,0
0.0,0.8781937,0.639554,0
0.0,0.88327754,0.63925594,0
0.0,0.870103,0.6060718,0
0.0,0.8509755,0.5806712,0
0.0,0.8505872,0.6270237,0
0.0,0.8578661,0.65755105,0
0.0,0.83855337,0.62258184,0
0.0,0.82032466,0.60596776,0
0.0,0.82084024,0.62534714,0
0.0,0.83763623,0.64067596,0
0.0,0.8442627,0.6444367,0
0.0,0.8429613,0.63585925,0
0.0,0.84712046,0.5959554,0
0.0,0.8631066,0.6114765,0
0.0,0.8676775,0.6346054,0
0.0,0.8507634,0.5929571,0
0.0,0.83786,0.5668742,0
0.0,0.83877623,0.56654954,0
0.0,0.8434952,0.5573661,0
0.0,0.8181841,0.5309601,0
0.0,0.7955336,0.49790937,0
0.0,0.80256265,0.47976688,0
0.0,0.8035215,0.47728264,0
0.0,0.76849407,0.43805957,0
0.0,0.7466277,0.43712556,0
0.0,0.756187,0.46020567,0
0.0,0.77447134,0.47702536,0
0.0,0.75438577,0.45280904,0
0.0,0.7433704,0.43741855,0
0.0,0.7398137,0.43505788,0
0.0,0.7475368,0.44332206,0
0.0,0.7103401,0.3959291,0
0.0,0.67749965,0.35548562,0
0.0,0.6650281,0.33473247,0
0.0,0.6421627,0.31632268,0
0.0,0.576259,0.24648021,0
0.0,0.55410314,0.19732583,0
0.0,0.5588372,0.19383644,0
0.0,0.5561229,0.19291818,0
0.0,0.5588852,0.19627413,0
0.0,0.55604476,0.19441643,0
0.0,0.5602189,0.19940376,0
0.0,0.5459334,0.1911579,0
0.0,0.5466228,0.20496957,0
0.0,0.5439526,0.2147063,0
0.0,0.5796012,0.25669482,0
0.0,0.59447813,0.26824722,0
0.0,0.6022683,0.2733506,0
0.0,0.634458,0.30802953,0
0.0,0.6532715,0.33517623,0
0.0,0.65985036,0.3460848,0
0.0,0.6789771,0.36355147,0
0.0,0.6848132,0.35741386,0
0.0,0.7079215,0.38007092,0
0.0,0.704307,0.38595873,0
0.0,0.7191009,0.39831457,0
0.0,0.7151183,0.3754983,0
0.0,0.73941225,0.39791122,0
0.0,0.72470444,0.37384874,0
0.0,0.7398709,0.39830142,0
0.0,0.7294295,0.39612082,0
0.0,0.7363396,0.40016827,0
0.0,0.72054666,0.3942388,0
0.0,0.7434361,0.4268092,0
0.0,0.73178804,0.4132001,0
0.0,0.75065243,0.45680505,0
0.0,0.7348162,0.4284531,0
0.0,0.7766731,0.47076428,0
0.0,0.76428634,0.449448,0
0.0,0.7665853,0.4566395,0
0.0,0.72669613,0.42619938,0
0.0,0.7873689,0.5097738,0
0.0,0.7501412,0.45053115,0
0.0,0.7463771,0.44084972,0
0.0,0.7123982,0.39166754,0
0.0,0.76309264,0.4388537,0
0.0,0.7575159,0.41127306,0
0.0,0.77884996,0.41023678,0
0.0,0.7448351,0.362988,0
0.0,0.796605,0.43648142,0
0.0,0.801252,0.45497367,0
0.0,0.82207423,0.4804844,0
0.0,0.7971634,0.45682192,0
0.0,0.8417134,0.5165534,0
0.0,0.8540598,0.5519346,0
0.0,0.8664799,0.5985326,0
0.0,0.8400021,0.5646594,0
0.0,0.8539441,0.6255925,0
0.0,0.8545862,0.63189614,0
0.0,0.8701425,0.65861833,0
0.0,0.85273314,0.6641815,0
0.0,0.8599383,0.66309965,0
0.0,0.8614639,0.65362835,0
0.0,0.8828599,0.6877525,0
0.0,0.87687975,0.65341914,0
0.0,0.8699629,0.64414966,0
0.0,0.8805675,0.67158914,0
0.0,0.8951034,0.66960275,0
0.0,0.8824209,0.6828919,0
0.0,0.8724923,0.6855551,0
0.0,0.86410475,0.6653972,0
0.0,0.8732558,0.7233714,0
0.0,0.8615817,0.72268915,0
0.0,0.852972,0.70607764,0
0.0,0.85051024,0.7173164,0
0.0,0.86216635,0.7618754,0
0.0,0.8638119,0.795955,0
0.0,0.85399914,0.79224163,0
0.0,0.84259045,0.78670925,0
0.0,0.85270756,0.8208245,0
0.0,0.854194,0.8438376,0
0.0,0.85354877,0.8598966,0
0.0,0.8426972,0.8341626,0
0.0,0.84630984,0.8375342,0
0.0,0.8454125,0.83470654,0
0.0,0.837488,0.8233821,0
0.0,0.82322276,0.7989365,0
0.0,0.81007415,0.7682129,0
0.0,0.7951574,0.73553675,0
0.0,0.79669386,0.70784754,0
0.0,0.76681846,0.66753626,0
0.0,0.7733335,0.7271263,0
0.0,0.7790029,0.75220954,0
0.0,0.78133106,0.76308894,0
0.0,0.7878433,0.78836703,0
0.0,0.7959835,0.82874894,0
0.0,0.802565,0.87816924,0
0.0,0.80429524,0.8876571,0
0.0,0.7997905,0.88176984,0
0.0,0.7992284,0.92228365,0
0.0,0.79014146,0.8949154,0
0.0,0.78387475,0.8872604,0
0.0,0.7701853,0.8943616,0
0.0,0.77026933,0.85201657,0
0.0,0.7799254,0.8332697,0
0.0,0.7821401,0.83641386,0
0.0,0.78747743,0.84866387,0
0.0,0.79178715,0.8673167,0
0.0,0.79608566,0.8646924,0
0.0,0.79727775,0.86070055,0
0.0,0.79629385,0.8622006,0
0.0,0.79197365,0.86250484,0
0.0,0.8036711,0.9062577,0
0.0,0.80318695,0.8986862,0
0.0,0.81237745,0.91279423,0
0.0,0.8066011,0.92144525,0
0.0,0.81276375,0.93465006,0
0.0,0.8087068,0.9443782,0
0.0,0.8134557,0.98797816,0
0.0,0.79361534,0.9422965,0
0.0,0.8110187,0.9681881,0
0.0,0.79706997,0.9639719,0
0.0,0.8034985,0.98492223,0
0.0,0.78877485,0.91471744,0
0.0,0.8185635,0.9372872,0
0.0,0.8121113,0.9252275,0
0.0,0.82664627,0.9505942,0
0.0,0.80951196,0.9077599,0
0.0,0.82246965,0.93018574,0
0.0,0.80321413,0.8895136,0
0.0,0.8157901,0.90568054,0
0.0,0.7953615,0.8474565,0
0.0,0.8099276,0.87154406,0
0.0,0.7905899,0.84448516,0
0.0,0.81101507,0.8550931,0
0.0,0.7935128,0.83319676,0
0.0,0.8054269,0.9007635,0
0.0,0.7887044,0.88229567,0
0.0,0.804893,0.92798114,0
0.0,0.7982345,0.90371704,0
0.0,0.8125466,0.9137343,0
0.0,0.8067468,0.90423054,0
0.0,0.8147249,0.930081,0
0.0,0.821817,0.93088853,0
0.0,0.8296331,0.8981153,0
0.0,0.8182731,0.87258315,0
0.0,0.82539725,0.89478403,0
0.0,0.83038753,0.8793582,0
0.0,0.81152374,0.835398,0
0.0,0.7975736,0.8019549,0
0.0,0.79857445,0.8048409,0
0.0,0.8244476,0.88084614,0
0.0,0.8164732,0.88257265,0
0.0,0.8213796,0.89106727,0
0.0,0.818595,0.89714867,0
0.0,0.85155576,0.9772532,0
0.0,0.83917946,0.95993817,0
0.0,0.8460061,0.988644,0
0.0,0.8341324,0.9626304,0
0.0,0.85828096,0.9859818,0
0.0,0.8466329,0.9518113,0
0.0,0.85651374,0.96437776,0
0.0,0.8347547,0.93492293,0
0.0,0.86207366,1.0082407,0
0.0,0.84045976,0.95026815,0
0.0,0.8412071,0.9385637,0
0.0,0.81296,0.88525033,0
0.0,0.8386966,0.9245137,0
0.0,0.8083516,0.8616266,0
0.0,0.81914914,0.87031007,0
0.0,0.7825086,0.7853021,0
0.0,0.8200507,0.8579685,0
0.0,0.8079517,0.87979364,0
0.0,0.8358999,1.0112683,0
0.0,0.8064625,0.9714985,0
0.0,0.8402932,1.054997,0
0.0,0.82518494,1.0705478,0
0.0,0.84243584,1.1010224,0
0.0,0.8194137,1.0493178,0
0.0,0.84249336,1.1410666,0
0.0,0.83737487,1.1499307,0
0.0,0.8509464,1.1668146,0
0.0,0.8351259,1.1112804,0
0.0,0.86008126,1.1453218,0
0.0,0.8527981,1.1096854,0
0.0,0.85946935,1.102241,0
0.0,0.85517657,1.0813794,0
0.0,0.86802953,1.0838033,0
0.0,0.8672477,1.0876758,0
0.0,0.8701649,1.1117721,0
0.0,0.8601723,1.0845631,0
0.0,0.8691716,1.1216661,0
0.0,0.8685005,1.1441436,0
0.0,0.8749121,1.1722789,0
0.0,0.8666833,1.1599803,0
0.0,0.8739773,1.1543856,0
0.0,0.86560637,1.1510074,0
0.0,0.8643435,1.1466819,0
0.0,0.8538809,1.1411899,0
0.0,0.85246676,1.1498625,0
0.0,0.84351003,1.0851022,0
0.0,0.83422685,1.0800166,0
0.0,0.8227252,1.0526011,0
0.0,0.8274404,1.028214,0
0.0,0.82460076,0.99354255,0
0.0,0.8318474,0.9218513,0
0.0,0.8098155,0.84454656,0
0.0,0.8321876,0.88598025,0
0.0,0.8168703,0.8160422,0
0.0,0.816694,0.79805744,0
0.0,0.7658346,0.71614003,0
0.0,0.800771,0.75842667,0
0.0,0.7811702,0.70235294,0
0.0,0.79234606,0.71802855,0
0.0,0.7534229,0.6822543,0
0.0,0.78529257,0.71584606,0
0.0,0.7784399,0.7045653,0
0.0,0.78194237,0.71477896,0
0.0,0.7578567,0.6483085,0
0.0,0.78532225,0.6891521,0
0.0,0.76101977,0.6490777,0
0.0,0.7654634,0.62079674,0
0.0,0.7387347,0.572938,0
0.0,0.7650312,0.58894885,0
0.0,0.75152665,0.5621676,0
0.0,0.72907305,0.5212112,0
0.0,0.7278413,0.4977616,0
0.0,0.7061961,0.45439455,0
0.0,0.700667,0.42732978,0
0.0,0.6625418,0.3774656,0
0.0,0.68149716,0.37980825,0
0.0,0.653174,0.32999748,0
0.0,0.6814412,0.35707083,0
0.0,0.6508859,0.30488804,0
0.0,0.685321,0.32659572,0
0.0,0.6423588,0.29035854,0
0.0,0.67089415,0.3156129,0
0.0,0.6582678,0.30198026,0
0.0,0.713153,0.36013776,0
0.0,0.6826398,0.30438912,0
0.0,0.7047804,0.32288116,0
0.0,0.70441365,0.32685757,0
0.0,0.71977305,0.32238153,0
0.0,0.6920983,0.26963735,0
0.0,0.72908926,0.30494672,0
0.0,0.7321065,0.30003747,0
0.0,0.7460299,0.26963365,0
0.0,0.72115237,0.2399373,0
0.0,0.72961956,0.25039035,0
0.0,0.7232511,0.22996755,0
0.0,0.6983123,0.21940705,0
0.0,0.69548017,0.20878142,0
0.0,0.6752957,0.19123378,0
0.0,0.65629625,0.1891196,0
0.0,0.6317111,0.17315069,0
0.0,0.63602555,0.20280886,0
0.0,0.6055343,0.16210714,0
0.0,0.586815,0.14550619,0
0.0,0.5809732,0.14163879,0
0.0,0.57569766,0.13700682,0
0.0,0.5763404,0.13738832,0
0.0,0.53457654,0.13052244,0
0.0,0.5118759,0.12331331,0
0.0,0.505208,0.12640621,0
0.0,0.4796954,0.1226608,0
0.0,0.4332266,0.118219666,0
0.0,0.4389543,0.12010738,0
0.0,0.42652473,0.124100596,0
0.0,0.4143607,0.11861579,0
0.0,0.36872303,0.1190801,0
0.0,0.39681083,0.117003456,0
0.0,0.3761047,0.119122475,0
0.0,0.39019936,0.11740602,0
0.0,0.3782483,0.11927924,0
0.0,0.43238246,0.11165461,0
0.0,0.41354418,0.11211114,0
0.0,0.44663247,0.110437736,0
0.0,0.4404394,0.10531509,0
0.0,0.4889973,0.10475428,0
0.0,0.44567457,0.10825766,0
0.0,0.4713102,0.08923818,0
0.0,0.4407704,0.10911988,0
0.0,0.45565853,0.11583887,0
0.0,0.41733313,0.12009507,0
0.0,0.4091647,0.11542313,0
0.0,0.3703571,0.121255085,0
0.0,0.3790032,0.12039846,0
0.0,0.35569593,0.111726545,0
0.0,0.3770302,0.11237507,0
0.0,0.35670105,0.118139856,0
0.0,0.3629864,0.11673213,0
0.0,0.34764826,0.11878106,0
0.0,0.35435256,0.11818103,0
0.0,0.3521204,0.11505352,0
0.0,0.3626633,0.110867575,0
0.0,0.39699727,0.0942666,0
0.0,0.45661393,0.09800724,0
0.0,0.4774936,0.098251045,0
0.0,0.5151874,0.10221024,0
0.0,0.61220974,0.1166022,0
0.0,0.58397716,0.11531659,0
0.0,0.5401398,0.10489312,0
0.0,0.5813911,0.11201142,0
0.0,0.66868967,0.14136384,0
0.0,0.63368183,0.13218206,0
0.0,0.5714729,0.13613796,0
0.0,0.6041196,0.14202231,0
0.0,0.6691162,0.17368099,0
0.0,0.6383972,0.16157423,0
0.0,0.5921015,0.14921644,0
0.0,0.629913,0.16380808,0
0.0,0.7349712,0.21337593,0
0.0,0.7150393,0.19906056,0
0.0,0.6869182,0.16044998,0
0.0,0.6912342,0.15999597,0
0.0,0.76968354,0.19650805,0
0.0,0.7053487,0.21491425,0
0.0,0.6334744,0.19210723,0
0.0,0.59616613,0.20233333,0
0.0,0.6015959,0.22153097,0
0.0,0.48916852,0.20098701,0
0.0,0.4386594,0.1934863,0
0.0,0.40810052,0.19440448,0
0.0,0.41946447,0.20131215,0
0.0,0.3805533,0.20193575,0
0.0,0.37755102,0.20678905,0
0.0,0.3399791,0.21252939,0
0.0,0.35882866,0.21737194,0
0.0,0.32741472,0.21645495,0
0.0,0.33156765,0.2215081,0
0.0,0.31204525,0.23149316,0
0.0,0.3323531,0.22225285,0
0.0,0.3081517,0.23982057,0
0.0,0.31584778,0.24388942,0
0.0,0.3107263,0.24262019,0
0.0,0.32187548,0.25905687,0
0.0,0.30092573,0.2438468,0
0.0,0.3132686,0.21038237,0
0.0,0.30764714,0.230531,0
0.0,0.31513312,0.22902742,0
0.0,0.31940952,0.23794022,0
0.0,0.33155444,0.23432961,0
0.0,0.33558208,0.24508698,0
0.0,0.34054747,0.24423848,0
0.0,0.3427716,0.2422606,0
0.0,0.35300252,0.24463093,0
0.0,0.3771832,0.25755727,0
0.0,0.3786006,0.255872,0
0.0,0.39936745,0.23462754,0
0.0,0.3974288,0.2140044,0
0.0,0.42180803,0.19484231,0
0.0,0.46143335,0.22501695,0
0.0,0.52720594,0.25879976,0
0.0,0.52504706,0.2620354,0
0.0,0.5859087,0.3147455,0
0.0,0.62460905,0.331621,0
0.0,0.65284306,0.3579121,0
0.0,0.6192153,0.37724963,0
0.0,0.6939146,0.52325803,0
0.0,0.72643495,0.5777331,0
0.0,0.7676841,0.62056386,0
0.0,0.7393568,0.56537443,0
0.0,0.79623926,0.6485667,0
0.0,0.8161533,0.6756066,0
0.0,0.84623325,0.68742764,0
0.0,0.82522374,0.65863687,0
0.0,0.8640825,0.7056152,0
0.0,0.86214644,0.6735656,0
0.0,0.8806943,0.70700157,0
0.0,0.81821644,0.6375092,0
0.0,0.8725769,0.73430204,0
0.0,0.8879198,0.76499504,0
0.0,0.9150315,0.8326808,0
0.0,0.8878574,0.8883033,0
0.0,0.9231047,0.95465815,0
0.0,0.9263587,1.0109818,0
0.0,0.9215388,1.1050808,0
0.0,0.8900518,1.064345,0
0.0,0.92083275,1.132766,0
0.0,0.9243036,1.1452812,0
0.0,0.93403983,1.1620684,0
0.0,0.9109203,1.1270969,0
0.0,0.92900866,1.16416,0
0.0,0.9309722,1.2703042,0
0.0,0.9221396,1.2659998,0
0.0,0.8894824,1.1892817,0
0.0,0.8970861,1.218163,0
0.0,0.90074295,1.2257779,0
0.0,0.8799991,1.1922507,0
0.0,0.8472081,1.1265113,0
0.0,0.8552556,1.0782897,0
0.0,0.87061733,1.1249173,0
0.0,0.87350297,1.2224674,0
0.0,0.86552763,1.2679424,0
0.0,0.8671864,1.2860446,0
0.0,0.8683723,1.3095479,0
0.0,0.84980315,1.321593,0
0.0,0.8310198,1.3401333,0
0.0,0.8349366,1.395837,0
0.0,0.83624196,1.435921,0
0.0,0.8338125,1.4520056,0
0.0,0.83453596,1.4739399,0
0.0,0.829458,1.4187531,0
0.0,0.8239069,1.387007,0
0.0,0.8136496,1.3683678,0
0.0,0.8219842,1.3151798,0
0.0,0.814284,1.2731254,0
0.0,0.81188416,1.2436984,0
0.0,0.83555335,1.269099,0
0.0,0.8476112,1.3026084,0
0.0,0.85294884,1.3237207,0
0.0,0.8420051,1.369108,0
0.0,0.8732438,1.4260297,0
0.0,0.87704855,1.4482622,0
0.0,0.88476723,1.4977175,0
0.0,0.87754154,1.3321129,0
0.0,0.8801059,1.3788713,0
0.0,0.8736537,1.4651997,0
0.0,0.8663969,1.4206829,0
0.0,0.8583908,1.4071176,0
0.0,0.8608224,1.4109857,0
0.0,0.8581662,1.3561381,0
0.0,0.8597004,1.3404872,0
0.0,0.8460018,1.3091047,0
0.0,0.8617447,1.3204825,0
0.0,0.8551701,1.2555234,0
0.0,0.8661472,1.2689512,0
0.0,0.85345894,1.2665074,0
0.0,0.8672736,1.253932,0
0.0,0.8642837,1.1973009,0
0.0,0.88677335,1.2414979,0
0.0,0.8745989,1.1977687,0
0.0,0.8820919,1.203041,0
0.0,0.8812026,1.233022,0
0.0,0.88878244,1.2448626,0
0.0,0.88298756,1.230898,0
0.0,0.88571495,1.2599683,0
0.0,0.88565606,1.2600907,0
0.0,0.8892429,1.2690876,0
0.0,0.89004,1.2578666,0
0.0,0.88772565,1.2039845,0
0.0,0.89734375,1.2243545,0
0.0,0.8974035,1.2114913,0
0.0,0.8966496,1.1494758,0
0.0,0.8925481,1.1436093,0
0.0,0.89252937,1.1290889,0
0.0,0.8860345,1.1081474,0
0.0,0.8831219,1.1317654,0
0.0,0.8725368,1.0536438,0
0.0,0.8812225,0.99406904,0
0.0,0.87931216,1.0018225,0
0.0,0.8842353,1.016364,0
0.0,0.8734585,1.0552804,0
0.0,0.87316656,1.081998,0
0.0,0.86410433,1.058391,0
0.0,0.866958,1.0530436,0
0.0,0.8665023,1.0182768,0
0.0,0.86051923,1.037703,0
0.0,0.86187565,1.0294569,0
0.0,0.87789565,1.0050232,0
0.0,0.8736532,0.99441034,0
0.0,0.8741827,0.9854035,0
0.0,0.87465,0.9468119,0
0.0,0.89183766,0.9660772,0
0.0,0.8884303,0.9401244,0
0.0,0.8918534,0.8791445,0
0.0,0.88365644,0.85497344,0
0.0,0.8789002,0.8500301,0
0.0,0.8731442,0.8258482,0
0.0,0.8943079,0.8990866,0
0.0,0.8759513,0.8548559,0
0.0,0.8882863,0.86447,0
0.0,0.87522775,0.892179,0
0.0,0.88696396,0.9139632,0
0.0,0.86711216,0.87266016,0
0.0,0.87975574,0.89581203,0
0.0,0.86664885,0.8525033,0
0.0,0.8700683,0.8543865,0
0.0,0.84507006,0.86023295,0
0.0,0.8346798,0.81149185,0
0.0,0.8030035,0.7540225,0
0.0,0.80762935,0.75050586,0
0.0,0.7685263,0.67614627,0
0.0,0.75445694,0.65506685,0
0.0,0.70939445,0.5420531,0
0.0,0.71504396,0.51802063,0
0.0,0.65402263,0.4429401,0
0.0,0.59971344,0.37207058,0
0.0,0.56107235,0.33499467,0
0.0,0.56215584,0.31401405,0
0.0,0.53898233,0.29980797,0
0.0,0.5381396,0.2985937,0
0.0,0.50212353,0.2730953,0
0.0,0.47618812,0.25825152,0
0.0,0.48121405,0.26833147,0
0.0,0.4519507,0.2423592,0
0.0,0.44766226,0.24312158,0
0.0,0.41821858,0.2391211,0
0.0,0.42262974,0.23798151,0
0.0,0.38239506,0.22511527,0
0.0,0.37414202,0.21271104,0
0.0,0.36388287,0.17613566,0
0.0,0.36106676,0.17570308,0
0.0,0.35376915,0.17473675,0
0.0,0.35671183,0.13691811,0
0.0,0.36057884,0.14445956,0
0.0,0.37724897,0.15066257,0
0.0,0.37027967,0.1465061,0
0.0,0.37179756,0.14659792,0
0.0,0.37268057,0.15311328,0
0.0,0.38456693,0.09913925,0
0.0,0.36513355,0.10238194,0
0.0,0.36139065,0.09819549,0
0.0,0.35778633,0.09773967,0
0.0,0.35326242,0.09866786,0
0.0,0.3495861,0.09786391,0
0.0,0.3621919,0.095828116,0
0.0,0.37019852,0.09366837,0
0.0,0.3823756,0.09099629,0
0.0,0.36778605,0.0930973,0
0.0,0.37830272,0.088155106,0
0.0,0.42144382,0.08741374,0
0.0,0.4375265,0.07888725,0
0.0,0.42463437,0.082750976,0
0.0,0.42643702,0.088808335,0
0.0,0.4569506,0.09626181,0
0.0,0.45255098,0.08995333,0
0.0,0.40881735,0.10286965,0
0.0,0.40685844,0.10052447,0
0.0,0.41653565,0.08951919,0
0.0,0.4139263,0.092071705,0
0.0,0.38297358,0.10086718,0
0.0,0.3917021,0.10481599,0
0.0,0.41839924,0.098919824,0
0.0,0.4207738,0.098387375,0
0.0,0.41257545,0.10372312,0
0.0,0.42211038,0.1016291,0
0.0,0.45350823,0.08906181,0
0.0,0.4614794,0.08220341,0
0.0,0.42050192,0.08661489,0
0.0,0.4067002,0.093535535,0
0.0,0.4259864,0.084007315,0
0.0,0.40773037,0.08793892,0
0.0,0.3953275,0.095407695,0
0.0,0.39182895,0.09908104,0
0.0,0.4037813,0.09881294,0
0.0,0.40660116,0.10340865,0
0.0,0.4118443,0.11443311,0
0.0,0.40804577,0.11929718,0
0.0,0.44743967,0.10444032,0
0.0,0.44794974,0.1038473,0
0.0,0.494969,0.08956225,0
0.0,0.5442203,0.07867077,0
0.0,0.5670696,0.07461892,0
0.0,0.5967682,0.08225327,0
0.0,0.58091325,0.07557886,0
0.0,0.59600073,0.07167774,0
0.0,0.5657221,0.06854868,0
0.0,0.5805916,0.06979238,0
0.0,0.56171906,0.068251014,0
0.0,0.57854474,0.06883047,0
0.0,0.5708937,0.06916371,0
0.0,0.58907914,0.06893925,0
0.0,0.60828155,0.07163969,0
0.0,0.6306643,0.07835424,0
0.0,0.6139296,0.07095316,0
0.0,0.61614925,0.0885767,0
0.0,0.6077441,0.088256344,0
0.0,0.58963484,0.085859664,0
0.0,0.53445375,0.094519116,0
0.0,0.49987772,0.10423143,0
0.0,0.47165656,0.10825732,0
0.0,0.4842962,0.102073304,0
0.0,0.51605606,0.1095749,0
0.0,0.5417112,0.105858564,0
0.0,0.51693285,0.10728135,0
0.0,0.5322186,0.103757896,0
0.0,0.58972967,0.10133438,0
0.0,0.52611184,0.10207546,0
0.0,0.54694885,0.108128384,0
0.0,0.6390214,0.11207025,0
0.0,0.70383847,0.12079324,0
0.0,0.65367573,0.111014746,0
0.0,0.6469728,0.10856887,0
0.0,0.6740096,0.112332836,0
0.0,0.707149,0.118331306,0
0.0,0.6278025,0.09530396,0
0.0,0.62346333,0.098628044,0
0.0,0.65961075,0.10154069,0
0.0,0.704204,0.1005308,0
0.0,0.6424476,0.11268113,0
0.0,0.6587777,0.11324277,0
0.0,0.69107133,0.12243386,0
0.0,0.7145176,0.12992172,0
0.0,0.67053074,0.12484122,0
0.0,0.6861501,0.1288295,0
0.0,0.6588362,0.11654292,0
0.0,0.6114667,0.112495914,0
0.0,0.52510196,0.0905659,0
0.0,0.54583585,0.0942287,0
0.0,0.5247689,0.094783045,0
0.0,0.4991813,0.10333711,0
0.0,0.45396304,0.11076763,0
0.0,0.45180494,0.11139923,0
0.0,0.36976844,0.1341992,0
0.0,0.3536957,0.1444815,0
0.0,0.33066437,0.16012084,0
0.0,0.34710705,0.15108874,0
0.0,0.32827193,0.16082832,0
0.0,0.33133587,0.16082066,0
0.0,0.36683592,0.13884665,0
0.0,0.38676697,0.113153055,0
0.0,0.3964682,0.11652709,0
0.0,0.3740987,0.12277219,0
0.0,0.3658844,0.1219084,0
0.0,0.36617857,0.12408729,0
0.0,0.38355985,0.11476067,0
0.0,0.36942938,0.11433027,0
0.0,0.38577217,0.11208386,0
0.0,0.39583838,0.11167652,0
0.0,0.408546,0.116353825,0
0.0,0.39180633,0.122135356,0
0.0,0.39043385,0.11369477,0
0.0,0.3922904,0.11177123,0
0.0,0.40784848,0.10840727,0
0.0,0.40556994,0.11243113,0
0.0,0.4245828,0.10217818,0
0.0,0.43330643,0.10175918,0
0.0,0.45088184,0.100628674,0
0.0,0.44818488,0.10053271,0
0.0,0.47870946,0.09900721,0
0.0,0.5106048,0.094294704,0
0.0,0.51898056,0.09437579,0
0.0,0.5232856,0.097315215,0
0.0,0.47105375,0.12137725,0
0.0,0.49956444,0.12548292,0
0.0,0.46772602,0.121772096,0
0.0,0.5005617,0.117656946,0
0.0,0.47391874,0.112049356,0
0.0,0.5081915,0.13514052,0
0.0,0.4529509,0.12206747,0
0.0,0.5286002,0.13497667,0
0.0,0.45951852,0.1236255,0
0.0,0.50449735,0.1293916,0
0.0,0.4557086,0.14470525,0
0.0,0.5007758,0.14827408,0
0.0,0.4508281,0.15251303,0
0.0,0.48928943,0.15702438,0
0.0,0.44055963,0.15037528,0
0.0,0.4612147,0.16072863,0
0.0,0.41418236,0.16220865,0
0.0,0.4411054,0.16729462,0
0.0,0.39377394,0.16075975,0
0.0,0.42785588,0.16374242,0
0.0,0.3605084,0.17440267,0
0.0,0.37689692,0.184148,0
0.0,0.34977776,0.18330052,0
0.0,0.37561372,0.18203041,0
0.0,0.34384772,0.16892672,0
0.0,0.3567769,0.1798125,0
0.0,0.34601894,0.18520635,0
0.0,0.3632894,0.18403284,0
0.0,0.37303737,0.19643223,0
0.0,0.3782295,0.19629477,0
0.0,0.3649658,0.20731822,0
0.0,0.36535648,0.2039226,0
0.0,0.39527026,0.18772961,0
0.0,0.3866731,0.18575743,0
0.0,0.38160953,0.18538716,0
0.0,0.37949857,0.21661635,0
0.0,0.3983368,0.22794107,0
0.0,0.39652273,0.21565166,0
0.0,0.40205038,0.21936029,0
0.0,0.39731294,0.21174788,0
0.0,0.4223086,0.22665477,0
0.0,0.41628802,0.25381082,0
0.0,0.42731705,0.24172117,0
0.0,0.42762414,0.24489519,0
0.0,0.47571135,0.2544883,0
0.0,0.46443993,0.28508767,0
0.0,0.46474186,0.298773,0
0.0,0.46320912,0.2978718,0
0.0,0.5127797,0.31684428,0
0.0,0.5027918,0.32001084,0
0.0,0.4813784,0.310625,0
0.0,0.46338692,0.32947287,0
0.0,0.47093803,0.33408463,0
0.0,0.46492845,0.31710714,0
0.0,0.4519358,0.30694294,0
0.0,0.4328012,0.30045256,0
0.0,0.43813783,0.33838344,0
0.0,0.45002252,0.3428671,0
0.0,0.44228503,0.32667547,0
0.0,0.4654728,0.34038794,0
0.0,0.47504282,0.3413213,0
0.0,0.48736906,0.39803323,0
0.0,0.45525467,0.37898058,0
0.0,0.4827648,0.4041469,0
0.0,0.5101108,0.43486857,0
0.0,0.5212477,0.4720184,0
0.0,0.50819844,0.46110207,0
0.0,0.50644153,0.49070758,0
0.0,0.5482232,0.526609,0
0.0,0.53444237,0.51610005,0
0.0,0.53129673,0.51425827,0
0.0,0.5012474,0.5053984,0
0.0,0.51316476,0.52900404,0
0.0,0.50892955,0.4880617,0
0.0,0.53583556,0.4995469,0
0.0,0.53649443,0.50030017,0
0.0,0.5733545,0.54012513,0
0.0,0.5607183,0.5523963,0
0.0,0.6109443,0.61728996,0
0.0,0.6269645,0.6425632,0
0.0,0.7045341,0.76248205,0
0.0,0.71566933,0.794183,0
0.0,0.75044453,0.8684289,0
0.0,0.7712003,0.8982999,0
0.0,0.7967523,0.9092888,0
0.0,0.81202215,0.9336709,0
0.0,0.824291,0.99150294,0
0.0,0.8110878,1.0389005,0
0.0,0.8272345,1.0205082,0
0.0,0.8286715,0.99676293,0
0.0,0.8167671,0.973936,0
0.0,0.7963152,0.9585124,0
0.0,0.7860985,0.9726339,0
0.0,0.79326516,0.93342793,0
0.0,0.79251117,0.9216167,0
0.0,0.8188638,0.9637494,0
0.0,0.8618534,1.0438796,0
0.0,0.87588525,1.0961378,0
0.0,0.8568127,1.1088195,0
0.0,0.8609382,1.0860718,0
0.0,0.88294536,1.1149805,0
0.0,0.8789602,1.107409,0
0.0,0.84688574,1.0694578,0
0.0,0.85504085,1.0755249,0
0.0,0.8640981,1.0804094,0
0.0,0.8727934,1.1194632,0
0.0,0.83147067,1.0584265,0
0.0,0.8262713,1.0549673,0
0.0,0.8449977,1.1072986,0
0.0,0.8225771,1.0128248,0
0.0,0.80411667,0.9316396,0
0.0,0.83134633,0.9516001,0
0.0,0.8525109,0.96522176,0
0.0,0.83863974,0.9462067,0
0.0,0.84816337,1.0174515,0
0.0,0.8561091,0.985958,0
0.0,0.8766654,1.0272812,0
0.0,0.8674186,1.0601883,0
0.0,0.8830937,1.0743841,0
0.0,0.88094735,0.9849373,0
0.0,0.86681867,0.9672543,0
0.0,0.860128,1.0148892,0
0.0,0.8573335,1.0383008,0
0.0,0.87237656,1.0711659,0
0.0,0.8592856,1.0512966,0
0.0,0.85595715,1.0861902,0
0.0,0.86511284,1.1033542,0
0.0,0.8633103,1.0853865,0
0.0,0.8578149,1.0600653,0
0.0,0.8390516,0.9960857,0
0.0,0.856283,1.0002942,0
0.0,0.8674654,0.976423,0
0.0,0.85956603,0.94966626,0
0.0,0.86167204,0.9720281,0
0.0,0.8715629,1.0356561,0
0.0,0.8726052,1.0262265,0
0.0,0.85908574,1.0106018,0
0.0,0.8636405,1.0407083,0
0.0,0.8633824,1.0314674,0
0.0,0.88299835,1.1083658,0
0.0,0.87917143,1.1003869,0
0.0,0.8869678,1.1289605,0
0.0,0.86854976,1.128222,0
0.0,0.8825759,1.1497269,0
0.0,0.8742131,1.1624227,0
0.0,0.8591461,1.1202996,0
0.0,0.8479023,1.0432729,0
0.0,0.8614932,1.1216743,0
0.0,0.84431374,1.0752563,0
0.0,0.8332367,1.0338931,0
0.0,0.77065873,0.93867517,0
0.0,0.802946,0.99075615,0
0.0,0.7685006,0.92952913,0
0.0,0.7626957,0.89099765,0
0.0,0.7062644,0.7768436,0
0.0,0.7256157,0.7920933,0
0.0,0.69727874,0.7665825,0
0.0,0.68162876,0.71884143,0
0.0,0.6422674,0.6450677,0
0.0,0.67250186,0.7018976,0
0.0,0.654103,0.66887736,0
0.0,0.656296,0.70531297,0
0.0,0.62177944,0.71086067,0
0.0,0.6456457,0.72422767,0
0.0,0.6745951,0.76913226,0
0.0,0.6621784,0.7417394,0
0.0,0.63434505,0.6405413,0
0.0,0.6659635,0.69136035,0
0.0,0.67670476,0.6916351,0
0.0,0.6857372,0.6674502,0
0.0,0.65172976,0.6235941,0
0.0,0.6511414,0.5957041,0
0.0,0.68524,0.66800404,0
0.0,0.65692073,0.6048864,0
0.0,0.6611112,0.592812,0
0.0,0.6152757,0.5411358,0
0.0,0.63378495,0.53527343,0
0.0,0.59377563,0.53868127,0
0.0,0.58763653,0.51150763,0
0.0,0.5785766,0.4616883,0
0.0,0.6188652,0.49992305,0
0.0,0.59477085,0.4715032,0
0.0,0.58704865,0.44607875,0
0.0,0.55909336,0.4225682,0
0.0,0.61202747,0.45639694,0
0.0,0.53676337,0.37757784,0
0.0,0.5201137,0.36588657,0
0.0,0.46192354,0.32967418,0
0.0,0.47937784,0.30080086,0
0.0,0.4229183,0.2588273,0
0.0,0.43772924,0.29498577,0
0.0,0.39397058,0.27262083,0
0.0,0.39900705,0.27649862,0
0.0,0.37366337,0.25466684,0
0.0,0.39825612,0.22568902,0
0.0,0.35829526,0.26283604,0
0.0,0.34975624,0.26412034,0
0.0,0.33654636,0.27298123,0
0.0,0.34506255,0.27466777,0
0.0,0.3282154,0.27394342,0
0.0,0.33209085,0.28932244,0
0.0,0.32200322,0.32264352,0
0.0,0.3375736,0.31472602,0
0.0,0.31649688,0.32094157,0
0.0,0.32255715,0.3038826,0
0.0,0.33193877,0.3348671,0
0.0,0.35798544,0.34113252,0
0.0,0.33815658,0.35156125,0
0.0,0.34323564,0.34939826,0
0.0,0.33543447,0.3268957,0
0.0,0.36937663,0.3355853,0
0.0,0.34963197,0.3917023,0
0.0,0.33982614,0.4028123,0
0.0,0.33498028,0.4043937,0
0.0,0.32728288,0.4337465,0
0.0,0.31023347,0.45843613,0
0.0,0.30321723,0.48897016,0
0.0,0.29613686,0.504331,0
0.0,0.3009205,0.49999142,0
0.0,0.2848167,0.54695016,0
0.0,0.28956974,0.5518644,0
0.0,0.2864037,0.55981004,0
0.0,0.29303864,0.55101407,0
0.0,0.274659,0.5742569,0
0.0,0.28135604,0.57707614,0
0.0,0.27818927,0.6306223,0
0.0,0.2779228,0.63622075,0
0.0,0.26153317,0.6240555,0
0.0,0.24395671,0.6706985,0
0.0,0.22664994,0.6999829,0
0.0,0.2332998,0.69337386,0
0.0,0.2231981,0.7528255,0
0.0,0.22111385,0.7451558,0
0.0,0.21813926,0.7296985,0
0.0,0.22106303,0.74583125,0
0.0,0.21222308,0.76543236,0
0.0,0.20928513,0.7733973,0
0.0,0.20632069,0.75127757,0
0.0,0.21059772,0.7393544,0
0.0,0.20377104,0.78788096,0
0.0,0.20760702,0.824281,0
0.0,0.21232374,0.8191799,0
0.0,0.2226275,0.7578306,0
0.0,0.21977527,0.6950207,0
0.0,0.26567575,0.6190288,0
0.0,0.27432007,0.631346,0
0.0,0.28609508,0.6573499,0
0.0,0.27025992,0.6818828,0
0.0,0.26661673,0.66138494,0
0.0,0.26519504,0.6682076,0
0.0,0.28834456,0.6642314,0
0.0,0.2721179,0.6779269,0
0.0,0.27827415,0.68787736,0
0.0,0.2748255,0.70285255,0
0.0,0.28658757,0.64281815,0
0.0,0.2724919,0.66900283,0
0.0,0.27955756,0.697085,0
0.0,0.28571767,0.64475024,0
0.0,0.29439452,0.60897624,0
0.0,0.28297263,0.63340193,0
0.0,0.28670952,0.62157226,0
0.0,0.29098964,0.6257614,0
0.0,0.29937613,0.627072,0
0.0,0.2920651,0.59734315,0
0.0,0.29998556,0.589375,0
0.0,0.2991198,0.6002337,0
0.0,0.29368412,0.5981415,0
0.0,0.2925866,0.60021055,0
0.0,0.2673858,0.61728626,0
0.0,0.2723981,0.6210346,0
0.0,0.26331326,0.64671624,0
0.0,0.26645344,0.62280566,0
0.0,0.26333228,0.62809485,0
0.0,0.2703959,0.60265106,0
0.0,0.24890597,0.6321807,0
0.0,0.2571284,0.63031894,0
0.0,0.26234648,0.6464325,0
0.0,0.26786375,0.6145084,0
0.0,0.25651452,0.56215787,0
0.0,0.25974005,0.5580034,0
0.0,0.2580126,0.56022,0
0.0,0.2634793,0.5609875,0
0.0,0.25401053,0.5440123,0
0.0,0.2562914,0.5241914,0
0.0,0.25833765,0.53926575,0
0.0,0.25815472,0.5403849,0
0.0,0.24652764,0.55683327,0
0.0,0.24528714,0.571135,0
0.0,0.24592622,0.51670086,0
0.0,0.23917261,0.5120926,0
0.0,0.23052979,0.5421059,0
0.0,0.22574654,0.5630569,0
0.0,0.22384302,0.55667853,0
0.0,0.22241166,0.5370052,0
0.0,0.2248293,0.51746345,0
0.0,0.22693765,0.5437784,0
0.0,0.22819364,0.53797907,0
0.0,0.22777022,0.51893544,0
0.0,0.23215733,0.48700285,0
0.0,0.23358299,0.4798646,0
0.0,0.23702551,0.4771225,0
0.0,0.24745414,0.44444358,0
0.0,0.25925645,0.40620917,0
0.0,0.2686615,0.3700801,0
0.0,0.27359495,0.32009616,0
0.0,0.27880776,0.31570476,0
0.0,0.28164688,0.31471542,0
0.0,0.29483256,0.3051891,0
0.0,0.30304354,0.27245516,0
0.0,0.31228316,0.2637741,0
0.0,0.31917736,0.2832352,0
0.0,0.36617872,0.25537574,0
0.0,0.36037856,0.26496327,0
0.0,0.33893213,0.25542414,0
0.0,0.34373704,0.25373492,0
0.0,0.3671813,0.23387028,0
0.0,0.352215,0.21621767,0
0.0,0.34960476,0.20147142,0
0.0,0.34026426,0.23161328,0
0.0,0.36608392,0.2051014,0
0.0,0.3528832,0.21194983,0
0.0,0.37070134,0.20984277,0
0.0,0.36457297,0.20029868,0
0.0,0.4156173,0.16253772,0
0.0,0.37505907,0.17023279,0
0.0,0.37324232,0.1687758,0
0.0,0.3573168,0.17294198,0
0.0,0.38960758,0.14275545,0
0.0,0.36922976,0.13749453,0
0.0,0.38220176,0.13091528,0
0.0,0.3636809,0.13222677,0
0.0,0.3940855,0.12657039,0
0.0,0.38507628,0.1272622,0
0.0,0.4085913,0.12244462,0
0.0,0.3843515,0.12081221,0
0.0,0.3806773,0.1207383,0
0.0,0.38797948,0.12033757,0
0.0,0.43343225,0.12202219,0
0.0,0.4119701,0.12134804,0
0.0,0.4350425,0.12990645,0
0.0,0.47833523,0.14342481,0
0.0,0.53804314,0.16463904,0
0.0,0.5341807,0.14718673,0
0.0,0.573185,0.16686817,0
0.0,0.5879133,0.22878318,0
0.0,0.56499404,0.21514693,0
0.0,0.5526028,0.20888686,0
0.0,0.52102,0.22078767,0
0.0,0.5396346,0.22566697,0
0.0,0.51726675,0.22346248,0
0.0,0.51187223,0.19219129,0
0.0,0.50649023,0.19954753,0
0.0,0.5112615,0.23911294,0
0.0,0.50694394,0.23645988,0
0.0,0.5214521,0.24365614,0
0.0,0.5224219,0.26908362,0
0.0,0.5190865,0.25824377,0
0.0,0.49169984,0.2473126,0
0.0,0.51263624,0.27694595,0
0.0,0.496171,0.27860078,0
0.0,0.4964288,0.29471797,0
0.0,0.47062328,0.27872723,0
0.0,0.4908222,0.2993639,0
0.0,0.4799211,0.31971315,0
0.0,0.4719236,0.32257634,0
0.0,0.47244763,0.33528057,0
0.0,0.5154049,0.3676724,0
0.0,0.5277954,0.37665126,0
0.0,0.533873,0.3994769,0
0.0,0.53223747,0.39938444,0
0.0,0.585064,0.46042818,0
0.0,0.60449463,0.4753033,0
0.0,0.6032081,0.46590796,0
0.0,0.5944338,0.4852566,0
0.0,0.59926337,0.50296474,0
0.0,0.6243402,0.52627814,0
0.0,0.6176917,0.4662894,0
0.0,0.62419146,0.49552798,0
0.0,0.6458107,0.55781424,0
0.0,0.70290357,0.6182053,0
0.0,0.6895171,0.6307131,0
0.0,0.7043036,0.6433364,0
0.0,0.7425328,0.69884807,0
0.0,0.78913546,0.8216929,0
0.0,0.7775365,0.7676267,0
0.0,0.77555573,0.7728965,0
0.0,0.7908821,0.79390484,0
0.0,0.8349854,0.84770286,0
0.0,0.81646866,0.87538755,0
0.0,0.8229358,0.8837695,0
0.0,0.81015825,0.8940338,0
0.0,0.8143971,0.88849956,0
0.0,0.7845493,0.8076663,0
0.0,0.7813484,0.86671054,0
0.0,0.76348245,0.8353408,0
0.0,0.7535843,0.82947946,0
0.0,0.72800034,0.8047578,0
0.0,0.72194695,0.7835939,0
0.0,0.74038655,0.9107778,0
0.0,0.7342858,0.9348537,0
0.0,0.7216623,0.92236733,0
0.0,0.7110298,0.933648,0
0.0,0.71874,0.93402064,0
0.0,0.6959787,0.93489563,0
0.0,0.6935315,0.97741216,0
0.0,0.67629445,0.9378171,0
0.0,0.6913171,0.9786174,0
0.0,0.6850998,0.9749514,0
0.0,0.69047856,0.9865321,0
0.0,0.6835762,0.99301064,0
0.0,0.68545777,0.97849095,0
0.0,0.7025165,0.99175525,0
0.0,0.70872235,1.0584502,0
0.0,0.7016438,1.0825461,0
0.0,0.7082736,1.0893521,0
0.0,0.7368907,1.1409225,0
0.0,0.7627901,1.2084857,0
0.0,0.757813,1.221837,0
0.0,0.77105236,1.258458,0
0.0,0.80249476,1.3240094,0
0.0,0.8306763,1.4008251,0
0.0,0.8220748,1.3982959,0
0.0,0.82561445,1.3957686,0
0.0,0.84857583,1.4858507,0
0.0,0.85658735,1.5365323,0
0.0,0.8658878,1.5769181,0
0.0,0.855373,1.5649211,0
0.0,0.86021787,1.5319872,0
0.0,0.86128885,1.5510075,0
0.0,0.86992186,1.5997753,0
0.0,0.85174704,1.476641,0
0.0,0.8690234,1.5116788,0
0.0,0.860502,1.4602034,0
0.0,0.88044953,1.4562402,0
0.0,0.875053,1.4495473,0
0.0,0.8893866,1.4847045,0
0.0,0.8827979,1.4428502,0
0.0,0.8959372,1.4763364,0
0.0,0.89988893,1.4862261,0
0.0,0.9064448,1.5091715,0
0.0,0.89328736,1.5423263,0
0.0,0.90045565,1.5776992,0
0.0,0.9019306,1.5892189,0
0.0,0.9068098,1.6176412,0
0.0,0.88395226,1.5353813,0
0.0,0.89588267,1.6582878,0
0.0,0.90668494,1.7191489,0
0.0,0.91612726,1.7446089,0
0.0,0.9076376,1.6796694,0
0.0,0.91836756,1.6448209,0
0.0,0.9267511,1.7060988,0
0.0,0.9273813,1.6823918,0
0.0,0.9097555,1.5955777,0
0.0,0.898908,1.5816554,0
0.0,0.9149909,1.5793657,0
0.0,0.9057608,1.5922624,0
0.0,0.8689385,1.4678891,0
0.0,0.83626014,1.3317791,0
0.0,0.86114794,1.4313983,0
0.0,0.8440779,1.391528,0
0.0,0.81039476,1.2811638,0
0.0,0.78302264,1.1927941,0
0.0,0.7962999,1.2252316,0
0.0,0.7740129,1.17662,0
0.0,0.728063,1.0961518,0
0.0,0.69979364,1.0621006,0
0.0,0.72453433,1.1066278,0
0.0,0.72341865,1.1131258,0
0.0,0.6797869,1.0498146,0
0.0,0.67896235,1.0179243,0
0.0,0.70608735,1.0497394,0
0.0,0.70509493,1.0334597,0
0.0,0.6835957,0.9226543,0
0.0,0.68425214,0.9331101,0
0.0,0.68600106,0.92648077,0
0.0,0.68720084,0.90706,0
0.0,0.66670895,0.82911456,0
0.0,0.665869,0.72332716,0
0.0,0.66741735,0.7000199,0
0.0,0.6745924,0.6861367,0
0.0,0.6738863,0.7315576,0
0.0,0.6983789,0.7753002,0
0.0,0.7302254,0.7892003,0
0.0,0.73768854,0.84772986,0
0.0,0.74287343,0.87295127,0
0.0,0.7658793,0.90070516,0
0.0,0.8001707,0.95833516,0
0.0,0.81576747,0.9064276,0
0.0,0.8161076,0.924198,0
0.0,0.82509655,1.003884,0
0.0,0.81591696,0.91465884,0
0.0,0.8198828,0.9062761,0
0.0,0.8126909,0.8929186,0
0.0,0.8141694,0.88834774,0
0.0,0.7789989,0.82654047,0
0.0,0.76027155,0.7954662,0
0.0,0.73844457,0.7464357,0
0.0,0.7298107,0.7152309,0
0.0,0.71669006,0.6945276,0
0.0,0.7118676,0.6773021,0
0.0,0.69351447,0.64166045,0
0.0,0.716248,0.6865274,0
0.0,0.7156819,0.6729633,0
0.0,0.7141611,0.6771519,0
0.0,0.7068852,0.7113145,0
0.0,0.71560824,0.68730056,0
0.0,0.72502744,0.7182722,0
0.0,0.72354925,0.7154677,0
0.0,0.7212168,0.70727265,0
0.0,0.70656395,0.6700289,0
0.0,0.68079793,0.6336137,0
0.0,0.68917125,0.62714714,0
0.0,0.6788768,0.56400925,0
0.0,0.633003,0.50904834,0
0.0,0.635739,0.5165808,0
0.0,0.587123,0.46879488,0
0.0,0.5978271,0.4469472,0
0.0,0.54463685,0.386572,0
0.0,0.5801605,0.4073142,0
0.0,0.55976963,0.3972177,0
0.0,0.58846575,0.42369217,0
0.0,0.544324,0.3287868,0
0.0,0.5684209,0.34611174,0
0.0,0.54659355,0.3326407,0
0.0,0.5825753,0.3512324,0
0.0,0.51964694,0.31662542,0
0.0,0.54221284,0.33023006,0
0.0,0.4981741,0.28913984,0
0.0,0.5132022,0.30852768,0
0.0,0.45912793,0.2811126,0
0.0,0.4352647,0.26889122,0
0.0,0.42122406,0.23023614,0
0.0,0.40948027,0.2082237,0
0.0,0.38108307,0.23082775,0
0.0,0.34820297,0.23439926,0
0.0,0.31322014,0.23567924,0
0.0,0.3178561,0.21322636,0
0.0,0.31283653,0.2133705,0
0.0,0.31337583,0.20010284,0
0.0,0.31542927,0.21551284,0
0.0,0.336779,0.18948534,0
0.0,0.33079112,0.20385574,0
0.0,0.3332553,0.20371678,0
0.0,0.33505172,0.20272702,0
0.0,0.35560718,0.20335948,0
0.0,0.34507445,0.19394243,0
0.0,0.34127113,0.19386443,0
0.0,0.3341183,0.17272463,0
0.0,0.35766587,0.1997491,0
0.0,0.34669125,0.19733915,0
0.0,0.34634694,0.22409233,0
0.0,0.33854738,0.23099667,0
0.0,0.36581662,0.23027259,0
0.0,0.36113533,0.22978675,0
0.0,0.3637731,0.2305629,0
0.0,0.39021587,0.22832282,0
0.0,0.39427933,0.24586615,0
0.0,0.40057313,0.2921651,0
0.0,0.39237395,0.27967948,0
0.0,0.4423775,0.29341286,0
0.0,0.41314253,0.26935542,0
0.0,0.4466803,0.29163685,0
0.0,0.4148914,0.29525468,0
0.0,0.45676062,0.30482674,0
0.0,0.42509437,0.29919934,0
0.0,0.45928782,0.28336287,0
0.0,0.41032824,0.27080345,0
0.0,0.45309168,0.2846818,0
0.0,0.434662,0.2891596,0
0.0,0.49018577,0.28991124,0
0.0,0.43459034,0.27746546,0
0.0,0.47775567,0.28933662,0
0.0,0.42248955,0.2980327,0
0.0,0.44917014,0.28818744,0
0.0,0.405414,0.27927038,0
0.0,0.43779576,0.30200645,0
0.0,0.39830732,0.28914458,0
0.0,0.42639333,0.31338656,0
0.0,0.4100752,0.31359795,0
0.0,0.40803823,0.31205758,0
0.0,0.39950845,0.28730422,0
0.0,0.41784248,0.29624817,0
0.0,0.4062,0.25729412,0
0.0,0.4112104,0.24755423,0
0.0,0.47977737,0.2803818,0
0.0,0.44364658,0.27641067,0
0.0,0.47431257,0.30526513,0
0.0,0.45602906,0.2951058,0
0.0,0.53753155,0.32444215,0
0.0,0.46872336,0.22808105,0
0.0,0.55148894,0.27223426,0
0.0,0.5412094,0.27362788,0
0.0,0.61399126,0.3434679,0
0.0,0.53464854,0.28050435,0
0.0,0.59188974,0.29987234,0
0.0,0.5348121,0.27215993,0
0.0,0.5836244,0.31499356,0
0.0,0.5156261,0.31915343,0
0.0,0.5706858,0.34705168,0
0.0,0.52126116,0.30505615,0
0.0,0.6117966,0.3735201,0
0.0,0.5470483,0.32317066,0
0.0,0.6026734,0.3800981,0
0.0,0.57598674,0.35297787,0
0.0,0.6333466,0.34354392,0
0.0,0.58625436,0.3034069,0
0.0,0.5976589,0.31022996,0
0.0,0.5451088,0.2635419,0
0.0,0.48960647,0.22881772,0
0.0,0.51077837,0.22804451,0
0.0,0.48074192,0.20562291,0
0.0,0.5629515,0.25682944,0
0.0,0.51444924,0.2197778,0
0.0,0.5993192,0.27739134,0
0.0,0.549283,0.24676532,0
0.0,0.596406,0.2945642,0
0.0,0.53164405,0.2500844,0
0.0,0.61281765,0.323546,0
0.0,0.6117317,0.30301633,0
0.0,0.6442229,0.3294918,0
0.0,0.6046656,0.31300032,0
0.0,0.6294119,0.35804322,0
0.0,0.62622565,0.37982377,0
0.0,0.66803396,0.4238513,0
0.0,0.63374597,0.36838564,0
0.0,0.6635793,0.39730188,0
0.0,0.680417,0.4289602,0
0.0,0.6739252,0.455634,0
0.0,0.6501212,0.4156289,0
0.0,0.67815083,0.3754109,0
0.0,0.66485846,0.3947354,0
0.0,0.6380093,0.36877263,0
0.0,0.6134928,0.34198987,0
0.0,0.5723038,0.32037842,0
0.0,0.5935182,0.31446552,0
0.0,0.49691954,0.24242991,0
0.0,0.54170454,0.28482854,0
0.0,0.48836046,0.2566954,0
0.0,0.5128343,0.27871498,0
0.0,0.45436198,0.24188419,0
0.0,0.51187503,0.27907324,0
0.0,0.4728877,0.268654,0
0.0,0.47301015,0.35658565,0
0.0,0.45094776,0.4080003,0
0.0,0.5215265,0.46714044,0
0.0,0.4570493,0.43919915,0
0.0,0.4731424,0.47285658,0
0.0,0.4449897,0.50332767,0
0.0,0.48763174,0.54060334,0
0.0,0.4909098,0.5190636,0
0.0,0.4982592,0.57123935,0
0.0,0.47571808,0.5625999,0
0.0,0.4956195,0.58541274,0
0.0,0.4904265,0.56484234,0
0.0,0.52741814,0.6340697,0
0.0,0.49671757,0.6912145,0
0.0,0.52453536,0.7265613,0
0.0,0.503712,0.74774194,0
0.0,0.53018236,0.86943364,0
0.0,0.5147238,0.82949877,0
0.0,0.53197354,0.84233093,0
0.0,0.539518,0.858892,0
0.0,0.55381316,0.88625824,0
0.0,0.56554407,0.89479595,0
0.0,0.56240183,0.89356923,0
0.0,0.58781403,0.9014469,0
0.0,0.56077117,0.8946402,0
0.0,0.5690129,0.90251327,0
0.0,0.52301043,0.94060427,0
0.0,0.5606179,0.95368123,0
0.0,0.54158664,0.9623096,0
0.0,0.5463577,0.9548928,0
0.0,0.5138941,0.96710706,0
0.0,0.51541203,1.0258577,0
0.0,0.5065828,0.98055303,0
0.0,0.52468175,0.9413084,0
0.0,0.49976724,0.97928846,0
0.0,0.50673956,1.1615547,0
0.0,0.48586157,1.371867,0
0.0,0.53000677,1.3288804,0
0.0,0.51750225,1.3215404,0
0.0,0.5600757,1.4333909,0
0.0,0.5491613,1.4272537,0
0.0,0.6025324,1.5968568,0
0.0,0.59350616,1.584673,0
0.0,0.6229746,1.6157091,0
0.0,0.60677594,1.5611038,0
0.0,0.61489,1.4988624,0
0.0,0.5784794,1.4509184,0
0.0,0.6033617,1.4979982,0
0.0,0.6282716,1.3969024,0
0.0,0.6671924,1.441371,0
0.0,0.67602706,1.4618102,0
0.0,0.694114,1.8913403,0
0.0,0.6901012,1.8461415,0
0.0,0.6765252,2.1427035,0
0.0,0.66833276,2.1997666,0
0.0,0.67322564,2.2034335,0
0.0,0.6661336,2.3239932,0
0.0,0.669711,2.6598067,0
0.0,0.65743196,2.6768637,0
0.0,0.6687147,2.721232,0
0.0,0.66772926,2.7508774,0
0.0,0.6657173,2.7487655,0
0.0,0.6810267,2.736157,0
0.0,0.6565461,3.4250293,0
0.0,0.6326278,3.3932896,0
0.0,0.6166373,3.3563805,0
0.0,0.6164631,3.3482058,0
0.0,0.60102975,3.1513195,0
0.0,0.61780095,2.9031591,0
0.0,0.63538885,3.132773,0
0.0,0.67245376,3.1737201,0
0.0,0.6394952,3.1938386,0
0.0,0.64500374,3.2724037,0
0.0,0.62188464,3.272316,0
0.0,0.6696961,3.336756,0
0.0,0.6371868,3.332645,0
0.0,0.66562605,3.592698,0
0.0,0.68754053,3.6776147,0
0.0,0.74029464,3.742341,0
0.0,0.7310525,4.1615667,0
0.0,0.7611863,4.2068696,0
0.0,0.78242296,4.231653,0
0.0,0.82269156,4.5117974,0
0.0,0.80674744,4.0330257,0
0.0,0.8198087,4.0685053,0
0.0,0.83679736,4.108575,0
0.0,0.84763366,4.140987,0
0.0,0.8427391,4.306675,0
0.0,0.85095406,4.176915,0
0.0,0.86425567,4.097684,0
0.0,0.87269,3.9970348,0
0.0,0.8683493,3.9777932,0
0.0,0.863432,3.9108484,0
0.0,0.8546562,3.8939886,0
0.0,0.8495436,4.2535653,0
0.0,0.8514357,4.0003357,0
0.0,0.8473394,3.914893,0
0.0,0.847877,4.058744,0
0.0,0.8415825,4.1330614,0
0.0,0.846168,4.270829,0
0.0,0.825086,4.2584934,0
0.0,0.8251776,4.291766,0
0.0,0.81403536,4.254791,0
0.0,0.80154103,4.341691,0
0.0,0.79218346,4.2398844,0
0.0,0.7782678,4.1525116,0
0.0,0.7831199,4.131926,0
0.0,0.7726438,4.1075487,0
0.0,0.76859754,3.8356738,0
0.0,0.7579615,3.782681,0
0.0,0.75893587,3.858802,0
0.0,0.75159234,3.7217216,0
0.0,0.7384237,3.9470046,0
0.0,0.7258908,3.913168,0
0.0,0.71775573,3.6809092,0
0.0,0.72020835,3.6783278,0
0.0,0.71597147,3.7936537,0
0.0,0.7028036,3.8152921,0
0.0,0.7137868,3.977494,0
0.0,0.7106849,3.951363,0
0.0,0.7013086,4.1040683,0
0.0,0.6933658,3.94652,0
0.0,0.69707525,3.9510205,0
0.0,0.68022937,3.9278295,0
0.0,0.6885719,4.0532703,0
0.0,0.6888287,4.086509,0
0.0,0.70624113,3.7699945,0
0.0,0.71101123,3.2084126,0
0.0,0.71816534,3.2090673,0
0.0,0.70781493,3.084594,0
0.0,0.7061986,2.9773903,0
0.0,0.723511,2.8700275,0
0.0,0.72057754,2.847208,0
0.0,0.72472733,2.7993505,0
0.0,0.6927785,2.771134,0
0.0,0.6516124,2.5241234,0
0.0,0.6663397,3.3561642,0
0.0,0.6688364,3.766641,0
0.0,0.7124965,3.9723744,0
0.0,0.6957717,4.0595436,0
0.0,0.7155737,4.081909,0
0.0,0.71876884,4.084424,0
0.0,0.71750385,4.4102936,0
0.0,0.67354196,4.887398,0
0.0,0.66559726,5.225069,0
0.0,0.64221644,6.005068,0
0.0,0.614729,6.5048327,0
0.0,0.5739225,6.5862055,0
0.0,0.5423746,6.5527506,0
0.0,0.534431,6.272667,0
0.0,0.5045322,6.1840496,0
0.0,0.5085909,5.950166,0
0.0,0.48355323,6.6223345,0
0.0,0.4720431,6.5632725,0
0.0,0.41931927,7.0510125,0
0.0,0.3924168,7.055745,0
0.0,0.36656895,7.1846943,0
0.0,0.3696202,7.1697435,0
0.0,0.3616237,7.2068095,0
0.0,0.37454307,7.32696,0
0.0,0.358203,8.02026,0
0.0,0.36582386,8.05113,0
0.0,0.35137516,9.045918,0
0.0,0.34959197,9.031378,0
0.0,0.32124513,9.307943,0
0.0,0.32453004,9.258074,0
0.0,0.32969654,9.323627,0
0.0,0.33185482,9.297018,0
0.0,0.3440114,8.915064,0
0.0,0.3647682,8.50893,0
0.0,0.38893056,8.93762,0
0.0,0.40676114,8.77587,0
0.0,0.41441008,9.195915,0
0.0,0.44197035,9.181492,0
0.0,0.44499916,8.857443,0
0.0,0.47926983,8.157035,0
0.0,0.48639902,7.649484,0
0.0,0.51023114,6.8352566,0
0.0,0.5202121,6.910184,0
0.0,0.5559263,6.8617673,0
0.0,0.55815995,6.848485,0
0.0,0.5763557,7.5323734,0
0.0,0.60143507,7.4251294,0
0.0,0.63249314,7.5910516,0
0.0,0.6318444,6.75695,0
0.0,0.66261435,6.7843776,0
0.0,0.66537744,6.416454,0
0.0,0.6816033,7.3953767,0
0.0,0.675278,7.350876,0
0.0,0.6946405,7.9563675,0
0.0,0.7082605,7.9015603,0
0.0,0.69316316,7.716627,0
0.0,0.7060731,7.326597,0
0.0,0.68121016,7.3519154,0
0.0,0.7001233,6.650606,0
0.0,0.66136485,6.69703,0
0.0,0.68203944,6.681188,0
0.0,0.6559209,6.916316,0
0.0,0.6945638,6.907181,0
0.0,0.65898174,6.9065466,0
0.0,0.68221796,6.698968,0
0.0,0.66105944,6.6625366,0
0.0,0.69142926,6.1469536,0
0.0,0.6583856,6.1862564,0
0.0,0.69387496,5.8807755,0
0.0,0.6689617,6.1253476,0
0.0,0.69367,6.3778105,0
0.0,0.6643226,6.288536,0
0.0,0.6834268,6.4583087,0
0.0,0.64495516,6.4221067,0
0.0,0.6478759,5.8679485,0
0.0,0.63751227,5.8993387,0
0.0,0.6576327,5.853753,0
0.0,0.6673006,5.1776433,0
0.0,0.67160827,5.205972,0
0.0,0.6819564,5.0939894,0
0.0,0.68157566,6.0254536,0
0.0,0.68491614,5.969679,0
0.0,0.6780163,6.5394764,0
0.0,0.7157125,6.1537304,0
0.0,0.71403944,5.9947762,0
0.0,0.748317,5.5714417,0
0.0,0.7112499,5.9022245,0
0.0,0.7277078,5.9841394,0
0.0,0.7164706,5.77658,0
0.0,0.73310876,5.7364173,0
0.0,0.7005264,5.2844257,0
0.0,0.72688806,5.3031454,0
0.0,0.69766265,5.19109,0
0.0,0.70572966,5.1056185,0
0.0,0.6853531,5.1313057,0
0.0,0.7013459,5.1923738,0
0.0,0.68884945,5.635392,0
0.0,0.72038877,5.9551544,0
0.0,0.7190439,5.9886007,0
0.0,0.74251205,5.9439826,0
0.0,0.7307047,5.7894983,0
0.0,0.7500585,5.5695972,0
0.0,0.7425588,5.5059233,0
0.0,0.7677625,5.507132,0
0.0,0.74938065,5.304968,0
0.0,0.76790106,5.3235226,0
0.0,0.7594549,5.467576,0
0.0,0.7708566,5.426631,0
0.0,0.75391126,5.4985237,0
0.0,0.7672171,6.295041,0
0.0,0.7846658,6.413171,0
0.0,0.7952662,6.5745606,0
0.0,0.79806566,5.7540073,0
0.0,0.80532503,5.838192,0
0.0,0.8051676,5.212248,0
0.0,0.779618,4.627552,0
0.0,0.7797459,4.640397,0
0.0,0.74881434,4.457963,0
0.0,0.77440524,4.521394,0
0.0,0.756375,4.5338593,0
0.0,0.783718,4.859978,0
0.0,0.7688873,4.771997,0
0.0,0.8011277,5.170507,0
0.0,0.78691185,5.1795607,0
0.0,0.79922974,5.1309643,0
0.0,0.7695494,4.804702,0
0.0,0.7855135,4.796365,0
0.0,0.73705155,4.669549,0
0.0,0.7427671,4.6447268,0
0.0,0.70158154,4.301392,0
0.0,0.7111556,4.683498,0
0.0,0.6724859,4.625737,0
0.0,0.6889527,4.656303,0
0.0,0.62593096,4.641667,0
0.0,0.6468719,4.569267,0
0.0,0.6110379,4.552994,0
0.0,0.61750954,4.593179,0
0.0,0.5603774,4.5627418,0
0.0,0.5623192,4.4901543,0
0.0,0.5486872,4.480132,0
0.0,0.5495255,4.3993273,0
0.0,0.53267884,3.681869,0
0.0,0.5401913,3.5385091,0
0.0,0.53183246,3.341721,0
0.0,0.53555286,3.2331734,0
0.0,0.52022684,3.1757238,0
0.0,0.5147055,3.1789684,0
0.0,0.5135314,3.457481,0
0.0,0.5178444,3.5422063,0
0.0,0.53787154,3.7379932,0
0.0,0.5514943,3.5423112,0
0.0,0.5873792,3.6703374,0
0.0,0.5921638,3.7433217,0
0.0,0.6118002,4.0344844,0
0.0,0.61443686,4.7305274,0
0.0,0.604064,4.7415876,0
0.0,0.5764675,5.1863437,0
0.0,0.5730604,5.2331395,0
0.0,0.56201357,5.1931443,0
0.0,0.51589566,5.3788276,0
0.0,0.47423634,5.1366386,0
0.0,0.4863089,5.1216817,0
0.0,0.47203758,5.3159313,0
0.0,0.45653158,5.244803,0
0.0,0.42833173,5.6184263,0
0.0,0.4271971,5.5695167,0
0.0,0.422857,5.5383005,0
0.0,0.39399886,5.464949,0
0.0,0.3674322,5.443532,0
0.0,0.36726573,5.443676,0
0.0,0.38103837,5.3917565,0
0.0,0.37713227,5.4699507,0
0.0,0.38246855,5.56535,0
0.0,0.38607273,5.7095895,0
0.0,0.37619525,5.8494377,0
0.0,0.36334983,5.855607,0
0.0,0.35743085,5.84206,0
0.0,0.36825347,5.994461,0
0.0,0.3817414,6.1752524,0
0.0,0.41253796,6.054927,0
0.0,0.42575297,6.3321304,0
0.0,0.48557582,6.404724,0
0.0,0.48282936,6.3004775,0
0.0,0.5215463,6.316744,0
0.0,0.532425,6.0224924,0
0.0,0.57094026,5.8398924,0
0.0,0.5807779,5.0328197,0
0.0,0.6069785,5.1280622,0
0.0,0.6142613,4.64678,0
0.0,0.6558446,4.5709057,0
0.0,0.644193,4.64765,0
0.0,0.68064195,4.4309053,0
0.0,0.6600989,4.2603664,0
0.0,0.7088105,4.5489473,0
0.0,0.67535925,4.0128217,0
0.0,0.6697209,4.111154,0
0.0,0.65261495,3.6952276,0
0.0,0.6876185,3.722,0
0.0,0.66293275,3.7537959,0
0.0,0.6707088,4.061367,0
0.0,0.6445906,3.9999595,0
0.0,0.69140786,4.012688,0
0.0,0.6724743,3.955284,0
0.0,0.6681558,3.943764,0
0.0,0.66371226,3.9584043,0
0.0,0.70832896,3.9629269,0
0.0,0.7155088,3.8632593,0
0.0,0.719167,4.033491,0
0.0,0.70403713,4.354684,0
0.0,0.7350658,4.3748703,0
0.0,0.73755264,4.850776,0
0.0,0.729268,4.5980654,0
0.0,0.71047246,4.2610126,0
0.0,0.7118097,4.029198,0
0.0,0.696776,4.0528083,0
0.0,0.67028475,3.7614698,0
0.0,0.639592,3.7061646,0
0.0,0.6533287,3.6904624,0
0.0,0.65818316,3.6636178,0
0.0,0.6679709,3.4958036,0
0.0,0.6361609,3.4406183,0
0.0,0.65404314,3.4365668,0
0.0,0.6559472,3.359307,0
0.0,0.6638379,3.4855986,0
0.0,0.6481534,3.4446905,0
0.0,0.6598642,3.202497,0
0.0,0.6647072,3.4289873,0
0.0,0.6542406,3.3318381,0
0.0,0.65245974,3.764927,0
0.0,0.6473123,3.7755299,0
0.0,0.67762184,3.6926517,0
0.0,0.6519831,3.9853084,0
0.0,0.67685926,4.0510416,0
0.0,0.6664349,4.054306,0
0.0,0.70345443,4.1348014,0
0.0,0.6800688,4.1836042,0
0.0,0.6933058,4.1182737,0
0.0,0.67537785,4.0121517,0
0.0,0.71099085,4.066394,0
0.0,0.686844,3.9801226,0
0.0,0.70229715,3.8155065,0
0.0,0.6903685,3.7130585,0
0.0,0.7099679,3.1112618,0
0.0,0.6829772,3.8354154,0
0.0,0.70698583,3.716035,0
0.0,0.70146614,3.7936432,0
0.0,0.7440827,3.9727273,0
0.0,0.7203944,3.997993,0
0.0,0.7620397,4.3701053,0
0.0,0.7482239,4.344393,0
0.0,0.78328854,4.4466677,0
0.0,0.7435396,4.4569297,0
0.0,0.7730676,4.5887604,0
0.0,0.7436092,4.580398,0
0.0,0.76064736,4.589365,0
0.0,0.7415011,4.445203,0
0.0,0.765169,4.6017118,0
0.0,0.7492479,4.611446,0
0.0,0.7541933,4.340839,0
0.0,0.730413,4.8311367,0
0.0,0.7602774,4.481889,0
0.0,0.7375365,4.812864,0
0.0,0.74010986,5.1125574,0
0.0,0.7270255,4.4932785,0
0.0,0.75135016,4.4557886,0
0.0,0.73300725,4.534427,0
0.0,0.73530513,4.4999394,0
0.0,0.7334756,4.4489937,0
0.0,0.74983376,4.449214,0
0.0,0.7498814,4.365388,0
0.0,0.7564916,4.453153,0
0.0,0.7500458,4.359528,0
0.0,0.7443502,4.322262,0
0.0,0.71987903,4.3749075,0
0.0,0.7045605,4.350846,0
0.0,0.716135,3.683617,0
0.0,0.71171534,3.732307,0
0.0,0.73199695,3.720009,0
0.0,0.72770375,3.6187367,0
0.0,0.7427911,3.6080022,0
0.0,0.73751587,3.2220347,0
0.0,0.751883,3.1534433,0
0.0,0.74971074,2.9217992,0
0.0,0.73225373,2.9013567,0
0.0,0.7200689,2.8331485,0
0.0,0.7058091,3.0236077,0
0.0,0.69588274,3.1047807,0
0.0,0.66544473,3.144935,0
0.0,0.67440933,2.8281577,0
0.0,0.65072674,2.9196796,0
0.0,0.6626695,2.9559658,0
0.0,0.65500784,2.6284423,0
0.0,0.659752,2.7336283,0
0.0,0.64287543,2.3990731,0
0.0,0.63414705,2.133763,0
0.0,0.6323655,2.318418,0
0.0,0.63152575,2.2820387,0
0.0,0.64414877,2.321144,0
0.0,0.635309,2.3065414,0
0.0,0.63177884,2.2443683,0
0.0,0.6317767,2.2460976,0
0.0,0.62107164,2.2611043,0
0.0,0.6177913,2.3014774,0
0.0,0.61826444,2.300538,0
0.0,0.621523,2.203071,0
0.0,0.6025658,2.4529667,0
0.0,0.6114199,2.4983912,0
0.0,0.61048865,2.6290543,0
0.0,0.61366826,2.760765,0
0.0,0.6251883,2.7346919,0
0.0,0.6347952,2.6501918,0
0.0,0.64844364,2.6388693,0
0.0,0.64070976,2.6611304,0
0.0,0.6603613,2.670426,0
0.0,0.64030826,2.7053437,0
0.0,0.63325125,3.0336003,0
0.0,0.61412156,3.0647135,0
0.0,0.61781037,2.9037693,0
0.0,0.61954534,2.9183102,0
0.0,0.60526985,2.9578507,0
0.0,0.59467286,2.9615912,0
0.0,0.58371884,3.0474837,0
0.0,0.60904276,3.1124268,0
0.0,0.61209756,2.9657698,0
0.0,0.62576866,2.8328197,0
0.0,0.63180196,2.7815952,0
0.0,0.64068764,2.8321233,0
0.0,0.6238849,2.6481185,0
0.0,0.61642903,2.95545,0
0.0,0.63480157,2.8395653,0
0.0,0.64840144,2.8610098,0
0.0,0.63707775,2.9696264,0
0.0,0.6287771,3.2013497,0
0.0,0.6178393,3.2507305,0
0.0,0.60955936,3.9763584,0
0.0,0.5858565,4.006318,0
0.0,0.56396276,4.0590143,0
0.0,0.5584777,3.7579875,0
0.0,0.55043226,3.750627,0
0.0,0.5498021,3.563126,0
0.0,0.5400899,3.4238944,0
0.0,0.53615135,3.374835,0
0.0,0.53782594,3.5287755,0
0.0,0.5433145,3.8308048,0
0.0,0.52404433,4.01781,0
0.0,0.530859,4.0678453,0
0.0,0.5062133,4.1177135,0
0.0,0.5151317,3.7291112,0
0.0,0.4763401,3.9040768,0
0.0,0.502133,3.989583,0
0.0,0.47878948,4.4702044,0
0.0,0.48586088,4.392325,0
0.0,0.4510826,4.658909,0
0.0,0.46283624,4.4420176,0
0.0,0.43701816,4.3635883,0
0.0,0.4388909,4.587524,0
0.0,0.40495646,4.9780264,0
0.0,0.41265437,5.1150365,0
0.0,0.4089592,5.5883427,0
0.0,0.42933333,5.64977,0
0.0,0.40164068,5.367489,0
0.0,0.41225776,5.3126936,0
0.0,0.38955048,5.540273,0
0.0,0.41116136,5.402154,0
0.0,0.3864626,5.2410736,0
0.0,0.4197784,5.622733,0
0.0,0.39304143,4.655266,0
0.0,0.41300514,4.7652717,0
0.0,0.37921926,4.9168386,0
0.0,0.40462828,4.866251,0
0.0,0.39039686,4.994669,0
0.0,0.4128725,5.1042514,0
0.0,0.380792,5.066057,0
0.0,0.38927248,5.3144016,0
0.0,0.37766442,5.1946254,0
0.0,0.40330452,5.5716023,0
0.0,0.37081736,5.6544275,0
0.0,0.3706708,6.0551124,0
0.0,0.33422485,6.072814,0
0.0,0.37500525,6.2814717,0
0.0,0.34472293,6.1675406,0
0.0,0.35976586,6.145934,0
0.0,0.31487533,5.6049385,0
0.0,0.34614912,5.9381714,0
0.0,0.33297116,5.7555285,0
0.0,0.35457283,5.9997377,0
0.0,0.33606327,6.029973,0
0.0,0.35466412,5.8153653,0
0.0,0.32660532,5.3984632,0
0.0,0.32472664,5.279941,0
0.0,0.33694685,5.076936,0
0.0,0.34828123,5.9843073,0
0.0,0.3383103,5.9468126,0
0.0,0.33214086,6.5111046,0
0.0,0.33450025,6.247614,0
0.0,0.33486596,6.3720226,0
0.0,0.31943053,6.456317,0
0.0,0.3189381,5.9288244,0
0.0,0.28906417,5.907295,0
0.0,0.30761096,5.852311,0
0.0,0.3050454,5.754687,0
0.0,0.32226378,6.0455933,0
0.0,0.31611004,6.0513673,0
0.0,0.33624086,6.592392,0
0.0,0.33370212,6.6875734,0
0.0,0.34470844,6.482365,0
0.0,0.37594295,6.4778757,0
0.0,0.37032175,6.3596683,0
0.0,0.38480914,6.3900394,0
0.0,0.3554563,6.626053,0
0.0,0.3716702,7.428802,0
0.0,0.33672044,7.680006,0
0.0,0.32202572,7.7017326,0
0.0,0.2811559,7.7221756,0
0.0,0.2638135,7.878231,0
0.0,0.2325485,7.9351397,0
0.0,0.23826778,8.106413,0
0.0,0.20248522,7.9229875,0
0.0,0.21480285,7.8807087,0
0.0,0.19191743,8.246307,0
0.0,0.23109776,8.220023,0
0.0,0.20299017,8.510273,0
0.0,0.24192792,8.129084,0
0.0,0.19726175,7.221919,0
0.0,0.22835097,7.354332,0
0.0,0.19996056,6.849238,0
0.0,0.23709278,6.9885163,0
0.0,0.20883076,7.544928,0
0.0,0.22694631,7.5411835,0
0.0,0.20542832,8.183972,0
0.0,0.22751594,8.413912,0
0.0,0.21337152,8.338554,0
0.0,0.21467593,8.34698,0
0.0,0.20514695,8.027105,0
0.0,0.2259659,7.850352,0
0.0,0.2314399,7.1753855,0
0.0,0.26084054,7.168768,0
0.0,0.27527943,7.2984056,0
0.0,0.32139397,7.2649603,0
0.0,0.33739606,6.770008,0
0.0,0.34952337,6.5103116,0
0.0,0.35889393,5.867445,0
0.0,0.39975122,5.0104637,0
0.0,0.4035245,4.578867,0
0.0,0.40903854,4.7512007,0
0.0,0.42109424,4.6001887,0
0.0,0.45996854,4.4061246,0
0.0,0.47794458,4.228078,0
0.0,0.49272397,4.215263,0
0.0,0.5165954,4.503324,0
0.0,0.5688033,4.816423,0
0.0,0.5884588,4.4058037,0
0.0,0.6045267,4.4337583,0
0.0,0.6098864,4.388897,0
0.0,0.6224911,4.693885,0
0.0,0.61485714,4.5311637,0
0.0,0.61588115,4.38785,0
0.0,0.6170728,4.397745,0
0.0,0.63405544,4.2733784,0
0.0,0.61203605,3.760916,0
0.0,0.5840007,3.624003,0
0.0,0.60155165,3.072178,0
0.0,0.5944316,2.9138188,0
0.0,0.58462626,3.1000018,0
0.0,0.5856986,3.0348268,0
0.0,0.62263954,3.1170385,0
0.0,0.62247247,3.158666,0
0.0,0.6197156,3.1578155,0
0.0,0.61867225,3.3319197,0
0.0,0.642094,3.2539544,0
0.0,0.63087153,3.226552,0
0.0,0.6358939,2.9952464,0
0.0,0.6150509,2.9423695,0
0.0,0.6179185,2.9173713,0
0.0,0.6040663,2.8901205,0
0.0,0.5908914,2.9784107,0
0.0,0.570483,2.7943847,0
0.0,0.5782974,3.2192373,0
0.0,0.56364256,3.2225485,0
0.0,0.58294684,3.0604525,0
0.0,0.5979171,3.0985708,0
0.0,0.6060628,2.8128843,0
0.0,0.6209056,2.5154238,0
0.0,0.61055195,2.5655675,0
0.0,0.61581314,2.6238096,0
0.0,0.6042247,2.5304065,0
0.0,0.59471714,2.2336397,0
0.0,0.5819085,2.2616806,0
0.0,0.5798878,2.189361,0
0.0,0.57073605,2.1780772,0
0.0,0.5707891,2.1823807,0
0.0,0.58318275,2.2205575,0
0.0,0.57513416,2.253931,0
0.0,0.5959256,2.4296389,0
0.0,0.6016794,2.5452085,0
0.0,0.608523,2.3572783,0
0.0,0.6204757,2.5969188,0
0.0,0.61960256,2.5110557,0
0.0,0.61139303,2.4436955,0
0.0,0.561522,2.462526,0
0.0,0.590218,2.2434044,0
0.0,0.56454295,2.2676022,0
0.0,0.57784337,2.2588131,0
0.0,0.5361765,2.297124,0
0.0,0.53094316,2.2884073,0
0.0,0.5053267,2.4389963,0
0.0,0.49243346,2.5018487,0
0.0,0.46860832,2.4198084,0
0.0,0.45762336,2.4125206,0
0.0,0.46698382,1.9572262,0
0.0,0.46807697,1.9677734,0
0.0,0.46215925,2.199891,0
0.0,0.45488742,2.0275602,0
0.0,0.4446673,2.0391438,0
0.0,0.44738156,2.1400867,0
0.0,0.42189002,2.1225247,0
0.0,0.4116802,1.9993322,0
0.0,0.3660705,2.0172262,0
0.0,0.34569162,2.2805796,0
0.0,0.32455748,2.6159387,0
0.0,0.31378403,2.6367276,0
0.0,0.2869286,2.9972684,0
0.0,0.291175,2.9751554,0
0.0,0.3046134,3.0119884,0
0.0,0.3035957,3.289145,0
0.0,0.28970468,2.9822817,0
0.0,0.3027048,2.853566,0
0.0,0.31241044,2.8160694,0
0.0,0.33221617,2.4840112,0
0.0,0.32003355,2.527253,0
0.0,0.34988326,2.6241012,0
0.0,0.35518372,3.219561,0
0.0,0.3735685,3.1788974,0
0.0,0.34506634,3.1984954,0
0.0,0.37506017,3.175789,0
0.0,0.36971498,3.2735224,0
0.0,0.37923157,3.614856,0
0.0,0.33534455,3.8794003,0
0.0,0.35774407,3.8407862,0
0.0,0.3473635,3.8628335,0
0.0,0.3712821,4.2271442,0
0.0,0.32957283,4.354608,0
0.0,0.36195216,4.256818,0
0.0,0.34261122,4.0894003,0
0.0,0.36777902,3.9971085,0
0.0,0.33858135,4.0479484,0
0.0,0.36666203,4.0651274,0
0.0,0.34338307,4.214285,0
0.0,0.36072198,4.240263,0
0.0,0.33008182,4.3720613,0
0.0,0.35737166,4.448804,0
0.0,0.34555858,4.1823716,0
0.0,0.35699007,4.2897863,0
0.0,0.31151077,4.1114607,0
0.0,0.3260277,4.0758114,0
0.0,0.33076543,4.3104544,0
0.0,0.33138293,4.3357325,0
0.0,0.29779837,4.3265724,0
0.0,0.30146933,4.3941765,0
0.0,0.31894013,4.4164085,0
0.0,0.3157255,4.7178473,0
0.0,0.32515275,4.7741094,0
0.0,0.3210948,4.7208967,0
0.0,0.33947402,4.1599083,0
0.0,0.31877303,4.1875763,0
0.0,0.33212417,4.1065702,0
0.0,0.31322452,4.3066444,0
0.0,0.35221544,4.120869,0
0.0,0.3121141,3.8443727,0
0.0,0.3142187,3.5436497,0
0.0,0.29604998,3.4945014,0
0.0,0.32990494,3.6995716,0
0.0,0.30571502,3.5991142,0
0.0,0.3193593,3.5628061,0
0.0,0.30490282,3.6091561,0
0.0,0.33827525,3.807889,0
0.0,0.3164117,4.1427293,0
0.0,0.34679216,4.0716963,0
0.0,0.31340417,3.9960446,0
0.0,0.35802534,3.7071383,0
0.0,0.34936067,3.6884584,0
0.0,0.3855481,3.6319652,0
0.0,0.35454455,3.5182657,0
0.0,0.389047,3.433807,0
0.0,0.37228194,3.3409588,0
0.0,0.4015987,3.2700963,0
0.0,0.37572858,3.324329,0
0.0,0.42062983,3.289906,0
0.0,0.39778093,3.105197,0
0.0,0.43291205,3.1195796,0
0.0,0.4074505,3.0794387,0
0.0,0.46727663,2.9847212,0
0.0,0.44311324,2.7469707,0
0.0,0.46868077,2.637817,0
0.0,0.4091842,2.8394501,0
0.0,0.4534934,2.6748478,0
0.0,0.42178833,2.7174277,0
0.0,0.4354499,2.7403555,0
0.0,0.39186883,2.6305525,0
0.0,0.42482495,2.6029894,0
0.0,0.3987724,2.76411,0
0.0,0.4153811,2.7191095,0
0.0,0.38746428,2.8065898,0
0.0,0.41272026,2.5105176,0
0.0,0.37675187,2.3195295,0
0.0,0.38620353,2.2878268,0
0.0,0.35913906,2.3459148,0
0.0,0.3751966,2.3443174,0
0.0,0.35096517,2.1089587,0
0.0,0.35887584,2.1042533,0
0.0,0.3555054,2.19332,0
0.0,0.35151768,2.202137,0
0.0,0.354249,2.235314,0
0.0,0.34726027,2.1421804,0
0.0,0.35469678,2.0405588,0
0.0,0.35240802,2.057684,0
0.0,0.37063804,2.0637097,0
0.0,0.38243523,2.0541868,0
0.0,0.40910804,2.0215292,0
0.0,0.39294443,1.6272818,0
0.0,0.39257798,1.6286237,0
0.0,0.40456194,1.5714867,0
0.0,0.41182214,1.552733,0
0.0,0.399809,1.4943273,0
0.0,0.41100267,1.5614023,0
0.0,0.42141697,1.5217884,0
0.0,0.43544874,1.7173221,0
0.0,0.42743006,1.8087734,0
0.0,0.43879482,2.141173,0
0.0,0.46762004,2.0901017,0
0.0,0.50029117,2.0993083,0
0.0,0.50141126,2.0863094,0
0.0,0.5140785,2.0153294,0
0.0,0.5105681,2.0169854,0
0.0,0.5349105,2.0776808,0
0.0,0.5387234,2.2049134,0
0.0,0.54076916,2.309031,0
0.0,0.55357486,2.284863,0
0.0,0.55752987,2.2911942,0
0.0,0.5388027,2.0096576,0
0.0,0.53084743,2.0948877,0
0.0,0.5377457,2.0913548,0
0.0,0.551246,2.0318844,0
0.0,0.55246794,2.1672316,0
0.0,0.5717027,2.1348732,0
0.0,0.5961736,2.1392357,0
0.0,0.61711854,2.0648208,0
0.0,0.62988937,2.0579658,0
0.0,0.6382915,2.0391855,0
0.0,0.64306694,2.0483909,0
0.0,0.6607935,2.1133504,0
0.0,0.6616014,2.115266,0
0.0,0.6637904,2.1869655,0
0.0,0.65173835,2.1672525,0
0.0,0.65762395,2.199095,0
0.0,0.66080636,2.1906867,0
0.0,0.65700334,2.0725946,0
0.0,0.66150504,2.1433768,0
0.0,0.6394921,1.8133956,0
0.0,0.62894106,1.8716137,0
0.0,0.62483865,1.5026088,0
0.0,0.6333481,1.5341841,0
0.0,0.6171106,1.4992797,0
0.0,0.63505787,1.5789526,0
0.0,0.63418704,1.5510077,0
0.0,0.657537,1.5763757,0
0.0,0.654114,1.4804058,0
0.0,0.6712159,1.3564789,0
0.0,0.64985055,1.2810687,0
0.0,0.6610874,1.4396665,0
0.0,0.6308303,1.4048263,0
0.0,0.6381683,1.4980403,0
0.0,0.6295792,1.4667213,0
0.0,0.65218395,1.4582446,0
0.0,0.6188427,1.4423082,0
0.0,0.6482201,1.4616799,0
0.0,0.63320225,1.3846663,0
0.0,0.6517838,1.7023387,0
0.0,0.61558324,1.709559,0
0.0,0.62233,1.9348192,0
0.0,0.6201705,1.9355385,0
0.0,0.64913595,1.9676962,0
0.0,0.62215626,1.9659712,0
0.0,0.63697743,2.196135,0
0.0,0.6312476,2.0317965,0
0.0,0.677473,2.314621,0
0.0,0.6597008,2.336616,0
0.0,0.6812357,2.5464034,0
0.0,0.67512244,2.5452595,0
0.0,0.68715477,2.471685,0
0.0,0.64532006,2.4449162,0
0.0,0.65349513,2.415433,0
0.0,0.6413747,2.5416136,0
0.0,0.6550787,2.9427276,0
0.0,0.6375167,3.1038249,0
0.0,0.63503927,3.3153496,0
0.0,0.63121176,3.4067094,0
0.0,0.6189519,3.472268,0
0.0,0.59457105,3.4671953,0
0.0,0.5728453,3.468811,0
0.0,0.5754316,3.4620438,0
0.0,0.5894662,3.4602993,0
0.0,0.59802383,3.5376673,0
0.0,0.5911777,3.958538,0
0.0,0.58887076,3.8842473,0
0.0,0.5965011,4.0932455,0
0.0,0.594687,4.1088877,0
0.0,0.5853507,3.9567943,0
0.0,0.5818863,4.0322924,0
0.0,0.554746,3.8953285,0
0.0,0.5335928,3.9711914,0
0.0,0.5088274,3.9135752,0
0.0,0.50214165,4.1226025,0
0.0,0.48525208,4.2006145,0
0.0,0.48664808,4.127507,0
0.0,0.46123984,3.9017773,0
0.0,0.4637673,3.8903284,0
0.0,0.4646793,3.6535518,0
0.0,0.47893688,3.72639,0
0.0,0.45614466,3.5486395,0
0.0,0.4628365,4.0389147,0
0.0,0.47368076,4.099263,0
0.0,0.49131155,4.371241,0
0.0,0.49625856,4.5412216,0
0.0,0.5050264,4.4989424,0
0.0,0.4969137,4.013377,0
0.0,0.4834665,4.057643,0
0.0,0.49396002,3.7746735,0
0.0,0.4620485,4.1502156,0
0.0,0.46256545,4.0466905,0
0.0,0.4345332,4.141555,0
0.0,0.4449719,4.265226,0
0.0,0.4322048,4.2892075,0
0.0,0.45052052,4.143353,0
0.0,0.43642688,4.2747955,0
0.0,0.45057958,3.830508,0
0.0,0.42944795,3.901555,0
0.0,0.43999386,3.811624,0
0.0,0.43560466,4.071419,0
0.0,0.45787954,4.0405097,0
0.0,0.4349835,4.0087347,0
0.0,0.4358433,3.86449,0
0.0,0.4407536,3.8048198,0
0.0,0.49192938,3.7409368,0
0.0,0.4618841,3.6020255,0
0.0,0.4797804,3.5229993,0
0.0,0.46154338,3.5378525,0
0.0,0.518831,3.6531265,0
0.0,0.504431,3.85463,0
0.0,0.5184279,3.8387275,0
0.0,0.5133014,3.6886837,0
0.0,0.5426365,3.6309762,0
0.0,0.5426283,3.1189885,0
0.0,0.5543978,3.450933,0
0.0,0.5573733,3.2651646,0
0.0,0.579959,3.2947845,0
0.0,0.55425864,3.2385573,0
0.0,0.5494132,3.2470946,0
0.0,0.5490809,3.1902533,0
0.0,0.56213176,3.2296362,0
0.0,0.5295352,2.815024,0
0.0,0.53275543,2.840777,0
0.0,0.53031844,2.8171253,0
0.0,0.5537116,2.7660294,0
0.0,0.5283733,2.7789254,0
0.0,0.5432255,2.8233066,0
0.0,0.51726097,2.6461205,0
0.0,0.5507517,2.561648,0
0.0,0.5398028,2.5545492,0
0.0,0.57364666,2.435302,0
0.0,0.53926593,2.1817622,0
0.0,0.5681225,2.3838348,0
0.0,0.52630484,2.364472,0
0.0,0.5346194,2.940566,0
0.0,0.5253666,3.0379462,0
0.0,0.5349674,2.9625683,0
0.0,0.51681316,3.2766023,0
0.0,0.53669375,3.3197737,0
0.0,0.53702366,3.4601278,0
0.0,0.5356104,3.5961921,0
0.0,0.49725333,3.4474502,0
0.0,0.48285693,3.8326392,0
0.0,0.47616848,3.8850276,0
0.0,0.47882545,3.9330215,0
0.0,0.45334467,4.1973443,0
0.0,0.4570781,3.7587204,0
0.0,0.41811648,3.8018973,0
0.0,0.44336697,3.5380626,0
0.0,0.43393207,3.5180454,0
0.0,0.4401418,3.523323,0
0.0,0.4290806,3.4303305,0
0.0,0.41271886,3.4629734,0
0.0,0.40057424,3.4664407,0
0.0,0.3889951,3.5520008,0
0.0,0.40925735,3.665091,0
0.0,0.39515936,3.5707517,0
0.0,0.3967167,3.7462738,0
0.0,0.4064964,3.6738784,0
0.0,0.42719814,3.7811503,0
0.0,0.42374036,3.7360587,0
0.0,0.43132904,3.68213,0
0.0,0.4315615,3.8092985,0
0.0,0.46428365,3.905354,0
0.0,0.4763824,3.8016787,0
0.0,0.50391847,3.9209912,0
0.0,0.5133709,3.2520006,0
0.0,0.535514,3.2128882,0
0.0,0.5332267,3.1898293,0
0.0,0.5595197,2.85635,0
0.0,0.54756474,2.8437748,0
0.0,0.5798196,2.7591264,0
0.0,0.55561167,2.567969,0
0.0,0.5769801,2.584721,0
0.0,0.57232493,2.2959995,0
0.0,0.5959161,2.2350297,0
0.0,0.57653415,2.2458498,0
0.0,0.5697662,2.055681,0
0.0,0.5679881,2.0811672,0
0.0,0.57792765,1.9427831,0
0.0,0.58254063,2.1599348,0
0.0,0.57360923,2.1375554,0
0.0,0.57733774,2.367227,0
0.0,0.5798948,2.310428,0
0.0,0.59480065,2.2434845,0
0.0,0.5904021,2.3101664,0
0.0,0.5951375,2.3457475,0
0.0,0.5696632,2.2387996,0
0.0,0.58342427,2.333373,0
0.0,0.57905936,2.1679735,0
0.0,0.58130354,2.2737737,0
0.0,0.569149,2.1795144,0
0.0,0.5609008,2.255873,0
0.0,0.55669594,2.352404,0
0.0,0.57521796,2.2640138,0
0.0,0.5719522,2.1518216,0
0.0,0.5787363,2.0642152,0
0.0,0.56068796,1.9464498,0
0.0,0.58217466,1.9691966,0
0.0,0.6053115,1.8971703,0
0.0,0.6488671,1.8616086,0
0.0,0.65660733,1.865062,0
0.0,0.6871925,1.8171148,0
0.0,0.69298387,1.7964982,0
0.0,0.7023783,1.6715931,0
0.0,0.6656269,1.6441488,0
0.0,0.6759557,1.5741099,0
0.0,0.68204206,1.5916758,0
0.0,0.61796135,1.5555859,0
0.0,0.56990325,1.531249,0
0.0,0.57741714,1.6067512,0
0.0,0.5764171,1.6263728,0
0.0,0.51790327,1.5804515,0
0.0,0.5251768,1.6215355,0
0.0,0.55525035,1.3840332,0
0.0,0.5923984,1.5010751,0
0.0,0.5743171,1.5147436,0
0.0,0.6090289,1.451673,0
0.0,0.63597816,1.3409057,0
0.0,0.69454765,1.3439348,0
0.0,0.7132559,1.2466242,0
0.0,0.706128,1.2095405,0
0.0,0.70076036,1.2321675,0
0.0,0.68982494,1.2906169,0
0.0,0.57369834,1.1573534,0
0.0,0.57151276,1.0791011,0
0.0,0.54505736,1.1009061,0
0.0,0.59502274,1.315141,0
0.0,0.5743508,1.3080522,0
0.0,0.6313546,1.377553,0
0.0,0.6334821,1.4598784,0
0.0,0.6581968,1.5111965,0
0.0,0.64631087,1.6619618,0
0.0,0.6623653,2.1555495,0
0.0,0.65567046,2.1295304,0
0.0,0.6496543,2.5159984,0
0.0,0.6227338,2.5743997,0
0.0,0.6264219,2.6302552,0
0.0,0.6052854,2.6602478,0
0.0,0.6205366,2.7655778,0
0.0,0.59358895,2.7173433,0
0.0,0.5927832,2.7477584,0
0.0,0.5813035,2.6765018,0
0.0,0.53932256,2.6947558,0
0.0,0.5581285,2.5546403,0
0.0,0.5536161,2.5077167,0
0.0,0.5895282,2.5420365,0
0.0,0.55646586,2.4223611,0
0.0,0.56547374,2.4102864,0
0.0,0.55054826,2.4019394,0
0.0,0.6064305,2.4606214,0
0.0,0.56200236,2.4840224,0
0.0,0.5678276,2.4825172,0
0.0,0.51176935,2.6266038,0
0.0,0.5565203,2.639782,0
0.0,0.54013,2.5908036,0
0.0,0.57211185,2.7002614,0
0.0,0.5728543,2.6751761,0
0.0,0.6084448,2.8319921,0
0.0,0.60869807,2.6747074,0
0.0,0.6502061,2.7717953,0
0.0,0.6497973,3.0273604,0
0.0,0.67638206,2.9451802,0
0.0,0.64927965,2.8944283,0
0.0,0.6814738,2.885185,0
0.0,0.6597306,2.7823052,0
0.0,0.6889999,2.9379911,0
0.0,0.64934796,2.5931406,0
0.0,0.67726135,2.8305612,0
0.0,0.64372617,2.7878919,0
0.0,0.6877573,2.7504182,0
0.0,0.64533156,2.6580749,0
0.0,0.6750897,2.823007,0
0.0,0.63134766,2.7582922,0
0.0,0.63754046,2.7716932,0
0.0,0.61408955,2.684116,0
0.0,0.641518,2.8515785,0
0.0,0.6160428,2.8944046,0
0.0,0.62600636,2.967095,0
0.0,0.5842762,3.1450577,0
0.0,0.6133014,3.239524,0
0.0,0.5778799,3.2267518,0
0.0,0.58698577,3.3700423,0
0.0,0.5553087,3.333753,0
0.0,0.57586616,3.9558399,0
0.0,0.5490983,3.7758107,0
0.0,0.56161,4.149479,0
0.0,0.53795594,4.329417,0
0.0,0.54257894,4.2345543,0
0.0,0.52523345,4.3909287,0
0.0,0.53164417,4.349,0
0.0,0.5340116,4.516266,0
0.0,0.5019439,5.2444983,0
0.0,0.48252514,4.913268,0
0.0,0.4463281,5.3952856,0
0.0,0.43642613,5.754204,0
0.0,0.3919168,5.6490707,0
0.0,0.39600256,5.513662,0
0.0,0.35445574,5.414301,0
0.0,0.34033605,5.710598,0
0.0,0.30902317,6.1004357,0
0.0,0.3292186,6.3530464,0
0.0,0.3027478,7.4964056,0
0.0,0.29835767,7.4156156,0
0.0,0.25035393,7.6678514,0
0.0,0.24662109,7.8446817,0
0.0,0.22408575,7.905692,0
0.0,0.20979749,8.578703,0
0.0,0.18682174,8.375,0
0.0,0.18160395,8.878452,0
0.0,0.15529403,9.570454,0
0.0,0.14928205,9.449152,0
0.0,0.13324295,10.45183,0
0.0,0.13595586,10.83564,0
0.0,0.11934227,10.850953,0
0.0,0.09549914,12.204523,0
0.0,0.09502808,11.726643,0
0.0,0.08883588,13.822919,0
0.0,0.077579685,14.087662,0
0.0,0.06092633,13.932019,0
0.0,0.05031166,14.62398,0
0.0,0.041673522,14.728487,0
0.0,0.047638997,14.631286,0
0.0,0.03954251,14.428007,0
0.0,0.05153484,13.598367,0
0.0,0.04265057,13.769138,0
0.0,0.053668067,13.610704,0
0.0,0.04665285,13.498272,0
0.0,0.057477426,13.683878,0
0.0,0.054878436,13.426616,0
0.0,0.066341154,13.502184,0
0.0,0.06263782,13.15361,0
0.0,0.07541453,12.934038,0
0.0,0.081887804,12.681589,0
0.0,0.10058704,11.449218,0
0.0,0.09455322,11.545061,0
0.0,0.10640237,11.311464,0
0.0,0.114539534,11.380409,0
0.0,0.14066122,11.934812,0
0.0,0.14791986,11.242232,0
0.0,0.14069314,11.698132,0
0.0,0.15880466,11.454842,0
0.0,0.20934059,10.706383,0
0.0,0.23465079,10.970363,0
0.0,0.26094756,9.930498,0
0.0,0.29226765,9.99991,0
0.0,0.308712,9.749437,0
0.0,0.34187636,8.3997555,0
0.0,0.3113694,8.403006,0
0.0,0.3624775,6.4528017,0
0.0,0.35656127,6.0291758,0
0.0,0.3828809,6.379652,0
0.0,0.35527408,5.58092,0
0.0,0.37481618,5.4079213,0
0.0,0.35509807,5.6381865,0
0.0,0.39261115,5.725562,0
0.0,0.3496051,5.9398894,0
0.0,0.367727,5.832908,0
0.0,0.35510764,5.5412397,0
0.0,0.3779799,5.444976,0
0.0,0.34775278,5.28976,0
0.0,0.36543828,5.4575386,0
0.0,0.3664995,5.235189,0
0.0,0.4111037,5.3314724,0
0.0,0.4002197,5.105618,0
0.0,0.44896522,5.1826982,0
0.0,0.45506296,5.319771,0
0.0,0.50849664,5.2679152,0
0.0,0.49683136,5.0644746,0
0.0,0.55092525,4.9618897,0
0.0,0.5570096,4.428318,0
0.0,0.5764921,4.4651065,0
0.0,0.59219635,3.852675,0
0.0,0.60363567,3.4539618,0
0.0,0.6008217,3.4804277,0
0.0,0.6071356,3.3651335,0
0.0,0.6035921,3.360682,0
0.0,0.62460464,2.9561987,0
0.0,0.6386039,3.0086796,0
0.0,0.665258,2.988319,0
0.0,0.67010415,3.0240564,0
0.0,0.67531174,3.0760572,0
0.0,0.69446397,2.739588,0
0.0,0.70675844,2.2607138,0
0.0,0.7161979,2.3902555,0
0.0,0.70738494,2.4660707,0
0.0,0.7071607,2.3001885,0
0.0,0.6905449,2.162209,0
0.0,0.71920604,1.8717837,0
0.0,0.6824947,1.8074195,0
0.0,0.7117211,1.921727,0
0.0,0.696826,1.8693216,0
0.0,0.748566,1.9870585,0
0.0,0.6962004,1.6759295,0
0.0,0.72966826,1.8320501,0
0.0,0.6998062,1.8723063,0
0.0,0.7229805,1.8669325,0
0.0,0.6841284,1.688937,0
0.0,0.7012513,1.6396608,0
0.0,0.7083307,1.6350553,0
0.0,0.74044305,1.8663018,0
0.0,0.7098703,1.8124247,0
0.0,0.7183785,1.8545812,0
0.0,0.7197096,1.8436348,0
0.0,0.73867875,1.9140276,0
0.0,0.72810113,1.95539,0
0.0,0.7402882,1.9731199,0
0.0,0.7624492,1.9290557,0
0.0,0.7741555,1.9610562,0
0.0,0.7591205,1.8801423,0
0.0,0.7694447,2.2276678,0
0.0,0.7607597,2.222742,0
0.0,0.7581274,2.322878,0
0.0,0.727971,2.254217,0
0.0,0.70404977,2.2464519,0
0.0,0.7005997,2.331504,0
0.0,0.69613165,2.2135978,0
0.0,0.6839481,2.1262708,0
0.0,0.65492445,2.0896482,0
0.0,0.66170424,2.105991,0
0.0,0.655785,2.1077037,0
0.0,0.6574928,2.044837,0
0.0,0.6463196,1.9805832,0
0.0,0.6485124,1.9789963,0
0.0,0.63747483,1.9915345,0
0.0,0.6359922,2.0602853,0
0.0,0.62612283,2.2936335,0
0.0,0.64510435,2.2749739,0
0.0,0.6263713,2.4073277,0
0.0,0.63544697,2.4103732,0
0.0,0.59484094,2.4079466,0
0.0,0.5961815,2.6718369,0
0.0,0.5763124,2.5731835,0
0.0,0.57451355,2.8895855,0
0.0,0.5397744,2.9513483,0
0.0,0.54252374,3.0961676,0
0.0,0.5372326,3.059279,0
0.0,0.5325215,3.1374564,0
0.0,0.53366435,3.1328146,0
0.0,0.5221449,3.1908875,0
0.0,0.511233,3.1995752,0
0.0,0.5147956,3.4247375,0
0.0,0.51571894,3.0642686,0
0.0,0.5172771,3.4550347,0
0.0,0.5118782,3.277437,0
0.0,0.52156997,3.3477118,0
0.0,0.5059671,3.3043227,0
0.0,0.519309,3.2228487,0
0.0,0.5149463,3.2120452,0
0.0,0.5190982,3.1469536,0
0.0,0.51384354,3.1261063,0
0.0,0.50825614,3.0622633,0
0.0,0.53568316,3.0118232,0
0.0,0.54233027,3.0141845,0
0.0,0.5492351,3.0067172,0
0.0,0.53558105,3.0002635,0
0.0,0.5570122,2.9174078,0
0.0,0.53880143,2.870631,0
0.0,0.5364421,2.5534537,0
0.0,0.52141356,2.5100384,0
0.0,0.5320884,2.3848174,0
0.0,0.5406668,2.5957675,0
0.0,0.5523294,2.5845914,0
0.0,0.54097205,2.316761,0
0.0,0.5882236,2.2450075,0
0.0,0.5975022,1.9400119,0
0.0,0.64008725,1.8911322,0
0.0,0.59250015,1.990588,0
0.0,0.6398589,2.0678864,0
0.0,0.60430396,2.0804305,0
0.0,0.6153015,2.053936,0
0.0,0.56677824,1.954042,0
0.0,0.6151001,1.9969289,0
0.0,0.5998177,1.7609749,0
0.0,0.6269759,1.8406036,0
0.0,0.600554,1.5104556,0
0.0,0.63677436,1.5966638,0
0.0,0.60551584,1.7226329,0
0.0,0.6217843,1.8272314,0
0.0,0.6132306,1.7995828,0
0.0,0.6611241,1.8447449,0
0.0,0.6509862,1.8920246,0
0.0,0.668814,1.9202619,0
0.0,0.6708624,1.9461024,0
0.0,0.70948833,1.9890518,0
0.0,0.7056765,2.0002196,0
0.0,0.7130415,2.0955129,0
0.0,0.7037453,2.144155,0
0.0,0.6946154,2.1313663,0
0.0,0.6801504,2.1229386,0
0.0,0.6766315,2.1184425,0
0.0,0.6760177,2.1024318,0
0.0,0.66252387,2.1172533,0
0.0,0.6718627,1.9524552,0
0.0,0.6549644,1.8429768,0
0.0,0.6468452,1.8579035,0
0.0,0.6284628,1.8788252,0
0.0,0.63355815,1.9674201,0
0.0,0.6277782,1.9514678,0
0.0,0.63131034,1.6430137,0
0.0,0.62985516,1.612914,0
0.0,0.61332256,1.4406674,0
0.0,0.6270342,1.4694116,0
0.0,0.62087977,1.4687779,0
0.0,0.6358804,1.4595435,0
0.0,0.61478007,1.4065573,0
0.0,0.62395936,1.3541458,0
0.0,0.58372754,1.2572234,0
0.0,0.5879621,1.2158625,0
0.0,0.54448986,0.9663216,0
0.0,0.58973277,0.9145924,0
0.0,0.53342783,0.8552236,0
0.0,0.56370705,0.9203726,0
0.0,0.51520556,0.84772724,0
0.0,0.571216,0.88636416,0
0.0,0.51010215,0.8474983,0
0.0,0.5482946,0.8853091,0
0.0,0.48648965,0.8339228,0
0.0,0.5567388,0.91034603,0
0.0,0.4895706,0.8567797,0
0.0,0.5354473,0.88452077,0
0.0,0.49079046,0.8094196,0
0.0,0.5582402,0.889631,0
0.0,0.5172888,0.8438038,0
0.0,0.55170435,0.8860748,0
0.0,0.54196584,0.85433483,0
0.0,0.5893281,0.9192273,0
0.0,0.5543196,0.8481598,0
0.0,0.5617185,0.8711521,0
0.0,0.5574707,0.82409084,0
0.0,0.5808903,1.0111353,0
0.0,0.6017783,1.0220344,0
0.0,0.5741948,1.1241183,0
0.0,0.5941862,1.177543,0
0.0,0.5623151,1.1548465,0
0.0,0.6067733,1.1665462,0
0.0,0.58048964,1.1459087,0
0.0,0.6191981,1.160724,0
0.0,0.58630145,1.1517725,0
0.0,0.61247295,1.1918927,0
0.0,0.56564164,1.1950505,0
0.0,0.6073233,1.1559304,0
0.0,0.5818511,1.1749362,0
0.0,0.615653,1.2147732,0
0.0,0.5731274,1.1572243,0
0.0,0.5925327,1.2710428,0
0.0,0.57188815,1.2735546,0
0.0,0.58376795,1.2725996,0
0.0,0.5445678,1.2510648,0
0.0,0.54923004,1.282463,0
0.0,0.5330554,1.1711158,0
0.0,0.55182576,1.1801708,0
0.0,0.53816384,1.228337,0
0.0,0.53661853,1.2290072,0
0.0,0.54025245,1.1805649,0
0.0,0.5171231,1.1939017,0
0.0,0.5215536,1.1247163,0
0.0,0.508012,1.1282985,0
0.0,0.52452004,1.1798325,0
0.0,0.4964141,1.2580857,0
0.0,0.49168798,1.2002358,0
0.0,0.4717253,1.1783614,0
0.0,0.49040323,1.0167067,0
0.0,0.4698096,1.0733976,0
0.0,0.4850683,1.0496352,0
0.0,0.44429818,1.0415738,0
0.0,0.46249488,1.0327234,0
0.0,0.4469018,1.0196868,0
0.0,0.46468973,1.0160053,0
0.0,0.4400901,1.0291262,0
0.0,0.4533297,1.0429201,0
0.0,0.42502508,1.0276722,0
0.0,0.4210648,1.0152068,0
0.0,0.3927782,1.0385243,0
0.0,0.39682457,1.0481584,0
0.0,0.3858193,1.0394729,0
0.0,0.37097403,1.0518692,0
0.0,0.3459999,1.027585,0
0.0,0.33781222,1.0321467,0
0.0,0.33996975,1.0303899,0
0.0,0.3203654,1.1512246,0
0.0,0.30532613,1.1560066,0
0.0,0.3216312,1.2081091,0
0.0,0.32739168,1.2562318,0
0.0,0.3298654,1.3114514,0
0.0,0.31365526,1.3198903,0
0.0,0.3255886,1.3162555,0
0.0,0.3396954,1.3008803,0
0.0,0.34011316,1.333269,0
0.0,0.34940675,1.4026756,0
0.0,0.35518485,1.5269933,0
0.0,0.37169746,1.4226687,0
0.0,0.37040883,1.427592,0
0.0,0.38491654,1.4197781,0
0.0,0.38525262,1.4122272,0
0.0,0.42378038,1.4705076,0
0.0,0.42591935,1.512435,0
0.0,0.44121394,1.4592686,0
0.0,0.4459162,1.4786098,0
0.0,0.48660144,1.460206,0
0.0,0.47927597,1.6409597,0
0.0,0.5010807,1.6161162,0
0.0,0.48072562,1.6451716,0
0.0,0.5266452,1.5964981,0
0.0,0.5261306,1.5940336,0
0.0,0.55056864,1.7700793,0
0.0,0.51744586,1.8252285,0
0.0,0.5469566,1.9149041,0
0.0,0.5320347,1.9601992,0
0.0,0.5586255,1.9969382,0
0.0,0.51508415,2.06011,0
0.0,0.53632253,2.0574517,0
0.0,0.49525762,2.006104,0
0.0,0.5153751,1.9903558,0
0.0,0.48796523,1.9314122,0
0.0,0.51071626,1.9778489,0
0.0,0.4752312,1.9776917,0
0.0,0.47436285,1.9770977,0
0.0,0.45654052,2.0000224,0
0.0,0.47112855,1.9741168,0
0.0,0.4504347,1.9291546,0
0.0,0.4599869,1.954416,0
0.0,0.4312196,1.7682565,0
0.0,0.4379499,1.7615031,0
0.0,0.42990768,1.778971,0
0.0,0.43027195,1.766515,0
0.0,0.41287687,1.7893507,0
0.0,0.40235606,1.673252,0
0.0,0.38063794,1.5487463,0
0.0,0.36302695,1.5594406,0
0.0,0.34935927,1.5685858,0
0.0,0.33412635,1.6539733,0
0.0,0.3223082,1.4812115,0
0.0,0.29689804,1.5196335,0
0.0,0.2927063,1.5174959,0
0.0,0.2792235,1.5586499,0
0.0,0.28591323,1.702448,0
0.0,0.2678949,1.6175864,0
0.0,0.25710025,1.54182,0
0.0,0.25048178,1.4759429,0
0.0,0.26148465,1.4041626,0
0.0,0.252317,1.2812325,0
0.0,0.24855453,1.3214024,0
0.0,0.23663752,1.3366363,0
0.0,0.24772446,1.3147697,0
0.0,0.24235508,1.3379953,0
0.0,0.2596671,1.4311779,0
0.0,0.25442147,1.299005,0
0.0,0.27422178,1.1789054,0
0.0,0.25098044,1.2439646,0
0.0,0.28713986,1.172437,0
0.0,0.2717796,1.1950265,0
0.0,0.30959857,1.1659964,0
0.0,0.28521138,1.0581458,0
0.0,0.3207382,0.9831383,0
0.0,0.29646567,1.0820124,0
0.0,0.3279244,1.0657071,0
0.0,0.3010157,1.1997067,0
0.0,0.32753617,1.2153149,0
0.0,0.3198997,1.2421328,0
0.0,0.36145952,1.3450766,0
0.0,0.3376131,1.3874888,0
0.0,0.3715624,1.3745785,0
0.0,0.35602653,1.3223147,0
0.0,0.38764855,1.3972273,0
0.0,0.3825871,1.4062508,0
0.0,0.4036014,1.4823344,0
0.0,0.40624437,1.4900591,0
0.0,0.42766523,1.3432274,0
0.0,0.41832352,1.2452457,0
0.0,0.42751887,1.339245,0
0.0,0.4437545,1.314033,0
0.0,0.4541371,1.3783815,0
0.0,0.4682943,1.3572669,0
0.0,0.45195687,1.329155,0
0.0,0.46998867,1.3421655,0
0.0,0.4759402,1.3267372,0
0.0,0.5035289,1.2769771,0
0.0,0.50101936,1.1972445,0
0.0,0.5288108,1.1355429,0
0.0,0.53392315,1.1242739,0
0.0,0.5470523,1.1230798,0
0.0,0.53878295,1.1392553,0
0.0,0.53110445,1.1510723,0
0.0,0.54224795,1.2533467,0
0.0,0.53961605,1.2382243,0
0.0,0.55703765,1.4069445,0
0.0,0.5731981,1.39656,0
0.0,0.6006953,1.3720304,0
0.0,0.5818084,1.5257047,0
0.0,0.60151917,1.6377962,0
0.0,0.59489745,1.6315689,0
0.0,0.63685143,1.6692839,0
0.0,0.6900903,1.7073227,0
0.0,0.6815245,1.6842855,0
0.0,0.74227494,1.8439981,0
0.0,0.6865478,1.6398108,0
0.0,0.70733094,1.6730838,0
0.0,0.70100105,1.6400313,0
0.0,0.7376878,1.787379,0
0.0,0.68928,1.7355804,0
0.0,0.68512833,1.7764525,0
0.0,0.6846052,1.7470219,0
0.0,0.7309953,2.0502682,0
0.0,0.70753837,2.0174475,0
0.0,0.71772313,2.027533,0
0.0,0.73613995,2.0607963,0
0.0,0.7869164,2.0899534,0
0.0,0.7660964,2.0832238,0
0.0,0.795251,2.2492447,0
0.0,0.77887684,2.300796,0
0.0,0.8296542,2.4917157,0
0.0,0.798318,2.4333544,0
0.0,0.7686167,2.3960361,0
0.0,0.7735362,2.432307,0
0.0,0.7952882,2.5463617,0
0.0,0.76282567,2.347149,0
0.0,0.7258053,2.2924705,0
0.0,0.7411725,2.1717951,0
0.0,0.7085277,2.202249,0
0.0,0.723469,2.5158424,0
0.0,0.682638,2.19742,0
0.0,0.6985279,2.0295556,0
0.0,0.66514134,1.9942108,0
0.0,0.69443876,1.8887563,0
0.0,0.6915774,1.8978908,0
0.0,0.7406743,1.9725757,0
0.0,0.76567024,1.9285648,0
0.0,0.77419245,1.9758579,0
0.0,0.76294905,2.1359754,0
0.0,0.7652026,2.2673798,0
0.0,0.74316186,2.1145597,0
0.0,0.749926,2.097022,0
0.0,0.7137828,1.9807771,0
0.0,0.73057866,1.9960654,0
0.0,0.71811855,2.0209994,0
0.0,0.7180545,1.9173093,0
0.0,0.7226513,1.9666106,0
0.0,0.7036035,1.9330475,0
0.0,0.68953645,1.9185104,0
0.0,0.6716656,1.8841922,0
0.0,0.6988804,1.8107774,0
0.0,0.68507785,1.7295401,0
0.0,0.6921049,1.6792,0
0.0,0.66607666,1.6362736,0
0.0,0.6948819,1.6182985,0
0.0,0.6805119,1.5570867,0
0.0,0.69641006,1.4900329,0
0.0,0.6548483,1.5694747,0
0.0,0.67070633,1.6170883,0
0.0,0.6289432,1.5593671,0
0.0,0.6397819,1.4800453,0
0.0,0.57602817,1.1672108,0
0.0,0.64288217,1.2498195,0
0.0,0.57869273,1.2115556,0
0.0,0.65937954,1.2243402,0
0.0,0.5779958,1.1826625,0
0.0,0.6174423,1.315696,0
0.0,0.52851087,1.2801561,0
0.0,0.5856442,1.4106174,0
0.0,0.53799826,1.3695043,0
0.0,0.58542126,1.2297196,0
0.0,0.53514165,1.0561563,0
0.0,0.5822254,1.0555136,0
0.0,0.54318887,1.04775,0
0.0,0.57522273,1.0687702,0
0.0,0.5504044,1.0556229,0
0.0,0.59590226,0.82395434,0
0.0,0.56808317,0.88421917,0
0.0,0.59934425,0.86598027,0
0.0,0.55463773,0.8510103,0
0.0,0.5652626,0.84234536,0
0.0,0.5527832,0.83634984,0
0.0,0.5706505,0.84974265,0
0.0,0.5710869,1.0550411,0
0.0,0.58369887,1.0525961,0
0.0,0.576822,1.5550771,0
0.0,0.57486993,1.695157,0
0.0,0.576299,1.7542634,0
0.0,0.55874044,1.8172121,0
0.0,0.5832372,1.7210631,0
0.0,0.57241464,1.6971211,0
0.0,0.59517574,1.7407119,0
0.0,0.5571083,1.7234176,0
0.0,0.56022483,1.8179693,0
0.0,0.55590934,1.8548534,0
0.0,0.5662552,1.8369855,0
0.0,0.56703675,1.846539,0
0.0,0.5592336,1.9194232,0
0.0,0.5612291,1.8230885,0
0.0,0.5306696,1.9079462,0
0.0,0.54220897,1.8135381,0
0.0,0.5377903,1.9710926,0
0.0,0.54888654,2.0086608,0
0.0,0.52412766,2.1203432,0
0.0,0.5541374,2.135228,0
0.0,0.55398536,2.2085083,0
0.0,0.56735253,2.252553,0
0.0,0.5472382,2.2268157,0
0.0,0.5434712,2.289915,0
0.0,0.5532302,2.5315714,0
0.0,0.5614445,2.5141437,0
0.0,0.5460901,2.8929834,0
0.0,0.55113703,2.9592032,0
0.0,0.53005713,2.9552174,0
0.0,0.542605,3.0634198,0
0.0,0.53307164,2.9331489,0
0.0,0.553059,3.1299639,0
0.0,0.53860086,2.773088,0
0.0,0.53304833,2.6534739,0
0.0,0.51069415,2.7628946,0
0.0,0.52694196,2.705249,0
0.0,0.50849557,2.8107643,0
0.0,0.51014054,2.8590486,0
0.0,0.48913395,2.8288875,0
0.0,0.4756385,2.868857,0
0.0,0.4743491,2.882392,0
0.0,0.47763968,2.8277187,0
0.0,0.47605494,2.9432318,0
0.0,0.46844974,2.9631512,0
0.0,0.44976574,2.854463,0
0.0,0.4636559,2.8493109,0
0.0,0.4684618,2.7405791,0
0.0,0.47556698,2.7250648,0
0.0,0.4675993,2.5512128,0
0.0,0.45721433,2.5332804,0
0.0,0.47330147,2.4861393,0
0.0,0.4904043,2.627921,0
0.0,0.5096862,2.735368,0
0.0,0.5189574,2.6950111,0
0.0,0.5070028,2.7706385,0
0.0,0.5440253,2.7396271,0
0.0,0.5373732,2.4629772,0
0.0,0.55387086,2.704217,0
0.0,0.54623044,2.35256,0
0.0,0.55233896,2.2933943,0
0.0,0.55184346,2.4202065,0
0.0,0.5564935,2.3960752,0
0.0,0.5519431,2.348705,0
0.0,0.5602613,2.23073,0
0.0,0.54378533,2.0727172,0
0.0,0.54002404,2.16255,0
0.0,0.54593116,1.9989067,0
0.0,0.5570003,2.1846073,0
0.0,0.5617481,2.0771718,0
0.0,0.5575885,2.0758147,0
0.0,0.54391557,2.0805473,0
0.0,0.55916053,2.032992,0
0.0,0.5556556,1.9721174,0
0.0,0.576541,1.9697278,0
0.0,0.5578319,1.8974501,0
0.0,0.5659674,1.9219838,0
0.0,0.54644364,1.918905,0
0.0,0.5512524,2.0792823,0
0.0,0.5450308,2.148934,0
0.0,0.54864717,2.143877,0
0.0,0.5358847,2.2285268,0
0.0,0.55771047,2.3677576,0
0.0,0.56012297,2.3418076,0
0.0,0.57580954,2.2652726,0
0.0,0.5588209,2.0581372,0
0.0,0.5612556,2.0483077,0
0.0,0.567423,1.9856871,0
0.0,0.58363026,1.947311,0
0.0,0.5760795,1.9365649,0
0.0,0.57992136,1.6987662,0
0.0,0.5630813,1.682965,0
0.0,0.5585382,1.680942,0
0.0,0.5502622,1.5718545,0
0.0,0.54851615,1.4999212,0
0.0,0.53905565,1.4743865,0
0.0,0.5422946,1.3883897,0
0.0,0.5212598,1.4338381,0
0.0,0.5309181,1.4102864,0
0.0,0.52464014,1.4673243,0
0.0,0.52936983,1.2661828,0
0.0,0.51015186,1.27682,0
0.0,0.51776606,1.2678841,0
0.0,0.53185236,1.2663052,0
0.0,0.54421264,1.2668546,0
0.0,0.53542894,1.2045565,0
0.0,0.5175618,1.2585597,0
0.0,0.53442186,1.3529842,0
0.0,0.53703976,1.3976558,0
0.0,0.5456817,1.4646926,0
0.0,0.56809086,1.4092602,0
0.0,0.59920377,1.3865466,0
0.0,0.5886586,1.4069705,0
0.0,0.596794,1.3233762,0
0.0,0.6089045,1.1612942,0
0.0,0.63120955,1.1506929,0
0.0,0.61160713,1.0812628,0
0.0,0.6185478,1.131223,0
0.0,0.6231179,1.1866515,0
0.0,0.65472114,1.2859771,0
0.0,0.63477695,1.2832246,0
0.0,0.6443788,1.3921291,0
0.0,0.62735474,1.3843935,0
0.0,0.6645717,1.3822658,0
0.0,0.64350927,1.4138942,0
0.0,0.6607485,1.3991882,0
0.0,0.65545875,1.4075136,0
0.0,0.680226,1.465311,0
0.0,0.6488555,1.4416938,0
0.0,0.6718782,1.4208105,0
0.0,0.6669902,1.3280252,0
0.0,0.6922436,1.3001127,0
0.0,0.66314346,1.3833455,0
0.0,0.6843408,1.4144514,0
0.0,0.6661064,1.4160147,0
0.0,0.6783477,1.4161973,0
0.0,0.64705205,1.4285398,0
0.0,0.67298377,1.451537,0
0.0,0.65136033,1.3610002,0
0.0,0.6879378,1.2995106,0
0.0,0.668879,1.1675183,0
0.0,0.6877358,1.1561244,0
0.0,0.6639803,1.0294523,0
0.0,0.685291,1.0048451,0
0.0,0.6704314,0.9967329,0
0.0,0.68211854,1.1164088,0
0.0,0.6565544,1.0819149,0
0.0,0.6575406,1.0650012,0
0.0,0.6556363,1.0715148,0
0.0,0.65736973,1.046942,0
0.0,0.6405721,0.9986917,0
0.0,0.6338497,0.90989864,0
0.0,0.63027525,0.9253479,0
0.0,0.6178738,0.8139448,0
0.0,0.5982162,0.81706303,0
0.0,0.59584457,0.8635279,0
0.0,0.61351347,0.8348569,0
0.0,0.5962803,0.82189775,0
0.0,0.5776253,0.78394544,0
0.0,0.54896057,0.71747553,0
0.0,0.55196965,0.7297906,0
0.0,0.53480357,0.7120657,0
0.0,0.51082647,0.6883266,0
0.0,0.5033374,0.6775428,0
0.0,0.5206955,0.59818614,0
0.0,0.506442,0.6770434,0
0.0,0.49490815,0.6348405,0
0.0,0.46864632,0.6249517,0
0.0,0.4944905,0.6170409,0
0.0,0.4703536,0.66843253,0
0.0,0.5053955,0.6880721,0
0.0,0.48505753,0.87365866,0
0.0,0.5295372,0.9094469,0
0.0,0.5102876,0.9417914,0
0.0,0.5461555,0.9954562,0
0.0,0.5237624,0.97377795,0
0.0,0.5578191,1.0647845,0
0.0,0.55436057,1.0731721,0
0.0,0.5839525,1.0985166,0
0.0,0.53424287,1.1135577,0
0.0,0.55526274,1.1179044,0
0.0,0.5365085,1.375715,0
0.0,0.58533216,1.4388161,0
0.0,0.57149094,1.4220102,0
0.0,0.62931085,1.4455128,0
0.0,0.6013025,1.4328855,0
0.0,0.6482604,1.5071592,0
0.0,0.6118199,1.7838595,0
0.0,0.6663827,1.8409305,0
0.0,0.62552714,1.865646,0
0.0,0.6836987,1.9473617,0
0.0,0.64755744,2.1559424,0
0.0,0.68652546,2.249084,0
0.0,0.66635126,2.2306972,0
0.0,0.69863963,2.2805665,0
0.0,0.6694456,2.2601244,0
0.0,0.6853115,2.465121,0
0.0,0.6656429,2.6098223,0
0.0,0.6933238,2.6370451,0
0.0,0.6616906,2.6783366,0
0.0,0.6815975,2.6983268,0
0.0,0.66095376,2.7023315,0
0.0,0.6787169,2.9696715,0
0.0,0.67345685,2.7556071,0
0.0,0.6818271,2.8374076,0
0.0,0.6652566,2.766222,0
0.0,0.6743339,2.903372,0
0.0,0.64930123,3.095588,0
0.0,0.6617738,3.0324361,0
0.0,0.638146,2.8602939,0
0.0,0.65188324,2.8794496,0
0.0,0.63032347,2.8000026,0
0.0,0.63842607,2.9667685,0
0.0,0.6387519,2.7582645,0
0.0,0.6666231,2.7747788,0
0.0,0.64872956,2.7404413,0
0.0,0.66061574,2.819972,0
0.0,0.6431643,2.827116,0
0.0,0.6485968,2.8054767,0
0.0,0.64766556,2.4407449,0
0.0,0.66628164,2.4587433,0
0.0,0.6322632,2.389069,0
0.0,0.65173423,2.6504602,0
0.0,0.63959956,2.5104706,0
0.0,0.6536186,2.4718544,0
0.0,0.6300189,2.419973,0
0.0,0.65564585,2.5058022,0
0.0,0.64200616,2.5248368,0
0.0,0.66359437,2.4548864,0
0.0,0.67474204,2.181583,0
0.0,0.6961541,2.192545,0
0.0,0.69517946,2.1269932,0
0.0,0.7093877,2.1883523,0
0.0,0.68208516,2.1386616,0
0.0,0.7333765,2.0154843,0
0.0,0.73534095,1.9566364,0
0.0,0.7438773,1.9052541,0
0.0,0.71619457,1.8708355,0
0.0,0.7168332,1.7446985,0
0.0,0.7516145,1.5967925,0
0.0,0.7621418,1.596494,0
0.0,0.7619793,1.6284398,0
0.0,0.7795199,1.7967452,0
0.0,0.7781962,1.834089,0
0.0,0.7945446,1.7107831,0
0.0,0.8073716,1.6220056,0
0.0,0.82702595,1.6725962,0
0.0,0.81846106,1.8224256,0
0.0,0.8202446,1.8056455,0
0.0,0.84085566,1.7789941,0
0.0,0.84202343,1.7490621,0
0.0,0.85788876,1.8201125,0
0.0,0.8476427,1.8867502,0
0.0,0.8480717,1.8430934,0
0.0,0.86657935,1.6028352,0
0.0,0.87438184,1.4630525,0
0.0,0.8794906,1.4758115,0
0.0,0.88256305,1.5879507,0
0.0,0.8638397,1.5802774,0
0.0,0.862997,1.5221639,0
0.0,0.85014814,1.4091556,0
0.0,0.8763067,1.4781374,0
0.0,0.87280905,1.5099589,0
0.0,0.8609274,1.4429488,0
0.0,0.84310234,1.4070513,0
0.0,0.8384446,1.3965776,0
0.0,0.83320343,1.3564508,0
0.0,0.82431203,1.4519756,0
0.0,0.7732027,1.3489273,0
0.0,0.7390594,1.2464492,0
0.0,0.7340949,1.2714672,0
0.0,0.74047756,1.2824469,0
0.0,0.71238387,1.2807261,0
0.0,0.6925559,1.2150551,0
0.0,0.71089077,1.1206574,0
0.0,0.7054046,1.0965245,0
0.0,0.71023434,1.1292796,0
0.0,0.68495446,1.1296029,0
0.0,0.70439047,1.160645,0
0.0,0.7032482,1.006235,0
0.0,0.7000141,0.9636661,0
0.0,0.6822808,0.9743509,0
0.0,0.7184613,1.0478382,0
0.0,0.7218164,1.0536485,0
0.0,0.73034304,0.9959309,0
0.0,0.72070515,0.9740013,0
0.0,0.7418315,1.087215,0
0.0,0.7106487,1.0734009,0
0.0,0.7357481,1.1286774,0
0.0,0.7259976,1.0235987,0
0.0,0.77025735,1.0136049,0
0.0,0.73927474,0.94703543,0
0.0,0.78723365,1.0550127,0
0.0,0.81042606,1.1289709,0
0.0,0.7890113,1.0678294,0
0.0,0.7625149,1.0288101,0
0.0,0.7376144,1.0174396,0
0.0,0.76007795,1.0244064,0
0.0,0.7531319,1.0320368,0
0.0,0.7250909,0.885478,0
0.0,0.7325717,0.8878337,0
0.0,0.7227342,0.92384195,0
0.0,0.7095968,0.95698845,0
0.0,0.6814553,0.9175159,0
0.0,0.68799007,0.8691174,0
0.0,0.70959514,0.8826673,0
0.0,0.66901296,0.91974723,0
0.0,0.6443383,0.94732016,0
0.0,0.6203814,0.8983773,0
0.0,0.6527673,0.89869714,0
0.0,0.64271486,0.9358343,0
0.0,0.63632023,0.9946776,0
0.0,0.6256517,1.1541256,0
0.0,0.65065527,1.1548716,0
0.0,0.6168296,1.1021144,0
0.0,0.6157921,1.0951827,0
0.0,0.6037914,1.0834503,0
0.0,0.6186069,1.113127,0
0.0,0.6187929,1.0805433,0
0.0,0.6304515,1.0771772,0
0.0,0.6177242,1.0720092,0
0.0,0.62204134,1.1041105,0
0.0,0.6137697,1.1865458,0
0.0,0.63051564,1.2073959,0
0.0,0.62651503,1.1841655,0
0.0,0.6532209,1.173452,0
0.0,0.62698764,1.1285346,0
0.0,0.651861,1.2815125,0
0.0,0.6247802,1.3257027,0
0.0,0.6448079,1.3063464,0
0.0,0.6524625,1.3327465,0
0.0,0.65659267,1.3564278,0
0.0,0.64973444,1.4185355,0
0.0,0.64275575,1.3667414,0
0.0,0.6577609,1.2811078,0
0.0,0.6523111,1.2564733,0
0.0,0.6329201,1.2438023,0
0.0,0.6112872,1.3945949,0
0.0,0.622221,1.4998002,0
0.0,0.63562554,1.4450567,0
0.0,0.64236814,1.4788353,0
0.0,0.6182697,1.4689102,0
0.0,0.646603,1.473661,0
0.0,0.6283511,1.3997898,0
0.0,0.6771617,1.3270785,0
0.0,0.6530847,1.330121,0
0.0,0.6764354,1.3887236,0
0.0,0.6534006,1.5147502,0
0.0,0.676962,1.6936235,0
0.0,0.6540485,1.6388582,0
0.0,0.6889382,1.6407967,0
0.0,0.67314947,1.6016812,0
0.0,0.6959241,1.6183879,0
0.0,0.67085004,1.650352,0
0.0,0.69340837,1.6513944,0
0.0,0.66757774,1.7355397,0
0.0,0.6803063,1.7401106,0
0.0,0.6570196,1.8857915,0
0.0,0.66526115,1.8928335,0
0.0,0.6655709,1.7606305,0
0.0,0.69527334,1.6433666,0
0.0,0.688474,1.6463568,0
0.0,0.69058937,1.6161258,0
0.0,0.68979275,1.8610905,0
0.0,0.6973805,1.7899933,0
0.0,0.687416,1.8946943,0
0.0,0.68592346,1.8869971,0
0.0,0.69419086,1.8991439,0
0.0,0.67901784,1.8997625,0
0.0,0.689861,1.8304498,0
0.0,0.6902762,1.6488101,0
0.0,0.69819164,1.6920619,0
0.0,0.6792502,1.7197433,0
0.0,0.6876402,1.8578594,0
0.0,0.69337875,1.830153,0
0.0,0.6991926,1.8241465,0
0.0,0.6973055,1.8227098,0
0.0,0.69228315,1.7867346,0
0.0,0.6969013,1.7622482,0
0.0,0.69667673,1.6275787,0
0.0,0.69843584,1.4965422,0
0.0,0.6891447,1.5544453,0
0.0,0.6884536,1.5724947,0
0.0,0.6818949,1.6428351,0
0.0,0.67537266,1.6442006,0
0.0,0.6496805,1.536333,0
0.0,0.6598068,1.4732168,0
0.0,0.6387959,1.3826439,0
0.0,0.6554163,1.4041674,0
0.0,0.6320815,1.3738877,0
0.0,0.65876067,1.4488242,0
0.0,0.630172,1.5033355,0
0.0,0.66055596,1.6611955,0
0.0,0.6333602,1.6379453,0
0.0,0.67746115,1.6647263,0
0.0,0.6543215,1.4332888,0
0.0,0.6947542,1.47281,0
0.0,0.65402293,1.3284793,0
0.0,0.68331385,1.4105287,0
0.0,0.6499748,1.3862187,0
0.0,0.67447263,1.3923466,0
0.0,0.63584197,1.2716784,0
0.0,0.6547536,1.2849321,0
0.0,0.61035544,1.2211046,0
0.0,0.636455,1.1883968,0
0.0,0.6017914,1.0357009,0
0.0,0.6200062,1.1257509,0
0.0,0.57494885,1.0995278,0
0.0,0.6103101,1.1642073,0
0.0,0.5861577,1.1575902,0
0.0,0.61791897,1.1801689,0
0.0,0.5887511,1.1617464,0
0.0,0.6158931,1.1373895,0
0.0,0.58987546,1.0541458,0
0.0,0.6045392,1.0545133,0
0.0,0.57180446,0.9731041,0
0.0,0.58985305,0.9761635,0
0.0,0.550983,0.98026544,0
0.0,0.5393431,0.98298,0
0.0,0.50690883,0.96970576,0
0.0,0.5158736,0.970144,0
0.0,0.48563936,0.85223186,0
0.0,0.46569476,0.7754282,0
0.0,0.44019145,0.68212825,0
0.0,0.44531918,0.56532955,0
0.0,0.4257931,0.66073596,0
0.0,0.41289836,0.65514576,0
0.0,0.41302896,0.8785776,0
0.0,0.42704138,0.8703204,0
0.0,0.421884,1.001658,0
0.0,0.4615185,0.9843174,0
0.0,0.46808502,0.996961,0
0.0,0.48941264,0.9754726,0
0.0,0.48636073,1.040329,0
0.0,0.50666696,1.046325,0
0.0,0.4893261,1.3047732,0
0.0,0.50548524,1.2801576,0
0.0,0.50346786,1.4757309,0
0.0,0.5289171,1.3796693,0
0.0,0.52696496,1.3953679,0
0.0,0.5491211,1.3191588,0
0.0,0.5582612,1.3467131,0
0.0,0.5832604,1.389358,0
0.0,0.590191,1.5913594,0
0.0,0.59903777,1.6142399,0
0.0,0.59390324,1.7796398,0
0.0,0.6182917,1.8158264,0
0.0,0.61080664,1.9798489,0
0.0,0.6269419,2.0047498,0
0.0,0.6232526,2.0200405,0
0.0,0.65636486,2.0380428,0
0.0,0.6435857,2.0950809,0
0.0,0.65435666,2.260006,0
0.0,0.64576006,2.6209834,0
0.0,0.6626014,2.6353133,0
0.0,0.6413926,2.6950684,0
0.0,0.6505283,2.6958706,0
0.0,0.6360298,2.6298785,0
0.0,0.6359541,2.754784,0
0.0,0.64341694,2.5966544,0
0.0,0.6495252,2.6611133,0
0.0,0.62155527,2.7392597,0
0.0,0.6174463,2.955668,0
0.0,0.6136696,3.244614,0
0.0,0.62226903,3.2569876,0
0.0,0.58751893,3.1550503,0
0.0,0.61415267,3.1688097,0
0.0,0.58828604,2.9212716,0
0.0,0.6069468,3.4112048,0
0.0,0.5809143,3.3057985,0
0.0,0.6039958,3.536787,0
0.0,0.5859814,3.605755,0
0.0,0.5916983,3.8053532,0
0.0,0.5609528,3.9441328,0
0.0,0.5680602,3.905184,0
0.0,0.5570395,3.6805303,0
0.0,0.55943453,3.9105716,0
0.0,0.5226047,3.7061667,0
0.0,0.52633494,4.684429,0
0.0,0.509723,4.579539,0
0.0,0.51553476,4.842217,0
0.0,0.4859343,4.796458,0
0.0,0.49718437,4.7906165,0
0.0,0.46471238,4.6914954,0
0.0,0.46502143,4.864958,0
0.0,0.46195015,4.507725,0
0.0,0.46426222,4.8047986,0
0.0,0.4354338,4.7432694,0
0.0,0.43517965,5.175335,0
0.0,0.44878417,5.188685,0
0.0,0.44316027,5.0853863,0
0.0,0.43900254,4.987518,0
0.0,0.44799155,4.8779383,0
0.0,0.4613255,4.97408,0
0.0,0.45741397,5.160803,0
0.0,0.46323645,4.957587,0
0.0,0.46442023,5.2456264,0
0.0,0.47540635,5.2662005,0
0.0,0.47307348,5.4596725,0
0.0,0.46172985,5.5093784,0
0.0,0.4689904,5.07419,0
0.0,0.4821569,5.0431223,0
0.0,0.47416025,4.8321276,0
0.0,0.47450238,4.8683414,0
0.0,0.4712063,4.964451,0
0.0,0.5061764,4.820786,0
0.0,0.48323536,4.867973,0
0.0,0.50491923,4.881758,0
0.0,0.5076234,4.661769,0
0.0,0.5059568,5.1274776,0
0.0,0.50632405,4.23752,0
0.0,0.5186073,4.367182,0
0.0,0.52849746,4.110339,0
0.0,0.5096685,4.4044952,0
0.0,0.50194895,4.534211,0
0.0,0.5128538,4.494579,0
0.0,0.5290237,4.295028,0
0.0,0.52684927,4.333686,0
0.0,0.5100402,4.0874033,0
0.0,0.5216459,4.4189105,0
0.0,0.5366011,3.9789882,0
0.0,0.50673133,4.2470665,0
0.0,0.49510327,4.232415,0
0.0,0.5082367,4.579299,0
0.0,0.50494885,4.708642,0
0.0,0.50840026,4.489509,0
0.0,0.5019146,4.1079416,0
0.0,0.52553797,4.4673433,0
0.0,0.5173951,4.2883883,0
0.0,0.50210744,4.622403,0
0.0,0.50038666,4.410036,0
0.0,0.5152702,4.3559694,0
0.0,0.50890213,4.3621035,0
0.0,0.49851662,4.2888327,0
0.0,0.48569825,4.4482784,0
0.0,0.5147653,4.405324,0
0.0,0.52454954,4.225038,0
0.0,0.51396537,4.254343,0
0.0,0.5075684,4.41538,0
0.0,0.5323205,4.729454,0
0.0,0.5258535,4.6959453,0
0.0,0.4924393,4.183356,0
0.0,0.5037716,4.179976,0
0.0,0.50606096,3.9991364,0
0.0,0.5111848,4.694435,0
0.0,0.5082901,4.493121,0
0.0,0.52051353,4.4813833,0
0.0,0.5290378,4.52075,0
0.0,0.53658736,4.475834,0
0.0,0.52188724,4.676739,0
0.0,0.5225549,4.847117,0
0.0,0.5397473,4.5011177,0
0.0,0.5316298,4.6099186,0
0.0,0.51209104,4.270959,0
0.0,0.50812054,4.6632066,0
0.0,0.5173266,4.418648,0
0.0,0.54084927,4.3404107,0
0.0,0.5145563,4.1957674,0
0.0,0.5324367,4.1803646,0
0.0,0.5297605,3.7976785,0
0.0,0.5204828,3.8206635,0
0.0,0.52699345,3.4566092,0
0.0,0.53930056,3.5022526,0
0.0,0.5453075,3.5676317,0
0.0,0.5632484,3.8419251,0
0.0,0.5519929,3.8715205,0
0.0,0.56535596,3.6928768,0
0.0,0.58550423,3.6648822,0
0.0,0.60415083,3.606842,0
0.0,0.59895706,3.7701764,0
0.0,0.5992554,3.8974543,0
0.0,0.636492,3.6844356,0
0.0,0.64712006,3.6933393,0
0.0,0.6504045,3.7397184,0
0.0,0.6575863,3.7697778,0
0.0,0.6720784,3.9312463,0
0.0,0.7089733,3.2747116,0
0.0,0.7087825,3.1696029,0
0.0,0.7161007,3.1025782,0
0.0,0.7196807,3.264758,0
0.0,0.7229941,3.4491944,0
0.0,0.73137736,3.171678,0
0.0,0.7076007,2.9090567,0
0.0,0.7311866,2.9856045,0
0.0,0.7270284,2.879265,0
0.0,0.73048866,3.1714644,0
0.0,0.7061944,2.7868016,0
0.0,0.7466997,2.810811,0
0.0,0.73067725,2.770887,0
0.0,0.7485928,2.9272344,0
0.0,0.72668606,2.9768324,0
0.0,0.74848485,3.014221,0
0.0,0.7470476,2.8373394,0
0.0,0.75614464,2.8933573,0
0.0,0.7346672,2.911542,0
0.0,0.7529644,3.1974423,0
0.0,0.7392603,2.9129148,0
0.0,0.7750871,2.9492903,0
0.0,0.74257475,2.9264822,0
0.0,0.7513005,3.059207,0
0.0,0.72953564,3.0438995,0
0.0,0.75354844,2.962503,0
0.0,0.7450276,2.5338092,0
0.0,0.76468456,2.5693753,0
0.0,0.75248253,2.8029752,0
0.0,0.7612808,3.004743,0
0.0,0.7593183,2.9009323,0
0.0,0.77260435,2.7872052,0
0.0,0.7663734,2.8320456,0
0.0,0.77009475,2.9360538,0
0.0,0.76628375,2.9804482,0
0.0,0.7786372,3.0404358,0
0.0,0.767907,2.788399,0
0.0,0.76736784,2.7892718,0
0.0,0.7565394,3.0089307,0
0.0,0.7517841,3.206649,0
0.0,0.7429931,3.181179,0
0.0,0.75254524,2.9326282,0
0.0,0.7629147,2.8456337,0
0.0,0.7578211,2.7884908,0
0.0,0.76483256,3.198502,0
0.0,0.76013607,3.391037,0
0.0,0.7633073,3.2961206,0
0.0,0.7610394,3.2832003,0
0.0,0.7553717,3.4618301,0
0.0,0.74881434,3.49819,0
0.0,0.7591968,3.5084932,0
0.0,0.7641558,3.2305229,0
0.0,0.7762066,3.2213664,0
0.0,0.7770189,3.3603263,0
0.0,0.78569907,3.7682302,0
0.0,0.7931077,3.7021275,0
0.0,0.7866443,3.677608,0
0.0,0.7948208,3.5967336,0
0.0,0.7728854,3.6522274,0
0.0,0.7696,3.7328339,0
0.0,0.76734227,3.5248733,0
0.0,0.7802022,3.3608325,0
0.0,0.7583626,3.2935202,0
0.0,0.7514846,3.367624,0
0.0,0.74044526,3.6566236,0
0.0,0.7396601,3.6098738,0
0.0,0.7394183,3.5461864,0
0.0,0.7428106,3.366188,0
0.0,0.7358222,3.3565874,0
0.0,0.755497,3.4803982,0
0.0,0.747011,3.370748,0
0.0,0.7654246,3.1772287,0
0.0,0.768909,3.196082,0
0.0,0.759524,3.3287628,0
0.0,0.7485419,3.6488853,0
0.0,0.7409504,3.6481688,0
0.0,0.7360578,3.2419398,0
0.0,0.742907,2.9241662,0
0.0,0.7325475,2.900444,0
0.0,0.7354498,3.0907743,0
0.0,0.7416846,3.138948,0
0.0,0.73641276,3.0403433,0
0.0,0.71473247,2.9208713,0
0.0,0.71180683,3.0837703,0
0.0,0.7141599,3.2415228,0
0.0,0.71822655,3.1463654,0
0.0,0.7326413,2.7665806,0
0.0,0.75557065,2.7719107,0
0.0,0.75860095,2.7441638,0
0.0,0.7694789,3.1299334,0
0.0,0.7593137,3.12711,0
0.0,0.767993,3.0895534,0
0.0,0.76279515,3.0144126,0
0.0,0.76404715,3.0224059,0
0.0,0.7500837,3.1030571,0
0.0,0.7481319,3.3295252,0
0.0,0.75253224,2.9575472,0
0.0,0.7614974,2.9194894,0
0.0,0.7492011,2.9024367,0
0.0,0.7462439,3.0103683,0
0.0,0.7408565,3.0609522,0
0.0,0.7446138,2.9953556,0
0.0,0.7250815,2.746396,0
0.0,0.72033906,2.7231178,0
0.0,0.71626335,2.709868,0
0.0,0.71441454,2.7864456,0
0.0,0.7215778,2.466352,0
0.0,0.7213231,2.5107136,0
0.0,0.723252,2.511554,0
0.0,0.7207634,2.5523524,0
0.0,0.717405,2.595567,0
0.0,0.7052151,2.432956,0
0.0,0.71321875,2.22156,0
0.0,0.70400107,2.1974094,0
0.0,0.69462544,2.3189259,0
0.0,0.68971795,2.5135877,0
0.0,0.6970595,2.4459028,0
0.0,0.71297437,2.4259386,0
0.0,0.71715015,2.4112084,0
0.0,0.7156875,2.408987,0
0.0,0.70358217,2.4974709,0
0.0,0.7250584,2.4555745,0
0.0,0.7234992,2.3162374,0
0.0,0.7008743,2.283771,0
0.0,0.68142194,2.269574,0
0.0,0.66802394,2.2773266,0
0.0,0.66806537,2.2477784,0
0.0,0.67975616,1.9630425,0
0.0,0.67789805,1.9641707,0
0.0,0.678511,1.9291111,0
0.0,0.66469365,1.9255565,0
0.0,0.6646849,1.920826,0
0.0,0.6611889,1.8663509,0
0.0,0.65917414,1.8585825,0
0.0,0.6566259,1.8837155,0
0.0,0.66626465,1.9253688,0
0.0,0.6638747,1.9411558,0
0.0,0.68781406,1.7606614,0
0.0,0.70871127,1.7960496,0
0.0,0.73495626,1.7785445,0
0.0,0.6930207,1.909865,0
0.0,0.67586637,1.8455502,0
0.0,0.6656927,1.7936361,0
0.0,0.63647324,1.6975327,0
0.0,0.6357728,1.6993208,0
0.0,0.6235465,1.7056217,0
0.0,0.6304008,1.6073929,0
0.0,0.6259421,1.2292961,0
0.0,0.62736803,1.1817914,0
0.0,0.6035291,1.1467197,0
0.0,0.6031269,1.1899253,0
0.0,0.6045157,1.2007201,0
0.0,0.63848925,1.140787,0
0.0,0.6140445,0.87900424,0
0.0,0.6260946,0.88272095,0
0.0,0.6529818,0.8678601,0
0.0,0.6450133,0.8542278,0
0.0,0.6189588,0.7800758,0
0.0,0.61493766,0.706118,0
0.0,0.6341197,0.7413339,0
0.0,0.61372066,0.7436848,0
0.0,0.56462175,0.69421494,0
0.0,0.5486789,0.6592923,0
0.0,0.5520958,0.5661876,0
0.0,0.5530885,0.5400874,0
0.0,0.5149194,0.5127367,0
0.0,0.4952755,0.47535843,0
0.0,0.49580172,0.45707318,0
0.0,0.5014689,0.45523983,0
0.0,0.45798826,0.4537176,0
0.0,0.44982958,0.42035785,0
0.0,0.47240484,0.43393618,0
0.0,0.5414695,0.3090499,0
0.0,0.47929797,0.28278497,0
0.0,0.48020533,0.29308447,0
0.0,0.42328292,0.31636846,0
0.0,0.44685277,0.3250098,0
0.0,0.4110185,0.3036446,0
0.0,0.4068873,0.29053682,0
0.0,0.37658328,0.28138655,0
0.0,0.40021023,0.28352898,0
0.0,0.38109267,0.28259608,0
0.0,0.40747195,0.26947176,0
0.0,0.39449704,0.32511798,0
0.0,0.43856952,0.32307944,0
0.0,0.42650345,0.3368639,0
0.0,0.41871637,0.3514307,0
0.0,0.37443995,0.35900533,0
0.0,0.3842877,0.36522144,0
0.0,0.36518893,0.36424616,0
0.0,0.3698971,0.4649291,0
0.0,0.35982767,0.4597903,0
0.0,0.37336925,0.478145,0
1.0,0.38135958,0.5046423,0
1.0,0.39748994,0.5270942,0
1.0,0.39889535,0.5594038,0
1.0,0.41315955,0.5692849,0
1.0,0.41520128,0.57344574,0
1.0,0.41423953,0.58539116,0
1.0,0.412882,0.58789146,0
1.0,0.4081508,0.6102303,0
1.0,0.43120843,0.58095753,0
1.0,0.43732098,0.57976353,0
1.0,0.45205644,0.57841253,0
1.0,0.4254046,0.5999383,0
1.0,0.45004845,0.6291733,0
1.0,0.4237894,0.6131958,0
1.0,0.44478765,0.58331907,0
1.0,0.4279384,0.58908904,0
1.0,0.4431474,0.58404535,0
1.0,0.43271893,0.6448768,0
1.0,0.4691571,0.64456344,0
1.0,0.44291818,0.67610145,0
1.0,0.474875,0.67624974,0
1.0,0.43891966,0.67093575,0
1.0,0.46309778,0.65758026,0
1.0,0.44075686,0.666949,0
1.0,0.46376303,0.697119,0
1.0,0.44781154,0.69215226,0
1.0,0.45490405,0.69808865,0
1.0,0.43477026,0.7203468,0
1.0,0.4423818,0.7208617,0
1.0,0.42736912,0.6383042,0
1.0,0.46273974,0.6604032,0
1.0,0.43325916,0.6323391,0
1.0,0.4618184,0.6401436,0
1.0,0.45053053,0.66761696,0
1.0,0.4867939,0.6706467,0
1.0,0.47000575,0.69410574,0
1.0,0.49232617,0.71102566,0
1.0,0.46897006,0.7594169,0
1.0,0.50637627,0.81639844,0
1.0,0.48293054,0.7732595,0
1.0,0.5212834,0.8916067,0
1.0,0.48763475,0.88368857,0
1.0,0.52029634,0.9463756,0
1.0,0.50920564,0.92150736,0
1.0,0.55210376,0.89270806,0
1.0,0.52822536,0.89135253,0
1.0,0.5556977,0.88512814,0
1.0,0.5216624,0.8981518,0
1.0,0.5563885,0.9692522,0
1.0,0.53034824,0.89811933,0
1.0,0.56902015,1.0430697,0
1.0,0.52883554,1.0077119,0
1.0,0.55986243,1.0644363,0
1.0,0.5414791,1.0830001,0
1.0,0.573332,1.0490675,0
1.0,0.54970276,1.063726,0
1.0,0.566741,1.0268579,0
1.0,0.54435325,1.0328805,0
1.0,0.570969,1.0514121,0
1.0,0.55492514,1.0024134,0
1.0,0.57541746,1.0408872,0
1.0,0.55800134,1.0458915,0
1.0,0.5607266,1.0653441,0
1.0,0.5476235,1.0612206,0
1.0,0.5545376,1.0505112,0
1.0,0.55182135,1.0182534,0
1.0,0.5491677,1.0437489,0
1.0,0.559943,1.0505306,0
1.0,0.52975935,1.0620589,0
1.0,0.5650235,1.0049732,0
1.0,0.5419421,0.97744983,0
1.0,0.5814471,1.0030799,0
1.0,0.52545357,0.8943085,0
1.0,0.5683042,0.9294945,0
1.0,0.53785527,0.89921594,0
1.0,0.5819347,0.8954109,0
1.0,0.52763,0.87802005,0
1.0,0.5558492,0.9188645,0
1.0,0.5164398,0.9255482,0
1.0,0.5834179,0.9277922,0
1.0,0.54210985,0.85028213,0
1.0,0.61163425,0.8904304,0
1.0,0.5650775,0.7358729,0
1.0,0.62213427,0.82942075,0
1.0,0.5710941,0.7531595,0
1.0,0.60760546,0.7467308,0
1.0,0.538322,0.7210511,0
1.0,0.5480066,0.70513546,0
1.0,0.52169716,0.799773,0
1.0,0.5552445,0.8047445,0
1.0,0.5188427,0.79941154,0
1.0,0.5269075,0.83235586,0
1.0,0.52121085,0.79944086,0
1.0,0.52869517,0.77621394,0
1.0,0.5181766,0.74379003,0
1.0,0.53348166,0.7397439,0
1.0,0.5511828,0.7308182,0
1.0,0.6012418,0.7164265,0
1.0,0.5758841,0.65197885,0
1.0,0.6226803,0.6844132,0
1.0,0.6171026,0.63332987,0
1.0,0.6670005,0.66416883,0
1.0,0.59000784,0.60631335,0
1.0,0.57498026,0.58829105,0
1.0,0.56009376,0.58147913,0
1.0,0.5677561,0.5821353,0
1.0,0.49754277,0.5135133,0
1.0,0.47779486,0.5081568,0
1.0,0.47077078,0.5087135,0
1.0,0.4971693,0.49095732,0
1.0,0.4917492,0.5010995,0
1.0,0.5704264,0.5156264,0
1.0,0.56037104,0.51035464,0
1.0,0.58098805,0.52777183,0
1.0,0.58496416,0.6086208,0
1.0,0.6791129,0.60230136,0
1.0,0.5897787,0.5601655,0
1.0,0.65617913,0.6337309,0
1.0,0.6282275,0.63264334,0
1.0,0.6367293,0.6404289,0
1.0,0.58027756,0.5683074,0
1.0,0.5755574,0.5816227,0
1.0,0.6331742,0.5830947,0
1.0,0.7150689,0.6157768,0
1.0,0.66660094,0.57673734,0
1.0,0.6937193,0.58814746,0
1.0,0.78030455,0.6551766,0
1.0,0.7850956,0.6932393,0
1.0,0.7378392,0.6568688,0
1.0,0.7803558,0.7044428,0
1.0,0.871763,0.8029711,0
1.0,0.8662968,0.7296485,0
1.0,0.83284956,0.69576913,0
1.0,0.8589208,0.7235483,0
1.0,0.9098695,0.75917524,0
1.0,0.887384,0.7155183,0
1.0,0.85849446,0.6955164,0
1.0,0.8962571,0.7701439,0
1.0,0.938545,0.8433741,0
1.0,0.9173312,0.8589285,0
1.0,0.9300176,0.8753762,0
1.0,0.93955225,0.89867085,0
1.0,0.96718806,1.0137823,0
1.0,0.9551773,1.038238,0
1.0,0.95611775,1.0365485,0
1.0,0.9574774,0.98258746,0
1.0,0.96506226,0.9333143,0
1.0,0.9365678,0.92038214,0
1.0,0.9386466,0.9840596,0
1.0,0.9328136,0.9547019,0
1.0,0.9376734,0.96671575,0
1.0,0.8959977,0.8485216,0
1.0,0.9058701,0.7721734,0
1.0,0.88635945,0.796505,0
1.0,0.90274394,0.88391817,0
1.0,0.86638016,0.81520766,0
1.0,0.88426256,0.8632728,0
1.0,0.83627856,0.8484397,0
1.0,0.8535663,0.8827487,0
1.0,0.80085367,0.7735528,0
1.0,0.84359515,0.80186754,0
1.0,0.7984191,0.7246181,0
1.0,0.80382097,0.73511946,0
1.0,0.7376668,0.687392,0
1.0,0.7755841,0.786189,0
1.0,0.73167723,0.735068,0
1.0,0.7571544,0.79186064,0
1.0,0.74718565,0.80325705,0
1.0,0.7666866,0.8104429,0
1.0,0.764867,0.7472104,0
1.0,0.7776978,0.7463978,0
1.0,0.8181323,0.77570903,0
1.0,0.79643685,0.7580318,0
1.0,0.8262659,0.8213185,0
1.0,0.85810274,0.8780986,0
1.0,0.8722201,0.8778951,0
1.0,0.8240422,0.82431304,0
1.0,0.85064316,0.8695184,0
1.0,0.83916473,1.0277765,0
1.0,0.8208003,1.0509139,0
1.0,0.7710216,0.92887753,0
1.0,0.8244321,1.0233902,0
1.0,0.82952195,1.2053444,0
1.0,0.83440584,1.2327054,0
1.0,0.8001208,1.1772134,0
1.0,0.8376632,1.2454581,0
1.0,0.84793967,1.2008754,0
1.0,0.8371971,1.190665,0
1.0,0.77712697,1.14778,0
1.0,0.81604517,1.4155058,0
1.0,0.7891819,1.5069911,0
1.0,0.7844502,1.5087862,0
1.0,0.7439786,1.4416112,0
1.0,0.76597196,1.4826565,0
1.0,0.7614273,1.5636312,0
1.0,0.72418165,1.5042186,0
1.0,0.73257726,1.471376,0
1.0,0.7515653,1.5197821,0
1.0,0.76010054,1.7615774,0
1.0,0.74756444,1.8991098,0
1.0,0.7748404,1.9580903,0
1.0,0.7646989,1.9376718,0
1.0,0.7995257,2.0086389,0
1.0,0.7853856,2.0312543,0
1.0,0.8023397,2.2306473,0
1.0,0.78653044,2.2200804,0
1.0,0.8281358,2.2892776,0
1.0,0.81944406,2.377421,0
1.0,0.843519,2.531137,0
1.0,0.8276526,2.6352937,0
1.0,0.867837,2.576292,0
1.0,0.8654593,2.4749064,0
1.0,0.88405454,2.5222383,0
1.0,0.8634119,2.5068507,0
1.0,0.89714885,2.4841254,0
1.0,0.89006764,2.44105,0
1.0,0.9042343,2.4851568,0
1.0,0.8731657,2.3632872,0
1.0,0.89646065,2.5300465,0
1.0,0.87923133,2.6174002,0
1.0,0.8916129,2.6885178,0
1.0,0.86335504,2.37425,0
1.0,0.9046364,2.3394012,0
1.0,0.9067639,2.3528876,0
1.0,0.92508805,2.462559,0
1.0,0.9082511,2.5112336,0
1.0,0.9315365,2.4878352,0
1.0,0.9353227,2.471789,0
1.0,0.9452951,2.55204,0
1.0,0.9338605,2.5516706,0
1.0,0.93173957,2.3849814,0
1.0,0.9231083,2.1565475,0
1.0,0.9386179,2.1848445,0
1.0,0.91218895,2.1465578,0
1.0,0.91832334,2.292625,0
1.0,0.90129143,2.2748575,0
1.0,0.9206505,2.2815185,0
1.0,0.8993414,2.2130578,0
1.0,0.90231675,2.1582866,0
1.0,0.88573843,2.0359395,0
1.0,0.9120335,2.1001754,0
1.0,0.8996679,2.0520966,0
1.0,0.9198919,2.0391617,0
1.0,0.9147967,2.0334034,0
1.0,0.92080253,2.308976,0
1.0,0.8886789,2.2818508,0
1.0,0.879371,2.2651553,0
1.0,0.8594083,2.213581,0
1.0,0.86363274,2.2541983,0
1.0,0.8249605,2.1225367,0
1.0,0.8036994,2.0418034,0
1.0,0.7839138,1.9138075,0
1.0,0.79813427,1.8430753,0
1.0,0.7536724,1.7185311,0
1.0,0.74827826,1.7253883,0
1.0,0.7367051,1.7228706,0
1.0,0.73483443,1.8164719,0
1.0,0.72760916,1.7526639,0
1.0,0.7359327,1.7659571,0
1.0,0.72854257,1.7541955,0
1.0,0.72123617,1.8119087,0
1.0,0.7048933,1.7672527,0
1.0,0.74256295,1.745281,0
1.0,0.7385276,1.7331636,0
1.0,0.736025,1.729015,0
1.0,0.7116124,1.6758492,0
1.0,0.7160504,1.6027024,0
1.0,0.70689625,1.5385115,0
1.0,0.70048153,1.3989222,0
1.0,0.71309334,1.3840959,0
1.0,0.7038472,1.3761038,0
1.0,0.6979558,1.3562503,0
1.0,0.6722222,1.2311519,0
1.0,0.71493256,1.1772156,0
1.0,0.66959834,1.1150684,0
1.0,0.6699423,1.1541842,0
1.0,0.6517153,0.95599544,0
1.0,0.7270138,0.96212906,0
1.0,0.72382367,0.90878135,0
1.0,0.75102794,0.95098513,0
1.0,0.73890764,0.8944546,0
1.0,0.7786995,0.9790625,0
1.0,0.77534395,0.8887029,0
1.0,0.80510783,0.8996389,0
1.0,0.77468824,0.8522582,0
1.0,0.8257746,0.9288454,0
1.0,0.79863226,0.88506687,0
1.0,0.79136205,0.8358507,0
1.0,0.75653297,0.6395316,0
1.0,0.8026633,0.6630295,0
1.0,0.75017834,0.58742154,0
1.0,0.7331086,0.5443143,0
1.0,0.6982935,0.40496442,0
1.0,0.7073578,0.38402393,0
1.0,0.66526884,0.3520193,0
1.0,0.65401214,0.34446612,0
1.0,0.6277607,0.34266093,0
1.0,0.5865185,0.31347704,0
1.0,0.5827056,0.2924068,0
1.0,0.5494645,0.2559306,0
1.0,0.5145764,0.23981044,0
1.0,0.48195687,0.2332181,0
1.0,0.46036077,0.22625154,0
1.0,0.420581,0.20630352,0
1.0,0.39179417,0.20018575,0
1.0,0.38381016,0.21180528,0
1.0,0.3934115,0.21357155,0
1.0,0.38736546,0.19103129,0
1.0,0.38178656,0.16624314,0
1.0,0.43606216,0.19178927,0
1.0,0.486878,0.19286051,0
1.0,0.5928058,0.21539639,0
1.0,0.5900032,0.21215428,0
1.0,0.65944135,0.21478157,0
1.0,0.71143883,0.23332834,0
1.0,0.74469554,0.24235138,0
1.0,0.6935925,0.22174487,0
1.0,0.7197521,0.24173339,0
1.0,0.7759121,0.24062863,0
1.0,0.7859242,0.23977092,0
1.0,0.7913983,0.24276721,0
1.0,0.8078431,0.26175845,0
1.0,0.851486,0.28946918,0
1.0,0.80615866,0.26557213,0
1.0,0.73951995,0.38639417,0
1.0,0.74338806,0.41924167,0
1.0,0.8110349,0.47722965,0
1.0,0.79831326,0.47019058,0
1.0,0.76181424,0.42060164,0
1.0,0.76583654,0.43299288,0
1.0,0.78967524,0.45938796,0
1.0,0.803725,0.53080165,0
1.0,0.7414195,0.509633,0
1.0,0.7164074,0.50450575,0
1.0,0.71232086,0.49666387,0
1.0,0.6145582,0.4790073,0
1.0,0.50371337,0.50652754,0
1.0,0.45717344,0.5036987,0
1.0,0.46923947,0.49868494,0
1.0,0.44874626,0.5193752,0
1.0,0.45945853,0.5150347,0
1.0,0.45995462,0.49763745,0
1.0,0.46350417,0.4910068,0
1.0,0.4858361,0.48950642,0
1.0,0.45211145,0.49425808,0
1.0,0.43454367,0.5016678,0
1.0,0.43307942,0.50413823,0
1.0,0.47462347,0.5026832,0
1.0,0.4614248,0.5050078,0
1.0,0.4406165,0.5052657,0
1.0,0.4225701,0.5177784,0
1.0,0.44470417,0.50800127,0
1.0,0.3986047,0.5390251,0
1.0,0.36476788,0.5576761,0
1.0,0.33747697,0.5613272,0
1.0,0.3413415,0.54788184,0
1.0,0.3356708,0.44400328,0
1.0,0.32608104,0.42951232,0
1.0,0.32724646,0.37593037,0
1.0,0.35742044,0.36895153,0
1.0,0.35061586,0.36117476,0
1.0,0.35520965,0.3067795,0
1.0,0.37721285,0.3252922,0
1.0,0.4193854,0.29677364,0
1.0,0.3900321,0.3026015,0
1.0,0.37953538,0.34447107,0
1.0,0.36837137,0.34179032,0
1.0,0.39651793,0.340908,0
1.0,0.3875725,0.32736045,0
1.0,0.41086212,0.3340993,0
1.0,0.3910995,0.33440018,0
1.0,0.42005485,0.3765689,0
1.0,0.42912528,0.38253707,0
1.0,0.45890826,0.45551226,0
1.0,0.43904215,0.449475,0
1.0,0.44817913,0.46674582,0
1.0,0.4425926,0.47478074,0
1.0,0.45151648,0.50533175,0
1.0,0.4720446,0.62072295,0
1.0,0.47258753,0.64810073,0
1.0,0.49688646,0.69383705,0
1.0,0.5098635,0.68208265,0
1.0,0.5511287,0.6698984,0
1.0,0.5435863,0.66519284,0
1.0,0.5592763,0.65082175,0
1.0,0.5738984,0.6328746,0
1.0,0.5782648,0.60147184,0
1.0,0.56481105,0.6131358,0
1.0,0.55706996,0.6492433,0
1.0,0.5638805,0.6656815,0
1.0,0.5647155,0.67012846,0
1.0,0.55691826,0.66246545,0
1.0,0.5544977,0.66117686,0
1.0,0.56253856,0.66876125,0
1.0,0.5599155,0.6421114,0
1.0,0.5511728,0.63890874,0
1.0,0.50887686,0.6076008,0
1.0,0.56581706,0.5789552,0
1.0,0.5968847,0.5716639,0
1.0,0.5706246,0.5894314,0
1.0,0.59488,0.6209959,0
1.0,0.58860236,0.62084925,0
1.0,0.5641583,0.6139591,0
1.0,0.55702853,0.5760634,0
1.0,0.5359411,0.6002634,0
1.0,0.5641861,0.5348889,0
1.0,0.4534772,0.5449731,0
1.0,0.4699674,0.52332294,0
1.0,0.4457873,0.56755936,0
1.0,0.48208562,0.5553565,0
1.0,0.45156464,0.4495018,0
1.0,0.4700435,0.41282433,0
1.0,0.47323537,0.38589996,0
1.0,0.4844454,0.38981777,0
1.0,0.42595142,0.42434222,0
1.0,0.43435916,0.41909337,0
1.0,0.42443302,0.4251932,0
1.0,0.4564253,0.41555908,0
1.0,0.40676606,0.42861772,0
1.0,0.3883891,0.43284124,0
1.0,0.44796908,0.378144,0
1.0,0.4080838,0.38719347,0
1.0,0.3739348,0.39880723,0
1.0,0.38328522,0.377151,0
1.0,0.4018728,0.45028415,0
1.0,0.37750134,0.5128983,0
1.0,0.36146188,0.5212245,0
1.0,0.392155,0.50270194,0
1.0,0.41079983,0.52393067,0
1.0,0.36140615,0.54914725,0
1.0,0.35235047,0.5721111,0
1.0,0.33709192,0.61519253,0
1.0,0.35126016,0.56832457,0
1.0,0.31111503,0.627988,0
1.0,0.2980154,0.6639849,0
1.0,0.29644004,0.66849595,0
1.0,0.31205475,0.6612162,0
1.0,0.30080506,0.7703879,0
1.0,0.32151434,0.70770496,0
1.0,0.3154581,0.7159186,0
1.0,0.34608078,0.69976175,0
1.0,0.31771582,0.696084,0
1.0,0.31846526,0.70719314,0
1.0,0.29240453,0.75121367,0
1.0,0.29202113,0.7538821,0
1.0,0.28045928,0.8309796,0
1.0,0.29543102,0.80858076,0
1.0,0.28706178,0.84145844,0
1.0,0.29169273,0.84961164,0
1.0,0.2773451,1.0148022,0
1.0,0.27286687,1.050204,0
1.0,0.2445591,1.0865757,0
1.0,0.2481516,1.0866725,0
1.0,0.25358474,1.0817834,0
1.0,0.26325136,1.0791008,0
1.0,0.26437047,1.1190157,0
1.0,0.27325,1.0107569,0
1.0,0.2710352,0.9561455,0
1.0,0.28876704,0.9456425,0
1.0,0.2817516,1.0550025,0
1.0,0.2960708,0.9955614,0
1.0,0.29153606,1.0161189,0
1.0,0.31830218,0.9669212,0
1.0,0.315245,0.9841212,0
1.0,0.32947847,1.0643902,0
1.0,0.32197586,1.0525172,0
1.0,0.34378484,1.0106831,0
1.0,0.34593448,1.0064652,0
1.0,0.3592981,0.98103577,0
1.0,0.3447614,0.9967735,0
1.0,0.35396332,0.98748296,0
1.0,0.34659618,1.0246577,0
1.0,0.365703,0.9309645,0
1.0,0.34845072,0.9460844,0
1.0,0.36467096,0.93028575,0
1.0,0.3563283,0.975137,0
1.0,0.36942554,0.94726264,0
1.0,0.35621426,0.8960559,0
1.0,0.373151,0.8948797,0
1.0,0.3572174,0.8913672,0
1.0,0.37961888,0.88957405,0
1.0,0.36201835,0.82524705,0
1.0,0.37739977,0.8045644,0
1.0,0.3750846,0.8102331,0
1.0,0.38532293,0.8075857,0
1.0,0.38466796,0.8090881,0
1.0,0.3815252,0.7943398,0
1.0,0.3766583,0.78967756,0
1.0,0.3628636,0.819385,0
1.0,0.34897867,0.81684816,0
1.0,0.34476495,0.82819295,0
1.0,0.33334863,0.7413104,0
1.0,0.33733493,0.7380215,0
1.0,0.33095923,0.717919,0
1.0,0.3551318,0.7227085,0
1.0,0.35386407,0.6703508,0
1.0,0.3520152,0.57176423,0
1.0,0.3767931,0.5781849,0
1.0,0.3753399,0.6268663,0
1.0,0.38136062,0.7359426,0
1.0,0.34115186,0.93271357,0
1.0,0.34068024,0.83002424,0
1.0,0.3271967,0.8962262,0
1.0,0.3654175,0.98592174,0
1.0,0.37305754,1.0240021,0
1.0,0.3982775,1.0930619,0
1.0,0.39037412,1.0905565,0
1.0,0.41041517,1.0804223,0
1.0,0.43089378,1.0773746,0
1.0,0.44837144,1.0814525,0
1.0,0.44575647,1.0573148,0
1.0,0.4671481,1.0915294,0
1.0,0.50449073,1.0831393,0
1.0,0.5335504,1.0358713,0
1.0,0.5486126,1.0258914,0
1.0,0.56479967,1.0184332,0
1.0,0.56992733,1.0161464,0
1.0,0.60228014,1.0688956,0
1.0,0.6289833,1.1909399,0
1.0,0.63207173,1.1769377,0
1.0,0.6039903,1.168087,0
1.0,0.5608537,1.143378,0
1.0,0.573322,1.1123687,0
1.0,0.57461727,1.1089154,0
1.0,0.60221714,1.1701045,0
1.0,0.5665269,1.1671865,0
1.0,0.5692473,1.1625276,0
1.0,0.5505721,1.1977774,0
1.0,0.5693704,1.2304134,0
1.0,0.5585145,1.2154222,0
1.0,0.5819547,1.1547699,0
1.0,0.59139943,1.0710218,0
1.0,0.5966684,0.933559,0
1.0,0.555337,0.9619828,0
1.0,0.5917061,0.9905815,0
1.0,0.57501197,0.982569,0
1.0,0.5942945,0.9849252,0
1.0,0.5977128,1.0410057,0
1.0,0.6401038,1.0534917,0
1.0,0.62603843,1.0164356,0
1.0,0.63526297,1.0854077,0
1.0,0.60688776,1.0389433,0
1.0,0.6390796,1.0606899,0
1.0,0.63228047,0.99188125,0
1.0,0.65501446,0.9627254,0
1.0,0.6521129,0.961011,0
1.0,0.6726085,1.1373239,0
1.0,0.6437821,1.117547,0
1.0,0.63256305,1.2188993,0
1.0,0.6418692,1.3116264,0
1.0,0.68007904,1.309203,0
1.0,0.69759274,1.4868621,0
1.0,0.71187943,1.4869986,0
1.0,0.71440256,1.5087019,0
1.0,0.72794294,1.5183631,0
1.0,0.7211607,1.5134188,0
1.0,0.71722794,1.4477304,0
1.0,0.7013476,1.4414246,0
1.0,0.70566803,1.5244443,0
1.0,0.715553,1.5080599,0
1.0,0.7107865,1.500638,0
1.0,0.6931407,1.472037,0
1.0,0.71004903,1.4818861,0
1.0,0.73054355,1.492409,0
1.0,0.719191,1.4932572,0
1.0,0.7459453,1.4540344,0
1.0,0.75284827,1.3521224,0
1.0,0.7664953,1.2264688,0
1.0,0.72052276,1.1876619,0
1.0,0.6812843,1.0386548,0
1.0,0.64112383,1.0317187,0
1.0,0.6659308,1.0587547,0
1.0,0.61917245,1.010277,0
1.0,0.61651564,1.0550662,0
1.0,0.5687516,1.0686078,0
1.0,0.5976898,1.2580283,0
1.0,0.5708946,1.248198,0
1.0,0.530681,1.2275923,0
1.0,0.5528911,1.1046695,0
1.0,0.5820521,1.1343874,0
1.0,0.5568368,1.0123104,0
1.0,0.58154505,0.89818764,0
1.0,0.622607,0.9049684,0
1.0,0.6449577,0.8470024,0
1.0,0.63940054,0.8615567,0
1.0,0.62378347,0.84492344,0
1.0,0.5888874,0.8536905,0
1.0,0.59706724,0.88412714,0
1.0,0.5761782,0.8991461,0
1.0,0.5162583,0.8461814,0
1.0,0.5379846,0.7903557,0
1.0,0.5277588,0.8050673,0
1.0,0.5611094,0.8103351,0
1.0,0.55734503,0.80499434,0
1.0,0.60385346,0.8412707,0
1.0,0.6010468,0.83950603,0
1.0,0.62025785,0.82986295,0
1.0,0.6059253,0.90660477,0
1.0,0.6393731,1.0325636,0
1.0,0.62415993,1.0361996,0
1.0,0.6692628,1.0794771,0
1.0,0.6539873,1.0586452,0
1.0,0.70975107,1.1365539,0
1.0,0.6626951,1.1152985,0
1.0,0.6849293,1.1339726,0
1.0,0.63791126,1.0426292,0
1.0,0.66266274,1.0381262,0
1.0,0.5902912,0.86250365,0
1.0,0.61060745,0.8811431,0
1.0,0.5722821,0.8449272,0
1.0,0.6020147,0.862023,0
1.0,0.55826443,0.84215665,0
1.0,0.58991706,1.0186622,0
1.0,0.55900663,1.0206239,0
1.0,0.58162004,1.1942339,0
1.0,0.5787146,1.1120611,0
1.0,0.6147328,1.1589451,0
1.0,0.63273126,1.2362399,0
1.0,0.6477065,1.2673845,0
1.0,0.638974,1.2542447,0
1.0,0.6942441,1.3023078,0
1.0,0.6889343,1.3143077,0
1.0,0.7244379,1.527433,0
1.0,0.7081244,1.5779665,0
1.0,0.72295314,1.6216749,0
1.0,0.71655506,1.6169162,0
1.0,0.7033264,1.5820122,0
1.0,0.7003374,1.6840389,0
1.0,0.7102702,1.7823849,0
1.0,0.70511186,1.686732,0
1.0,0.71417195,1.5983962,0
1.0,0.72194624,1.5697488,0
1.0,0.72213703,1.662019,0
1.0,0.7258071,1.6788397,0
1.0,0.7239829,1.6522237,0
1.0,0.73911476,1.6209569,0
1.0,0.73193544,1.5863116,0
1.0,0.7316332,1.6002524,0
1.0,0.72608787,1.720753,0
1.0,0.7189028,1.6444523,0
1.0,0.71107745,1.6222556,0
1.0,0.70185184,1.6056476,0
1.0,0.6934025,1.6232884,0
1.0,0.6905403,1.5716174,0
1.0,0.684598,1.4033726,0
1.0,0.68539506,1.3572583,0
1.0,0.6833666,1.129461,0
1.0,0.680695,1.2549188,0
1.0,0.67362565,1.3187615,0
1.0,0.6488489,1.215419,0
1.0,0.65996695,1.2168092,0
1.0,0.66013753,1.1898212,0
1.0,0.65296215,1.2202396,0
1.0,0.6310123,1.2019653,0
1.0,0.64483666,1.0784986,0
1.0,0.6147091,0.9026047,0
1.0,0.6314081,0.8964795,0
1.0,0.5678436,0.88406897,0
1.0,0.58830637,1.0020806,0
1.0,0.5612947,0.88918346,0
1.0,0.60372007,0.85852826,0
1.0,0.5607855,0.8439123,0
1.0,0.5862497,0.89687324,0
1.0,0.58809716,0.89789677,0
1.0,0.62784535,0.8747811,0
1.0,0.6134658,0.8663429,0
1.0,0.6144984,0.87194943,0
1.0,0.6125331,0.86552924,0
1.0,0.62574065,0.87427676,0
1.0,0.5642776,0.79836655,0
1.0,0.56667364,0.6839043,0
1.0,0.56752837,0.67374605,0
1.0,0.6044521,0.7033784,0
1.0,0.60070235,0.77040267,0
1.0,0.56154656,0.7196393,0
1.0,0.58307415,0.7819248,0
1.0,0.57373804,0.7733151,0
1.0,0.534175,0.74881244,0
1.0,0.48482242,0.7198751,0
1.0,0.533342,0.6319289,0
1.0,0.51363677,0.5511813,0
1.0,0.51691735,0.61150926,0
1.0,0.4658028,0.63215965,0
1.0,0.51276827,0.6806775,0
1.0,0.5068317,0.66940325,0
1.0,0.5084762,0.6450386,0
1.0,0.49966732,0.66239065,0
1.0,0.5197725,0.76613665,0
1.0,0.5274494,0.7729161,0
1.0,0.5437332,0.7565956,0
1.0,0.5347949,0.7110931,0
1.0,0.56726587,0.7100791,0
1.0,0.55818117,0.78236085,0
1.0,0.5526745,0.7539681,0
1.0,0.5421711,0.7236507,0
1.0,0.5859302,0.7848964,0
1.0,0.593003,0.7703662,0
1.0,0.5914759,0.7569988,0
1.0,0.60043633,0.7953204,0
1.0,0.6222174,0.82067823,0
1.0,0.6241014,0.831424,0
1.0,0.61486536,0.8313048,0
1.0,0.6223061,0.83448565,0
1.0,0.6220624,0.8153777,0
1.0,0.6340996,0.8537577,0
1.0,0.61733603,0.86426055,0
1.0,0.6118202,0.8598795,0
1.0,0.62098354,0.8206795,0
1.0,0.64258933,0.86629725,0
1.0,0.643284,0.8815418,0
1.0,0.618936,0.8708323,0
1.0,0.63534874,0.88763905,0
1.0,0.6265446,0.9006421,0
1.0,0.5918282,0.8104384,0
1.0,0.5626977,0.7633875,0
1.0,0.5682958,0.7334003,0
1.0,0.56889,0.77102953,0
1.0,0.5727469,0.7856177,0
1.0,0.5492602,0.7647829,0
1.0,0.56302166,0.681862,0
1.0,0.5617776,0.6816342,0
1.0,0.5486471,0.69139713,0
1.0,0.5238023,0.6670176,0
1.0,0.54863507,0.7221117,0
1.0,0.5476911,0.6501943,0
1.0,0.55835414,0.6676153,0
1.0,0.54636115,0.6665355,0
1.0,0.5533759,0.6167557,0
1.0,0.5389874,0.6575898,0
1.0,0.5934171,0.68363357,0
1.0,0.619601,0.6556033,0
1.0,0.6119526,0.66942155,0
1.0,0.5821713,0.65112126,0
1.0,0.55065465,0.65164727,0
1.0,0.5234192,0.6481501,0
1.0,0.51141435,0.64796317,0
1.0,0.48359025,0.6376442,0
1.0,0.49480468,0.58478796,0
1.0,0.4753968,0.57654023,0
1.0,0.48794454,0.58960104,0
1.0,0.46670178,0.56829727,0
1.0,0.47043723,0.5467771,0
1.0,0.4498678,0.5449774,0
1.0,0.45326892,0.5676439,0
1.0,0.43956807,0.5446418,0
1.0,0.44959888,0.61298704,0
1.0,0.44654173,0.6019207,0
1.0,0.43915078,0.6024389,0
1.0,0.43694744,0.59670585,0
1.0,0.45387134,0.5788057,0
1.0,0.44993645,0.5930238,0
1.0,0.4288233,0.6247673,0
1.0,0.4250077,0.65036434,0
1.0,0.372343,0.62937635,0
1.0,0.36643037,0.720049,0
1.0,0.3727947,0.7161901,0
1.0,0.3788978,0.7793951,0
1.0,0.3852203,0.7772649,0
1.0,0.41184884,0.7755579,0
1.0,0.4198948,0.774516,0
1.0,0.43602273,0.74811757,0
1.0,0.43370375,0.7824805,0
1.0,0.46300593,0.7765378,0
1.0,0.4661011,0.76673675,0
1.0,0.48555565,0.82633996,0
1.0,0.47658905,0.82187915,0
1.0,0.477313,0.8202769,0
1.0,0.4616555,0.8447483,0
1.0,0.4703217,0.8240064,0
1.0,0.46699667,0.80070114,0
1.0,0.46715996,0.84841704,0
1.0,0.43401882,0.85281265,0
1.0,0.43844378,1.0146947,0
1.0,0.4372751,1.0911658,0
1.0,0.4479113,1.2358291,0
1.0,0.44611973,1.2101533,0
1.0,0.46637154,1.1926163,0
1.0,0.48042777,1.1180087,0
1.0,0.4988439,1.1341611,0
1.0,0.49460688,1.1402378,0
1.0,0.51120895,1.254378,0
1.0,0.5156977,1.2636447,0
1.0,0.52075315,1.2752533,0
1.0,0.5083453,1.2452152,0
1.0,0.5222564,1.2034638,0
1.0,0.52272874,1.2082115,0
1.0,0.5136922,1.2152798,0
1.0,0.49149957,1.1993414,0
1.0,0.49211118,1.1341771,0
1.0,0.517463,1.1582483,0
1.0,0.519659,1.2238082,0
1.0,0.52888876,1.2225546,0
1.0,0.5115594,1.2208532,0
1.0,0.52660006,1.1652957,0
1.0,0.51198107,1.1821399,0
1.0,0.5218788,1.1776952,0
1.0,0.4891523,1.2612615,0
1.0,0.49574527,1.2570808,0
1.0,0.4707061,1.3073053,0
1.0,0.4865612,1.3504157,0
1.0,0.44878653,1.3855538,0
1.0,0.46090847,1.375725,0
1.0,0.4202723,1.3623326,0
1.0,0.43817773,1.35885,0
1.0,0.41065398,1.236968,0
1.0,0.42895466,1.2550938,0
1.0,0.3892964,1.3330617,0
1.0,0.40597886,1.3192493,0
1.0,0.37488607,1.3478147,0
1.0,0.4160478,1.306972,0
1.0,0.380411,1.2937089,0
1.0,0.4368708,1.3953134,0
1.0,0.39826554,1.2904456,0
1.0,0.4329311,1.3325677,0
1.0,0.41012853,1.3387697,0
1.0,0.46221057,1.4079032,0
1.0,0.44458544,1.4923224,0
1.0,0.48655635,1.4418377,0
1.0,0.45701474,1.3671963,0
1.0,0.50994873,1.3405625,0
1.0,0.5046137,1.3516141,0
1.0,0.5373522,1.3306987,0
1.0,0.5067089,1.2868497,0
1.0,0.52791965,1.3009889,0
1.0,0.51713043,1.3011012,0
1.0,0.5310092,1.4026923,0
1.0,0.5242728,1.4645983,0
1.0,0.5326103,1.4467912,0
1.0,0.5184607,1.3811129,0
1.0,0.53395987,1.3934317,0
1.0,0.5301321,1.4743334,0
1.0,0.5378112,1.5994704,0
1.0,0.5141682,1.6328075,0
1.0,0.5287151,1.6823843,0
1.0,0.5393238,1.669953,0
1.0,0.5412338,1.6734502,0
1.0,0.541109,1.7252309,0
1.0,0.53733635,1.631809,0
1.0,0.53382653,1.4897673,0
1.0,0.53263193,1.4875238,0
1.0,0.5330689,1.4884787,0
1.0,0.52362216,1.4967322,0
1.0,0.5298454,1.4849555,0
1.0,0.49489436,1.3525947,0
1.0,0.49491867,1.3649609,0
1.0,0.501465,1.3563917,0
1.0,0.52421826,1.3245515,0
1.0,0.50291395,1.2646315,0
1.0,0.49095303,1.2217789,0
1.0,0.50150925,1.2269306,0
1.0,0.4864634,1.2742978,0
1.0,0.4572359,1.3865998,0
1.0,0.4551929,1.3746374,0
1.0,0.45652935,1.389847,0
1.0,0.48277807,1.3739238,0
1.0,0.45059663,1.4077289,0
1.0,0.46519092,1.4124806,0
1.0,0.4465992,1.3479459,0
1.0,0.4659814,1.2913448,0
1.0,0.44607025,1.3959296,0
1.0,0.47162032,1.3366355,0
1.0,0.46314734,1.3828368,0
1.0,0.50807256,1.2543818,0
1.0,0.4852418,1.228213,0
1.0,0.51732993,1.2024019,0
1.0,0.51923704,1.1866889,0
1.0,0.59742737,1.2126617,0
1.0,0.599663,1.2073966,0
1.0,0.6265648,1.1557262,0
1.0,0.5945303,1.1531873,0
1.0,0.6161583,1.2280979,0
1.0,0.5888983,1.2212017,0
1.0,0.61350423,1.3116305,0
1.0,0.5816024,1.4213103,0
1.0,0.6334686,1.4494421,0
1.0,0.614223,1.5308924,0
1.0,0.6474032,1.6502552,0
1.0,0.61495733,1.5762007,0
1.0,0.63355523,1.8700409,0
1.0,0.63384044,1.9081924,0
1.0,0.64947915,1.9237953,0
1.0,0.6319118,1.915292,0
1.0,0.6449008,1.8999484,0
1.0,0.61827165,1.8552713,0
1.0,0.63280827,1.8878933,0
1.0,0.63070494,1.8196862,0
1.0,0.6422099,1.8385905,0
1.0,0.6207772,1.8029674,0
1.0,0.6356456,1.8953856,0
1.0,0.60530394,2.1345606,0
1.0,0.60053545,2.1243343,0
1.0,0.57073784,2.0080109,0
1.0,0.5969874,2.117103,0
1.0,0.5665677,2.1019418,0
1.0,0.5969639,2.0962067,0
1.0,0.5982409,1.9199617,0
1.0,0.6496469,1.9455031,0
1.0,0.6269776,1.9427515,0
1.0,0.63603806,1.9475608,0
1.0,0.61796933,1.9226753,0
1.0,0.6369399,1.9327791,0
1.0,0.62043726,1.9188881,0
1.0,0.637381,1.8822179,0
1.0,0.61303383,1.9781679,0
1.0,0.63484824,1.9258988,0
1.0,0.62415946,1.829154,0
1.0,0.6463743,1.8218417,0
1.0,0.6323816,1.797698,0
1.0,0.644703,1.7771869,0
1.0,0.6071836,1.7853045,0
1.0,0.63156664,1.5241928,0
1.0,0.6187551,1.4529607,0
1.0,0.6212532,1.4305108,0
1.0,0.6218033,1.4484766,0
1.0,0.63588,1.4511209,0
1.0,0.6636172,1.4301543,0
1.0,0.6471514,1.3800293,0
1.0,0.6591771,1.3990324,0
1.0,0.6224065,1.3843591,0
1.0,0.60604304,1.3871937,0
1.0,0.56285226,1.2569873,0
1.0,0.6100429,1.0316898,0
1.0,0.595885,0.9979626,0
1.0,0.6379894,1.0623679,0
1.0,0.5787109,0.9508722,0
1.0,0.65777683,1.0038242,0
1.0,0.6286881,0.97292,0
1.0,0.6647789,1.0083172,0
1.0,0.5683703,0.95680994,0
1.0,0.61610353,1.0564507,0
1.0,0.5812688,0.9879958,0
1.0,0.60229516,1.0176557,0
1.0,0.5487566,0.97619486,0
1.0,0.58226377,1.0129504,0
1.0,0.5608112,0.9682894,0
1.0,0.596552,0.9366349,0
1.0,0.5708287,0.89162934,0
1.0,0.60594594,0.99293953,0
1.0,0.5723214,0.96162325,0
1.0,0.5807629,0.99955964,0
1.0,0.54278237,0.8730644,0
1.0,0.5884526,0.84680915,0
1.0,0.5999844,0.85855585,0
1.0,0.6383803,0.8740016,0
1.0,0.57939154,0.84159863,0
1.0,0.6094365,0.890418,0
1.0,0.5972306,0.9882269,0
1.0,0.6113482,0.99896055,0
1.0,0.580829,1.090847,0
1.0,0.5868221,1.0376873,0
1.0,0.59422433,1.0765815,0
1.0,0.6086592,1.0986285,0
1.0,0.6118943,1.1129098,0
1.0,0.6272287,1.1264882,0
1.0,0.63627756,1.132834,0
1.0,0.6502182,1.1447642,0
1.0,0.64868504,1.1048177,0
1.0,0.65395683,1.0995023,0
1.0,0.62607926,1.0816488,0
1.0,0.6241145,1.0896788,0
1.0,0.61199534,1.0830624,0
1.0,0.63147515,1.0071858,0
1.0,0.61188227,0.9877287,0
1.0,0.61261857,0.97710586,0
1.0,0.5959513,1.0132854,0
1.0,0.60432816,1.0293419,0
1.0,0.59020954,1.1041398,0
1.0,0.600165,1.0637833,0
1.0,0.5914962,1.058758,0
1.0,0.6035433,0.99914205,0
1.0,0.5603602,0.9811794,0
1.0,0.5835465,0.9274544,0
1.0,0.5693023,0.9175267,0
1.0,0.60733044,0.9444679,0
1.0,0.5463734,0.9136839,0
1.0,0.56423056,0.9374333,0
1.0,0.5373838,1.0350435,0
1.0,0.5698187,1.01783,0
1.0,0.5258135,0.8997347,0
1.0,0.54880154,0.9399183,0
1.0,0.5081352,0.8105378,0
1.0,0.55342716,0.8581219,0
1.0,0.5371274,0.80001736,0
1.0,0.57960814,0.85731125,0
1.0,0.5394187,0.8022808,0
1.0,0.5790559,0.85258925,0
1.0,0.57601684,0.89022416,0
1.0,0.61142313,0.89435667,0
1.0,0.56645817,0.8491435,0
1.0,0.59956336,0.8591394,0
1.0,0.5788878,0.8378907,0
1.0,0.6071183,0.9439604,0
1.0,0.5672816,0.9367036,0
1.0,0.5933567,0.99013495,0
1.0,0.59930587,1.0214224,0
1.0,0.6028788,1.0467706,0
1.0,0.5934949,0.96647286,0
1.0,0.580397,0.96487534,0
1.0,0.6242778,0.9308156,0
1.0,0.6137426,0.9342659,0
1.0,0.6049784,0.96567607,0
1.0,0.5837114,0.944532,0
1.0,0.59944165,0.98993665,0
1.0,0.58995736,0.9789761,0
1.0,0.57939535,0.96158284,0
1.0,0.5702801,0.95491326,0
1.0,0.5654371,0.9520895,0
1.0,0.5697038,0.9563408,0
1.0,0.5514737,0.8121809,0
1.0,0.5447641,0.83968323,0
1.0,0.53061366,0.81904495,0
1.0,0.5258355,0.8038813,0
1.0,0.5203116,0.8049797,0
1.0,0.5103408,0.77791595,0
1.0,0.50674,0.7573885,0
1.0,0.49749124,0.68582845,0
1.0,0.48460665,0.6608505,0
1.0,0.46287155,0.6473933,0
1.0,0.4630271,0.62773395,0
1.0,0.4530214,0.65391827,0
1.0,0.43063024,0.66745037,0
1.0,0.4050776,0.64760345,0
1.0,0.38499516,0.6556561,0
1.0,0.38903862,0.590937,0
1.0,0.37138638,0.535591,0
1.0,0.36067536,0.5281316,0
1.0,0.34572262,0.5302691,0
1.0,0.33786047,0.52147436,0
1.0,0.3243951,0.52407336,0
1.0,0.32248405,0.5439872,0
1.0,0.32347682,0.5092146,0
1.0,0.3155169,0.4904124,0
1.0,0.29777712,0.4600202,0
1.0,0.29895353,0.45437232,0
1.0,0.2999073,0.43331084,0
1.0,0.29977265,0.42140684,0
1.0,0.28952563,0.41127485,0
1.0,0.29040086,0.43048137,0
1.0,0.29824388,0.42847183,0
1.0,0.29874185,0.44288138,0
1.0,0.2946869,0.45638454,0
1.0,0.29913643,0.4075734,0
1.0,0.30237788,0.39856544,0
1.0,0.30472943,0.42378417,0
1.0,0.30283093,0.42521474,0
1.0,0.30292585,0.465356,0
1.0,0.31106943,0.4688753,0
1.0,0.298573,0.4794325,0
1.0,0.31114542,0.51509386,0
1.0,0.30640915,0.50441194,0
1.0,0.32415795,0.50863206,0
1.0,0.30246273,0.5686111,0
1.0,0.31118128,0.5502298,0
1.0,0.28725252,0.56740826,0
1.0,0.29856634,0.5874255,0
1.0,0.2755244,0.59849906,0
1.0,0.30303484,0.5884932,0
1.0,0.28868026,0.5577839,0
1.0,0.3114859,0.51364523,0
1.0,0.2825325,0.5373193,0
1.0,0.3092889,0.52764326,0
1.0,0.29366678,0.50846684,0
1.0,0.30758485,0.5012738,0
1.0,0.27931023,0.53531873,0
1.0,0.29346642,0.5296919,0
1.0,0.28001943,0.53936017,0
1.0,0.2827015,0.549879,0
1.0,0.26003614,0.5629288,0
1.0,0.26991692,0.54996145,0
1.0,0.26475537,0.53649384,0
1.0,0.26989353,0.55143106,0
1.0,0.24876265,0.5554761,0
1.0,0.24112618,0.62893033,0
1.0,0.23714031,0.82474136,0
1.0,0.23692639,0.8307115,0
1.0,0.22978854,0.8125646,0
1.0,0.23412643,0.82279444,0
1.0,0.23257737,0.79687655,0
1.0,0.2347739,0.8221561,0
1.0,0.22749446,0.87302923,0
1.0,0.23507863,0.8097763,0
1.0,0.23578219,0.83661354,0
1.0,0.2399575,0.80839527,0
1.0,0.23859578,0.7603266,0
1.0,0.25493392,0.745585,0
1.0,0.2471502,0.77218866,0
1.0,0.25826702,0.7283756,0
1.0,0.25080317,0.73410326,0
1.0,0.2746928,0.7033057,0
1.0,0.2617224,0.74324596,0
1.0,0.27750212,0.7056464,0
1.0,0.25309956,0.7410102,0
1.0,0.2704779,0.80470896,0
1.0,0.25421855,0.83458465,0
1.0,0.27178174,0.81508625,0
1.0,0.25079268,0.82128364,0
1.0,0.28969258,0.77123004,0
1.0,0.29380956,0.77450347,0
1.0,0.27630803,0.8803531,0
1.0,0.2734318,0.85515136,0
1.0,0.28423768,0.87773466,0
1.0,0.2925121,0.88657427,0
1.0,0.30913863,0.849891,0
1.0,0.31348625,0.8695452,0
1.0,0.32547542,0.8344221,0
1.0,0.32639766,0.6593818,0
1.0,0.34032166,0.65782315,0
1.0,0.35445347,0.65715957,0
1.0,0.36461708,0.65085536,0
1.0,0.37598318,0.6369536,0
1.0,0.36753792,0.621539,0
1.0,0.37055895,0.58138615,0
1.0,0.37326485,0.58752644,0
1.0,0.38523594,0.54574883,0
1.0,0.37831804,0.56403446,0
1.0,0.38629523,0.53599405,0
1.0,0.3883155,0.5378928,0
1.0,0.39734054,0.5271206,0
1.0,0.3757205,0.5435209,0
1.0,0.38785276,0.5358921,0
1.0,0.37414593,0.53749835,0
1.0,0.36484182,0.5210906,0
1.0,0.36976203,0.55115515,0
1.0,0.35947084,0.55748606,0
1.0,0.36955816,0.52005935,0
1.0,0.35051113,0.52081645,0
1.0,0.34631065,0.53811294,0
1.0,0.33977306,0.5516902,0
1.0,0.3658112,0.52659065,0
1.0,0.35009965,0.54849637,0
1.0,0.35062888,0.52171373,0
1.0,0.3268195,0.5245867,0
1.0,0.3539381,0.5197254,0
1.0,0.3563431,0.49965656,0
1.0,0.37802827,0.49557617,0
1.0,0.37436655,0.46781015,0
1.0,0.3875843,0.43322608,0
1.0,0.38276544,0.43173078,0
1.0,0.40960544,0.42106858,0
1.0,0.39789313,0.41107512,0
1.0,0.41953874,0.40430823,0
1.0,0.40880954,0.40025368,0
1.0,0.43213704,0.4046799,0
1.0,0.42949823,0.3997575,0
1.0,0.4606747,0.40326425,0
1.0,0.4648348,0.40344632,0
1.0,0.46770316,0.4620294,0
1.0,0.4456596,0.45482633,0
1.0,0.43674433,0.47043794,0
1.0,0.4251371,0.5163847,0
1.0,0.42724845,0.5190626,0
1.0,0.42011905,0.54641736,0
1.0,0.40872037,0.6093877,0
1.0,0.41915292,0.5998451,0
1.0,0.40795872,0.5763999,0
1.0,0.42642894,0.5678554,0
1.0,0.41068405,0.5226966,0
1.0,0.42469716,0.54276705,0
1.0,0.42733055,0.580364,0
1.0,0.4406738,0.5562619,0
1.0,0.44964656,0.5810312,0
1.0,0.47095895,0.5674509,0
1.0,0.46984068,0.5212351,0
1.0,0.48146394,0.53446984,0
1.0,0.4930108,0.50300515,0
1.0,0.50205594,0.5100977,0
1.0,0.49378413,0.50616896,0
1.0,0.48317772,0.50109196,0
1.0,0.48390013,0.4894122,0
1.0,0.50140697,0.4950549,0
1.0,0.59712917,0.5436076,0
1.0,0.59907997,0.54311144,0
1.0,0.63130397,0.58360344,0
1.0,0.6522154,0.60443294,0
1.0,0.7372901,0.66968083,0
1.0,0.69416374,0.6336441,0
1.0,0.7320979,0.6807974,0
1.0,0.7404414,0.7476648,0
1.0,0.80921835,0.8268342,0
1.0,0.7726962,0.7845283,0
1.0,0.8352258,0.84519786,0
1.0,0.81142116,0.79070735,0
1.0,0.86941427,0.9206321,0
1.0,0.8272217,0.9248278,0
1.0,0.8854085,0.96840304,0
1.0,0.8832275,0.9514014,0
1.0,0.9098837,0.9934387,0
1.0,0.88648087,0.96284235,0
1.0,0.8907411,0.966062,0
1.0,0.9027438,0.93383706,0
1.0,0.9246326,0.8844999,0
1.0,0.9081328,0.88680756,0
1.0,0.926237,0.92806935,0
1.0,0.92425114,0.99862564,0
1.0,0.9080298,1.0094571,0
1.0,0.88665175,0.9894816,0
1.0,0.91112447,1.0519185,0
1.0,0.91018975,1.1049584,0
1.0,0.89496154,1.1163821,0
1.0,0.88744485,1.0984201,0
1.0,0.9106211,1.1520422,0
1.0,0.91109544,1.2149203,0
1.0,0.8984985,1.3715414,0
1.0,0.91211337,1.6307168,0
1.0,0.92964983,1.6578698,0
1.0,0.9335062,1.6427281,0
1.0,0.9169601,1.5904913,0
1.0,0.9209279,1.5929855,0
1.0,0.92538583,1.7519764,0
1.0,0.9209448,1.7793006,0
1.0,0.9261434,1.7285119,0
1.0,0.9383644,1.760962,0
1.0,0.9422889,1.7773669,0
1.0,0.9278731,1.7528231,0
1.0,0.9075277,1.7494029,0
1.0,0.92804265,1.7426779,0
1.0,0.9198683,1.7790124,0
1.0,0.90721166,1.7515888,0
1.0,0.88543916,1.7191741,0
1.0,0.88679546,1.8046566,0
1.0,0.8650939,1.8060429,0
1.0,0.8340207,1.9547074,0
1.0,0.8152473,2.0003438,0
1.0,0.8492795,2.0756567,0
1.0,0.83029574,2.0396478,0
1.0,0.81258774,1.9419765,0
1.0,0.7829749,1.9474885,0
1.0,0.8037135,2.138182,0
1.0,0.79699147,2.097027,0
1.0,0.80295384,2.063366,0
1.0,0.8240255,2.1349583,0
1.0,0.84823436,2.2057123,0
1.0,0.82644534,2.1746678,0
1.0,0.8375383,2.2043378,0
1.0,0.85376966,2.116506,0
1.0,0.8657811,2.044473,0
1.0,0.8699005,2.1902187,0
1.0,0.87503755,2.2811587,0
1.0,0.88961077,2.3465343,0
1.0,0.90087014,2.4249997,0
1.0,0.9091153,2.3899574,0
1.0,0.90973717,2.4209456,0
1.0,0.9388501,2.5502136,0
1.0,0.95062244,2.5527077,0
1.0,0.95898205,2.5693216,0
1.0,0.9571581,2.611094,0
1.0,0.9633638,2.6738312,0
1.0,0.96351576,2.694958,0
1.0,0.96933794,2.6094189,0
1.0,0.9655024,2.6011152,0
1.0,0.9668561,2.6040304,0
1.0,0.9604431,2.6045866,0
1.0,0.956759,2.5906568,0
1.0,0.957876,2.365982,0
1.0,0.9566087,2.2471664,0
1.0,0.954257,2.240364,0
1.0,0.9488918,2.3921463,0
1.0,0.9477973,2.6131654,0
1.0,0.9429566,2.4915457,0
1.0,0.9431354,2.2978768,0
1.0,0.9422424,2.287467,0
1.0,0.9412037,2.4598536,0
1.0,0.93489033,2.5858955,0
1.0,0.9327955,2.5706272,0
1.0,0.92314893,2.4976935,0
1.0,0.9142061,2.4084272,0
1.0,0.875698,2.2906096,0
1.0,0.8925258,2.4360943,0
1.0,0.85052776,2.2716088,0
1.0,0.86967295,2.242032,0
1.0,0.8167466,2.099659,0
1.0,0.8176401,2.0915823,0
1.0,0.75954074,1.9460533,0
1.0,0.7797668,1.9311162,0
1.0,0.7704188,1.8235837,0
1.0,0.8065848,1.903578,0
1.0,0.7654574,1.8645618,0
1.0,0.75903904,2.1000724,0
1.0,0.7168709,1.9963856,0
1.0,0.7425203,1.9631636,0
1.0,0.7353336,1.9701518,0
1.0,0.7390577,2.0471935,0
1.0,0.7193645,2.092747,0
1.0,0.7218159,2.1861587,0
1.0,0.7325202,2.162421,0
1.0,0.7487921,2.2049713,0
1.0,0.7220952,2.2296853,0
1.0,0.71092737,2.4256647,0
1.0,0.7137932,2.2953517,0
1.0,0.7142639,2.1030512,0
1.0,0.7230158,2.1030498,0
1.0,0.69061095,2.0423474,0
1.0,0.70758164,2.3071012,0
1.0,0.70939356,2.361074,0
1.0,0.72210515,2.2401989,0
1.0,0.7025282,2.2288165,0
1.0,0.7027204,2.3057957,0
1.0,0.7070025,2.3677197,0
1.0,0.700507,2.3793163,0
1.0,0.6874003,2.185744,0
1.0,0.7022717,2.2033792,0
1.0,0.7019374,2.2191262,0
1.0,0.71059394,2.592292,0
1.0,0.70139885,2.6592875,0
1.0,0.715831,2.6329894,0
1.0,0.7345003,2.6050951,0
1.0,0.7272106,2.5941882,0
1.0,0.71802807,2.5772283,0
1.0,0.71010375,2.6283753,0
1.0,0.7235974,2.3681285,0
1.0,0.7182165,2.3271785,0
1.0,0.69487494,2.3508456,0
1.0,0.6994364,2.6508036,0
1.0,0.7018237,2.5889418,0
1.0,0.69488806,2.492127,0
1.0,0.6890829,2.3128939,0
1.0,0.6881639,2.3182411,0
1.0,0.69915277,2.3855495,0
1.0,0.70432675,2.5414102,0
1.0,0.71508425,2.3298573,0
1.0,0.715155,2.356102,0
1.0,0.72075963,2.4345179,0
1.0,0.7245987,2.5915008,0
1.0,0.7170195,2.681054,0
1.0,0.72680277,2.4958885,0
1.0,0.7325356,2.315654,0
1.0,0.7292672,2.295856,0
1.0,0.73182064,2.4094453,0
1.0,0.72228813,2.3866043,0
1.0,0.7486698,2.4013946,0
1.0,0.7241908,2.3248062,0
1.0,0.7302921,2.3713346,0
1.0,0.7165805,2.2905788,0
1.0,0.72191805,2.2978349,0
1.0,0.7062993,1.9375434,0
1.0,0.7285995,1.934252,0
1.0,0.70832443,1.8960911,0
1.0,0.7286312,2.1286812,0
1.0,0.7029199,2.140976,0
1.0,0.7198053,2.1655314,0
1.0,0.69529253,2.0328722,0
1.0,0.7142814,2.0625415,0
1.0,0.6845084,1.992845,0
1.0,0.70320344,2.1634014,0
1.0,0.6850733,1.858583,0
1.0,0.7085553,1.9305089,0
1.0,0.6725226,1.8836293,0
1.0,0.7036664,2.039206,0
1.0,0.67544955,2.021162,0
1.0,0.72314453,2.020213,0
1.0,0.68598086,1.7418444,0
1.0,0.71795404,1.7764347,0
1.0,0.6730967,1.7841216,0
1.0,0.70547837,2.104158,0
1.0,0.6681191,1.8895819,0
1.0,0.7058597,1.8579999,0
1.0,0.6776385,1.8343571,0
1.0,0.7138483,1.9108622,0
1.0,0.68221533,1.888039,0
1.0,0.7221117,1.8107824,0
1.0,0.7161559,1.816014,0
1.0,0.7306133,1.8106886,0
1.0,0.70599157,2.0313897,0
1.0,0.72433853,2.0316586,0
1.0,0.7047104,1.9960842,0
1.0,0.721246,2.0029964,0
1.0,0.70034677,1.9790559,0
1.0,0.7287799,1.9995008,0
1.0,0.70553935,2.0639162,0
1.0,0.7315409,1.9650989,0
1.0,0.71240145,1.9722804,0
1.0,0.72981495,2.0015123,0
1.0,0.7133493,2.5466275,0
1.0,0.7226203,2.6199741,0
1.0,0.71721506,2.5730858,0
1.0,0.73940635,2.4104176,0
1.0,0.74376357,2.365628,0
1.0,0.7417006,2.4632356,0
1.0,0.73967475,2.9257278,0
1.0,0.7539188,2.8377092,0
1.0,0.7461324,2.890682,0
1.0,0.7303095,2.8810792,0
1.0,0.727743,3.0976696,0
1.0,0.7192484,3.1786158,0
1.0,0.7072033,3.1176326,0
1.0,0.7007398,2.745192,0
1.0,0.69599116,2.7377486,0
1.0,0.70510936,2.9898758,0
1.0,0.7114299,3.109366,0
1.0,0.72700787,3.1382427,0
1.0,0.73890126,3.1608617,0
1.0,0.7417749,3.1821258,0
1.0,0.74905103,3.237002,0
1.0,0.73951924,3.5523293,0
1.0,0.73850584,3.3862739,0
1.0,0.71169305,3.271343,0
1.0,0.7227724,3.3177345,0
1.0,0.716946,3.5711415,0
1.0,0.72898394,3.9279985,0
1.0,0.7180654,3.8866422,0
1.0,0.75622916,3.8753052,0
1.0,0.74353474,3.8289275,0
1.0,0.7784615,3.8913972,0
1.0,0.7391305,3.8951342,0
1.0,0.79878455,3.561695,0
1.0,0.7974051,3.4929242,0
1.0,0.8212987,3.5810194,0
1.0,0.80100137,3.6526465,0
1.0,0.8382976,4.0088797,0
1.0,0.83820254,3.9055724,0
1.0,0.86165416,3.481977,0
1.0,0.85786265,3.4582171,0
1.0,0.86242867,3.5363188,0
1.0,0.8605483,3.658209,0
1.0,0.87137496,3.5115557,0
1.0,0.8681567,3.4375854,0
1.0,0.8888389,3.4045587,0
1.0,0.88652134,3.426175,0
1.0,0.90175766,3.8570602,0
1.0,0.89082503,3.8004608,0
1.0,0.91951394,3.699192,0
1.0,0.8988957,3.5893,0
1.0,0.9009759,3.6779013,0
1.0,0.88973796,3.8161578,0
1.0,0.89951134,3.9878435,0
1.0,0.88895404,3.614532,0
1.0,0.8868472,3.4954753,0
1.0,0.8731913,3.582759,0
1.0,0.8685558,3.7698996,0
1.0,0.82168955,3.5135798,0
1.0,0.8293465,3.1699853,0
1.0,0.82930917,3.1591053,0
1.0,0.8123271,3.1116729,0
1.0,0.761132,3.0449162,0
1.0,0.7811682,3.658475,0
1.0,0.7740617,3.686034,0
1.0,0.8050105,3.6888015,0
1.0,0.738728,3.5220723,0
1.0,0.74958885,3.7563112,0
1.0,0.7027979,3.725051,0
1.0,0.7342245,3.6661456,0
1.0,0.73581874,3.6320086,0
1.0,0.7772732,3.739491,0
1.0,0.75854856,3.7733676,0
1.0,0.76619154,3.871859,0
1.0,0.76278585,3.8276825,0
1.0,0.8109644,3.941121,0
1.0,0.8196801,3.9230976,0
1.0,0.82600415,3.9946995,0
1.0,0.82284784,4.1023264,0
1.0,0.8535815,3.8692787,0
1.0,0.8720721,3.6731749,0
1.0,0.88892996,3.7195482,0
1.0,0.886807,3.7484298,0
1.0,0.89624274,3.9387574,0
1.0,0.88465655,3.8075147,0
1.0,0.8932378,3.5632598,0
1.0,0.8837658,3.504274,0
1.0,0.8692568,3.5098076,0
1.0,0.8590826,3.4745445,0
1.0,0.8517514,3.349022,0
1.0,0.88931805,3.351127,0
1.0,0.9061732,3.3992963,0
1.0,0.9251078,3.4354959,0
1.0,0.93028283,3.523299,0
1.0,0.9340394,3.4840784,0
1.0,0.9472047,2.9611402,0
1.0,0.95590854,2.7915335,0
1.0,0.9544176,2.7862515,0
1.0,0.9466345,2.7846212,0
1.0,0.92313695,2.5134726,0
1.0,0.9235609,2.257362,0
1.0,0.9144193,2.1329968,0
1.0,0.87543625,2.0619035,0
1.0,0.8636926,2.0979257,0
1.0,0.8467551,2.018371,0
1.0,0.8327847,1.7786474,0
1.0,0.78356093,1.6180005,0
1.0,0.80283093,1.6555156,0
1.0,0.82203025,1.6907651,0
1.0,0.8301537,1.6666028,0
1.0,0.82828605,1.5786754,0
1.0,0.85433984,1.6333418,0
1.0,0.86540645,1.6524758,0
1.0,0.8753232,1.6916288,0
1.0,0.84043425,1.6187556,0
1.0,0.84465545,1.3843111,0
1.0,0.83076507,1.2948033,0
1.0,0.84950733,1.3609408,0
1.0,0.8198717,1.293993,0
1.0,0.8086325,1.2315309,0
1.0,0.79023826,1.0993108,0
1.0,0.8219572,1.0640867,0
1.0,0.8086945,0.99026954,0
1.0,0.8142809,0.98642635,0
1.0,0.75805837,0.8808243,0
1.0,0.7635254,0.84469163,0
1.0,0.7552631,0.8136493,0
1.0,0.78340685,0.8227632,0
1.0,0.7462104,0.77116394,0
1.0,0.7910362,0.81872296,0
1.0,0.78044933,0.7898599,0
1.0,0.7718135,0.75653565,0
1.0,0.7159788,0.68059564,0
1.0,0.7207632,0.6839154,0
1.0,0.67594767,0.60454893,0
1.0,0.66082567,0.54622734,0
1.0,0.5994632,0.45766476,0
1.0,0.5684775,0.4439574,0
1.0,0.5096992,0.36836898,0
1.0,0.49431455,0.35296237,0
1.0,0.4384177,0.3298905,0
1.0,0.43813455,0.34405208,0
1.0,0.43138534,0.31344116,0
1.0,0.40112913,0.28345838,0
1.0,0.37802216,0.31843638,0
1.0,0.36272925,0.31566936,0
1.0,0.36404827,0.33479118,0
1.0,0.35032663,0.33572727,0
1.0,0.35528678,0.32767487,0
1.0,0.36599255,0.32809588,0
1.0,0.37890425,0.3399136,0
1.0,0.37822893,0.32600832,0
1.0,0.37396237,0.33563304,0
1.0,0.3886604,0.35008124,0
1.0,0.4057676,0.35803783,0
1.0,0.40169916,0.36761096,0
1.0,0.38111356,0.3589193,0
1.0,0.35512337,0.3556955,0
1.0,0.3699169,0.36879006,0
1.0,0.37484026,0.34407252,0
1.0,0.36569682,0.4519059,0
1.0,0.3636217,0.44680792,0
1.0,0.3837776,0.46050525,0
1.0,0.39921808,0.4578188,0
1.0,0.3979509,0.45632195,0
1.0,0.3971171,0.50259507,0
1.0,0.4045766,0.52722466,0
1.0,0.40975246,0.5470263,0
1.0,0.40990126,0.58948845,0
1.0,0.41759738,0.57999444,0
1.0,0.42150086,0.58448195,0
1.0,0.44004178,0.57766426,0
1.0,0.42838374,0.57161534,0
1.0,0.45072806,0.5639421,0
1.0,0.44902012,0.60701275,0
1.0,0.45871523,0.64809215,0
1.0,0.4486042,0.689329,0
1.0,0.45256388,0.7176077,0
1.0,0.45862404,0.7501761,0
1.0,0.47619286,0.7444751,0
1.0,0.47854775,0.7516648,0
1.0,0.5058025,0.75343245,0
1.0,0.48658192,0.73323834,0
1.0,0.5097464,0.76431084,0
1.0,0.4988311,0.75420344,0
1.0,0.51244116,0.7273296,0
1.0,0.49442095,0.7214531,0
1.0,0.50105983,0.711908,0
1.0,0.46798527,0.70129156,0
1.0,0.49550977,0.7711747,0
1.0,0.47201684,0.75458497,0
1.0,0.4894443,0.7860668,0
1.0,0.46033892,0.7111365,0
1.0,0.4843231,0.78470993,0
1.0,0.48505113,0.79168105,0
1.0,0.49794468,0.7902045,0
1.0,0.50021404,0.79135656,0
1.0,0.51386476,0.7633929,0
1.0,0.4973019,0.7347298,0
1.0,0.5019542,0.7229559,0
1.0,0.49727172,0.6738701,0
1.0,0.51551324,0.7184894,0
1.0,0.4926342,0.71396494,0
1.0,0.4786023,0.73638874,0
1.0,0.4834911,0.78264964,0
1.0,0.49357134,0.8404697,0
1.0,0.4966384,0.7900404,0
1.0,0.4918087,0.8004804,0
1.0,0.5101166,0.76699305,0
1.0,0.5369383,0.88822603,0
1.0,0.5288011,0.831283,0
1.0,0.54329354,0.8448603,0
1.0,0.57688266,0.86767673,0
1.0,0.58219355,0.8780979,0
1.0,0.5800179,0.8975637,0
1.0,0.58351547,0.89605373,0
1.0,0.6063399,0.91692114,0
1.0,0.5848444,0.9002988,0
1.0,0.563629,0.8746561,0
1.0,0.55370075,0.896211,0
1.0,0.5607817,0.9434247,0
1.0,0.548162,0.87722343,0
1.0,0.5558151,0.8430998,0
1.0,0.55639094,0.8219086,0
1.0,0.56386393,0.81314766,0
1.0,0.5478325,0.7683281,0
1.0,0.5571755,0.78624165,0
1.0,0.58241475,0.81168926,0
1.0,0.597532,0.84102505,0
1.0,0.6093287,0.86328495,0
1.0,0.60390204,0.86216867,0
1.0,0.63417554,0.99915963,0
1.0,0.6192232,1.064704,0
1.0,0.6529396,1.0831251,0
1.0,0.5794035,0.9781203,0
1.0,0.57625204,1.0650212,0
1.0,0.5593449,1.1287813,0
1.0,0.5945167,1.1056212,0
1.0,0.5983375,1.1199491,0
1.0,0.6193118,1.1154003,0
1.0,0.58978355,1.1011512,0
1.0,0.64505315,1.0684305,0
1.0,0.65613717,1.0680345,0
1.0,0.6878513,1.117219,0
1.0,0.65246385,1.2068553,0
1.0,0.6993327,1.3361186,0
1.0,0.67355746,1.3141856,0
1.0,0.68616104,1.3698914,0
1.0,0.6852793,1.3675969,0
1.0,0.7224934,1.4267137,0
1.0,0.7303319,1.511383,0
1.0,0.71037346,1.5218973,0
1.0,0.71751624,1.5334814,0
1.0,0.72899634,1.526365,0
1.0,0.74377066,1.553448,0
1.0,0.71236897,1.5673575,0
1.0,0.72312534,1.637703,0
1.0,0.71827644,1.6184225,0
1.0,0.752618,1.6203744,0
1.0,0.738066,1.5886478,0
1.0,0.7451147,1.6167872,0
1.0,0.7243818,1.6269153,0
1.0,0.73507094,1.6784588,0
1.0,0.7264053,1.5477002,0
1.0,0.74735385,1.4732056,0
1.0,0.71912295,1.4226687,0
1.0,0.7193893,1.5004346,0
1.0,0.6791802,1.4163613,0
1.0,0.71166337,1.3177364,0
1.0,0.690683,1.2797148,0
1.0,0.69475055,1.3666756,0
1.0,0.6469317,1.3087466,0
1.0,0.6820227,1.3201869,0
1.0,0.64627266,1.2407409,0
1.0,0.6652698,1.2573934,0
1.0,0.6418469,1.2129507,0
1.0,0.64846206,1.1140448,0
1.0,0.62673634,1.078064,0
1.0,0.66452473,1.1153162,0
1.0,0.68638355,1.0835077,0
1.0,0.7034012,1.0933481,0
1.0,0.66335887,1.0841503,0
1.0,0.6593157,1.1331521,0
1.0,0.635464,1.0383081,0
1.0,0.6804757,1.0603286,0
1.0,0.6433129,1.022023,0
1.0,0.66127086,1.0833502,0
1.0,0.61268085,0.9741654,0
1.0,0.6551909,1.023025,0
1.0,0.6555327,1.0095159,0
1.0,0.6958296,1.0771284,0
1.0,0.68165153,1.0957139,0
1.0,0.70635515,1.1714664,0
1.0,0.6876629,1.094875,0
1.0,0.7561986,1.1924112,0
1.0,0.750758,1.1464012,0
1.0,0.7672903,1.1836559,0
1.0,0.75936955,1.2278559,0
1.0,0.81002873,1.3090863,0
1.0,0.8049554,1.1623204,0
1.0,0.82920706,1.2126635,0
1.0,0.8045507,1.2107766,0
1.0,0.8423076,1.2149465,0
1.0,0.8347762,1.1890578,0
1.0,0.86408275,1.2454664,0
1.0,0.8593024,1.2447819,0
1.0,0.89278936,1.3710275,0
1.0,0.89353174,1.3968647,0
1.0,0.89480585,1.3605416,0
1.0,0.90184784,1.3157842,0
1.0,0.91831374,1.431566,0
1.0,0.91722953,1.4675553,0
1.0,0.9220127,1.4751751,0
1.0,0.9131035,1.4101772,0
1.0,0.91392255,1.322955,0
1.0,0.8962887,1.2809796,0
1.0,0.90837824,1.3477515,0
1.0,0.89653105,1.3244785,0
1.0,0.8914016,1.2608021,0
1.0,0.87377554,1.202712,0
1.0,0.87874734,1.276577,0
1.0,0.85886556,1.2248955,0
1.0,0.8622511,1.2231922,0
1.0,0.8377493,1.1300454,0
1.0,0.8409564,1.0572438,0
1.0,0.8160445,1.0081115,0
1.0,0.81643164,1.1329224,0
1.0,0.7761293,1.0999705,0
1.0,0.7719844,1.083627,0
1.0,0.75351113,1.014254,0
1.0,0.7429881,1.0078634,0
1.0,0.71816546,0.9788215,0
1.0,0.73832124,1.0142202,0
1.0,0.73333776,0.9657157,0
1.0,0.73813784,0.9471985,0
1.0,0.7081785,0.95289826,0
1.0,0.7046457,1.0165429,0
1.0,0.6777442,0.94885755,0
1.0,0.6742975,0.9028999,0
1.0,0.6556662,0.8682665,0
1.0,0.6342878,0.8604769,0
1.0,0.62883365,0.8702036,0
1.0,0.6299152,0.8015959,0
1.0,0.63555104,0.79511976,0
1.0,0.6377769,0.79821354,0
1.0,0.61085486,0.84419405,0
1.0,0.5991912,0.85965663,0
1.0,0.5962545,0.84451723,0
1.0,0.59020835,0.8239168,0
1.0,0.5882477,0.8097671,0
1.0,0.5757353,0.8227217,0
1.0,0.5928858,0.91643333,0
1.0,0.60283345,0.8699606,0
1.0,0.60917264,0.8640907,0
1.0,0.59367526,0.84750897,0
1.0,0.5995775,0.89454556,0
1.0,0.5958651,0.9327928,0
1.0,0.57269174,0.90808904,0
1.0,0.5590176,0.7776277,0
1.0,0.58007383,0.77221346,0
1.0,0.564302,0.7541858,0
1.0,0.57682186,0.814335,0
1.0,0.56390226,0.7502289,0
1.0,0.5950815,0.81277406,0
1.0,0.5568729,0.77373946,0
1.0,0.54999155,0.82726085,0
1.0,0.5232375,0.84975207,0
1.0,0.5322546,0.812274,0
1.0,0.5138211,0.7315781,0
1.0,0.54262185,0.78943646,0
1.0,0.5187404,0.7960192,0
1.0,0.530112,0.9883684,0
1.0,0.51621056,0.9663753,0
1.0,0.5334651,0.9945504,0
1.0,0.5363914,0.9844275,0
1.0,0.5368914,0.9794244,0
1.0,0.5349001,1.0064001,0
1.0,0.5599542,1.0252609,0
1.0,0.5868383,0.9801396,0
1.0,0.58431065,0.9851035,0
1.0,0.57096535,1.0049582,0
1.0,0.57797754,1.0578027,0
1.0,0.58361036,1.03631,0
1.0,0.5817424,1.0049267,0
1.0,0.600325,0.994562,0
1.0,0.5814855,1.0292567,0
1.0,0.60247815,1.1228769,0
1.0,0.59500116,1.1248955,0
1.0,0.6071263,1.1101577,0
1.0,0.60042465,1.1113586,0
1.0,0.61342865,1.1730776,0
1.0,0.61371523,1.1985266,0
1.0,0.61743885,1.2492409,0
1.0,0.6084655,1.1930866,0
1.0,0.62325424,1.2408001,0
1.0,0.6105589,1.1924314,0
1.0,0.6257574,1.343868,0
1.0,0.605632,1.2850089,0
1.0,0.6389116,1.2610184,0
1.0,0.6287683,1.2357117,0
1.0,0.6408824,1.2439744,0
1.0,0.6162269,1.1994863,0
1.0,0.63375777,1.2662313,0
1.0,0.63298035,1.0794828,0
1.0,0.6449279,1.087894,0
1.0,0.60935026,1.0244774,0
1.0,0.6247129,1.077734,0
1.0,0.6059217,1.0687397,0
1.0,0.60795224,1.0679979,0
1.0,0.58406705,0.9561393,0
1.0,0.5907545,0.9613545,0
1.0,0.5698794,0.9806558,0
1.0,0.5846462,1.0256404,0
1.0,0.5672439,0.957412,0
1.0,0.60007507,0.98761725,0
1.0,0.57788044,0.92559403,0
1.0,0.5850045,0.9469413,0
1.0,0.55996746,0.9212095,0
1.0,0.59402746,0.9223951,0
1.0,0.5795933,0.85533607,0
1.0,0.57787526,0.8347266,0
1.0,0.5644985,0.8709686,0
1.0,0.54977125,0.8983698,0
1.0,0.5632974,0.885882,0
1.0,0.55963796,0.847239,0
1.0,0.5625009,0.8451481,0
1.0,0.54419976,0.82607466,0
1.0,0.558531,0.92189467,0
1.0,0.55499417,0.83534825,0
1.0,0.5768834,0.8398647,0
1.0,0.56685585,0.8268907,0
1.0,0.60326177,0.88710177,0
1.0,0.58738476,0.8807335,0
1.0,0.6275511,0.9330102,0
1.0,0.6491944,0.89201486,0
1.0,0.6982598,0.93991405,0
1.0,0.6862691,0.9235139,0
1.0,0.70187277,1.0234659,0
1.0,0.6595249,0.95234925,0
1.0,0.7142887,1.0152562,0
1.0,0.7290783,1.0026357,0
1.0,0.72875446,1.0030665,0
1.0,0.695365,0.96141833,0
1.0,0.7392084,1.0190454,0
1.0,0.7538646,0.97325253,0
1.0,0.739401,0.947536,0
1.0,0.71220076,0.91950375,0
1.0,0.71388155,0.9530841,0
1.0,0.7337115,0.98254997,0
1.0,0.7273854,0.9356955,0
1.0,0.7683802,0.9842458,0
1.0,0.78986245,1.0239398,0
1.0,0.8338963,1.1054834,0
1.0,0.8203813,1.0513146,0
1.0,0.8398905,1.0100957,0
1.0,0.8401367,1.0210744,0
1.0,0.860399,1.078901,0
1.0,0.84083354,1.0432019,0
1.0,0.81514734,0.9421661,0
1.0,0.79308957,0.8294075,0
1.0,0.81654763,0.8204744,0
1.0,0.8136841,0.81742525,0
1.0,0.83076435,0.84839475,0
1.0,0.82254094,0.8240837,0
1.0,0.8291933,0.849353,0
1.0,0.8352205,0.878541,0
1.0,0.8499949,0.9066901,0
1.0,0.85199046,0.9184014,0
1.0,0.84252495,0.9194062,0
1.0,0.85898924,0.9173585,0
1.0,0.8712588,0.93038905,0
1.0,0.88975674,0.990734,0
1.0,0.89144045,0.99031997,0
1.0,0.89875484,1.0029821,0
1.0,0.8967512,1.0454793,0
1.0,0.9131473,1.0699204,0
1.0,0.91039586,1.0539008,0
1.0,0.91229993,1.0573547,0
1.0,0.91427857,1.0500939,0
1.0,0.8997526,0.9940698,0
1.0,0.8958529,1.0046833,0
1.0,0.9011355,1.0782058,0
1.0,0.89564574,1.0293856,0
1.0,0.8826792,0.998042,0
1.0,0.8606535,1.0172288,0
1.0,0.8542899,1.0198579,0
1.0,0.8431694,1.0029762,0
1.0,0.8535862,1.0681069,0
1.0,0.84318864,1.0431104,0
1.0,0.85196316,1.051746,0
1.0,0.8526066,1.1064547,0
1.0,0.8342609,1.1386354,0
1.0,0.85192734,1.1766348,0
1.0,0.86719453,1.205393,0
1.0,0.85641193,1.2142906,0
1.0,0.8494768,1.2105844,0
1.0,0.8461217,1.1922419,0
1.0,0.8673925,1.2405665,0
1.0,0.8490683,1.1844971,0
1.0,0.84702384,1.169158,0
1.0,0.8177763,1.1053393,0
1.0,0.8691516,1.1514797,0
1.0,0.8430234,1.1077275,0
1.0,0.87212884,1.1768322,0
1.0,0.8402632,1.1120927,0
1.0,0.85854155,1.1458904,0
1.0,0.8245996,1.0608853,0
1.0,0.86224586,1.1018023,0
1.0,0.8473022,1.0829651,0
1.0,0.88258445,1.1631556,0
1.0,0.8710031,1.1530306,0
1.0,0.8968453,1.3159173,0
1.0,0.8961622,1.4693345,0
1.0,0.8949591,1.3611591,0
1.0,0.8782666,1.3248806,0
1.0,0.88188016,1.3682747,0
1.0,0.84052944,1.2611665,0
1.0,0.81401116,1.2422554,0
1.0,0.7797905,1.1464771,0
1.0,0.7938515,1.1259757,0
1.0,0.74834174,1.039069,0
1.0,0.7179598,0.991177,0
1.0,0.70210874,0.9955767,0
1.0,0.7206616,1.0542129,0
1.0,0.68958604,1.0311202,0
1.0,0.6646424,1.0512486,0
1.0,0.7032479,1.1498663,0
1.0,0.7022249,1.1577742,0
1.0,0.73983234,1.2102532,0
1.0,0.75214404,1.2288412,0
1.0,0.79425514,1.3559648,0
1.0,0.7645032,1.3431953,0
1.0,0.80045533,1.4459383,0
1.0,0.8018212,1.4776188,0
1.0,0.8515086,1.5565284,0
1.0,0.82464767,1.5185955,0
1.0,0.8365417,1.6285694,0
1.0,0.83503747,1.650419,0
1.0,0.8645882,1.7117407,0
1.0,0.8295161,1.6231043,0
1.0,0.84609866,1.6482289,0
1.0,0.8530324,1.6842159,0
1.0,0.8891809,1.8047049,0
1.0,0.8807378,1.7544115,0
1.0,0.9128506,1.6676029,0
1.0,0.93066835,1.7416707,0
1.0,0.9583685,1.9513798,0
1.0,0.94890213,1.9928582,0
1.0,0.9556574,2.0428276,0
1.0,0.95795065,2.0173786,0
1.0,0.9564744,2.0124881,0
1.0,0.9466176,1.997327,0
1.0,0.9457188,2.0201764,0
1.0,0.94526607,2.0713928,0
1.0,0.95071954,2.075656,0
1.0,0.95136625,1.9721589,0
1.0,0.95161736,1.9545766,0
1.0,0.9529711,1.9043348,0
1.0,0.9541224,1.8398044,0
1.0,0.9522742,1.8611487,0
1.0,0.9525254,1.8669317,0
1.0,0.9547728,1.8617244,0
1.0,0.9509688,1.8846064,0
1.0,0.9493535,1.859025,0
1.0,0.9475471,1.8115361,0
1.0,0.94993114,1.8157969,0
1.0,0.94574994,1.8146985,0
1.0,0.9398985,1.7822621,0
1.0,0.9363361,1.7836378,0
1.0,0.9330127,1.7953259,0
1.0,0.9323337,1.7654498,0
1.0,0.92924935,1.7538755,0
1.0,0.9348078,1.7868588,0
1.0,0.9274631,1.7777886,0
1.0,0.9372649,1.8274722,0
1.0,0.93321395,1.7494619,0
1.0,0.93892336,1.7149346,0
1.0,0.93158084,1.6736331,0
1.0,0.9314139,1.5730773,0
1.0,0.9191898,1.459765,0
1.0,0.92904186,1.4218404,0
1.0,0.9244517,1.3764448,0
1.0,0.92417234,1.3648161,0
1.0,0.915779,1.3335176,0
1.0,0.91780525,1.3743248,0
1.0,0.9006128,1.3385003,0
1.0,0.9050876,1.2565134,0
1.0,0.89459074,1.2017033,0
1.0,0.8975079,1.1836939,0
1.0,0.87962794,1.1462492,0
1.0,0.88136166,1.1591367,0
1.0,0.8741599,1.1144283,0
1.0,0.8657088,1.0724487,0
1.0,0.8497701,1.0231569,0
1.0,0.8438679,1.0294359,0
1.0,0.828393,0.9828909,0
1.0,0.8067679,0.9271584,0
1.0,0.7847398,0.8556139,0
1.0,0.7554126,0.78760004,0
1.0,0.7052659,0.6977203,0
1.0,0.6913473,0.6749637,0
1.0,0.6486291,0.6174906,0
1.0,0.6259669,0.58829767,0
1.0,0.6235659,0.5867801,0
1.0,0.57443017,0.5298431,0
1.0,0.58898324,0.5221156,0
1.0,0.54116756,0.43180108,0
1.0,0.5974141,0.46025732,0
1.0,0.5959982,0.46736088,0
1.0,0.6079522,0.4890951,0
1.0,0.5456397,0.44370195,0
1.0,0.56599844,0.458916,0
1.0,0.5637872,0.465798,0
1.0,0.579081,0.4506766,0
1.0,0.51813024,0.39586645,0
1.0,0.5472487,0.4233052,0
1.0,0.5589773,0.40282148,0
1.0,0.5774427,0.3806728,0
1.0,0.54316074,0.35103202,0
1.0,0.5690358,0.37202275,0
1.0,0.5886726,0.39326832,0
1.0,0.60646665,0.39676332,0
1.0,0.5691436,0.3546604,0
1.0,0.5843077,0.3504458,0
1.0,0.5819802,0.35029113,0
1.0,0.6451211,0.4141369,0
1.0,0.63724136,0.33300963,0
1.0,0.57489914,0.29240304,0
1.0,0.5789305,0.2941004,0
1.0,0.5285243,0.27349344,0
1.0,0.5322765,0.27604768,0
1.0,0.4450083,0.22263388,0
1.0,0.4490826,0.17811447,0
1.0,0.44044945,0.15754883,0
1.0,0.47597143,0.1719009,0
1.0,0.42549938,0.15216336,0
1.0,0.4429633,0.15690157,0
1.0,0.44423676,0.15699261,0
1.0,0.4986338,0.17203468,0
1.0,0.44592655,0.15625912,0
1.0,0.48066896,0.15666899,0
1.0,0.44310313,0.13617848,0
1.0,0.46152854,0.11533337,0
1.0,0.44723123,0.11452976,0
1.0,0.49995363,0.119090304,0
1.0,0.5041487,0.122896574,0
1.0,0.52144545,0.13166924,0
1.0,0.6082874,0.17951661,0
1.0,0.700735,0.23958889,0
1.0,0.6552343,0.20558184,0
1.0,0.69343096,0.23533429,0
1.0,0.7439941,0.28648946,0
1.0,0.76509774,0.30598783,0
1.0,0.7269666,0.26763028,0
1.0,0.75672203,0.29442376,0
1.0,0.7929939,0.3403687,0
1.0,0.80552775,0.36300015,0
1.0,0.7763471,0.35307354,0
1.0,0.77290696,0.33659935,0
1.0,0.8016035,0.36174285,0
1.0,0.80108815,0.3690527,0
1.0,0.7469713,0.30401695,0
1.0,0.75486743,0.3346822,0
1.0,0.7653033,0.35162377,0
1.0,0.7538956,0.32785368,0
1.0,0.7143303,0.2823695,0
1.0,0.7222472,0.29949823,0
1.0,0.70977837,0.34681666,0
1.0,0.6717769,0.30489677,0
1.0,0.6177287,0.26920202,0
1.0,0.6056225,0.25223416,0
1.0,0.5555421,0.24027732,0
1.0,0.46618763,0.21839342,0
1.0,0.48521644,0.23785414,0
1.0,0.4422995,0.21853498,0
1.0,0.43314698,0.21021006,0
1.0,0.41767034,0.21010277,0
1.0,0.4820428,0.24177504,0
1.0,0.4571287,0.25210857,0
1.0,0.4965529,0.26610664,0
1.0,0.44228327,0.24066763,0
1.0,0.50833315,0.28179634,0
1.0,0.43950072,0.2494306,0
1.0,0.46426037,0.27625853,0
1.0,0.45869792,0.27788597,0
1.0,0.5221527,0.31489515,0
1.0,0.5029789,0.30785102,0
1.0,0.49972358,0.3205648,0
1.0,0.48922563,0.32465482,0
1.0,0.5539752,0.35707015,0
1.0,0.55470055,0.36878753,0
1.0,0.53768677,0.36091104,0
1.0,0.5849728,0.41120976,0
1.0,0.5950287,0.4523052,0
1.0,0.63563657,0.5232005,0
1.0,0.62062055,0.5047451,0
1.0,0.69245976,0.58334845,0
1.0,0.69391227,0.581085,0
1.0,0.76544046,0.70157015,0
1.0,0.77541494,0.6904416,0
1.0,0.8188858,0.75632185,0
1.0,0.80491275,0.7390153,0
1.0,0.81509864,0.76787424,0
1.0,0.76604223,0.7342509,0
1.0,0.807496,0.79652655,0
1.0,0.80494857,0.7780905,0
1.0,0.8635277,0.874919,0
1.0,0.85563946,0.8727883,0
1.0,0.8628255,0.94022846,0
1.0,0.87222064,1.056136,0
1.0,0.89860123,1.1018946,0
1.0,0.90878177,1.1245682,0
1.0,0.916952,1.1640534,0
1.0,0.921501,1.1921918,0
1.0,0.9201396,1.2402549,0
1.0,0.9269484,1.2353265,0
1.0,0.9309002,1.2124968,0
1.0,0.93434435,1.2527546,0
1.0,0.9341603,1.3031408,0
1.0,0.9380034,1.3091106,0
1.0,0.9389783,1.2993534,0
1.0,0.9382397,1.2733529,0
1.0,0.9361753,1.2621222,0
1.0,0.93215847,1.2702787,0
1.0,0.92834723,1.2607284,0
1.0,0.9317663,1.2561095,0
1.0,0.93622774,1.2295212,0
1.0,0.94243646,1.2642293,0
1.0,0.93970305,1.3039787,0
1.0,0.93564326,1.3393848,0
1.0,0.9316572,1.367797,0
1.0,0.93459207,1.3482349,0
1.0,0.9313701,1.3244987,0
1.0,0.9289493,1.3503784,0
1.0,0.92665064,1.381931,0
1.0,0.9277423,1.3685097,0
1.0,0.93490845,1.3810577,0
1.0,0.9293497,1.3880012,0
1.0,0.9293069,1.3792758,0
1.0,0.9277053,1.3573734,0
1.0,0.9280557,1.3058462,0
1.0,0.93528306,1.2417755,0
1.0,0.9379185,1.2389646,0
1.0,0.9384129,1.2572595,0
1.0,0.9389282,1.2714558,0
1.0,0.9443362,1.3248093,0
1.0,0.9424695,1.3195565,0
1.0,0.94173723,1.2960408,0
1.0,0.950844,1.3425125,0
1.0,0.9506458,1.3901433,0
1.0,0.9457667,1.3542975,0
1.0,0.9393778,1.3327589,0
1.0,0.9535477,1.3448768,0
1.0,0.95657825,1.3596854,0
1.0,0.9583976,1.4018658,0
1.0,0.95078945,1.3696928,0
1.0,0.96199214,1.3883526,0
1.0,0.96093863,1.3579156,0
1.0,0.95860493,1.3262765,0
1.0,0.9513303,1.3179247,0
1.0,0.9540337,1.3597093,0
1.0,0.95501435,1.3828743,0
1.0,0.9556928,1.3372103,0
1.0,0.9510412,1.317466,0
1.0,0.95326865,1.370108,0
1.0,0.9539783,1.3968166,0
1.0,0.948399,1.3325458,0
1.0,0.952133,1.2712336,0
1.0,0.95355487,1.2715473,0
1.0,0.9501713,1.2777946,0
1.0,0.93994915,1.301754,0
1.0,0.94813603,1.3502455,0
1.0,0.9398609,1.3455299,0
1.0,0.9382691,1.3779263,0
1.0,0.9335473,1.3656645,0
1.0,0.9369096,1.3904285,0
1.0,0.92666435,1.3652062,0
1.0,0.9249739,1.270091,0
1.0,0.92040044,1.1998125,0
1.0,0.93527615,1.2649485,0
1.0,0.9310814,1.2858655,0
1.0,0.9367699,1.2666144,0
1.0,0.9325492,1.2310412,0
1.0,0.94562805,1.2242537,0
1.0,0.932477,1.2539868,0
1.0,0.93591344,1.3561532,0
1.0,0.92875016,1.319549,0
1.0,0.94730526,1.3747911,0
1.0,0.9396989,1.3340126,0
1.0,0.9409575,1.3271658,0
1.0,0.93775564,1.3815347,0
1.0,0.9386269,1.3414032,0
1.0,0.9320405,1.2509835,0
1.0,0.91862714,1.1943188,0
1.0,0.91771036,1.1989402,0
1.0,0.9101133,1.2432673,0
1.0,0.9066023,1.2248337,0
1.0,0.8898706,1.1433349,0
1.0,0.8900644,1.1548243,0
1.0,0.8983821,1.189749,0
1.0,0.8932226,1.2108827,0
1.0,0.89815617,1.2308723,0
1.0,0.8946629,1.1742266,0
1.0,0.9051505,1.2004179,0
1.0,0.8885085,1.2179961,0
1.0,0.88628936,1.2301713,0
1.0,0.885425,1.2372599,0
1.0,0.908029,1.2500106,0
1.0,0.90496564,1.2530906,0
1.0,0.9116653,1.2949711,0
1.0,0.90200496,1.2987504,0
1.0,0.9037848,1.3176258,0
1.0,0.89657754,1.2782853,0
1.0,0.89513135,1.2628239,0
1.0,0.8853406,1.2610598,0
1.0,0.8946546,1.3314016,0
1.0,0.87496966,1.2735174,0
1.0,0.8910505,1.21083,0
1.0,0.89301074,1.1805255,0
1.0,0.9155678,1.2187474,0
1.0,0.9003907,1.288425,0
1.0,0.92640764,1.3953758,0
1.0,0.9241125,1.3265314,0
1.0,0.92706615,1.3387547,0
1.0,0.9088762,1.3772991,0
1.0,0.9010319,1.3771319,0
1.0,0.9006204,1.3582242,0
1.0,0.91084576,1.362175,0
1.0,0.8995375,1.3235395,0
1.0,0.9098757,1.3742323,0
1.0,0.9017149,1.3805609,0
1.0,0.8888826,1.387663,0
1.0,0.87726885,1.3531446,0
1.0,0.8713685,1.2951564,0
1.0,0.8740794,1.3383684,0
1.0,0.85984206,1.3520383,0
1.0,0.859815,1.3140996,0
1.0,0.8710704,1.273476,0
1.0,0.89738435,1.2831423,0
1.0,0.8948324,1.317423,0
1.0,0.88467175,1.3277948,0
1.0,0.90067434,1.3498693,0
1.0,0.8944024,1.3259524,0
1.0,0.886783,1.2879332,0
1.0,0.87367356,1.2825867,0
1.0,0.8877465,1.3408464,0
1.0,0.8790928,1.3327838,0
1.0,0.8879151,1.3297187,0
1.0,0.8845639,1.2840644,0
1.0,0.9118077,1.3536228,0
1.0,0.9047104,1.3883884,0
1.0,0.90411764,1.4094889,0
1.0,0.9044436,1.3506418,0
1.0,0.9090471,1.3308344,0
1.0,0.91031045,1.3582616,0
1.0,0.9101053,1.3842654,0
1.0,0.9057196,1.3664501,0
1.0,0.91175884,1.3724678,0
1.0,0.9171015,1.37016,0
1.0,0.91536397,1.3545141,0
1.0,0.9071363,1.3225901,0
1.0,0.9148788,1.2957714,0
1.0,0.9192884,1.2811939,0
1.0,0.92330164,1.2854149,0
1.0,0.9209817,1.2843297,0
1.0,0.9269698,1.3643814,0
1.0,0.9317214,1.3398182,0
1.0,0.924823,1.2511029,0
1.0,0.91355836,1.2618399,0
1.0,0.91770655,1.330319,0
1.0,0.92581683,1.413961,0
1.0,0.93492645,1.430795,0
1.0,0.9273986,1.3463093,0
1.0,0.93627685,1.3626199,0
1.0,0.9417481,1.4233024,0
1.0,0.93461114,1.4349017,0
1.0,0.9314774,1.3811734,0
1.0,0.9331279,1.3188121,0
1.0,0.9364979,1.2833837,0
1.0,0.93226033,1.2773358,0
1.0,0.93106407,1.2850863,0
1.0,0.93763196,1.2866161,0
1.0,0.93741876,1.2640537,0
1.0,0.9406669,1.2613597,0
1.0,0.9433961,1.2826221,0
1.0,0.94445384,1.2945716,0
1.0,0.9408664,1.2839258,0
1.0,0.9400004,1.2759119,0
1.0,0.94458073,1.2212884,0
1.0,0.9342643,1.1656502,0
1.0,0.9306826,1.2287413,0
1.0,0.9434972,1.2756099,0
1.0,0.94900066,1.2703776,0
1.0,0.9470748,1.2735891,0
1.0,0.93728334,1.2838616,0
1.0,0.9263848,1.2723911,0
1.0,0.9382101,1.2800248,0
1.0,0.9282886,1.2050304,0
1.0,0.9205262,1.1884105,0
1.0,0.9193905,1.1974273,0
1.0,0.9250798,1.1770492,0
1.0,0.9131074,1.1202438,0
1.0,0.91021395,1.0590034,0
1.0,0.91894424,1.0268942,0
1.0,0.9273465,1.0491786,0
1.0,0.9173506,1.0413444,0
1.0,0.91499764,1.0362275,0
1.0,0.9089636,0.9888321,0
1.0,0.9034327,0.9669598,0
1.0,0.8755324,0.9480079,0
1.0,0.86521894,1.0011324,0
1.0,0.85160524,0.97589684,0
1.0,0.84726405,0.9727638,0
1.0,0.8407855,0.96538645,0
1.0,0.82405114,0.9278711,0
1.0,0.8167976,0.8965285,0
1.0,0.81459767,0.86477673,0
1.0,0.8031279,0.8195599,0
1.0,0.837658,0.8537804,0
1.0,0.829762,0.8210895,0
1.0,0.82740265,0.8199791,0
1.0,0.80644953,0.8043492,0
1.0,0.84997404,0.8445606,0
1.0,0.8363528,0.7663328,0
1.0,0.8196931,0.7424288,0
1.0,0.79899585,0.75659466,0
1.0,0.80702776,0.811513,0
1.0,0.8092095,0.77963865,0
1.0,0.8023398,0.7291139,0
1.0,0.8181999,0.75415635,0
1.0,0.83016723,0.772328,0
1.0,0.84073347,0.788061,0
1.0,0.84418917,0.7918352,0
1.0,0.8696759,0.80764824,0
1.0,0.88077503,0.8258655,0
1.0,0.8886526,0.8554448,0
1.0,0.87856996,0.85108614,0
1.0,0.8859878,0.8571262,0
1.0,0.88872427,0.80510306,0
1.0,0.8888874,0.79469997,0
1.0,0.87753206,0.7813283,0
1.0,0.8810781,0.7954953,0
1.0,0.85542333,0.74967784,0
1.0,0.85530794,0.723566,0
1.0,0.8376412,0.6777644,0
1.0,0.8318935,0.68230796,0
1.0,0.78830594,0.62849677,0
1.0,0.7966178,0.6634866,0
1.0,0.80529165,0.67494,0
1.0,0.82536304,0.6945219,0
1.0,0.79274285,0.6556428,0
1.0,0.779464,0.6548786,0
1.0,0.77368313,0.65768427,0
1.0,0.8043933,0.714097,0
1.0,0.7749447,0.6427318,0
1.0,0.7821732,0.65435266,0
1.0,0.7575773,0.6321235,0
1.0,0.75738215,0.5979433,0
1.0,0.7450449,0.51395774,0
1.0,0.7804261,0.546087,0
1.0,0.7732245,0.52894205,0
1.0,0.7852938,0.5405338,0
1.0,0.79125935,0.56826407,0
1.0,0.81957847,0.6009993,0
1.0,0.79659235,0.56877506,0
1.0,0.81494385,0.6135355,0
1.0,0.80911297,0.6048741,0
1.0,0.86275744,0.7158345,0
1.0,0.8345169,0.6829853,0
1.0,0.86408436,0.71983457,0
1.0,0.8560554,0.7199145,0
1.0,0.892353,0.78572583,0
1.0,0.8532603,0.7364129,0
1.0,0.8834354,0.83450073,0
1.0,0.86136836,0.7584479,0
1.0,0.8957981,0.8050175,0
1.0,0.8457922,0.7401211,0
1.0,0.8562941,0.75259763,0
1.0,0.8227256,0.68078214,0
1.0,0.8636255,0.74069464,0
1.0,0.813509,0.6593336,0
1.0,0.8433881,0.70606166,0
1.0,0.7958195,0.62996095,0
1.0,0.82433283,0.66276145,0
1.0,0.75931674,0.56720114,0
1.0,0.8239404,0.6316756,0
1.0,0.76710325,0.54562354,0
1.0,0.81415784,0.6344274,0
1.0,0.78043354,0.60243684,0
1.0,0.84468216,0.73107976,0
1.0,0.8115502,0.6976284,0
1.0,0.84141034,0.74090695,0
1.0,0.8262374,0.7459327,0
1.0,0.84749484,0.80080134,0
1.0,0.8066103,0.71953297,0
1.0,0.8511478,0.8016616,0
1.0,0.84471697,0.7732034,0
1.0,0.8627963,0.78791773,0
1.0,0.8324148,0.7613733,0
1.0,0.86961263,0.81292737,0
1.0,0.8577149,0.75794774,0
1.0,0.8763112,0.78389734,0
1.0,0.85194075,0.7414999,0
1.0,0.8764976,0.78056085,0
1.0,0.86604136,0.8033545,0
1.0,0.88925713,0.8034318,0
1.0,0.86833566,0.7415218,0
1.0,0.8860426,0.77642983,0
1.0,0.8800146,0.7680697,0
1.0,0.89183956,0.83695424,0
1.0,0.85937846,0.7944246,0
1.0,0.8917044,0.8147651,0
1.0,0.8581201,0.76886183,0
1.0,0.8737857,0.7990161,0
1.0,0.8392351,0.7544843,0
1.0,0.8623805,0.80639166,0
1.0,0.8418536,0.76383495,0
1.0,0.8655754,0.80108434,0
1.0,0.83659923,0.75051343,0
1.0,0.83358985,0.7335499,0
1.0,0.8023107,0.65453815,0
1.0,0.82865936,0.6477456,0
1.0,0.8178852,0.62061113,0
1.0,0.82246757,0.6465182,0
1.0,0.81434226,0.6215712,0
1.0,0.8279211,0.6590414,0
1.0,0.8362252,0.69519496,0
1.0,0.83172405,0.6728765,0
1.0,0.84782714,0.6972288,0
1.0,0.8551571,0.72377944,0
1.0,0.856893,0.72775567,0
1.0,0.8691789,0.7421771,0
1.0,0.8569758,0.73156005,0
1.0,0.8734549,0.75984883,0
1.0,0.8721709,0.7517799,0
1.0,0.8560616,0.7687354,0
1.0,0.8548753,0.7563751,0
1.0,0.87308675,0.7602769,0
1.0,0.8739716,0.76182854,0
1.0,0.86975914,0.7488948,0
1.0,0.8414101,0.7045334,0
1.0,0.8619083,0.6891416,0
1.0,0.87331027,0.69525933,0
1.0,0.8827578,0.72938085,0
1.0,0.87422085,0.7097697,0
1.0,0.9092723,0.8050078,0
1.0,0.9078048,0.81775206,0
1.0,0.9055121,0.8056731,0
1.0,0.9082673,0.82873476,0
1.0,0.9233354,0.87889355,0
1.0,0.89750165,0.86295074,0
1.0,0.89056486,0.85197026,0
1.0,0.88041306,0.85263026,0
1.0,0.9013754,0.91064346,0
1.0,0.8822141,0.87241435,0
1.0,0.8648904,0.83356714,0
1.0,0.8685318,0.84468985,0
1.0,0.87682295,0.8332132,0
1.0,0.8642023,0.7790164,0
1.0,0.8445031,0.75126636,0
1.0,0.85786027,0.7807808,0
1.0,0.8620759,0.7757032,0
1.0,0.84673756,0.7528962,0
1.0,0.8346075,0.72556055,0
1.0,0.8424292,0.7349077,0
1.0,0.86197233,0.78133774,0
1.0,0.8355578,0.7400155,0
1.0,0.81909156,0.6838591,0
1.0,0.8113053,0.6646544,0
1.0,0.80229884,0.63732207,0
1.0,0.75584966,0.5907236,0
1.0,0.75237036,0.6210551,0
1.0,0.7460802,0.60006607,0
1.0,0.7693507,0.6308561,0
1.0,0.78088886,0.6564204,0
1.0,0.79920626,0.67582875,0
1.0,0.78383416,0.6487148,0
1.0,0.7919984,0.6283321,0
1.0,0.7970295,0.61040556,0
1.0,0.804089,0.6116425,0
1.0,0.79381573,0.58242095,0
1.0,0.80469674,0.5879368,0
1.0,0.81083816,0.5770395,0
1.0,0.8095593,0.5622546,0
1.0,0.797821,0.5337111,0
1.0,0.77756554,0.5051525,0
1.0,0.7892864,0.5345191,0
1.0,0.7700543,0.52208865,0
1.0,0.78089094,0.5329326,0
1.0,0.75204676,0.47644413,0
1.0,0.7789614,0.5411782,0
1.0,0.7500981,0.5379419,0
1.0,0.7794606,0.5760741,0
1.0,0.7615162,0.5635104,0
1.0,0.79551756,0.60766804,0
1.0,0.7691638,0.55769384,0
1.0,0.8017258,0.6109713,0
1.0,0.780519,0.5670045,0
1.0,0.81795245,0.61296576,0
1.0,0.7996969,0.5756849,0
1.0,0.8286394,0.59707415,0
1.0,0.81588346,0.58953446,0
1.0,0.84680194,0.6084891,0
1.0,0.82277644,0.5431913,0
1.0,0.820441,0.5619769,0
1.0,0.8177551,0.5808366,0
1.0,0.85644764,0.6637241,0
1.0,0.84406656,0.631068,0
1.0,0.84765434,0.61852574,0
1.0,0.8589813,0.65822935,0
1.0,0.875474,0.7181403,0
1.0,0.8646593,0.7198211,0
1.0,0.8643256,0.711967,0
1.0,0.8697837,0.709707,0
1.0,0.8825321,0.74748,0
1.0,0.8718783,0.74083155,0
1.0,0.8624294,0.7247323,0
1.0,0.87701386,0.7420882,0
1.0,0.8892118,0.7389293,0
1.0,0.8720905,0.7049923,0
1.0,0.8590539,0.71741796,0
1.0,0.8412213,0.68731916,0
1.0,0.84432495,0.65706223,0
1.0,0.8127151,0.5805947,0
1.0,0.7941879,0.55315006,0
1.0,0.775421,0.52198565,0
1.0,0.8085058,0.5975745,0
1.0,0.79939926,0.59768265,0
1.0,0.83455575,0.6474279,0
1.0,0.8365114,0.6993903,0
1.0,0.85789615,0.7799264,0
1.0,0.8554787,0.77921104,0
1.0,0.86976343,0.8044622,0
1.0,0.8608682,0.7816925,0
1.0,0.8775892,0.8166214,0
1.0,0.8718928,0.82090914,0
1.0,0.86962986,0.81460834,0
1.0,0.8681992,0.7836767,0
1.0,0.8789621,0.7602912,0
1.0,0.875903,0.75074995,0
1.0,0.8815062,0.769927,0
1.0,0.8685306,0.75452274,0
1.0,0.87514746,0.74243397,0
1.0,0.87423813,0.7328936,0
1.0,0.8849001,0.7723291,0
1.0,0.900033,0.8410213,0
1.0,0.9080184,0.8813656,0
1.0,0.91278696,0.86961037,0
1.0,0.9289774,0.89352,0
1.0,0.934174,0.92112464,0
1.0,0.9252243,0.94372326,0
1.0,0.92679524,0.9941376,0
1.0,0.9345134,0.98338425,0
1.0,0.93640643,0.9865031,0
1.0,0.91914964,0.9570943,0
1.0,0.9168046,0.9563689,0
1.0,0.91863436,0.9852992,0
1.0,0.92933893,1.0197318,0
1.0,0.90820587,0.9258495,0
1.0,0.9108435,0.89579463,0
1.0,0.90548974,0.9087232,0
1.0,0.9119275,0.90218735,0
1.0,0.8881167,0.8097474,0
1.0,0.90505284,0.8246312,0
1.0,0.9008281,0.8183204,0
1.0,0.91269064,0.9057095,0
1.0,0.89493185,0.92456913,0
1.0,0.9040651,0.9356164,0
1.0,0.8978203,0.9108382,0
1.0,0.8986402,0.9128666,0
1.0,0.8764451,0.9206958,0
1.0,0.8845641,0.9923786,0
1.0,0.8835681,0.9976871,0
1.0,0.89382875,0.9859208,0
1.0,0.88054633,0.9517097,0
1.0,0.8905737,0.9850263,0
1.0,0.87072045,0.992514,0
1.0,0.8964386,1.0146762,0
1.0,0.89261705,0.9454303,0
1.0,0.8987338,0.9750193,0
1.0,0.8826334,0.97978365,0
1.0,0.8727598,0.96589065,0
1.0,0.8761493,0.99062026,0
1.0,0.8859777,0.95156574,0
1.0,0.88338304,0.9254062,0
1.0,0.8964417,0.9823632,0
1.0,0.9009554,1.0337031,0
1.0,0.8914009,1.038274,0
1.0,0.90326583,1.0484314,0
1.0,0.90724945,1.0376756,0
1.0,0.9119516,1.0742927,0
1.0,0.9047027,1.0931947,0
1.0,0.9064527,1.0860913,0
1.0,0.9069225,1.0615138,0
1.0,0.91034216,1.0661929,0
1.0,0.9034921,1.0746033,0
1.0,0.8932226,1.0900118,0
1.0,0.8971967,1.0276045,0
1.0,0.89699966,0.96516085,0
1.0,0.8885878,0.9318439,0
1.0,0.8736105,0.89644575,0
1.0,0.86745775,0.89803034,0
1.0,0.86819977,0.92711484,0
1.0,0.8578253,0.8765861,0
1.0,0.8598586,0.8638329,0
1.0,0.88119954,0.95951605,0
1.0,0.88426954,0.993767,0
1.0,0.8788923,0.9717245,0
1.0,0.88199997,0.9493681,0
1.0,0.88582206,0.9235488,0
1.0,0.8918511,0.93773997,0
1.0,0.85850143,0.93642706,0
1.0,0.8501986,0.91577566,0
1.0,0.8502942,0.8889078,0
1.0,0.86093086,0.855739,0
1.0,0.80994433,0.7737851,0
1.0,0.82238126,0.813051,0
1.0,0.80333215,0.78332627,0
1.0,0.8052487,0.759629,0
1.0,0.74979067,0.6408811,0
1.0,0.7696395,0.66501576,0
1.0,0.75853515,0.6951246,0
1.0,0.7721123,0.7186918,0
1.0,0.7418774,0.66684294,0
1.0,0.7975105,0.77197146,0
1.0,0.80414283,0.8126378,0
1.0,0.83435047,0.90110886,0
1.0,0.8109479,0.8694366,0
1.0,0.84634304,0.88323325,0
1.0,0.82781446,0.8766372,0
1.0,0.83757037,0.9518626,0
1.0,0.80312663,0.92554575,0
1.0,0.8433282,1.0358937,0
1.0,0.83555716,1.0243841,0
1.0,0.8422727,0.98572445,0
1.0,0.83901334,0.96908534,0
1.0,0.85118115,1.0172589,0
1.0,0.85028523,1.0077001,0
1.0,0.83717906,0.9547893,0
1.0,0.858958,0.9757158,0
1.0,0.8716892,1.0048922,0
1.0,0.8825285,1.0765285,0
1.0,0.8738013,1.0869408,0
1.0,0.8949631,1.0741303,0
1.0,0.8887166,1.0535136,0
1.0,0.8994015,1.1286643,0
1.0,0.89226604,1.185144,0
1.0,0.8996835,1.2084954,0
1.0,0.894598,1.1849523,0
1.0,0.9009967,1.201328,0
1.0,0.8797546,1.1772977,0
1.0,0.89298433,1.2577156,0
1.0,0.8943116,1.2834313,0
1.0,0.8995213,1.2283053,0
1.0,0.8966592,1.2088246,0
1.0,0.90579987,1.2926664,0
1.0,0.8934468,1.26275,0
1.0,0.90448606,1.2532356,0
1.0,0.90209514,1.2114211,0
1.0,0.9157647,1.2270085,0
1.0,0.912716,1.2581441,0
1.0,0.9194183,1.2889993,0
1.0,0.9274297,1.3053893,0
1.0,0.92954713,1.2774038,0
1.0,0.93037313,1.2439291,0
1.0,0.9294331,1.2931436,0
1.0,0.9322909,1.3308604,0
1.0,0.9302296,1.3626968,0
1.0,0.942457,1.3840177,0
1.0,0.93748426,1.3393445,0
1.0,0.93735015,1.4036403,0
1.0,0.93195367,1.4377496,0
1.0,0.9357686,1.4292877,0
1.0,0.9336023,1.376636,0
1.0,0.9371913,1.3715167,0
1.0,0.92953223,1.4270926,0
1.0,0.93149954,1.4579937,0
1.0,0.93641,1.4280312,0
1.0,0.94128174,1.3678671,0
1.0,0.93823224,1.3562089,0
1.0,0.9394054,1.3814213,0
1.0,0.93478215,1.3816667,0
1.0,0.9400082,1.3873515,0
1.0,0.92963654,1.3195593,0
1.0,0.9338249,1.3221517,0
1.0,0.92798096,1.3558993,0
1.0,0.9268261,1.4021239,0
1.0,0.9230592,1.393412,0
1.0,0.93039316,1.3849049,0
1.0,0.9282513,1.4022887,0
1.0,0.9322125,1.5011312,0
1.0,0.92524064,1.5505123,0
1.0,0.93060493,1.581977,0
1.0,0.93557787,1.5745823,0
1.0,0.9368185,1.5337744,0
1.0,0.93450963,1.5415971,0
1.0,0.9397514,1.5619622,0
1.0,0.9409817,1.5154549,0
1.0,0.941594,1.4795818,0
1.0,0.9369156,1.4271345,0
1.0,0.9392552,1.4603837,0
1.0,0.9347484,1.4912342,0
1.0,0.9290601,1.4577087,0
1.0,0.9256086,1.432953,0
1.0,0.92955345,1.4146476,0
1.0,0.930006,1.4516833,0
1.0,0.92352617,1.5384521,0
1.0,0.92602175,1.5126115,0
1.0,0.93547463,1.5051867,0
1.0,0.9397022,1.54018,0
1.0,0.9382877,1.5608695,0
1.0,0.9365046,1.5649062,0
1.0,0.9388279,1.6089718,0
1.0,0.9389458,1.5860922,0
1.0,0.9330508,1.5612111,0
1.0,0.9296516,1.630851,0
1.0,0.92554164,1.6435175,0
1.0,0.9171085,1.6062235,0
1.0,0.9164986,1.5393533,0
1.0,0.91713244,1.4614754,0
1.0,0.9188607,1.5036759,0
1.0,0.9129862,1.5258396,0
1.0,0.91720855,1.4793819,0
1.0,0.9196717,1.4135013,0
1.0,0.9262054,1.3741354,0
1.0,0.92525244,1.3740404,0
1.0,0.9279462,1.4213277,0
1.0,0.9287069,1.4469302,0
1.0,0.9374883,1.4826673,0
1.0,0.9354733,1.476787,0
1.0,0.9364135,1.485497,0
1.0,0.93474454,1.51542,0
1.0,0.9272217,1.5221703,0
1.0,0.9241637,1.4876816,0
1.0,0.9235649,1.4479572,0
1.0,0.91901255,1.4325184,0
1.0,0.9181443,1.4602697,0
1.0,0.9131743,1.4398766,0
1.0,0.92642355,1.3821265,0
1.0,0.92308474,1.3206266,0
1.0,0.9246094,1.3254222,0
1.0,0.91866153,1.3598018,0
1.0,0.923614,1.3719542,0
1.0,0.9118299,1.3440392,0
1.0,0.913533,1.332416,0
1.0,0.9109051,1.3163203,0
1.0,0.91042256,1.3549203,0
1.0,0.8961406,1.3223512,0
1.0,0.8975234,1.2933495,0
1.0,0.895417,1.2772048,0
1.0,0.89603335,1.2883525,0
1.0,0.88601786,1.302591,0
1.0,0.879589,1.2778894,0
1.0,0.8771647,1.2573488,0
1.0,0.8858298,1.262476,0
1.0,0.87868094,1.2284622,0
1.0,0.8884369,1.2778718,0
1.0,0.8820589,1.2740054,0
1.0,0.8960001,1.2510707,0
1.0,0.89431936,1.2356372,0
1.0,0.90222013,1.2720526,0
1.0,0.9008947,1.2493716,0
1.0,0.89891076,1.235661,0
1.0,0.8917433,1.2295499,0
1.0,0.8971045,1.1918783,0
1.0,0.9001372,1.1896175,0
1.0,0.9025151,1.2434039,0
1.0,0.899199,1.2437693,0
1.0,0.89928967,1.217383,0
1.0,0.90263337,1.2243448,0
1.0,0.90054846,1.238236,0
1.0,0.89823496,1.268468,0
1.0,0.902113,1.3106154,0
1.0,0.9037854,1.2614429,0
1.0,0.9055492,1.2506824,0
1.0,0.9003972,1.2206519,0
1.0,0.902807,1.1873404,0
1.0,0.9025152,1.2096591,0
1.0,0.9085033,1.1776075,0
1.0,0.8971956,1.0948367,0
1.0,0.90135556,1.0832608,0
1.0,0.90285593,1.0683894,0
1.0,0.9021129,1.1432754,0
1.0,0.8679934,1.0841471,0
1.0,0.8725328,1.0508931,0
1.0,0.8755652,1.0504133,0
1.0,0.87844044,1.0939935,0
1.0,0.8559971,1.0797174,0
1.0,0.8726368,1.1241035,0
1.0,0.8709388,1.12253,0
1.0,0.88031965,1.1463968,0
1.0,0.85467094,1.093775,0
1.0,0.86866665,1.1388758,0
1.0,0.862279,1.1249086,0
1.0,0.88009363,1.1507382,0
1.0,0.8583019,1.1049254,0
1.0,0.86791533,1.1051738,0
1.0,0.85679376,1.0719893,0
1.0,0.86967736,1.1268911,0
1.0,0.82522476,1.016608,0
1.0,0.82454926,1.0082223,0
1.0,0.8086262,0.9872416,0
1.0,0.8128726,0.96955925,0
1.0,0.77878076,0.89087033,0
1.0,0.7775483,0.8648455,0
1.0,0.7765977,0.8397233,0
1.0,0.79420984,0.85636055,0
1.0,0.78141326,0.871498,0
1.0,0.78531164,0.94023204,0
1.0,0.78612274,0.9299077,0
1.0,0.8156289,0.9976394,0
1.0,0.81068635,1.0002918,0
1.0,0.8021783,0.996161,0
1.0,0.811066,1.0431417,0
1.0,0.82604057,1.0171185,0
1.0,0.816039,0.9643256,0
1.0,0.8052615,0.9497489,0
1.0,0.8086873,0.95402324,0
1.0,0.81227887,0.9358494,0
1.0,0.8036794,0.8955681,0
1.0,0.81365275,0.88479483,0
1.0,0.8271345,0.8858721,0
1.0,0.8321134,0.8921224,0
1.0,0.8459521,0.9246436,0
1.0,0.8499473,0.89607435,0
1.0,0.8512867,0.8944282,0
1.0,0.8602685,0.9337883,0
1.0,0.8721407,0.97719324,0
1.0,0.87560743,1.018073,0
1.0,0.8824139,1.0612338,0
1.0,0.89375544,1.0419983,0
1.0,0.9009472,1.0595094,0
1.0,0.909509,1.0928159,0
1.0,0.9082613,1.0797749,0
1.0,0.90696853,1.0710969,0
1.0,0.90876883,1.0667464,0
1.0,0.9043783,1.0381582,0
1.0,0.89904535,1.02795,0
1.0,0.89730984,1.0345716,0
1.0,0.8971865,0.9925004,0
1.0,0.8893059,0.905346,0
1.0,0.8823193,0.89385116,0
1.0,0.8839062,0.90891564,0
1.0,0.88735425,0.9170097,0
1.0,0.8790768,0.89768183,0
1.0,0.87077886,0.87481153,0
1.0,0.8820374,0.92174864,0
1.0,0.88334155,0.96366894,0
1.0,0.88237077,1.0041022,0
1.0,0.88320047,1.0043843,0
1.0,0.8932091,0.99676824,0
1.0,0.8993623,1.0302446,0
1.0,0.8963022,1.0707176,0
1.0,0.89066744,1.0624347,0
1.0,0.89568424,1.0969391,0
1.0,0.9002643,1.1026562,0
1.0,0.8841978,1.048461,0
1.0,0.8766681,1.0543199,0
1.0,0.87100786,1.0454005,0
1.0,0.8752813,1.0016025,0
1.0,0.86863875,0.9567027,0
1.0,0.8590578,0.9244039,0
1.0,0.85993093,0.9270779,0
1.0,0.8707053,0.94852775,0
1.0,0.8738144,0.9658707,0
1.0,0.8722026,0.98424596,0
1.0,0.86920404,0.98933506,0
1.0,0.87371504,1.0111288,0
1.0,0.8641354,1.0342686,0
1.0,0.8646593,1.0530264,0
1.0,0.8586176,1.0330921,0
1.0,0.86590964,1.0777519,0
1.0,0.8618711,1.1212283,0
1.0,0.86554396,1.1471393,0
1.0,0.86935174,1.1323092,0
1.0,0.878037,1.1116972,0
1.0,0.87938744,1.1128345,0
1.0,0.8767253,1.1458688,0
1.0,0.869793,1.1006491,0
1.0,0.88421756,1.0812007,0
1.0,0.87693,1.0251591,0
1.0,0.8792448,1.0187056,0
1.0,0.8743346,1.0415863,0
1.0,0.88508236,1.0549176,0
1.0,0.876716,1.0064812,0
1.0,0.88588554,1.0247829,0
1.0,0.8931915,1.0346426,0
1.0,0.8995931,1.1311394,0
1.0,0.8808386,1.1291616,0
1.0,0.8969794,1.1679039,0
1.0,0.898507,1.2160723,0
1.0,0.9016315,1.244055,0
1.0,0.8929385,1.2692804,0
1.0,0.90378606,1.3193161,0
1.0,0.9053408,1.2844782,0
1.0,0.9168585,1.2914989,0
1.0,0.9120714,1.2632524,0
1.0,0.9229526,1.2875029,0
1.0,0.9196609,1.2749116,0
1.0,0.9214155,1.2771406,0
1.0,0.9164668,1.2575239,0
1.0,0.9250682,1.2562773,0
1.0,0.9144429,1.2604876,0
1.0,0.9118288,1.2751102,0
1.0,0.9102179,1.2089037,0
1.0,0.92343944,1.2143339,0
1.0,0.91050893,1.2483776,0
1.0,0.9109596,1.2925869,0
1.0,0.91757476,1.3401027,0
1.0,0.9332345,1.3459167,0
1.0,0.91302025,1.2829463,0
1.0,0.91349113,1.3176385,0
1.0,0.92381036,1.4085097,0
1.0,0.9300218,1.4164131,0
1.0,0.9170598,1.3496326,0
1.0,0.9187847,1.3711696,0
1.0,0.9279021,1.4061351,0
1.0,0.9356201,1.416739,0
1.0,0.9294164,1.4043624,0
1.0,0.920866,1.2966223,0
1.0,0.92831326,1.2738554,0
1.0,0.9275316,1.2866471,0
1.0,0.91137946,1.2300669,0
1.0,0.9016567,1.1774215,0
1.0,0.9069141,1.1540513,0
1.0,0.9073357,1.1152556,0
1.0,0.89215523,1.0908692,0
1.0,0.8885824,1.1590666,0
1.0,0.89712673,1.2301426,0
1.0,0.9000282,1.202415,0
1.0,0.90116346,1.2254215,0
1.0,0.9008114,1.2706077,0
1.0,0.90225697,1.2878784,0
1.0,0.9007296,1.3225191,0
1.0,0.90819055,1.3434211,0
1.0,0.90091395,1.2962122,0
1.0,0.9035763,1.3162403,0
1.0,0.8980931,1.3337458,0
1.0,0.9040594,1.3285241,0
1.0,0.89225703,1.2602588,0
1.0,0.90761155,1.2476397,0
1.0,0.90379816,1.2122965,0
1.0,0.9080852,1.2307191,0
1.0,0.9033973,1.2583224,0
1.0,0.909873,1.2105427,0
1.0,0.900853,1.1716173,0
1.0,0.898613,1.2248496,0
1.0,0.89380705,1.2519729,0
1.0,0.90298426,1.283636,0
1.0,0.89994144,1.3068402,0
1.0,0.91224515,1.3380762,0
1.0,0.90146947,1.3122852,0
1.0,0.912516,1.3740718,0
1.0,0.9024293,1.3795893,0
1.0,0.9090957,1.358505,0
1.0,0.9024514,1.3351836,0
1.0,0.90908104,1.3615493,0
1.0,0.90048003,1.3677291,0
1.0,0.9032775,1.382474,0
1.0,0.90911216,1.3486314,0
1.0,0.91300386,1.2984076,0
1.0,0.9140176,1.2926702,0
1.0,0.90652734,1.2997906,0
1.0,0.9110077,1.3016353,0
1.0,0.901577,1.2515395,0
1.0,0.90563196,1.2465773,0
1.0,0.901044,1.2422782,0
1.0,0.9064529,1.2466242,0
1.0,0.9049733,1.2566046,0
1.0,0.9098271,1.2799387,0
1.0,0.9182099,1.2707825,0
1.0,0.9127776,1.2929246,0
1.0,0.90965664,1.3609831,0
1.0,0.9058061,1.3733029,0
1.0,0.9017632,1.3551989,0
1.0,0.9044931,1.3223846,0
1.0,0.8986057,1.3160081,0
1.0,0.9019883,1.3312777,0
1.0,0.8965075,1.2797856,0
1.0,0.89962304,1.2385092,0
1.0,0.88641995,1.1720972,0
1.0,0.89208764,1.1821538,0
1.0,0.88430387,1.2061337,0
1.0,0.87096155,1.1720014,0
1.0,0.86577344,1.137348,0
1.0,0.87453294,1.1292623,0
1.0,0.8815041,1.1323817,0
1.0,0.8785384,1.1405274,0
1.0,0.8848445,1.1599731,0
1.0,0.87821364,1.1402494,0
1.0,0.8821655,1.1859323,0
1.0,0.8754877,1.186878,0
1.0,0.875248,1.1892754,0
1.0,0.87010396,1.1779759,0
1.0,0.88188064,1.1650687,0
1.0,0.8888199,1.1232253,0
1.0,0.9027478,1.1325984,0
1.0,0.8976759,1.125015,0
1.0,0.9055101,1.1122522,0
1.0,0.9087111,1.1105318,0
1.0,0.90971625,1.1312124,0
1.0,0.89538896,1.062988,0
1.0,0.9006174,1.0397621,0
1.0,0.90683764,1.0479906,0
1.0,0.9123344,1.0618614,0
1.0,0.9006299,1.0416838,0
1.0,0.9096425,1.081956,0
1.0,0.9231177,1.1444867,0
1.0,0.9254723,1.1599475,0
1.0,0.9204873,1.1466563,0
1.0,0.92094016,1.1840574,0
1.0,0.9301512,1.2343938,0
1.0,0.9249736,1.2215955,0
1.0,0.9180396,1.233005,0
1.0,0.9157972,1.1962761,0
1.0,0.9256584,1.1931354,0
1.0,0.92496294,1.2014649,0
1.0,0.9184302,1.157032,0
1.0,0.9191895,1.1457765,0
1.0,0.9244837,1.1671007,0
1.0,0.91692924,1.1685162,0
1.0,0.9058217,1.1617389,0
1.0,0.91472226,1.137298,0
1.0,0.9138875,1.0968299,0
1.0,0.90038127,1.0857712,0
1.0,0.90133464,1.1038007,0
1.0,0.907097,1.1728039,0
1.0,0.91010994,1.2396195,0
1.0,0.9002825,1.2326989,0
1.0,0.915059,1.2698936,0
1.0,0.91812027,1.294207,0
1.0,0.9155765,1.3535848,0
1.0,0.9130237,1.3921216,0
1.0,0.91814166,1.3950272,0
1.0,0.92348623,1.4142158,0
1.0,0.917904,1.4062375,0
1.0,0.91877735,1.4169047,0
1.0,0.92290515,1.4299915,0
1.0,0.9388973,1.4459844,0
1.0,0.9331333,1.4142275,0
1.0,0.9343745,1.4089406,0
1.0,0.93205297,1.4591392,0
1.0,0.9387628,1.5644854,0
1.0,0.9189563,1.4748251,0
1.0,0.9255865,1.4917648,0
1.0,0.9207232,1.5171311,0
1.0,0.9222799,1.499527,0
1.0,0.91042376,1.5197973,0
1.0,0.92040044,1.622747,0
1.0,0.915374,1.6202942,0
1.0,0.92125165,1.6623151,0
1.0,0.90508956,1.6973436,0
1.0,0.9083613,1.7500287,0
1.0,0.89280707,1.6696935,0
1.0,0.9109731,1.7058997,0
1.0,0.90045655,1.7628791,0
1.0,0.9048507,1.784134,0
1.0,0.8920874,1.7741945,0
1.0,0.91166264,1.8603239,0
1.0,0.89417243,1.7522002,0
1.0,0.89551514,1.7493508,0
1.0,0.8620195,1.7345129,0
1.0,0.87403786,1.7701575,0
1.0,0.84347343,1.6528819,0
1.0,0.85917866,1.6762367,0
1.0,0.82803196,1.6094792,0
1.0,0.8552668,1.6905785,0
1.0,0.8484352,1.7786651,0
1.0,0.8480849,1.7831547,0
1.0,0.84216434,1.7421353,0
1.0,0.8703349,1.85887,0
1.0,0.8687805,1.9098198,0
1.0,0.87785506,1.9645988,0
1.0,0.8772775,1.9560547,0
1.0,0.9058844,1.9263062,0
1.0,0.9003996,1.9119244,0
1.0,0.90596735,1.9393827,0
1.0,0.8960575,1.8823451,0
1.0,0.9146519,1.9443147,0
1.0,0.8981435,1.8787775,0
1.0,0.9124071,1.8302048,0
1.0,0.90035474,1.7841862,0
1.0,0.9097214,1.8420852,0
1.0,0.9015619,1.8314261,0
1.0,0.91697747,1.7992072,0
1.0,0.9213098,1.80987,0
1.0,0.930875,1.8983271,0
1.0,0.92720765,1.9050775,0
1.0,0.93707895,1.9474643,0
1.0,0.94078434,1.9758617,0
1.0,0.9494082,1.9472219,0
1.0,0.9402102,1.9394567,0
1.0,0.94987357,2.0111194,0
1.0,0.9451646,2.031184,0
1.0,0.950246,2.0469418,0
1.0,0.94268245,2.0120995,0
1.0,0.948802,1.9997126,0
1.0,0.943753,1.9889193,0
1.0,0.94487107,2.0358648,0
1.0,0.938679,1.911479,0
1.0,0.94315314,1.8278066,0
1.0,0.9396716,1.8334152,0
1.0,0.9378696,1.8406698,0
1.0,0.9334684,1.8125124,0
1.0,0.94237506,1.8098772,0
1.0,0.9433843,1.7786607,0
1.0,0.9479723,1.8023872,0
1.0,0.9462663,1.8446703,0
1.0,0.95008314,1.9099144,0
1.0,0.95331377,1.9353869,0
1.0,0.9532444,1.9794033,0
1.0,0.9523846,2.0796313,0
1.0,0.9516457,2.130771,0
1.0,0.9503662,2.120514,0
1.0,0.9478626,2.0949361,0
1.0,0.9537585,2.0482912,0
1.0,0.9541194,2.025207,0
1.0,0.95871276,2.1307845,0
1.0,0.95481074,2.1736817,0
1.0,0.9593239,2.1025271,0
1.0,0.958334,2.0616002,0
1.0,0.9593307,2.016263,0
1.0,0.9526597,1.957567,0
1.0,0.9566154,1.9870694,0
1.0,0.95780635,1.967929,0
1.0,0.9585702,1.883363,0
1.0,0.9553292,1.864378,0
1.0,0.95696396,1.8735878,0
1.0,0.9509124,1.9269028,0
1.0,0.9445769,1.946766,0
1.0,0.940574,1.8782423,0
1.0,0.94471616,1.894913,0
1.0,0.9423846,1.9271435,0
1.0,0.9331853,1.9388058,0
1.0,0.9346028,1.9359851,0
1.0,0.9359607,1.8468249,0
1.0,0.9397305,1.840702,0
1.0,0.92953527,1.8436227,0
1.0,0.9315736,1.8180566,0
1.0,0.9315573,1.790737,0
1.0,0.9343609,1.7440089,0
1.0,0.9200239,1.6706531,0
1.0,0.92392844,1.6448022,0
1.0,0.91354245,1.53406,0
1.0,0.9146317,1.5473859,0
1.0,0.9012691,1.5362269,0
1.0,0.9109408,1.5385143,0
1.0,0.8954379,1.5075655,0
1.0,0.89987725,1.53861,0
1.0,0.87596494,1.4463739,0
1.0,0.8954937,1.4239261,0
1.0,0.883099,1.3865726,0
1.0,0.8944504,1.4382058,0
1.0,0.8845347,1.4544849,0
1.0,0.8967418,1.4733007,0
1.0,0.8869164,1.4154032,0
1.0,0.9018683,1.4315939,0
1.0,0.89261335,1.3810804,0
1.0,0.89599526,1.3752817,0
1.0,0.8904779,1.3672945,0
1.0,0.89246607,1.2684653,0
1.0,0.8849117,1.1875064,0
1.0,0.8812746,1.1782948,0
1.0,0.8692617,1.1375313,0
1.0,0.8651355,1.117492,0
1.0,0.86274594,1.0682883,0
1.0,0.85834455,1.0281178,0
1.0,0.86606675,1.0796343,0
1.0,0.8770135,1.1368597,0
1.0,0.8803348,1.1548066,0
1.0,0.8855528,1.1596653,0
1.0,0.90057796,1.1747985,0
1.0,0.90157044,1.1826551,0
1.0,0.89835924,1.1539431,0
1.0,0.89735544,1.1177192,0
1.0,0.9191787,1.1437087,0
1.0,0.9159276,1.0651549,0
1.0,0.91736394,1.0452746,0
1.0,0.91162515,1.0322819,0
1.0,0.922074,1.0155305,0
1.0,0.90603447,0.97353685,0
1.0,0.90345466,0.92560196,0
1.0,0.8932136,0.8643223,0
1.0,0.8968601,0.87423646,0
1.0,0.8859333,0.85455304,0
1.0,0.89167666,0.83815205,0
1.0,0.8850833,0.80790454,0
1.0,0.90437734,0.857707,0
1.0,0.89200294,0.8655524,0
1.0,0.89546835,0.8576895,0
1.0,0.89193135,0.8461751,0
1.0,0.90602165,0.8701808,0
1.0,0.88769007,0.8522849,0
1.0,0.8935405,0.8821049,0
1.0,0.88886017,0.8923764,0
1.0,0.8858553,0.8805022,0
1.0,0.87180346,0.8272235,0
1.0,0.8917817,0.8429167,0
1.0,0.8896523,0.82098454,0
1.0,0.89257705,0.8035879,0
1.0,0.87594396,0.7291191,0
1.0,0.8937913,0.69371617,0
1.0,0.8708938,0.647924,0
1.0,0.8499308,0.63657135,0
1.0,0.8270687,0.59630555,0
1.0,0.8644036,0.6462319,0
1.0,0.8641123,0.6547547,0
1.0,0.87089765,0.67287457,0
1.0,0.8742076,0.69055617,0
1.0,0.8974804,0.73358613,0
1.0,0.905763,0.76121175,0
1.0,0.89342,0.753962,0
1.0,0.88264036,0.72372997,0
1.0,0.89664394,0.7500471,0
1.0,0.9057707,0.78370285,0
1.0,0.88726836,0.73630404,0
1.0,0.8910718,0.6984993,0
1.0,0.9065944,0.69842404,0
1.0,0.91817355,0.7378255,0
1.0,0.9092218,0.7154335,0
1.0,0.90272975,0.67335135,0
1.0,0.89162976,0.64845467,0
1.0,0.889618,0.6368967,0
1.0,0.8712961,0.62293243,0
1.0,0.87497795,0.6194482,0
1.0,0.8660967,0.5848421,0
1.0,0.8810157,0.6072545,0
1.0,0.87236685,0.60812294,0
1.0,0.8881785,0.64020634,0
1.0,0.8818237,0.65504146,0
1.0,0.87443554,0.6461735,0
1.0,0.8559618,0.6141252,0
1.0,0.84948677,0.6152787,0
1.0,0.8404767,0.62250096,0
1.0,0.81809103,0.61184955,0
1.0,0.8058932,0.57595265,0
1.0,0.81412697,0.57883954,0
1.0,0.81474775,0.5857228,0
1.0,0.786271,0.5453586,0
1.0,0.7778006,0.5268035,0
1.0,0.7726826,0.5037596,0
1.0,0.76736045,0.50070435,0
1.0,0.71233696,0.44881624,0
1.0,0.7148055,0.4537482,0
1.0,0.70796674,0.44559962,0
1.0,0.7559899,0.5052393,0
1.0,0.72291034,0.47034675,0
1.0,0.73162776,0.49748182,0
1.0,0.7406678,0.5536255,0
1.0,0.78055924,0.6329607,0
1.0,0.74857086,0.5710517,0
1.0,0.7732966,0.62270176,0
1.0,0.7739465,0.63399976,0
1.0,0.7915802,0.6636375,0
1.0,0.7804281,0.68328434,0
1.0,0.789219,0.70692307,0
1.0,0.7998915,0.7101216,0
1.0,0.820174,0.7441509,0
1.0,0.82179564,0.7386791,0
1.0,0.8418142,0.7464001,0
1.0,0.86091125,0.77430624,0
1.0,0.8740094,0.85388994,0
1.0,0.856478,0.8439497,0
1.0,0.873306,0.8682547,0
1.0,0.8808379,0.9086386,0
1.0,0.8695642,0.8780095,0
1.0,0.86537254,0.8519795,0
1.0,0.8731583,0.91228795,0
1.0,0.8810745,0.94844705,0
1.0,0.8655669,0.9073691,0
1.0,0.86915684,0.91744745,0
1.0,0.87787026,0.9339786,0
1.0,0.88132554,0.9430537,0
1.0,0.85915333,0.9417081,0
1.0,0.87360364,1.0053055,0
1.0,0.8679927,0.9700122,0
1.0,0.87532985,0.97792464,0
1.0,0.8496698,0.91670465,0
1.0,0.8641915,0.914957,0
1.0,0.86930406,0.9031547,0
1.0,0.88184416,0.8934858,0
1.0,0.85082096,0.83181524,0
1.0,0.8632974,0.8449944,0
1.0,0.8470457,0.8148856,0
1.0,0.8324678,0.7726157,0
1.0,0.7897084,0.70794284,0
1.0,0.82263505,0.7185177,0
1.0,0.77689505,0.6355542,0
1.0,0.74677044,0.62265146,0
1.0,0.73219323,0.6658541,0
1.0,0.7709725,0.7051904,0
1.0,0.70455235,0.6177934,0
1.0,0.70203125,0.63877904,0
1.0,0.6694742,0.6097387,0
1.0,0.6952624,0.63728213,0
1.0,0.6275217,0.55955315,0
1.0,0.63921773,0.5447663,0
1.0,0.61449575,0.515642,0
1.0,0.62994456,0.53610396,0
1.0,0.5576312,0.45579654,0
1.0,0.59597963,0.46516374,0
1.0,0.5409061,0.42596295,0
1.0,0.5749272,0.44772267,0
1.0,0.4458017,0.37177032,0
1.0,0.4590675,0.3779673,0
1.0,0.4161112,0.35731667,0
1.0,0.46060276,0.33308113,0
1.0,0.40827328,0.30993742,0
1.0,0.47563305,0.35348165,0
1.0,0.4329202,0.3430168,0
1.0,0.49725828,0.38783634,0
1.0,0.47662303,0.38650706,0
1.0,0.5570878,0.45912594,0
1.0,0.47427768,0.43022925,0
1.0,0.53932047,0.48276997,0
1.0,0.5121859,0.4539361,0
1.0,0.5303393,0.4697457,0
1.0,0.46636152,0.40334195,0
1.0,0.53419966,0.5025587,0
1.0,0.47868663,0.46796012,0
1.0,0.5314843,0.50608486,0
1.0,0.46826977,0.4359784,0
1.0,0.52730906,0.4689047,0
1.0,0.46602517,0.42884752,0
1.0,0.46968564,0.47732317,0
1.0,0.43605372,0.4449866,0
1.0,0.48085478,0.45174748,0
1.0,0.48935914,0.4546064,0
1.0,0.51739466,0.48856226,0
1.0,0.5099067,0.509557,0
1.0,0.5385333,0.5250865,0
1.0,0.59472847,0.5443857,0
1.0,0.587887,0.5505367,0
1.0,0.5732019,0.5320196,0
1.0,0.56658167,0.5522344,0
1.0,0.5346725,0.51572126,0
1.0,0.48811388,0.49619293,0
1.0,0.48743194,0.467821,0
1.0,0.479296,0.4747937,0
1.0,0.48480213,0.49556118,0
1.0,0.48395506,0.488032,0
1.0,0.49126792,0.4774884,0
1.0,0.4873647,0.47177857,0
1.0,0.48668608,0.4640393,0
1.0,0.46157375,0.49627903,0
1.0,0.4690035,0.47224873,0
1.0,0.4852366,0.48118377,0
1.0,0.49137762,0.48780218,0
1.0,0.47235665,0.4744477,0
1.0,0.48556548,0.49851096,0
1.0,0.4907375,0.50983655,0
1.0,0.50726306,0.50712746,0
1.0,0.48160836,0.473325,0
1.0,0.47590792,0.4655472,0
1.0,0.4829221,0.5063213,0
1.0,0.44055575,0.47704494,0
1.0,0.45837143,0.43445826,0
1.0,0.4625274,0.40166855,0
1.0,0.4850363,0.4188271,0
1.0,0.48559448,0.42320198,0
1.0,0.52625954,0.4556717,0
1.0,0.54952073,0.44934586,0
1.0,0.6027712,0.4978794,0
1.0,0.5610296,0.5304887,0
1.0,0.5902193,0.60087717,0
1.0,0.5952248,0.60777974,0
1.0,0.6554301,0.65415126,0
1.0,0.5931366,0.5743411,0
1.0,0.66449726,0.6442652,0
1.0,0.62836045,0.71147925,0
1.0,0.64757395,0.7823183,0
1.0,0.5998671,0.69782954,0
1.0,0.65642035,0.75640225,0
1.0,0.6432431,0.75800586,0
1.0,0.68321425,0.8345203,0
1.0,0.64403677,0.8082485,0
1.0,0.7039165,0.8078164,0
1.0,0.70285016,0.79663813,0
1.0,0.7225531,0.8287932,0
1.0,0.68138903,0.7950279,0
1.0,0.6799783,0.7965112,0
1.0,0.7016339,0.8035921,0
1.0,0.7006701,0.7718159,0
1.0,0.6693365,0.72931385,0
1.0,0.6656422,0.7271617,0
1.0,0.67997265,0.80708265,0
1.0,0.63806516,0.70387787,0
1.0,0.6292874,0.6757552,0
1.0,0.6239806,0.7135787,0
1.0,0.62810105,0.73800373,0
1.0,0.5950675,0.7021637,0
1.0,0.6036127,0.72213244,0
1.0,0.59291434,0.68954897,0
1.0,0.619919,0.7228104,0
1.0,0.59294903,0.72315156,0
1.0,0.60149646,0.7471987,0
1.0,0.58628607,0.6742827,0
1.0,0.6447101,0.73931646,0
1.0,0.6119403,0.7011996,0
1.0,0.6186675,0.71014225,0
1.0,0.58339036,0.68145263,0
1.0,0.62439793,0.67538035,0
1.0,0.57194346,0.54810655,0
1.0,0.5756798,0.5519289,0
1.0,0.544954,0.5259424,0
1.0,0.5483292,0.5319146,0
1.0,0.52284133,0.48868984,0
1.0,0.5386631,0.4850934,0
1.0,0.52075803,0.49139166,0
1.0,0.5414452,0.5185751,0
1.0,0.5590722,0.56707126,0
1.0,0.5765162,0.5981357,0
1.0,0.5867766,0.6007352,0
1.0,0.63335645,0.6838859,0
1.0,0.6404069,0.69850457,0
1.0,0.65489674,0.71522474,0
1.0,0.6635229,0.736627,0
1.0,0.70771974,0.7254851,0
1.0,0.7248899,0.7444913,0
1.0,0.7422667,0.77026445,0
1.0,0.76455283,0.7755217,0
1.0,0.7952512,0.80824775,0
1.0,0.7991617,0.80181074,0
1.0,0.80840385,0.8186733,0
1.0,0.8078393,0.8301383,0
1.0,0.811016,0.84732896,0
1.0,0.85735804,0.9519831,0
1.0,0.85850644,0.9085899,0
1.0,0.8812334,0.967064,0
1.0,0.88078827,1.0433685,0
1.0,0.91116095,1.1549039,0
1.0,0.9165686,1.1622336,0
1.0,0.92845863,1.1824187,0
1.0,0.9235396,1.1588659,0
1.0,0.928394,1.1705053,0
1.0,0.9247297,1.1770957,0
1.0,0.92862064,1.1646657,0
1.0,0.9163347,1.1073849,0
1.0,0.92548287,1.1366659,0
1.0,0.92282254,1.130401,0
1.0,0.9193281,1.0806015,0
1.0,0.9025471,1.0391256,0
1.0,0.90951174,1.044633,0
1.0,0.8998903,1.0424538,0
1.0,0.896616,1.0661563,0
1.0,0.8871438,1.0322616,0
1.0,0.90671736,1.0476525,0
1.0,0.90492725,1.0372796,0
1.0,0.9154841,1.0700413,0
1.0,0.9093489,1.1164209,0
1.0,0.9155324,1.1325134,0
1.0,0.9219448,1.161941,0
1.0,0.91707283,1.1485866,0
1.0,0.9105283,1.1158147,0
1.0,0.9136931,1.1518953,0
1.0,0.9109965,1.1662164,0
1.0,0.8937484,1.1059387,0
1.0,0.87325007,1.0510082,0
1.0,0.8700664,1.0359383,0
1.0,0.85867333,0.96475184,0
1.0,0.83132327,0.9166652,0
1.0,0.8147381,0.8731766,0
1.0,0.7972873,0.77107596,0
1.0,0.79572845,0.76935375,0
1.0,0.78556377,0.7743726,0
1.0,0.7737704,0.7786734,0
1.0,0.7689216,0.7951683,0
1.0,0.7629252,0.78774554,0
1.0,0.7375986,0.7779149,0
1.0,0.6979987,0.7295681,0
1.0,0.70733273,0.76114357,0
1.0,0.6870693,0.7480545,0
1.0,0.683018,0.7409736,0
1.0,0.6848043,0.7612182,0
1.0,0.6616197,0.7697785,0
1.0,0.6499765,0.71146077,0
1.0,0.6705158,0.71790904,0
1.0,0.701039,0.79261225,0
1.0,0.6862471,0.75229216,0
1.0,0.6651256,0.7218666,0
1.0,0.7088429,0.86979467,0
1.0,0.6876155,0.7960036,0
1.0,0.6484617,0.73960304,0
1.0,0.6263739,0.71566767,0
1.0,0.6653441,0.8012393,0
1.0,0.6591796,0.8311564,0
1.0,0.65131795,0.8246877,0
1.0,0.6546787,0.8351805,0
1.0,0.7091043,0.9301003,0
1.0,0.7246687,0.96976346,0
1.0,0.71255237,1.0098885,0
1.0,0.7046762,1.0146735,0
1.0,0.7572968,1.1104566,0
1.0,0.74479914,1.1019013,0
1.0,0.7144219,1.0517387,0
1.0,0.68506294,1.0138011,0
1.0,0.7072591,1.1346376,0
1.0,0.6871084,1.0446031,0
1.0,0.6820673,1.0106202,0
1.0,0.6604444,1.0093509,0
1.0,0.66980505,1.0062572,0
1.0,0.6526994,0.9658027,0
1.0,0.6513908,0.9615162,0
1.0,0.65602964,0.9526025,0
1.0,0.64856434,0.95039153,0
1.0,0.6766634,1.0667679,0
1.0,0.67328984,1.0347617,0
1.0,0.69431615,1.0528224,0
1.0,0.7000119,1.0812197,0
1.0,0.7491242,1.1498826,0
1.0,0.7563907,1.1877136,0
1.0,0.7809473,1.3264873,0
1.0,0.7825224,1.2473142,0
1.0,0.806348,1.2760926,0
1.0,0.80657744,1.2793138,0
1.0,0.81959844,1.3250284,0
1.0,0.79987186,1.2602916,0
1.0,0.8417349,1.3086523,0
1.0,0.8373707,1.2697945,0
1.0,0.85992587,1.2622011,0
1.0,0.82867557,1.2254901,0
1.0,0.85543346,1.332698,0
1.0,0.84229594,1.2010429,0
1.0,0.8788321,1.2350303,0
1.0,0.85884607,1.1957841,0
1.0,0.88846356,1.2786537,0
1.0,0.87787443,1.3088605,0
1.0,0.90427446,1.3745856,0
1.0,0.90388346,1.2510889,0
1.0,0.9151587,1.2543046,0
1.0,0.9064013,1.3468702,0
1.0,0.9136183,1.4624414,0
1.0,0.90346146,1.4213881,0
1.0,0.90048784,1.4081979,0
1.0,0.8797428,1.3519982,0
1.0,0.8635197,1.323618,0
1.0,0.84831166,1.3536687,0
1.0,0.8422606,1.2858303,0
1.0,0.806192,1.1616945,0
1.0,0.797984,1.1469196,0
1.0,0.7715754,1.1184564,0
1.0,0.7561114,1.1320349,0
1.0,0.7311799,1.0842911,0
1.0,0.72186863,0.98952556,0
1.0,0.7308769,0.97701955,0
1.0,0.7132859,0.95774853,0
1.0,0.7064057,0.99527717,0
1.0,0.67281395,0.9729909,0
1.0,0.6942463,0.9761076,0
1.0,0.69672406,0.96686983,0
1.0,0.6778558,0.97142464,0
1.0,0.6431457,0.98933154,0
1.0,0.64487433,0.98637325,0
1.0,0.6753643,0.9770762,0
1.0,0.6807981,0.96166027,0
1.0,0.6538551,0.93616486,0
1.0,0.66224486,1.0275825,0
1.0,0.65576637,0.95463914,0
1.0,0.6507192,0.9114195,0
1.0,0.5937877,0.82112634,0
1.0,0.5909309,0.8189033,0
1.0,0.57767016,0.8237546,0
1.0,0.5799403,0.7764635,0
1.0,0.5542004,0.6317107,0
1.0,0.56695783,0.64767635,0
1.0,0.5898589,0.7032801,0
1.0,0.567232,0.71602,0
1.0,0.56308675,0.7060951,0
1.0,0.5699968,0.6650668,0
1.0,0.62793505,0.6940657,0
1.0,0.60394,0.66133535,0
1.0,0.5950839,0.6897367,0
1.0,0.56101865,0.6340815,0
1.0,0.58654714,0.61097133,0
1.0,0.60611534,0.6068386,0
1.0,0.58757335,0.61545116,0
1.0,0.5541827,0.61557007,0
1.0,0.57673866,0.6371548,0
1.0,0.5480884,0.57109964,0
1.0,0.54556197,0.5202005,0
1.0,0.5043992,0.48700905,0
1.0,0.5489242,0.58395076,0
1.0,0.51221406,0.5489676,0
1.0,0.5171757,0.49602455,0
1.0,0.47929424,0.46329767,0
1.0,0.5135831,0.49121064,0
1.0,0.49974716,0.5441908,0
1.0,0.5026112,0.58131343,0
1.0,0.48993853,0.49794033,0
1.0,0.5388889,0.53345144,0
1.0,0.5360813,0.52321005,0
1.0,0.5281785,0.589099,0
1.0,0.50178874,0.56561613,0
1.0,0.55218554,0.59487873,0
1.0,0.53568864,0.5699121,0
1.0,0.5253103,0.56315404,0
1.0,0.50298476,0.5466949,0
1.0,0.5111863,0.53517216,0
1.0,0.4844069,0.48219317,0
1.0,0.49993873,0.48959816,0
1.0,0.47684842,0.47058594,0
1.0,0.49811363,0.49780795,0
1.0,0.48282614,0.51157534,0
1.0,0.48820218,0.47658807,0
1.0,0.46716967,0.45733,0
1.0,0.46878606,0.46545961,0
1.0,0.46116415,0.48299876,0
1.0,0.47881988,0.49678648,0
1.0,0.46642792,0.46946394,0
1.0,0.5140469,0.5089624,0
1.0,0.5047295,0.50130135,0
1.0,0.51659197,0.5260869,0
1.0,0.4800393,0.49946946,0
1.0,0.5460486,0.525119,0
1.0,0.55198073,0.5085947,0
1.0,0.58980244,0.54971486,0
1.0,0.55211395,0.5219792,0
1.0,0.58045155,0.54778475,0
1.0,0.5950645,0.48995847,0
1.0,0.6673288,0.5251848,0
1.0,0.6498994,0.5158102,0
1.0,0.6637965,0.5514735,0
1.0,0.69431037,0.6162729,0
1.0,0.7209914,0.5756393,0
1.0,0.70969546,0.5478364,0
1.0,0.73182696,0.5917441,0
1.0,0.765903,0.6537514,0
1.0,0.78776604,0.7083169,0
1.0,0.8060258,0.7418432,0
1.0,0.8353316,0.78196836,0
1.0,0.86572045,0.85615087,0
1.0,0.8784156,0.9259752,0
1.0,0.87158597,0.9779308,0
1.0,0.87361294,0.9908067,0
1.0,0.89415383,0.9831525,0
1.0,0.9022333,1.0158173,0
1.0,0.8974592,1.0305922,0
1.0,0.8875583,1.0041494,0
1.0,0.90848714,1.0243216,0
1.0,0.9052454,0.9794913,0
1.0,0.9033927,0.96631986,0
1.0,0.89205486,0.996572,0
1.0,0.90488714,1.0247073,0
1.0,0.8784786,0.9564942,0
1.0,0.87149733,0.9774308,0
1.0,0.8766216,0.98007417,0
1.0,0.8852981,1.127218,0
1.0,0.8648681,1.1441157,0
1.0,0.8786534,1.1380831,0
1.0,0.8765216,1.1704056,0
1.0,0.88968587,1.2560921,0
1.0,0.8626412,1.2805574,0
1.0,0.8885306,1.4089168,0
1.0,0.8769174,1.36202,0
1.0,0.89930886,1.3943388,0
1.0,0.8748155,1.362424,0
1.0,0.89884454,1.4369637,0
1.0,0.88417166,1.4194574,0
1.0,0.9091862,1.4632866,0
1.0,0.88381994,1.395411,0
1.0,0.90586793,1.4545124,0
1.0,0.8863114,1.4600165,0
1.0,0.8926526,1.4891824,0
1.0,0.8739556,1.4051263,0
1.0,0.90195036,1.4263661,0
1.0,0.8920272,1.4624252,0
1.0,0.9089019,1.5369489,0
1.0,0.90791684,1.5419759,0
1.0,0.9316419,1.595978,0
1.0,0.9229545,1.5690577,0
1.0,0.9302488,1.6479844,0
1.0,0.92465115,1.7474732,0
1.0,0.94349116,1.8065536,0
1.0,0.9393042,1.7569687,0
1.0,0.9467145,1.7905202,0
1.0,0.94735223,1.8286251,0
1.0,0.94764215,1.8635736,0
1.0,0.94867605,1.8697467,0
1.0,0.94994,1.7216427,0
1.0,0.94958496,1.6540005,0
1.0,0.94858915,1.7176857,0
1.0,0.94748205,1.742587,0
1.0,0.94637007,1.728445,0
1.0,0.9504635,1.6591444,0
1.0,0.9557592,1.5974365,0
1.0,0.95764303,1.6896392,0
1.0,0.95821404,1.7320402,0
1.0,0.96181446,1.7023469,0
1.0,0.96514344,1.7104968,0
1.0,0.9648494,1.7277768,0
1.0,0.96237034,1.7292099,0
1.0,0.9640683,1.7835823,0
1.0,0.9653594,1.8343267,0
1.0,0.9661332,1.7765739,0
1.0,0.96424305,1.728409,0
1.0,0.9660016,1.7521436,0
1.0,0.96457714,1.8020799,0
1.0,0.9671805,1.7690955,0
1.0,0.9649114,1.7163225,0
1.0,0.9650685,1.6818835,0
1.0,0.96376073,1.690388,0
1.0,0.95736915,1.7764145,0
1.0,0.95623195,1.7891593,0
1.0,0.95760345,1.6691074,0
1.0,0.9598636,1.6410488,0
1.0,0.95765316,1.6484036,0
1.0,0.95178616,1.6414903,0
1.0,0.9454069,1.6031488,0
1.0,0.95349634,1.5362453,0
1.0,0.95142096,1.4951658,0
1.0,0.94814235,1.5668068,0
1.0,0.9457095,1.6957102,0
1.0,0.95093656,1.7348807,0
1.0,0.9476026,1.6481404,0
1.0,0.9483265,1.5881008,0
1.0,0.9345304,1.5980438,0
1.0,0.9230659,1.6251924,0
1.0,0.919721,1.578022,0
1.0,0.9196217,1.5243688,0
1.0,0.88628036,1.4475285,0
1.0,0.876953,1.4162822,0
1.0,0.84351903,1.4425182,0
1.0,0.8345817,1.4478881,0
1.0,0.82067406,1.3660145,0
1.0,0.82334995,1.3101977,0
1.0,0.8227937,1.3012763,0
1.0,0.8180603,1.3243678,0
1.0,0.77531207,1.2693896,0
1.0,0.7842513,1.2246126,0
1.0,0.78100663,1.1814121,0
1.0,0.7883205,1.1981819,0
1.0,0.75593156,1.17889,0
1.0,0.740836,1.1972339,0
1.0,0.7225283,1.0940014,0
1.0,0.7655389,1.082331,0
1.0,0.76198566,1.0882517,0
1.0,0.7491159,1.0931537,0
1.0,0.7590095,1.1090176,0
1.0,0.79868585,1.1535232,0
1.0,0.813425,1.1476822,0
1.0,0.81162685,1.1584972,0
1.0,0.8022316,1.1711478,0
1.0,0.8261714,1.1645514,0
1.0,0.8377759,1.0690255,0
1.0,0.83795506,0.990788,0
1.0,0.8442723,1.0325813,0
1.0,0.8782186,1.151333,0
1.0,0.88355696,1.1643531,0
1.0,0.8814008,1.1146495,0
1.0,0.89531,1.0845065,0
1.0,0.9113464,1.1033435,0
1.0,0.92620885,1.1436768,0
1.0,0.91979575,1.1559998,0
1.0,0.92812407,1.0382513,0
1.0,0.92206603,0.9516041,0
1.0,0.93419254,0.97431827,0
1.0,0.91696215,0.9674367,0
1.0,0.92221403,0.9837675,0
1.0,0.9014657,0.9100217,0
1.0,0.92730963,0.91296643,0
1.0,0.9035145,0.87311906,0
1.0,0.9103402,0.8944037,0
1.0,0.87633765,0.8405049,0
1.0,0.8894992,0.8228931,0
1.0,0.8481061,0.6804464,0
1.0,0.859703,0.7027352,0
1.0,0.8165827,0.7142643,0
1.0,0.8535788,0.7899328,0
1.0,0.8384033,0.76139224,0
1.0,0.8743056,0.80504596,0
1.0,0.8531463,0.77137387,0
1.0,0.8906095,0.90990907,0
1.0,0.85889804,0.90305257,0
1.0,0.9030827,0.95909023,0
1.0,0.86563826,0.8869048,0
1.0,0.8984883,0.98406357,0
1.0,0.86860406,0.96830773,0
1.0,0.8754497,0.9735768,0
1.0,0.85220784,0.8933828,0
1.0,0.8877405,0.8855684,0
1.0,0.8859227,0.85100377,0
1.0,0.90096205,0.9580424,0
1.0,0.9019136,1.0621961,0
1.0,0.90836096,1.0852966,0
1.0,0.90726954,1.0522423,0
1.0,0.8966192,1.0400323,0
1.0,0.8908421,1.0624888,0
1.0,0.90003836,1.1295967,0
1.0,0.90578353,1.1657425,0
1.0,0.89656174,1.131318,0
1.0,0.907098,1.1615081,0
1.0,0.8929145,1.2493343,0
1.0,0.89239407,1.2689769,0
1.0,0.8710853,1.2135909,0
1.0,0.8868087,1.2397501,0
1.0,0.8653372,1.1878963,0
1.0,0.87610316,1.220492,0
1.0,0.82535475,1.1687653,0
1.0,0.8561224,1.1856253,0
1.0,0.81061953,1.0578556,0
1.0,0.8396422,1.0975101,0
1.0,0.7640417,1.0259304,0
1.0,0.80240697,1.1299267,0
1.0,0.73977834,1.0180211,0
1.0,0.77030545,1.013298,0
1.0,0.7241617,0.9331799,0
1.0,0.74213845,0.9599316,0
1.0,0.67735827,0.9169936,0
1.0,0.6971966,0.93685603,0
1.0,0.7030273,0.93198645,0
1.0,0.7283042,0.9756226,0
1.0,0.6576792,0.9176094,0
1.0,0.68308437,1.015811,0
1.0,0.65682286,0.9802796,0
1.0,0.6732696,0.9215127,0
1.0,0.6658919,0.8967687,0
1.0,0.6807491,0.9297549,0
1.0,0.6549856,0.9162446,0
1.0,0.6709438,0.9179592,0
1.0,0.66589266,0.8617369,0
1.0,0.6709247,0.839917,0
1.0,0.6274501,0.7947426,0
1.0,0.62456745,0.82414186,0
1.0,0.60420454,0.8032367,0
1.0,0.6029271,0.77432936,0
1.0,0.6201318,0.7889728,0
1.0,0.6213468,0.81468135,0
1.0,0.58921057,0.8582475,0
1.0,0.5857302,0.93560904,0
1.0,0.6122785,0.94448745,0
1.0,0.64672583,0.9631928,0
1.0,0.6272811,0.9373006,0
1.0,0.63413405,0.961531,0
1.0,0.61724037,0.9700565,0
1.0,0.6804169,1.0420096,0
1.0,0.6890698,1.0011309,0
1.0,0.69518,1.0232527,0
1.0,0.6841848,0.99879014,0
1.0,0.7027439,1.0413734,0
1.0,0.6790639,0.94165975,0
1.0,0.7034009,0.9560112,0
1.0,0.69346464,0.94973457,0
1.0,0.7076964,1.0083294,0
1.0,0.66660607,0.9197588,0
1.0,0.70511156,0.9233809,0
1.0,0.72569,0.8918517,0
1.0,0.7538018,0.94887227,0
1.0,0.73653215,0.9370902,0
1.0,0.7586596,1.0411665,0
1.0,0.7699459,1.0468025,0
1.0,0.8040446,1.1040419,0
1.0,0.7998703,1.1180977,0
1.0,0.8267471,1.1700352,0
1.0,0.7847471,1.1230109,0
1.0,0.82839876,1.2332422,0
1.0,0.80898046,1.1080941,0
1.0,0.85098046,1.185219,0
1.0,0.8170249,1.1501315,0
1.0,0.84018207,1.2112997,0
1.0,0.8134267,1.0717853,0
1.0,0.8624974,1.0556779,0
1.0,0.858255,1.0135494,0
1.0,0.8833315,1.0657465,0
1.0,0.8778833,1.0683486,0
1.0,0.8965488,1.0834737,0
1.0,0.8843713,0.96639144,0
1.0,0.9018624,1.0172657,0
1.0,0.9047729,1.0787913,0
1.0,0.9132053,1.1043702,0
1.0,0.8986749,1.0772412,0
1.0,0.91571784,1.0847156,0
1.0,0.9254454,1.0900097,0
1.0,0.9291903,1.1234655,0
1.0,0.92194366,1.1181254,0
1.0,0.9298478,1.0786786,0
1.0,0.93584055,1.0503504,0
1.0,0.93802655,1.0507495,0
1.0,0.9255616,1.0475931,0
1.0,0.9260888,1.0339181,0
1.0,0.9326441,1.0371275,0
1.0,0.92521113,0.95451665,0
1.0,0.9118269,0.89805865,0
1.0,0.898753,0.8821169,0
1.0,0.90905344,0.9184936,0
1.0,0.8887551,0.8629521,0
1.0,0.8764141,0.7866107,0
1.0,0.8490498,0.70122695,0
1.0,0.86338323,0.7428951,0
1.0,0.8351702,0.6943724,0
1.0,0.8233352,0.6499148,0
1.0,0.7979457,0.5671305,0
1.0,0.8036078,0.5690153,0
1.0,0.7506621,0.5117265,0
1.0,0.7576922,0.5620252,0
1.0,0.6844025,0.4682269,0
1.0,0.67179537,0.47429714,0
1.0,0.60771656,0.41002816,0
1.0,0.6088049,0.4276697,0
1.0,0.5364026,0.3640107,0
1.0,0.5531328,0.34913534,0
1.0,0.5046405,0.30156845,0
1.0,0.52861017,0.31778514,0
1.0,0.46153393,0.32618892,0
1.0,0.4612426,0.33675522,0
1.0,0.44472188,0.32090953,0
1.0,0.4943297,0.34100467,0
1.0,0.45636114,0.3162142,0
1.0,0.4617822,0.3402173,0
1.0,0.44586053,0.3731165,0
1.0,0.4645076,0.3724802,0
1.0,0.43746945,0.3600517,0
1.0,0.44597653,0.3629967,0
1.0,0.4327019,0.3951239,0
1.0,0.44584057,0.44673973,0
1.0,0.42845058,0.43533686,0
1.0,0.43626145,0.44071054,0
1.0,0.43891314,0.45837778,0
1.0,0.4404204,0.47759345,0
1.0,0.43242574,0.5140555,0
1.0,0.45978,0.50384736,0
1.0,0.43847865,0.53497195,0
1.0,0.45874685,0.54634845,0
1.0,0.43349516,0.59514844,0
1.0,0.4606793,0.71423787,0
1.0,0.4586758,0.7320347,0
1.0,0.5077041,0.74573374,0
1.0,0.48791152,0.7310782,0
1.0,0.52324295,0.7481796,0
1.0,0.50510156,0.79763883,0
1.0,0.5254082,0.8306718,0
1.0,0.51347464,0.8055357,0
1.0,0.5479149,0.82868624,0
1.0,0.51805615,0.832708,0
1.0,0.5445385,1.0247893,0
1.0,0.52543336,1.043404,0
1.0,0.57541347,1.0740821,0
1.0,0.5565292,1.0535127,0
1.0,0.5928927,1.1736336,0
1.0,0.56065625,1.2336466,0
1.0,0.5896547,1.2545369,0
1.0,0.59722286,1.2120237,0
1.0,0.6350647,1.2589071,0
1.0,0.6045633,1.2175043,0
1.0,0.6076372,1.2747223,0
1.0,0.6053846,1.3151202,0
1.0,0.6398257,1.3045659,0
1.0,0.6176034,1.2956674,0
1.0,0.61325175,1.2949548,0
1.0,0.6058428,1.3333514,0
1.0,0.62693965,1.3978472,0
1.0,0.62266916,1.3661869,0
1.0,0.6300706,1.3798487,0
1.0,0.6225919,1.3378649,0
1.0,0.6399877,1.5514457,0
1.0,0.60527647,1.5663629,0
1.0,0.63331884,1.4895108,0
1.0,0.65643233,1.4892831,0
1.0,0.6754749,1.5257208,0
1.0,0.6621224,1.5206122,0
1.0,0.6664136,1.5509447,0
1.0,0.6921641,1.5323894,0
1.0,0.7058272,1.5110996,0
1.0,0.70299566,1.519908,0
1.0,0.691869,1.5683334,0
1.0,0.6910147,1.6787101,0
1.0,0.68687457,1.5307839,0
1.0,0.7349494,1.508745,0
1.0,0.72359115,1.4973544,0
1.0,0.75957805,1.5814692,0
1.0,0.7322144,1.6097602,0
1.0,0.7895979,1.7393605,0
1.0,0.7813492,1.6912621,0
1.0,0.7983412,1.7354064,0
1.0,0.75403315,1.7323921,0
1.0,0.7722615,1.8068817,0
1.0,0.7654383,1.7666268,0
1.0,0.7906464,1.700596,0
1.0,0.7725884,1.6644573,0
1.0,0.7976526,1.7063608,0
1.0,0.78621006,1.7413304,0
1.0,0.8151776,1.8803571,0
1.0,0.7859508,1.7429651,0
1.0,0.8352256,1.781378,0
1.0,0.7994313,1.7088401,0
1.0,0.82027274,1.7713516,0
1.0,0.75467396,1.6611674,0
1.0,0.78390974,1.6951976,0
1.0,0.76391786,1.6483421,0
1.0,0.7606656,1.6477644,0
1.0,0.724047,1.6043297,0
1.0,0.7155212,1.622928,0
1.0,0.7020384,1.6241201,0
1.0,0.722712,1.6792963,0
1.0,0.7280096,1.6879995,0
1.0,0.70723236,1.631028,0
1.0,0.6981987,1.5806115,0
1.0,0.70327365,1.5098788,0
1.0,0.7561952,1.5949335,0
1.0,0.75363725,1.5824032,0
1.0,0.7358382,1.543147,0
1.0,0.7131141,1.5460517,0
1.0,0.726086,1.501876,0
1.0,0.71949804,1.398574,0
1.0,0.72339225,1.4079409,0
1.0,0.69939375,1.3676753,0
1.0,0.7025749,1.4197435,0
1.0,0.70726556,1.4933546,0
1.0,0.72464514,1.5762742,0
1.0,0.7618379,1.6620392,0
1.0,0.7817144,1.7039402,0
1.0,0.80400616,1.79148,0
1.0,0.79039025,1.8181148,0
1.0,0.8260752,1.8000342,0
1.0,0.8628793,1.86794,0
1.0,0.87635237,1.8979146,0
1.0,0.85027176,1.8489363,0
1.0,0.8364338,1.8153276,0
1.0,0.851108,1.664961,0
1.0,0.8501306,1.517056,0
1.0,0.81211156,1.4411314,0
1.0,0.7959496,1.4110518,0
1.0,0.76905036,1.3277807,0
1.0,0.7657259,1.3320338,0
1.0,0.7185431,1.2781215,0
1.0,0.76566756,1.336599,0
1.0,0.75876343,1.3364758,0
1.0,0.7909457,1.4285324,0
1.0,0.73636353,1.2990391,0
1.0,0.808655,1.3871588,0
1.0,0.8152921,1.4393543,0
1.0,0.8515691,1.5502833,0
1.0,0.80231345,1.5036726,0
1.0,0.8271987,1.5753744,0
1.0,0.8117108,1.4489782,0
1.0,0.8435333,1.4631517,0
1.0,0.8152676,1.4262664,0
1.0,0.8504459,1.5480814,0
1.0,0.82736456,1.3873665,0
1.0,0.85146874,1.3281649,0
1.0,0.8318275,1.1984347,0
1.0,0.861474,1.2662133,0
1.0,0.8367878,1.2521924,0
1.0,0.85910046,1.2600284,0
1.0,0.850216,1.1283107,0
1.0,0.8949223,1.1681671,0
1.0,0.89639807,1.1898952,0
1.0,0.9177818,1.3402793,0
1.0,0.90461737,1.390519,0
1.0,0.92371595,1.4287925,0
1.0,0.92422,1.404654,0
1.0,0.9284354,1.4504995,0
1.0,0.9259947,1.4484321,0
1.0,0.9357027,1.4938468,0
1.0,0.93792415,1.5572636,0
1.0,0.93225795,1.5210183,0
1.0,0.9355768,1.5199416,0
1.0,0.93552995,1.5122993,0
1.0,0.9323688,1.4903408,0
1.0,0.90249586,1.395057,0
1.0,0.90836734,1.4276658,0
1.0,0.89780504,1.3787895,0
1.0,0.8963752,1.2900853,0
1.0,0.8475794,1.1569965,0
1.0,0.8643269,1.1352448,0
1.0,0.83972204,1.086703,0
1.0,0.8588267,1.4041053,0
1.0,0.8112367,1.417831,0
1.0,0.87277675,1.5836341,0
1.0,0.8790467,1.6581225,0
1.0,0.89777756,1.727383,0
1.0,0.8836117,1.7326112,0
1.0,0.9189916,1.8249686,0
1.0,0.9119312,1.7825005,0
1.0,0.9092061,1.7550598,0
1.0,0.89392376,1.9470252,0
1.0,0.9250179,2.3043718,0
1.0,0.8959644,2.2178226,0
1.0,0.8570842,2.1282601,0
1.0,0.8212598,1.9515976,0
1.0,0.85825926,1.9415864,0
1.0,0.8435486,1.9266272,0
1.0,0.8394803,1.9114069,0
1.0,0.825939,1.8430287,0
1.0,0.8565555,1.9146476,0
1.0,0.8390922,1.9540102,0
1.0,0.83825976,1.9526387,0
1.0,0.8539127,1.9327986,0
1.0,0.893837,1.9129937,0
1.0,0.87761873,1.8888514,0
1.0,0.8489999,1.825576,0
1.0,0.8345034,1.8180655,0
1.0,0.85342777,1.8595679,0
1.0,0.82335424,1.7885165,0
1.0,0.80570394,1.7848597,0
1.0,0.7879587,1.7752414,0
1.0,0.81220585,1.832371,0
1.0,0.76723194,1.6850693,0
1.0,0.77341324,1.4126159,0
1.0,0.7756446,1.3220773,0
1.0,0.8010912,1.3157476,0
1.0,0.7845348,1.1769387,0
1.0,0.7959586,1.1707257,0
1.0,0.7985374,1.1749383,0
1.0,0.83615714,1.2534604,0
1.0,0.81944466,1.2144134,0
1.0,0.8319484,1.2195803,0
1.0,0.83990884,1.0519992,0
1.0,0.8676905,0.7949091,0
1.0,0.8574794,0.77830493,0
1.0,0.8474504,0.80606556,0
1.0,0.81159633,0.7637087,0
1.0,0.8093336,0.7632487,0
1.0,0.7983824,0.8078089,0
1.0,0.78049403,0.7771256,0
1.0,0.7800654,0.777879,0
1.0,0.74650896,0.7371836,0
1.0,0.73874575,0.6513363,0
1.0,0.71196836,0.559674,0
1.0,0.720873,0.6044099,0
1.0,0.70641613,0.56474334,0
1.0,0.67931885,0.52026916,0
1.0,0.644107,0.52972037,0
1.0,0.61897886,0.49032474,0
1.0,0.6063345,0.45346716,0
1.0,0.5877935,0.44646943,0
1.0,0.55812746,0.41746143,0
1.0,0.55417603,0.4282742,0
1.0,0.5362029,0.41418505,0
1.0,0.5400297,0.4229588,0
1.0,0.5317681,0.42688516,0
1.0,0.5509116,0.44143283,0
1.0,0.5638874,0.45376623,0
1.0,0.5987882,0.48497912,0
1.0,0.6144385,0.48207337,0
1.0,0.6649617,0.5055245,0
1.0,0.6974674,0.5253954,0
1.0,0.73181856,0.56955284,0
1.0,0.72956884,0.59343934,0
1.0,0.7329464,0.5591575,0
1.0,0.7000337,0.52305716,0
1.0,0.64593494,0.47303894,0
1.0,0.611919,0.4044619,0
1.0,0.6224624,0.44351807,0
1.0,0.5773861,0.41537797,0
1.0,0.56935495,0.3428886,0
1.0,0.55054206,0.3189432,0
1.0,0.5954525,0.33202994,0
1.0,0.57941735,0.31293288,0
1.0,0.60893613,0.31738797,0
1.0,0.6096178,0.33039093,0
1.0,0.6374719,0.3258686,0
1.0,0.6650132,0.34602115,0
1.0,0.6731277,0.36788648,0
1.0,0.6819923,0.34596172,0
1.0,0.6863777,0.3421436,0
1.0,0.7491715,0.39489025,0
1.0,0.70430124,0.34390694,0
1.0,0.6848739,0.3076949,0
1.0,0.6658056,0.26582882,0
1.0,0.76195186,0.31411982,0
1.0,0.7442628,0.2726998,0
1.0,0.7244806,0.2898865,0
1.0,0.6742004,0.27143148,0
1.0,0.71518785,0.29575798,0
1.0,0.68838286,0.30169603,0
1.0,0.6200429,0.28324968,0
1.0,0.56671274,0.28911966,0
1.0,0.6965309,0.31091225,0
1.0,0.6944763,0.3178927,0
1.0,0.69585943,0.29649276,0
1.0,0.61873484,0.26088572,0
1.0,0.7310112,0.31552878,0
1.0,0.6913528,0.34416676,0
1.0,0.6417961,0.32957894,0
1.0,0.5838613,0.27683493,0
1.0,0.5860702,0.27319843,0
1.0,0.5139532,0.25980473,0
1.0,0.45038122,0.25326255,0
1.0,0.38743645,0.27554345,0
1.0,0.41873208,0.27596045,0
1.0,0.36298135,0.293883,0
1.0,0.3621192,0.29356918,0
1.0,0.30555975,0.30368185,0
1.0,0.32489604,0.30088544,0
1.0,0.29018605,0.30466434,0
1.0,0.3088605,0.29701453,0
1.0,0.2870057,0.30777526,0
1.0,0.31955087,0.2976841,0
1.0,0.2962601,0.35054797,0
1.0,0.32074773,0.34360415,0
1.0,0.3010714,0.32942986,0
1.0,0.3486198,0.32570738,0
1.0,0.30884314,0.33361757,0
1.0,0.3441299,0.24721655,0
1.0,0.32336015,0.26321495,0
1.0,0.38563362,0.26803437,0
1.0,0.33039695,0.2369539,0
1.0,0.38142934,0.24529268,0
1.0,0.3252872,0.23654258,0
1.0,0.36885023,0.24519837,0
1.0,0.32210281,0.29556733,0
1.0,0.35936168,0.3013908,0
1.0,0.32360855,0.38319224,0
1.0,0.36828944,0.40209374,0
1.0,0.3510022,0.5271513,0
1.0,0.39013785,0.5702869,0
1.0,0.3809994,0.5644078,0
1.0,0.4428408,0.5906089,0
1.0,0.42652115,0.5868465,0
1.0,0.48075724,0.63614845,0
1.0,0.45463458,0.599465,0
1.0,0.5491442,0.67229635,0
1.0,0.5297293,0.6541504,0
1.0,0.5860271,0.7175839,0
1.0,0.55136263,0.6895397,0
1.0,0.6382103,0.7930051,0
1.0,0.6138508,0.82205844,0
1.0,0.6472313,0.86270714,0
1.0,0.54713607,0.8290162,0
1.0,0.582072,0.85532665,0
1.0,0.55199236,0.8532476,0
1.0,0.58157754,0.919418,0
1.0,0.5389165,0.9235092,0
1.0,0.5950201,0.96928656,0
1.0,0.5760144,0.9734101,0
1.0,0.60485846,1.0362748,0
1.0,0.5757787,1.0970821,0
1.0,0.6218254,1.1349089,0
1.0,0.61775976,1.1336821,0
1.0,0.6275476,1.2711732,0
1.0,0.6152002,1.2820408,0
1.0,0.6701211,1.349792,0
1.0,0.6691892,1.2791828,0
1.0,0.6978559,1.3171623,0
1.0,0.67581046,1.228227,0
1.0,0.69455254,1.2336099,0
1.0,0.68514484,1.0193585,0
1.0,0.6808842,0.9851181,0
1.0,0.66283685,0.9831817,0
1.0,0.66473466,0.98383987,0
1.0,0.6212363,0.92818177,0
1.0,0.6288159,1.0095553,0
1.0,0.6393771,1.0592796,0
1.0,0.66939276,1.0873706,0
1.0,0.6465207,1.065923,0
1.0,0.6532617,1.0990285,0
1.0,0.6399348,1.1130775,0
1.0,0.6498471,1.1460147,0
1.0,0.6458932,1.0823716,0
1.0,0.6564227,1.1560874,0
1.0,0.63600904,1.1261052,0
1.0,0.6445195,1.5453436,0
1.0,0.6299829,1.4612541,0
1.0,0.63975334,1.4105066,0
1.0,0.66061,1.4172354,0
1.0,0.6728851,1.4291121,0
1.0,0.70179313,1.4840295,0
1.0,0.68751884,1.7148154,0
1.0,0.7158065,1.6437311,0
1.0,0.68955183,1.6204032,0
1.0,0.6859017,1.6169734,0
1.0,0.6807759,1.6213572,0
1.0,0.69406384,1.7424575,0
1.0,0.7085357,1.7995207,0
1.0,0.73716575,1.8243732,0
1.0,0.7389046,1.8952887,0
1.0,0.73697025,2.0061176,0
1.0,0.7405872,2.1638083,0
1.0,0.74800926,2.1772206,0
1.0,0.73844224,2.2298946,0
1.0,0.7437511,2.2532897,0
1.0,0.7480506,2.2712564,0
1.0,0.767863,2.3800282,0
1.0,0.75398034,2.5042133,0
1.0,0.7757353,2.4905088,0
1.0,0.7776961,2.567455,0
1.0,0.7947228,2.6258073,0
1.0,0.79048955,2.7245455,0
1.0,0.7902121,2.7777138,0
1.0,0.7898941,2.7098918,0
1.0,0.77899367,2.7154503,0
1.0,0.7702132,2.6768293,0
1.0,0.76035297,2.6475635,0
1.0,0.7747001,2.5934598,0
1.0,0.7743968,2.6381433,0
1.0,0.7992971,2.714491,0
1.0,0.7702159,2.627284,0
1.0,0.7764858,2.6484404,0
1.0,0.77073693,2.656124,0
1.0,0.77660096,2.623466,0
1.0,0.777666,2.7029223,0
1.0,0.76488835,2.6600058,0
1.0,0.76184666,2.6354296,0
1.0,0.75445527,2.4895053,0
1.0,0.76333976,2.4558034,0
1.0,0.7606174,2.533944,0
1.0,0.77049637,2.595928,0
1.0,0.77494746,2.5533428,0
1.0,0.7885827,2.5324707,0
1.0,0.775747,2.6028903,0
1.0,0.77377754,2.6685083,0
1.0,0.77619636,2.627087,0
1.0,0.7777046,2.5640118,0
1.0,0.73409003,2.769792,0
1.0,0.7191813,2.7972784,0
1.0,0.738438,2.5805972,0
1.0,0.7088049,2.5560803,0
1.0,0.7050523,2.5207691,0
1.0,0.70169216,2.623196,0
1.0,0.7228349,2.729972,0
1.0,0.71558094,2.6557457,0
1.0,0.7244392,2.6683888,0
1.0,0.7204149,2.9303324,0
1.0,0.7455219,3.0108669,0
1.0,0.7618281,3.6091638,0
1.0,0.7663123,3.77235,0
1.0,0.77809495,4.0523753,0
1.0,0.8415642,4.196163,0
1.0,0.8348025,4.2499638,0
1.0,0.8420244,4.403967,0
1.0,0.8012548,4.242094,0
1.0,0.80689013,3.9956543,0
1.0,0.8091536,4.2730837,0
1.0,0.7967632,4.2431173,0
1.0,0.7784444,4.1974764,0
1.0,0.7482242,4.1758924,0
1.0,0.7165457,4.2068386,0
1.0,0.7298572,4.6698337,0
1.0,0.71847034,4.8329334,0
1.0,0.70675725,4.820071,0
1.0,0.72041047,4.8144093,0
1.0,0.7517205,4.6831074,0
1.0,0.76624423,4.8505635,0
1.0,0.81108004,5.2031064,0
1.0,0.8253763,5.247859,0
1.0,0.8091526,4.8788147,0
1.0,0.8097117,4.8609495,0
1.0,0.80012834,4.9546947,0
1.0,0.775798,5.096728,0
1.0,0.76194155,4.9972553,0
1.0,0.7642739,4.8623524,0
1.0,0.74001896,4.760396,0
1.0,0.7643116,4.839082,0
1.0,0.72483003,4.7937007,0
1.0,0.75865763,4.5984683,0
1.0,0.7826235,4.6267247,0
1.0,0.7848909,4.1231327,0
1.0,0.75674146,3.680418,0
1.0,0.7657267,3.4597523,0
1.0,0.7926119,3.5490396,0
1.0,0.8117675,3.5390487,0
1.0,0.79069364,3.3969839,0
1.0,0.81626946,3.8860211,0
1.0,0.8316009,4.1804724,0
1.0,0.8434182,3.855088,0
1.0,0.82110393,3.7890687,0
1.0,0.8153856,3.8178463,0
1.0,0.8037458,3.7097216,0
1.0,0.78635603,3.5095952,0
1.0,0.78763896,3.0533023,0
1.0,0.78622365,2.9169302,0
1.0,0.7755242,2.873742,0
1.0,0.7576985,3.162024,0
1.0,0.7526271,3.2109811,0
1.0,0.7603778,3.0648637,0
1.0,0.74372387,2.757162,0
1.0,0.7557711,2.818845,0
1.0,0.74277496,2.812439,0
1.0,0.7500482,2.8860435,0
1.0,0.7300186,2.787888,0
1.0,0.72829664,2.664495,0
1.0,0.71699953,2.692308,0
1.0,0.7367292,2.9942746,0
1.0,0.7290415,2.805295,0
1.0,0.7520492,2.8119135,0
1.0,0.76597494,2.7765107,0
1.0,0.78912044,3.2148755,0
1.0,0.79211485,3.2134626,0
1.0,0.7909314,3.2835808,0
1.0,0.8025582,3.1563768,0
1.0,0.7915468,3.0636315,0
1.0,0.7693737,3.0407817,0
1.0,0.7513587,3.0372813,0
1.0,0.7440298,2.9752822,0
1.0,0.75798386,2.6221766,0
1.0,0.73913574,2.3567495,0
1.0,0.7352405,2.3972354,0
1.0,0.7202256,2.4428518,0
1.0,0.7268847,2.4900508,0
1.0,0.7142378,2.5005286,0
1.0,0.70489156,2.4395435,0
1.0,0.709441,2.3375525,0
1.0,0.7102312,2.2584915,0
1.0,0.6953123,2.305388,0
1.0,0.70907784,2.082034,0
1.0,0.70689476,2.181004,0
1.0,0.7077915,2.3085957,0
1.0,0.6850358,2.2920098,0
1.0,0.6916761,2.259066,0
1.0,0.67673045,2.245219,0
1.0,0.66310084,2.0860658,0
1.0,0.62678725,2.0409884,0
1.0,0.6151099,1.923912,0
1.0,0.5949362,1.8907721,0
1.0,0.59331745,1.6383913,0
1.0,0.59156233,1.7147384,0
1.0,0.58891726,1.7098877,0
1.0,0.56738126,1.7226601,0
1.0,0.5364968,1.3635103,0
1.0,0.53177226,1.3706809,0
1.0,0.5177409,1.2920432,0
1.0,0.5033873,1.359007,0
1.0,0.48013425,1.3392825,0
1.0,0.47988597,1.4074061,0
1.0,0.47412145,1.5518893,0
1.0,0.4773482,1.6333183,0
1.0,0.46403882,1.699214,0
1.0,0.48254585,1.6909056,0
1.0,0.4624759,1.6678487,0
1.0,0.47612083,1.6353992,0
1.0,0.4653809,1.7407607,0
1.0,0.47405308,1.9576136,0
1.0,0.44974598,2.001387,0
1.0,0.45759442,2.008552,0
1.0,0.4423192,1.9894576,0
1.0,0.4519216,1.980833,0
1.0,0.46344414,1.9194561,0
1.0,0.4698908,1.7798561,0
1.0,0.51040167,1.5846486,0
1.0,0.5342235,1.5839286,0
1.0,0.5445308,1.5886978,0
1.0,0.5410138,1.5797343,0
1.0,0.57887083,1.5903223,0
1.0,0.5708238,1.6663914,0
1.0,0.5772788,1.6937076,0
1.0,0.5627569,1.7356558,0
1.0,0.6022924,1.7082086,0
1.0,0.5830939,1.6503713,0
1.0,0.5837141,1.6939168,0
1.0,0.55278003,1.7220042,0
1.0,0.5852197,1.8545556,0
1.0,0.5642889,1.8465691,0
1.0,0.58506787,1.8000276,0
1.0,0.5449609,1.7689059,0
1.0,0.58776873,1.7402475,0
1.0,0.5659685,1.661667,0
1.0,0.57117814,1.5576929,0
1.0,0.53795975,1.4975193,0
1.0,0.5753543,1.5170834,0
1.0,0.5751179,1.523383,0
1.0,0.548274,1.5487589,0
1.0,0.555955,1.5484087,0
1.0,0.54761475,1.4121367,0
1.0,0.5370626,1.1618719,0
1.0,0.50135726,1.1545304,0
1.0,0.52215534,1.1575335,0
1.0,0.4972848,1.1473734,0
1.0,0.5028183,1.1874969,0
1.0,0.47446367,1.2005453,0
1.0,0.4996993,1.1262586,0
1.0,0.48080012,1.1200135,0
1.0,0.504853,1.0909827,0
1.0,0.47670692,1.0885639,0
1.0,0.50687504,1.0811812,0
1.0,0.4958037,1.0489,0
1.0,0.50153977,1.0396129,0
1.0,0.45394483,1.0415062,0
1.0,0.47271252,1.0666031,0
1.0,0.4608527,1.0971739,0
1.0,0.48363855,1.0756235,0
1.0,0.458054,1.0522747,0
1.0,0.48020583,1.0526589,0
1.0,0.4713791,0.8078316,0
1.0,0.49661154,0.9004107,0
1.0,0.4924914,0.88255423,0
1.0,0.49887803,1.0226371,0
1.0,0.50771797,1.0211004,0
1.0,0.5146535,1.06917,0
1.0,0.52411646,1.0184722,0
1.0,0.5060645,1.0313011,0
1.0,0.53552127,0.9450612,0
1.0,0.54279196,1.0016832,0
1.0,0.5600784,1.1427287,0
1.0,0.5581462,1.2790823,0
1.0,0.5799852,1.333621,0
1.0,0.59005994,1.3620148,0
1.0,0.5981028,1.4225131,0
1.0,0.59291214,1.4006603,0
1.0,0.59535813,1.4016995,0
1.0,0.62102973,1.4408927,0
1.0,0.63474095,1.4043853,0
1.0,0.63702655,1.4246469,0
1.0,0.6426567,1.5091692,0
1.0,0.66112566,1.5375118,0
1.0,0.67821926,1.5675339,0
1.0,0.68170035,1.5768316,0
1.0,0.7010605,1.5892228,0
1.0,0.6939685,1.5279845,0
1.0,0.7037502,1.648958,0
1.0,0.6926676,1.5597728,0
1.0,0.6965296,1.5456147,0
1.0,0.6953727,1.5583676,0
1.0,0.6995214,1.6028863,0
1.0,0.69844514,1.5993221,0
1.0,0.69582844,1.6309066,0
1.0,0.7043493,1.5477053,0
1.0,0.7076782,1.560054,0
1.0,0.6967331,1.4367679,0
1.0,0.69410986,1.6338669,0
1.0,0.70362693,1.5964538,0
1.0,0.71570534,1.6465896,0
1.0,0.71656114,1.629659,0
1.0,0.7123641,1.6183858,0
1.0,0.7103445,1.5833676,0
1.0,0.7204244,1.6560047,0
1.0,0.72331786,1.4969043,0
1.0,0.7065245,1.537709,0
1.0,0.69881594,1.5141573,0
1.0,0.69996506,1.5063207,0
1.0,0.70033425,1.4990563,0
1.0,0.68901706,1.5383413,0
1.0,0.68761647,1.3851924,0
1.0,0.6906555,1.4508901,0
1.0,0.68205136,1.4393244,0
1.0,0.6893214,1.4966526,0
1.0,0.6934648,1.4918103,0
1.0,0.7035358,1.4840944,0
1.0,0.70042676,1.4851205,0
1.0,0.7042824,1.7291541,0
1.0,0.70987844,1.7612308,0
1.0,0.72990185,1.6395767,0
1.0,0.74298406,1.6661727,0
1.0,0.7533092,1.7179179,0
1.0,0.751446,1.8682802,0
1.0,0.75292224,2.1334965,0
1.0,0.7455338,2.1206775,0
1.0,0.73002887,2.061902,0
1.0,0.72439206,2.024993,0
1.0,0.71846205,2.0103793,0
1.0,0.72575754,2.0975518,0
1.0,0.7307393,2.0576017,0
1.0,0.7353607,2.0456498,0
1.0,0.7134296,1.9860336,0
1.0,0.7129497,2.008843,0
1.0,0.69774115,2.0345676,0
1.0,0.70630693,2.071888,0
1.0,0.69864863,1.8944303,0
1.0,0.71951467,1.9415653,0
1.0,0.70288,1.8166192,0
1.0,0.71450067,1.8574704,0
1.0,0.7048662,1.8835415,0
1.0,0.7321187,1.9275862,0
1.0,0.740415,1.896349,0
1.0,0.7395037,1.9125513,0
1.0,0.70354104,1.8081846,0
1.0,0.7093546,1.794664,0
1.0,0.68565285,1.6475315,0
1.0,0.66081846,1.6145523,0
1.0,0.6324721,1.5739541,0
1.0,0.6607441,1.6720529,0
1.0,0.6470369,1.4437134,0
1.0,0.6522381,1.4511518,0
1.0,0.6361922,1.4310822,0
1.0,0.6532997,1.4348092,0
1.0,0.63095915,1.3857484,0
1.0,0.615663,1.3658087,0
1.0,0.6177304,1.0848961,0
1.0,0.65010965,1.138339,0
1.0,0.6487954,1.13458,0
1.0,0.6476495,1.1521529,0
1.0,0.62965363,1.2120503,0
1.0,0.66854316,1.2924492,0
1.0,0.67845285,1.1742518,0
1.0,0.67432505,1.1712759,0
1.0,0.6703728,1.2488928,0
1.0,0.68143505,1.3033078,0
1.0,0.6998002,1.2746027,0
1.0,0.67942923,1.1995268,0
1.0,0.70073813,1.153078,0
1.0,0.692139,1.1130219,0
1.0,0.70540404,1.2031376,0
1.0,0.69082564,1.1767737,0
1.0,0.7034772,1.1193178,0
1.0,0.72498226,1.3452785,0
1.0,0.78954494,1.5575998,0
1.0,0.7486638,1.468139,0
1.0,0.7694885,1.4902997,0
1.0,0.7645924,1.5342529,0
1.0,0.76772213,1.5219542,0
1.0,0.7336929,1.4720258,0
1.0,0.760921,1.559345,0
1.0,0.7539451,1.5040369,0
1.0,0.78253996,1.5624804,0
1.0,0.7555606,1.5898917,0
1.0,0.80124354,1.7088692,0
1.0,0.7822532,1.6956968,0
1.0,0.8110306,1.7799077,0
1.0,0.77178234,1.5388355,0
1.0,0.8080699,1.5867279,0
1.0,0.8134955,1.5945835,0
1.0,0.82327026,1.6265333,0
1.0,0.80519056,1.5824149,0
1.0,0.8143146,1.5779154,0
1.0,0.8115432,1.4691921,0
1.0,0.7940768,1.4109399,0
1.0,0.7504307,1.3338854,0
1.0,0.78029513,1.3015602,0
1.0,0.7645396,1.3192205,0
1.0,0.75669867,1.4300746,0
1.0,0.7457148,1.4896238,0
1.0,0.808957,1.6648173,0
1.0,0.8563134,1.8000367,0
1.0,0.8700669,1.7551694,0
1.0,0.89517033,1.7870388,0
1.0,0.9014104,1.7805817,0
1.0,0.917021,1.6305155,0
1.0,0.9126247,1.5276302,0
1.0,0.92355007,1.5665004,0
1.0,0.93337595,1.606834,0
1.0,0.9364536,1.5217627,0
1.0,0.92421776,1.4470767,0
1.0,0.9324468,1.4808995,0
1.0,0.9363085,1.5840995,0
1.0,0.92989004,1.5484895,0
1.0,0.90528375,1.4480281,0
1.0,0.90608376,1.3868883,0
1.0,0.9052894,1.3948073,0
1.0,0.9030555,1.3615618,0
1.0,0.8979364,1.3110862,0
1.0,0.90668344,1.3947641,0
1.0,0.91362405,1.4289908,0
1.0,0.9175071,1.4427339,0
1.0,0.9014789,1.3925138,0
1.0,0.90491164,1.3740351,0
1.0,0.8934337,1.416559,0
1.0,0.86749256,1.436772,0
1.0,0.8367751,1.4071578,0
1.0,0.80813533,1.3487191,0
1.0,0.78315485,1.3763568,0
1.0,0.7295207,1.2337849,0
1.0,0.704461,1.1133196,0
1.0,0.67965037,0.99849516,0
1.0,0.6640061,0.9274906,0
1.0,0.6516953,0.93276125,0
1.0,0.65645736,1.1686352,0
1.0,0.6556678,1.213139,0
1.0,0.6494455,1.2360663,0
1.0,0.65911573,1.2353468,0
1.0,0.66716665,1.2408304,0
1.0,0.6864555,1.2597569,0
1.0,0.6855341,1.4195902,0
1.0,0.70016545,1.4351197,0
1.0,0.69326514,1.4970062,0
1.0,0.7129202,1.5990676,0
1.0,0.71485794,1.6768196,0
1.0,0.7222923,1.6621237,0
1.0,0.7115805,1.654815,0
1.0,0.7256219,1.6533858,0
1.0,0.7190862,1.6040769,0
1.0,0.7297995,1.6203803,0
1.0,0.72724926,1.6965275,0
1.0,0.7314638,1.6668012,0
1.0,0.72153467,1.6606238,0
1.0,0.72936755,1.705405,0
1.0,0.72709256,1.8682395,0
1.0,0.7304321,1.9396399,0
1.0,0.7297373,1.916657,0
1.0,0.759938,1.8915716,0
1.0,0.7705245,1.9542778,0
1.0,0.7803857,2.1902413,0
1.0,0.7618,2.4321864,0
1.0,0.77913576,2.3994255,0
1.0,0.76988685,2.3397555,0
1.0,0.7741667,2.3522403,0
1.0,0.7547828,2.3188603,0
1.0,0.7690396,2.345366,0
1.0,0.7668692,2.180561,0
1.0,0.78569543,2.1683044,0
1.0,0.7548014,2.0927112,0
1.0,0.7574795,2.1727018,0
1.0,0.73694766,2.234447,0
1.0,0.7407178,2.3079696,0
1.0,0.71625555,2.1965666,0
1.0,0.73537284,2.236903,0
1.0,0.71455675,2.148857,0
1.0,0.74931645,2.1510367,0
1.0,0.72556275,1.9760715,0
1.0,0.76453,2.0858989,0
1.0,0.75545746,2.1249266,0
1.0,0.7745418,2.2076702,0
1.0,0.7430788,2.2121785,0
1.0,0.763367,2.2719378,0
1.0,0.72787803,2.232995,0
1.0,0.73898464,2.2351546,0
1.0,0.70831925,2.169332,0
1.0,0.75424814,2.3888447,0
1.0,0.7301362,2.1887674,0
1.0,0.7578742,2.190184,0
1.0,0.7259404,2.0431945,0
1.0,0.7571974,2.0794091,0
1.0,0.72372836,1.9604523,0
1.0,0.7326673,1.8269688,0
1.0,0.71711254,1.4727705,0
1.0,0.7464828,1.5603173,0
1.0,0.72915846,1.5388143,0
1.0,0.74671245,1.6806303,0
1.0,0.72532266,1.6637918,0
1.0,0.75598556,1.7248106,0
1.0,0.73977053,1.6433982,0
1.0,0.74085915,1.6364076,0
1.0,0.72137207,1.6685226,0
1.0,0.7538035,1.9569434,0
1.0,0.73071325,1.8172927,0
1.0,0.74330336,1.7935116,0
1.0,0.7297574,1.6966143,0
1.0,0.7683131,1.7491174,0
1.0,0.7517766,1.7118454,0
1.0,0.769513,1.8820534,0
1.0,0.7650685,1.8108642,0
1.0,0.7665694,1.778125,0
1.0,0.7469086,1.784565,0
1.0,0.7466827,1.7224324,0
1.0,0.7484194,1.6705605,0
1.0,0.75295484,1.7346826,0
1.0,0.7501227,1.6581961,0
1.0,0.7482505,1.6495175,0
1.0,0.7489461,1.6836822,0
1.0,0.75606745,1.7014573,0
1.0,0.75815266,1.6975678,0
1.0,0.763353,1.6870726,0
1.0,0.7711199,2.0027022,0
1.0,0.77384424,2.04464,0
1.0,0.7816225,2.0425615,0
1.0,0.7875675,2.1238985,0
1.0,0.80170465,2.2293334,0
1.0,0.80803144,2.2065396,0
1.0,0.809014,2.8059707,0
1.0,0.80802083,2.8009915,0
1.0,0.81179655,2.7964838,0
1.0,0.8085223,2.7166169,0
1.0,0.803457,2.7304661,0
1.0,0.79549015,2.7318497,0
1.0,0.80157083,2.6823812,0
1.0,0.80743015,2.425006,0
1.0,0.806981,2.4083989,0
1.0,0.7922787,2.3622234,0
1.0,0.795444,2.405523,0
1.0,0.7861977,2.4139228,0
1.0,0.7941745,2.427309,0
1.0,0.78187895,2.3904545,0
1.0,0.7980304,2.4152203,0
1.0,0.7881747,2.4206815,0
1.0,0.80002487,2.6624985,0
1.0,0.7850665,2.767167,0
1.0,0.8066319,2.8763666,0
1.0,0.80909467,2.7979527,0
1.0,0.8100072,2.723546,0
1.0,0.8051137,2.701455,0
1.0,0.8106207,2.6772985,0
1.0,0.817359,2.482812,0
1.0,0.8183959,2.484989,0
1.0,0.81678134,2.5800233,0
1.0,0.8271066,2.3742661,0
1.0,0.8315585,2.347085,0
1.0,0.7814987,2.314526,0
1.0,0.77679676,2.2253149,0
1.0,0.7786313,2.1149197,0
1.0,0.7443904,2.1239467,0
1.0,0.72654766,1.6789037,0
1.0,0.7330406,1.5759184,0
1.0,0.7505957,1.5905242,0
1.0,0.74279195,1.6085907,0
1.0,0.7374622,1.5466928,0
1.0,0.74593884,1.5454216,0
1.0,0.7564275,1.619779,0
1.0,0.7525297,1.5962656,0
1.0,0.7474903,1.5856607,0
1.0,0.7698896,1.6302254,0
1.0,0.7631196,1.5585601,0
1.0,0.76950866,1.554997,0
1.0,0.7560616,1.6373882,0
1.0,0.7480071,1.5890052,0
1.0,0.7360666,1.6585203,0
1.0,0.7038709,1.5914141,0
1.0,0.690724,1.3354745,0
1.0,0.7079624,1.2591629,0
1.0,0.72456545,1.2363508,0
1.0,0.73113084,1.2750535,0
1.0,0.73776287,1.2858196,0
1.0,0.73919994,1.3007652,0
1.0,0.7360244,1.3485749,0
1.0,0.7212927,1.330268,0
1.0,0.72291785,1.3391571,0
1.0,0.7292785,1.2525067,0
1.0,0.72319114,1.1527047,0
1.0,0.7026772,1.148038,0
1.0,0.6973199,1.209933,0
1.0,0.6806017,1.1469135,0
1.0,0.64249164,1.1927267,0
1.0,0.6382742,1.1206484,0
1.0,0.64654076,1.0145867,0
1.0,0.6550026,1.0565677,0
1.0,0.66416085,1.0623212,0
1.0,0.66410136,1.0695125,0
1.0,0.6599304,1.1262887,0
1.0,0.6483878,1.1109167,0
1.0,0.6513365,1.2218578,0
1.0,0.64266485,1.1874034,0
1.0,0.64104515,1.191221,0
1.0,0.62753695,1.2020571,0
1.0,0.63031334,1.19809,0
1.0,0.61860096,1.1756724,0
1.0,0.62341326,1.132462,0
1.0,0.6179473,1.0056891,0
1.0,0.61566204,0.97747976,0
1.0,0.61605626,1.0003399,0
1.0,0.6125221,0.970911,0
1.0,0.5952944,0.9733436,0
1.0,0.59328455,0.96102834,0
1.0,0.6052612,0.95073414,0
1.0,0.6056058,0.9470398,0
1.0,0.60684335,1.0037727,0
1.0,0.6282394,0.99092364,0
1.0,0.6278945,1.0828035,0
1.0,0.635084,1.0754056,0
1.0,0.61343014,1.1651073,0
1.0,0.62157387,1.1758415,0
1.0,0.6210798,1.1599567,0
1.0,0.63537586,1.0605214,0
1.0,0.6349439,1.169424,0
1.0,0.63849765,1.1016655,0
1.0,0.64916044,1.2607411,0
1.0,0.65076375,1.2334216,0
1.0,0.6371126,1.2258908,0
1.0,0.62544215,1.2287714,0
1.0,0.616298,1.2113957,0
1.0,0.6106219,1.1777974,0
1.0,0.60948914,1.1788275,0
1.0,0.6175336,1.0213674,0
1.0,0.61141723,1.0441823,0
1.0,0.6074048,1.0398757,0
1.0,0.60339236,1.0460808,0
1.0,0.58932906,1.1627072,0
1.0,0.5816014,1.2636919,0
1.0,0.5788206,1.2459393,0
1.0,0.5813079,1.2439505,0
1.0,0.5714638,1.2000347,0
1.0,0.5663273,1.2717559,0
1.0,0.5820406,1.3614306,0
1.0,0.5835812,1.3870535,0
1.0,0.5913819,1.4286795,0
1.0,0.58567834,1.4138253,0
1.0,0.61088675,1.4474509,0
1.0,0.60047364,1.3917313,0
1.0,0.60424095,1.3759645,0
1.0,0.55941,1.3625448,0
1.0,0.56525064,1.3744091,0
1.0,0.55826825,1.2872914,0
1.0,0.561156,1.2950411,0
1.0,0.54422855,1.3000044,0
1.0,0.53580153,1.3026366,0
1.0,0.5012868,1.1936159,0
1.0,0.48205283,1.202358,0
1.0,0.45561472,1.0976889,0
1.0,0.45784196,1.1072832,0
1.0,0.44150567,1.0864489,0
1.0,0.4515952,1.1236871,0
1.0,0.4263214,1.149442,0
1.0,0.44002405,1.1445909,0
1.0,0.42085743,1.1634212,0
1.0,0.4304921,1.1569624,0
1.0,0.39757997,1.1521386,0
1.0,0.39297926,1.1563563,0
1.0,0.3832954,1.1740229,0
1.0,0.37361485,1.1491096,0
1.0,0.34171206,1.0359495,0
1.0,0.32294586,1.0420877,0
1.0,0.3122909,1.0771497,0
1.0,0.30697998,1.0639967,0
1.0,0.30872354,0.9990772,0
1.0,0.30833498,0.903229,0
1.0,0.30497283,0.82107395,0
1.0,0.3052096,0.7977537,0
1.0,0.29803905,0.83020496,0
1.0,0.30767688,0.8212843,0
1.0,0.30466056,0.8261688,0
1.0,0.29983035,0.8418807,0
1.0,0.29918823,0.87707186,0
1.0,0.30635947,0.87066376,0
1.0,0.30951363,0.8749474,0
1.0,0.3029789,0.85716844,0
1.0,0.30298144,0.8528781,0
1.0,0.31408587,0.84300625,0
1.0,0.30727762,0.8795264,0
1.0,0.30905837,0.86119175,0
1.0,0.29931056,0.86926395,0
1.0,0.31981635,0.8386386,0
1.0,0.3115163,0.82156396,0
1.0,0.30931526,0.8005934,0
1.0,0.30872238,0.83844346,0
1.0,0.30955544,0.7860412,0
1.0,0.29825124,0.79275024,0
1.0,0.29652983,0.81075317,0
1.0,0.28973442,0.8277117,0
1.0,0.29938033,0.818016,0
1.0,0.28542763,0.799474,0
1.0,0.2918914,0.6771207,0
1.0,0.30680242,0.65990007,0
1.0,0.30517584,0.6812977,0
1.0,0.29493225,0.71934426,0
1.0,0.30693042,0.7298448,0
1.0,0.3022482,0.73782045,0
1.0,0.31011683,0.6859236,0
1.0,0.35435584,0.6171788,0
1.0,0.33271033,0.6353208,0
1.0,0.44382122,0.52910936,0
1.0,0.41072807,0.4822865,0
1.0,0.4791311,0.43726128,0
1.0,0.43246987,0.4588176,0
1.0,0.57769376,0.339025,0
1.0,0.43631783,0.39282924,0
1.0,0.40394062,0.42595747,0
1.0,0.34035614,0.47914588,0
1.0,0.4079637,0.4228387,0
1.0,0.33599687,0.48131847,0
1.0,0.3611259,0.46764398,0
1.0,0.3342912,0.47560218,0
1.0,0.42067274,0.40818325,0
1.0,0.37118152,0.4583475,0
1.0,0.41450688,0.4301002,0
1.0,0.3646317,0.46943933,0
1.0,0.42633688,0.38446996,0
1.0,0.36746988,0.40515846,0
1.0,0.414396,0.3824042,0
1.0,0.35919276,0.40057674,0
1.0,0.43904784,0.3594266,0
1.0,0.35714394,0.3998063,0
1.0,0.32255632,0.4473107,0
1.0,0.36196148,0.47119942,0
1.0,0.34901404,0.4786805,0
1.0,0.3663901,0.44923246,0
1.0,0.35777658,0.41830814,0
1.0,0.46419147,0.353223,0
1.0,0.36176184,0.42813855,0
1.0,0.37934914,0.41111735,0
1.0,0.35620433,0.42304474,0
1.0,0.38295346,0.4208969,0
1.0,0.33161223,0.44165334,0
1.0,0.33394375,0.44813395,0
1.0,0.3454125,0.45048732,0
1.0,0.36932066,0.42572454,0
1.0,0.33479476,0.39077488,0
1.0,0.34585387,0.41033906,0
1.0,0.363815,0.3840645,0
1.0,0.41008064,0.3765177,0
1.0,0.37492502,0.40224296,0
1.0,0.399478,0.3980409,0
1.0,0.42352417,0.4010536,0
1.0,0.4673389,0.39560926,0
1.0,0.42897078,0.40550604,0
1.0,0.433792,0.38176715,0
1.0,0.4218712,0.37963754,0
1.0,0.3908069,0.36953557,0
1.0,0.35515636,0.37812188,0
1.0,0.3612889,0.40882298,0
1.0,0.37180915,0.40438735,0
1.0,0.34900078,0.43801522,0
1.0,0.35898212,0.49848405,0
1.0,0.38751212,0.5057733,0
1.0,0.38778764,0.6227768,0
1.0,0.36585212,0.5995042,0
1.0,0.38370988,0.612135,0
1.0,0.38762608,0.6448277,0
1.0,0.4245363,0.79133594,0
1.0,0.4078285,0.8316471,0
1.0,0.44376966,0.8022301,0
1.0,0.44121373,0.80104625,0
1.0,0.48173746,0.8159088,0
1.0,0.5162297,0.814026,0
1.0,0.5429935,0.81563735,0
1.0,0.583414,0.86562854,0
1.0,0.6138715,0.9147377,0
1.0,0.64606714,0.93577504,0
1.0,0.64461493,0.9543655,0
1.0,0.6248253,0.9101707,0
1.0,0.62573457,0.9162812,0
1.0,0.700936,1.0336046,0
1.0,0.6787963,1.0303829,0
1.0,0.7002531,1.0584493,0
1.0,0.6850141,1.0274171,0
1.0,0.7677397,1.1175144,0
1.0,0.7134553,1.1446949,0
1.0,0.7249926,1.2591286,0
1.0,0.7088452,1.2544496,0
1.0,0.7462795,1.3170083,0
1.0,0.66599405,1.216929,0
1.0,0.68393457,1.2900765,0
1.0,0.65250826,1.2729895,0
1.0,0.7603497,1.3695464,0
1.0,0.69343746,1.147753,0
1.0,0.7277885,1.1571187,0
1.0,0.6823786,1.004893,0
1.0,0.75299394,1.2047553,0
1.0,0.64464164,1.087533,0
1.0,0.58728206,0.9786313,0
1.0,0.53041893,0.7607764,0
1.0,0.586576,0.76560557,0
1.0,0.5464537,0.76461554,0
1.0,0.57610065,0.8220294,0
1.0,0.56819874,0.82287806,0
1.0,0.58575,0.84247696,0
1.0,0.565973,0.81724256,0
1.0,0.5623887,0.829303,0
1.0,0.5520635,0.83099645,0
1.0,0.5478018,0.8316009,0
1.0,0.5360899,0.81386995,0
1.0,0.52535075,0.79272306,0
1.0,0.5050614,0.8295865,0
1.0,0.5324196,0.92604077,0
1.0,0.5247702,0.8782465,0
1.0,0.5187073,1.0380188,0
1.0,0.5143235,1.0160053,0
1.0,0.50569624,1.1585019,0
1.0,0.5145785,1.1128246,0
1.0,0.5253924,1.0466282,0
1.0,0.53536874,1.0612082,0
1.0,0.5454931,1.0516055,0
1.0,0.54140764,1.0869355,0
1.0,0.5580018,1.1122546,0
1.0,0.55641544,1.092325,0
1.0,0.5708585,1.2340922,0
1.0,0.5570347,1.2270312,0
1.0,0.5738342,1.3100737,0
1.0,0.55414647,1.3197551,0
1.0,0.59146595,1.263574,0
1.0,0.586032,1.2200913,0
1.0,0.6158485,1.2956744,0
1.0,0.58726656,1.2849002,0
1.0,0.6113157,1.4801462,0
1.0,0.60151976,1.4547396,0
1.0,0.618441,1.4487383,0
1.0,0.5986224,1.4417028,0
1.0,0.6060016,1.444924,0
1.0,0.5921901,1.5048039,0
1.0,0.6139983,1.5649182,0
1.0,0.59090817,1.4854234,0
1.0,0.5991752,1.5042973,0
1.0,0.5754875,1.475787,0
1.0,0.5788733,1.5880537,0
1.0,0.5707092,1.6314044,0
1.0,0.5869067,1.5202249,0
1.0,0.58381635,1.519064,0
1.0,0.5833095,1.4008791,0
1.0,0.5714239,1.4009719,0
1.0,0.58323306,1.5393317,0
1.0,0.6029831,1.5181776,0
1.0,0.59300584,1.5081167,0
1.0,0.5954511,1.5348693,0
1.0,0.58310145,1.5260816,0
1.0,0.62412333,1.5422693,0
1.0,0.6149579,1.5371504,0
1.0,0.6483125,1.5648558,0
1.0,0.6269433,1.4431181,0
1.0,0.6421874,1.4579637,0
1.0,0.6284086,1.4044871,0
1.0,0.6433695,1.4475608,0
1.0,0.6401887,1.431767,0
1.0,0.64153993,1.4116118,0
1.0,0.62186813,1.3854147,0
1.0,0.6206158,1.4384118,0
1.0,0.6423045,1.2707405,0
1.0,0.6647275,1.3325568,0
1.0,0.6760479,1.3348019,0
1.0,0.6686286,1.4385308,0
1.0,0.679023,1.4841633,0
1.0,0.682634,1.4130338,0
1.0,0.6727644,1.3054157,0
1.0,0.6624807,1.2957804,0
1.0,0.67659354,1.2938163,0
1.0,0.6623897,1.327934,0
1.0,0.6682283,1.2494907,0
1.0,0.6528295,1.1158249,0
1.0,0.66884345,1.1290771,0
1.0,0.6229707,1.0868783,0
1.0,0.61451125,1.0421643,0
1.0,0.5696186,1.0049633,0
1.0,0.60931295,0.7860142,0
1.0,0.56548995,0.75921226,0
1.0,0.5613542,0.7489498,0
1.0,0.52044296,0.7360984,0
1.0,0.5543472,0.75905526,0
1.0,0.5315503,0.75098526,0
1.0,0.5341579,0.725334,0
1.0,0.5169206,0.7110488,0
1.0,0.5414164,0.7168832,0
1.0,0.5106343,0.6913581,0
1.0,0.48092508,0.6682569,0
1.0,0.49861386,0.6321414,0
1.0,0.51758397,0.6528836,0
1.0,0.48567557,0.6524287,0
1.0,0.46693474,0.6361632,0
1.0,0.46630707,0.5708804,0
1.0,0.49160695,0.5913904,0
1.0,0.48100287,0.52357614,0
1.0,0.45212933,0.5064848,0
1.0,0.45862415,0.41154385,0
1.0,0.46817458,0.4075294,0
1.0,0.478019,0.4121244,0
1.0,0.4411472,0.4672019,0
1.0,0.458124,0.48591965,0
1.0,0.44842827,0.4912111,0
1.0,0.47285435,0.47220635,0
1.0,0.4308116,0.46870446,0
1.0,0.47366622,0.49719492,0
1.0,0.4569985,0.48792735,0
1.0,0.5129641,0.52958065,0
1.0,0.47604966,0.51163507,0
1.0,0.51182616,0.5296196,0
1.0,0.4868219,0.48677555,0
1.0,0.5196652,0.4954927,0
1.0,0.45150807,0.46045566,0
1.0,0.47238058,0.4271871,0
1.0,0.44143608,0.4131268,0
1.0,0.49191612,0.40536729,0
1.0,0.46201375,0.3672516,0
1.0,0.48539078,0.37945795,0
1.0,0.48661974,0.383227,0
1.0,0.45323443,0.47993425,0
1.0,0.40883026,0.5304643,0
1.0,0.42860433,0.53792036,0
1.0,0.47467676,0.57457507,0
1.0,0.459213,0.5402776,0
1.0,0.45656115,0.4953791,0
1.0,0.49846572,0.5352533,0
1.0,0.5332095,0.54016566,0
1.0,0.5568866,0.5354332,0
1.0,0.5448019,0.5268476,0
1.0,0.5739514,0.591419,0
1.0,0.59306026,0.62160456,0
1.0,0.53913474,0.57331103,0
1.0,0.50043994,0.4737779,0
1.0,0.5467264,0.5401118,0
1.0,0.5678208,0.55212605,0
1.0,0.52728224,0.6658865,0
1.0,0.5211945,0.6364961,0
1.0,0.5291075,0.63259614,0
1.0,0.547887,0.65000147,0
1.0,0.5115128,0.62005854,0
1.0,0.52586037,0.66509366,0
1.0,0.52644247,0.7267225,0
1.0,0.56631637,0.75274646,0
1.0,0.5417557,0.7567393,0
1.0,0.5588392,0.821015,0
1.0,0.5498972,0.8932982,0
1.0,0.5853575,0.9236659,0
1.0,0.5660913,0.90825176,0
1.0,0.5919162,0.92494226,0
1.0,0.56513804,0.8995819,0
1.0,0.59495,0.95284665,0
1.0,0.5280379,0.788442,0
1.0,0.58861285,0.7391721,0
1.0,0.536847,0.7187787,0
1.0,0.59262365,0.7313621,0
1.0,0.53485316,0.70483255,0
1.0,0.5905645,0.7417246,0
1.0,0.5244706,0.67997104,0
1.0,0.5587946,0.71013296,0
1.0,0.49946132,0.67437303,0
1.0,0.5468796,0.7033075,0
1.0,0.5018718,0.7503806,0
1.0,0.5255771,0.74975234,0
1.0,0.5012656,0.7420025,0
1.0,0.52930003,0.7550415,0
1.0,0.4948988,0.71476686,0
1.0,0.50958216,0.7352579,0
1.0,0.4974852,0.71307814,0
1.0,0.53847694,0.7387345,0
1.0,0.4915376,0.7517192,0
1.0,0.51250654,0.7583982,0
1.0,0.4866547,0.7508539,0
1.0,0.5231711,0.74529386,0
1.0,0.49105027,0.67155033,0
1.0,0.50562346,0.70389587,0
1.0,0.48040932,0.6798092,0
1.0,0.4887779,0.64490724,0
1.0,0.47756785,0.5653556,0
1.0,0.49974447,0.5753344,0
1.0,0.4846768,0.59678483,0
1.0,0.51071846,0.6628204,0
1.0,0.53068674,0.6729107,0
1.0,0.53121126,0.6774478,0
1.0,0.54666686,0.8457069,0
1.0,0.5609065,0.85978687,0
1.0,0.56776124,0.96900964,0
1.0,0.6049844,1.0072908,0
1.0,0.6031656,0.994102,0
1.0,0.6319301,1.0172269,0
1.0,0.6125648,1.0724618,0
1.0,0.6350682,1.0770543,0
1.0,0.6018523,1.0548172,0
1.0,0.62863517,1.1163049,0
1.0,0.6067199,1.0152285,0
1.0,0.6394861,1.0319173,0
1.0,0.6158899,1.0187008,0
1.0,0.65248144,1.0413704,0
1.0,0.6305928,0.99673367,0
1.0,0.6486408,0.986164,0
1.0,0.6531752,1.0547973,0
1.0,0.6729504,1.0730404,0
1.0,0.6756332,1.185705,0
1.0,0.69291115,1.2516183,0
1.0,0.71199745,1.376855,0
1.0,0.72048014,1.3804797,0
1.0,0.71120214,1.3990424,0
1.0,0.7463077,1.4284606,0
1.0,0.73847413,1.4257863,0
1.0,0.7412447,1.4519423,0
1.0,0.7224157,1.5186979,0
1.0,0.7306078,1.5523738,0
1.0,0.70602286,1.5034565,0
1.0,0.70309865,1.4465263,0
1.0,0.6719203,1.4247763,0
1.0,0.6952433,1.4203218,0
1.0,0.6824457,1.498408,0
1.0,0.6970562,1.4942095,0
1.0,0.6643029,1.5137477,0
1.0,0.6876305,1.5688308,0
1.0,0.6787875,1.5599153,0
1.0,0.6950564,1.6116626,0
1.0,0.6615317,1.8289547,0
1.0,0.70000166,1.87007,0
1.0,0.6965641,1.9012904,0
1.0,0.71545917,1.8718603,0
1.0,0.69061977,1.854771,0
1.0,0.71026415,1.872338,0
1.0,0.69935286,1.8649371,0
1.0,0.7016786,1.8689082,0
1.0,0.66509986,1.8333645,0
1.0,0.6740674,1.9361292,0
1.0,0.6556502,1.782115,0
1.0,0.6606829,1.8409333,0
1.0,0.63954663,1.693104,0
1.0,0.65015984,1.7884413,0
1.0,0.6487543,1.8086023,0
1.0,0.6629373,1.8289437,0
1.0,0.6557515,1.7788929,0
1.0,0.6691268,1.7938272,0
1.0,0.6618063,1.775429,0
1.0,0.6700904,1.8311017,0
1.0,0.67562723,1.7532485,0
1.0,0.6990147,1.7388824,0
1.0,0.6813878,2.0347548,0
1.0,0.7011995,2.25555,0
1.0,0.71637696,2.279482,0
1.0,0.7223879,2.3123977,0
1.0,0.7225989,2.0145085,0
1.0,0.711768,2.0082254,0
1.0,0.72307783,1.9661883,0
1.0,0.7308516,2.2072265,0
1.0,0.69522464,2.1662166,0
1.0,0.6805358,2.2502253,0
1.0,0.69340736,2.0143502,0
1.0,0.70206857,2.1370463,0
1.0,0.68408114,2.187644,0
1.0,0.6986167,2.3518147,0
1.0,0.7049549,2.306314,0
1.0,0.7161173,2.3396664,0
1.0,0.70198387,2.3373299,0
1.0,0.69284254,2.5307155,0
1.0,0.71129733,2.58801,0
1.0,0.7150316,2.4950628,0
1.0,0.70373756,2.4345536,0
1.0,0.69622856,2.361232,0
1.0,0.7184526,2.3940887,0
1.0,0.70863926,2.421969,0
1.0,0.7330987,2.327563,0
1.0,0.71671885,2.2798104,0
1.0,0.7483433,2.4265435,0
1.0,0.7273592,2.3892906,0
1.0,0.740525,2.5732343,0
1.0,0.7231279,2.7295685,0
1.0,0.7455954,3.0962305,0
1.0,0.7316295,3.134191,0
1.0,0.7526752,2.8387175,0
1.0,0.73814076,2.8732195,0
1.0,0.7695904,2.9332387,0
1.0,0.75985557,2.9051619,0
1.0,0.7872335,3.0077467,0
1.0,0.7789558,3.027824,0
1.0,0.8042521,2.9735262,0
1.0,0.8047888,2.8614316,0
1.0,0.812234,2.8749628,0
1.0,0.81008613,2.7451956,0
1.0,0.8143149,2.8638384,0
1.0,0.80438995,2.7528703,0
1.0,0.81727207,2.6620033,0
1.0,0.8206736,2.508549,0
1.0,0.82988644,2.6013384,0
1.0,0.829597,2.6003194,0
1.0,0.83391947,2.6208305,0
1.0,0.83432853,2.4623513,0
1.0,0.8296312,2.4395235,0
1.0,0.82587355,2.4350994,0
1.0,0.7995908,2.354557,0
1.0,0.789789,2.3399365,0
1.0,0.77758265,2.3189003,0
1.0,0.7729517,2.182447,0
1.0,0.75762767,2.1579425,0
1.0,0.7469792,2.1428242,0
1.0,0.7405559,2.2157974,0
1.0,0.7283061,2.200681,0
1.0,0.7262434,2.0418663,0
1.0,0.7069721,1.8210828,0
1.0,0.720181,1.5207069,0
1.0,0.6990349,1.4427967,0
1.0,0.7052642,1.4332936,0
1.0,0.70895255,1.169646,0
1.0,0.716802,1.1656954,0
1.0,0.70501065,1.1423266,0
1.0,0.7106251,1.2059512,0
1.0,0.69116336,1.193594,0
1.0,0.6721813,1.176167,0
1.0,0.6618779,0.9904131,0
1.0,0.620372,1.0207455,0
1.0,0.6189945,1.0395275,0
1.0,0.6014158,0.8723699,0
1.0,0.6366791,0.88529587,0
1.0,0.6341521,0.8812382,0
1.0,0.65198994,0.97754693,0
1.0,0.60753757,0.8593775,0
1.0,0.6295241,1.0545906,0
1.0,0.62361515,1.0935787,0
1.0,0.6517447,1.0885098,0
1.0,0.6447022,1.1055478,0
1.0,0.6499411,1.154641,0
1.0,0.6486912,1.2398962,0
1.0,0.655636,1.2689812,0
1.0,0.6463673,1.261179,0
1.0,0.64287734,1.1959605,0
1.0,0.63207245,1.1873838,0
1.0,0.607698,1.2122793,0
1.0,0.5992823,1.0510108,0
1.0,0.6052218,1.1565416,0
1.0,0.6094631,1.1534078,0
1.0,0.6044215,1.1313558,0
1.0,0.614231,1.1248994,0
1.0,0.60629743,1.251677,0
1.0,0.6212852,1.2582657,0
1.0,0.59130895,1.2316668,0
1.0,0.5919404,1.2347014,0
1.0,0.5711514,1.6574727,0
1.0,0.6013901,1.6034836,0
1.0,0.5937947,1.6299915,0
1.0,0.6580731,1.6656933,0
1.0,0.6345463,1.7791994,0
1.0,0.6962821,1.7693839,0
1.0,0.6720057,1.8000364,0
1.0,0.7105769,1.7945515,0
1.0,0.67741746,1.7751999,0
1.0,0.69693214,1.7858677,0
1.0,0.6385144,1.7081474,0
1.0,0.65163916,1.7423258,0
1.0,0.6223711,1.5634389,0
1.0,0.6454316,1.5768014,0
1.0,0.6169947,1.5911165,0
1.0,0.63200384,1.5666745,0
1.0,0.6167696,1.5186839,0
1.0,0.6229846,1.4378507,0
1.0,0.5854271,1.4260371,0
1.0,0.6237843,1.4410286,0
1.0,0.60706276,1.4482534,0
1.0,0.6200897,1.4478154,0
1.0,0.5714956,1.4462552,0
1.0,0.5962734,1.4431593,0
1.0,0.5701581,1.3433363,0
1.0,0.57622176,1.3336837,0
1.0,0.52683544,1.2927241,0
1.0,0.5468729,1.2978363,0
1.0,0.5154589,1.1561323,0
1.0,0.4959029,1.155272,0
1.0,0.42083845,1.243701,0
1.0,0.44794142,1.2272762,0
1.0,0.40911984,0.9333448,0
1.0,0.4063021,0.9196792,0
1.0,0.36611184,0.8648174,0
1.0,0.38787892,0.8613447,0
1.0,0.3813032,0.7119112,0
1.0,0.38835534,0.6520365,0
1.0,0.365794,0.66719335,0
1.0,0.3993225,0.6545534,0
1.0,0.3830155,0.75997007,0
1.0,0.39346376,0.7404257,0
1.0,0.37619513,0.70835596,0
1.0,0.3884018,0.66246593,0
1.0,0.38187608,0.6439881,0
1.0,0.40786648,0.5757725,0
1.0,0.3941899,0.5551694,0
1.0,0.43196598,0.6376089,0
1.0,0.44192514,0.6456011,0
1.0,0.49825114,0.6722642,0
1.0,0.49416795,0.6708349,0
1.0,0.53927773,0.6687744,0
1.0,0.5361589,0.6671117,0
1.0,0.5590777,0.67765594,0
1.0,0.54240465,0.6597402,0
1.0,0.53843206,0.70407695,0
1.0,0.5462222,0.8842078,0
1.0,0.5541162,0.89505357,0
1.0,0.55490816,0.9148002,0
1.0,0.56649846,0.914695,0
1.0,0.57005376,0.95270175,0
1.0,0.59217674,0.95868397,0
1.0,0.56616557,0.8890026,0
1.0,0.59399325,1.0476089,0
1.0,0.59253526,1.1872537,0
1.0,0.6411651,1.2146193,0
1.0,0.6539795,1.5484502,0
1.0,0.6758866,1.6101387,0
1.0,0.6768617,1.613507,0
1.0,0.69041663,1.6583219,0
1.0,0.6897976,1.8627148,0
1.0,0.6719552,1.8646452,0
1.0,0.6363858,2.193867,0
1.0,0.6333336,2.19265,0
1.0,0.60965383,2.2033825,0
1.0,0.60176873,2.2315912,0
1.0,0.56987846,2.2074964,0
1.0,0.587672,2.2105613,0
1.0,0.57228625,2.2029674,0
1.0,0.5906987,2.0800571,0
1.0,0.57621324,2.0669599,0
1.0,0.6119264,2.063283,0
1.0,0.6024429,2.0772257,0
1.0,0.6031271,2.1146438,0
1.0,0.5860975,2.2082076,0
1.0,0.5917775,2.207572,0
1.0,0.5787421,2.193913,0
1.0,0.57600826,2.2251997,0
1.0,0.5653073,2.0818777,0
1.0,0.5731387,2.2913356,0
1.0,0.5649028,2.422631,0
1.0,0.56841093,2.438776,0
1.0,0.5420821,2.4252558,0
1.0,0.5485294,2.4382212,0
1.0,0.5274239,2.4740121,0
1.0,0.553169,2.4017322,0
1.0,0.560455,2.1652918,0
1.0,0.57894695,2.1965694,0
1.0,0.5714744,1.9861119,0
1.0,0.57117087,1.9292667,0
1.0,0.5651738,2.0899649,0
1.0,0.5805037,2.0578704,0
1.0,0.5812662,1.8154845,0
1.0,0.58457786,1.8389671,0
1.0,0.5798086,1.4203577,0
1.0,0.58093053,1.557256,0
1.0,0.5590961,1.5194317,0
1.0,0.57649726,1.58376,0
1.0,0.5818714,1.5638008,0
1.0,0.5799891,1.5709791,0
1.0,0.5781284,1.6709396,0
1.0,0.5870228,1.6832135,0
1.0,0.5860255,1.7829069,0
1.0,0.5743153,1.8343415,0
1.0,0.566829,1.8300381,0
1.0,0.562516,2.0112793,0
1.0,0.5866412,1.9123893,0
1.0,0.58320993,2.0365586,0
1.0,0.59533936,2.0324864,0
1.0,0.57621473,1.9553814,0
1.0,0.57947046,1.932584,0
1.0,0.57923263,1.7445657,0
1.0,0.5952725,1.6543448,0
1.0,0.5864324,1.6707063,0
1.0,0.5792609,1.6468625,0
1.0,0.56540036,1.6340909,0
1.0,0.5788252,1.619583,0
1.0,0.56679535,1.5667496,0
1.0,0.5765,1.5890523,0
1.0,0.54622597,1.559488,0
1.0,0.5482794,1.5577679,0
1.0,0.5337948,1.5456989,0
1.0,0.5306719,1.5913757,0
1.0,0.52303755,1.5887444,0
1.0,0.5169977,1.6009762,0
1.0,0.53564686,1.5403984,0
1.0,0.5318093,1.593667,0
1.0,0.540081,1.4634504,0
1.0,0.53863376,1.635719,0
1.0,0.553547,1.5753226,0
1.0,0.5508253,1.8336197,0
1.0,0.55759066,1.9053379,0
1.0,0.5576999,1.8066485,0
1.0,0.586902,1.8012226,0
1.0,0.5630989,1.6933509,0
1.0,0.5780154,1.6775655,0
1.0,0.55833966,1.6650956,0
1.0,0.6225558,1.4749775,0
1.0,0.6023699,1.5646604,0
1.0,0.6135659,1.4420849,0
1.0,0.5647026,1.436007,0
1.0,0.60404325,1.4782593,0
1.0,0.568731,1.5871671,0
1.0,0.6150458,1.6296194,0
1.0,0.58094835,1.5673892,0
1.0,0.63054186,1.5692368,0
1.0,0.62112135,1.7989951,0
1.0,0.6706179,1.8313844,0
1.0,0.67669696,1.9704374,0
1.0,0.72150457,2.0170684,0
1.0,0.715958,2.0015588,0
1.0,0.7301118,2.0151155,0
1.0,0.72972846,2.0335274,0
1.0,0.75235283,2.0598376,0
1.0,0.72629344,1.8657907,0
1.0,0.7408108,1.9512937,0
1.0,0.7308673,1.9011441,0
1.0,0.76106524,2.0082731,0
1.0,0.74875015,2.0066133,0
1.0,0.7631045,2.3907833,0
1.0,0.7678069,2.4303818,0
1.0,0.7531967,2.5806227,0
1.0,0.7523204,2.4868891,0
1.0,0.7487598,2.8055193,0
1.0,0.7629627,3.0329223,0
1.0,0.7596552,3.4066014,0
1.0,0.7479483,3.5607,0
1.0,0.7473556,3.8924828,0
1.0,0.7463712,4.072002,0
1.0,0.73539615,4.035305,0
1.0,0.70072514,3.9404988,0
1.0,0.69905764,3.9927177,0
1.0,0.6721536,4.0038676,0
1.0,0.6551555,4.0822573,0
1.0,0.6001005,4.186643,0
1.0,0.6209185,4.3468504,0
1.0,0.58929247,4.3072424,0
1.0,0.6011607,4.3040004,0
1.0,0.580484,4.0437956,0
1.0,0.6204426,4.085801,0
1.0,0.5511964,3.9330797,0
1.0,0.6237154,4.091217,0
1.0,0.60510993,4.0750904,0
1.0,0.67436343,4.2314878,0
1.0,0.6092346,4.029087,0
1.0,0.671109,4.121653,0
1.0,0.68246937,4.2188253,0
1.0,0.7529329,4.8433905,0
1.0,0.73024106,5.128578,0
1.0,0.79159814,5.221258,0
1.0,0.8085622,5.2074757,0
1.0,0.83542556,4.921734,0
1.0,0.81282055,4.6912766,0
1.0,0.8323737,5.107693,0
1.0,0.83230644,5.369552,0
1.0,0.86058384,5.332261,0
1.0,0.85695815,5.221695,0
1.0,0.86756605,4.8968887,0
1.0,0.8936829,4.8464246,0
1.0,0.90036595,4.7089133,0
1.0,0.89011854,4.950979,0
1.0,0.8993613,5.1201706,0
1.0,0.91108763,5.126344,0
1.0,0.92598915,5.135758,0
1.0,0.92917645,5.2187376,0
1.0,0.91455305,5.450076,0
1.0,0.90695536,5.7218485,0
1.0,0.9048327,5.471383,0
1.0,0.89597327,5.4296236,0
1.0,0.8916951,5.7092957,0
1.0,0.88135517,5.9059677,0
1.0,0.8741028,6.009288,0
1.0,0.89151263,6.213972,0
1.0,0.88899225,6.0888724,0
1.0,0.88858163,6.350433,0
1.0,0.8807423,7.105478,0
1.0,0.87722355,7.0690866,0
1.0,0.8809582,7.0898657,0
1.0,0.8880416,7.0325994,0
1.0,0.87944555,6.5667143,0
1.0,0.87659925,7.279512,0
1.0,0.87475646,7.7514334,0
1.0,0.8916508,7.780346,0
1.0,0.86368287,7.6570644,0
1.0,0.8670116,7.9753084,0
1.0,0.8303368,7.5050926,0
1.0,0.85443693,7.810562,0
1.0,0.8631931,7.702705,0
1.0,0.8608484,7.7166605,0
1.0,0.85319066,7.69864,0
1.0,0.84274197,8.275749,0
1.0,0.7864743,8.1838665,0
1.0,0.8513884,8.050018,0
1.0,0.8509058,7.965102,0
1.0,0.87280536,8.127497,0
1.0,0.8407445,8.176766,0
1.0,0.84669,8.311733,0
1.0,0.8579932,7.9715986,0
1.0,0.8825308,7.464672,0
1.0,0.8657274,7.4501877,0
1.0,0.88572353,7.6917677,0
1.0,0.88722354,7.544485,0
1.0,0.8982007,7.431002,0
1.0,0.8887106,7.2792845,0
1.0,0.9012443,7.1272783,0
1.0,0.8986388,7.5143814,0
1.0,0.9012627,7.630993,0
1.0,0.9079149,6.846286,0
1.0,0.9192361,6.87115,0
1.0,0.92909664,7.021594,0
1.0,0.92187935,7.163212,0
1.0,0.90065193,7.363759,0
1.0,0.9052599,6.6681633,0
1.0,0.91552675,6.194479,0
1.0,0.9215566,6.2038856,0
1.0,0.9191218,6.284918,0
1.0,0.9035398,6.1519976,0
1.0,0.9195839,6.1243773,0
1.0,0.92787087,5.623125,0
1.0,0.9315063,5.470838,0
1.0,0.9332991,5.33415,0
1.0,0.94567657,5.7575674,0
1.0,0.9294874,5.340094,0
1.0,0.9248064,4.944191,0
1.0,0.92236024,4.9796133,0
1.0,0.91726613,4.884089,0
1.0,0.89391947,4.7648315,0
1.0,0.8807749,4.8377204,0
1.0,0.87460464,4.6395884,0
1.0,0.8737074,4.632549,0
1.0,0.8591639,4.555693,0
1.0,0.8543728,4.5940714,0
1.0,0.8497261,4.847133,0
1.0,0.84666467,4.762649,0
1.0,0.84808403,4.7124944,0
1.0,0.847079,4.675121,0
1.0,0.8340063,4.7839613,0
1.0,0.8328335,5.1829376,0
1.0,0.81093407,4.7405562,0
1.0,0.8238979,4.737049,0
1.0,0.80717367,4.6413827,0
1.0,0.7929705,4.482284,0
1.0,0.7350992,4.369437,0
1.0,0.7305864,4.0849485,0
1.0,0.7542654,3.8210728,0
1.0,0.7290899,3.7626853,0
1.0,0.7095866,3.7084084,0
1.0,0.7142476,3.9852834,0
1.0,0.700715,4.076954,0
1.0,0.71163714,4.1268454,0
1.0,0.6795087,3.9367201,0
1.0,0.68084985,4.0302896,0
1.0,0.6798888,4.392288,0
1.0,0.6553066,4.298627,0
1.0,0.6465969,4.0329447,0
1.0,0.64265364,4.018358,0
1.0,0.6383064,3.964322,0
1.0,0.6183654,4.0296125,0
1.0,0.5976699,4.0206866,0
1.0,0.60685074,3.7859652,0
1.0,0.6157744,3.797658,0
1.0,0.6002392,3.7599869,0
1.0,0.6124952,3.8570867,0
1.0,0.60351557,4.032749,0
1.0,0.6446009,3.8037853,0
1.0,0.62013894,3.7500339,0
1.0,0.6413569,3.827986,0
1.0,0.5987195,3.752719,0
1.0,0.64323956,4.2795877,0
1.0,0.60640055,3.5215597,0
1.0,0.64235985,3.7832627,0
1.0,0.6176941,3.7320373,0
1.0,0.6614528,3.8928924,0
1.0,0.620322,3.8838208,0
1.0,0.64635485,3.7272558,0
1.0,0.64443976,3.573285,0
1.0,0.674962,3.67524,0
1.0,0.6318716,3.612027,0
1.0,0.66544694,3.9929748,0
1.0,0.6514633,3.7900195,0
1.0,0.69225585,3.5552676,0
1.0,0.6453839,3.3289828,0
1.0,0.6770557,3.3349817,0
1.0,0.66378814,3.2228603,0
1.0,0.67847157,3.4414828,0
1.0,0.68416154,3.1671088,0
1.0,0.70984113,3.399447,0
1.0,0.69573337,3.3901567,0
1.0,0.7028027,3.4057689,0
1.0,0.68637526,3.3073401,0
1.0,0.7115186,3.373588,0
1.0,0.7018545,3.3816977,0
1.0,0.69411474,3.4245653,0
1.0,0.67770123,3.385725,0
1.0,0.697288,3.721842,0
1.0,0.70002145,3.4177012,0
1.0,0.69666696,3.3485236,0
1.0,0.6922202,3.5393558,0
1.0,0.72765774,3.5572855,0
1.0,0.7251434,3.5431118,0
1.0,0.7380481,2.9865968,0
1.0,0.74902165,2.9451742,0
1.0,0.7746946,2.8179834,0
1.0,0.7755381,2.841577,0
1.0,0.7694653,2.775962,0
1.0,0.76882553,2.6902504,0
1.0,0.7829233,2.7833447,0
1.0,0.7712441,2.764327,0
1.0,0.7580076,2.8204863,0
1.0,0.75639164,2.790143,0
1.0,0.76966774,2.4697535,0
1.0,0.7636512,2.3141792,0
1.0,0.755392,2.4173586,0
1.0,0.73934823,2.4123735,0
1.0,0.7530477,2.4171047,0
1.0,0.7489162,2.3935266,0
1.0,0.7510504,1.8316905,0
1.0,0.7502128,1.8211745,0
1.0,0.75825834,1.6737181,0
1.0,0.7550795,1.6532016,0
1.0,0.74131817,1.6780398,0
1.0,0.7384943,1.6215146,0
1.0,0.7338731,1.6519146,0
1.0,0.70876926,1.8000772,0
1.0,0.70325875,1.8603592,0
1.0,0.7119429,1.8742291,0
1.0,0.7237126,1.6517968,0
1.0,0.7023945,1.6706352,0
1.0,0.69948024,1.69484,0
1.0,0.7076799,1.457013,0
1.0,0.7188524,1.5342276,0
1.0,0.69800055,1.5478387,0
1.0,0.71469,1.7485398,0
1.0,0.70731974,1.7626295,0
1.0,0.7073531,1.7427561,0
1.0,0.6919365,1.7391207,0
1.0,0.7040027,1.7198274,0
1.0,0.71764165,1.7345781,0
1.0,0.7249336,1.6855724,0
1.0,0.73649526,1.7297304,0
1.0,0.74304354,1.7345564,0
1.0,0.7450912,1.749157,0
1.0,0.7411969,1.8785132,0
1.0,0.7220073,2.0506315,0
1.0,0.72868395,1.9491391,0
1.0,0.7309688,2.0592363,0
1.0,0.72748154,2.0545974,0
1.0,0.7314497,2.3017735,0
1.0,0.7222545,2.3395543,0
1.0,0.7202443,2.322195,0
1.0,0.6998074,2.2848303,0
1.0,0.6912295,2.2826276,0
1.0,0.6781256,2.2579432,0
1.0,0.6735168,2.32268,0
1.0,0.6543241,2.2258356,0
1.0,0.6674426,2.1007996,0
1.0,0.64730114,2.0050087,0
1.0,0.66781205,2.0935383,0
1.0,0.65259093,1.9771594,0
1.0,0.68225837,1.9926995,0
1.0,0.6463844,1.9669181,0
1.0,0.6613899,1.9779397,0
1.0,0.63416696,2.07441,0
1.0,0.64978313,2.0652037,0
1.0,0.62461805,1.8067856,0
1.0,0.65195525,1.8130649,0
1.0,0.6221324,1.8053697,0
1.0,0.6477335,1.8979175,0
1.0,0.6265933,2.009591,0
1.0,0.6611517,2.1181545,0
1.0,0.65063953,2.0850215,0
1.0,0.67708915,2.1046069,0
1.0,0.6539401,1.9606447,0
1.0,0.69375896,2.0512981,0
1.0,0.67152387,1.8944057,0
1.0,0.7171053,1.8490396,0
1.0,0.7001106,1.8390439,0
1.0,0.7109614,1.7541476,0
1.0,0.6996882,1.9343393,0
1.0,0.7150561,1.8136647,0
1.0,0.6984398,1.7482964,0
1.0,0.71142143,1.7985023,0
1.0,0.77023786,1.9597932,0
1.0,0.76822335,1.9500694,0
1.0,0.80837697,1.9084817,0
1.0,0.786192,1.816838,0
1.0,0.8091115,1.7719606,0
1.0,0.78473014,1.7184851,0
1.0,0.8034531,1.7259842,0
1.0,0.7601083,1.6711957,0
1.0,0.7664776,1.6208969,0
1.0,0.72830266,1.5473622,0
1.0,0.72054064,1.5107598,0
1.0,0.70147353,1.4884481,0
1.0,0.70979196,1.5089185,0
1.0,0.68821883,1.5274963,0
1.0,0.69650626,1.5897074,0
1.0,0.6769866,1.5714619,0
1.0,0.7148905,1.7734878,0
1.0,0.6800344,1.7250577,0
1.0,0.70914817,1.6328051,0
1.0,0.7028097,1.5451019,0
1.0,0.7546939,1.6453936,0
1.0,0.7269963,1.5899839,0
1.0,0.76156765,1.64273,0
1.0,0.73316336,1.7544967,0
1.0,0.71578234,1.7633708,0
1.0,0.71818215,1.8369026,0
1.0,0.6963337,1.9091804,0
1.0,0.7110772,1.9000888,0
1.0,0.7104093,1.7148632,0
1.0,0.7057365,1.6464483,0
1.0,0.67745125,1.6046829,0
1.0,0.699044,1.623517,0
1.0,0.6961482,1.550086,0
1.0,0.71495706,1.5991194,0
1.0,0.70707476,1.7084918,0
1.0,0.73531073,2.0707679,0
1.0,0.7248733,2.0594425,0
1.0,0.7280985,2.0790749,0
1.0,0.7330267,2.0685987,0
1.0,0.74634326,2.0359838,0
1.0,0.74445486,2.0446734,0
1.0,0.7359927,2.3978667,0
1.0,0.7335337,2.4517379,0
1.0,0.71221983,2.4216294,0
1.0,0.7354959,2.3434868,0
1.0,0.7274492,2.2837954,0
1.0,0.7640733,2.292233,0
1.0,0.7595424,2.423861,0
1.0,0.7642461,2.3036644,0
1.0,0.7491307,2.1865764,0
1.0,0.7580854,2.3879147,0
1.0,0.7594435,2.4509282,0
1.0,0.76096934,2.637806,0
1.0,0.74444294,2.621965,0
1.0,0.7597984,2.797494,0
1.0,0.75193745,2.5851772,0
1.0,0.7645841,2.5797381,0
1.0,0.7481618,2.3956378,0
1.0,0.76676565,2.3349836,0
1.0,0.74447143,2.303947,0
1.0,0.7604565,2.390555,0
1.0,0.74950004,2.4241996,0
1.0,0.7626859,2.4466634,0
1.0,0.7417302,2.42759,0
1.0,0.76611596,2.442311,0
1.0,0.7545312,2.4147463,0
1.0,0.7809112,2.5706332,0
1.0,0.75000113,2.229292,0
1.0,0.7868685,2.302485,0
1.0,0.77928805,2.3266544,0
1.0,0.79038477,2.3524718,0
1.0,0.7810533,2.3166838,0
1.0,0.79664785,2.4741454,0
1.0,0.79550964,2.118518,0
1.0,0.7998509,2.0626848,0
1.0,0.79418105,2.1982288,0
1.0,0.80544806,2.1108375,0
1.0,0.78591,2.1293979,0
1.0,0.7858657,2.16299,0
1.0,0.7686244,2.4318457,0
1.0,0.7852015,2.420497,0
1.0,0.7657682,2.377348,0
1.0,0.7824209,2.240911,0
1.0,0.7730226,2.2013907,0
1.0,0.7997971,2.0098693,0
1.0,0.79663026,2.3588438,0
1.0,0.8113726,2.4272213,0
1.0,0.80271035,2.491167,0
1.0,0.8211558,2.5765152,0
1.0,0.80220485,2.8488271,0
1.0,0.8130787,2.8878343,0
1.0,0.80586267,2.8472228,0
1.0,0.816458,2.8012385,0
1.0,0.8009008,2.7544105,0
1.0,0.80216265,2.764576,0
1.0,0.7876404,3.202972,0
1.0,0.7946337,3.214267,0
1.0,0.7726443,3.2201922,0
1.0,0.7811825,2.9934218,0
1.0,0.76369727,2.91858,0
1.0,0.7716247,3.0360138,0
1.0,0.74783635,3.6713457,0
1.0,0.7594222,3.688017,0
1.0,0.7229813,3.9892163,0
1.0,0.74123263,4.014862,0
1.0,0.7086201,4.48757,0
1.0,0.7248637,4.5215054,0
1.0,0.6827885,4.321044,0
1.0,0.69782424,4.337392,0
1.0,0.6479401,4.295299,0
1.0,0.6602928,4.561546,0
1.0,0.6254723,4.759444,0
1.0,0.6392385,4.832963,0
1.0,0.60558885,4.925094,0
1.0,0.6093092,4.9120216,0
1.0,0.5865139,4.837759,0
1.0,0.58442694,4.849539,0
1.0,0.5625795,4.6953406,0
1.0,0.5797585,4.695136,0
1.0,0.54954034,4.8255396,0
1.0,0.5543943,5.23958,0
1.0,0.5272622,5.151785,0
1.0,0.55329645,5.135404,0
1.0,0.523899,5.114684,0
1.0,0.5454428,5.148017,0
1.0,0.5299428,5.03348,0
1.0,0.5524744,5.335802,0
1.0,0.5488261,4.988974,0
1.0,0.5680306,5.234633,0
1.0,0.5593734,5.1858735,0
1.0,0.5740415,5.5097404,0
1.0,0.5787591,5.532242,0
1.0,0.578261,5.42673,0
1.0,0.5775984,4.7453423,0
1.0,0.60569245,5.0468454,0
1.0,0.6009994,4.725108,0
1.0,0.6133056,5.1332884,0
1.0,0.62475634,4.7203927,0
1.0,0.6525796,4.83834,0
1.0,0.63131046,4.871336,0
1.0,0.64554995,4.928351,0
1.0,0.63595414,4.8315425,0
1.0,0.66919625,4.7927456,0
1.0,0.6640203,4.1324663,0
1.0,0.6897473,4.169762,0
1.0,0.66039133,4.1704745,0
1.0,0.70766187,4.444863,0
1.0,0.70951927,4.5039845,0
1.0,0.7309015,4.5109873,0
1.0,0.7233319,4.3179398,0
1.0,0.7607289,4.3146033,0
1.0,0.75322515,4.1770306,0
1.0,0.7691684,3.9408238,0
1.0,0.7616301,3.7226708,0
1.0,0.7871636,3.8244305,0
1.0,0.7665641,3.7945247,0
1.0,0.7917468,3.8346806,0
1.0,0.7753565,3.8144825,0
1.0,0.7990333,3.6094458,0
1.0,0.77818555,3.5345433,0
1.0,0.7762967,3.4214818,0
1.0,0.76806813,3.5002186,0
1.0,0.80124897,3.5115347,0
1.0,0.8071248,3.4942303,0
1.0,0.81960523,3.5153484,0
1.0,0.82227284,3.5015523,0
1.0,0.8398552,3.3228807,0
1.0,0.82449204,3.3605807,0
1.0,0.82320434,2.904394,0
1.0,0.82290864,2.8843675,0
1.0,0.8266958,2.8080332,0
1.0,0.8037522,3.2237825,0
1.0,0.8076338,3.2414098,0
1.0,0.80579996,3.2828238,0
1.0,0.81792265,3.1057024,0
1.0,0.8076866,3.0948358,0
1.0,0.8094805,3.0336757,0
1.0,0.80958337,3.031938,0
1.0,0.8249318,2.7958546,0
1.0,0.8142778,2.8357935,0
1.0,0.8103197,2.9086046,0
1.0,0.80977,2.9645784,0
1.0,0.81917536,2.8817332,0
1.0,0.81490517,2.8785763,0
1.0,0.8289061,2.638298,0
1.0,0.827685,2.6132858,0
1.0,0.83119357,2.6240058,0
1.0,0.8176971,2.7976694,0
1.0,0.8318997,2.8201506,0
1.0,0.82447755,2.8162954,0
1.0,0.8257839,2.7698216,0
1.0,0.81124043,2.7142098,0
1.0,0.81888366,2.663794,0
1.0,0.81717366,2.7477088,0
1.0,0.826134,2.4365244,0
1.0,0.819749,2.404117,0
1.0,0.8235421,2.4924493,0
1.0,0.813968,2.535594,0
1.0,0.81877214,2.5062904,0
1.0,0.8070168,2.3645883,0
1.0,0.817535,2.263275,0
1.0,0.80650115,2.165347,0
1.0,0.80396485,2.229485,0
1.0,0.7919933,1.7516477,0
1.0,0.78861815,1.6862725,0
1.0,0.7683196,1.6076852,0
1.0,0.75883704,1.7146895,0
1.0,0.7577319,1.7078851,0
1.0,0.7524408,1.7241266,0
1.0,0.7461798,1.652564,0
1.0,0.74412227,1.6570652,0
1.0,0.755882,1.5742567,0
1.0,0.75309753,1.5155292,0
1.0,0.75233334,1.4260406,0
1.0,0.7427721,1.4220455,0
1.0,0.75450695,1.4071082,0
1.0,0.72516346,1.3280398,0
1.0,0.6989823,1.2843359,0
1.0,0.688131,1.2497146,0
1.0,0.70108217,1.152421,0
1.0,0.67987686,1.1172523,0
1.0,0.66968143,1.2151802,0
1.0,0.66456264,1.2523323,0
1.0,0.6825154,1.2660468,0
1.0,0.6731658,1.2427187,0
1.0,0.68032146,1.1930815,0
1.0,0.6748082,1.2118988,0
1.0,0.7067377,1.3252833,0
1.0,0.70957965,1.2857862,0
1.0,0.7152741,1.2595712,0
1.0,0.71305066,1.2635062,0
1.0,0.7301587,1.4393271,0
1.0,0.72482926,1.5545125,0
1.0,0.72929883,1.5511724,0
1.0,0.7147005,1.521106,0
1.0,0.72784734,1.509944,0
1.0,0.7026135,1.4665372,0
1.0,0.7108727,1.5402217,0
1.0,0.69981647,1.3988962,0
1.0,0.72946334,1.482102,0
1.0,0.71726984,1.4665607,0
1.0,0.741192,1.6824284,0
1.0,0.73429525,1.7039689,0
1.0,0.74777514,1.7348084,0
1.0,0.7572187,1.7303557,0
1.0,0.773243,1.7545841,0
1.0,0.77208054,1.7484785,0
1.0,0.7702238,1.9576343,0
1.0,0.7654542,2.013837,0
1.0,0.74650246,2.1795335,0
1.0,0.7395154,2.1201935,0
1.0,0.7380479,2.0949838,0
1.0,0.72704154,2.143269,0
1.0,0.73300326,2.1527557,0
1.0,0.72944015,2.0555923,0
1.0,0.7208579,2.075903,0
1.0,0.708599,2.064179,0
1.0,0.704469,2.0465775,0
1.0,0.7097426,2.0293188,0
1.0,0.70655817,2.0127945,0
1.0,0.6950822,1.9692225,0
1.0,0.68461883,1.9611688,0
1.0,0.6743648,2.0206285,0
1.0,0.66218233,1.8985054,0
1.0,0.66185874,1.8370724,0
1.0,0.6529061,1.8824676,0
1.0,0.65372616,1.8778447,0
1.0,0.64149773,1.9167745,0
1.0,0.63752747,1.9129053,0
1.0,0.6123811,1.8403392,0
1.0,0.60889274,1.908075,0
1.0,0.59825236,1.884505,0
1.0,0.5944831,1.976183,0
1.0,0.6069191,1.8233496,0
1.0,0.6095409,1.9445045,0
1.0,0.60544413,2.0621583,0
1.0,0.59718835,2.0556617,0
1.0,0.5900482,2.0731573,0
1.0,0.5979019,2.1521468,0
1.0,0.6053245,1.9009897,0
1.0,0.60405105,2.002369,0
1.0,0.5992214,1.8141567,0
1.0,0.58814865,1.858811,0
1.0,0.580881,1.9044478,0
1.0,0.58755124,1.8369961,0
1.0,0.57712805,1.7538018,0
1.0,0.582911,1.7607856,0
1.0,0.55490834,1.6716576,0
1.0,0.5721322,1.7716734,0
1.0,0.5628323,1.6842315,0
1.0,0.5786463,1.7837077,0
1.0,0.5545051,1.7157648,0
1.0,0.55993074,1.7786434,0
1.0,0.5488535,1.7670715,0
1.0,0.5705209,1.6970767,0
1.0,0.5741309,1.7480627,0
1.0,0.5893483,1.7736766,0
1.0,0.5652372,1.7481732,0
1.0,0.58377844,1.7710001,0
1.0,0.5884126,1.7924429,0
1.0,0.58851177,1.9012799,0
1.0,0.5815224,1.9388032,0
1.0,0.56740063,1.9091411,0
1.0,0.56034726,1.8807104,0
1.0,0.56140035,1.925706,0
1.0,0.57088625,1.8304024,0
1.0,0.55531687,1.9282868,0
1.0,0.54727733,1.78487,0
1.0,0.533375,2.0063486,0
1.0,0.56597716,2.0111773,0
1.0,0.5543869,1.9391512,0
1.0,0.5782659,1.9742503,0
1.0,0.56507725,2.0338666,0
1.0,0.58014786,1.9862121,0
1.0,0.5625219,1.9593905,0
1.0,0.599455,1.9717261,0
1.0,0.578331,1.9917902,0
1.0,0.59057605,2.004756,0
1.0,0.5371193,2.037099,0
1.0,0.55488884,2.0295377,0
1.0,0.51973903,2.009869,0
1.0,0.54861635,2.0018158,0
1.0,0.49645552,1.9385743,0
1.0,0.5149374,1.9830046,0
1.0,0.5060217,1.9285789,0
1.0,0.5435481,1.9232805,0
1.0,0.5252562,1.9661877,0
1.0,0.55995256,1.9004179,0
1.0,0.5413172,1.818602,0
1.0,0.55902463,1.808636,0
1.0,0.5528722,1.7593623,0
1.0,0.5599235,1.731558,0
1.0,0.55110705,1.6448753,0
1.0,0.5531243,1.7423947,0
1.0,0.5507313,1.7428916,0
1.0,0.5853815,1.7398043,0
1.0,0.58218193,1.6072625,0
1.0,0.58911675,1.5972188,0
1.0,0.5749474,1.351959,0
1.0,0.5764234,1.3465798,0
1.0,0.5711052,1.1375791,0
1.0,0.56124157,1.1648965,0
1.0,0.5674421,1.1621722,0
1.0,0.58168966,1.1205285,0
1.0,0.5630579,0.9354507,0
1.0,0.55160195,0.94574916,0
1.0,0.53015685,0.96345764,0
1.0,0.53053135,0.84238887,0
1.0,0.518647,1.0676405,0
1.0,0.5165448,1.0360502,0
1.0,0.51008177,1.0570992,0
1.0,0.51385134,1.0485494,0
1.0,0.50769764,0.99215806,0
1.0,0.52942914,0.97199595,0
1.0,0.5258938,0.95002365,0
1.0,0.55438304,0.9237629,0
1.0,0.53559035,0.9724376,0
1.0,0.5474943,0.947361,0
1.0,0.5162096,0.9536387,0
1.0,0.5089872,0.9305264,0
1.0,0.46754187,0.93708146,0
1.0,0.4908352,0.9166013,0
1.0,0.4593247,0.9465302,0
1.0,0.45529833,0.8887613,0
1.0,0.43194038,0.89994204,0
1.0,0.47661537,0.84096986,0
1.0,0.4586444,0.8524883,0
1.0,0.47611016,0.8432896,0
1.0,0.4407012,0.8445585,0
1.0,0.4842503,0.82442844,0
1.0,0.45998254,0.8362614,0
1.0,0.5039098,0.82024205,0
1.0,0.45770028,0.8177682,0
1.0,0.48228273,0.8140827,0
1.0,0.44940677,0.8185797,0
1.0,0.47014493,0.90235883,0
1.0,0.43371835,0.88402283,0
1.0,0.44683155,0.87824047,0
1.0,0.41443506,0.8585781,0
1.0,0.43658328,0.9213103,0
1.0,0.4292826,0.7189197,0
1.0,0.44500577,0.7839025,0
1.0,0.43755132,0.7590136,0
1.0,0.45315716,0.754318,0
1.0,0.47425985,0.78612983,0
1.0,0.46308228,0.79422736,0
1.0,0.4910631,0.7975941,0
1.0,0.48095012,0.7702997,0
1.0,0.50403696,0.7282847,0
1.0,0.46376503,0.74030477,0
1.0,0.47052485,0.7352276,0
1.0,0.44948262,0.72679067,0
1.0,0.49338344,0.7865402,0
1.0,0.4380653,0.79941237,0
1.0,0.4778335,0.8439256,0
1.0,0.45905828,0.87620604,0
1.0,0.5249782,0.8572296,0
1.0,0.47423092,0.82211053,0
1.0,0.5021203,0.8382773,0
1.0,0.50430375,0.8277926,0
1.0,0.5265756,0.95998996,0
1.0,0.4703953,1.03976,0
1.0,0.47765344,1.0583029,0
1.0,0.48476836,1.0862763,0
1.0,0.51617163,1.0765915,0
1.0,0.48256063,1.0450275,0
1.0,0.49423093,1.1137472,0
1.0,0.50279,1.0166762,0
1.0,0.5108409,1.1133711,0
1.0,0.4972955,1.117173,0
1.0,0.48427495,1.2435653,0
1.0,0.5227531,1.2133441,0
1.0,0.51387227,1.2343315,0
1.0,0.5152166,1.1673143,0
1.0,0.51172674,1.1840986,0
1.0,0.5568491,1.163125,0
1.0,0.5434776,1.3204136,0
1.0,0.5469304,1.3257833,0
1.0,0.511228,1.4724689,0
1.0,0.55271363,1.4488926,0
1.0,0.52784157,1.5274819,0
1.0,0.52888834,1.5427994,0
1.0,0.50786006,1.6356581,0
1.0,0.519494,1.634387,0
1.0,0.52888864,1.6699091,0
1.0,0.54189897,1.676195,0
1.0,0.53388715,1.6193235,0
1.0,0.5482214,1.5859538,0
1.0,0.51753175,1.5788741,0
1.0,0.52531725,1.5748825,0
1.0,0.5078467,1.4963366,0
1.0,0.53191537,1.53993,0
1.0,0.5054924,1.5460354,0
1.0,0.504073,1.4835392,0
1.0,0.49392334,1.4951403,0
1.0,0.5126381,1.4684486,0
1.0,0.5045844,1.5358484,0
1.0,0.5104715,1.539257,0
1.0,0.4906721,1.4979875,0
1.0,0.48831034,1.5117819,0
1.0,0.4921576,1.437146,0
1.0,0.49871287,1.4414573,0
1.0,0.48830307,1.3544513,0
1.0,0.47457466,1.3335698,0
1.0,0.4480458,1.3216083,0
1.0,0.46790138,1.3094587,0
1.0,0.43965876,1.2977905,0
1.0,0.44726804,1.3069972,0
1.0,0.4057517,1.1418207,0
1.0,0.40720424,1.1283712,0
1.0,0.38209036,1.027575,0
1.0,0.38455626,1.0712003,0
1.0,0.36577424,1.0130713,0
1.0,0.36669746,0.9865293,0
1.0,0.3393764,0.89317554,0
1.0,0.34450978,0.8864342,0
1.0,0.32246572,0.80994904,0
1.0,0.3366006,0.7591333,0
1.0,0.33623502,0.7487178,0
1.0,0.346113,0.73965144,0
1.0,0.34423184,0.7432859,0
1.0,0.34393027,0.7455659,0
1.0,0.33329728,0.8117312,0
1.0,0.33248073,0.7461287,0
1.0,0.30989903,0.6162398,0
1.0,0.3057782,0.62878907,0
1.0,0.2951575,0.6184821,0
1.0,0.2929389,0.63533795,0
1.0,0.2884418,0.5535821,0
1.0,0.27820185,0.557801,0
1.0,0.28085932,0.5258936,0
1.0,0.28961903,0.54006094,0
1.0,0.3028889,0.5715629,0
1.0,0.32025245,0.6022688,0
1.0,0.33510774,0.5516343,0
1.0,0.35047802,0.54781395,0
1.0,0.3885258,0.5742602,0
1.0,0.39725485,0.56756437,0
1.0,0.42509797,0.681795,0
1.0,0.4129264,0.72641045,0
1.0,0.45457083,0.7822678,0
1.0,0.43347195,0.86748403,0
1.0,0.4570994,0.87067455,0
1.0,0.43921834,0.8325603,0
1.0,0.48475805,0.9136119,0
1.0,0.47107914,0.9257388,0
1.0,0.5412421,0.9543439,0
1.0,0.5388404,0.96308833,0
1.0,0.59656906,0.99535775,0
1.0,0.56031823,0.9924928,0
1.0,0.6134992,1.0514266,0
1.0,0.57903427,1.0314646,0
1.0,0.6246935,1.0164322,0
1.0,0.5977667,1.0861969,0
1.0,0.6507598,1.115355,0
1.0,0.6143573,1.0895908,0
1.0,0.6523707,1.1277113,0
1.0,0.6279465,1.1851335,0
1.0,0.67396945,1.2469836,0
1.0,0.6357162,1.2773495,0
1.0,0.6720724,1.3339732,0
1.0,0.6564092,1.2482952,0
1.0,0.7068117,1.2973024,0
1.0,0.69400436,1.3101786,0
1.0,0.70387596,1.4286973,0
1.0,0.70489424,1.508518,0
1.0,0.736267,1.5666168,0
1.0,0.74213433,1.4899466,0
1.0,0.7394934,1.4246349,0
1.0,0.72759634,1.4656079,0
1.0,0.7168255,1.4480135,0
1.0,0.71923,1.4150432,0
1.0,0.6633582,1.2614261,0
1.0,0.66264045,1.1906158,0
1.0,0.6204981,1.1523273,0
1.0,0.6417508,1.1833923,0
1.0,0.6248348,1.0525916,0
1.0,0.67300415,1.1056261,0
1.0,0.6524065,1.0871881,0
1.0,0.68073976,1.3940241,0
1.0,0.6703524,1.5100474,0
1.0,0.6850143,1.5926337,0
1.0,0.66972846,1.5269225,0
1.0,0.7016826,1.6129577,0
1.0,0.6681585,1.7468154,0
1.0,0.6833457,1.9711593,0
1.0,0.6728306,1.9307854,0
1.0,0.7009174,1.9816523,0
1.0,0.66385025,1.8969922,0
1.0,0.65724087,1.804356,0
1.0,0.64043576,1.8853962,0
1.0,0.67934996,1.9164872,0
1.0,0.6687987,1.8753698,0
1.0,0.6579133,1.8565204,0
1.0,0.64488465,1.8505479,0
1.0,0.6412273,1.9956409,0
1.0,0.6170328,1.8723478,0
1.0,0.66380006,1.8615946,0
1.0,0.67152774,1.8594494,0
1.0,0.67546403,1.9796503,0
1.0,0.64747,2.04642,0
1.0,0.6518135,2.064946,0
1.0,0.6510689,1.9776299,0
1.0,0.6569868,1.9964674,0
1.0,0.62793773,1.9991745,0
1.0,0.648426,2.0926251,0
1.0,0.652448,2.0984032,0
1.0,0.6652932,2.1173759,0
1.0,0.6485312,2.075653,0
1.0,0.67542726,2.1432204,0
1.0,0.6710807,2.274578,0
1.0,0.6909386,2.1545358,0
1.0,0.69791424,2.0157368,0
1.0,0.71499497,1.9883859,0
1.0,0.70193845,1.9745626,0
1.0,0.69702893,1.93327,0
1.0,0.67157745,1.714794,0
1.0,0.7112428,1.5375851,0
1.0,0.69529194,1.493619,0
1.0,0.68990195,1.502604,0
1.0,0.65455073,1.5277452,0
1.0,0.66732514,1.634083,0
1.0,0.6589991,1.4849105,0
1.0,0.65789926,1.4392505,0
1.0,0.64573425,1.421375,0
1.0,0.6440078,1.4188007,0
1.0,0.64972436,1.5133426,0
1.0,0.6341236,1.393975,0
1.0,0.64196956,1.3615382,0
1.0,0.6330958,1.334047,0
1.0,0.62509227,1.3231952,0
1.0,0.59810984,1.1914377,0
1.0,0.6114024,1.0885243,0
1.0,0.636532,1.0556867,0
1.0,0.61254925,1.0227363,0
1.0,0.6109582,1.0117707,0
1.0,0.57830215,0.99210775,0
1.0,0.6061607,0.98060006,0
1.0,0.5614019,0.9305439,0
1.0,0.56054115,0.9337591,0
1.0,0.52365273,0.9068711,0
1.0,0.53244317,0.9027254,0
1.0,0.5082712,0.8884523,0
1.0,0.5325636,0.8314823,0
1.0,0.5074478,0.8096817,0
1.0,0.54664326,0.8391547,0
1.0,0.4990652,0.7917416,0
1.0,0.5436423,0.870826,0
1.0,0.503174,0.95981866,0
1.0,0.56997633,0.9859837,0
1.0,0.5054255,0.9266318,0
1.0,0.5606944,0.97569966,0
1.0,0.5009817,0.89282084,0
1.0,0.58423764,0.96892846,0
1.0,0.5384431,0.9270943,0
1.0,0.59142643,0.97580826,0
1.0,0.54067457,1.0151299,0
1.0,0.5701756,1.0399733,0
1.0,0.55838346,1.0162432,0
1.0,0.59707505,0.96845484,0
1.0,0.58831555,0.96901774,0
1.0,0.613449,0.9903213,0
1.0,0.5926489,0.9794345,0
1.0,0.6064851,0.99587345,0
1.0,0.59119695,1.0826031,0
1.0,0.6048353,1.1201622,0
1.0,0.5953693,1.1881394,0
1.0,0.5959387,1.2108142,0
1.0,0.61024797,1.2926888,0
1.0,0.6092033,1.2503262,0
1.0,0.63088703,1.2644694,0
1.0,0.62999815,1.2613974,0
1.0,0.64732534,1.2815225,0
1.0,0.6299147,1.3094196,0
1.0,0.65152943,1.3350616,0
1.0,0.6505336,1.3070745,0
1.0,0.6511208,1.3307514,0
1.0,0.6272228,1.3013583,0
1.0,0.63169134,1.3092393,0
1.0,0.63340425,1.2855041,0
1.0,0.6440895,1.195847,0
1.0,0.63826644,1.1885529,0
1.0,0.6236428,1.1800027,0
1.0,0.6222301,1.2451774,0
1.0,0.6138134,1.350023,0
1.0,0.6400766,1.3136551,0
1.0,0.6613348,1.3493655,0
1.0,0.68492997,1.3782339,0
1.0,0.6720012,1.3187032,0
1.0,0.69211257,1.6955516,0
1.0,0.7092389,1.7357016,0
1.0,0.70040286,1.8695859,0
1.0,0.6865538,1.8621182,0
1.0,0.68903494,1.9291427,0
1.0,0.6884927,1.9304005,0
1.0,0.6848042,1.9889872,0
1.0,0.6636469,1.8800919,0
1.0,0.6668641,1.871639,0
1.0,0.66369164,1.820822,0
1.0,0.65985477,1.8873403,0
1.0,0.66580576,1.7603278,0
1.0,0.6821155,1.7686876,0
1.0,0.7039034,1.7974675,0
1.0,0.6924243,1.7990127,0
1.0,0.6853094,1.8153589,0
1.0,0.6947444,1.8386742,0
1.0,0.7125405,1.7441564,0
1.0,0.69925636,1.7188389,0
1.0,0.68374175,1.6831357,0
1.0,0.69149876,1.8349471,0
1.0,0.6826617,1.8877707,0
1.0,0.66683614,1.8400383,0
1.0,0.66858584,1.801791,0
1.0,0.6787919,1.8120892,0
1.0,0.67427576,1.825253,0
1.0,0.6935712,1.9990513,0
1.0,0.6885343,1.830566,0
1.0,0.7195484,1.9676108,0
1.0,0.70058024,1.922935,0
1.0,0.7061161,2.0070038,0
1.0,0.6949209,2.1410801,0
1.0,0.72599137,1.8727113,0
1.0,0.70035505,1.7205579,0
1.0,0.693524,1.5730307,0
1.0,0.66995656,1.6031775,0
1.0,0.6951866,1.7653897,0
1.0,0.66435665,1.714171,0
1.0,0.67319286,1.6457106,0
1.0,0.64781487,1.6431507,0
1.0,0.6885983,1.6803125,0
1.0,0.6583626,1.6726408,0
1.0,0.6902029,1.7970809,0
1.0,0.68600905,1.7970328,0
1.0,0.72076964,1.8388857,0
1.0,0.7006706,1.9471374,0
1.0,0.7176325,1.9624864,0
1.0,0.706029,1.926336,0
1.0,0.7405964,1.9078119,0
1.0,0.7275978,1.8384733,0
1.0,0.73548925,1.8700042,0
1.0,0.7201067,1.9523892,0
1.0,0.72439057,1.8117683,0
1.0,0.7021834,1.73711,0
1.0,0.7048819,1.8019569,0
1.0,0.7020435,1.8897685,0
1.0,0.70921886,1.9383006,0
1.0,0.7042218,2.145773,0
1.0,0.72979426,1.9893036,0
1.0,0.7438782,2.107069,0
1.0,0.7718937,2.033032,0
1.0,0.7626636,2.3255663,0
1.0,0.7688114,2.2755003,0
1.0,0.7797011,2.1059675,0
1.0,0.7822872,2.0567725,0
1.0,0.76985633,2.0637805,0
1.0,0.76776314,2.0905533,0
1.0,0.777325,2.378683,0
1.0,0.7768114,2.170672,0
1.0,0.75809425,2.1862733,0
1.0,0.75862265,2.1928954,0
1.0,0.7524055,2.1812153,0
1.0,0.7382872,2.2032487,0
1.0,0.71791595,2.1143608,0
1.0,0.727975,1.9395068,0
1.0,0.7274705,1.9261494,0
1.0,0.7247333,1.9783492,0
1.0,0.7168513,2.286898,0
1.0,0.7290177,2.3016865,0
1.0,0.72668326,2.3132825,0
1.0,0.7375882,2.3487406,0
1.0,0.72591436,2.3465614,0
1.0,0.733382,2.4486816,0
1.0,0.7244362,2.5034275,0
1.0,0.7311598,2.5140777,0
1.0,0.7154572,2.4942403,0
1.0,0.70923734,2.4988258,0
1.0,0.70458776,2.5120528,0
1.0,0.7101246,2.4871137,0
1.0,0.7087914,2.262487,0
1.0,0.7104785,2.210898,0
1.0,0.69649905,2.0949388,0
1.0,0.7037182,2.230206,0
1.0,0.69747716,2.0918415,0
1.0,0.7086336,2.0798757,0
1.0,0.6974736,2.0727308,0
1.0,0.71614885,2.1743028,0
1.0,0.70413846,2.1592822,0
1.0,0.71134126,2.1730669,0
1.0,0.71664786,1.8371062,0
1.0,0.7448882,1.9174514,0
1.0,0.73168576,1.8890442,0
1.0,0.7383564,1.9086207,0
1.0,0.7277907,1.9353616,0
1.0,0.7399263,1.94979,0
1.0,0.73526764,1.9422112,0
1.0,0.7321732,1.9410434,0
1.0,0.7354411,1.9288832,0
1.0,0.72615826,1.968738,0
1.0,0.74306315,1.7111843,0
1.0,0.73660034,1.7188898,0
1.0,0.7299957,1.6815646,0
1.0,0.7225526,1.6497636,0
1.0,0.71973825,1.6195567,0
1.0,0.71183825,1.5415235,0
1.0,0.7243492,1.6118921,0
1.0,0.67901886,1.5323114,0
1.0,0.66780317,1.5212969,0
1.0,0.6374151,1.5684515,0
1.0,0.6639413,1.7918409,0
1.0,0.65153235,1.8043089,0
1.0,0.6855641,1.8854599,0
1.0,0.6782699,1.8718882,0
1.0,0.69934374,1.90591,0
1.0,0.697507,1.9368817,0
1.0,0.73147875,2.0565681,0
1.0,0.71959543,2.0728922,0
1.0,0.74541473,2.1202126,0
1.0,0.73594904,2.1250346,0
1.0,0.75883174,2.2186487,0
1.0,0.75672907,2.1809688,0
1.0,0.76475143,2.1997952,0
1.0,0.7763955,2.1864657,0
1.0,0.79516715,2.2120872,0
1.0,0.792025,2.4339714,0
1.0,0.79485816,2.5198123,0
1.0,0.7926528,2.4762392,0
1.0,0.7705255,2.4279878,0
1.0,0.7511642,2.3904152,0
1.0,0.75899994,2.4404893,0
1.0,0.7388103,2.6034312,0
1.0,0.7731639,2.870103,0
1.0,0.7533673,2.8015752,0
1.0,0.7552636,2.8126955,0
1.0,0.73054737,2.7611632,0
1.0,0.72865736,2.8480358,0
1.0,0.6942337,2.936626,0
1.0,0.7561208,2.9900005,0
1.0,0.75551593,3.00884,0
1.0,0.7713924,3.023954,0
1.0,0.7239307,2.7182255,0
1.0,0.75261194,2.51869,0
1.0,0.7612089,2.4934545,0
1.0,0.811196,2.6101048,0
1.0,0.7531847,2.5734043,0
1.0,0.7781728,2.6334243,0
1.0,0.7039243,2.301219,0
1.0,0.7141092,2.267499,0
1.0,0.6628103,2.1577094,0
1.0,0.7149134,2.3253653,0
1.0,0.67326516,2.2927814,0
1.0,0.7256921,2.317539,0
1.0,0.7022668,2.2782068,0
1.0,0.747548,2.3802109,0
1.0,0.7159406,2.4236937,0
1.0,0.7399716,2.5215902,0
1.0,0.70289797,2.2294188,0
1.0,0.74242043,2.213859,0
1.0,0.72544223,2.1832156,0
1.0,0.74361193,2.214093,0
1.0,0.7332516,2.475409,0
1.0,0.73691803,2.486324,0
1.0,0.7337933,2.175187,0
1.0,0.7572631,2.0360887,0
1.0,0.76279104,2.0709448,0
1.0,0.76208013,2.0731359,0
1.0,0.7449852,2.0533028,0
1.0,0.7483277,1.9698045,0
1.0,0.75634724,1.7616339,0
1.0,0.75249445,1.754291,0
1.0,0.7597928,1.8443193,0
1.0,0.75797063,1.832705,0
1.0,0.76172507,1.8394346,0
1.0,0.7528581,1.9757242,0
1.0,0.75686723,2.222129,0
1.0,0.75676936,2.351575,0
1.0,0.76441306,2.308875,0
1.0,0.7615526,2.3165517,0
1.0,0.7658211,2.3448186,0
1.0,0.7606469,2.3570619,0
1.0,0.7682739,2.4322736,0
1.0,0.78631765,2.4215808,0
1.0,0.7945312,2.2716546,0
1.0,0.7873556,2.2854,0
1.0,0.77906466,2.2936776,0
1.0,0.76099885,2.2890296,0
1.0,0.7814023,2.2408223,0
1.0,0.7910799,2.1851432,0
1.0,0.8044991,2.358358,0
1.0,0.7567151,2.2273452,0
1.0,0.7506782,2.2245693,0
1.0,0.7325441,2.265067,0
1.0,0.73431623,1.9793681,0
1.0,0.7019247,1.9677942,0
1.0,0.701008,2.2289371,0
1.0,0.6914045,2.1201243,0
1.0,0.70339274,2.1244693,0
1.0,0.71040773,2.142916,0
1.0,0.73717064,2.2289445,0
1.0,0.73615074,2.260899,0
1.0,0.73732346,2.3020751,0
1.0,0.75112015,2.322674,0
1.0,0.7610973,2.2777505,0
1.0,0.7652456,2.326459,0
1.0,0.75767845,2.4513218,0
1.0,0.7265741,2.250616,0
1.0,0.73305625,2.141888,0
1.0,0.78435135,2.279101,0
1.0,0.7777545,2.2663555,0
1.0,0.77898324,2.2856517,0
1.0,0.775083,2.2902944,0
1.0,0.8386042,2.2510505,0
1.0,0.8274622,2.1358156,0
1.0,0.8470443,2.2269144,0
1.0,0.83701944,2.288404,0
1.0,0.88351965,2.468476,0
1.0,0.882015,2.4301484,0
1.0,0.8927852,2.4282732,0
1.0,0.87149066,2.3863103,0
1.0,0.9111453,2.5485044,0
1.0,0.90168935,2.450369,0
1.0,0.9174541,2.4115653,0
1.0,0.90477806,2.3561158,0
1.0,0.9317138,2.3708415,0
1.0,0.91829616,2.439888,0
1.0,0.92189556,2.528263,0
1.0,0.90850526,2.2592053,0
1.0,0.93556595,2.2579775,0
1.0,0.9374929,2.3241591,0
1.0,0.9407543,2.48497,0
1.0,0.93974614,2.6099682,0
1.0,0.94634986,2.6202917,0
1.0,0.95150584,2.5874033,0
1.0,0.94481415,2.5009565,0
1.0,0.9464868,2.5454614,0
1.0,0.94597495,2.5161185,0
1.0,0.9523863,2.4000435,0
1.0,0.9434111,2.2753468,0
1.0,0.9439432,2.1384034,0
1.0,0.9279285,2.0031896,0
1.0,0.93621176,2.151691,0
1.0,0.92918533,2.1500905,0
1.0,0.94988227,2.2796483,0
1.0,0.94098467,2.3379374,0
1.0,0.94581187,2.3304806,0
1.0,0.9382198,2.2970874,0
1.0,0.9510625,2.3731058,0
1.0,0.95121455,2.4229035,0
1.0,0.95597285,2.524078,0
1.0,0.9547177,2.4870005,0
1.0,0.95782256,2.44936,0
1.0,0.93742746,2.3693013,0
1.0,0.9435236,2.478547,0
1.0,0.928425,2.5067534,0
1.0,0.93832105,2.5651367,0
1.0,0.9028406,2.5512748,0
1.0,0.8917115,2.4177752,0
1.0,0.86530006,2.1676614,0
1.0,0.8817095,2.3746939,0
1.0,0.84052557,2.236557,0
1.0,0.83776903,2.1777906,0
1.0,0.8191277,2.0948925,0
1.0,0.8428261,1.9754496,0
1.0,0.81826437,1.9470549,0
1.0,0.8261828,2.0135462,0
1.0,0.8113094,1.9156574,0
1.0,0.8028593,1.8559437,0
1.0,0.7719763,1.9165242,0
1.0,0.790218,2.012739,0
1.0,0.7801711,1.9918023,0
1.0,0.78631145,2.0092432,0
1.0,0.77433,1.8866223,0
1.0,0.775156,1.7890614,0
1.0,0.76820695,1.8043777,0
1.0,0.77123004,1.7018445,0
1.0,0.76579654,1.6686366,0
1.0,0.74129367,1.6282029,0
1.0,0.7303359,1.5963199,0
1.0,0.7325365,1.5832933,0
1.0,0.7255723,1.4948411,0
1.0,0.716673,1.4224994,0
1.0,0.70339644,1.4095314,0
1.0,0.6953868,1.388967,0
1.0,0.6791082,1.4354041,0
1.0,0.67047393,1.4451027,0
1.0,0.655228,1.3767977,0
1.0,0.6506109,1.4132595,0
1.0,0.6342837,1.319532,0
1.0,0.6179207,1.3153763,0
1.0,0.61405164,1.4234234,0
1.0,0.64003915,1.2467965,0
1.0,0.6246803,1.3424002,0
1.0,0.6260582,1.3474994,0
1.0,0.6082444,1.3120642,0
1.0,0.6230992,1.4386384,0
1.0,0.5920469,1.3688548,0
1.0,0.5875776,1.4793198,0
1.0,0.575851,1.5193315,0
1.0,0.5674506,1.5007846,0
1.0,0.57271296,1.4246261,0
1.0,0.5797991,1.3985605,0
1.0,0.57501876,1.4505814,0
1.0,0.5733452,1.5097984,0
1.0,0.5591936,1.553804,0
1.0,0.56334597,1.7349732,0
1.0,0.5767458,1.7094748,0
1.0,0.57840055,1.8297182,0
1.0,0.5867727,1.8999887,0
1.0,0.5645013,1.9200516,0
1.0,0.5737051,2.0837498,0
1.0,0.5799622,2.005776,0
1.0,0.58607435,2.2077518,0
1.0,0.5780424,2.273226,0
1.0,0.5716485,2.28367,0
1.0,0.54899836,2.337501,0
1.0,0.5617858,2.3183486,0
1.0,0.5526388,2.1585412,0
1.0,0.5606741,2.3494842,0
1.0,0.5318262,2.3073604,0
1.0,0.5347478,2.3252087,0
1.0,0.53239274,2.3337646,0
1.0,0.5502543,2.29207,0
1.0,0.5357425,2.4023488,0
1.0,0.54575706,2.276812,0
1.0,0.5124971,2.289661,0
1.0,0.5392284,2.2480788,0
1.0,0.5290924,2.1633058,0
1.0,0.54596955,2.234026,0
1.0,0.5210979,2.088456,0
1.0,0.519059,2.041444,0
1.0,0.52184343,2.071907,0
1.0,0.5239964,2.0469027,0
1.0,0.5150683,2.092749,0
1.0,0.51916856,2.0469985,0
1.0,0.50031734,1.9808443,0
1.0,0.5098799,1.9613264,0
1.0,0.5123312,1.7506645,0
1.0,0.5041175,1.8645821,0
1.0,0.49598193,1.7550886,0
1.0,0.48121768,1.6281922,0
1.0,0.48220688,1.6077781,0
1.0,0.4816765,1.4383879,0
1.0,0.46926954,1.538415,0
1.0,0.46366078,1.3726501,0
1.0,0.43963793,1.2925706,0
1.0,0.4320159,1.2825562,0
1.0,0.43095407,1.2386091,0
1.0,0.40821725,1.2227087,0
1.0,0.41271707,1.2103497,0
1.0,0.38751876,1.0161936,0
1.0,0.38037392,1.005281,0
1.0,0.36781016,0.99059635,0
1.0,0.365781,1.0395544,0
1.0,0.36763626,1.104281,0
1.0,0.34929696,0.9942317,0
1.0,0.3444917,0.99956465,0
1.0,0.34884858,0.99387294,0
1.0,0.3534042,0.98950297,0
1.0,0.35505316,1.097549,0
1.0,0.339993,1.0244616,0
1.0,0.32921806,1.0453539,0
1.0,0.3464057,1.0406773,0
1.0,0.3447102,1.0543395,0
1.0,0.3554387,1.051266,0
1.0,0.33769053,0.9907297,0
1.0,0.3438681,0.98932993,0
1.0,0.3506016,0.9876165,0
1.0,0.36486548,0.9700609,0
1.0,0.35853875,1.0629766,0
1.0,0.3747967,0.9141519,0
1.0,0.36688414,0.9361521,0
1.0,0.40139908,0.90445876,0
1.0,0.38985643,0.9132792,0
1.0,0.41612908,0.8927332,0
1.0,0.40047216,0.82039607,0
1.0,0.40759885,0.729692,0
1.0,0.39750853,0.7400864,0
1.0,0.41828105,0.74830914,0
1.0,0.39963078,0.7610666,0
1.0,0.3885641,0.7635235,0
1.0,0.3660354,0.77026594,0
1.0,0.36818036,0.76886964,0
1.0,0.35099635,0.77289367,0
1.0,0.35384992,0.8021005,0
1.0,0.34481862,0.77946544,0
1.0,0.340533,0.6376373,0
1.0,0.3263102,0.63978237,0
1.0,0.3299166,0.6472595,0
1.0,0.3215168,0.66921705,0
1.0,0.33973727,0.651792,0
1.0,0.3309458,0.52857846,0
1.0,0.3437971,0.52031505,0
1.0,0.35065344,0.5085527,0
1.0,0.38079867,0.48879606,0
1.0,0.38632005,0.4627273,0
1.0,0.3964551,0.4472876,0
1.0,0.3963939,0.46195948,0
1.0,0.41274777,0.43286836,0
1.0,0.40365896,0.42136014,0
1.0,0.43560928,0.4088717,0
1.0,0.4585402,0.3282714,0
1.0,0.4909866,0.32821697,0
1.0,0.46537805,0.27824908,0
1.0,0.5425052,0.29858026,0
1.0,0.57491803,0.3144824,0
1.0,0.6163872,0.37422386,0
1.0,0.5936725,0.37557787,0
1.0,0.6490203,0.39975494,0
1.0,0.633277,0.41644365,0
1.0,0.6718742,0.45477653,0
1.0,0.67365694,0.46289837,0
1.0,0.7417542,0.57565695,0
1.0,0.7061008,0.53997386,0
1.0,0.7867889,0.61964715,0
1.0,0.6779935,0.65080607,0
1.0,0.75431234,0.9228367,0
1.0,0.7140673,0.91050225,0
1.0,0.7711109,1.0027769,0
1.0,0.6922997,1.0102272,0
1.0,0.7466278,1.0868526,0
1.0,0.693017,1.0572658,0
1.0,0.7624723,1.1618258,0
1.0,0.7131395,1.0799832,0
1.0,0.76467246,1.1332264,0
1.0,0.69858354,1.1154222,0
1.0,0.7412678,1.2179112,0
1.0,0.70980144,1.2217612,0
1.0,0.7287546,1.2422616,0
1.0,0.66501975,1.1156306,0
1.0,0.6830611,1.1579732,0
1.0,0.6932491,1.1979107,0
1.0,0.7072318,1.2677538,0
1.0,0.70514107,1.2632642,0
1.0,0.733468,1.2913668,0
1.0,0.7130071,1.4791157,0
1.0,0.67754,1.4704838,0
1.0,0.6556507,1.4277024,0
1.0,0.676132,1.4130015,0
1.0,0.68030494,1.3980632,0
1.0,0.69049746,1.5122492,0
1.0,0.6801283,1.8225702,0
1.0,0.6786972,1.8636291,0
1.0,0.6652921,1.8238549,0
1.0,0.6656381,1.7773895,0
1.0,0.65743184,1.8859141,0
1.0,0.64808965,2.1286416,0
1.0,0.67804986,2.122043,0
1.0,0.69354665,1.9697827,0
1.0,0.71717924,1.9596078,0
1.0,0.72147304,1.9758027,0
1.0,0.7294197,2.167095,0
1.0,0.72310483,2.196528,0
1.0,0.75622976,2.2074003,0
1.0,0.765729,2.205875,0
1.0,0.74682236,2.1434317,0
1.0,0.74428684,2.23748,0
1.0,0.747014,2.426406,0
1.0,0.75587046,2.4129457,0
1.0,0.7400669,2.338924,0
1.0,0.72754467,2.3842764,0
1.0,0.72720057,2.706235,0
1.0,0.71405756,2.75595,0
1.0,0.7020932,2.6931522,0
1.0,0.72781616,2.7147613,0
1.0,0.73174155,2.7842774,0
1.0,0.746843,3.0668437,0
1.0,0.731797,3.1572976,0
1.0,0.7706548,3.2070723,0
1.0,0.789495,3.2677598,0
1.0,0.7766581,3.3002343,0
1.0,0.7477708,3.3792915,0
1.0,0.7255676,3.503048,0
1.0,0.7667874,3.3518174,0
1.0,0.74897134,3.23059,0
1.0,0.7482293,3.2672145,0
1.0,0.7490189,3.6716037,0
1.0,0.7348473,3.6558769,0
1.0,0.7499362,3.4278207,0
1.0,0.7550232,3.3667412,0
1.0,0.7406053,3.368411,0
1.0,0.733637,3.4158564,0
1.0,0.7391603,3.8325562,0
1.0,0.72835964,3.6056643,0
1.0,0.7138955,3.6499631,0
1.0,0.72078127,3.657812,0
1.0,0.7136252,4.1733503,0
1.0,0.71774185,4.3638053,0
1.0,0.70708346,4.257434,0
1.0,0.7291841,4.1321964,0
1.0,0.70518196,4.064704,0
1.0,0.6960198,4.1358795,0
1.0,0.67555463,4.4683166,0
1.0,0.698057,4.260642,0
1.0,0.7167437,4.251188,0
1.0,0.724471,4.369907,0
1.0,0.70136505,4.5245457,0
1.0,0.70261514,4.5229273,0
1.0,0.7196257,4.5080757,0
1.0,0.72986925,4.2776093,0
1.0,0.7159411,4.239917,0
1.0,0.73205346,4.3706484,0
1.0,0.72328305,4.6059647,0
1.0,0.71964324,4.4497423,0
1.0,0.71753645,4.155166,0
1.0,0.7397243,4.3435364,0
1.0,0.72085667,4.4695582,0
1.0,0.7269221,4.5185914,0
1.0,0.7171695,4.266565,0
1.0,0.73320264,4.157748,0
1.0,0.731138,4.188958,0
1.0,0.73682225,4.4697328,0
1.0,0.7342264,4.642527,0
1.0,0.7519733,4.6270537,0
1.0,0.7514888,4.2541533,0
1.0,0.7660785,4.3397126,0
1.0,0.75764585,4.18365,0
1.0,0.7692478,4.4471035,0
1.0,0.76606107,4.0823336,0
1.0,0.7780485,3.9462972,0
1.0,0.77249354,3.8965616,0
1.0,0.7706498,3.916833,0
1.0,0.77404034,3.9284759,0
1.0,0.77984565,3.9065223,0
1.0,0.7788954,3.5874896,0
1.0,0.77735794,3.546836,0
1.0,0.77105385,3.508988,0
1.0,0.7733458,3.5905304,0
1.0,0.770797,3.3552861,0
1.0,0.779235,3.3266273,0
1.0,0.77899855,3.3960776,0
1.0,0.78211915,3.539383,0
1.0,0.77589434,3.5523794,0
1.0,0.77943224,3.4973686,0
1.0,0.7692157,3.1469429,0
1.0,0.7772501,3.1595507,0
1.0,0.7714427,3.2458596,0
1.0,0.78411543,3.3627794,0
1.0,0.7624705,3.1195543,0
1.0,0.76548463,3.0565572,0
1.0,0.7434047,2.9130626,0
1.0,0.7417872,2.9194503,0
1.0,0.731478,2.866723,0
1.0,0.73860455,2.7513666,0
1.0,0.744302,2.5402782,0
1.0,0.7353165,2.5178123,0
1.0,0.72933435,2.574139,0
1.0,0.72066134,2.5263107,0
1.0,0.7314798,2.5372806,0
1.0,0.735962,2.4531362,0
1.0,0.7455574,2.3527012,0
1.0,0.7488861,2.3672004,0
1.0,0.7686328,2.6125593,0
1.0,0.76564705,2.5383992,0
1.0,0.77288365,2.5816965,0
1.0,0.767106,2.5888762,0
1.0,0.7787585,2.622232,0
1.0,0.7744132,2.6000853,0
1.0,0.77562207,2.6015599,0
1.0,0.77237415,2.449039,0
1.0,0.7697327,2.4260836,0
1.0,0.76379657,2.561277,0
1.0,0.77053386,2.7891479,0
1.0,0.767061,2.554388,0
1.0,0.7725014,2.6192894,0
1.0,0.76853627,2.6948109,0
1.0,0.7781268,2.7925956,0
1.0,0.76907647,2.7747064,0
1.0,0.77493733,2.9014945,0
1.0,0.7774495,2.6370988,0
1.0,0.78172565,2.6508899,0
1.0,0.79174143,2.7964163,0
1.0,0.79367167,2.8918283,0
1.0,0.80294174,2.9025333,0
1.0,0.8101948,2.9780548,0
1.0,0.81143296,2.9778528,0
1.0,0.80804276,2.9548712,0
1.0,0.81331587,2.9937007,0
1.0,0.81101227,2.9036422,0
1.0,0.815964,2.8095212,0
1.0,0.8081622,2.773344,0
1.0,0.81239396,2.9274068,0
1.0,0.80372775,2.8794343,0
1.0,0.8092448,2.89391,0
1.0,0.8071103,2.710412,0
1.0,0.8109047,2.7235758,0
1.0,0.8120591,2.687175,0
1.0,0.8136579,2.812041,0
1.0,0.81103176,2.7273474,0
1.0,0.8065279,2.8178122,0
1.0,0.8046423,2.7902188,0
1.0,0.8037496,2.8669887,0
1.0,0.8043323,2.873332,0
1.0,0.80322784,2.7705374,0
1.0,0.8012687,2.3554907,0
1.0,0.7944092,2.382447,0
1.0,0.7886406,2.2999825,0
1.0,0.78947777,2.3427129,0
1.0,0.7941246,2.2578034,0
1.0,0.7952972,2.2690232,0
1.0,0.79556483,2.1400797,0
1.0,0.79392886,2.2031298,0
1.0,0.79529124,2.1974726,0
1.0,0.79413414,2.1193023,0
1.0,0.7896884,1.9275044,0
1.0,0.78615594,1.9683635,0
1.0,0.79534376,1.9867398,0
1.0,0.7838591,2.1091468,0
1.0,0.78743255,2.1212244,0
1.0,0.77619237,2.1597588,0
1.0,0.7850383,2.1108718,0
1.0,0.7725162,2.0989165,0
1.0,0.7741293,2.1879964,0
1.0,0.77510464,2.1032767,0
1.0,0.77111113,2.0872328,0
1.0,0.75152135,2.0772595,0
1.0,0.7491976,2.157351,0
1.0,0.7500446,2.1907182,0
1.0,0.7548772,2.1983118,0
1.0,0.75077814,1.9822872,0
1.0,0.754424,1.8726256,0
1.0,0.7391842,1.7529416,0
1.0,0.73696285,1.8040231,0
1.0,0.71167433,1.7052361,0
1.0,0.70930177,1.7033234,0
1.0,0.6949013,1.6416366,0
1.0,0.6842882,1.6407968,0
1.0,0.6592498,1.665225,0
1.0,0.66480935,1.7080233,0
1.0,0.6545606,1.551294,0
1.0,0.6584567,1.6429601,0
1.0,0.63433933,1.598908,0
1.0,0.64539105,1.7644999,0
1.0,0.6383533,1.7293148,0
1.0,0.6507515,1.7607558,0
1.0,0.60815763,1.690559,0
1.0,0.6356287,1.7171137,0
1.0,0.6195356,1.6443336,0
1.0,0.64256275,1.8180177,0
1.0,0.62510127,1.5543792,0
1.0,0.6494241,1.6716294,0
1.0,0.6232564,1.5557847,0
1.0,0.6381316,1.6448727,0
1.0,0.60740006,1.6240457,0
1.0,0.6380752,1.621278,0
1.0,0.63527304,1.4639437,0
1.0,0.6510754,1.4485736,0
1.0,0.6307634,1.4025755,0
1.0,0.66926473,1.6247473,0
1.0,0.66838175,1.5976117,0
1.0,0.7070601,1.7231252,0
1.0,0.68898743,1.8026583,0
1.0,0.7260196,1.8534724,0
1.0,0.7145424,1.8411177,0
1.0,0.741769,1.9518617,0
1.0,0.71785253,1.8810217,0
1.0,0.73578835,1.9102887,0
1.0,0.7301525,1.9654462,0
1.0,0.73755157,2.0869093,0
1.0,0.740462,1.9834024,0
1.0,0.7554868,1.9670498,0
1.0,0.76111656,1.9974256,0
1.0,0.7564346,1.9138925,0
1.0,0.7459218,1.930707,0
1.0,0.75559235,1.8832898,0
1.0,0.75607187,1.8090812,0
1.0,0.75049967,1.7879019,0
1.0,0.7447387,1.9032629,0
1.0,0.7538969,1.9191757,0
1.0,0.76349545,1.9296123,0
1.0,0.77587605,1.7133898,0
1.0,0.78332704,1.728392,0
1.0,0.7810357,1.6724133,0
1.0,0.78012997,1.7629732,0
1.0,0.7588928,1.705213,0
1.0,0.7440904,1.6665082,0
1.0,0.73825717,1.6348636,0
1.0,0.7506581,1.7783673,0
1.0,0.72934324,1.7442929,0
1.0,0.74735856,1.7562385,0
1.0,0.7386115,1.4628881,0
1.0,0.7569331,1.495072,0
1.0,0.72903925,1.4484972,0
1.0,0.74078476,1.5852941,0
1.0,0.72866553,1.5923643,0
1.0,0.73288834,1.5941083,0
1.0,0.7234744,1.4527316,0
1.0,0.7201135,1.4505019,0
1.0,0.7330962,1.4633036,0
1.0,0.7389605,1.608741,0
1.0,0.7468958,1.5442395,0
1.0,0.7258468,1.5101357,0
1.0,0.7372023,1.5588003,0
1.0,0.7214223,1.5509142,0
1.0,0.72772753,1.5623412,0
1.0,0.7097858,1.5753672,0
1.0,0.7219098,1.5736773,0
1.0,0.7261801,1.5787659,0
1.0,0.7377045,1.597973,0
1.0,0.74003875,1.5633007,0
1.0,0.74832815,1.5714343,0
1.0,0.7379307,1.552275,0
1.0,0.75681037,1.7449015,0
1.0,0.74122614,1.7470055,0
1.0,0.7541292,1.7438896,0
1.0,0.7355458,1.6976707,0
1.0,0.75587547,1.6589338,0
1.0,0.7369057,1.6149173,0
1.0,0.7642681,1.823235,0
1.0,0.74531853,1.6885567,0
1.0,0.77088636,1.7302291,0
1.0,0.7554926,1.804265,0
1.0,0.77647203,1.9123828,0
1.0,0.75597817,1.8533349,0
1.0,0.7753713,1.8462416,0
1.0,0.7756956,1.6495146,0
1.0,0.786712,1.6348319,0
1.0,0.778869,1.6305721,0
1.0,0.788295,1.8639884,0
1.0,0.77150613,1.8306828,0
1.0,0.771037,1.8284926,0
1.0,0.7651509,1.6666714,0
1.0,0.7651861,1.5639887,0
1.0,0.7619138,1.586886,0
1.0,0.7672819,1.7435546,0
1.0,0.75839996,1.6977925,0
1.0,0.76019484,1.7024225,0
1.0,0.75774515,1.6698897,0
1.0,0.76276773,1.6195817,0
1.0,0.7598517,1.6143858,0
1.0,0.7708154,1.6501698,0
1.0,0.770913,1.665695,0
1.0,0.7636201,1.6494969,0
1.0,0.75703967,1.7265042,0
1.0,0.7569784,1.7937876,0
1.0,0.7578968,1.73423,0
1.0,0.7620667,1.7341648,0
1.0,0.76864606,1.7831366,0
1.0,0.77597696,1.8018432,0
1.0,0.766256,1.7941763,0
1.0,0.7717368,1.7175305,0
1.0,0.77144235,1.6731532,0
1.0,0.7717407,1.6733799,0
1.0,0.7685267,1.7612334,0
1.0,0.76715505,1.7972018,0
1.0,0.7663991,1.8203993,0
1.0,0.77621895,1.8314197,0
1.0,0.7780093,1.8897777,0
1.0,0.776282,1.9133778,0
1.0,0.78127575,2.0084083,0
1.0,0.7833179,1.8192974,0
1.0,0.7810938,1.8134531,0
1.0,0.7742083,1.8861687,0
1.0,0.7781955,2.0898204,0
1.0,0.7698898,2.1494412,0
1.0,0.77429295,2.1296182,0
1.0,0.7889264,1.9638815,0
1.0,0.79389447,1.9600403,0
1.0,0.79275364,2.027406,0
1.0,0.795968,2.2354174,0
1.0,0.7905706,2.1300573,0
1.0,0.77197284,2.1018114,0
1.0,0.7525363,2.0786467,0
1.0,0.74526876,2.027611,0
1.0,0.73586947,2.0451343,0
1.0,0.7407472,2.0303044,0
1.0,0.74026096,1.8025634,0
1.0,0.743853,1.8083048,0
1.0,0.7282407,1.8549774,0
1.0,0.7296942,1.8857901,0
1.0,0.7177474,1.8804069,0
1.0,0.7141049,1.8659403,0
1.0,0.70335025,1.7671754,0
1.0,0.6938126,1.7885548,0
1.0,0.6936004,1.868918,0
1.0,0.69631475,1.73049,0
1.0,0.72922164,1.7095114,0
1.0,0.73739463,1.7187966,0
1.0,0.7342725,1.7915888,0
1.0,0.7226178,1.7516377,0
1.0,0.7313357,1.7695826,0
1.0,0.6971533,1.634151,0
1.0,0.69633216,1.6255797,0
1.0,0.66314536,1.5724652,0
1.0,0.6953027,1.708216,0
1.0,0.6698702,1.5126624,0
1.0,0.7050658,1.4993114,0
1.0,0.67242765,1.4489088,0
1.0,0.69760656,1.4966767,0
1.0,0.65615624,1.517673,0
1.0,0.6817265,1.6017427,0
1.0,0.66988564,1.3669894,0
1.0,0.70363724,1.4109607,0
1.0,0.6678979,1.3421979,0
1.0,0.6873406,1.4493196,0
1.0,0.65847313,1.3623459,0
1.0,0.7179188,1.429671,0
1.0,0.68976575,1.3307153,0
1.0,0.69351757,1.3378263,0
1.0,0.66502476,1.2889112,0
1.0,0.6809859,1.3264146,0
1.0,0.64329135,1.1811483,0
1.0,0.6358219,1.168231,0
1.0,0.61854225,1.146906,0
1.0,0.6275088,1.2106395,0
1.0,0.60018957,1.1687801,0
1.0,0.60955673,1.1257809,0
1.0,0.62574536,1.0949564,0
1.0,0.6275165,1.1019447,0
1.0,0.6087649,1.0688629,0
1.0,0.5942751,1.3171498,0
1.0,0.62697506,1.3007917,0
1.0,0.63937354,1.3007275,0
1.0,0.6487717,1.3241042,0
1.0,0.6448001,1.3074656,0
1.0,0.65443754,1.3678391,0
1.0,0.68221897,1.3369279,0
1.0,0.6947992,1.2755381,0
1.0,0.68765014,1.2752512,0
1.0,0.6805478,1.2720586,0
1.0,0.67170405,1.2916436,0
1.0,0.6649689,1.197521,0
1.0,0.66004926,1.0933502,0
1.0,0.6590066,1.1160381,0
1.0,0.6538839,1.1188244,0
1.0,0.6440385,1.1658101,0
1.0,0.66606134,1.2050284,0
1.0,0.66333306,1.2167381,0
1.0,0.68467593,1.2336313,0
1.0,0.6715097,1.3402584,0
1.0,0.70788705,1.3878089,0
1.0,0.6943518,1.3751402,0
1.0,0.7211128,1.3604801,0
1.0,0.71303976,1.3066905,0
1.0,0.73686695,1.3287045,0
1.0,0.71921885,1.4215996,0
1.0,0.72632736,1.3577657,0
1.0,0.70997095,1.3333949,0
1.0,0.727203,1.3323071,0
1.0,0.70837486,1.3039703,0
1.0,0.70908976,1.2783902,0
1.0,0.67338234,1.2187749,0
1.0,0.6954576,0.87539876,0
1.0,0.6669938,0.8747292,0
1.0,0.65066767,0.86608565,0
1.0,0.6200294,0.9578485,0
1.0,0.64334685,0.9688844,0
1.0,0.6326847,0.91894424,0
1.0,0.6389253,0.89521456,0
1.0,0.6240007,0.9099988,0
1.0,0.66968143,0.93087995,0
1.0,0.65778,1.0643868,0
1.0,0.6639033,1.0310256,0
1.0,0.640629,1.0154434,0
1.0,0.68761784,1.0586154,0
1.0,0.65938765,1.003943,0
1.0,0.6517912,0.9979545,0
1.0,0.62485355,0.9641309,0
1.0,0.66926694,0.8928066,0
1.0,0.63459796,0.8742596,0
1.0,0.6199812,0.87336874,0
1.0,0.5834239,0.75705004,0
1.0,0.62548786,0.7914716,0
1.0,0.59220266,0.7857857,0
1.0,0.58475155,0.7778523,0
1.0,0.55202895,0.7625109,0
1.0,0.6062291,0.7872077,0
1.0,0.5894998,0.7023393,0
1.0,0.5997959,0.7106893,0
1.0,0.5811536,0.6818422,0
1.0,0.6223723,0.7715471,0
1.0,0.60714406,0.78666675,0
1.0,0.59811544,0.78645265,0
1.0,0.5836808,0.8539759,0
1.0,0.59644485,0.8600956,0
1.0,0.57201046,0.8182942,0
1.0,0.57882935,0.8637683,0
1.0,0.5660287,0.72887194,0
1.0,0.592633,0.7481998,0
1.0,0.5645929,0.78036916,0
1.0,0.57607377,0.78490496,0
1.0,0.54845583,0.73003495,0
1.0,0.5626598,0.7421667,0
1.0,0.547823,0.5998385,0
1.0,0.5745623,0.6291198,0
1.0,0.57605743,0.6590059,0
1.0,0.5922121,0.7674042,0
1.0,0.5663105,0.75023484,0
1.0,0.58947235,0.77140296,0
1.0,0.6050616,0.76912034,0
1.0,0.60395503,0.753556,0
1.0,0.6277632,0.7370551,0
1.0,0.6294808,0.7568898,0
1.0,0.6611226,0.77718997,0
1.0,0.6451758,0.7570592,0
1.0,0.661156,0.8276861,0
1.0,0.6660878,0.8046155,0
1.0,0.64292204,0.7812754,0
1.0,0.6204336,0.7697234,0
1.0,0.6315402,0.8263403,0
1.0,0.6215213,0.8309747,0
1.0,0.6014835,0.8290221,0
1.0,0.5715221,0.72326654,0
1.0,0.57111436,0.7612934,0
1.0,0.5604899,0.7703639,0
1.0,0.5708025,0.8934552,0
1.0,0.56071395,0.8850114,0
1.0,0.591429,0.9809011,0
1.0,0.6006154,0.9463375,0
1.0,0.62131226,1.0680767,0
1.0,0.6318286,1.1162283,0
1.0,0.6783144,1.2455825,0
1.0,0.6926866,1.2991385,0
1.0,0.7015005,1.3618058,0
1.0,0.6909423,1.3453288,0
1.0,0.6878203,1.3609291,0
1.0,0.7192978,1.4045708,0
1.0,0.6895132,1.3158965,0
1.0,0.72407854,1.2589713,0
1.0,0.7130686,1.2234131,0
1.0,0.75384325,1.2730156,0
1.0,0.75798225,1.3405064,0
1.0,0.7721697,1.4125503,0
1.0,0.7496623,1.3859022,0
1.0,0.7772597,1.3934412,0
1.0,0.78353184,1.4278096,0
1.0,0.7920718,1.611146,0
1.0,0.7541988,1.5203277,0
1.0,0.77978176,1.5634761,0
1.0,0.76642257,1.5385517,0
1.0,0.7566004,1.5803053,0
1.0,0.68156695,1.497891,0
1.0,0.717033,1.6119688,0
1.0,0.71959645,1.6630745,0
1.0,0.70338964,1.6471262,0
1.0,0.65291446,1.5533868,0
1.0,0.70175683,1.6737942,0
1.0,0.7302691,1.583607,0
1.0,0.73019993,1.5923259,0
1.0,0.75525534,1.5637882,0
1.0,0.77079207,1.5873117,0
1.0,0.77404606,1.5520179,0
1.0,0.7574702,1.8901811,0
1.0,0.69134325,1.7878106,0
1.0,0.7064033,1.723704,0
1.0,0.6937894,1.653146,0
1.0,0.7123286,1.7672522,0
1.0,0.6885254,1.752913,0
1.0,0.7294982,1.8386192,0
1.0,0.735818,1.8776085,0
1.0,0.7453514,1.8884735,0
1.0,0.73767316,1.8974776,0
1.0,0.75008845,2.0824199,0
1.0,0.72972274,2.1277733,0
1.0,0.7373434,2.0961354,0
1.0,0.7469453,2.1074002,0
1.0,0.7558233,2.2486327,0
1.0,0.72294164,2.3325977,0
1.0,0.740154,2.22186,0
1.0,0.73550445,2.1887777,0
1.0,0.7372433,2.19025,0
1.0,0.70555377,2.1552684,0
1.0,0.70829666,2.267067,0
1.0,0.69388264,2.2000923,0
1.0,0.7276914,2.1864784,0
1.0,0.7231433,2.0822275,0
1.0,0.7280016,2.1273158,0
1.0,0.72150326,2.1406214,0
1.0,0.7425823,2.2289906,0
1.0,0.751521,2.2622302,0
1.0,0.7638622,2.2794251,0
1.0,0.79002076,2.3940887,0
1.0,0.78212935,2.5398316,0
1.0,0.8031614,2.6910095,0
1.0,0.8115416,2.3195043,0
1.0,0.86066,2.2830184,0
1.0,0.8469505,2.3377895,0
1.0,0.8727764,2.4825747,0
1.0,0.8727025,2.432788,0
1.0,0.9022405,2.4846926,0
1.0,0.8995612,2.481124,0
1.0,0.91525126,2.6657343,0
1.0,0.90703493,2.7412024,0
1.0,0.9155306,2.7453012,0
1.0,0.9158418,2.6875963,0
1.0,0.9351818,2.6367984,0
1.0,0.93368053,2.652085,0
1.0,0.94993305,2.9307585,0
1.0,0.93957305,2.9337974,0
1.0,0.9534149,2.7698507,0
1.0,0.94419754,2.7081368,0
1.0,0.9558386,2.7923255,0
1.0,0.94653034,2.8450878,0
1.0,0.9532347,3.069386,0
1.0,0.9476533,3.0620322,0
1.0,0.955002,2.9973412,0
1.0,0.9538625,3.003769,0
1.0,0.95411223,3.0535574,0
1.0,0.9469663,2.983027,0
1.0,0.9497598,2.9272861,0
1.0,0.9494214,2.8751397,0
1.0,0.9481723,2.8469305,0
1.0,0.9460807,2.8574538,0
1.0,0.9430675,2.9154892,0
1.0,0.9387221,2.9139905,0
1.0,0.933029,2.794481,0
1.0,0.9397849,2.7941418,0
1.0,0.94731927,2.8483293,0
1.0,0.94770426,2.7891314,0
1.0,0.9441981,2.7348204,0
1.0,0.9506694,2.7513452,0
1.0,0.9528388,2.7399266,0
1.0,0.95522463,2.7748024,0
1.0,0.94789946,2.7004828,0
1.0,0.9587217,2.7372131,0
1.0,0.9569361,2.8249578,0
1.0,0.9627427,2.743853,0
1.0,0.95812523,2.6645875,0
1.0,0.9637738,2.6984472,0
1.0,0.9614441,2.5660632,0
1.0,0.96961516,2.5828211,0
1.0,0.96575016,2.6029317,0
1.0,0.97175,2.6491282,0
1.0,0.96794,2.6368332,0
1.0,0.9701001,2.5831857,0
1.0,0.9598422,2.3683186,0
1.0,0.96614957,2.2057266,0
1.0,0.96008795,2.1943765,0
1.0,0.9634132,2.3030047,0
1.0,0.9565212,2.4087694,0
1.0,0.9608592,2.4451237,0
1.0,0.956203,2.4725585,0
1.0,0.9613082,2.4366975,0
1.0,0.9577483,2.3414695,0
1.0,0.95764565,2.3289876,0
1.0,0.94424284,2.3246422,0
1.0,0.9479795,2.180324,0
1.0,0.93970454,2.1119044,0
1.0,0.9394391,2.151424,0
1.0,0.91418856,2.0944734,0
1.0,0.9162383,2.0809157,0
1.0,0.89827204,2.082956,0
1.0,0.9026113,2.1522694,0
1.0,0.88316244,2.1176553,0
1.0,0.88881534,2.1508744,0
1.0,0.8688559,2.025844,0
1.0,0.8673723,1.9229515,0
1.0,0.84139663,1.7857069,0
1.0,0.8572961,1.8643558,0
1.0,0.848398,1.8575271,0
1.0,0.85516775,1.8650689,0
1.0,0.8432491,1.8448846,0
1.0,0.86722845,1.7740422,0
1.0,0.865451,1.7369385,0
1.0,0.86550224,1.7824912,0
1.0,0.84861124,1.9090338,0
1.0,0.86439127,2.0040812,0
1.0,0.8587243,1.9326042,0
1.0,0.8452515,1.8509867,0
1.0,0.8419666,1.8391931,0
1.0,0.8568588,1.841983,0
1.0,0.8558673,1.7462599,0
1.0,0.8552136,1.7297935,0
1.0,0.8869669,1.7924805,0
1.0,0.9205945,1.8766912,0
1.0,0.9248268,1.8983536,0
1.0,0.9097333,1.8844836,0
1.0,0.92087233,1.7809596,0
1.0,0.93007284,1.7611356,0
1.0,0.91864413,1.7341356,0
1.0,0.9025261,1.7303114,0
1.0,0.91639274,1.776273,0
1.0,0.92428803,1.778798,0
1.0,0.9121542,1.684153,0
1.0,0.8756643,1.5358902,0
1.0,0.8819596,1.5349526,0
1.0,0.89999515,1.5280809,0
1.0,0.8892419,1.4631419,0
1.0,0.88581276,1.4480774,0
1.0,0.89106727,1.4441888,0
1.0,0.9120476,1.4646404,0
1.0,0.8934141,1.3967233,0
1.0,0.90078646,1.4151635,0
1.0,0.9091482,1.4023399,0
1.0,0.9299163,1.421674,0
1.0,0.8946252,1.3632731,0
1.0,0.8972557,1.3207669,0
1.0,0.8905437,1.08054,0
1.0,0.89430195,1.0132469,0
1.0,0.84715796,0.9583931,0
1.0,0.8607806,1.0225786,0
1.0,0.8621691,1.0156658,0
1.0,0.86809,0.9958924,0
1.0,0.82491577,0.8793225,0
1.0,0.83904606,0.8721981,0
1.0,0.82737315,0.9024346,0
1.0,0.81029546,0.96287405,0
1.0,0.7603033,0.87342185,0
1.0,0.80384606,0.916163,0
1.0,0.7856548,0.8551643,0
1.0,0.7857823,0.8556186,0
1.0,0.7412006,0.7906157,0
1.0,0.7673714,0.8422499,0
1.0,0.7580498,0.8136697,0
1.0,0.7505706,0.8107439,0
1.0,0.68218493,0.71421516,0
1.0,0.7036802,0.754134,0
1.0,0.68722355,0.7476466,0
1.0,0.6672899,0.7928397,0
1.0,0.6446798,0.7685485,0
1.0,0.6556431,0.78240967,0
1.0,0.63215715,0.77172947,0
1.0,0.6163622,0.73050874,0
1.0,0.5990121,0.7079004,0
1.0,0.61836904,0.7495065,0
1.0,0.6034132,0.69433904,0
1.0,0.6075821,0.6959234,0
1.0,0.59151256,0.6727351,0
1.0,0.6158802,0.68707263,0
1.0,0.63136214,0.69718856,0
1.0,0.6625746,0.76311874,0
1.0,0.63921016,0.7496867,0
1.0,0.63435996,0.72670627,0
1.0,0.6006614,0.7085671,0
1.0,0.58104527,0.74546313,0
1.0,0.54559696,0.6910452,0
1.0,0.54965353,0.6927612,0
1.0,0.5443376,0.6939759,0
1.0,0.548477,0.65399516,0
1.0,0.5547306,0.6617889,0
1.0,0.5845825,0.7109858,0
1.0,0.5876454,0.73239374,0
1.0,0.6112338,0.7623773,0
1.0,0.592314,0.7666251,0
1.0,0.6258735,0.76912546,0
1.0,0.62698305,0.7382114,0
1.0,0.65092933,0.7571341,0
1.0,0.6236569,0.74792767,0
1.0,0.6072165,0.69250363,0
1.0,0.61176825,0.67371464,0
1.0,0.61452836,0.64899427,0
1.0,0.6099073,0.63434744,0
1.0,0.58541584,0.6071284,0
1.0,0.5791439,0.60456085,0
1.0,0.5659989,0.57471085,0
1.0,0.57853824,0.606864,0
1.0,0.5799552,0.6588963,0
1.0,0.5762009,0.6489096,0
1.0,0.5791807,0.6584119,0
1.0,0.590053,0.6877879,0
1.0,0.5805576,0.6759323,0
1.0,0.6044028,0.70639265,0
1.0,0.60982203,0.6970256,0
1.0,0.63120306,0.7154284,0
1.0,0.62812996,0.7027334,0
1.0,0.6344675,0.71978647,0
1.0,0.6180747,0.6358482,0
1.0,0.59086204,0.60460997,0
1.0,0.57413036,0.62552035,0
1.0,0.5583468,0.55448246,0
1.0,0.5605324,0.50083375,0
1.0,0.5513209,0.51714337,0
1.0,0.543745,0.5364334,0
1.0,0.536981,0.52288353,0
1.0,0.5408021,0.53064185,0
1.0,0.54514265,0.5264851,0
1.0,0.5445674,0.53839207,0
1.0,0.55455565,0.56767774,0
1.0,0.57403195,0.5952615,0
1.0,0.60944563,0.61106074,0
1.0,0.6295308,0.6377673,0
1.0,0.6622325,0.7310716,0
1.0,0.6918093,0.7776823,0
1.0,0.70329255,0.7966555,0
1.0,0.7426591,0.873726,0
1.0,0.72148204,0.8892025,0
1.0,0.7461505,1.0086935,0
1.0,0.74849164,1.0655311,0
1.0,0.78635854,1.0404233,0
1.0,0.779215,1.0100243,0
1.0,0.7995268,1.0468049,0
1.0,0.79641515,1.1058152,0
1.0,0.82133853,1.1801764,0
1.0,0.8177884,1.1814117,0
1.0,0.8391676,1.2248328,0
1.0,0.84883755,1.2177782,0
1.0,0.8620699,1.2528906,0
1.0,0.8462889,1.240646,0
1.0,0.863629,1.2804697,0
1.0,0.88631403,1.3272974,0
1.0,0.88553447,1.3700644,0
1.0,0.8675597,1.4958789,0
1.0,0.84889054,1.4637234,0
1.0,0.84383196,1.4214165,0
1.0,0.83733916,1.3493853,0
1.0,0.82329774,1.3031349,0
1.0,0.8024789,1.3394444,0
1.0,0.80087954,1.3683378,0
1.0,0.7897199,1.2924305,0
1.0,0.77588356,1.233994,0
1.0,0.7474667,1.1895012,0
1.0,0.73805046,1.1832843,0
1.0,0.71340114,1.1429509,0
1.0,0.72608924,1.1742122,0
1.0,0.6800941,1.0381509,0
1.0,0.70335644,1.0833923,0
1.0,0.65258116,1.0635552,0
1.0,0.66733396,1.0925171,0
1.0,0.64426136,0.98999465,0
1.0,0.7079252,1.0110147,0
1.0,0.696811,1.0186467,0
1.0,0.7277965,1.0782318,0
1.0,0.70209837,1.1081007,0
1.0,0.72052664,1.0879159,0
1.0,0.68495476,0.99444187,0
1.0,0.6990076,1.0240234,0
1.0,0.66719395,0.9623991,0
1.0,0.66351825,0.95117074,0
1.0,0.656707,0.9500557,0
1.0,0.65494126,0.90796125,0
1.0,0.6419554,0.86836255,0
1.0,0.6613227,0.908379,0
1.0,0.6509084,0.8674503,0
1.0,0.6854876,0.78871965,0
1.0,0.67852074,0.776929,0
1.0,0.7429849,0.8716315,0
1.0,0.7205558,0.8850644,0
1.0,0.7088437,0.91235673,0
1.0,0.74073267,0.9173468,0
1.0,0.7919353,0.9692372,0
1.0,0.81227976,1.0193572,0
1.0,0.80140764,1.0327086,0
1.0,0.8189689,1.0908537,0
1.0,0.8254566,1.1144493,0
1.0,0.82393664,1.1009976,0
1.0,0.80875015,1.0252612,0
1.0,0.8150686,1.0304561,0
1.0,0.8324805,1.0594432,0
1.0,0.8584188,1.0928717,0
1.0,0.83256716,0.9479116,0
1.0,0.84696347,0.96312517,0
1.0,0.84747356,1.0391284,0
1.0,0.85042626,1.0974908,0
1.0,0.83247656,1.0921059,0
1.0,0.8464403,1.0447087,0
1.0,0.8472148,1.0125623,0
1.0,0.8539569,1.0392112,0
1.0,0.8355799,1.0702608,0
1.0,0.82653695,1.0730755,0
1.0,0.83558196,1.0902133,0
1.0,0.84356827,1.1104531,0
1.0,0.8449458,1.1317337,0
1.0,0.8313991,1.1280172,0
1.0,0.80216265,1.0804555,0
1.0,0.8077408,1.0629654,0
1.0,0.79355216,1.0142248,0
1.0,0.78530854,1.0305779,0
1.0,0.7713909,1.0591509,0
1.0,0.77042437,1.0012454,0
1.0,0.79162145,0.986839,0
1.0,0.78494734,0.98907286,0
1.0,0.77562356,1.0085254,0
1.0,0.7577007,0.98006034,0
1.0,0.81068134,1.0814819,0
1.0,0.7978913,1.0440173,0
1.0,0.82400143,1.0862488,0
1.0,0.8162926,1.1258523,0
1.0,0.8613863,1.2487887,0
1.0,0.83574116,1.219401,0
1.0,0.86669415,1.3255181,0
1.0,0.82387245,1.1811073,0
1.0,0.8686532,1.2712896,0
1.0,0.85029954,1.3042254,0
1.0,0.8574574,1.2966442,0
1.0,0.8181048,1.1242163,0
1.0,0.853109,1.1614864,0
1.0,0.822792,1.1621304,0
1.0,0.8260493,1.1984768,0
1.0,0.79958284,1.1343299,0
1.0,0.83195436,1.1468538,0
1.0,0.7985517,1.0724328,0
1.0,0.8113877,1.11711,0
1.0,0.79540926,1.1531224,0
1.0,0.79732865,1.1377181,0
1.0,0.7928718,1.0998739,0
1.0,0.7886629,1.0794849,0
1.0,0.7881008,1.071003,0
1.0,0.7624929,1.0595567,0
1.0,0.7891154,1.1528373,0
1.0,0.7821243,1.1393343,0
1.0,0.79784095,1.1810436,0
1.0,0.77876306,1.1515013,0
1.0,0.814007,1.2308508,0
1.0,0.8087279,1.1901958,0
1.0,0.85122585,1.2514814,0
1.0,0.8295119,1.204737,0
1.0,0.846993,1.2388949,0
1.0,0.8464284,1.2343087,0
1.0,0.875718,1.2544651,0
1.0,0.8448289,1.1316243,0
1.0,0.87090254,1.1719321,0
1.0,0.8718772,1.1754649,0
1.0,0.8926352,1.2194905,0
1.0,0.86837125,1.1927252,0
1.0,0.8949503,1.225503,0
1.0,0.8990043,1.2268243,0
1.0,0.9164001,1.3015293,0
1.0,0.8976882,1.3304102,0
1.0,0.9128276,1.3561852,0
1.0,0.9254375,1.3516827,0
1.0,0.93701416,1.3776736,0
1.0,0.9316536,1.4000695,0
1.0,0.9367524,1.4521562,0
1.0,0.9430328,1.4644854,0
1.0,0.9473791,1.4214661,0
1.0,0.9390842,1.4191105,0
1.0,0.94052136,1.4521081,0
1.0,0.94027793,1.4880347,0
1.0,0.9315835,1.4701812,0
1.0,0.9145068,1.3917364,0
1.0,0.9207791,1.328223,0
1.0,0.91768426,1.2596707,0
1.0,0.9142123,1.2774723,0
1.0,0.9134559,1.3035693,0
1.0,0.922131,1.313357,0
1.0,0.9268927,1.3338366,0
1.0,0.92818487,1.3679641,0
1.0,0.9207053,1.4090077,0
1.0,0.91987705,1.4029444,0
1.0,0.91563684,1.3997321,0
1.0,0.9137446,1.4754765,0
1.0,0.9100681,1.5023592,0
1.0,0.90791667,1.502032,0
1.0,0.91001475,1.4971824,0
1.0,0.91024524,1.4928677,0
1.0,0.9119992,1.4773324,0
1.0,0.9112126,1.4464476,0
1.0,0.91477245,1.4388382,0
1.0,0.8969573,1.40345,0
1.0,0.901848,1.4165719,0
1.0,0.89519584,1.3507999,0
1.0,0.9018362,1.3951461,0
1.0,0.89264804,1.4593544,0
1.0,0.90398484,1.5083807,0
1.0,0.9029735,1.5355215,0
1.0,0.9182301,1.5663632,0
1.0,0.9113254,1.5270591,0
1.0,0.9181225,1.6133385,0
1.0,0.91541284,1.6318214,0
1.0,0.9276547,1.6773728,0
1.0,0.9207393,1.6832218,0
1.0,0.92663604,1.6821519,0
1.0,0.92591953,1.7130797,0
1.0,0.93205184,1.7822003,0
1.0,0.921844,1.7768388,0
1.0,0.93642205,1.8520107,0
1.0,0.9347236,1.8211935,0
1.0,0.9438378,1.8197136,0
1.0,0.93426496,1.7852376,0
1.0,0.93893933,1.7310191,0
1.0,0.93458885,1.7132518,0
1.0,0.9363264,1.6971254,0
1.0,0.9226995,1.6124785,0
1.0,0.9257835,1.6446991,0
1.0,0.91646546,1.6512395,0
1.0,0.9197041,1.6684027,0
1.0,0.9109855,1.6419483,0
1.0,0.91209966,1.6867063,0
1.0,0.9069832,1.7690277,0
1.0,0.91158754,1.8457317,0
1.0,0.9132174,1.8652446,0
1.0,0.92048436,1.8406365,0
1.0,0.9186285,1.8390273,0
1.0,0.91983026,1.8402144,0
1.0,0.90442425,1.7719302,0
1.0,0.9182528,1.7683686,0
1.0,0.90841055,1.6800666,0
1.0,0.91015387,1.7011492,0
1.0,0.90083647,1.6877993,0
1.0,0.89957315,1.6209217,0
1.0,0.8874341,1.5946531,0
1.0,0.887041,1.5855584,0
1.0,0.87998956,1.5328329,0
1.0,0.8891513,1.5598309,0
1.0,0.87867665,1.5180556,0
1.0,0.87685114,1.4886575,0
1.0,0.87890476,1.474195,0
1.0,0.88785356,1.4751225,0
1.0,0.8818423,1.5039012,0
1.0,0.88612384,1.5274348,0
1.0,0.8844035,1.5548534,0
1.0,0.8929072,1.6110184,0
1.0,0.88089854,1.5581636,0
1.0,0.88860065,1.5820463,0
1.0,0.8826039,1.5778472,0
1.0,0.88816816,1.5638393,0
1.0,0.8801085,1.5041203,0
1.0,0.8833372,1.4687829,0
1.0,0.8822261,1.4723446,0
1.0,0.87762797,1.4423504,0
1.0,0.8703576,1.3807727,0
1.0,0.87225074,1.3364022,0
1.0,0.8735327,1.2899599,0
1.0,0.8847206,1.3185883,0
1.0,0.88477653,1.3358488,0
1.0,0.89045244,1.3385699,0
1.0,0.897271,1.3584474,0
1.0,0.90329677,1.3690075,0
1.0,0.90372944,1.3443484,0
1.0,0.9064317,1.3734702,0
1.0,0.9072115,1.445536,0
1.0,0.9039601,1.3996912,0
1.0,0.90451217,1.372545,0
1.0,0.8941892,1.3834321,0
1.0,0.89643735,1.3671341,0
1.0,0.8866388,1.3780065,0
1.0,0.8746354,1.374943,0
1.0,0.85354406,1.2910826,0
1.0,0.8458831,1.2478185,0
1.0,0.8317082,1.2209531,0
1.0,0.81633747,1.1492933,0
1.0,0.7905475,1.0754111,0
1.0,0.7796627,1.0200868,0
1.0,0.77396107,0.98597646,0
1.0,0.7677507,1.0091474,0
1.0,0.7643461,1.0543913,0
1.0,0.75416136,1.0188553,0
1.0,0.76715356,1.0175365,0
1.0,0.775246,1.0288817,0
1.0,0.77360857,1.0592207,0
1.0,0.76193064,1.0450456,0
1.0,0.80305296,1.1236764,0
1.0,0.81336886,1.1092157,0
1.0,0.8265276,1.0960633,0
1.0,0.8048598,1.0577773,0
1.0,0.8268508,1.100654,0
1.0,0.82565147,1.0800457,0
1.0,0.8449678,1.1020951,0
1.0,0.8282743,1.0332897,0
1.0,0.8516921,1.0640639,0
1.0,0.86407465,1.0914333,0
1.0,0.8848232,1.0970626,0
1.0,0.872193,1.0160427,0
1.0,0.893505,1.0595407,0
1.0,0.90058434,1.0790951,0
1.0,0.91339684,1.1144699,0
1.0,0.8998313,1.1000339,0
1.0,0.9095961,1.1004268,0
1.0,0.9115498,1.0946231,0
1.0,0.909129,1.1174082,0
1.0,0.89970577,1.1782651,0
1.0,0.8949049,1.1687303,0
1.0,0.89315176,1.1495268,0
1.0,0.8912338,1.1909368,0
1.0,0.87967026,1.1891911,0
1.0,0.85922503,1.1155165,0
1.0,0.8717585,1.1082718,0
1.0,0.875596,1.0709043,0
1.0,0.88241476,1.0516956,0
1.0,0.868157,1.0280827,0
1.0,0.889432,1.1219925,0
1.0,0.8778198,1.1145573,0
1.0,0.8900359,1.1162684,0
1.0,0.8785061,1.1046915,0
1.0,0.8836409,1.116576,0
1.0,0.8766905,1.1242417,0
1.0,0.8976154,1.2829839,0
1.0,0.8726926,1.223958,0
1.0,0.896692,1.2413514,0
1.0,0.8761247,1.2634552,0
1.0,0.90327895,1.3630631,0
1.0,0.8804853,1.2991197,0
1.0,0.9102779,1.3959749,0
1.0,0.8954066,1.3965571,0
1.0,0.91705596,1.4391732,0
1.0,0.8988719,1.4487586,0
1.0,0.9159643,1.5622702,0
1.0,0.89595604,1.4272882,0
1.0,0.92103076,1.4615701,0
1.0,0.8947095,1.4422345,0
1.0,0.89341617,1.4481333,0
1.0,0.8560279,1.3538449,0
1.0,0.89521325,1.4058161,0
1.0,0.84492993,1.2534419,0
1.0,0.8433346,1.261003,0
1.0,0.79357934,1.1883878,0
1.0,0.8294314,1.234364,0
1.0,0.7718631,1.1236787,0
1.0,0.805013,1.2001499,0
1.0,0.74575377,1.1285189,0
1.0,0.78912294,1.2747877,0
1.0,0.7446227,1.190769,0
1.0,0.7870031,1.2308362,0
1.0,0.7468925,1.0981491,0
1.0,0.7938376,1.2017983,0
1.0,0.75155234,1.2466053,0
1.0,0.7593463,1.2814238,0
1.0,0.7272253,1.1969663,0
1.0,0.77780265,1.2111397,0
1.0,0.7278247,1.1110244,0
1.0,0.7427597,1.1969209,0
1.0,0.7392959,1.2105169,0
1.0,0.7835624,1.260752,0
1.0,0.7711426,1.2292551,0
1.0,0.7962918,1.3139248,0
1.0,0.80085707,1.38672,0
1.0,0.81560487,1.4092286,0
1.0,0.8410499,1.4363406,0
1.0,0.86846375,1.4130073,0
1.0,0.8804851,1.4478003,0
1.0,0.89301264,1.5913386,0
1.0,0.8991104,1.6274424,0
1.0,0.91036683,1.6225101,0
1.0,0.9179674,1.62965,0
1.0,0.92212117,1.6153111,0
1.0,0.9208953,1.6962366,0
1.0,0.9190159,1.6927037,0
1.0,0.9321904,1.6755539,0
1.0,0.9324281,1.6923847,0
1.0,0.9393471,1.7425389,0
1.0,0.94103384,1.8974187,0
1.0,0.9381991,1.9111412,0
1.0,0.941815,1.8409739,0
1.0,0.95046365,1.8617823,0
1.0,0.9517271,1.9400032,0
1.0,0.9488973,2.0850508,0
1.0,0.95625997,2.1983795,0
1.0,0.96229374,2.0862112,0
1.0,0.9633367,2.043191,0
1.0,0.9621734,2.0675118,0
1.0,0.96386766,2.272135,0
1.0,0.9618137,2.4323187,0
1.0,0.9634159,2.3670182,0
1.0,0.9611682,2.2861977,0
1.0,0.96363163,2.3533952,0
1.0,0.9615411,2.4333005,0
1.0,0.9634543,2.507607,0
1.0,0.96279585,2.4170127,0
1.0,0.9668642,2.3876486,0
1.0,0.9666637,2.3945642,0
1.0,0.9653049,2.5043006,0
1.0,0.9588534,2.5142474,0
1.0,0.9641299,2.46679,0
1.0,0.96411216,2.4462292,0
1.0,0.96558905,2.4627037,0
1.0,0.9630642,2.571426,0
1.0,0.96587443,2.72927,0
1.0,0.9640745,2.688665,0
1.0,0.9664305,2.6841035,0
1.0,0.9652907,2.6978192,0
1.0,0.96273947,2.771296,0
1.0,0.9608237,2.828164,0
1.0,0.96486735,2.7134113,0
1.0,0.9655411,2.6151085,0
1.0,0.9642353,2.6222196,0
1.0,0.9615182,2.776431,0
1.0,0.96373224,2.9668136,0
1.0,0.9658391,2.883109,0
1.0,0.96855974,2.7873502,0
1.0,0.9700209,2.7739155,0
1.0,0.9698722,2.7989879,0
1.0,0.9677376,2.918201,0
1.0,0.97032714,2.8522449,0
1.0,0.9717263,2.6634042,0
1.0,0.9748812,2.6882825,0
1.0,0.97341746,2.7461164,0
1.0,0.97264963,2.765656,0
1.0,0.96951854,2.7855241,0
1.0,0.97399354,2.7032251,0
1.0,0.9743208,2.6933265,0
1.0,0.974924,2.8041675,0
1.0,0.9752778,2.9247122,0
1.0,0.97606057,2.888447,0
1.0,0.9772609,2.8754592,0
1.0,0.9788745,2.8590608,0
1.0,0.97709125,2.903019,0
1.0,0.97688395,3.0966084,0
1.0,0.9781692,3.109269,0
1.0,0.9801065,2.9950519,0
1.0,0.9805931,2.9732594,0
1.0,0.9800607,2.9698148,0
1.0,0.97874886,3.0288105,0
1.0,0.9790854,3.0348706,0
1.0,0.9795098,2.9776387,0
1.0,0.9808115,2.9777513,0
1.0,0.9808142,2.9960687,0
1.0,0.97997594,3.1158528,0
1.0,0.9787401,3.1138268,0
1.0,0.9789064,2.9017484,0
1.0,0.9809662,2.9319563,0
1.0,0.98053473,2.9561386,0
1.0,0.9799437,2.9825025,0
1.0,0.97742826,3.0494099,0
1.0,0.97751004,2.9514258,0
1.0,0.97860354,2.8755214,0
1.0,0.9771259,2.9116235,0
1.0,0.97441715,2.99191,0
1.0,0.97450554,3.0860844,0
1.0,0.97190386,3.014954,0
1.0,0.97394603,2.9265242,0
1.0,0.9723517,2.9315484,0
1.0,0.97172844,2.996169,0
1.0,0.96981245,2.9883342,0
1.0,0.9734428,2.8999846,0
1.0,0.9724025,2.831832,0
1.0,0.97245336,2.8263564,0
1.0,0.9700256,2.8976116,0
1.0,0.9703143,2.9482856,0
1.0,0.96868235,2.7849054,0
1.0,0.97005254,2.7624002,0
1.0,0.9712992,2.7920272,0
1.0,0.97203887,2.7895007,0
1.0,0.9710053,2.8350983,0
1.0,0.967485,2.7749925,0
1.0,0.96836233,2.7290921,0
1.0,0.9677411,2.7867494,0
1.0,0.964715,2.803333,0
1.0,0.96412313,2.7901428,0
1.0,0.961177,2.687385,0
1.0,0.9633346,2.6129804,0
1.0,0.96323717,2.5997934,0
1.0,0.96586955,2.5639071,0
1.0,0.9675038,2.5344307,0
1.0,0.9679864,2.4838977,0
1.0,0.96621567,2.4718606,0
1.0,0.9666774,2.5151258,0
1.0,0.96909595,2.539691,0
1.0,0.96858853,2.5788121,0
1.0,0.96976155,2.5128045,0
1.0,0.96899015,2.4096887,0
1.0,0.97191083,2.4505734,0
1.0,0.9683681,2.4621,0
1.0,0.96885455,2.497213,0
1.0,0.96209985,2.4311664,0
1.0,0.96265274,2.3914897,0
1.0,0.9581348,2.4180555,0
1.0,0.95664614,2.4081774,0
1.0,0.95169026,2.393529,0
1.0,0.95143443,2.3333888,0
1.0,0.9477385,2.1929317,0
1.0,0.94792646,2.213341,0
1.0,0.945921,2.189855,0
1.0,0.944568,2.1501498,0
1.0,0.9462335,2.1815321,0
1.0,0.9435649,2.1491742,0
1.0,0.9320899,2.1412678,0
1.0,0.93375653,2.166945,0
1.0,0.9367832,2.133769,0
1.0,0.93611604,2.1296573,0
1.0,0.92957515,2.125608,0
1.0,0.92409325,2.1506324,0
1.0,0.9213049,2.1824722,0
1.0,0.9165481,2.180923,0
1.0,0.9154173,2.1841455,0
1.0,0.9111059,2.2219634,0
1.0,0.91149074,2.2513494,0
1.0,0.9067773,2.1681418,0
1.0,0.9056759,2.1499429,0
1.0,0.90732557,2.1068733,0
1.0,0.9093037,2.0359914,0
1.0,0.9088348,2.085834,0
1.0,0.91020674,2.1005013,0
1.0,0.9096535,2.0632093,0
1.0,0.92135656,2.1241221,0
1.0,0.9189456,2.076919,0
1.0,0.9132426,2.0756814,0
1.0,0.91481096,2.139647,0
1.0,0.91485196,2.1255171,0
1.0,0.91857773,2.145468,0
1.0,0.9180397,2.1317182,0
1.0,0.91819847,2.1706595,0
1.0,0.9232997,2.2794385,0
1.0,0.93491596,2.2880483,0
1.0,0.9392458,2.29135,0
1.0,0.94553053,2.2804906,0
1.0,0.94441545,2.2580462,0
1.0,0.9483589,2.2827709,0
1.0,0.9392302,2.177946,0
1.0,0.9436085,2.1681483,0
1.0,0.93572164,2.1084256,0
1.0,0.93793255,2.062038,0
1.0,0.9318659,2.0590882,0
1.0,0.92987645,2.0303972,0
1.0,0.9258722,1.9679809,0
1.0,0.9333722,1.9490869,0
1.0,0.92735565,1.9553587,0
1.0,0.9277099,2.0016503,0
1.0,0.91481996,1.9679747,0
1.0,0.9230904,2.0297127,0
1.0,0.91884327,2.032131,0
1.0,0.9169128,2.0722082,0
1.0,0.9120022,2.0897806,0
1.0,0.9237331,2.055294,0
1.0,0.92236924,1.9930499,0
1.0,0.92410487,1.9984405,0
1.0,0.91632026,1.961392,0
1.0,0.92596483,1.9705663,0
1.0,0.9099053,1.8717654,0
1.0,0.91051,1.8141241,0
1.0,0.89655626,1.8079697,0
1.0,0.9007225,1.818295,0
1.0,0.8995585,1.8561791,0
1.0,0.899442,1.853981,0
1.0,0.9005828,1.7704813,0
1.0,0.9097182,1.8363515,0
1.0,0.9090504,1.8787392,0
1.0,0.9148306,1.9216552,0
1.0,0.91687393,1.9202414,0
1.0,0.9214051,1.9413322,0
1.0,0.92351985,2.0390005,0
1.0,0.9329383,2.102219,0
1.0,0.93917716,2.1952972,0
1.0,0.94531053,2.2215564,0
1.0,0.94566315,2.2192535,0
1.0,0.9506247,2.3579855,0
1.0,0.94669324,2.3346176,0
1.0,0.95145774,2.349513,0
1.0,0.9492534,2.3189416,0
1.0,0.9535556,2.2579389,0
1.0,0.9510695,2.2852492,0
1.0,0.95136255,2.3212306,0
1.0,0.95187384,2.3035333,0
1.0,0.9548505,2.3056755,0
1.0,0.95673853,2.3484397,0
1.0,0.9562978,2.4248574,0
1.0,0.9544886,2.5046334,0
1.0,0.954467,2.575279,0
1.0,0.95900273,2.617673,0
1.0,0.9569803,2.6196933,0
1.0,0.9563165,2.6973343,0
1.0,0.9584434,2.778172,0
1.0,0.9630346,2.7503333,0
1.0,0.96412927,2.7905235,0
1.0,0.9627607,2.8075194,0
1.0,0.9618499,2.8020182,0
1.0,0.96162534,2.8712063,0
1.0,0.95907325,2.8693967,0
1.0,0.9593123,2.8311486,0
1.0,0.9597352,2.8046367,0
1.0,0.9621997,2.8298755,0
1.0,0.96113473,2.8645682,0
1.0,0.9610911,2.823898,0
1.0,0.9646421,2.8126822,0
1.0,0.9673582,2.8264008,0
1.0,0.96690595,2.8674903,0
1.0,0.96448797,2.8872645,0
1.0,0.96298075,2.8332968,0
1.0,0.9616223,2.8672037,0
1.0,0.96336734,2.9386854,0
1.0,0.9623728,3.020987,0
1.0,0.9635947,3.0903623,0
1.0,0.9622583,3.0760632,0
1.0,0.96401966,3.0787597,0
1.0,0.96421933,3.080367,0
1.0,0.9641697,3.0217075,0
1.0,0.9608307,3.0040908,0
1.0,0.9601433,2.9979014,0
1.0,0.9614393,2.9040198,0
1.0,0.9616086,2.822052,0
1.0,0.9600488,2.8250203,0
1.0,0.9612355,2.8763204,0
1.0,0.9633703,2.8660135,0
1.0,0.96646947,2.806509,0
1.0,0.96537006,2.7801511,0
1.0,0.9649213,2.752308,0
1.0,0.964994,2.7666845,0
1.0,0.96106195,2.760087,0
1.0,0.9589421,2.69174,0
1.0,0.95658624,2.6871195,0
1.0,0.95848423,2.711483,0
1.0,0.9577294,2.7204943,0
1.0,0.9563557,2.7785482,0
1.0,0.9531227,2.74993,0
1.0,0.95478266,2.7109752,0
1.0,0.95440745,2.7010937,0
1.0,0.9505029,2.6585512,0
1.0,0.94884086,2.664491,0
1.0,0.95204914,2.6994233,0
1.0,0.9514977,2.6149614,0
1.0,0.9506052,2.5421867,0
1.0,0.9471904,2.5004773,0
1.0,0.94939667,2.4391952,0
1.0,0.949122,2.3960626,0
1.0,0.94782054,2.372693,0
1.0,0.94287914,2.3148394,0
1.0,0.9418216,2.2877436,0
1.0,0.9336241,2.269853,0
1.0,0.92812055,2.2727392,0
1.0,0.9213907,2.2544084,0
1.0,0.92190874,2.285121,0
1.0,0.9196077,2.3373132,0
1.0,0.9119418,2.3286843,0
1.0,0.9077692,2.3188133,0
1.0,0.91389555,2.3153553,0
1.0,0.9179488,2.2842755,0
1.0,0.9178651,2.2667763,0
1.0,0.9204295,2.3021336,0
1.0,0.92538005,2.340042,0
1.0,0.9332142,2.3141108,0
1.0,0.9361425,2.3137412,0
1.0,0.93944585,2.3028255,0
1.0,0.937123,2.2497206,0
1.0,0.937389,2.280638,0
1.0,0.93341875,2.2251759,0
1.0,0.9344031,2.1644082,0
1.0,0.93209034,2.1639633,0
1.0,0.9319614,2.181131,0
1.0,0.9301104,2.2080855,0
1.0,0.93740684,2.1968935,0
1.0,0.9411539,2.1398778,0
1.0,0.9459114,2.1330209,0
1.0,0.9476572,2.1466475,0
1.0,0.94936144,2.2009902,0
1.0,0.9554996,2.2049365,0
1.0,0.9533933,2.1464329,0
1.0,0.9559335,2.1668758,0
1.0,0.95403516,2.188408,0
1.0,0.95509905,2.1719835,0
1.0,0.957996,2.1865327,0
1.0,0.9576629,2.1125207,0
1.0,0.957684,2.0270808,0
1.0,0.9564353,2.0302262,0
1.0,0.9511327,2.0397453,0
1.0,0.9509368,2.0035086,0
1.0,0.94602233,1.9347343,0
1.0,0.95196044,1.9541795,0
1.0,0.946284,1.9673578,0
1.0,0.9510225,2.0061493,0
1.0,0.9466256,2.0075781,0
1.0,0.95495963,1.9649462,0
1.0,0.9505059,1.9165982,0
1.0,0.95141804,1.9346784,0
1.0,0.94395137,1.946073,0
1.0,0.9492973,1.9300625,0
1.0,0.9487663,1.8802745,0
1.0,0.95111394,1.8624855,0
1.0,0.94708055,1.8573729,0
1.0,0.9458567,1.8950608,0
1.0,0.945091,1.8590488,0
1.0,0.94065815,1.7538586,0
1.0,0.9383348,1.7332494,0
1.0,0.9385879,1.7807271,0
1.0,0.9324287,1.858778,0
1.0,0.9373405,1.9123656,0
1.0,0.93836296,1.8398101,0
1.0,0.9470362,1.8370581,0
1.0,0.94501233,1.8592958,0
1.0,0.94343585,1.8852391,0
1.0,0.94613445,1.9241469,0
1.0,0.948064,1.9166638,0
1.0,0.94961023,1.9062924,0
1.0,0.9460171,1.9225279,0
1.0,0.950013,1.9526699,0
1.0,0.94541854,1.9424708,0
1.0,0.95144445,1.8829403,0
1.0,0.9495067,1.8086069,0
1.0,0.9523372,1.802294,0
1.0,0.94936436,1.817852,0
1.0,0.9481375,1.8145313,0
1.0,0.94740325,1.7800806,0
1.0,0.95068634,1.7202424,0
1.0,0.94810283,1.6867669,0
1.0,0.9468576,1.7285933,0
1.0,0.94840115,1.7293961,0
1.0,0.9507793,1.641583,0
1.0,0.9484688,1.6261032,0
1.0,0.94728273,1.6588795,0
1.0,0.94371533,1.7235725,0
1.0,0.94412583,1.7255151,0
1.0,0.9437444,1.6900208,0
1.0,0.94314533,1.6847975,0
1.0,0.9422826,1.6814706,0
1.0,0.93711674,1.7074801,0
1.0,0.9249836,1.6645612,0
1.0,0.92245823,1.548495,0
1.0,0.91912425,1.4945011,0
1.0,0.9120202,1.47806,0
1.0,0.9036971,1.4642035,0
1.0,0.90055186,1.4679964,0
1.0,0.8978677,1.3934193,0
1.0,0.896105,1.2992132,0
1.0,0.88825864,1.2698047,0
1.0,0.8890057,1.2547865,0
1.0,0.8795364,1.2261138,0
1.0,0.87534124,1.1975051,0
1.0,0.861347,1.1520152,0
1.0,0.8697116,1.2208154,0
1.0,0.85734516,1.2250044,0
1.0,0.8675242,1.2601857,0
1.0,0.86447746,1.2030118,0
1.0,0.8725425,1.2094059,0
1.0,0.8680568,1.2470531,0
1.0,0.8660393,1.2578781,0
1.0,0.8524005,1.2395706,0
1.0,0.85569227,1.2276049,0
1.0,0.8416113,1.1735815,0
1.0,0.8401129,1.1755064,0
1.0,0.82953596,1.1782308,0
1.0,0.8326745,1.1937225,0
1.0,0.8177209,1.072626,0
1.0,0.8214164,1.0625958,0
1.0,0.8188125,1.0880544,0
1.0,0.82992584,1.1302857,0
1.0,0.82792175,1.1343257,0
1.0,0.85516983,1.1490841,0
1.0,0.85603684,1.1315296,0
1.0,0.8675411,1.1803901,0
1.0,0.8635132,1.1851454,0
1.0,0.87318736,1.2129157,0
1.0,0.8730713,1.1986842,0
1.0,0.8704908,1.1805806,0
1.0,0.8671458,1.2124825,0
1.0,0.8641913,1.2548475,0
1.0,0.86512226,1.3074131,0
1.0,0.8719088,1.3340292,0
1.0,0.87163436,1.2978356,0
1.0,0.8876658,1.3398886,0
1.0,0.8847747,1.3299847,0
1.0,0.90749353,1.2982757,0
1.0,0.90886915,1.2773244,0
1.0,0.9178874,1.3200319,0
1.0,0.922603,1.3411982,0
1.0,0.93485063,1.3588715,0
1.0,0.9312463,1.3414826,0
1.0,0.9314299,1.3266585,0
1.0,0.9342406,1.3244479,0
1.0,0.9399762,1.3756466,0
1.0,0.93434465,1.3639264,0
1.0,0.9216828,1.3438382,0
1.0,0.92594683,1.3539907,0
1.0,0.9251538,1.3186864,0
1.0,0.91981894,1.3571033,0
1.0,0.90898806,1.4168463,0
1.0,0.91887456,1.4197164,0
1.0,0.9216163,1.3600065,0
1.0,0.9247439,1.3569207,0
1.0,0.9208128,1.397871,0
1.0,0.929702,1.4513702,0
1.0,0.9397418,1.4621056,0
1.0,0.9414791,1.4392055,0
1.0,0.9326993,1.396266,0
1.0,0.94100535,1.4115769,0
1.0,0.93581665,1.4165976,0
1.0,0.93201804,1.3776587,0
1.0,0.92072535,1.3121905,0
1.0,0.9291244,1.3134487,0
1.0,0.9232927,1.3205123,0
1.0,0.91974413,1.3784184,0
1.0,0.9103305,1.3893296,0
1.0,0.91916615,1.3975185,0
1.0,0.91842353,1.3939605,0
1.0,0.9187933,1.4195459,0
1.0,0.91265666,1.467785,0
1.0,0.92844015,1.518138,0
1.0,0.93497616,1.5277435,0
1.0,0.9400347,1.4967952,0
1.0,0.93682843,1.487699,0
1.0,0.9424333,1.551296,0
1.0,0.9424733,1.5175016,0
1.0,0.94339705,1.4857134,0
1.0,0.9334666,1.4399776,0
1.0,0.9400438,1.449867,0
1.0,0.930072,1.4575831,0
1.0,0.92952955,1.4664316,0
1.0,0.91920966,1.3799322,0
1.0,0.93100154,1.3648462,0
1.0,0.925161,1.3639323,0
1.0,0.92850876,1.4271913,0
1.0,0.91635233,1.4191517,0
1.0,0.9352401,1.4229913,0
1.0,0.93048614,1.3982947,0
1.0,0.9397382,1.4343868,0
1.0,0.9337659,1.4945476,0
1.0,0.94485426,1.5710645,0
1.0,0.9431609,1.5382589,0
1.0,0.9527674,1.5455973,0
1.0,0.94700253,1.5200704,0
1.0,0.95119405,1.5417223,0
1.0,0.94566804,1.5825093,0
1.0,0.9532233,1.5690265,0
1.0,0.9493391,1.5126281,0
1.0,0.9537152,1.5205197,0
1.0,0.95119524,1.5608054,0
1.0,0.9520617,1.5795598,0
1.0,0.9564475,1.5109212,0
1.0,0.9582879,1.4844328,0
1.0,0.95983255,1.483928,0
1.0,0.9583563,1.5495967,0
1.0,0.9576522,1.6236811,0
1.0,0.96001774,1.5802388,0
1.0,0.96269405,1.5831003,0
1.0,0.9599052,1.6183759,0
1.0,0.96281683,1.6617613,0
1.0,0.9583074,1.6814094,0
1.0,0.95805293,1.633734,0
1.0,0.9573309,1.573566,0
1.0,0.9567569,1.5962384,0
1.0,0.9512861,1.610601,0
1.0,0.95085496,1.6402491,0
1.0,0.9486019,1.5933747,0
1.0,0.95055836,1.5008011,0
1.0,0.94987947,1.4730225,0
1.0,0.9485999,1.5225313,0
1.0,0.94405806,1.5429652,0
1.0,0.9510108,1.5117698,0
1.0,0.9497611,1.4912575,0
1.0,0.95345885,1.5229491,0
1.0,0.9509995,1.5724235,0
1.0,0.9454269,1.6238043,0
1.0,0.94693744,1.6013165,0
1.0,0.94893855,1.529697,0
1.0,0.9441717,1.5142255,0
1.0,0.93932194,1.536294,0
1.0,0.9414282,1.5529222,0
1.0,0.9417447,1.5424021,0
1.0,0.9393496,1.5206667,0
1.0,0.9309019,1.4592341,0
1.0,0.9327131,1.4557757,0
1.0,0.932473,1.482213,0
1.0,0.92889875,1.4175127,0
1.0,0.9252589,1.3240229,0
1.0,0.93484706,1.3300515,0
1.0,0.9339873,1.3516383,0
1.0,0.9327261,1.374645,0
1.0,0.93344104,1.3941051,0
1.0,0.9366504,1.3681015,0
1.0,0.9384223,1.3700566,0
1.0,0.93761384,1.4566292,0
1.0,0.9312685,1.4639994,0
1.0,0.92971015,1.4736117,0
1.0,0.9321,1.4712777,0
1.0,0.9283524,1.4287653,0
1.0,0.92935085,1.4600565,0
1.0,0.91402304,1.5069647,0
1.0,0.92652416,1.531683,0
1.0,0.9260203,1.503121,0
1.0,0.93980116,1.5240707,0
1.0,0.9293261,1.5179989,0
1.0,0.9324485,1.5448487,0
1.0,0.92515194,1.491497,0
1.0,0.93791157,1.4538995,0
1.0,0.9287354,1.4108219,0
1.0,0.9289904,1.415311,0
1.0,0.9234304,1.4412725,0
1.0,0.938018,1.4896828,0
1.0,0.9276633,1.4642019,0
1.0,0.93635345,1.5185041,0
1.0,0.9261211,1.5193391,0
1.0,0.93378335,1.5884075,0
1.0,0.9200127,1.5997303,0
1.0,0.92707026,1.6124058,0
1.0,0.908965,1.5911359,0
1.0,0.92221504,1.6757689,0
1.0,0.90852475,1.7415584,0
1.0,0.9172196,1.780101,0
1.0,0.9066448,1.7064865,0
1.0,0.923205,1.7116923,0
1.0,0.92634296,1.7132454,0
1.0,0.92146844,1.7425648,0
1.0,0.9195559,1.7450461,0
1.0,0.9132716,1.6852472,0
1.0,0.9206675,1.6668801,0
1.0,0.91262597,1.6789383,0
1.0,0.915818,1.7445393,0
1.0,0.91315955,1.7516787,0
1.0,0.92104775,1.797584,0
1.0,0.92117286,1.8066747,0
1.0,0.9288244,1.8179922,0
1.0,0.9229626,1.8651805,0
1.0,0.924824,1.8769442,0
1.0,0.91539806,1.836283,0
1.0,0.92615795,1.913848,0
1.0,0.91763306,1.9570014,0
1.0,0.9242924,2.0291123,0
1.0,0.91926295,2.0603223,0
1.0,0.9298514,2.104369,0
1.0,0.9249941,2.1025968,0
1.0,0.9298729,2.1348298,0
1.0,0.92018104,2.1197948,0
1.0,0.93172675,2.141623,0
1.0,0.92046154,2.0766077,0
1.0,0.9235349,2.098918,0
1.0,0.91824925,2.084993,0
1.0,0.91569424,2.0592976,0
1.0,0.91199046,2.1037261,0
1.0,0.9085893,2.0516987,0
1.0,0.9094367,2.042542,0
1.0,0.9132689,2.172599,0
1.0,0.9108537,2.2104664,0
1.0,0.90647906,2.238773,0
1.0,0.90536696,2.2865329,0
1.0,0.9096914,2.2578216,0
1.0,0.9071617,2.2952466,0
1.0,0.90905297,2.3845475,0
1.0,0.9091939,2.3842962,0
1.0,0.91143966,2.3828213,0
1.0,0.90542376,2.367624,0
1.0,0.9085943,2.3577468,0
1.0,0.9091094,2.3637648,0
1.0,0.9138009,2.355498,0
1.0,0.91629505,2.3042803,0
1.0,0.9215999,2.3110402,0
1.0,0.92018247,2.3103437,0
1.0,0.92931855,2.3536525,0
1.0,0.93398595,2.3746543,0
1.0,0.9389027,2.3625388,0
1.0,0.9396335,2.3630319,0
1.0,0.9448412,2.3836648,0
1.0,0.93939686,2.3762186,0
1.0,0.9469065,2.4550908,0
1.0,0.9470017,2.463815,0
1.0,0.94716823,2.4901366,0
1.0,0.945944,2.5837297,0
1.0,0.9484867,2.6156409,0
1.0,0.9471873,2.6006918,0
1.0,0.94694984,2.6152165,0
1.0,0.94657934,2.5789342,0
1.0,0.94811577,2.567616,0
1.0,0.95187104,2.5842366,0
1.0,0.9511618,2.4867392,0
1.0,0.95403886,2.4447446,0
1.0,0.95296115,2.4341304,0
1.0,0.95015514,2.4052062,0
1.0,0.9484546,2.4257607,0
1.0,0.9504803,2.409706,0
1.0,0.9504515,2.3806057,0
1.0,0.95072675,2.3886704,0
1.0,0.9459536,2.3736305,0
1.0,0.9390408,2.4143937,0
1.0,0.9415311,2.4283364,0
1.0,0.9393415,2.4151955,0
1.0,0.9370373,2.5008845,0
1.0,0.9348406,2.5537443,0
1.0,0.93543,2.5502398,0
1.0,0.93265337,2.5451858,0
1.0,0.93228024,2.539629,0
1.0,0.93374527,2.5239415,0
1.0,0.9369247,2.5472863,0
1.0,0.9378192,2.5469248,0
1.0,0.93507445,2.4883876,0
1.0,0.9334316,2.4582639,0
1.0,0.93204623,2.4043064,0
1.0,0.92175514,2.336863,0
1.0,0.91696143,2.3255167,0
1.0,0.91433406,2.2563322,0
1.0,0.9164278,2.2296486,0
1.0,0.9122836,2.2717319,0
1.0,0.90978014,2.3083153,0
1.0,0.9058119,2.3050158,0
1.0,0.9085969,2.324238,0
1.0,0.9056205,2.2961054,0
1.0,0.90418744,2.3063602,0
1.0,0.906386,2.3798614,0
1.0,0.908676,2.4269004,0
1.0,0.9116113,2.4055257,0
1.0,0.9097086,2.3338766,0
1.0,0.91331786,2.349246,0
1.0,0.91541713,2.3524284,0
1.0,0.91174686,2.3186579,0
1.0,0.9175884,2.3329244,0
1.0,0.9129932,2.244622,0
1.0,0.9131433,2.2311034,0
1.0,0.90418774,2.2219512,0
1.0,0.90595394,2.182532,0
1.0,0.9054557,2.1557422,0
1.0,0.9150272,2.1510398,0
1.0,0.9094968,2.1456132,0
1.0,0.9125736,2.2079659,0
1.0,0.9148357,2.236668,0
1.0,0.93131185,2.3248806,0
1.0,0.9355002,2.3314962,0
1.0,0.93820846,2.3642735,0
1.0,0.9388044,2.4483907,0
1.0,0.9424992,2.4810452,0
1.0,0.9479955,2.5164604,0
1.0,0.94686663,2.5039592,0
1.0,0.9452315,2.4595382,0
1.0,0.94630677,2.4415545,0
1.0,0.9468514,2.4348717,0
1.0,0.9457804,2.3797102,0
1.0,0.94724417,2.3193593,0
1.0,0.9462408,2.3111787,0
1.0,0.9508903,2.3506355,0
1.0,0.9429494,2.3404293,0
1.0,0.94493985,2.3396451,0
1.0,0.9430246,2.2964067,0
1.0,0.94869995,2.3260536,0
1.0,0.9435637,2.388126,0
1.0,0.9446515,2.4393744,0
1.0,0.9446419,2.4376564,0
1.0,0.95238954,2.4748638,0
1.0,0.9468008,2.5121732,0
1.0,0.94885457,2.5621488,0
1.0,0.9414651,2.5545354,0
1.0,0.94812834,2.5719237,0
1.0,0.9410589,2.5095773,0
1.0,0.9425596,2.4887416,0
1.0,0.93784225,2.539732,0
1.0,0.94157666,2.557615,0
1.0,0.9425589,2.4746141,0
1.0,0.9474099,2.4912896,0
1.0,0.9464892,2.4577131,0
1.0,0.9507684,2.4509816,0
1.0,0.9468802,2.485101,0
1.0,0.9444766,2.4351096,0
1.0,0.9437464,2.4258738,0
1.0,0.94883686,2.4954786,0
1.0,0.9469795,2.5128922,0
1.0,0.947559,2.5774717,0
1.0,0.94913995,2.627135,0
1.0,0.9514504,2.6172569,0
1.0,0.9498161,2.63173,0
1.0,0.9502528,2.6886225,0
1.0,0.9498848,2.7439091,0
1.0,0.95323694,2.7660995,0
1.0,0.95219463,2.7317736,0
1.0,0.9537408,2.702554,0
1.0,0.95299315,2.7043052,0
1.0,0.9509453,2.7100234,0
1.0,0.9546918,2.6980755,0
1.0,0.9545435,2.6303859,0
1.0,0.9547529,2.6074038,0
1.0,0.9519879,2.6057131,0
1.0,0.9482064,2.5673785,0
1.0,0.94372976,2.5504498,0
1.0,0.94517183,2.5641124,0
1.0,0.94389266,2.5886497,0
1.0,0.9464744,2.6372933,0
1.0,0.9463848,2.6657348,0
1.0,0.945421,2.6754608,0
1.0,0.93997145,2.669062,0
1.0,0.94475645,2.6951096,0
1.0,0.94450253,2.6849914,0
1.0,0.94212884,2.6835604,0
1.0,0.9412916,2.6831188,0
1.0,0.94327015,2.640314,0
1.0,0.94226885,2.6085224,0
1.0,0.9366342,2.5620782,0
1.0,0.93411386,2.480074,0
1.0,0.9341092,2.4373622,0
1.0,0.9307209,2.3800883,0
1.0,0.9229216,2.334789,0
1.0,0.92135334,2.3481884,0
1.0,0.9132255,2.3112864,0
1.0,0.9101146,2.290362,0
1.0,0.9021372,2.2494798,0
1.0,0.9040392,2.241406,0
1.0,0.90307254,2.2442765,0
1.0,0.90394384,2.276292,0
1.0,0.8914253,2.2690225,0
1.0,0.8965047,2.2948601,0
1.0,0.9000048,2.3410025,0
1.0,0.90320814,2.3639379,0
1.0,0.89765906,2.3393588,0
1.0,0.90162516,2.3217268,0
1.0,0.8988146,2.2792015,0
1.0,0.8951808,2.2774897,0
1.0,0.9032763,2.2876463,0
1.0,0.89904505,2.2030618,0
1.0,0.91053146,2.1916628,0
1.0,0.90671754,2.156713,0
1.0,0.91271514,2.1480696,0
1.0,0.9068477,2.0976453,0
1.0,0.9259673,2.138367,0
1.0,0.9213139,2.1054187,0
1.0,0.9316158,2.1209354,0
1.0,0.92375875,2.135953,0
1.0,0.93647814,2.1692498,0
1.0,0.924143,2.0986328,0
1.0,0.9319148,2.150853,0
1.0,0.92497575,2.1570861,0
1.0,0.93738,2.1769814,0
1.0,0.9294416,2.172429,0
1.0,0.9347258,2.1974604,0
1.0,0.92730606,2.1437955,0
1.0,0.93154126,2.1347075,0
1.0,0.9160409,2.0725741,0
1.0,0.9222116,2.0478432,0
1.0,0.9098546,1.9741315,0
1.0,0.9174097,1.9931248,0
1.0,0.9037427,1.9285096,0
1.0,0.90174866,1.861001,0
1.0,0.8935933,1.7863464,0
1.0,0.89148223,1.7142947,0
1.0,0.8798329,1.6588628,0
1.0,0.87829536,1.6708679,0
1.0,0.8756438,1.7209764,0
1.0,0.852148,1.6510828,0
1.0,0.8440095,1.5801423,0
1.0,0.83976465,1.5810504,0
1.0,0.850057,1.6048927,0
1.0,0.84081805,1.594933,0
1.0,0.8566506,1.6846519,0
1.0,0.85239756,1.6329868,0
1.0,0.8644617,1.6317389,0
1.0,0.85147715,1.5950501,0
1.0,0.8556269,1.563324,0
1.0,0.8518063,1.5117083,0
1.0,0.86117107,1.4976064,0
1.0,0.85097086,1.4598801,0
1.0,0.8593688,1.4749712,0
1.0,0.85970074,1.44335,0
1.0,0.8656819,1.4385054,0
1.0,0.84931004,1.3912188,0
1.0,0.85678875,1.3962107,0
1.0,0.85632205,1.3964324,0
1.0,0.8613115,1.3810441,0
1.0,0.84692377,1.3679572,0
1.0,0.8603858,1.4601347,0
1.0,0.8641697,1.4556572,0
1.0,0.8693531,1.4654009,0
1.0,0.87123495,1.4524751,0
1.0,0.8769421,1.449368,0
1.0,0.8840886,1.4793181,0
1.0,0.88042146,1.4691987,0
1.0,0.8804352,1.4488232,0
1.0,0.87054735,1.4190152,0
1.0,0.8724141,1.4093876,0
1.0,0.8607876,1.3108983,0
1.0,0.85497427,1.2866299,0
1.0,0.84537065,1.2775123,0
1.0,0.8535079,1.2382394,0
1.0,0.83879924,1.2117051,0
1.0,0.8367763,1.2311366,0
1.0,0.82692057,1.1572524,0
1.0,0.8327925,1.163907,0
1.0,0.8256982,1.1670187,0
1.0,0.82273036,1.1773775,0
1.0,0.82318306,1.2183707,0
1.0,0.8296216,1.2456902,0
1.0,0.8373054,1.2471834,0
1.0,0.8461054,1.24211,0
1.0,0.8452199,1.2520678,0
1.0,0.8543174,1.3478448,0
1.0,0.8540433,1.3350732,0
1.0,0.85650027,1.3340578,0
1.0,0.8579887,1.3395371,0
1.0,0.85401267,1.2885617,0
1.0,0.850424,1.3141408,0
1.0,0.8473597,1.3217704,0
1.0,0.8575082,1.2733815,0
1.0,0.8583478,1.2654185,0
1.0,0.8572147,1.2721171,0
1.0,0.8602995,1.321426,0
1.0,0.86444545,1.3362353,0
1.0,0.86367744,1.3205723,0
1.0,0.8687066,1.3656535,0
1.0,0.8634847,1.3744454,0
1.0,0.8669986,1.4236846,0
1.0,0.86703795,1.4652088,0
1.0,0.8672533,1.4698567,0
1.0,0.87126726,1.5029973,0
1.0,0.8699597,1.5292723,0
1.0,0.86754256,1.5573866,0
1.0,0.87436956,1.5795169,0
1.0,0.87492734,1.5527372,0
1.0,0.88175166,1.5541226,0
1.0,0.87844014,1.5444624,0
1.0,0.8751957,1.5682826,0
1.0,0.88528526,1.5964363,0
1.0,0.8789943,1.5375496,0
1.0,0.8894919,1.5567768,0
1.0,0.8803141,1.5506055,0
1.0,0.89086,1.6199763,0
1.0,0.879384,1.6170111,0
1.0,0.89837366,1.6064646,0
1.0,0.895216,1.5807697,0
1.0,0.90606606,1.6185119,0
1.0,0.89754313,1.6349697,0
1.0,0.909411,1.7070725,0
1.0,0.90324587,1.6648433,0
1.0,0.9169001,1.6712153,0
1.0,0.90768784,1.6848992,0
1.0,0.91751844,1.7286806,0
1.0,0.9158201,1.7143546,0
1.0,0.9273165,1.7067686,0
1.0,0.9192715,1.6610506,0
1.0,0.9266716,1.678664,0
1.0,0.91292006,1.6535457,0
1.0,0.9216159,1.6831608,0
1.0,0.9077457,1.6032596,0
1.0,0.91946256,1.5726683,0
1.0,0.9124826,1.5587342,0
1.0,0.91395557,1.5807666,0
1.0,0.9099809,1.5905483,0
1.0,0.9199716,1.5969608,0
1.0,0.9179523,1.5682955,0
1.0,0.92084247,1.575886,0
1.0,0.9188015,1.5899934,0
1.0,0.9147561,1.6075685,0
1.0,0.91815627,1.6257973,0
1.0,0.9237639,1.6375262,0
1.0,0.9241085,1.6291435,0
1.0,0.92789924,1.6511867,0
1.0,0.9284938,1.6863706,0
1.0,0.9273538,1.6668236,0
1.0,0.93035716,1.6494446,0
1.0,0.93315893,1.6318784,0
1.0,0.92857724,1.6268445,0
1.0,0.9236317,1.6348317,0
1.0,0.9217011,1.5930091,0
1.0,0.920807,1.5523932,0
1.0,0.9189918,1.5466192,0
1.0,0.9124986,1.5342884,0
1.0,0.9136599,1.5417607,0
1.0,0.9135591,1.5445282,0
1.0,0.9107319,1.5588336,0
1.0,0.91268486,1.6136931,0
1.0,0.90740305,1.6120565,0
1.0,0.89837587,1.6249027,0
1.0,0.8951014,1.6891074,0
1.0,0.8965067,1.6920364,0
1.0,0.892808,1.7023513,0
1.0,0.89601564,1.741689,0
1.0,0.88769203,1.71876,0
1.0,0.89022034,1.7133534,0
1.0,0.88463277,1.6551313,0
1.0,0.8902134,1.6265856,0
1.0,0.87580633,1.5932925,0
1.0,0.87998396,1.629642,0
1.0,0.86544037,1.5969926,0
1.0,0.8617062,1.577329,0
1.0,0.8519761,1.5355196,0
1.0,0.85959476,1.5508587,0
1.0,0.85455024,1.5682397,0
1.0,0.85848886,1.5956067,0
1.0,0.8491855,1.5614665,0
1.0,0.8577286,1.5846843,0
1.0,0.85282016,1.613934,0
1.0,0.85775936,1.6969123,0
1.0,0.8479719,1.6929445,0
1.0,0.853446,1.7303367,0
1.0,0.8543452,1.8096485,0
1.0,0.862073,1.8634424,0
1.0,0.8596621,1.8984069,0
1.0,0.8705104,1.9734721,0
1.0,0.8687924,1.9168093,0
1.0,0.8722114,1.9091711,0
1.0,0.8648877,1.9148082,0
1.0,0.8711698,1.9021502,0
1.0,0.868742,1.9172456,0
1.0,0.87164783,1.930228,0
1.0,0.8700051,1.8524512,0
1.0,0.8809877,1.9052387,0
1.0,0.8790466,1.8987343,0
1.0,0.8834643,1.8797234,0
1.0,0.88243186,1.9381199,0
1.0,0.8989549,2.062448,0
1.0,0.90456367,2.1142344,0
1.0,0.9202286,2.2371306,0
1.0,0.9261891,2.342924,0
1.0,0.9350491,2.4527164,0
1.0,0.93590474,2.4858,0
1.0,0.93712646,2.489054,0
1.0,0.94130766,2.5272799,0
1.0,0.9463834,2.5520535,0
1.0,0.94439465,2.5811105,0
1.0,0.9515566,2.6395473,0
1.0,0.9509674,2.6191587,0
1.0,0.95544505,2.6372523,0
1.0,0.9516996,2.6125612,0
1.0,0.9510405,2.5654163,0
1.0,0.9507209,2.575119,0
1.0,0.9526532,2.585472,0
1.0,0.94888914,2.5285048,0
1.0,0.9486434,2.527062,0
1.0,0.94755554,2.5195072,0
1.0,0.94829744,2.5372696,0
1.0,0.94845206,2.6111789,0
1.0,0.9521032,2.6639724,0
1.0,0.952849,2.7077222,0
1.0,0.9518454,2.7347605,0
1.0,0.94866055,2.7141542,0
1.0,0.94550925,2.7393575,0
1.0,0.9436206,2.7694702,0
1.0,0.94387907,2.7293077,0
1.0,0.94177186,2.7582455,0
1.0,0.9428339,2.8385644,0
1.0,0.9420457,2.7867596,0
1.0,0.94134367,2.7243645,0
1.0,0.9400316,2.702301,0
1.0,0.93056965,2.627177,0
1.0,0.9306066,2.6004152,0
1.0,0.9248911,2.5282793,0
1.0,0.92720324,2.5386066,0
1.0,0.9248799,2.590087,0
1.0,0.92721224,2.604485,0
1.0,0.92124844,2.5895863,0
1.0,0.92354155,2.6118636,0
1.0,0.9235337,2.614985,0
1.0,0.9295183,2.6324358,0
1.0,0.9285882,2.621684,0
1.0,0.93067867,2.6551101,0
1.0,0.92938215,2.7097287,0
1.0,0.9391314,2.780088,0
1.0,0.9398033,2.7436073,0
1.0,0.9457126,2.7248678,0
1.0,0.9427291,2.753931,0
1.0,0.9482864,2.7869558,0
1.0,0.94549304,2.751721,0
1.0,0.94982314,2.7317078,0
1.0,0.9473348,2.676547,0
1.0,0.9501836,2.6404407,0
1.0,0.9452296,2.6337333,0
1.0,0.94615734,2.620505,0
1.0,0.9464694,2.5381129,0
1.0,0.9500072,2.5490074,0
1.0,0.9487485,2.6375341,0
1.0,0.9544483,2.687211,0
1.0,0.9597017,2.7382894,0
1.0,0.96450335,2.7390761,0
1.0,0.96362036,2.6992245,0
1.0,0.9663588,2.7708604,0
1.0,0.96563476,2.809828,0
1.0,0.9701866,2.816102,0
1.0,0.9692685,2.7965016,0
1.0,0.9722892,2.741066,0
1.0,0.97156155,2.6546988,0
1.0,0.97235006,2.6175303,0
1.0,0.96876055,2.5929377,0
1.0,0.971686,2.5583172,0
1.0,0.9699248,2.5156555,0
1.0,0.9717193,2.5632076,0
1.0,0.96747255,2.6022143,0
1.0,0.9661144,2.6013281,0
1.0,0.9627999,2.5893576,0
1.0,0.96536535,2.5616784,0
1.0,0.96294546,2.5880604,0
1.0,0.9652806,2.6492946,0
1.0,0.9637802,2.566704,0
1.0,0.9670259,2.5423234,0
1.0,0.96483827,2.5663378,0
1.0,0.966984,2.5759435,0
1.0,0.96070135,2.5794637,0
1.0,0.9645404,2.6159973,0
1.0,0.9616698,2.5961413,0
1.0,0.9642473,2.6169,0
1.0,0.95763975,2.6413796,0
1.0,0.95757085,2.5884194,0
1.0,0.9493604,2.4882765,0
1.0,0.9541884,2.5144606,0
1.0,0.94497794,2.419569,0
1.0,0.94978935,2.423109,0
1.0,0.94371146,2.4540555,0
1.0,0.9455474,2.4754224,0
1.0,0.93592405,2.428749,0
1.0,0.94373465,2.424232,0
1.0,0.9445562,2.4255855,0
1.0,0.94701856,2.4689384,0
1.0,0.94566965,2.5305529,0
1.0,0.94892853,2.659008,0
1.0,0.9495971,2.6543784,0
1.0,0.9518805,2.619378,0
1.0,0.9509508,2.694796,0
1.0,0.95307034,2.715435,0
1.0,0.9521665,2.6576753,0
1.0,0.9579736,2.657751,0
1.0,0.955473,2.553999,0
1.0,0.95482355,2.5263934,0
1.0,0.9519769,2.569112,0
1.0,0.94988215,2.4976788,0
1.0,0.9505425,2.488986,0
1.0,0.9515172,2.525756,0
1.0,0.951008,2.4765303,0
1.0,0.94883364,2.474392,0
1.0,0.95376855,2.563345,0
1.0,0.95510143,2.520263,0
1.0,0.9573714,2.449913,0
1.0,0.9535724,2.4541554,0
1.0,0.95573854,2.5306556,0
1.0,0.95510924,2.5571468,0
1.0,0.9592802,2.6016676,0
1.0,0.95999,2.5579145,0
1.0,0.96244323,2.5188475,0
1.0,0.96122205,2.550324,0
1.0,0.960293,2.5561507,0
1.0,0.9602906,2.4597368,0
1.0,0.9623361,2.4138322,0
1.0,0.96081746,2.38729,0
1.0,0.9612498,2.3752418,0
1.0,0.9542609,2.3530216,0
1.0,0.95472115,2.3357196,0
1.0,0.95266026,2.22951,0
1.0,0.95442396,2.1963754,0
1.0,0.950846,2.2252824,0
1.0,0.95008725,2.2037318,0
1.0,0.9456149,2.14091,0
1.0,0.9492937,2.165825,0
1.0,0.948439,2.1861777,0
1.0,0.9434766,2.209074,0
1.0,0.9421747,2.2073307,0
1.0,0.9439041,2.1362517,0
1.0,0.94255906,2.1291378,0
1.0,0.93859464,2.1177928,0
1.0,0.9325047,2.0645308,0
1.0,0.92792416,2.049337,0
1.0,0.9202299,2.0031142,0
1.0,0.9160179,1.9279333,0
1.0,0.9099633,1.8885673,0
1.0,0.9087399,1.9050666,0
1.0,0.901464,1.9419296,0
1.0,0.8893902,1.8410907,0
1.0,0.8880361,1.7994002,0
1.0,0.89553106,1.7711651,0
1.0,0.89257336,1.7065562,0
1.0,0.89225245,1.7384619,0
1.0,0.8890311,1.7169083,0
1.0,0.8957493,1.7011967,0
1.0,0.8980564,1.7250385,0
1.0,0.89446855,1.7111242,0
1.0,0.8963758,1.7839587,0
1.0,0.89240587,1.7952496,0
1.0,0.8814828,1.7551668,0
1.0,0.8848573,1.8017457,0
1.0,0.88171005,1.7868637,0
1.0,0.88205844,1.7986292,0
1.0,0.8765263,1.7526407,0
1.0,0.8778025,1.6740284,0
1.0,0.8845116,1.6810131,0
1.0,0.87893707,1.6522858,0
1.0,0.8769164,1.6184602,0
1.0,0.8702612,1.5713148,0
1.0,0.8783744,1.5641813,0
1.0,0.8764555,1.5721495,0
1.0,0.87460214,1.5861278,0
1.0,0.86981744,1.5815512,0
1.0,0.88339037,1.619549,0
1.0,0.87193465,1.6076193,0
1.0,0.87459576,1.6272472,0
1.0,0.86139727,1.610881,0
1.0,0.8760206,1.6632445,0
1.0,0.86922264,1.6159894,0
1.0,0.8701054,1.5297116,0
1.0,0.87133586,1.5599989,0
1.0,0.8950105,1.6741912,0
1.0,0.9085772,1.7387841,0
1.0,0.92236334,1.7732713,0
1.0,0.9192615,1.7546544,0
1.0,0.93272656,1.8416766,0
1.0,0.9300234,1.8263783,0
1.0,0.93984634,1.8218459,0
1.0,0.93697166,1.830221,0
1.0,0.94086844,1.7618649,0
1.0,0.94067127,1.7116401,0
1.0,0.9420988,1.7382032,0
1.0,0.93702304,1.6677015,0
1.0,0.9399938,1.6505897,0
1.0,0.9400376,1.6795063,0
1.0,0.9409114,1.7383006,0
1.0,0.9394208,1.78656,0
1.0,0.9346452,1.7878103,0
1.0,0.937488,1.8231288,0
1.0,0.9370016,1.8171391,0
1.0,0.93480706,1.8105981,0
1.0,0.9292973,1.8480272,0
1.0,0.93476135,1.9002421,0
1.0,0.9311241,1.8739984,0
1.0,0.931692,1.8679432,0
1.0,0.92736316,1.8465083,0
1.0,0.92411596,1.8181076,0
1.0,0.91654736,1.7997456,0
1.0,0.9219367,1.7644398,0
1.0,0.9148296,1.7140181,0
1.0,0.91896456,1.7571251,0
1.0,0.9043194,1.7860636,0
1.0,0.9065903,1.8314745,0
1.0,0.9122714,1.8461499,0
1.0,0.9250071,1.8469428,0
1.0,0.9279023,1.8620843,0
1.0,0.9339368,1.8959012,0
1.0,0.93709934,1.9150944,0
1.0,0.94479656,1.9764583,0
1.0,0.9487957,2.001285,0
1.0,0.9529319,1.9939129,0
1.0,0.9538592,2.010511,0
1.0,0.959115,2.044201,0
1.0,0.95543057,1.9888754,0
1.0,0.9607462,1.9908313,0
1.0,0.9588987,1.9887182,0
1.0,0.96139544,1.9545815,0
1.0,0.95754486,1.9018266,0
1.0,0.95657045,1.8373597,0
1.0,0.94991195,1.7923657,0
1.0,0.95181304,1.8221383,0
1.0,0.9459348,1.8133762,0
1.0,0.94289315,1.8659804,0
1.0,0.94386387,1.9053415,0
1.0,0.9496787,1.8358551,0
1.0,0.9507274,1.8154258,0
1.0,0.9529936,1.8271693,0
1.0,0.9488925,1.8418878,0
1.0,0.9541987,1.9041827,0
1.0,0.95183194,1.8868394,0
1.0,0.95385283,1.9147681,0
1.0,0.95388794,1.9612412,0
1.0,0.95367897,1.9705563,0
1.0,0.9406148,1.9075811,0
1.0,0.9380111,1.8678509,0
1.0,0.9373995,1.8016223,0
1.0,0.9358965,1.7566408,0
1.0,0.9337192,1.7757232,0
1.0,0.9321173,1.7885301,0
1.0,0.940536,1.7422976,0
1.0,0.94696563,1.7380055,0
1.0,0.9481711,1.744867,0
1.0,0.9503305,1.7987982,0
1.0,0.9570658,1.8890685,0
1.0,0.95497096,1.8726201,0
1.0,0.9524234,1.8831456,0
1.0,0.95311487,1.9465858,0
1.0,0.95337737,1.9444921,0
1.0,0.9516436,1.9657854,0
1.0,0.9518466,2.0356345,0
1.0,0.9483459,2.0532484,0
1.0,0.95142096,2.0914097,0
1.0,0.94144833,2.033562,0
1.0,0.9324893,1.9850192,0
1.0,0.9208077,1.914877,0
1.0,0.92051893,1.8278856,0
1.0,0.91408145,1.7973195,0
1.0,0.91988885,1.8110778,0
1.0,0.9192416,1.8388438,0
1.0,0.92666715,1.8758855,0
1.0,0.9299373,1.853755,0
1.0,0.9387662,1.8892694,0
1.0,0.9419416,1.8787867,0
1.0,0.9389863,1.8599398,0
1.0,0.92767614,1.838362,0
1.0,0.929618,1.8808922,0
1.0,0.9311066,1.886456,0
1.0,0.9255388,1.8561914,0
1.0,0.9245057,1.9231666,0
1.0,0.93456846,1.9839606,0
1.0,0.9363751,1.9520962,0
1.0,0.9373534,1.9464163,0
1.0,0.93872654,1.8926814,0
1.0,0.9388304,1.8799133,0
1.0,0.9401569,1.8931117,0
1.0,0.93531114,1.8097305,0
1.0,0.94137526,1.8250928,0
1.0,0.9472164,1.8729621,0
1.0,0.95113355,1.8991457,0
1.0,0.9477881,1.9204121,0
1.0,0.94692963,1.927299,0
1.0,0.95032454,1.9211609,0
1.0,0.9525699,1.9065976,0
1.0,0.94612026,1.8647109,0
1.0,0.94352305,1.8817551,0
1.0,0.9434923,1.8837104,0
1.0,0.9404942,1.8921537,0
1.0,0.93876153,1.932023,0
1.0,0.93498886,1.9395007,0
1.0,0.93743235,1.9801137,0
1.0,0.92968684,1.9694395,0
1.0,0.92979616,1.9518732,0
1.0,0.92873484,1.9225041,0
1.0,0.92978543,1.8797663,0
1.0,0.92381585,1.8520817,0
1.0,0.92537534,1.8230941,0
1.0,0.919022,1.7824389,0
1.0,0.92734736,1.7723229,0
1.0,0.9212965,1.7126138,0
1.0,0.9261155,1.7467756,0
1.0,0.9193926,1.6962087,0
1.0,0.91927755,1.6682382,0
1.0,0.91043293,1.6544578,0
1.0,0.9127285,1.705367,0
1.0,0.91307133,1.8264524,0
1.0,0.91500527,1.8705512,0
1.0,0.9083033,1.8504779,0
1.0,0.91603214,1.8701408,0
1.0,0.91794705,1.8688862,0
1.0,0.9187585,1.8852954,0
1.0,0.91394204,1.822139,0
1.0,0.91938204,1.8183546,0
1.0,0.9205524,1.8416741,0
1.0,0.92135245,1.865906,0
1.0,0.9202072,1.9204428,0
1.0,0.9300988,1.9699678,0
1.0,0.92234033,1.8789263,0
1.0,0.93324614,1.8643034,0
1.0,0.934217,1.8637288,0
1.0,0.9443249,1.8366086,0
1.0,0.94660777,1.8129017,0
1.0,0.94471276,1.7874382,0
1.0,0.94348264,1.7841387,0
1.0,0.94291335,1.8745462,0
1.0,0.94879663,2.0284903,0
1.0,0.94692343,2.0649662,0
1.0,0.9503488,2.0713298,0
1.0,0.9574771,2.118599,0
1.0,0.96102935,2.1409616,0
1.0,0.9618193,2.1125627,0
1.0,0.96303105,2.0959964,0
1.0,0.96238965,2.0741985,0
1.0,0.9642593,2.0864882,0
1.0,0.96060246,2.088773,0
1.0,0.96082497,2.1304407,0
1.0,0.9519327,2.0707006,0
1.0,0.9532275,1.9698782,0
1.0,0.94975203,1.9268854,0
1.0,0.95429945,1.891722,0
1.0,0.93946236,1.8905265,0
1.0,0.95280343,1.9748881,0
1.0,0.94010526,1.8764673,0
1.0,0.9487695,1.8726227,0
1.0,0.9284108,1.8597698,0
1.0,0.94405985,1.8872669,0
1.0,0.93683416,1.798227,0
1.0,0.9497983,1.8044994,0
1.0,0.9384758,1.7552152,0
1.0,0.9428861,1.7761965,0
1.0,0.9315693,1.7865604,0
1.0,0.93990535,1.7704487,0
1.0,0.9113027,1.7163246,0
1.0,0.9152851,1.7800643,0
1.0,0.89294887,1.7686398,0
1.0,0.9023363,1.7989981,0
1.0,0.8602486,1.5766562,0
1.0,0.87471277,1.4887183,0
1.0,0.86148494,1.4358463,0
1.0,0.8862426,1.4797945,0
1.0,0.8707498,1.423665,0
1.0,0.8983496,1.4730339,0
1.0,0.88136876,1.4281285,0
1.0,0.90365726,1.534952,0
1.0,0.89645094,1.6199522,0
1.0,0.9164821,1.734499,0
1.0,0.9206492,1.7116026,0
1.0,0.9268969,1.6436543,0
1.0,0.9291705,1.678881,0
1.0,0.9391292,1.7858202,0
1.0,0.9378688,1.7764193,0
1.0,0.9368674,1.7615399,0
1.0,0.9368139,1.6926277,0
1.0,0.9461109,1.6933657,0
1.0,0.9455696,1.733841,0
1.0,0.94510263,1.7186803,0
1.0,0.9494095,1.6893244,0
1.0,0.95531994,1.6418533,0
1.0,0.95619184,1.6497934,0
1.0,0.95409244,1.6993659,0
1.0,0.9515529,1.6822872,0
1.0,0.9594,1.7160941,0
1.0,0.957149,1.6848251,0
1.0,0.9519579,1.6740165,0
1.0,0.9483413,1.7522633,0
1.0,0.9506247,1.7632791,0
1.0,0.95382106,1.7059305,0
1.0,0.94491845,1.6200708,0
1.0,0.94172126,1.6848408,0
1.0,0.9354561,1.7818524,0
1.0,0.9428768,1.7993246,0
1.0,0.9368318,1.7942066,0
1.0,0.931247,1.7888818,0
1.0,0.9311587,1.8034272,0
1.0,0.9308717,1.897941,0
1.0,0.9228763,1.914086,0
1.0,0.9209104,1.781152,0
1.0,0.91687614,1.6596715,0
1.0,0.92104876,1.6703353,0
1.0,0.9118282,1.7031888,0
1.0,0.9070257,1.6885512,0
1.0,0.91429436,1.658179,0
1.0,0.9230527,1.655222,0
1.0,0.9226863,1.6534793,0
1.0,0.9256653,1.8047291,0
1.0,0.9159102,1.8595155,0
1.0,0.930313,1.8623586,0
1.0,0.939431,1.903326,0
1.0,0.9375457,1.9044465,0
1.0,0.9394435,1.9707208,0
1.0,0.9451227,2.0523474,0
1.0,0.95576304,2.0692844,0
1.0,0.9529349,2.0421178,0
1.0,0.9570888,2.0078158,0
1.0,0.9492608,2.0904126,0
1.0,0.95301306,2.2758436,0
1.0,0.9552809,2.224185,0
1.0,0.9574227,2.1898394,0
1.0,0.9520966,2.178118,0
1.0,0.94993746,2.2092192,0
1.0,0.9479778,2.28049,0
1.0,0.94632405,2.232255,0
1.0,0.949415,2.2053146,0
1.0,0.95225656,2.2011952,0
1.0,0.9500163,2.2307234,0
1.0,0.9425736,2.2722743,0
1.0,0.9374608,2.2774944,0
1.0,0.94886714,2.2540565,0
1.0,0.94848156,2.242616,0
1.0,0.9483349,2.2857733,0
1.0,0.93420035,2.4270167,0
1.0,0.9280829,2.3666644,0
1.0,0.9329902,2.3127832,0
1.0,0.922512,2.2543006,0
1.0,0.89880884,2.1936707,0
1.0,0.8835164,2.2102392,0
1.0,0.8898324,2.2050996,0
1.0,0.8608993,2.0166895,0
1.0,0.8432739,1.9554513,0
1.0,0.84562886,1.9659715,0
1.0,0.8400338,2.1785266,0
1.0,0.8077861,2.140776,0
1.0,0.8017643,2.0346901,0
1.0,0.81674886,2.0129414,0
1.0,0.8206196,2.018136,0
1.0,0.804007,2.0307226,0
1.0,0.7542713,2.1540813,0
1.0,0.7691251,2.0177705,0
1.0,0.77600235,1.9850584,0
1.0,0.7642865,2.0376554,0
1.0,0.73602283,2.0244353,0
1.0,0.72038805,2.0485373,0
1.0,0.7384253,2.0843687,0
1.0,0.7353794,1.9772766,0
1.0,0.73476064,1.9736992,0
1.0,0.73208517,2.075612,0
1.0,0.7293957,2.08673,0
1.0,0.7270978,2.004003,0
1.0,0.7313531,1.9005527,0
1.0,0.7456382,1.8711872,0
1.0,0.7344669,1.8769307,0
1.0,0.7481131,2.1080747,0
1.0,0.7328018,1.9710189,0
1.0,0.7535392,2.014258,0
1.0,0.73491436,1.9788227,0
1.0,0.7615993,2.1409311,0
1.0,0.74224263,2.1427784,0
1.0,0.75211763,2.1896713,0
1.0,0.7440513,2.1461267,0
1.0,0.7598374,2.1735227,0
1.0,0.74402815,2.1489816,0
1.0,0.7506834,2.3881416,0
1.0,0.7289822,2.1461833,0
1.0,0.76075643,2.1208515,0
1.0,0.7417223,2.1156816,0
1.0,0.7513021,2.1411874,0
1.0,0.7302794,2.0993905,0
1.0,0.7511359,2.1737738,0
1.0,0.73576677,1.8275663,0
1.0,0.7514905,1.8509974,0
1.0,0.7300097,1.8947663,0
1.0,0.73993,1.9739101,0
1.0,0.7061019,1.86672,0
1.0,0.71788585,1.830729,0
1.0,0.7215784,1.7161288,0
1.0,0.7391148,1.7535456,0
1.0,0.73544407,1.8143892,0
1.0,0.75073576,1.8781717,0
1.0,0.7511801,1.8202325,0
1.0,0.7579631,1.8346694,0
1.0,0.7484911,1.9331353,0
1.0,0.74152225,2.0149071,0
1.0,0.7434365,2.0088017,0
1.0,0.7603873,1.8832763,0
1.0,0.75629175,1.8041945,0
1.0,0.7587644,1.7995263,0
1.0,0.7503262,1.9129175,0
1.0,0.7359517,1.9083363,0
1.0,0.7311322,1.8423606,0
1.0,0.7253969,1.7574642,0
1.0,0.7265985,1.7719364,0
1.0,0.7202306,1.7790327,0
1.0,0.7260629,1.7992725,0
1.0,0.727768,1.6397605,0
1.0,0.75055563,1.632608,0
1.0,0.7536734,1.6517615,0
1.0,0.76221603,1.816293,0
1.0,0.7512452,1.8007119,0
1.0,0.75390095,1.8094453,0
1.0,0.7404849,1.7983935,0
1.0,0.73926115,1.7880769,0
1.0,0.71490014,1.758183,0
1.0,0.7296461,1.7509929,0
1.0,0.7180766,1.5916355,0
1.0,0.72816205,1.61075,0
1.0,0.7198867,1.6209157,0
1.0,0.7323753,1.756469,0
1.0,0.69676465,1.6832664,0
1.0,0.7125745,1.6588911,0
1.0,0.6944442,1.5241932,0
1.0,0.69546276,1.5510263,0
1.0,0.6640689,1.528111,0
1.0,0.69063264,1.5190802,0
1.0,0.65398,1.3527198,0
1.0,0.6611772,1.3532358,0
1.0,0.64542246,1.4217707,0
1.0,0.6460826,1.542538,0
1.0,0.6342238,1.5206392,0
1.0,0.67034066,1.5080359,0
1.0,0.66635334,1.3905314,0
1.0,0.68246734,1.4221898,0
1.0,0.6756559,1.5081973,0
1.0,0.6819347,1.5001194,0
1.0,0.68497634,1.5074202,0
1.0,0.6723881,1.4762881,0
1.0,0.6787218,1.5647926,0
1.0,0.677928,1.6391596,0
1.0,0.6756651,1.6607082,0
1.0,0.6810122,1.4910924,0
1.0,0.69594675,1.4880714,0
1.0,0.6910799,1.4967146,0
1.0,0.6970741,1.6721501,0
1.0,0.6995447,1.7629834,0
1.0,0.7080454,1.7579255,0
1.0,0.7051101,1.7196118,0
1.0,0.7050081,1.7432091,0
1.0,0.7034084,1.7626408,0
1.0,0.69880086,1.86994,0
1.0,0.72690135,1.806619,0
1.0,0.737333,1.8347988,0
1.0,0.744357,1.9129146,0
1.0,0.7371425,2.136863,0
1.0,0.7250474,2.1703777,0
1.0,0.7345889,2.1458163,0
1.0,0.74413186,2.0971913,0
1.0,0.73209476,2.0738516,0
1.0,0.7310256,2.1914911,0
1.0,0.72944987,2.2694361,0
1.0,0.7457767,2.1678405,0
1.0,0.7138225,2.1171854,0
1.0,0.7186872,2.1679344,0
1.0,0.719664,2.2690704,0
1.0,0.7328848,2.3850327,0
1.0,0.71792746,2.3262174,0
1.0,0.7343271,2.28934,0
1.0,0.7283023,2.2609744,0
1.0,0.74342597,2.4891186,0
1.0,0.7200118,2.49715,0
1.0,0.7451283,2.4647403,0
1.0,0.74473786,2.423607,0
1.0,0.754121,2.463229,0
1.0,0.7383611,2.489462,0
1.0,0.73852926,2.6508093,0
1.0,0.7420195,2.4802785,0
1.0,0.75202763,2.4084544,0
1.0,0.73166925,2.3648753,0
1.0,0.74536425,2.5446014,0
1.0,0.7382502,2.6382809,0
1.0,0.75092816,2.6478968,0
1.0,0.7279981,2.439074,0
1.0,0.7453764,2.472925,0
1.0,0.7395482,2.4566126,0
1.0,0.73837507,2.5457788,0
1.0,0.72436154,2.3445997,0
1.0,0.754844,2.315256,0
1.0,0.7481931,2.351131,0
1.0,0.76092786,2.495284,0
1.0,0.73779863,2.4542954,0
1.0,0.7567001,2.4274716,0
1.0,0.7488296,2.218516,0
1.0,0.76246715,2.2504992,0
1.0,0.74266726,2.2949083,0
1.0,0.7464116,2.4410195,0
1.0,0.7238548,2.2503586,0
1.0,0.7233836,2.1644456,0
1.0,0.7079086,2.1047473,0
1.0,0.7095743,2.111455,0
1.0,0.69567066,2.0999737,0
1.0,0.7071266,2.1062722,0
1.0,0.6944883,1.8749542,0
1.0,0.7077571,1.9135491,0
1.0,0.69321454,1.9280918,0
1.0,0.6984225,2.006456,0
1.0,0.69198567,1.9468834,0
1.0,0.7158876,1.9017494,0
1.0,0.7210323,1.9075229,0
1.0,0.733426,1.9184182,0
1.0,0.73757976,1.99718,0
1.0,0.74180543,1.9838648,0
1.0,0.73219806,1.8206233,0
1.0,0.74682254,1.8589073,0
1.0,0.74118733,1.9611247,0
1.0,0.7449184,1.960673,0
1.0,0.72959614,1.9154809,0
1.0,0.72622365,1.8384924,0
1.0,0.7214431,1.7229958,0
1.0,0.72876585,1.742604,0
1.0,0.734058,1.9152964,0
1.0,0.72732425,1.829144,0
1.0,0.72669625,1.8180118,0
1.0,0.7300676,1.7914674,0
1.0,0.736949,1.7902541,0
1.0,0.72987187,1.7895412,0
1.0,0.7338353,1.7810501,0
1.0,0.7290095,1.6412487,0
1.0,0.734309,1.6521225,0
1.0,0.72524804,1.6536436,0
1.0,0.7331061,1.7617521,0
1.0,0.72327834,1.7422247,0
1.0,0.740206,1.7880361,0
1.0,0.74065936,1.6989822,0
1.0,0.7545604,1.7044177,0
1.0,0.746488,1.6865035,0
1.0,0.7522051,1.7443519,0
1.0,0.74790156,1.6616068,0
1.0,0.7566119,1.6690708,0
1.0,0.7518344,1.6154475,0
1.0,0.74488646,1.5590854,0
1.0,0.72972846,1.529615,0
1.0,0.7385592,1.5249224,0
1.0,0.73423266,1.4450655,0
1.0,0.7293626,1.4331421,0
1.0,0.72327995,1.4529736,0
1.0,0.72164047,1.4140048,0
1.0,0.7147471,1.4006947,0
1.0,0.6986489,1.4080868,0
1.0,0.68834776,1.3626881,0
1.0,0.69001544,1.3627555,0
1.0,0.6865412,1.402875,0
1.0,0.68107605,1.3793111,0
1.0,0.675365,1.339967,0
1.0,0.6827014,1.3514423,0
1.0,0.6837327,1.3605262,0
1.0,0.6769984,1.3199835,0
1.0,0.67772675,1.3095134,0
1.0,0.68348044,1.3072569,0
1.0,0.681982,1.2447401,0
1.0,0.66546875,1.2211025,0
1.0,0.6614921,1.2133964,0
1.0,0.6617917,1.1007233,0
1.0,0.65906954,1.0982709,0
1.0,0.6621249,1.1582799,0
1.0,0.66124153,1.119652,0
1.0,0.66420406,1.1247332,0
1.0,0.6575933,1.1135594,0
1.0,0.6613526,1.0960795,0
1.0,0.6548926,1.0782878,0
1.0,0.681586,1.1204993,0
1.0,0.67973024,1.1604954,0
1.0,0.67978764,1.1471157,0
1.0,0.67108595,1.1329932,0
1.0,0.6825669,1.2017695,0
1.0,0.6689125,1.1287411,0
1.0,0.6766079,1.1497314,0
1.0,0.6721854,1.1657864,0
1.0,0.67957246,1.1317365,0
1.0,0.6720676,1.1209598,0
1.0,0.67226934,1.115511,0
1.0,0.6588042,1.0410769,0
1.0,0.65742606,1.0494723,0
1.0,0.6551632,1.0297062,0
1.0,0.66143686,0.9497105,0
1.0,0.6580867,0.9389783,0
1.0,0.6586207,0.935379,0
1.0,0.6594066,0.9812207,0
1.0,0.65512824,0.98173386,0
1.0,0.6639302,1.0072557,0
1.0,0.6706687,1.0589442,0
1.0,0.68163735,1.0483394,0
1.0,0.6791165,1.040501,0
1.0,0.69315755,1.1011744,0
1.0,0.682689,1.0556238,0
1.0,0.6934967,1.0656656,0
1.0,0.6866717,1.0572264,0
1.0,0.7019137,1.0445971,0
1.0,0.6879292,1.0234925,0
1.0,0.69903415,1.0683881,0
1.0,0.6793862,0.99605936,0
1.0,0.6995766,1.0300201,0
1.0,0.68851405,1.0303941,0
1.0,0.6953712,1.0616813,0
1.0,0.67209446,1.0145438,0
1.0,0.68793744,1.0378401,0
1.0,0.6773354,0.9811768,0
1.0,0.6732548,0.9584321,0
1.0,0.66210663,0.9360692,0
1.0,0.68208057,0.98141956,0
1.0,0.68233424,0.9465593,0
1.0,0.6820582,0.9459088,0
1.0,0.6835127,0.9588396,0
1.0,0.6855302,0.9629549,0
1.0,0.6898144,0.9598678,0
1.0,0.6799719,0.9630096,0
1.0,0.6804732,0.88079226,0
1.0,0.6702094,0.87093955,0
1.0,0.6698693,0.88131416,0
1.0,0.64989835,0.8281234,0
1.0,0.65199184,0.8105209,0
1.0,0.63717026,0.8106749,0
1.0,0.64641696,0.7961124,0
1.0,0.62076396,0.7660599,0
1.0,0.6359847,0.77943623,0
1.0,0.6188703,0.7360879,0
1.0,0.6264362,0.745259,0
1.0,0.5981494,0.71807927,0
1.0,0.6218288,0.71363795,0
1.0,0.6009188,0.6829339,0
1.0,0.614642,0.69738406,0
1.0,0.59576905,0.6861404,0
1.0,0.6085499,0.69139755,0
1.0,0.6075385,0.6806611,0
1.0,0.61196434,0.70054376,0
1.0,0.58938414,0.65081316,0
1.0,0.5978832,0.6607641,0
1.0,0.5882886,0.6598206,0
1.0,0.5815575,0.62806237,0
1.0,0.5600671,0.60997784,0
1.0,0.57302123,0.6313341,0
1.0,0.5605935,0.6044674,0
1.0,0.5820892,0.62060326,0
1.0,0.5577081,0.593407,0
1.0,0.5756004,0.5972123,0
1.0,0.56121564,0.580289,0
1.0,0.5769063,0.60229206,0
1.0,0.5673379,0.66290426,0
1.0,0.5744541,0.66683966,0
1.0,0.5799937,0.6647508,0
1.0,0.5911291,0.720201,0
1.0,0.58422446,0.70449317,0
1.0,0.5981978,0.7208343,0
1.0,0.6177412,0.74401855,0
1.0,0.6311761,0.7215176,0
1.0,0.62228,0.7105413,0
1.0,0.6288267,0.7365014,0
1.0,0.6221249,0.7413978,0
1.0,0.62825996,0.74805295,0
1.0,0.6152851,0.7342812,0
1.0,0.6248965,0.7609479,0
1.0,0.6092937,0.72823715,0
1.0,0.61759037,0.73649246,0
1.0,0.6101278,0.7273514,0
1.0,0.6163826,0.7276648,0
1.0,0.602047,0.7253349,0
1.0,0.60718787,0.8117654,0
1.0,0.5947628,0.732878,0
1.0,0.60518104,0.74746513,0
1.0,0.6066825,0.7920301,0
1.0,0.61673665,0.7937951,0
1.0,0.6203355,0.79487205,0
1.0,0.6427741,0.8440293,0
1.0,0.6503611,0.7886856,0
1.0,0.6592398,0.80341446,0
1.0,0.65151584,0.8529638,0
1.0,0.6533593,0.854935,0
1.0,0.63884014,0.8341904,0
1.0,0.6407469,0.8780934,0
1.0,0.6308433,0.80631053,0
1.0,0.64324605,0.815754,0
1.0,0.63991547,0.81629175,0
1.0,0.6535307,0.78842163,0
1.0,0.6552279,0.7573786,0
1.0,0.6556141,0.7711288,0
1.0,0.6696135,0.84982556,0
1.0,0.6560357,0.8110236,0
1.0,0.67074144,0.8319465,0
1.0,0.6556491,0.8218421,0
1.0,0.6662528,0.8367422,0
1.0,0.6507145,0.82697284,0
1.0,0.704988,1.0171306,0
1.0,0.68012965,0.9811037,0
1.0,0.7254572,1.0604225,0
1.0,0.71258336,1.0817418,0
1.0,0.7594888,1.1467134,0
1.0,0.742842,1.1126623,0
1.0,0.7712962,1.1791983,0
1.0,0.75472116,1.0864949,0
1.0,0.7916849,1.1488719,0
1.0,0.7721853,1.1306484,0
1.0,0.8115909,1.1834824,0
1.0,0.787875,1.1224825,0
1.0,0.8185432,1.181777,0
1.0,0.7931776,1.1946566,0
1.0,0.8214335,1.2864254,0
1.0,0.79608876,1.248312,0
1.0,0.81971467,1.268518,0
1.0,0.7939473,1.2087051,0
1.0,0.8120719,1.2797747,0
1.0,0.80348414,1.3468955,0
1.0,0.80971134,1.3620741,0
1.0,0.8221069,1.389375,0
1.0,0.84816116,1.5066669,0
1.0,0.85137326,1.5878599,0
1.0,0.86097574,1.6194048,0
1.0,0.87719995,1.7009751,0
1.0,0.88736767,1.6755354,0
1.0,0.8844905,1.6284174,0
1.0,0.8783798,1.6385657,0
1.0,0.8791242,1.6773777,0
1.0,0.8787954,1.6247609,0
1.0,0.8610621,1.5625292,0
1.0,0.86313635,1.5594437,0
1.0,0.850724,1.5276027,0
1.0,0.8618629,1.5691266,0
1.0,0.8558251,1.5850714,0
1.0,0.85546297,1.5758965,0
1.0,0.8502388,1.5789394,0
1.0,0.8632266,1.7105708,0
1.0,0.8516419,1.7385752,0
1.0,0.853216,1.7519989,0
1.0,0.87022024,1.8092389,0
1.0,0.8740374,1.8188498,0
1.0,0.88033444,1.8547349,0
1.0,0.8779457,1.9309671,0
1.0,0.89383256,1.9755503,0
1.0,0.8806394,1.8828833,0
1.0,0.88932645,1.885849,0
1.0,0.8600077,1.8786471,0
1.0,0.85765404,1.8800542,0
1.0,0.83961535,1.800112,0
1.0,0.8539028,1.7715974,0
1.0,0.80761606,1.6130314,0
1.0,0.81038535,1.6249261,0
1.0,0.80297476,1.6278696,0
1.0,0.8162445,1.6515988,0
1.0,0.77772486,1.6014788,0
1.0,0.8192598,1.7154654,0
1.0,0.8124691,1.7762926,0
1.0,0.8320381,1.8727117,0
1.0,0.8107032,1.8400325,0
1.0,0.83551556,1.9147906,0
1.0,0.8385455,1.9318113,0
1.0,0.8456901,2.0209694,0
1.0,0.833919,2.021407,0
1.0,0.82536346,1.936594,0
1.0,0.84479636,2.0056973,0
1.0,0.8414014,2.042274,0
1.0,0.8344112,2.0349884,0
1.0,0.82546556,2.022517,0
1.0,0.8522504,2.1425598,0
1.0,0.85115737,2.1462204,0
1.0,0.8541151,2.1315753,0
1.0,0.8519876,2.1027575,0
1.0,0.8698582,2.206242,0
1.0,0.87298393,2.2699142,0
1.0,0.8838021,2.432036,0
1.0,0.9056963,2.60955,0
1.0,0.9240503,2.7001781,0
1.0,0.9420323,2.849591,0
1.0,0.94124377,2.8975897,0
1.0,0.94703233,2.9326735,0
1.0,0.94694567,2.9693048,0
1.0,0.9533765,3.0053303,0
1.0,0.94547737,3.0871992,0
1.0,0.9493045,3.1907933,0
1.0,0.94978505,3.2046616,0
1.0,0.9589085,3.2325854,0
1.0,0.94968593,3.1988895,0
1.0,0.9566342,3.263926,0
1.0,0.9529386,3.229179,0
1.0,0.9627502,3.2648244,0
1.0,0.9572057,3.2803137,0
1.0,0.96094733,3.28522,0
1.0,0.9590373,3.3333197,0
1.0,0.9652454,3.4149485,0
1.0,0.9636372,3.4940321,0
1.0,0.96984655,3.5696974,0
1.0,0.9717523,3.567378,0
1.0,0.975369,3.6660347,0
1.0,0.9727226,3.7570555,0
1.0,0.9727003,3.8398385,0
1.0,0.97592443,3.8077137,0
1.0,0.9765189,3.6986647,0
1.0,0.9756217,3.750564,0
1.0,0.9743328,3.8563967,0
1.0,0.97500414,3.8416586,0
1.0,0.9743833,3.822299,0
1.0,0.9746382,3.6711476,0
1.0,0.9729015,3.5259862,0
1.0,0.9724602,3.5542712,0
1.0,0.9695609,3.5777192,0
1.0,0.9703664,3.5284123,0
1.0,0.9673642,3.4952335,0
1.0,0.968776,3.570969,0
1.0,0.96564054,3.6812503,0
1.0,0.9686214,3.656402,0
1.0,0.96906227,3.6004295,0
1.0,0.9742725,3.5537934,0
1.0,0.97234434,3.5398438,0
1.0,0.97326434,3.6905115,0
1.0,0.9732521,3.7537768,0
1.0,0.9768562,3.7118192,0
1.0,0.97624254,3.7065165,0
1.0,0.9775939,3.7349348,0
1.0,0.9774678,3.7825983,0
1.0,0.9760627,3.8156586,0
1.0,0.9771399,3.7916894,0
1.0,0.97720647,3.607234,0
1.0,0.9775295,3.5668848,0
1.0,0.9771917,3.7016985,0
1.0,0.97558683,3.6744118,0
1.0,0.97474164,3.582662,0
1.0,0.9760148,3.5308561,0
1.0,0.9763424,3.4492497,0
1.0,0.97616583,3.499777,0
1.0,0.9761469,3.5887518,0
1.0,0.9786764,3.6173291,0
1.0,0.9792764,3.6018357,0
1.0,0.979814,3.6738656,0
1.0,0.978724,3.8456995,0
1.0,0.9795756,3.8938327,0
1.0,0.97881144,3.888683,0
1.0,0.9804146,3.8245013,0
1.0,0.9797769,3.7729867,0
1.0,0.9801577,3.8360906,0
1.0,0.9785186,3.8767905,0
1.0,0.9803051,3.8201556,0
1.0,0.9786975,3.7336075,0
1.0,0.9800004,3.734878,0
1.0,0.9778367,3.853683,0
1.0,0.9768683,3.8897977,0
1.0,0.9759848,3.793826,0
1.0,0.97900796,3.7193666,0
1.0,0.978538,3.7042623,0
1.0,0.9788836,3.7831745,0
1.0,0.9779432,3.9377656,0
1.0,0.978272,3.8829644,0
1.0,0.97758454,3.7973208,0
1.0,0.97820425,3.807273,0
1.0,0.97672415,3.815134,0
1.0,0.9764083,3.8583975,0
1.0,0.976097,3.8437479,0
1.0,0.9773039,3.728614,0
1.0,0.9768102,3.697402,0
1.0,0.9767528,3.7469494,0
1.0,0.9761185,3.8371208,0
1.0,0.9764055,3.784071,0
1.0,0.97594255,3.67183,0
1.0,0.97726905,3.6029778,0
1.0,0.9763727,3.579136,0
1.0,0.9742125,3.5567157,0
1.0,0.9750729,3.4086661,0
1.0,0.97483873,3.2806256,0
1.0,0.9753058,3.2569237,0
1.0,0.9731761,3.3902087,0
1.0,0.9726021,3.481514,0
1.0,0.9729576,3.4601083,0
1.0,0.9753176,3.4041822,0
1.0,0.9751251,3.304121,0
1.0,0.9756742,3.3643212,0
1.0,0.97582054,3.601324,0
1.0,0.9779066,3.619142,0
1.0,0.9751463,3.5051079,0
1.0,0.97830963,3.4748354,0
1.0,0.9757916,3.4800723,0
1.0,0.97624683,3.5072265,0
1.0,0.9727877,3.460692,0
1.0,0.97694004,3.2522712,0
1.0,0.9751544,3.1895704,0
1.0,0.97668946,3.2845583,0
1.0,0.97438025,3.3787055,0
1.0,0.9756654,3.3346677,0
1.0,0.9735937,3.2425618,0
1.0,0.97612107,3.2360253,0
1.0,0.97094166,3.234572,0
1.0,0.97057784,3.2730744,0
1.0,0.97196543,3.3498878,0
1.0,0.9730829,3.2380972,0
1.0,0.9707927,3.254006,0
1.0,0.97041017,3.5442104,0
1.0,0.967123,3.7510428,0
1.0,0.9676837,3.733664,0
1.0,0.9674462,3.6229296,0
1.0,0.96840936,3.579946,0
1.0,0.96703804,3.701179,0
1.0,0.9665985,3.8035583,0
1.0,0.968734,3.678669,0
1.0,0.9681388,3.5130298,0
1.0,0.9674128,3.4680676,0
1.0,0.9667753,3.6137834,0
1.0,0.9635492,3.6449375,0
1.0,0.9579395,3.5504193,0
1.0,0.95817876,3.3122978,0
1.0,0.9594124,3.1661463,0
1.0,0.95589143,3.2946742,0
1.0,0.9569326,3.6752338,0
1.0,0.9550703,3.7062848,0
1.0,0.95954907,3.632793,0
1.0,0.9619522,3.5737195,0
1.0,0.9593208,3.7108698,0
1.0,0.95135015,3.7512343,0
1.0,0.9545821,3.69077,0
1.0,0.95898014,3.5081775,0
1.0,0.95599264,3.4816031,0
1.0,0.95217574,3.659575,0
1.0,0.9578757,3.7796712,0
1.0,0.9607276,3.7176175,0
1.0,0.95593077,3.635189,0
1.0,0.9572582,3.5105405,0
1.0,0.95279497,3.5407386,0
1.0,0.9533663,3.6328626,0
1.0,0.9460442,3.4120557,0
1.0,0.95115685,3.1494546,0
1.0,0.9501127,3.1322606,0
1.0,0.9546775,3.356566,0
1.0,0.9467291,3.4843364,0
1.0,0.9509516,3.387114,0
1.0,0.9559385,3.2788506,0
1.0,0.96326435,3.2762275,0
1.0,0.9553691,3.3558168,0
1.0,0.96204865,3.69979,0
1.0,0.96105784,3.6180015,0
1.0,0.970288,3.5313542,0
1.0,0.96795815,3.5541139,0
1.0,0.9700098,3.6809509,0
1.0,0.9653203,3.7167895,0
1.0,0.964912,3.6058245,0
1.0,0.96458554,3.161449,0
1.0,0.96600926,3.0021338,0
1.0,0.96021473,3.0767813,0
1.0,0.9635274,3.2123923,0
1.0,0.9649115,3.092679,0
1.0,0.96621144,3.0043373,0
1.0,0.9693573,3.0619793,0
1.0,0.9662986,3.242524,0
1.0,0.9691241,3.3938732,0
1.0,0.9649079,3.3888638,0
1.0,0.9704352,3.2054014,0
1.0,0.9682262,3.1745305,0
1.0,0.97176,3.259525,0
1.0,0.96697026,3.3356237,0
1.0,0.96880203,3.284693,0
1.0,0.96684206,3.1362433,0
1.0,0.9709534,3.1126506,0
1.0,0.96576434,3.1540346,0
1.0,0.967945,3.1781902,0
1.0,0.962517,3.047681,0
1.0,0.964724,2.879537,0
1.0,0.96493226,2.863892,0
1.0,0.9667769,2.9554276,0
1.0,0.9615513,3.014576,0
1.0,0.96233493,2.981483,0
1.0,0.96519977,2.7829757,0
1.0,0.9703232,2.6855178,0
1.0,0.96654665,2.753515,0
1.0,0.9669067,2.9127705,0
1.0,0.963129,2.7557502,0
1.0,0.9666343,2.6851397,0
1.0,0.9594878,2.6762047,0
1.0,0.9584944,2.787714,0
1.0,0.9585803,2.8909209,0
1.0,0.9641194,2.9238718,0
1.0,0.96295816,2.9698,0
1.0,0.96104914,2.9809809,0
1.0,0.9649473,3.108173,0
1.0,0.9648789,3.1212652,0
1.0,0.9587662,2.883753,0
1.0,0.9563415,2.7214766,0
1.0,0.9563858,2.5993772,0
1.0,0.9574852,2.7465763,0
1.0,0.9581714,2.9175982,0
1.0,0.96232456,2.9375,0
1.0,0.96684873,2.9307075,0
1.0,0.9679391,2.9225612,0
1.0,0.96730787,2.996376,0
1.0,0.9685401,3.2006397,0
1.0,0.96685,3.1906605,0
1.0,0.96720994,3.1640482,0
1.0,0.96466666,3.17843,0
1.0,0.96380746,3.3543625,0
1.0,0.9674054,3.5957725,0
1.0,0.969585,3.571608,0
1.0,0.9738932,3.4705997,0
1.0,0.9728003,3.4501128,0
1.0,0.9739291,3.4481435,0
1.0,0.9706735,3.5090942,0
1.0,0.9712395,3.5025008,0
1.0,0.9744109,3.3979402,0
1.0,0.97402894,3.4530208,0
1.0,0.97453666,3.5201466,0
1.0,0.9745952,3.7566702,0
1.0,0.9727615,3.7250876,0
1.0,0.9748137,3.6269956,0
1.0,0.97291064,3.5945916,0
1.0,0.96651167,3.6898704,0
1.0,0.96019775,3.843221,0
1.0,0.96604395,3.8388495,0
1.0,0.9673789,3.741333,0
1.0,0.96138984,3.7420382,0
1.0,0.95459265,3.8500476,0
1.0,0.9553675,4.1081295,0
1.0,0.9558295,4.0423684,0
1.0,0.9597691,3.8944402,0
1.0,0.9570647,3.8549623,0
1.0,0.9585203,3.8003097,0
1.0,0.95567477,3.8552306,0
1.0,0.9610854,3.9269161,0
1.0,0.95483387,3.6230543,0
1.0,0.9615129,3.5803266,0
1.0,0.95330465,3.7366076,0
1.0,0.95025814,3.826538,0
1.0,0.9298534,3.632626,0
1.0,0.9440415,3.4708989,0
1.0,0.9335787,3.3700423,0
1.0,0.93754524,3.4359312,0
1.0,0.9287649,3.5726347,0
1.0,0.9465587,3.680809,0
1.0,0.94191474,3.5423841,0
1.0,0.95202714,3.502869,0
1.0,0.93342984,3.5766072,0
1.0,0.930772,3.7309504,0
1.0,0.9319612,3.7482886,0
1.0,0.94393766,3.5397768,0
1.0,0.929627,3.4008756,0
1.0,0.9305997,3.4186747,0
1.0,0.92238784,3.4784458,0
1.0,0.91154265,3.229691,0
1.0,0.89669645,2.9412143,0
1.0,0.907989,2.8802829,0
1.0,0.888055,2.8702772,0
1.0,0.8808998,3.037725,0
1.0,0.83794945,2.8798735,0
1.0,0.84647197,2.603436,0
1.0,0.8443854,2.499011,0
1.0,0.84978193,2.5798378,0
1.0,0.82598746,2.6854658,0
1.0,0.81815517,2.6926532,0
1.0,0.83169353,2.6335254,0
1.0,0.83112615,2.5086708,0
1.0,0.80460477,2.4762495,0
1.0,0.76900333,2.6450636,0
1.0,0.80019957,2.860405,0
1.0,0.80730337,2.6965256,0
1.0,0.7745773,2.5764961,0
1.0,0.7503639,2.4992993,0
1.0,0.7601948,2.7424705,0
1.0,0.7351446,2.7582793,0
1.0,0.7527594,2.6167326,0
1.0,0.731355,2.4175196,0
1.0,0.7637944,2.495338,0
1.0,0.74591285,2.507768,0
1.0,0.71321034,2.3601604,0
1.0,0.7013667,2.1563525,0
1.0,0.75043,2.1990726,0
1.0,0.75952643,2.2010942,0
1.0,0.7511487,2.407946,0
1.0,0.73187286,2.4833932,0
1.0,0.757574,2.4129546,0
1.0,0.7545523,2.3216043,0
1.0,0.7502733,2.3125176,0
1.0,0.72169775,2.3872352,0
1.0,0.7235299,2.6179817,0
1.0,0.7216809,2.4589417,0
1.0,0.6967955,2.3328621,0
1.0,0.6877305,2.3054938,0
1.0,0.6765266,2.3769083,0
1.0,0.66604006,2.4892542,0
1.0,0.6929416,2.4201474,0
1.0,0.6943427,2.3607721,0
1.0,0.6918511,2.3693235,0
1.0,0.6821219,2.4158082,0
1.0,0.6759894,2.453144,0
1.0,0.69361746,2.2424982,0
1.0,0.7026646,1.9786398,0
1.0,0.7139615,2.0050614,0
1.0,0.7006195,1.9640578,0
1.0,0.70398694,2.093444,0
1.0,0.6847047,1.8748404,0
1.0,0.71108204,1.8129302,0
1.0,0.7002686,1.7882702,0
1.0,0.71149457,1.9045396,0
1.0,0.6865442,1.904514,0
1.0,0.7176897,1.9200586,0
1.0,0.6879265,1.7640744,0
1.0,0.70133376,1.7713175,0
1.0,0.6696688,1.735477,0
1.0,0.6772051,1.8070242,0
1.0,0.665012,1.5795612,0
1.0,0.7101488,1.5449154,0
1.0,0.6712848,1.4831486,0
1.0,0.68169,1.5424175,0
1.0,0.643584,1.5032811,0
1.0,0.6846543,1.4943252,0
1.0,0.6224979,1.1409097,0
1.0,0.6368955,1.1499046,0
1.0,0.59819305,1.1515914,0
1.0,0.6122907,1.3427458,0
1.0,0.56131727,1.1868963,0
1.0,0.60653746,1.092341,0
1.0,0.60598063,1.0374933,0
1.0,0.6245735,1.064208,0
1.0,0.59599155,1.0288346,0
1.0,0.6366639,1.0953938,0
1.0,0.634936,1.0180322,0
1.0,0.6434392,1.0303707,0
1.0,0.6068528,1.0418355,0
1.0,0.6209232,1.0376312,0
1.0,0.6258886,1.024784,0
1.0,0.6509391,0.9515663,0
1.0,0.6333732,0.9013078,0
1.0,0.63224715,0.8960047,0
1.0,0.64679503,1.0331202,0
1.0,0.6282073,0.96618414,0
1.0,0.613595,0.9164185,0
1.0,0.6254784,0.929312,0
1.0,0.653763,0.9670653,0
1.0,0.628881,0.9480084,0
1.0,0.6332965,0.94779587,0
1.0,0.64982635,0.9148624,0
1.0,0.6612698,0.92708457,0
1.0,0.65362424,0.9394096,0
1.0,0.6336783,0.92626935,0
1.0,0.6676325,0.92054164,0
1.0,0.6774266,0.90403223,0
1.0,0.6864583,0.8663033,0
1.0,0.65187263,0.8291011,0
1.0,0.69506526,0.8730897,0
1.0,0.7105163,0.8522681,0
1.0,0.7421129,0.70471567,0
1.0,0.7114623,0.6567323,0
1.0,0.6974166,0.6903961,0
1.0,0.6759024,0.7140802,0
1.0,0.6763348,0.70198834,0
1.0,0.6196688,0.6204075,0
1.0,0.62091255,0.5526949,0
1.0,0.609997,0.5683845,0
1.0,0.6403003,0.6732188,0
1.0,0.6040372,0.5869065,0
1.0,0.62216777,0.6153501,0
1.0,0.5973857,0.5868236,0
1.0,0.68725353,0.7325721,0
1.0,0.6261487,0.6694252,0
1.0,0.68723506,0.73034364,0
1.0,0.66059977,0.6084281,0
1.0,0.66393596,0.56763196,0
1.0,0.60574627,0.5133308,0
1.0,0.5905121,0.5719546,0
1.0,0.55691886,0.5264461,0
1.0,0.56384057,0.54015803,0
1.0,0.5315187,0.5013335,0
1.0,0.51893884,0.48141825,0
1.0,0.48826525,0.49780166,0
1.0,0.5406495,0.57263243,0
1.0,0.51497424,0.5394348,0
1.0,0.5422304,0.56609505,0
1.0,0.50933725,0.55700785,0
1.0,0.54681206,0.63174987,0
1.0,0.5128403,0.60587865,0
1.0,0.54203236,0.6318043,0
1.0,0.50351197,0.6123723,0
1.0,0.549538,0.6716119,0
1.0,0.5246892,0.64707947,0
1.0,0.5725891,0.6681575,0
1.0,0.5475745,0.6016476,0
1.0,0.62248665,0.67562556,0
1.0,0.56626976,0.6645909,0
1.0,0.5851705,0.6972291,0
1.0,0.54673177,0.6377796,0
1.0,0.6066565,0.6293231,0
1.0,0.5442771,0.5488932,0
1.0,0.5715553,0.563551,0
1.0,0.5336812,0.60136104,0
1.0,0.58534193,0.659746,0
1.0,0.5142467,0.58813053,0
1.0,0.5373769,0.6112403,0
1.0,0.50736177,0.5693778,0
1.0,0.5435258,0.6089959,0
1.0,0.5100975,0.61657774,0
1.0,0.5460073,0.5790167,0
1.0,0.54172444,0.60266256,0
1.0,0.57518166,0.62614286,0
1.0,0.5349737,0.64127314,0
1.0,0.55332786,0.7098797,0
1.0,0.5419443,0.6608105,0
1.0,0.60102224,0.65600616,0
1.0,0.5174096,0.5736203,0
1.0,0.546595,0.6166383,0
1.0,0.5114802,0.69785917,0
1.0,0.53333163,0.67795175,0
1.0,0.49765807,0.6936594,0
1.0,0.52839094,0.7307421,0
1.0,0.48659438,0.7181265,0
1.0,0.52663773,0.75862616,0
1.0,0.50222325,0.7439095,0
1.0,0.5503092,0.7646967,0
1.0,0.5139792,0.73085797,0
1.0,0.5513043,0.8162424,0
1.0,0.52643013,0.84972405,0
1.0,0.5715438,0.889598,0
1.0,0.5444072,0.86379814,0
1.0,0.57710433,0.91544235,0
1.0,0.56022865,0.9186919,0
1.0,0.6037211,1.0481988,0
1.0,0.5596245,0.93584865,0
1.0,0.6344797,0.9697581,0
1.0,0.60724646,0.93374777,0
1.0,0.6531964,1.0647746,0
1.0,0.59302205,1.0126667,0
1.0,0.66437536,1.0988681,0
1.0,0.62421256,0.99879,0
1.0,0.65174687,1.0518708,0
1.0,0.6004295,0.9689615,0
1.0,0.63405967,1.0765637,0
1.0,0.60088164,1.0617328,0
1.0,0.63414806,1.0562671,0
1.0,0.6189531,1.0254858,0
1.0,0.6448104,1.0906303,0
1.0,0.62607926,1.1026134,0
1.0,0.6596739,1.2004125,0
1.0,0.685893,1.1407231,0
1.0,0.72042733,1.1942222,0
1.0,0.72616965,1.1719592,0
1.0,0.73367155,1.2779663,0
1.0,0.7029095,1.2023621,0
1.0,0.7643667,1.2847829,0
1.0,0.77144754,1.2986494,0
1.0,0.7584753,1.3120472,0
1.0,0.7542944,1.3200026,0
1.0,0.7666992,1.3269812,0
1.0,0.767949,1.2415926,0
1.0,0.7678145,1.2314985,0
1.0,0.7822961,1.2767762,0
1.0,0.77793044,1.3539965,0
1.0,0.797308,1.383441,0
1.0,0.81303394,1.3348035,0
1.0,0.8494801,1.3991654,0
1.0,0.8498172,1.4222822,0
1.0,0.8619492,1.5264065,0
1.0,0.8576118,1.5074711,0
1.0,0.8732288,1.4896848,0
1.0,0.87432253,1.4878528,0
1.0,0.8817443,1.5241636,0
1.0,0.8707764,1.5438643,0
1.0,0.8778101,1.5784886,0
1.0,0.8882055,1.5962,0
1.0,0.9012961,1.5530517,0
1.0,0.9106993,1.5973245,0
1.0,0.9205654,1.710928,0
1.0,0.9133015,1.7302713,0
1.0,0.91408604,1.7163514,0
1.0,0.92138165,1.662565,0
1.0,0.9231792,1.6110783,0
1.0,0.9231471,1.6477274,0
1.0,0.9279909,1.7303793,0
1.0,0.93553674,1.6618953,0
1.0,0.9359558,1.6038125,0
1.0,0.93787265,1.6906047,0
1.0,0.94152033,1.8000419,0
1.0,0.94211,1.7914736,0
1.0,0.93705666,1.781323,0
1.0,0.9413798,1.8198684,0
1.0,0.94555664,1.8518625,0
1.0,0.94629264,1.8843919,0
1.0,0.9471224,1.8997145,0
1.0,0.95007294,1.8198261,0
1.0,0.9524133,1.8236098,0
1.0,0.9541325,1.8663874,0
1.0,0.9447102,1.8741951,0
1.0,0.94075704,1.8839501,0
1.0,0.93709075,1.8417737,0
1.0,0.9349741,1.7834027,0
1.0,0.92281187,1.7487075,0
1.0,0.922652,1.8028445,0
1.0,0.9226453,1.8601209,0
1.0,0.9258789,1.8136989,0
1.0,0.9225117,1.7883961,0
1.0,0.9227928,1.7745185,0
1.0,0.9239684,1.804241,0
1.0,0.92618936,1.814597,0
1.0,0.9222534,1.7263324,0
1.0,0.92105705,1.7067456,0
1.0,0.92268133,1.77441,0
1.0,0.92543435,1.8453058,0
1.0,0.9326208,1.939419,0
1.0,0.93359244,1.9201427,0
1.0,0.935369,1.8432014,0
1.0,0.9395479,1.8130122,0
1.0,0.93603134,1.807061,0
1.0,0.9412279,1.860706,0
1.0,0.9380147,1.7810907,0
1.0,0.94662476,1.7605591,0
1.0,0.94587994,1.8024682,0
1.0,0.9459419,1.8543562,0
1.0,0.943281,1.8202636,0
1.0,0.9530804,1.8115616,0
1.0,0.95685774,1.7741634,0
1.0,0.95840275,1.7929498,0
1.0,0.9514544,1.8034685,0
1.0,0.9571774,1.8521161,0
1.0,0.9587925,1.8214117,0
1.0,0.9608539,1.798159,0
1.0,0.9553157,1.867456,0
1.0,0.9537823,1.9087398,0
1.0,0.95649225,1.9384983,0
1.0,0.9576501,1.9232432,0
1.0,0.9535798,1.8055971,0
1.0,0.95292073,1.7878506,0
1.0,0.9483501,1.8850856,0
1.0,0.9509968,1.94162,0
1.0,0.9442488,1.8570284,0
1.0,0.9417597,1.8128809,0
1.0,0.92757857,1.8007904,0
1.0,0.9144995,1.8038269,0
1.0,0.9078039,1.7538414,0
1.0,0.9122717,1.7377985,0
1.0,0.9116099,1.678054,0
1.0,0.9218256,1.6971415,0
1.0,0.92191815,1.7662029,0
1.0,0.92140555,1.86069,0
1.0,0.9126933,1.8470728,0
1.0,0.9278942,1.7954894,0
1.0,0.9278047,1.7746669,0
1.0,0.92758,1.8310149,0
1.0,0.91823906,1.8707755,0
1.0,0.9159171,1.7487891,0
1.0,0.9274143,1.7259442,0
1.0,0.923947,1.7444929,0
1.0,0.9074788,1.8080392,0
1.0,0.9075897,1.8247831,0
1.0,0.9176112,1.8046162,0
1.0,0.9094145,1.695755,0
1.0,0.89771914,1.6571429,0
1.0,0.8878996,1.6742084,0
1.0,0.89581704,1.6473614,0
1.0,0.90180045,1.6212947,0
1.0,0.9148508,1.6367582,0
1.0,0.9238598,1.6556844,0
1.0,0.9338088,1.7528472,0
1.0,0.92267394,1.7630488,0
1.0,0.92147815,1.6697977,0
1.0,0.9220863,1.5852551,0
1.0,0.92035884,1.5749161,0
1.0,0.9076784,1.6252949,0
1.0,0.90851337,1.7199785,0
1.0,0.89495116,1.6148239,0
1.0,0.90993285,1.5958388,0
1.0,0.9009351,1.5433521,0
1.0,0.9025689,1.5453492,0
1.0,0.9061631,1.5693095,0
1.0,0.9075885,1.5221093,0
1.0,0.9110852,1.4311076,0
1.0,0.9125144,1.4249408,0
1.0,0.91937494,1.5062721,0
1.0,0.90758365,1.495237,0
1.0,0.9181897,1.5190166,0
1.0,0.9286192,1.465178,0
1.0,0.94003475,1.4804299,0
1.0,0.9393083,1.5391412,0
1.0,0.93979865,1.6671389,0
1.0,0.9370874,1.6401972,0
1.0,0.93857586,1.5772301,0
1.0,0.9349056,1.5764132,0
1.0,0.9390943,1.6646891,0
1.0,0.9404122,1.696414,0
1.0,0.9405204,1.6974502,0
1.0,0.9477472,1.7005787,0
1.0,0.94922155,1.6791308,0
1.0,0.9528059,1.7012372,0
1.0,0.95043373,1.7321754,0
1.0,0.9450861,1.6730363,0
1.0,0.9487501,1.6637341,0
1.0,0.9509408,1.6898283,0
1.0,0.94590926,1.6848538,0
1.0,0.9447285,1.7418747,0
1.0,0.943452,1.7616811,0
1.0,0.946724,1.6875145,0
1.0,0.94471884,1.6736354,0
1.0,0.9455232,1.7066113,0
1.0,0.94507855,1.770458,0
1.0,0.94522786,1.8082479,0
1.0,0.94926465,1.8553749,0
1.0,0.94918925,1.9072074,0
1.0,0.9505217,1.9439639,0
1.0,0.94780695,1.9832551,0
1.0,0.9454031,1.9540055,0
1.0,0.94334227,1.9234611,0
1.0,0.9425687,1.9202881,0
1.0,0.93618333,1.9156771,0
1.0,0.93293923,1.9580986,0
1.0,0.92059755,1.9548292,0
1.0,0.92348295,1.8715073,0
1.0,0.91779816,1.7716,0
1.0,0.92483944,1.7899289,0
1.0,0.9267294,1.8832808,0
1.0,0.931495,1.8957964,0
1.0,0.92974627,1.8822544,0
1.0,0.9395025,1.9449941,0
1.0,0.9415851,1.9489222,0
1.0,0.94292766,2.0072746,0
1.0,0.94199735,2.0746434,0
1.0,0.94326645,2.0413656,0
1.0,0.9436966,2.0486348,0
1.0,0.942119,2.1353335,0
1.0,0.9373029,2.1299195,0
1.0,0.93752384,2.11985,0
1.0,0.938704,2.1574316,0
1.0,0.93846697,2.1039977,0
1.0,0.93799937,2.0695324,0
1.0,0.93825,2.117319,0
1.0,0.940499,2.174652,0
1.0,0.9410731,2.1351533,0
1.0,0.9440524,2.1084142,0
1.0,0.9468775,2.1215901,0
1.0,0.9495385,2.1912694,0
1.0,0.9496229,2.271428,0
1.0,0.95378155,2.267889,0
1.0,0.9559621,2.227748,0
1.0,0.95632756,2.2929354,0
1.0,0.95820427,2.360701,0
1.0,0.9570017,2.3261132,0
1.0,0.95590395,2.2971878,0
1.0,0.953964,2.2671258,0
1.0,0.9559772,2.242661,0
1.0,0.95278436,2.2932518,0
1.0,0.9556267,2.4291575,0
1.0,0.9519732,2.3412755,0
1.0,0.9590112,2.2754931,0
1.0,0.9566468,2.2782667,0
1.0,0.95688,2.3324027,0
1.0,0.9526973,2.3789015,0
1.0,0.9647142,2.4107609,0
1.0,0.9640202,2.3484075,0
1.0,0.967166,2.3761492,0
1.0,0.96383923,2.413572,0
1.0,0.96885955,2.4120603,0
1.0,0.9670966,2.398537,0
1.0,0.96935564,2.4194994,0
1.0,0.9649385,2.3970232,0
1.0,0.9688459,2.4294028,0
1.0,0.9651245,2.4237406,0
1.0,0.96468395,2.3884554,0
1.0,0.9633114,2.3538013,0
1.0,0.96635824,2.4260666,0
1.0,0.9682377,2.6107259,0
1.0,0.96673757,2.6024206,0
1.0,0.9678707,2.471063,0
1.0,0.96995014,2.380185,0
1.0,0.97055423,2.4087062,0
1.0,0.96597487,2.4507444,0
1.0,0.97079605,2.3952398,0
1.0,0.97066665,2.26679,0
1.0,0.9723517,2.2303703,0
1.0,0.96683675,2.2140276,0
1.0,0.9692606,2.2671437,0
1.0,0.9599164,2.2619648,0
1.0,0.96214736,2.2159624,0
1.0,0.9566854,2.0964332,0
1.0,0.96024805,2.1266174,0
1.0,0.94593644,2.1423922,0
1.0,0.95190233,2.1962605,0
1.0,0.9403016,2.0434906,0
1.0,0.955537,1.9548488,0
1.0,0.92888284,1.9114475,0
1.0,0.9449542,2.0586376,0
1.0,0.9357586,2.006253,0
1.0,0.95484114,1.9728028,0
1.0,0.93158376,1.8349154,0
1.0,0.9314275,1.819937,0
1.0,0.91550016,1.8236818,0
1.0,0.9378737,1.8824153,0
1.0,0.91060215,1.7515854,0
1.0,0.9160835,1.7465311,0
1.0,0.89491075,1.6902654,0
1.0,0.9125551,1.7416434,0
1.0,0.8808364,1.689003,0
1.0,0.90994406,1.6511954,0
1.0,0.92191666,1.645957,0
1.0,0.94215924,1.6977334,0
1.0,0.9256932,1.7573907,0
1.0,0.929511,1.8142316,0
1.0,0.93176544,1.7674122,0
1.0,0.9491783,1.8823025,0
1.0,0.93684053,1.9129996,0
1.0,0.9411046,1.9474915,0
1.0,0.94409204,2.0419083,0
1.0,0.94390094,2.1013913,0
1.0,0.9443,2.0644631,0
1.0,0.94514966,2.0599465,0
1.0,0.94728667,2.1269226,0
1.0,0.9468502,2.1315956,0
1.0,0.9470394,2.142024,0
1.0,0.95474017,2.1333742,0
1.0,0.95720917,2.1226518,0
1.0,0.9525443,2.1431584,0
1.0,0.9507864,2.2193966,0
1.0,0.95663685,2.22375,0
1.0,0.9626922,2.238067,0
1.0,0.96459156,2.2957711,0
1.0,0.9655686,2.3648083,0
1.0,0.96287817,2.399471,0
1.0,0.96289355,2.482891,0
1.0,0.96377105,2.4397864,0
1.0,0.9645207,2.4321184,0
1.0,0.96463925,2.4961228,0
1.0,0.9608013,2.671833,0
1.0,0.9568017,2.669129,0
1.0,0.95968986,2.5993896,0
1.0,0.9635785,2.5613165,0
1.0,0.96209145,2.5452137,0
1.0,0.96393645,2.6203456,0
1.0,0.96389484,2.614173,0
1.0,0.9660739,2.5221577,0
1.0,0.9652695,2.5035691,0
1.0,0.9676042,2.5170093,0
1.0,0.9651198,2.6525955,0
1.0,0.9674539,2.8113081,0
1.0,0.9682391,2.7739024,0
1.0,0.9742649,2.6318753,0
1.0,0.9726552,2.6584718,0
1.0,0.9760351,2.8749635,0
1.0,0.97397995,3.084079,0
1.0,0.977071,3.174018,0
1.0,0.9768027,3.106875,0
1.0,0.97770166,3.0473418,0
1.0,0.97328824,3.120085,0
1.0,0.9714604,3.3874211,0
1.0,0.9713724,3.3600473,0
1.0,0.9719954,3.2240996,0
1.0,0.9624947,3.2035851,0
1.0,0.9562021,3.1853056,0
1.0,0.94550145,3.3358536,0
1.0,0.93858665,3.4137163,0
1.0,0.9365104,3.3938015,0
1.0,0.930323,3.3254447,0
1.0,0.9273861,3.3165748,0
1.0,0.92842686,3.5034158,0
1.0,0.9085019,3.3932657,0
1.0,0.9062741,3.3052092,0
1.0,0.9050587,3.287778,0
1.0,0.9012936,3.2599273,0
1.0,0.8682609,3.219501,0
1.0,0.85944855,3.3675218,0
1.0,0.8386585,3.2558982,0
1.0,0.85031784,3.2595735,0
1.0,0.817908,3.2190094,0
1.0,0.7834929,3.1850765,0
1.0,0.7909575,3.080087,0
1.0,0.80768496,3.02953,0
1.0,0.7825507,2.9564435,0
1.0,0.77835137,2.9530323,0
1.0,0.77617943,3.058537,0
1.0,0.8052932,3.1461823,0
1.0,0.7920907,2.8351393,0
1.0,0.8104679,2.796854,0
1.0,0.81372994,2.8906827,0
1.0,0.83220714,2.9495535,0
1.0,0.82451266,2.971128,0
1.0,0.8289978,3.0717514,0
1.0,0.85210717,3.1438317,0
1.0,0.86393327,3.1808038,0
1.0,0.87473154,3.188034,0
1.0,0.87510467,3.242669,0
1.0,0.8832528,3.0760658,0
1.0,0.8852515,3.0221636,0
1.0,0.91353905,3.0699558,0
1.0,0.9084615,3.049343,0
1.0,0.9333712,3.2127151,0
1.0,0.91335785,3.025329,0
1.0,0.9285531,2.921528,0
1.0,0.92013335,2.9556303,0
1.0,0.9358371,3.0450447,0
1.0,0.904575,3.0126405,0
1.0,0.9214383,3.126669,0
1.0,0.8964321,2.937916,0
1.0,0.9249934,3.031006,0
1.0,0.89164996,2.929123,0
1.0,0.92273104,3.0352688,0
1.0,0.8813271,3.0253034,0
1.0,0.93422145,3.2391274,0
1.0,0.91075796,3.2269616,0
1.0,0.9359929,3.2289662,0
1.0,0.88386005,3.0456421,0
1.0,0.9192712,3.4102483,0
1.0,0.8643348,3.2774863,0
1.0,0.9022497,3.3959255,0
1.0,0.8434392,3.1879897,0
1.0,0.89089686,3.2566829,0
1.0,0.8395479,3.1365898,0
1.0,0.8521864,3.1703928,0
1.0,0.785626,2.6728606,0
1.0,0.8394414,2.690377,0
1.0,0.82446563,2.6591172,0
1.0,0.8496902,2.8896437,0
1.0,0.79753894,2.7458627,0
1.0,0.8278929,2.8451562,0
1.0,0.84989333,2.9820838,0
1.0,0.8476131,2.8944798,0
1.0,0.84347874,2.9927127,0
1.0,0.8413957,3.1288228,0
1.0,0.85814846,3.0796878,0
1.0,0.8475657,3.0415788,0
1.0,0.85673493,3.0406556,0
1.0,0.81133825,3.0719204,0
1.0,0.8146701,3.0685415,0
1.0,0.8048464,2.91433,0
1.0,0.80974233,2.8220215,0
1.0,0.75753516,2.6307743,0
1.0,0.77744246,2.7747455,0
1.0,0.7673436,2.9856598,0
1.0,0.7999769,2.8567483,0
1.0,0.774359,2.7988393,0
1.0,0.84913576,3.0778022,0
1.0,0.83796424,3.0672512,0
1.0,0.86558557,3.228044,0
1.0,0.81860083,2.873829,0
1.0,0.8500514,2.7444859,0
1.0,0.82794076,2.7071319,0
1.0,0.8358632,2.9189596,0
1.0,0.8010814,2.850489,0
1.0,0.80920285,2.8437605,0
1.0,0.79610157,2.8714826,0
1.0,0.81024754,3.132403,0
1.0,0.799173,3.201413,0
1.0,0.8353052,3.353826,0
1.0,0.83614784,3.2126622,0
1.0,0.85561085,3.1716752,0
1.0,0.8532427,3.147182,0
1.0,0.87623715,3.2273288,0
1.0,0.87264735,3.2469788,0
1.0,0.89090705,3.195824,0
1.0,0.8942707,2.9984493,0
1.0,0.9246233,3.0942984,0
1.0,0.916022,3.0845203,0
1.0,0.9324364,3.362948,0
1.0,0.92183703,3.274052,0
1.0,0.9284474,3.2076964,0
1.0,0.9093281,3.2097616,0
1.0,0.898358,3.3856964,0
1.0,0.88447607,3.4271479,0
1.0,0.8910436,3.4649546,0
1.0,0.8806041,3.1437266,0
1.0,0.8807947,3.111109,0
1.0,0.8745341,3.1109495,0
1.0,0.8788575,2.9830704,0
1.0,0.87250996,2.9421072,0
1.0,0.8783507,2.885501,0
1.0,0.87090975,2.75103,0
1.0,0.8616182,2.802588,0
1.0,0.8566272,3.0003886,0
1.0,0.8443972,2.8918505,0
1.0,0.82217854,2.7837303,0
1.0,0.7874082,2.6852472,0
1.0,0.77864105,2.641463,0
1.0,0.7434191,2.3620844,0
1.0,0.76775277,2.349858,0
1.0,0.7504196,2.2856064,0
1.0,0.7728034,2.3273506,0
1.0,0.74787855,2.3169765,0
1.0,0.7604292,2.48417,0
1.0,0.7508587,2.4177303,0
1.0,0.80291617,2.5228314,0
1.0,0.8300779,2.6744509,0
1.0,0.83582807,2.771793,0
1.0,0.84694076,2.7990322,0
1.0,0.8750993,2.9033322,0
1.0,0.887793,2.7112265,0
1.0,0.8957269,2.5441442,0
1.0,0.8819578,2.5758908,0
1.0,0.90436375,2.7892952,0
1.0,0.917993,2.7572935,0
1.0,0.918689,2.6991131,0
1.0,0.92082036,2.5865993,0
1.0,0.93095475,2.6364753,0
1.0,0.9392211,2.9022405,0
1.0,0.94459957,2.9480917,0
1.0,0.95398384,2.9218924,0
1.0,0.9589249,2.9364538,0
1.0,0.9666236,3.0489469,0
1.0,0.9597708,3.2249014,0
1.0,0.9608302,3.3042722,0
1.0,0.9645519,3.113827,0
1.0,0.9739886,3.03569,0
1.0,0.9716861,3.0971537,0
1.0,0.97295153,3.1859727,0
1.0,0.9690411,3.0457208,0
1.0,0.97098583,3.0274007,0
1.0,0.9707484,3.0013585,0
1.0,0.96813256,2.98269,0
1.0,0.96735483,3.1932795,0
1.0,0.96507174,3.2195926,0
1.0,0.9620212,3.0448256,0
1.0,0.9641569,3.0097837,0
1.0,0.9633606,3.103661,0
1.0,0.9613839,3.1730945,0
1.0,0.9572691,3.1234932,0
1.0,0.9596241,3.216271,0
1.0,0.9580909,3.4288177,0
1.0,0.96010387,3.4781485,0
1.0,0.95166045,3.5483675,0
1.0,0.9579746,3.8097434,0
1.0,0.957871,3.606102,0
1.0,0.9611857,3.4442687,0
1.0,0.9511455,3.4600544,0
1.0,0.9499277,3.5871794,0
1.0,0.9471427,3.7520041,0
1.0,0.9414915,3.510427,0
1.0,0.9226347,3.2773852,0
1.0,0.9216644,3.315559,0
1.0,0.91978765,3.4226663,0
1.0,0.9020092,3.5797791,0
1.0,0.87976944,3.3492193,0
1.0,0.90760213,3.3230815,0
1.0,0.9073028,3.3087635,0
1.0,0.9137564,3.3398335,0
1.0,0.8929616,3.545975,0
1.0,0.89521754,3.6009588,0
1.0,0.89499575,3.5433538,0
1.0,0.8785911,3.4508915,0
1.0,0.84601676,3.6132507,0
1.0,0.8459535,3.766037,0
1.0,0.85430664,3.6206396,0
1.0,0.8522678,3.5319118,0
1.0,0.8262688,3.4031398,0
1.0,0.82345825,3.3478923,0
1.0,0.83503324,3.7206554,0
1.0,0.84127516,3.8776865,0
1.0,0.83903706,3.805984,0
1.0,0.837795,3.7116628,0
1.0,0.83207357,3.5071936,0
1.0,0.8254177,3.505177,0
1.0,0.8301508,3.5554948,0
1.0,0.8545165,3.3525653,0
1.0,0.852786,3.3416142,0
1.0,0.85603964,3.4069977,0
1.0,0.82798094,3.519649,0
1.0,0.80166876,3.5862615,0
1.0,0.7954718,3.3448205,0
1.0,0.8246926,3.4337506,0
1.0,0.78418416,3.5015237,0
1.0,0.7995503,3.5558884,0
1.0,0.782171,3.4589512,0
1.0,0.8242245,3.3197148,0
1.0,0.811214,3.1703582,0
1.0,0.82116103,3.2096767,0
1.0,0.7823784,3.271152,0
1.0,0.8198611,3.3859057,0
1.0,0.7975623,3.006598,0
1.0,0.8035302,2.9025385,0
1.0,0.7630697,2.8126307,0
1.0,0.79308057,2.9838948,0
1.0,0.7706426,2.8366437,0
1.0,0.8087085,2.8404164,0
1.0,0.7934672,2.7633243,0
1.0,0.8499915,2.9398887,0
1.0,0.80797154,2.9953532,0
1.0,0.8441225,3.1023912,0
1.0,0.8222955,2.604548,0
1.0,0.89165676,2.498192,0
1.0,0.85617226,2.4140015,0
1.0,0.8820092,2.5547886,0
1.0,0.8737765,2.618656,0
1.0,0.8899721,2.5959368,0
1.0,0.89209884,2.4693096,0
1.0,0.8945659,2.530938,0
1.0,0.8835953,2.5012982,0
1.0,0.87896675,2.4643667,0
1.0,0.8573411,2.2824988,0
1.0,0.8606536,2.0144904,0
1.0,0.83487993,1.9593354,0
1.0,0.84105897,2.0725293,0
1.0,0.82289135,1.9705601,0
1.0,0.83670676,1.960517,0
1.0,0.8473494,1.9347839,0
1.0,0.8563938,1.964735,0
1.0,0.8523624,1.9926037,0
1.0,0.83620894,1.9194472,0
1.0,0.8299888,1.9127107,0
1.0,0.80192846,1.8381602,0
1.0,0.81006217,1.8528205,0
1.0,0.7826285,1.8765602,0
1.0,0.773822,1.8920679,0
1.0,0.7326755,1.718735,0
1.0,0.7447742,1.7974681,0
1.0,0.72998345,1.7425518,0
1.0,0.73663497,1.7796,0
1.0,0.7202442,1.7406723,0
1.0,0.72608405,1.6467321,0
1.0,0.72392434,1.5800045,0
1.0,0.7407034,1.7143729,0
1.0,0.73561865,1.826536,0
1.0,0.73682487,1.8429573,0
1.0,0.7400785,1.8064653,0
1.0,0.7555059,1.7902528,0
1.0,0.7553459,1.9045504,0
1.0,0.75960374,1.9865147,0
1.0,0.75860643,1.9862099,0
1.0,0.7589788,1.9922197,0
1.0,0.74247265,1.9498539,0
1.0,0.7595365,1.9649504,0
1.0,0.7548433,1.982298,0
1.0,0.7694012,2.0094855,0
1.0,0.7698243,1.9780543,0
1.0,0.78392607,1.9817806,0
1.0,0.7782401,1.9699852,0
1.0,0.77559364,1.9700296,0
1.0,0.76488703,1.9457166,0
1.0,0.78209037,1.95014,0
1.0,0.7706481,2.0068083,0
1.0,0.7487083,1.907625,0
1.0,0.71878535,1.8201371,0
1.0,0.7214905,1.8226529,0
1.0,0.7070487,1.7694834,0
1.0,0.7003318,1.723081,0
1.0,0.67723894,1.7029129,0
1.0,0.70303285,1.7018406,0
1.0,0.6821985,1.6248281,0
1.0,0.68331826,1.6121862,0
1.0,0.670182,1.7052765,0
1.0,0.7041978,1.7896401,0
1.0,0.71372646,1.8263924,0
1.0,0.73386884,1.8035314,0
1.0,0.74570507,1.703412,0
1.0,0.7622037,1.7170722,0
1.0,0.7662518,1.7598784,0
1.0,0.74512565,1.7496152,0
1.0,0.7511264,1.6354259,0
1.0,0.74741155,1.5508903,0
1.0,0.7483526,1.5024223,0
1.0,0.72475445,1.4872855,0
1.0,0.7315962,1.5149987,0
1.0,0.7140464,1.3810707,0
1.0,0.7189187,1.3637079,0
1.0,0.69586164,1.324153,0
1.0,0.7059581,1.2999302,0
1.0,0.6740817,1.1593397,0
1.0,0.6789806,1.1657699,0
1.0,0.6419628,1.1541343,0
1.0,0.65966153,1.1655724,0
1.0,0.62425,1.1310139,0
1.0,0.6469427,1.1514962,0
1.0,0.60101914,0.95299995,0
1.0,0.640295,1.0177174,0
1.0,0.6020792,0.9708985,0
1.0,0.6185086,0.9607148,0
1.0,0.56886256,0.93530947,0
1.0,0.60925794,0.97626495,0
1.0,0.5741264,0.7908336,0
1.0,0.5740139,0.7897492,0
1.0,0.5217344,0.74469805,0
1.0,0.5697905,0.67504734,0
1.0,0.5351948,0.58709073,0
1.0,0.5996402,0.63118255,0
1.0,0.5372006,0.59290653,0
1.0,0.5984972,0.6472466,0
1.0,0.50347507,0.5711987,0
1.0,0.5354128,0.5905438,0
1.0,0.49162942,0.4727165,0
1.0,0.5449608,0.5071165,0
1.0,0.5019153,0.5244474,0
1.0,0.53251636,0.55774933,0
1.0,0.5070055,0.5296964,0
1.0,0.55128783,0.5408058,0
1.0,0.52393353,0.5285239,0
1.0,0.5575882,0.54360914,0
1.0,0.5265213,0.53213876,0
1.0,0.55638444,0.54409206,0
1.0,0.49039978,0.5075482,0
1.0,0.5126401,0.53672975,0
1.0,0.46908754,0.4746299,0
1.0,0.5109204,0.4882929,0
1.0,0.4578928,0.4727199,0
1.0,0.51182646,0.45354688,0
1.0,0.47446018,0.44344795,0
1.0,0.48712578,0.44273072,0
1.0,0.42600858,0.4219353,0
1.0,0.42590076,0.42806512,0
1.0,0.41667813,0.3976621,0
1.0,0.42585182,0.378286,0
1.0,0.41834134,0.36734137,0
1.0,0.4247421,0.36537498,0
1.0,0.42574126,0.33894396,0
1.0,0.42424017,0.3367717,0
1.0,0.43939584,0.3454684,0
1.0,0.46511593,0.35337934,0
1.0,0.4519878,0.30171052,0
1.0,0.47469828,0.30219936,0
1.0,0.48793137,0.30821764,0
1.0,0.4853262,0.28025988,0
1.0,0.44388905,0.26911068,0
1.0,0.4641667,0.27758726,0
1.0,0.4940786,0.2468741,0
1.0,0.51083916,0.23477083,0
1.0,0.46390066,0.20764843,0
1.0,0.49639618,0.21396852,0
1.0,0.5229473,0.2197829,0
1.0,0.5162245,0.24169412,0
1.0,0.4635803,0.28885567,0
1.0,0.5021572,0.27871335,0
1.0,0.5595442,0.29589632,0
1.0,0.57221305,0.28896755,0
1.0,0.55387837,0.2833218,0
1.0,0.59453475,0.31447038,0
1.0,0.5870357,0.31725538,0
1.0,0.6166244,0.3058476,0
1.0,0.5207763,0.2576298,0
1.0,0.5782033,0.27505857,0
1.0,0.5135995,0.24698786,0
1.0,0.47984478,0.23258077,0
1.0,0.41505045,0.21079788,0
1.0,0.45522404,0.2165167,0
1.0,0.41879827,0.20704505,0
1.0,0.46290517,0.21738797,0
1.0,0.42641097,0.20317373,0
1.0,0.5056031,0.223247,0
1.0,0.42425066,0.19796847,0
1.0,0.4810933,0.21730399,0
1.0,0.43153363,0.2037851,0
1.0,0.5390684,0.24225987,0
1.0,0.47853273,0.22840205,0
1.0,0.60544795,0.31797493,0
1.0,0.5877254,0.31592745,0
1.0,0.7089326,0.42509675,0
1.0,0.6622369,0.3975821,0
1.0,0.7568274,0.48854643,0
1.0,0.7433416,0.4807185,0
1.0,0.8240683,0.57199764,0
1.0,0.8025824,0.564655,0
1.0,0.8396131,0.6157429,0
1.0,0.8231798,0.49911982,0
1.0,0.8703383,0.5402992,0
1.0,0.82759184,0.491091,0
1.0,0.8641571,0.5429728,0
1.0,0.83498263,0.52870107,0
1.0,0.8963832,0.606806,0
1.0,0.8487908,0.53095424,0
1.0,0.86144847,0.5474175,0
1.0,0.8531996,0.5614841,0
1.0,0.8985691,0.6928216,0
1.0,0.8626155,0.65151995,0
1.0,0.88962615,0.6629077,0
1.0,0.87405914,0.6525016,0
1.0,0.8970393,0.69507647,0
1.0,0.8424888,0.6542811,0
1.0,0.8751404,0.7182467,0
1.0,0.8659976,0.69623584,0
1.0,0.8974913,0.75071925,0
1.0,0.84988993,0.6811811,0
1.0,0.87544084,0.71645623,0
1.0,0.86353785,0.7019421,0
1.0,0.8656606,0.69981986,0
1.0,0.7964822,0.6023939,0
1.0,0.8097555,0.59410584,0
1.0,0.8244303,0.6253764,0
1.0,0.8563511,0.71830404,0
1.0,0.83870935,0.6687908,0
1.0,0.8790632,0.72591674,0
1.0,0.90561634,0.7700336,0
1.0,0.91439426,0.80270207,0
1.0,0.90795094,0.83729243,0
1.0,0.91656595,0.8366021,0
1.0,0.911344,0.84488976,0
1.0,0.9142676,0.8612298,0
1.0,0.89428693,0.8268415,0
1.0,0.9030101,0.8812295,0
1.0,0.89381564,0.9057754,0
1.0,0.9098945,0.91654265,0
1.0,0.89236474,0.8749583,0
1.0,0.898831,0.89609814,0
1.0,0.8924366,0.8690792,0
1.0,0.90808815,0.8492177,0
1.0,0.88518256,0.8077911,0
1.0,0.9014222,0.83194435,0
1.0,0.88157415,0.7913922,0
1.0,0.9049757,0.879818,0
1.0,0.87609136,0.85748756,0
1.0,0.90212417,0.91492677,0
1.0,0.9004432,0.9346237,0
1.0,0.9068841,0.97200537,0
1.0,0.8979733,1.0033765,0
1.0,0.9024296,1.0658846,0
1.0,0.9034896,1.1076908,0
1.0,0.9153871,1.1435504,0
1.0,0.90404505,1.0889068,0
1.0,0.91748303,1.094475,0
1.0,0.9209281,1.0868618,0
1.0,0.93348175,1.0876055,0
1.0,0.9281946,1.0672157,0
1.0,0.93118477,1.0727332,0
1.0,0.92835844,1.0802058,0
1.0,0.9162324,1.0638151,0
1.0,0.90326065,1.0119747,0
1.0,0.91320443,1.015883,0
1.0,0.91020167,1.03293,0
1.0,0.9099204,1.0996786,0
1.0,0.91326433,1.1670538,0
1.0,0.92170936,1.1739659,0
1.0,0.92862576,1.1365886,0
1.0,0.93954414,1.1609653,0
1.0,0.93621457,1.1679678,0
1.0,0.937882,1.1753981,0
1.0,0.9378707,1.1731188,0
1.0,0.9426061,1.1893885,0
1.0,0.9355879,1.1767794,0
1.0,0.9401898,1.1831098,0
1.0,0.9347441,1.219805,0
1.0,0.9330128,1.1973509,0
1.0,0.9199319,1.0965929,0
1.0,0.91284895,1.0590658,0
1.0,0.8906827,1.0516472,0
1.0,0.8704933,1.033164,0
1.0,0.8722363,1.0246848,0
1.0,0.8704598,0.97384405,0
1.0,0.8698157,0.9207736,0
1.0,0.86957824,0.90774745,0
1.0,0.885038,0.9990332,0
1.0,0.8748779,1.067327,0
1.0,0.89782345,1.1150143,0
1.0,0.8854128,1.0552353,0
1.0,0.89798695,1.1109028,0
1.0,0.8805721,1.1097586,0
1.0,0.89282835,1.2497883,0
1.0,0.86041003,1.2041454,0
1.0,0.8901534,1.2315257,0
1.0,0.8450964,1.1585696,0
1.0,0.81893647,1.145482,0
1.0,0.76901144,0.9993975,0
1.0,0.8246542,1.0511389,0
1.0,0.7723922,0.9261742,0
1.0,0.7694275,0.91369414,0
1.0,0.73907876,0.9021896,0
1.0,0.79898095,1.0285666,0
1.0,0.75142866,0.94097733,0
1.0,0.7479264,0.9326364,0
1.0,0.72905385,0.94045454,0
1.0,0.7856101,1.0963206,0
1.0,0.74472713,1.097662,0
1.0,0.75566584,1.1797426,0
1.0,0.7471649,1.1212876,0
1.0,0.81919247,1.2525203,0
1.0,0.76208544,1.2577735,0
1.0,0.72250974,1.1791546,0
1.0,0.7028093,1.102586,0
1.0,0.7620619,1.1812462,0
1.0,0.700363,1.0643384,0
1.0,0.67643666,1.0434175,0
1.0,0.67320764,1.1580129,0
1.0,0.6824685,1.1447754,0
1.0,0.6509406,1.039703,0
1.0,0.63444877,1.0056555,0
1.0,0.64722943,1.0522897,0
1.0,0.6547158,1.0724256,0
1.0,0.6346589,1.0401995,0
1.0,0.61593306,0.937829,0
1.0,0.6600999,0.9849161,0
1.0,0.68188405,1.0257114,0
1.0,0.6892574,1.1318225,0
1.0,0.68391263,1.1017671,0
1.0,0.7407371,1.1882966,0
1.0,0.7309421,1.2141893,0
1.0,0.7277448,1.2770047,0
1.0,0.6994112,1.2578192,0
1.0,0.76794213,1.3763952,0
1.0,0.77014583,1.3286785,0
1.0,0.7933181,1.3644936,0
1.0,0.7783395,1.370384,0
1.0,0.8234995,1.4870209,0
1.0,0.80477744,1.415434,0
1.0,0.8276572,1.4677274,0
1.0,0.84557414,1.4468274,0
1.0,0.8684786,1.4901757,0
1.0,0.8685062,1.4982898,0
1.0,0.8884088,1.5164682,0
1.0,0.89721024,1.5345427,0
1.0,0.91671675,1.5846944,0
1.0,0.9210258,1.678483,0
1.0,0.9318968,1.8320823,0
1.0,0.94053775,1.8526491,0
1.0,0.9473836,1.7955673,0
1.0,0.93364835,1.8153253,0
1.0,0.93750006,1.8596305,0
1.0,0.94515276,1.948822,0
1.0,0.9400844,1.9232025,0
1.0,0.9360353,1.877841,0
1.0,0.9373002,1.8798411,0
1.0,0.94634056,1.9099959,0
1.0,0.9321579,1.8887572,0
1.0,0.92899454,1.8953931,0
1.0,0.9236314,1.8033954,0
1.0,0.93923646,1.8154256,0
1.0,0.91925657,1.8029957,0
1.0,0.91547906,1.8157306,0
1.0,0.8964697,1.7212197,0
1.0,0.9004144,1.725267,0
1.0,0.88524145,1.7250607,0
1.0,0.8852379,1.7794162,0
1.0,0.8736663,1.7987679,0
1.0,0.88843495,1.8484087,0
1.0,0.8711139,1.7877834,0
1.0,0.8681377,1.7872994,0
1.0,0.8584145,1.7596173,0
1.0,0.8795112,1.8513296,0
1.0,0.8648265,1.8391511,0
1.0,0.87153375,1.8899028,0
1.0,0.86065394,1.8712177,0
1.0,0.87228644,1.9050415,0
1.0,0.8710811,1.9158075,0
1.0,0.8852247,1.9018238,0
1.0,0.8803533,1.7782178,0
1.0,0.8916402,1.7984041,0
1.0,0.8876088,1.810477,0
1.0,0.89181644,1.8088168,0
1.0,0.88872004,1.7876928,0
1.0,0.9012636,1.771535,0
1.0,0.9008584,1.7509389,0
1.0,0.9055988,1.8231494,0
1.0,0.9117129,1.9743702,0
1.0,0.9317956,2.1041923,0
1.0,0.93159306,2.139049,0
1.0,0.9419479,2.2098725,0
1.0,0.94241303,2.1862516,0
1.0,0.952619,2.199966,0
1.0,0.95020074,2.215514,0
1.0,0.9572887,2.209423,0
1.0,0.9540863,2.1791344,0
1.0,0.95855224,2.207791,0
1.0,0.9565915,2.2301679,0
1.0,0.9600821,2.188888,0
1.0,0.95748353,2.125506,0
1.0,0.960015,2.1618326,0
1.0,0.9532674,2.2192125,0
1.0,0.9572955,2.2380307,0
1.0,0.95667845,2.225911,0
1.0,0.9600937,2.1829038,0
1.0,0.9573937,2.1556008,0
1.0,0.96168655,2.1552887,0
1.0,0.9604165,2.2331047,0
1.0,0.9605381,2.2713904,0
1.0,0.9611489,2.2621546,0
1.0,0.9658462,2.2976558,0
1.0,0.9630307,2.3039956,0
1.0,0.9573532,2.3149436,0
1.0,0.9567342,2.3579302,0
1.0,0.95372385,2.310769,0
1.0,0.95151794,2.2878747,0
1.0,0.9368127,2.2928987,0
1.0,0.93901205,2.336619,0
1.0,0.9321055,2.2611902,0
1.0,0.93881094,2.1644945,0
1.0,0.9298004,2.0687132,0
1.0,0.93281037,2.031764,0
1.0,0.92846596,2.0161905,0
1.0,0.9323298,2.056682,0
1.0,0.92218655,2.0149722,0
1.0,0.92942417,1.9961909,0
1.0,0.9267815,2.0631042,0
1.0,0.92540944,2.1373749,0
1.0,0.92396176,2.1253936,0
1.0,0.9370787,2.1129704,0
1.0,0.9341416,2.103755,0
1.0,0.9373843,2.1361406,0
1.0,0.9322709,2.1733983,0
1.0,0.93623984,2.1223874,0
1.0,0.9302645,2.0738082,0
1.0,0.942219,2.1045308,0
1.0,0.94172275,2.0978737,0
1.0,0.9450845,2.1175947,0
1.0,0.94361806,2.1411595,0
1.0,0.94986355,2.0521693,0
1.0,0.952893,1.9911587,0
1.0,0.95353514,1.9972899,0
1.0,0.9523677,1.9752061,0
1.0,0.95337635,1.9683284,0
1.0,0.9519136,1.9559815,0
1.0,0.95520693,1.9077177,0
1.0,0.9490762,1.9049964,0
1.0,0.9536297,1.9453932,0
1.0,0.9525866,1.9429412,0
1.0,0.95457333,1.9192204,0
1.0,0.9468631,1.8864198,0
1.0,0.9528189,1.901056,0
1.0,0.9489046,1.892398,0
1.0,0.94325507,1.8829265,0
1.0,0.93836147,1.8682721,0
1.0,0.9393618,1.8182425,0
1.0,0.9416424,1.8102309,0
1.0,0.9353799,1.791712,0
1.0,0.9292059,1.7222354,0
1.0,0.92560244,1.671171,0
1.0,0.9346329,1.6783922,0
1.0,0.92615455,1.6160784,0
1.0,0.92410403,1.6047798,0
1.0,0.9119312,1.6085916,0
1.0,0.91879296,1.6119914,0
1.0,0.9130058,1.5453446,0
1.0,0.9207413,1.5639184,0
1.0,0.91887575,1.5456045,0
1.0,0.9308075,1.543713,0
1.0,0.92009133,1.5356736,0
1.0,0.9265563,1.5681558,0
1.0,0.9240215,1.5422008,0
1.0,0.93277836,1.585728,0
1.0,0.9217639,1.590836,0
1.0,0.9288539,1.5834858,0
1.0,0.9247156,1.5534638,0
1.0,0.9321454,1.5698715,0
1.0,0.93392617,1.5360621,0
1.0,0.93505466,1.5252095,0
1.0,0.9348494,1.5340198,0
1.0,0.93843764,1.4866762,0
1.0,0.9360851,1.4408453,0
1.0,0.9345643,1.446095,0
1.0,0.9313901,1.4670646,0
1.0,0.9290038,1.4326904,0
1.0,0.9296589,1.4382668,0
1.0,0.93420035,1.4236851,0
1.0,0.9377174,1.4160831,0
1.0,0.93439484,1.4535179,0
1.0,0.9337571,1.489856,0
1.0,0.9281016,1.4371885,0
1.0,0.9231436,1.4192337,0
1.0,0.9111545,1.4281518,0
1.0,0.90999573,1.4481804,0
1.0,0.90791714,1.4433497,0
1.0,0.90719664,1.4225054,0
1.0,0.90733415,1.3540518,0
1.0,0.9091313,1.3420076,0
1.0,0.9173158,1.3527756,0
1.0,0.9089416,1.2856886,0
1.0,0.91280675,1.2712412,0
1.0,0.90216905,1.2317545,0
1.0,0.9118978,1.2153075,0
1.0,0.90213025,1.1652918,0
1.0,0.9063392,1.1968951,0
1.0,0.91027653,1.200849,0
1.0,0.9210748,1.2192729,0
1.0,0.912209,1.2248713,0
1.0,0.91723156,1.2429631,0
1.0,0.9175274,1.2170197,0
1.0,0.9215757,1.198088,0
1.0,0.9079739,1.1773989,0
1.0,0.91160816,1.2209889,0
1.0,0.9141869,1.2529693,0
1.0,0.922774,1.3154612,0
1.0,0.9139668,1.2459259,0
1.0,0.91946256,1.2426792,0
1.0,0.921477,1.2332766,0
1.0,0.9250391,1.1974506,0
1.0,0.92001617,1.1774006,0
1.0,0.92757744,1.1574962,0
1.0,0.93328184,1.1206061,0
1.0,0.9295869,1.1046642,0
1.0,0.9283412,1.1314325,0
1.0,0.93406624,1.1289475,0
1.0,0.93769205,1.098488,0
1.0,0.92992395,1.0869648,0
1.0,0.9257948,1.1101388,0
1.0,0.9268757,1.1007309,0
1.0,0.92180914,1.1112993,0
1.0,0.91782194,1.1178417,0
1.0,0.9168049,1.1048949,0
1.0,0.9218684,1.1195796,0
1.0,0.9213317,1.1477747,0
1.0,0.9128412,1.1332392,0
1.0,0.9271892,1.1375223,0
1.0,0.9276583,1.1014707,0
1.0,0.930568,1.0787883,0
1.0,0.9167445,1.0363983,0
1.0,0.92645466,1.0469848,0
1.0,0.93094915,1.0224509,0
1.0,0.9373096,1.0128087,0
1.0,0.9222961,1.0037031,0
1.0,0.92419547,0.98400515,0
1.0,0.92195606,0.9411358,0
1.0,0.9249365,0.9431007,0
1.0,0.90268517,0.85326743,0
1.0,0.9061956,0.8623613,0
1.0,0.90317917,0.9034466,0
1.0,0.90582764,0.9173058,0
1.0,0.89853674,0.92393863,0
1.0,0.90252453,0.92944425,0
1.0,0.9166813,0.9556282,0
1.0,0.923663,0.99516386,0
1.0,0.9127048,0.98023874,0
1.0,0.923194,0.9823115,0
1.0,0.91869676,0.92190874,0
1.0,0.92139035,0.9270512,0
1.0,0.8857697,0.8649126,0
1.0,0.8733115,0.82960075,0
1.0,0.86623126,0.78963625,0
1.0,0.8754206,0.7585518,0
1.0,0.8190015,0.64262664,0
1.0,0.82034016,0.6425209,0
1.0,0.80424815,0.61893106,0
1.0,0.79928887,0.60080916,0
1.0,0.72226685,0.49256957,0
1.0,0.736709,0.5046131,0
1.0,0.7436693,0.5019066,0
1.0,0.7637088,0.54501307,0
1.0,0.69991434,0.47321936,0
1.0,0.7394047,0.51383567,0
1.0,0.76045376,0.5399287,0
1.0,0.7750272,0.56197083,0
1.0,0.6889343,0.47162676,0
1.0,0.72697926,0.5342926,0
1.0,0.7179188,0.5124788,0
1.0,0.7454987,0.5312042,0
1.0,0.6185467,0.39703774,0
1.0,0.6528114,0.42521745,0
1.0,0.6478534,0.38666025,0
1.0,0.7259589,0.4468748,0
1.0,0.5973616,0.3065201,0
1.0,0.6532871,0.35455602,0
1.0,0.6293208,0.35208064,0
1.0,0.6738295,0.38583103,0
1.0,0.5852226,0.29032323,0
1.0,0.6425929,0.3055436,0
1.0,0.6448916,0.31147054,0
1.0,0.7343811,0.3888178,0
1.0,0.64703315,0.3099537,0
1.0,0.6868591,0.3194322,0
1.0,0.6451466,0.27554688,0
1.0,0.69132423,0.3299393,0
1.0,0.5823984,0.24401161,0
1.0,0.6398659,0.29712123,0
1.0,0.5785558,0.24387419,0
1.0,0.6276828,0.26478574,0
1.0,0.5912603,0.22043535,0
1.0,0.6582125,0.26674464,0
1.0,0.63271284,0.24033578,0
1.0,0.6977398,0.26653934,0
1.0,0.64111614,0.2183441,0
1.0,0.7081481,0.26353133,0
1.0,0.64485884,0.21729836,0
1.0,0.6617013,0.23291978,0
1.0,0.68311346,0.24145517,0
1.0,0.7931953,0.3044664,0
1.0,0.73342544,0.25547463,0
1.0,0.77605784,0.2915488,0
1.0,0.74661547,0.28161526,0
1.0,0.77592576,0.30326352,0
1.0,0.6961391,0.2364963,0
1.0,0.7176872,0.25779983,0
1.0,0.6863447,0.23565283,0
1.0,0.74699736,0.2828651,0
1.0,0.63572294,0.18653661,0
1.0,0.693939,0.21090202,0
1.0,0.6700947,0.19134033,0
1.0,0.72588354,0.22403012,0
1.0,0.62924844,0.15764916,0
1.0,0.69319093,0.1950162,0
1.0,0.6381453,0.16005221,0
1.0,0.66014785,0.16656029,0
1.0,0.5615979,0.12330213,0
1.0,0.61975276,0.1591638,0
1.0,0.6540637,0.17991403,0
1.0,0.71641266,0.2160732,0
1.0,0.652308,0.17874737,0
1.0,0.7583557,0.26122865,0
1.0,0.72243,0.24894784,0
1.0,0.6823262,0.24209964,0
1.0,0.6344216,0.20819104,0
1.0,0.7228656,0.27580556,0
1.0,0.73020226,0.28261754,0
1.0,0.7283173,0.2865597,0
1.0,0.68425435,0.258462,0
1.0,0.78453505,0.3438722,0
1.0,0.7777564,0.31211993,0
1.0,0.7588453,0.28867745,0
1.0,0.7005589,0.23536661,0
1.0,0.77301407,0.3109898,0
1.0,0.7378535,0.2560447,0
1.0,0.7150007,0.22396474,0
1.0,0.6518381,0.18657519,0
1.0,0.74986786,0.2723574,0
1.0,0.74222094,0.26683164,0
1.0,0.7522442,0.28836817,0
1.0,0.70494705,0.2505489,0
1.0,0.77570575,0.32867593,0
1.0,0.7212359,0.30456495,0
1.0,0.7168812,0.31531054,0
1.0,0.67935944,0.28878263,0
1.0,0.73733115,0.3701378,0
1.0,0.7279781,0.36996397,0
1.0,0.7666602,0.41750756,0
1.0,0.76209277,0.4084322,0
1.0,0.8184504,0.46484333,0
1.0,0.80230427,0.4281894,0
1.0,0.8279758,0.4572843,0
1.0,0.822435,0.46821713,0
1.0,0.8437118,0.4975955,0
1.0,0.8349833,0.46421963,0
1.0,0.843335,0.47509468,0
1.0,0.83386546,0.4952492,0
1.0,0.86113924,0.5328136,0
1.0,0.8539256,0.5382624,0
1.0,0.8479242,0.56544125,0
1.0,0.84911805,0.6142659,0
1.0,0.87283504,0.7100784,0
1.0,0.8719114,0.725875,0
1.0,0.869991,0.7369552,0
1.0,0.8754223,0.7621639,0
1.0,0.8921199,0.8018261,0
1.0,0.893634,0.84993947,0
1.0,0.8903837,0.86335075,0
1.0,0.89039594,0.841421,0
1.0,0.90519494,0.8549624,0
1.0,0.9071855,0.8681121,0
1.0,0.8978452,0.87454486,0
1.0,0.8952524,0.8811789,0
1.0,0.895929,0.8666008,0
1.0,0.89790785,0.838624,0
1.0,0.88062227,0.80760354,0
1.0,0.8773729,0.8250636,0
1.0,0.8798325,0.8258929,0
1.0,0.89141136,0.8562313,0
1.0,0.8864492,0.88461965,0
1.0,0.9019168,0.95229614,0
1.0,0.90601116,1.0253061,0
1.0,0.9142885,1.0762773,0
1.0,0.9222266,1.1152589,0
1.0,0.92422366,1.1138077,0
1.0,0.91411316,1.1013455,0
1.0,0.9040214,1.1668371,0
1.0,0.91692424,1.2284559,0
1.0,0.91185564,1.1820033,0
1.0,0.9106083,1.1801224,0
1.0,0.90680283,1.1698108,0
1.0,0.9112674,1.1529319,0
1.0,0.9140335,1.1237509,0
1.0,0.9101212,1.0745211,0
1.0,0.903947,1.0561754,0
1.0,0.9227905,1.1122029,0
1.0,0.91492045,1.1438887,0
1.0,0.91174567,1.1918893,0
1.0,0.9068877,1.1565193,0
1.0,0.9335539,1.2060264,0
1.0,0.92580783,1.2157159,0
1.0,0.9261421,1.2361541,0
1.0,0.91319835,1.2514718,0
1.0,0.94008183,1.3010737,0
1.0,0.921245,1.2331295,0
1.0,0.9239117,1.2638543,0
1.0,0.90763444,1.2884177,0
1.0,0.9315076,1.364382,0
1.0,0.92079246,1.318354,0
1.0,0.9309565,1.3294712,0
1.0,0.9242298,1.2853465,0
1.0,0.93550926,1.2908942,0
1.0,0.92578936,1.2822096,0
1.0,0.9318052,1.2329681,0
1.0,0.9164967,1.1642302,0
1.0,0.9325917,1.1863763,0
1.0,0.9178891,1.1564212,0
1.0,0.916072,1.1656805,0
1.0,0.9023388,1.0990007,0
1.0,0.9155479,1.0952097,0
1.0,0.9043488,1.0811538,0
1.0,0.9053033,1.0951505,0
1.0,0.893431,1.0900819,0
1.0,0.90283775,1.1258929,0
1.0,0.8984966,1.1150458,0
1.0,0.89913416,1.1033045,0
1.0,0.893133,1.0811527,0
1.0,0.8907669,1.0896962,0
1.0,0.8941428,1.073108,0
1.0,0.89348876,0.99397,0
1.0,0.9012943,0.9983045,0
1.0,0.8981168,0.9913033,0
1.0,0.89437604,0.9583881,0
1.0,0.8902773,0.9539576,0
1.0,0.88439775,0.8939314,0
1.0,0.8779722,0.858459,0
1.0,0.88062274,0.88966906,0
1.0,0.863636,0.8418869,0
1.0,0.86434937,0.81636286,0
1.0,0.8520523,0.7927017,0
1.0,0.86877877,0.8245971,0
1.0,0.8681716,0.8270415,0
1.0,0.869284,0.8392439,0
1.0,0.8637181,0.873687,0
1.0,0.86680466,0.8768917,0
1.0,0.8681301,0.8740269,0
1.0,0.87493944,0.8911583,0
1.0,0.8714951,0.89412355,0
1.0,0.87698656,0.92667353,0
1.0,0.87364405,0.9087282,0
1.0,0.8819415,0.8974471,0
1.0,0.87588835,0.86623365,0
1.0,0.87870103,0.8623409,0
1.0,0.8701482,0.85070777,0
1.0,0.8647009,0.8310189,0
1.0,0.8576174,0.80036217,0
1.0,0.86337894,0.81546664,0
1.0,0.8599501,0.8320042,0
1.0,0.85760796,0.84180534,0
1.0,0.8522325,0.80744606,0
1.0,0.85759455,0.80818844,0
1.0,0.8643541,0.84584045,0
1.0,0.858502,0.847175,0
1.0,0.848141,0.86947393,0
1.0,0.84005064,0.8758372,0
1.0,0.8453267,0.86978894,0
1.0,0.84287864,0.8930423,0
1.0,0.8370838,0.8895171,0
1.0,0.8271611,0.86615074,0
1.0,0.844757,0.91930145,0
1.0,0.8250037,0.853158,0
1.0,0.82541716,0.8224327,0
1.0,0.8074933,0.7940502,0
1.0,0.8319377,0.8440184,0
1.0,0.80933964,0.80626005,0
1.0,0.8129774,0.77484286,0
1.0,0.8024205,0.7270677,0
1.0,0.8221172,0.7617582,0
1.0,0.80495983,0.75315845,0
1.0,0.81336427,0.77482235,0
1.0,0.79808456,0.73657584,0
1.0,0.8065956,0.7567158,0
1.0,0.7825162,0.7380856,0
1.0,0.79611313,0.7731845,0
1.0,0.7876879,0.7584163,0
1.0,0.80838066,0.7890444,0
1.0,0.80803746,0.7872606,0
1.0,0.82334656,0.82410336,0
1.0,0.8304395,0.8410642,0
1.0,0.8335763,0.8343743,0
1.0,0.8402871,0.8408748,0
1.0,0.8302227,0.8228052,0
1.0,0.8397083,0.8258909,0
1.0,0.8279606,0.8028889,0
1.0,0.83798236,0.8303289,0
1.0,0.8133575,0.7655992,0
1.0,0.82866865,0.80500877,0
1.0,0.8146605,0.8069308,0
1.0,0.81952035,0.8164247,0
1.0,0.8070276,0.8113541,0
1.0,0.81641364,0.83954763,0
1.0,0.8083186,0.8200379,0
1.0,0.80669326,0.8352387,0
1.0,0.7854586,0.83148366,0
1.0,0.797067,0.8584324,0
1.0,0.79702437,0.86184406,0
1.0,0.8036018,0.8907428,0
1.0,0.7827407,0.85170627,0
1.0,0.7885567,0.87343544,0
1.0,0.7719809,0.84489155,0
1.0,0.7683705,0.82445455,0
1.0,0.7399378,0.7726308,0
1.0,0.7295132,0.7385578,0
1.0,0.7190198,0.7173303,0
1.0,0.69552577,0.68015265,0
1.0,0.6932005,0.67493504,0
1.0,0.694442,0.713044,0
1.0,0.7103424,0.787004,0
1.0,0.69244826,0.77686083,0
1.0,0.7197264,0.82817674,0
1.0,0.7121907,0.8107083,0
1.0,0.7327416,0.8764806,0
1.0,0.72120523,0.88089025,0
1.0,0.7355604,0.9240976,0
1.0,0.72957337,0.9392914,0
1.0,0.74319464,0.97367734,0
1.0,0.7354523,0.9761677,0
1.0,0.7500027,1.0263896,0
1.0,0.74088997,1.0068729,0
1.0,0.7619236,1.0445507,0
1.0,0.75344527,1.0044339,0
1.0,0.77555895,1.0308225,0
1.0,0.7795936,1.0670319,0
1.0,0.8092116,1.157938,0
1.0,0.8110769,1.1568034,0
1.0,0.840002,1.2034123,0
1.0,0.843744,1.2192236,0
1.0,0.8605664,1.2748187,0
1.0,0.8588017,1.3407546,0
1.0,0.8705139,1.3975446,0
1.0,0.87393415,1.383855,0
1.0,0.8795981,1.4178869,0
1.0,0.88435394,1.4756563,0
1.0,0.8859471,1.4877472,0
1.0,0.9021115,1.5562935,0
1.0,0.9009184,1.5557582,0
1.0,0.9048588,1.541919,0
1.0,0.9032231,1.5724865,0
1.0,0.90929735,1.6114273,0
1.0,0.9072841,1.5770733,0
1.0,0.91137934,1.5585005,0
1.0,0.91619736,1.5627365,0
1.0,0.92378,1.6012614,0
1.0,0.9246189,1.5916884,0
1.0,0.9284273,1.5705914,0
1.0,0.93160504,1.5552783,0
1.0,0.932755,1.5392644,0
1.0,0.9268221,1.5361831,0
1.0,0.9259964,1.5206921,0
1.0,0.91727114,1.4626982,0
1.0,0.92104846,1.4733797,0
1.0,0.9130441,1.4690574,0
1.0,0.9141811,1.5490174,0
1.0,0.90786874,1.6288195,0
1.0,0.9115989,1.609848,0
1.0,0.9120145,1.5893142,0
1.0,0.91409403,1.5909177,0
1.0,0.91477484,1.5782518,0
1.0,0.9077374,1.606869,0
1.0,0.91284466,1.6223712,0
1.0,0.9127799,1.5492371,0
1.0,0.9212554,1.5640639,0
1.0,0.9181826,1.5849894,0
1.0,0.9197713,1.5835392,0
1.0,0.91324914,1.5481012,0
1.0,0.91371804,1.5712622,0
1.0,0.9103455,1.5719945,0
1.0,0.906501,1.5990515,0
1.0,0.89889115,1.641181,0
1.0,0.8932708,1.6245818,0
1.0,0.8938399,1.5993412,0
1.0,0.89190376,1.5983784,0
1.0,0.88538074,1.6349356,0
1.0,0.8890319,1.7246773,0
1.0,0.89205486,1.7264832,0
1.0,0.8992038,1.7235854,0
1.0,0.8966568,1.7519008,0
1.0,0.90450734,1.8211148,0
1.0,0.90248024,1.8519511,0
1.0,0.91316724,1.8821948,0
1.0,0.904821,1.8387423,0
1.0,0.91226614,1.8549069,0
1.0,0.90558857,1.8289108,0
1.0,0.9007286,1.8445036,0
1.0,0.8995236,1.8246763,0
1.0,0.8924699,1.7473917,0
1.0,0.9018808,1.7897636,0
1.0,0.8982734,1.7914677,0
1.0,0.9026991,1.8725497,0
1.0,0.89851993,1.9252554,0
1.0,0.90395963,1.8898616,0
1.0,0.90610355,1.8890584,0
1.0,0.90733737,1.9237134,0
1.0,0.9074305,1.9637057,0
1.0,0.9207968,2.0328436,0
1.0,0.923855,2.0578732,0
1.0,0.92808783,2.1097999,0
1.0,0.92375284,2.123092,0
1.0,0.9276026,2.1717806,0
1.0,0.9282481,2.167346,0
1.0,0.92784625,2.09864,0
1.0,0.92637885,2.0615487,0
1.0,0.9324959,2.0975118,0
1.0,0.9277487,2.1335473,0
1.0,0.9394891,2.159435,0
1.0,0.9368577,2.0796864,0
1.0,0.9490021,2.0996516,0
1.0,0.94496775,2.0959482,0
1.0,0.943794,2.1216762,0
1.0,0.93927693,2.1406322,0
1.0,0.9441451,2.1250968,0
1.0,0.94210243,2.1306243,0
1.0,0.94290966,2.187105,0
1.0,0.9411328,2.2112365,0
1.0,0.94620866,2.2516668,0
1.0,0.9430924,2.2243376,0
1.0,0.9456448,2.2474117,0
1.0,0.9430122,2.2935228,0
1.0,0.94154835,2.2964869,0
1.0,0.93765324,2.2652264,0
1.0,0.9390351,2.2199247,0
1.0,0.93937695,2.192534,0
1.0,0.9396111,2.1843424,0
1.0,0.9391743,2.181226,0
1.0,0.93995535,2.1503575,0
1.0,0.9366217,2.0554843,0
1.0,0.93509114,2.0435057,0
1.0,0.9295318,2.070737,0
1.0,0.9200632,2.0339618,0
1.0,0.9205863,2.0286465,0
1.0,0.9212557,2.0032337,0
1.0,0.91955155,1.9882874,0
1.0,0.9183093,2.017005,0
1.0,0.91563606,2.0586133,0
1.0,0.9177206,2.0574856,0
1.0,0.9109104,1.973424,0
1.0,0.90594256,1.9337249,0
1.0,0.9048092,1.9364185,0
1.0,0.90664774,1.9274884,0
1.0,0.90183806,1.9146514,0
1.0,0.89680827,1.8645598,0
1.0,0.8953527,1.7950165,0
1.0,0.89908856,1.822777,0
1.0,0.8898471,1.791002,0
1.0,0.87678546,1.7125959,0
1.0,0.8705479,1.6863284,0
1.0,0.8754919,1.6816716,0
1.0,0.8557731,1.6322396,0
1.0,0.85174894,1.6057177,0
1.0,0.8467107,1.5439453,0
1.0,0.86105317,1.547805,0
1.0,0.8501426,1.5198373,0
1.0,0.84991676,1.5304492,0
1.0,0.835293,1.5091265,0
1.0,0.8449444,1.568836,0
1.0,0.83491933,1.5395964,0
1.0,0.82949597,1.5179956,0
1.0,0.81982553,1.5113567,0
1.0,0.8208431,1.4894825,0
1.0,0.8084199,1.416239,0
1.0,0.8161214,1.3905818,0
1.0,0.80306035,1.3167068,0
1.0,0.81275725,1.3150653,0
1.0,0.7985967,1.2668989,0
1.0,0.8003137,1.2601521,0
1.0,0.7866315,1.1898384,0
1.0,0.7949072,1.1964982,0
1.0,0.7858242,1.1988387,0
1.0,0.7920412,1.2226834,0
1.0,0.778599,1.2042193,0
1.0,0.789774,1.2246318,0
1.0,0.78759456,1.2127962,0
1.0,0.7935099,1.2537702,0
1.0,0.7911423,1.2789816,0
1.0,0.8143067,1.3237615,0
1.0,0.8184986,1.3133991,0
1.0,0.83060944,1.3242793,0
1.0,0.8270022,1.3058856,0
1.0,0.82941633,1.3041183,0
1.0,0.8239483,1.2735574,0
1.0,0.8309064,1.2647252,0
1.0,0.8203316,1.201986,0
1.0,0.83119875,1.2154179,0
1.0,0.82994723,1.2319739,0
1.0,0.82849485,1.2016916,0
1.0,0.83861905,1.1802677,0
1.0,0.84816957,1.1737463,0
1.0,0.8526107,1.1916677,0
1.0,0.8555329,1.2070436,0
1.0,0.8564762,1.2210305,0
1.0,0.85990876,1.2294459,0
1.0,0.8590918,1.2035999,0
1.0,0.86000776,1.252641,0
1.0,0.8619799,1.3038661,0
1.0,0.86732715,1.3080956,0
1.0,0.8729609,1.3107955,0
1.0,0.8830191,1.3088093,0
1.0,0.88494277,1.2953054,0
1.0,0.88440305,1.3105851,0
1.0,0.8895254,1.3459022,0
1.0,0.8894607,1.3046904,0
1.0,0.890822,1.2511404,0
1.0,0.88680756,1.2453266,0
1.0,0.8843482,1.2735909,0
1.0,0.8825981,1.2518384,0
1.0,0.9034882,1.286406,0
1.0,0.90273976,1.2813487,0
1.0,0.9179729,1.3036392,0
1.0,0.9132866,1.3424717,0
1.0,0.919523,1.4040005,0
1.0,0.9162382,1.4025664,0
1.0,0.92556435,1.4442611,0
1.0,0.90942746,1.4108189,0
1.0,0.9192939,1.4898958,0
1.0,0.920203,1.5735601,0
1.0,0.9271494,1.5974224,0
1.0,0.9227286,1.592906,0
1.0,0.9302492,1.6378723,0
1.0,0.9290992,1.6832659,0
1.0,0.9335512,1.6859007,0
1.0,0.9248198,1.6628156,0
1.0,0.9295778,1.6644912,0
1.0,0.9263568,1.6460134,0
1.0,0.9197429,1.692062,0
1.0,0.91311145,1.6894898,0
1.0,0.9185741,1.712401,0
1.0,0.92497814,1.7552742,0
1.0,0.93425936,1.7961075,0
1.0,0.9270639,1.8548887,0
1.0,0.92739546,1.959132,0
1.0,0.929656,2.0521762,0
1.0,0.936357,2.0856986,0
1.0,0.93235224,2.1162896,0
1.0,0.93326247,2.2428055,0
1.0,0.9380645,2.3352346,0
1.0,0.93678355,2.3425486,0
1.0,0.94742084,2.4102762,0
1.0,0.94600993,2.4406862,0
1.0,0.95056987,2.517202,0
1.0,0.9526487,2.5698678,0
1.0,0.95496356,2.5671582,0
1.0,0.9529898,2.5896192,0
1.0,0.9564174,2.6518598,0
1.0,0.958005,2.695152,0
1.0,0.9592776,2.7659273,0
1.0,0.9576833,2.7794316,0
1.0,0.9617784,2.7851443,0
1.0,0.96345544,2.843514,0
1.0,0.96279085,2.9174364,0
1.0,0.96279085,2.9834604,0
1.0,0.96541446,3.0789056,0
1.0,0.96689725,3.1801925,0
1.0,0.9686882,3.2267218,0
1.0,0.9675087,3.2930777,0
1.0,0.968908,3.382393,0
1.0,0.96565187,3.4425097,0
1.0,0.9698981,3.5149007,0
1.0,0.96712095,3.484449,0
1.0,0.969651,3.5256882,0
1.0,0.96759015,3.5876145,0
1.0,0.96658427,3.6042979,0
1.0,0.96563774,3.6038637,0
1.0,0.9678639,3.5799153,0
1.0,0.96767473,3.613695,0
1.0,0.9693765,3.6871772,0
1.0,0.9688825,3.6877685,0
1.0,0.96926045,3.7227101,0
1.0,0.9678128,3.7847724,0
1.0,0.96866107,3.8460817,0
1.0,0.9690467,3.9114676,0
1.0,0.9697122,3.9601178,0
1.0,0.96991783,4.047292,0
1.0,0.97125906,4.1658907,0
1.0,0.9710425,4.1925983,0
1.0,0.97100115,4.2287083,0
1.0,0.9697878,4.2838383,0
1.0,0.97197527,4.315017,0
1.0,0.9709925,4.36599,0
1.0,0.97146386,4.383696,0
1.0,0.9702405,4.3397655,0
1.0,0.9697981,4.3098974,0
1.0,0.9690601,4.2900295,0
1.0,0.96851873,4.248159,0
1.0,0.96945244,4.229933,0
1.0,0.9696548,4.237333,0
1.0,0.9697468,4.233192,0
1.0,0.96752334,4.2580833,0
1.0,0.96667063,4.2847157,0
1.0,0.9684396,4.3280783,0
1.0,0.96925944,4.350663,0
1.0,0.97105074,4.327716,0
1.0,0.97085345,4.3827915,0
1.0,0.9714896,4.4650755,0
1.0,0.9722076,4.476116,0
1.0,0.97371393,4.468413,0
1.0,0.9744338,4.4259386,0
1.0,0.97406244,4.44909,0
1.0,0.9742811,4.4883537,0
1.0,0.9730665,4.460658,0
1.0,0.974553,4.4263563,0
1.0,0.973542,4.3448715,0
1.0,0.97379375,4.282064,0
1.0,0.9721559,4.2534165,0
1.0,0.9733164,4.2220473,0
1.0,0.97292715,4.1267734,0
1.0,0.9743825,4.0610046,0
1.0,0.97304803,4.014393,0
1.0,0.9723165,3.9938352,0
1.0,0.9719111,3.9877803,0
1.0,0.97347397,3.9150372,0
1.0,0.97481275,3.8661125,0
1.0,0.97424114,3.8642406,0
1.0,0.9737753,3.9184446,0
1.0,0.9760317,4.0444584,0
1.0,0.9776325,4.0202336,0
1.0,0.9785567,3.9508708,0
1.0,0.9783805,3.9273057,0
1.0,0.9785091,3.9203887,0
1.0,0.9770632,3.873829,0
1.0,0.97785896,3.775985,0
1.0,0.97743064,3.6361098,0
1.0,0.97731197,3.5855272,0
1.0,0.9761318,3.6493134,0
1.0,0.97553986,3.6261184,0
1.0,0.9740632,3.480224,0
1.0,0.97528744,3.4105887,0
1.0,0.97503346,3.3970194,0
1.0,0.97483927,3.4392786,0
1.0,0.9745378,3.4836164,0
1.0,0.9761287,3.430916,0
1.0,0.9775483,3.35013,0
1.0,0.9775185,3.313468,0
1.0,0.97684026,3.3754969,0
1.0,0.9769468,3.4325457,0
1.0,0.9791628,3.3823617,0
1.0,0.97975653,3.2959733,0
1.0,0.98001844,3.2705765,0
1.0,0.97943497,3.291104,0
1.0,0.9785437,3.304899,0
1.0,0.97967803,3.2446694,0
1.0,0.9784614,3.1572084,0
1.0,0.9793712,3.1410327,0
1.0,0.97740823,3.1515102,0
1.0,0.976273,3.1933706,0
1.0,0.9736441,3.1400905,0
1.0,0.97544247,2.999011,0
1.0,0.97590464,2.9564407,0
1.0,0.9745675,2.9709754,0
1.0,0.9742522,2.998162,0
1.0,0.9735725,3.0396385,0
1.0,0.97543925,3.013526,0
1.0,0.9744479,2.945767,0
1.0,0.97330916,3.001697,0
1.0,0.9719203,3.1083236,0
1.0,0.9742251,3.1093655,0
1.0,0.9761145,3.0605688,0
1.0,0.97702676,3.0690207,0
1.0,0.9758542,3.1171904,0
1.0,0.9747467,3.176752,0
1.0,0.9742387,3.152474,0
1.0,0.97416425,3.032577,0
1.0,0.9743999,2.9812374,0
1.0,0.97384,2.9985182,0
1.0,0.97225666,3.0429015,0
1.0,0.9708063,3.0098648,0
1.0,0.9711186,2.9063725,0
1.0,0.97289115,2.907405,0
1.0,0.9721629,2.9665291,0
1.0,0.97160274,3.0429597,0
1.0,0.9698777,3.1294012,0
1.0,0.9715369,3.1443577,0
1.0,0.97338146,3.1551733,0
1.0,0.973513,3.2054908,0
1.0,0.97262853,3.285253,0
1.0,0.97283745,3.3477647,0
1.0,0.9758162,3.3337386,0
1.0,0.9759135,3.3379662,0
1.0,0.9751462,3.3760717,0
1.0,0.97460294,3.4227762,0
1.0,0.97340876,3.465065,0
1.0,0.9727796,3.448326,0
1.0,0.97248363,3.362565,0
1.0,0.9718375,3.3584776,0
1.0,0.9714361,3.4606752,0
1.0,0.97042525,3.4713836,0
1.0,0.97196126,3.411598,0
1.0,0.9726571,3.3931508,0
1.0,0.97306764,3.4235296,0
1.0,0.97204417,3.4912899,0
1.0,0.9704325,3.4806652,0
1.0,0.9711359,3.4256678,0
1.0,0.9714967,3.4324615,0
1.0,0.97097474,3.4535108,0
1.0,0.9691041,3.5084171,0
1.0,0.96934265,3.5655348,0
1.0,0.96899384,3.5502996,0
1.0,0.96871096,3.5426874,0
1.0,0.96684265,3.5720997,0
1.0,0.9670621,3.6175113,0
1.0,0.964175,3.600665,0
1.0,0.96346396,3.5215218,0
1.0,0.96232134,3.4187942,0
1.0,0.9627925,3.4152756,0
1.0,0.96153307,3.4387221,0
1.0,0.96384853,3.433607,0
1.0,0.9640603,3.3845901,0
1.0,0.9654978,3.314183,0
1.0,0.96400607,3.3232586,0
1.0,0.96334887,3.3758218,0
1.0,0.9632302,3.3429952,0
1.0,0.96347415,3.3050392,0
1.0,0.96258307,3.2869372,0
1.0,0.96152294,3.3271856,0
1.0,0.96186906,3.3971248,0
1.0,0.9634292,3.42771,0
1.0,0.96278524,3.3896465,0
1.0,0.96246386,3.3458877,0
1.0,0.96276546,3.3525662,0
1.0,0.9623155,3.348347,0
1.0,0.96129686,3.3015838,0
1.0,0.9600161,3.24756,0
1.0,0.96064055,3.2226577,0
1.0,0.9597322,3.1809282,0
1.0,0.9584162,3.158361,0
1.0,0.9576702,3.1503499,0
1.0,0.957663,3.0877204,0
1.0,0.9576123,3.0788875,0
1.0,0.9546226,3.0831194,0
1.0,0.95172393,3.0601895,0
1.0,0.9538694,3.0742288,0
1.0,0.95449346,3.0228863,0
1.0,0.95237124,2.9929094,0
1.0,0.95096546,3.026197,0
1.0,0.95010227,3.0458503,0
1.0,0.9537028,3.0358953,0
1.0,0.9496198,2.9568975,0
1.0,0.94944215,2.9350915,0
1.0,0.9470796,2.9316144,0
1.0,0.94549024,2.9192133,0
1.0,0.94098747,2.8863506,0
1.0,0.93932194,2.8154297,0
1.0,0.93739486,2.7539086,0
1.0,0.9384431,2.7216372,0
1.0,0.93284255,2.6768358,0
1.0,0.9313597,2.6121666,0
1.0,0.9364768,2.559754,0
1.0,0.9388144,2.515728,0
1.0,0.93568176,2.465601,0
1.0,0.93422633,2.4717214,0
1.0,0.934558,2.4534397,0
1.0,0.93231016,2.3990746,0
1.0,0.9295519,2.3617673,0
1.0,0.92876506,2.3250294,0
1.0,0.92575425,2.3373,0
1.0,0.92838526,2.355112,0
1.0,0.926143,2.2835402,0
1.0,0.92786014,2.2359405,0
1.0,0.927402,2.2082841,0
1.0,0.9196811,2.147566,0
1.0,0.9209822,2.095562,0
1.0,0.9180149,2.0155761,0
1.0,0.9221144,1.9613057,0
1.0,0.9166575,1.9122299,0
1.0,0.9143817,1.8872261,0
1.0,0.9109572,1.8354276,0
1.0,0.9135266,1.7901994,0
1.0,0.91000557,1.7503484,0
1.0,0.9095525,1.7346034,0
1.0,0.90415686,1.717242,0
1.0,0.8926882,1.6707041,0
1.0,0.8795115,1.6359477,0
1.0,0.8807966,1.6211581,0
1.0,0.87350386,1.5560796,0
1.0,0.86726546,1.559936,0
1.0,0.86789495,1.5992999,0
1.0,0.8707045,1.5819376,0
1.0,0.86910135,1.5465753,0
1.0,0.86587363,1.5095832,0
1.0,0.85601115,1.4877181,0
1.0,0.8581972,1.4928004,0
1.0,0.84994125,1.4083328,0
1.0,0.8477277,1.3746731,0
1.0,0.8427996,1.3486032,0
1.0,0.8370671,1.3279142,0
1.0,0.8271399,1.3346653,0
1.0,0.81057185,1.2479398,0
1.0,0.8134071,1.209965,0
1.0,0.8172872,1.2250073,0
1.0,0.81120646,1.2386528,0
1.0,0.8050555,1.2889984,0
1.0,0.81403804,1.3221343,0
1.0,0.8286333,1.335321,0
1.0,0.83499056,1.376882,0
1.0,0.836999,1.4230847,0
1.0,0.8436545,1.4553223,0
1.0,0.85496324,1.4753377,0
1.0,0.85793394,1.4735618,0
1.0,0.8552327,1.4665818,0
1.0,0.8542115,1.4707801,0
1.0,0.8580478,1.4940358,0
1.0,0.85490316,1.4773366,0
1.0,0.850585,1.4506088,0
1.0,0.8502755,1.4293218,0
1.0,0.84733146,1.4147229,0
1.0,0.84061104,1.4215307,0
1.0,0.83194476,1.399982,0
1.0,0.8331446,1.3889942,0
1.0,0.8349965,1.4052513,0
1.0,0.8277998,1.4329944,0
1.0,0.830703,1.4888546,0
1.0,0.8307402,1.4971776,0
1.0,0.83394945,1.521014,0
1.0,0.8304665,1.5524257,0
1.0,0.82905966,1.5877118,0
1.0,0.82933015,1.6577728,0
1.0,0.82648623,1.6881304,0
1.0,0.8249646,1.6594162,0
1.0,0.82230073,1.66134,0
1.0,0.82648045,1.7052522,0
1.0,0.82052445,1.699964,0
1.0,0.8263703,1.7122918,0
1.0,0.8248308,1.6663089,0
1.0,0.8290655,1.6579739,0
1.0,0.82654953,1.6988053,0
1.0,0.8328196,1.7275555,0
1.0,0.8275934,1.703187,0
1.0,0.83387715,1.742503,0
1.0,0.8348207,1.777357,0
1.0,0.8414411,1.8448424,0
1.0,0.8409556,1.8602782,0
1.0,0.845761,1.8710209,0
1.0,0.84785116,1.8934673,0
1.0,0.8541173,1.9258604,0
1.0,0.85261416,1.9718505,0
1.0,0.8654816,2.041963,0
1.0,0.86255306,2.0381746,0
1.0,0.8732538,2.1169586,0
1.0,0.8684458,2.1161652,0
1.0,0.8720321,2.1204054,0
1.0,0.8690647,2.1377845,0
1.0,0.87664515,2.1367464,0
1.0,0.8686862,2.0791554,0
1.0,0.8710082,2.0798216,0
1.0,0.86418504,2.0385923,0
1.0,0.8652296,2.018243,0
1.0,0.85906553,1.96929,0
1.0,0.8604631,1.9337275,0
1.0,0.8578917,1.9382398,0
1.0,0.86313397,1.9750156,0
1.0,0.86232483,1.9788365,0
1.0,0.8631684,1.9969547,0
1.0,0.8589075,2.0008821,0
1.0,0.863559,2.0226226,0
1.0,0.8601899,2.0189662,0
1.0,0.8600375,2.0204375,0
1.0,0.8515636,1.9948169,0
1.0,0.8559548,2.0070028,0
1.0,0.8511431,1.9946253,0
1.0,0.8455896,1.9784367,0
1.0,0.84135646,1.953351,0
1.0,0.8415786,1.9210575,0
1.0,0.8386015,1.8767005,0
1.0,0.83357966,1.8492762,0
1.0,0.8301601,1.8371105,0
1.0,0.8290059,1.8003435,0
1.0,0.8310238,1.7892585,0
1.0,0.82840925,1.8032804,0
1.0,0.8282697,1.7942209,0
1.0,0.83661246,1.7866983,0
1.0,0.8403883,1.7919297,0
1.0,0.83510834,1.7962737,0
1.0,0.8375663,1.8176296,0
1.0,0.845656,1.8713907,0
1.0,0.8564187,1.9473021,0
1.0,0.85490054,1.9517305,0
1.0,0.85616213,1.9644043,0
1.0,0.8625529,2.0046499,0
1.0,0.8627994,2.0151296,0
1.0,0.8687442,2.042795,0
1.0,0.86979955,2.0332556,0
1.0,0.87312436,2.0278397,0
1.0,0.87565935,2.0061638,0
1.0,0.8773333,1.965174,0
1.0,0.8730396,1.9513035,0
1.0,0.88200235,1.9698305,0
1.0,0.88936526,1.996644,0
1.0,0.8930443,2.0197926,0
1.0,0.89198595,1.985091,0
1.0,0.89479303,1.9895453,0
1.0,0.89717424,2.0068145,0
1.0,0.8866108,1.9845626,0
1.0,0.8920018,2.0170484,0
1.0,0.88535094,2.0128384,0
1.0,0.8911213,2.0633373,0
1.0,0.8828348,2.0551844,0
1.0,0.88415265,2.046061,0
1.0,0.876983,2.0482635,0
1.0,0.8775705,2.041783,0
1.0,0.86818695,1.9658672,0
1.0,0.86628056,1.9506445,0
1.0,0.85631156,1.9011595,0
1.0,0.86132395,1.8891515,0
1.0,0.840647,1.7980974,0
1.0,0.8411111,1.7468672,0
1.0,0.83045626,1.6830232,0
1.0,0.8415229,1.6606014,0
1.0,0.81879467,1.58393,0
1.0,0.8305382,1.6185182,0
1.0,0.81274384,1.555943,0
1.0,0.8155525,1.5736899,0
1.0,0.78929406,1.519834,0
1.0,0.79664165,1.5367074,0
1.0,0.7915623,1.5312413,0
1.0,0.79941195,1.5552583,0
1.0,0.7931695,1.5485048,0
1.0,0.79702055,1.561763,0
1.0,0.80086565,1.5904505,0
1.0,0.8154918,1.6151308,0
1.0,0.808909,1.5699728,0
1.0,0.81730056,1.5931048,0
1.0,0.81499213,1.5646633,0
1.0,0.8195826,1.5336868,0
1.0,0.8171117,1.4892031,0
1.0,0.8243994,1.4678128,0
1.0,0.8197979,1.4382267,0
1.0,0.8290284,1.4556968,0
1.0,0.81995237,1.4141928,0
1.0,0.83037907,1.456452,0
1.0,0.8234099,1.4660046,0
1.0,0.8297034,1.4559138,0
1.0,0.8247051,1.4565856,0
1.0,0.8326909,1.4885033,0
1.0,0.8303592,1.4677286,0
1.0,0.8390746,1.4985132,0
1.0,0.8322871,1.5054338,0
1.0,0.842755,1.5524987,0
1.0,0.834248,1.5359554,0
1.0,0.84158754,1.561632,0
1.0,0.83136255,1.539887,0
1.0,0.835851,1.5230955,0
1.0,0.8224647,1.4687157,0
1.0,0.81582165,1.4303018,0
1.0,0.80750895,1.3714488,0
1.0,0.80210584,1.3223171,0
1.0,0.7955045,1.2873968,0
1.0,0.7956685,1.2783935,0
1.0,0.7800121,1.2478601,0
1.0,0.77817786,1.2377666,0
1.0,0.772523,1.1855534,0
1.0,0.77014494,1.1787905,0
1.0,0.76939154,1.207598,0
1.0,0.7630229,1.1972528,0
1.0,0.7703199,1.217103,0
1.0,0.76530546,1.2247322,0
1.0,0.76543564,1.2337267,0
1.0,0.7580331,1.2301881,0
1.0,0.7629513,1.2253675,0
1.0,0.7507815,1.1830258,0
1.0,0.74963266,1.204324,0
1.0,0.73751485,1.1451743,0
1.0,0.7387659,1.1079118,0
1.0,0.725299,1.0795618,0
1.0,0.72576874,1.0740151,0
1.0,0.71765196,1.0430176,0
1.0,0.724238,1.04496,0
1.0,0.7153615,1.0381649,0
1.0,0.71470135,1.0267673,0
1.0,0.71328074,0.99438524,0
1.0,0.7227525,1.0217121,0
1.0,0.72021216,1.038743,0
1.0,0.7268391,1.0523543,0
1.0,0.7304377,1.0682691,0
1.0,0.74059546,1.1224966,0
1.0,0.73793685,1.1220155,0
1.0,0.74394137,1.1424526,0
1.0,0.74872905,1.1707444,0
1.0,0.7477385,1.1675303,0
1.0,0.74635184,1.1650071,0
1.0,0.74525726,1.1466824,0
1.0,0.7486204,1.1390792,0
1.0,0.7481286,1.1506258,0
1.0,0.7545307,1.1707048,0
1.0,0.7561007,1.1392817,0
1.0,0.76791245,1.1404756,0
1.0,0.7661558,1.1432145,0
1.0,0.773057,1.1573884,0
1.0,0.77376693,1.182564,0
1.0,0.786505,1.2042811,0
1.0,0.77907294,1.1996555,0
1.0,0.7881003,1.2624116,0
1.0,0.78403425,1.2474172,0
1.0,0.7930681,1.2980281,0
1.0,0.78807676,1.3066102,0
1.0,0.79299057,1.3237892,0
1.0,0.79226905,1.3442144,0
1.0,0.7943568,1.373526,0
1.0,0.79666203,1.4029776,0
1.0,0.798896,1.3966317,0
1.0,0.79607815,1.4001532,0
1.0,0.79543066,1.4271955,0
1.0,0.80333793,1.4235985,0
1.0,0.8096297,1.4113278,0
1.0,0.8065918,1.4026943,0
1.0,0.81010383,1.3835492,0
1.0,0.8085678,1.3558953,0
1.0,0.81182516,1.3971238,0
1.0,0.8109941,1.3784441,0
1.0,0.81425136,1.3774487,0
1.0,0.82342625,1.4070352,0
1.0,0.8206163,1.4034028,0
1.0,0.8207647,1.452225,0
1.0,0.81444764,1.4713157,0
1.0,0.8292775,1.5144293,0
1.0,0.81933177,1.4873917,0
1.0,0.824308,1.5126126,0
1.0,0.81785923,1.5148902,0
1.0,0.83410954,1.5658633,0
1.0,0.825292,1.5509378,0
1.0,0.83188784,1.5354091,0
1.0,0.8208104,1.5025958,0
1.0,0.83020264,1.5161414,0
1.0,0.8171546,1.442389,0
1.0,0.81863564,1.421165,0
1.0,0.80869097,1.3800559,0
1.0,0.81718814,1.3884449,0
1.0,0.7980157,1.3300606,0
1.0,0.80471873,1.3465884,0
1.0,0.7893651,1.278178,0
1.0,0.8064661,1.2950513,0
1.0,0.78934705,1.2809231,0
1.0,0.80175424,1.3024654,0
1.0,0.77775556,1.2533493,0
1.0,0.8041912,1.3414671,0
1.0,0.7835221,1.2990854,0
1.0,0.8032434,1.338898,0
1.0,0.7749003,1.3009562,0
1.0,0.7983144,1.3868719,0
1.0,0.7886534,1.3376968,0
1.0,0.803163,1.363781,0
1.0,0.79124683,1.3268178,0
1.0,0.8060358,1.3472395,0
1.0,0.7942052,1.3190296,0
1.0,0.8031461,1.3111726,0
1.0,0.7972138,1.2639961,0
1.0,0.81022626,1.2845619,0
1.0,0.8022474,1.267024,0
1.0,0.81193227,1.2753592,0
1.0,0.7981649,1.24025,0
1.0,0.81060034,1.2692955,0
1.0,0.8054872,1.2586013,0
1.0,0.82045776,1.3119521,0
1.0,0.8085757,1.3180137,0
1.0,0.82234716,1.372293,0
1.0,0.8140865,1.3627834,0
1.0,0.82262343,1.4091654,0
1.0,0.81027627,1.3829658,0
1.0,0.8086256,1.3729279,0
1.0,0.808864,1.386842,0
1.0,0.8036575,1.3512135,0
1.0,0.796247,1.3269153,0
1.0,0.79402125,1.3225566,0
1.0,0.7876948,1.2985408,0
1.0,0.7873796,1.3087411,0
1.0,0.77949655,1.2728624,0
1.0,0.7828357,1.2516389,0
1.0,0.7845315,1.2656019,0
1.0,0.7845499,1.2860137,0
1.0,0.7735623,1.2804686,0
1.0,0.7792203,1.3002276,0
1.0,0.78155476,1.2872951,0
1.0,0.78790003,1.3123417,0
1.0,0.785847,1.3435643,0
1.0,0.79792446,1.3836591,0
1.0,0.80135536,1.4186213,0
1.0,0.80992573,1.4724313,0
1.0,0.8023885,1.4437771,0
1.0,0.81983644,1.4713721,0
1.0,0.8136585,1.4718189,0
1.0,0.82164615,1.495454,0
1.0,0.81571805,1.4757042,0
1.0,0.8332004,1.5218514,0
1.0,0.8247354,1.5048056,0
1.0,0.83838964,1.513643,0
1.0,0.8308947,1.4648495,0
1.0,0.84220564,1.4887831,0
1.0,0.8328739,1.4487623,0
1.0,0.8420268,1.4794229,0
1.0,0.8349523,1.4981036,0
1.0,0.83770084,1.5018606,0
1.0,0.83063996,1.5057087,0
1.0,0.8390561,1.5549474,0
1.0,0.82984275,1.5623591,0
1.0,0.84113127,1.63695,0
1.0,0.8371965,1.6272969,0
1.0,0.84480774,1.6523695,0
1.0,0.8351229,1.6545337,0
1.0,0.841445,1.6744804,0
1.0,0.8375519,1.6673213,0
1.0,0.83100253,1.6322002,0
1.0,0.8282989,1.6099058,0
1.0,0.82505906,1.5733657,0
1.0,0.82626987,1.5576613,0
1.0,0.82051224,1.5707798,0
1.0,0.8156673,1.5266896,0
1.0,0.8075261,1.4735541,0
1.0,0.81714106,1.4880788,0
1.0,0.813671,1.4663758,0
1.0,0.8143411,1.4873484,0
1.0,0.82692504,1.522761,0
1.0,0.83514696,1.5325295,0
1.0,0.8328647,1.5437062,0
1.0,0.8212964,1.5494177,0
1.0,0.8338894,1.596106,0
1.0,0.83098084,1.5866878,0
1.0,0.8282004,1.6202418,0
1.0,0.8196914,1.6290535,0
1.0,0.8233682,1.6465939,0
1.0,0.823818,1.6534897,0
1.0,0.8206087,1.6275015,0
1.0,0.81676966,1.5947137,0
1.0,0.823761,1.610711,0
1.0,0.8223608,1.612786,0
1.0,0.82311475,1.5832095,0
1.0,0.8191828,1.5439203,0
1.0,0.8319168,1.5616064,0
1.0,0.82886815,1.5435802,0
1.0,0.8250887,1.5305246,0
1.0,0.83770204,1.5636557,0
1.0,0.8363478,1.5583742,0
1.0,0.8411743,1.5616074,0
1.0,0.8237741,1.5423745,0
1.0,0.83719045,1.6287587,0
1.0,0.8297882,1.6673489,0
1.0,0.8375185,1.7067211,0
1.0,0.8323515,1.6874444,0
1.0,0.8466816,1.7803073,0
1.0,0.84380007,1.8163338,0
1.0,0.85892606,1.880276,0
1.0,0.85974395,1.8794649,0
1.0,0.86835843,1.8919677,0
1.0,0.86682975,1.8955674,0
1.0,0.8678411,1.878295,0
1.0,0.86234653,1.8536656,0
1.0,0.8697914,1.8662293,0
1.0,0.8687874,1.8323387,0
1.0,0.8681996,1.8241248,0
1.0,0.864236,1.8139071,0
1.0,0.86903876,1.8334492,0
1.0,0.8653329,1.820586,0
1.0,0.8704733,1.8448277,0
1.0,0.8685781,1.857971,0
1.0,0.86512816,1.8690062,0
1.0,0.87235385,1.9085135,0
1.0,0.87300456,1.8989763,0
1.0,0.8765188,1.921082,0
1.0,0.8699513,1.9306873,0
1.0,0.8717299,1.9734623,0
1.0,0.8662277,1.9704859,0
1.0,0.8634074,1.9292952,0
1.0,0.8566414,1.8898528,0
1.0,0.857704,1.8904414,0
1.0,0.83957976,1.8316562,0
1.0,0.8419206,1.8400118,0
1.0,0.83433545,1.7665639,0
1.0,0.8399494,1.7008708,0
1.0,0.829026,1.6881583,0
1.0,0.83630574,1.7045643,0
1.0,0.8250809,1.6292415,0
1.0,0.8383908,1.6930554,0
1.0,0.82928765,1.663804,0
1.0,0.8379857,1.6955302,0
1.0,0.82863444,1.7199852,0
1.0,0.84444624,1.7776632,0
1.0,0.8313937,1.7823653,0
1.0,0.8445121,1.8289824,0
1.0,0.8309302,1.7850688,0
1.0,0.84642553,1.8571203,0
1.0,0.8296137,1.8258212,0
1.0,0.8464793,1.861476,0
1.0,0.8353845,1.7942531,0
1.0,0.84895426,1.8037853,0
1.0,0.8350941,1.80614,0
1.0,0.8471883,1.8133998,0
1.0,0.8393695,1.7382033,0
1.0,0.85255504,1.7869734,0
1.0,0.84833896,1.74874,0
1.0,0.8436894,1.7313788,0
1.0,0.8487871,1.7921917,0
1.0,0.84655,1.7632337,0
1.0,0.8546944,1.8017664,0
1.0,0.8565034,1.8239152,0
1.0,0.86207795,1.8361361,0
1.0,0.8594888,1.8906806,0
1.0,0.8637299,1.9202361,0
1.0,0.87233657,1.9245248,0
1.0,0.8725326,1.9822197,0
1.0,0.8689654,2.0037317,0
1.0,0.8738288,2.0086546,0
1.0,0.87894714,2.043684,0
1.0,0.8767267,2.0125723,0
1.0,0.8708972,1.9546387,0
1.0,0.8741608,1.9891627,0
1.0,0.88096195,1.9766988,0
1.0,0.88134813,1.9515955,0
1.0,0.8807142,1.9326792,0
1.0,0.8805952,1.89582,0
1.0,0.8896826,1.9474676,0
1.0,0.8798405,1.9190627,0
1.0,0.8784134,1.8954012,0
1.0,0.87354225,1.8944111,0
1.0,0.88389796,1.9432101,0
1.0,0.86522007,1.9385662,0
1.0,0.8747204,1.9915133,0
1.0,0.86178654,1.9650974,0
1.0,0.87761635,2.0441275,0
1.0,0.8607741,2.0142136,0
1.0,0.87198526,2.0614262,0
1.0,0.86261904,2.0711842,0
1.0,0.87026465,2.072774,0
1.0,0.8617515,2.001711,0
1.0,0.8721132,2.0356798,0
1.0,0.8669355,1.9957268,0
1.0,0.87181324,2.009605,0
1.0,0.86778307,2.0123518,0
1.0,0.8771187,2.0018582,0
1.0,0.8703293,1.9921713,0
1.0,0.86987364,1.9959223,0
1.0,0.8578008,1.9406372,0
1.0,0.8672583,2.0132298,0
1.0,0.86336803,2.039097,0
1.0,0.8670538,2.0719974,0
1.0,0.8719475,2.114429,0
1.0,0.8784725,2.1487706,0
1.0,0.88373667,2.1528392,0
1.0,0.8875164,2.159476,0
1.0,0.8930401,2.1821501,0
1.0,0.8935953,2.1983774,0
1.0,0.8920142,2.2051504,0
1.0,0.892973,2.2077923,0
1.0,0.8924952,2.1993256,0
1.0,0.88791615,2.1642694,0
1.0,0.88510686,2.1326716,0
1.0,0.8831008,2.0908642,0
1.0,0.88141006,2.0666947,0
1.0,0.88348573,2.0893614,0
1.0,0.8754343,2.0236037,0
1.0,0.87748563,2.0232234,0
1.0,0.8734231,2.0470986,0
1.0,0.8742383,2.0161366,0
1.0,0.86501855,2.0045953,0
1.0,0.873046,2.0496864,0
1.0,0.8728269,2.0231295,0
1.0,0.8719278,2.0413995,0
1.0,0.8666062,2.0534205,0
1.0,0.87241155,2.0791037,0
1.0,0.87456375,2.119386,0
1.0,0.87417066,2.1199765,0
1.0,0.8636095,2.0899668,0
1.0,0.86946994,2.120996,0
1.0,0.85674727,2.0541787,0
1.0,0.8653553,2.0197673,0
1.0,0.8511738,1.9283637,0
1.0,0.8558054,1.8887147,0
1.0,0.8470388,1.8559538,0
1.0,0.85725003,1.8764898,0
1.0,0.85093987,1.8546021,0
1.0,0.85549563,1.8827097,0
1.0,0.8500727,1.8631454,0
1.0,0.85055226,1.8606521,0
1.0,0.842319,1.8439391,0
1.0,0.84296495,1.8361547,0
1.0,0.84269506,1.850841,0
1.0,0.84835494,1.9143422,0
1.0,0.8435914,1.9227207,0
1.0,0.8415412,1.931958,0
1.0,0.84445727,1.9412256,0
1.0,0.8493778,1.9163988,0
1.0,0.8439731,1.9102659,0
1.0,0.8422288,1.8897167,0
1.0,0.82784677,1.8091218,0
1.0,0.83402073,1.8407285,0
1.0,0.8197406,1.7556933,0
1.0,0.8180798,1.7312549,0
1.0,0.81097955,1.7342119,0
1.0,0.810629,1.668572,0
1.0,0.79951173,1.6161802,0
1.0,0.80758303,1.6551319,0
1.0,0.8016626,1.6094551,0
1.0,0.81009966,1.6361454,0
1.0,0.79710305,1.624837,0
1.0,0.80991554,1.6524082,0
1.0,0.80712926,1.629632,0
1.0,0.81604016,1.6699624,0
1.0,0.8150422,1.6968647,0
1.0,0.82644266,1.7209973,0
1.0,0.8244729,1.7348697,0
1.0,0.81869006,1.7180486,0
1.0,0.8202235,1.6831229,0
1.0,0.82562095,1.7029675,0
1.0,0.8163346,1.6771019,0
1.0,0.80776936,1.6251462,0
1.0,0.8150861,1.611846,0
1.0,0.82061386,1.6223414,0
1.0,0.81564075,1.6043816,0
1.0,0.816804,1.5634735,0
1.0,0.833778,1.5869751,0
1.0,0.83964133,1.5792625,0
1.0,0.83638,1.5866213,0
1.0,0.8353647,1.628027,0
1.0,0.84507275,1.6270286,0
1.0,0.8449807,1.6375937,0
1.0,0.8469232,1.6719993,0
1.0,0.8409306,1.6479883,0
1.0,0.8565901,1.7289042,0
1.0,0.85628563,1.7646297,0
1.0,0.85510105,1.7737848,0
1.0,0.8470567,1.7787067,0
1.0,0.85052437,1.805376,0
1.0,0.84633607,1.7829409,0
1.0,0.8408412,1.7448106,0
1.0,0.84246755,1.7253026,0
1.0,0.8419217,1.684979,0
1.0,0.84317243,1.6777043,0
1.0,0.8447653,1.702863,0
1.0,0.84745014,1.6801686,0
1.0,0.8454898,1.6470213,0
1.0,0.8427566,1.6461133,0
1.0,0.8373999,1.6250994,0
1.0,0.83616865,1.6681339,0
1.0,0.83119845,1.6899498,0
1.0,0.8292573,1.6774555,0
1.0,0.83295584,1.7223083,0
1.0,0.8321027,1.7554532,0
1.0,0.83758557,1.8060285,0
1.0,0.8381537,1.8139987,0
1.0,0.84262186,1.806252,0
1.0,0.8370759,1.8118889,0
1.0,0.83321446,1.8200067,0
1.0,0.8273639,1.8083471,0
1.0,0.8343257,1.7961885,0
1.0,0.82733256,1.7351904,0
1.0,0.8312047,1.742831,0
1.0,0.8235578,1.7034233,0
1.0,0.82597077,1.6910577,0
1.0,0.8199122,1.6711563,0
1.0,0.82548094,1.6700218,0
1.0,0.8199312,1.6469482,0
1.0,0.82133436,1.6476562,0
1.0,0.8148134,1.638031,0
1.0,0.8212742,1.6451085,0
1.0,0.81741595,1.636533,0
1.0,0.8268414,1.685895,0
1.0,0.818187,1.6779869,0
1.0,0.8187602,1.7232423,0
1.0,0.81659466,1.7350843,0
1.0,0.81701195,1.7343204,0
1.0,0.81047505,1.7747446,0
1.0,0.81224436,1.7995002,0
1.0,0.8076793,1.772237,0
1.0,0.81146127,1.7892134,0
1.0,0.813886,1.7599475,0
1.0,0.816588,1.7243869,0
1.0,0.8208031,1.7327611,0
1.0,0.8168094,1.6883934,0
1.0,0.8266901,1.6961459,0
1.0,0.82687175,1.7143345,0
1.0,0.82918453,1.6947972,0
1.0,0.82644635,1.693448,0
1.0,0.82943356,1.7214305,0
1.0,0.829429,1.6992383,0
1.0,0.82813805,1.7192056,0
1.0,0.8355476,1.7874031,0
1.0,0.83567303,1.8031636,0
1.0,0.84288895,1.8508482,0
1.0,0.84155375,1.8604562,0
1.0,0.84430546,1.8539263,0
1.0,0.8443483,1.8695846,0
1.0,0.8487288,1.8781618,0
1.0,0.84878176,1.8603101,0
1.0,0.84644735,1.8744107,0
1.0,0.8442445,1.8414145,0
1.0,0.8486211,1.8273437,0
1.0,0.8449176,1.8149943,0
1.0,0.8409759,1.7673521,0
1.0,0.8313012,1.7193358,0
1.0,0.8466921,1.7345694,0
1.0,0.82927144,1.6740686,0
1.0,0.8356478,1.6995955,0
1.0,0.8185431,1.6497672,0
1.0,0.83270335,1.6814909,0
1.0,0.82224715,1.6661266,0
1.0,0.8322367,1.6997253,0
1.0,0.8237134,1.6672324,0
1.0,0.83751047,1.7327589,0
1.0,0.83620834,1.7455392,0
1.0,0.83103895,1.7030169,0
1.0,0.82821405,1.7015601,0
1.0,0.82846254,1.684601,0
1.0,0.8252117,1.6609337,0
1.0,0.8215159,1.6286086,0
1.0,0.8261337,1.5846424,0
1.0,0.8255887,1.5899664,0
1.0,0.8251978,1.5632621,0
1.0,0.8252709,1.4943757,0
1.0,0.83487934,1.5099406,0
1.0,0.8345502,1.470402,0
1.0,0.83235765,1.4377271,0
1.0,0.8262099,1.4440837,0
1.0,0.8340632,1.4321423,0
1.0,0.82398075,1.4114743,0
1.0,0.83018464,1.4344376,0
1.0,0.81195146,1.3489759,0
1.0,0.8261531,1.4047611,0
1.0,0.8153966,1.3846401,0
1.0,0.8238555,1.3649333,0
1.0,0.8084296,1.3363647,0
1.0,0.8137291,1.3554723,0
1.0,0.7986952,1.3024848,0
1.0,0.8066999,1.3098305,0
1.0,0.7956064,1.2473434,0
1.0,0.80987054,1.2208803,0
1.0,0.7922571,1.1716586,0
1.0,0.80362576,1.178882,0
1.0,0.7895234,1.1077173,0
1.0,0.79319257,1.1046879,0
1.0,0.77636945,1.0428772,0
1.0,0.7811306,1.030303,0
1.0,0.7695441,1.0520797,0
1.0,0.76285803,1.035121,0
1.0,0.7624735,0.9988166,0
1.0,0.77654004,1.037101,0
1.0,0.7790972,1.0538335,0
1.0,0.7750649,1.0497789,0
1.0,0.7816482,1.0586591,0
1.0,0.7820389,1.0389671,0
1.0,0.7934529,1.057089,0
1.0,0.77732897,1.0449394,0
1.0,0.7910701,1.1065242,0
1.0,0.7859678,1.0866333,0
1.0,0.8130301,1.0973891,0
1.0,0.8178514,1.0871192,0
1.0,0.83732563,1.0788915,0
1.0,0.82670414,1.0220743,0
1.0,0.861152,1.0957077,0
1.0,0.8430773,1.0222313,0
1.0,0.8709256,1.057924,0
1.0,0.85173064,1.0281705,0
1.0,0.8696784,1.0440772,0
1.0,0.8551673,0.9938592,0
1.0,0.8799009,1.0432228,0
1.0,0.8611985,0.99419343,0
1.0,0.8720383,1.0197277,0
1.0,0.8599414,1.0213464,0
1.0,0.87966716,1.056503,0
1.0,0.86856383,1.0356321,0
1.0,0.87515897,1.0417248,0
1.0,0.87277544,1.0170035,0
1.0,0.8779389,1.0339451,0
1.0,0.8686977,1.0003239,0
1.0,0.8715683,0.95196855,0
1.0,0.8736409,0.9306251,0
1.0,0.873918,0.9100468,0
1.0,0.871346,0.8742313,0
1.0,0.8697294,0.88613796,0
1.0,0.86639583,0.8778231,0
1.0,0.86113846,0.8418306,0
1.0,0.86121154,0.85032105,0
1.0,0.8432121,0.81396955,0
1.0,0.8555936,0.80496323,0
1.0,0.8366902,0.7576541,0
1.0,0.8508919,0.78815526,0
1.0,0.84214,0.79856735,0
1.0,0.84383696,0.8086453,0
1.0,0.8280517,0.78242785,0
1.0,0.85284024,0.8268452,0
1.0,0.85419565,0.80215687,0
1.0,0.8621577,0.83626086,0
1.0,0.8492654,0.85907924,0
1.0,0.8615016,0.8767778,0
1.0,0.8662584,0.88839054,0
1.0,0.8556139,0.8597229,0
1.0,0.85376686,0.82948583,0
1.0,0.86522,0.84452206,0
1.0,0.8757164,0.84515303,0
1.0,0.8662718,0.83216166,0
1.0,0.86593425,0.8447377,0
1.0,0.87836236,0.8866299,0
1.0,0.8908134,0.9516399,0
1.0,0.8729698,0.9066005,0
1.0,0.8771591,0.9021249,0
1.0,0.89072347,0.97353005,0
1.0,0.891906,0.9788488,0
1.0,0.8794248,0.96589386,0
1.0,0.8807179,1.0264609,0
1.0,0.89308345,1.0846639,0
1.0,0.9022058,1.0859182,0
1.0,0.89170873,1.0876468,0
1.0,0.8926222,1.1016723,0
1.0,0.89614826,1.0925249,0
1.0,0.8956334,1.1432465,0
1.0,0.8832412,1.1491985,0
1.0,0.88676775,1.1146994,0
1.0,0.8989291,1.1404461,0
1.0,0.90246373,1.1616106,0
1.0,0.8942725,1.1347299,0
1.0,0.89663917,1.1995478,0
1.0,0.89577836,1.2463197,0
1.0,0.8902116,1.2234313,0
1.0,0.8745247,1.1727303,0
1.0,0.8867272,1.2160318,0
1.0,0.88137037,1.2125292,0
1.0,0.8818426,1.2113338,0
1.0,0.88276863,1.2925498,0
1.0,0.8889389,1.3424215,0
1.0,0.88638306,1.3265984,0
1.0,0.89126533,1.4055784,0
1.0,0.8720686,1.342835,0
1.0,0.8793687,1.3183141,0
1.0,0.87057227,1.3583575,0
1.0,0.8648604,1.3444338,0
1.0,0.84524715,1.3078537,0
1.0,0.8635572,1.3671606,0
1.0,0.8563183,1.3106455,0
1.0,0.8620563,1.3245318,0
1.0,0.8434163,1.3025839,0
1.0,0.86449337,1.3401921,0
1.0,0.84660006,1.2869241,0
1.0,0.84082305,1.2726548,0
1.0,0.82165134,1.2831998,0
1.0,0.8326575,1.3137393,0
1.0,0.83094555,1.3187684,0
1.0,0.8417024,1.4004552,0
1.0,0.8390715,1.3999236,0
1.0,0.85076076,1.4440935,0
1.0,0.8645598,1.4914541,0
1.0,0.86269695,1.4932002,0
1.0,0.8491079,1.5115722,0
1.0,0.86053926,1.5542904,0
1.0,0.8643761,1.5577447,0
1.0,0.8633806,1.5605309,0
1.0,0.8624204,1.5605597,0
1.0,0.8757233,1.5985081,0
1.0,0.88175297,1.6240027,0
1.0,0.9007391,1.688287,0
1.0,0.90620536,1.6516488,0
1.0,0.9158391,1.6411936,0
1.0,0.91732323,1.677921,0
1.0,0.9175052,1.6776519,0
1.0,0.9132972,1.6974024,0
1.0,0.9158121,1.7402589,0
1.0,0.91567206,1.6972721,0
1.0,0.91844094,1.7186041,0
1.0,0.9175814,1.7473502,0
1.0,0.9211492,1.7897413,0
1.0,0.92238283,1.7811954,0
1.0,0.92636424,1.7588707,0
1.0,0.9231107,1.8215325,0
1.0,0.9230239,1.9278581,0
1.0,0.92189425,1.9308503,0
1.0,0.9294655,1.9617307,0
1.0,0.9259402,1.892628,0
1.0,0.92484176,1.8820641,0
1.0,0.91961527,1.9325023,0
1.0,0.9265921,1.9331055,0
1.0,0.925207,1.9009044,0
1.0,0.92829865,1.9275148,0
1.0,0.92119145,1.9647467,0
1.0,0.92194176,2.0013285,0
1.0,0.9099798,1.9604617,0
1.0,0.92005694,1.9691,0
1.0,0.91618305,1.9235196,0
1.0,0.9259868,1.9548074,0
1.0,0.92110234,2.0148654,0
1.0,0.9299882,2.067811,0
1.0,0.9303068,2.0983965,0
1.0,0.94650275,2.1957607,0
1.0,0.94541025,2.2014794,0
1.0,0.95088214,2.2280598,0
1.0,0.95035684,2.2501342,0
1.0,0.95425534,2.2778034,0
1.0,0.95624167,2.29326,0
1.0,0.95902634,2.3173568,0
1.0,0.9586856,2.3409128,0
1.0,0.9576089,2.3365207,0
1.0,0.95922494,2.3375425,0
1.0,0.9579804,2.3112788,0
1.0,0.95590967,2.3366308,0
1.0,0.9539476,2.4430337,0
1.0,0.9578802,2.5102115,0
1.0,0.95096016,2.3693347,0
1.0,0.95851225,2.3804953,0
1.0,0.95627373,2.4192195,0
1.0,0.9620268,2.4720716,0
1.0,0.95278066,2.5068254,0
1.0,0.9656624,2.6232264,0
1.0,0.9643446,2.6287336,0
1.0,0.97045654,2.6474593,0
1.0,0.9643622,2.6488376,0
1.0,0.96889895,2.6495194,0
1.0,0.96058077,2.5993829,0
1.0,0.9675303,2.6283345,0
1.0,0.9611571,2.5908747,0
1.0,0.9650887,2.6239524,0
1.0,0.9599247,2.6542978,0
1.0,0.9618743,2.6276608,0
1.0,0.9513211,2.5377185,0
1.0,0.954413,2.5827093,0
1.0,0.9531076,2.635147,0
1.0,0.95644575,2.6608372,0
1.0,0.95416117,2.6985118,0
1.0,0.9580333,2.7297878,0
1.0,0.9581459,2.6854062,0
1.0,0.9565601,2.6934597,0
1.0,0.9566502,2.7050238,0
1.0,0.9563872,2.6838486,0
1.0,0.9558532,2.6971066,0
1.0,0.9528622,2.6971908,0
1.0,0.9521394,2.7046745,0
1.0,0.94172716,2.6996138,0
1.0,0.9369454,2.6435046,0
1.0,0.9353714,2.5235324,0
1.0,0.93369496,2.534534,0
1.0,0.9241072,2.5512395,0
1.0,0.9233576,2.5183153,0
1.0,0.9124754,2.4383893,0
1.0,0.9063393,2.3829937,0
1.0,0.89917445,2.32269,0
1.0,0.9084073,2.340773,0
1.0,0.9083513,2.348762,0
1.0,0.92298,2.39365,0
1.0,0.91884565,2.3759322,0
1.0,0.9222055,2.4260921,0
1.0,0.923288,2.493968,0
1.0,0.93416005,2.5478144,0
1.0,0.93010545,2.5156598,0
1.0,0.93106127,2.4895804,0
1.0,0.93062377,2.4870472,0
1.0,0.93380505,2.521328,0
1.0,0.93789625,2.4862497,0
1.0,0.9403812,2.3787627,0
1.0,0.94307405,2.3771586,0
1.0,0.9468673,2.4354873,0
1.0,0.9482714,2.4379578,0
1.0,0.9483026,2.4229486,0
1.0,0.9504616,2.3609657,0
1.0,0.9538235,2.3464603,0
1.0,0.955846,2.4073982,0
1.0,0.96031356,2.443572,0
1.0,0.96478736,2.4545612,0
1.0,0.9693811,2.430016,0
1.0,0.96989846,2.3919737,0
1.0,0.9694996,2.4571886,0
1.0,0.9707276,2.6316895,0
1.0,0.9742707,2.7116714,0
1.0,0.9757815,2.6944308,0
1.0,0.9761509,2.6618323,0
1.0,0.9768166,2.6501741,0
1.0,0.9761355,2.681006,0
1.0,0.97750825,2.6644382,0
1.0,0.9775875,2.5737133,0
1.0,0.9780241,2.535077,0
1.0,0.9782138,2.5745,0
1.0,0.9773655,2.6313872,0
1.0,0.9747048,2.5743036,0
1.0,0.9755145,2.4902053,0
1.0,0.9768131,2.4757762,0
1.0,0.9768346,2.511928,0
1.0,0.9768281,2.6075387,0
1.0,0.9773362,2.6844404,0
1.0,0.97824496,2.6439028,0
1.0,0.97925377,2.6184993,0
1.0,0.9777891,2.6834476,0
1.0,0.97651094,2.7315316,0
1.0,0.9779288,2.751154,0
1.0,0.9803612,2.7836895,0
1.0,0.9804304,2.7915747,0
1.0,0.97981215,2.8524346,0
1.0,0.9785767,2.9419088,0
1.0,0.9785281,2.9044566,0
1.0,0.9786202,2.8225813,0
1.0,0.97811973,2.8208199,0
1.0,0.9774444,2.8757677,0
1.0,0.9776807,2.9464855,0
1.0,0.9772414,2.9577188,0
1.0,0.97704583,2.7830083,0
1.0,0.97786534,2.6970038,0
1.0,0.9776599,2.7180758,0
1.0,0.9768912,2.745907,0
1.0,0.9739488,2.7631774,0
1.0,0.9754554,2.7564526,0
1.0,0.9745567,2.7502754,0
1.0,0.97449714,2.7911463,0
1.0,0.9708999,2.8640614,0
1.0,0.97249573,2.9340036,0
1.0,0.9706807,2.9130783,0
1.0,0.973138,2.9838753,0
1.0,0.97144026,3.0538912,0
1.0,0.97218984,3.0696483,0
1.0,0.96846527,3.0475235,0
1.0,0.9698037,3.0281496,0
1.0,0.968758,2.9917164,0
1.0,0.970462,3.0086374,0
1.0,0.96753645,3.0176797,0
1.0,0.9694326,2.989592,0
1.0,0.9677538,2.9390068,0
1.0,0.9686394,2.9014199,0
1.0,0.9654616,2.8737285,0
1.0,0.9654447,2.8681936,0
1.0,0.96088016,2.8840475,0
1.0,0.9616785,2.9496233,0
1.0,0.95797217,2.9253988,0
1.0,0.9624628,2.9881198,0
1.0,0.9637481,3.0529826,0
1.0,0.96119076,3.037484,0
1.0,0.9598387,2.9997501,0
1.0,0.96166503,2.9393606,0
1.0,0.96602404,3.0014093,0
1.0,0.962368,3.0416424,0
1.0,0.96123606,3.0396285,0
1.0,0.9613863,3.0487313,0
1.0,0.96245384,3.0667944,0
1.0,0.9578566,3.0777035,0
1.0,0.95679563,3.0485232,0
1.0,0.95797056,3.0641835,0
1.0,0.95865554,3.086813,0
1.0,0.9537065,2.9697485,0
1.0,0.9512373,2.886002,0
1.0,0.95095164,2.8640497,0
1.0,0.9515824,2.8607357,0
1.0,0.95113444,2.879713,0
1.0,0.9532194,2.912127,0
1.0,0.9549434,2.8811946,0
1.0,0.9557416,2.8648598,0
1.0,0.95402527,2.954687,0
1.0,0.95891833,3.0730577,0
1.0,0.95975775,3.1453154,0
1.0,0.9616476,3.1968617,0
1.0,0.9601475,3.1968699,0
1.0,0.9610382,3.177678,0
1.0,0.95979846,3.185854,0
1.0,0.9592652,3.1372652,0
1.0,0.95770544,2.9661074,0
1.0,0.9580211,2.940327,0
1.0,0.9581478,2.9885867,0
1.0,0.96007276,3.009704,0
1.0,0.96008396,3.0032864,0
1.0,0.9638336,3.0090833,0
1.0,0.9618076,2.990844,0
1.0,0.96207684,2.9786859,0
1.0,0.96258557,3.0904198,0
1.0,0.96764886,3.1463737,0
1.0,0.9671077,3.1414835,0
1.0,0.9691767,3.228182,0
1.0,0.96692574,3.220008,0
1.0,0.96932584,3.1894155,0
1.0,0.9690505,3.1592667,0
1.0,0.9708185,3.133822,0
1.0,0.96958566,3.1694086,0
1.0,0.97160226,3.2882414,0
1.0,0.9708779,3.3463097,0
1.0,0.9727567,3.2914925,0
1.0,0.9718765,3.2135954,0
1.0,0.97270435,3.18357,0
1.0,0.971048,3.2422533,0
1.0,0.97354984,3.2967162,0
1.0,0.9744587,3.2323616,0
1.0,0.9774678,3.1398325,0
1.0,0.97665626,3.0527067,0
1.0,0.977415,3.05828,0
1.0,0.97614074,3.119343,0
1.0,0.9781212,3.1828694,0
1.0,0.9777009,3.2236953,0
1.0,0.97941065,3.2478333,0
1.0,0.9778187,3.2781568,0
1.0,0.9784918,3.3231564,0
1.0,0.97692716,3.2985024,0
1.0,0.978917,3.2502987,0
1.0,0.9774376,3.2428546,0
1.0,0.9773391,3.25702,0
1.0,0.97568625,3.2439756,0
1.0,0.9759602,3.1838887,0
1.0,0.97381115,2.9981437,0
1.0,0.97337,2.9521563,0
1.0,0.9703757,2.9898567,0
1.0,0.9729163,2.954186,0
1.0,0.97295064,2.9264011,0
1.0,0.9749033,2.9320385,0
1.0,0.9724673,2.9565766,0
1.0,0.97355235,3.0539217,0
1.0,0.9688317,3.0497048,0
1.0,0.9729484,2.9964375,0
1.0,0.9706439,2.9294252,0
1.0,0.97253746,2.9515872,0
1.0,0.9693058,3.007554,0
1.0,0.97086203,3.0875802,0
1.0,0.9682875,3.0525994,0
1.0,0.9680589,2.9519112,0
1.0,0.9636232,2.9010212,0
1.0,0.96444905,2.9355817,0
1.0,0.9631102,2.9250116,0
1.0,0.9600911,2.8631215,0
1.0,0.95889217,2.7333083,0
1.0,0.9595612,2.6294136,0
1.0,0.95866257,2.6089826,0
1.0,0.9548349,2.564852,0
1.0,0.9517098,2.5147886,0
1.0,0.9544382,2.4972682,0
1.0,0.9533275,2.4633875,0
1.0,0.94707984,2.4646258,0
1.0,0.94352597,2.4576023,0
1.0,0.9397981,2.4271574,0
1.0,0.9433146,2.4362826,0
1.0,0.932573,2.4120169,0
1.0,0.9304644,2.4191337,0
1.0,0.91918355,2.3823519,0
1.0,0.92207736,2.3855295,0
1.0,0.9113398,2.3450577,0
1.0,0.90890396,2.345673,0
1.0,0.9070751,2.3882585,0
1.0,0.9065161,2.3989317,0
1.0,0.8999343,2.2613795,0
1.0,0.89587474,2.1627057,0
1.0,0.89978623,2.107142,0
1.0,0.90538144,2.038329,0
1.0,0.89760715,1.9823513,0
1.0,0.8985276,1.9592364,0
1.0,0.90307754,1.8849423,0
1.0,0.9106073,1.8618094,0
1.0,0.91350293,1.9082849,0
1.0,0.9123268,1.9126055,0
1.0,0.9108042,1.8898498,0
1.0,0.9110572,1.8977466,0
1.0,0.911893,1.9007747,0
1.0,0.90961283,1.9385344,0
1.0,0.9089626,1.9821539,0
1.0,0.9079126,1.9720137,0
1.0,0.9092796,1.9828222,0
1.0,0.90633374,1.9784113,0
1.0,0.90761787,1.9690495,0
1.0,0.90370876,1.9344699,0
1.0,0.9032426,1.859163,0
1.0,0.9042175,1.8084598,0
1.0,0.9047997,1.7808225,0
1.0,0.90457416,1.748754,0
1.0,0.903976,1.7801149,0
1.0,0.91225314,1.8456869,0
1.0,0.91001034,1.8368123,0
1.0,0.9130833,1.8263762,0
1.0,0.90957546,1.7585163,0
1.0,0.9098238,1.6835907,0
1.0,0.9145234,1.647942,0
1.0,0.91017354,1.5913665,0
1.0,0.9066962,1.5582671,0
1.0,0.91419345,1.5901558,0
1.0,0.9171152,1.6198676,0
1.0,0.9220356,1.6410748,0
1.0,0.9127057,1.5974504,0
1.0,0.91538465,1.5821447,0
1.0,0.91794676,1.6116085,0
1.0,0.9214999,1.6345735,0
1.0,0.9159875,1.5844603,0
1.0,0.92137116,1.5564473,0
1.0,0.92648816,1.5194279,0
1.0,0.93386877,1.5071714,0
1.0,0.9255135,1.4900815,0
1.0,0.9355473,1.5000615,0
1.0,0.9319381,1.4447327,0
1.0,0.94295627,1.4146055,0
1.0,0.93101037,1.3617158,0
1.0,0.93624103,1.3637587,0
1.0,0.92722845,1.3148594,0
1.0,0.93743795,1.3256639,0
1.0,0.9228832,1.3094847,0
1.0,0.92920345,1.3467995,0
1.0,0.9107338,1.3326418,0
1.0,0.91946244,1.3534265,0
1.0,0.9051052,1.2535905,0
1.0,0.91328233,1.2178357,0
1.0,0.8962104,1.1842258,0
1.0,0.9070253,1.1469098,0
1.0,0.9037596,1.1348815,0
1.0,0.9177929,1.1914802,0
1.0,0.9091073,1.1440122,0
1.0,0.91663146,1.1380365,0
1.0,0.90160525,1.1067488,0
1.0,0.91487414,1.1173394,0
1.0,0.8966346,1.0640366,0
1.0,0.90565854,1.0731483,0
1.0,0.8878849,1.0374092,0
1.0,0.8881659,1.041756,0
1.0,0.8688243,1.0077176,0
1.0,0.8742756,0.977116,0
1.0,0.8597369,0.9258372,0
1.0,0.8640243,0.9498599,0
1.0,0.8555104,0.9463051,0
1.0,0.85090923,0.9493408,0
1.0,0.8503842,0.93249047,0
1.0,0.8463901,0.8820125,0
1.0,0.84907526,0.8838086,0
1.0,0.85070646,0.89184004,0
1.0,0.8534554,0.88918006,0
1.0,0.84157085,0.8570315,0
1.0,0.85599244,0.87033194,0
1.0,0.8539787,0.8651799,0
1.0,0.83949435,0.84305525,0
1.0,0.82884324,0.8036097,0
1.0,0.8350715,0.77643836,0
1.0,0.81679195,0.7276604,0
1.0,0.8098874,0.7277644,0
1.0,0.7949818,0.7162857,0
1.0,0.81444573,0.7334104,0
1.0,0.7919036,0.7124019,0
1.0,0.8124295,0.73689437,0
1.0,0.8055541,0.70854104,0
1.0,0.84371656,0.7997513,0
1.0,0.8062488,0.75093687,0
1.0,0.8377577,0.7974801,0
1.0,0.8183195,0.7504733,0
1.0,0.8539573,0.79294294,0
1.0,0.81565166,0.7332143,0
1.0,0.844645,0.7790852,0
1.0,0.84561455,0.74917305,0
1.0,0.8799212,0.76175773,0
1.0,0.8457316,0.6921449,0
1.0,0.8683613,0.7256105,0
1.0,0.86076546,0.69878674,0
1.0,0.86141074,0.6975739,0
1.0,0.82791394,0.64534557,0
1.0,0.8790908,0.7172605,0
1.0,0.8790134,0.71245015,0
1.0,0.8828575,0.716202,0
1.0,0.87873644,0.70639014,0
1.0,0.9045999,0.7452954,0
1.0,0.89418274,0.72911596,0
1.0,0.89171726,0.73863316,0
1.0,0.8799658,0.727264,0
1.0,0.9083763,0.7634016,0
1.0,0.89271045,0.7298571,0
1.0,0.8804231,0.6956311,0
1.0,0.8891331,0.69946027,0
1.0,0.91220987,0.7218171,0
1.0,0.9154084,0.7109375,0
1.0,0.8967491,0.64987326,0
1.0,0.9046911,0.6396811,0
1.0,0.9228884,0.6686666,0
1.0,0.90836143,0.63730234,0
1.0,0.8783717,0.5796499,0
1.0,0.8932007,0.5809909,0
1.0,0.91274154,0.5955218,0
1.0,0.8968529,0.5791967,0
1.0,0.8722341,0.5444808,0
1.0,0.88396037,0.56301045,0
1.0,0.8774347,0.5636169,0
1.0,0.8396955,0.52692467,0
1.0,0.8057168,0.50465524,0
1.0,0.8218168,0.54779184,0
1.0,0.8435883,0.6089678,0
1.0,0.8349636,0.5980524,0
1.0,0.80383337,0.5333459,0
1.0,0.8518149,0.57723427,0
1.0,0.8696561,0.57945734,0
1.0,0.87122035,0.5900681,0
1.0,0.8560489,0.5877707,0
1.0,0.8647914,0.5991845,0
1.0,0.8743358,0.59836364,0
1.0,0.8278105,0.52848554,0
1.0,0.79707986,0.4949869,0
1.0,0.8105101,0.5135729,0
1.0,0.8374367,0.5575191,0
1.0,0.81499314,0.5227414,0
1.0,0.80207103,0.50401485,0
1.0,0.81997585,0.5518984,0
1.0,0.83108985,0.6184468,0
1.0,0.8148517,0.6061853,0
1.0,0.82443964,0.6162145,0
1.0,0.84683836,0.6562916,0
1.0,0.8591608,0.6803045,0
1.0,0.8535723,0.67339975,0
1.0,0.84958005,0.68838656,0
1.0,0.8771042,0.7320497,0
1.0,0.86846066,0.7070162,0
1.0,0.8557533,0.6886066,0
1.0,0.8402946,0.67576885,0
1.0,0.84044856,0.6838697,0
1.0,0.8279395,0.6591388,0
1.0,0.793562,0.5931413,0
1.0,0.75717425,0.5281951,0
1.0,0.7759147,0.5518538,0
1.0,0.76749736,0.5363931,0
1.0,0.7732416,0.54873306,0
1.0,0.7701108,0.55852604,0
1.0,0.79043263,0.6174493,0
1.0,0.80283934,0.6556276,0
1.0,0.8077926,0.66100025,0
1.0,0.8062963,0.6380482,0
1.0,0.83765733,0.67723835,0
1.0,0.8404665,0.7078645,0
1.0,0.82636213,0.71701604,0
1.0,0.8255377,0.73819387,0
1.0,0.85422516,0.77711236,0
1.0,0.8641675,0.7704944,0
1.0,0.84040034,0.7350022,0
1.0,0.8520857,0.7673485,0
1.0,0.8581917,0.76359725,0
1.0,0.88688433,0.76526475,0
1.0,0.8647229,0.69662774,0
1.0,0.88295525,0.73055,0
1.0,0.89024484,0.7583388,0
1.0,0.89687246,0.7858614,0
1.0,0.87212425,0.7664329,0
1.0,0.89703727,0.7958019,0
1.0,0.90744,0.8183313,0
1.0,0.91020334,0.86752725,0
1.0,0.89667326,0.86971986,0
1.0,0.90713096,0.8808496,0
1.0,0.919073,0.892035,0
1.0,0.91174614,0.88240623,0
1.0,0.88758785,0.88399327,0
1.0,0.9084097,0.95596933,0
1.0,0.90260607,0.9101645,0
1.0,0.9159982,0.89751476,0
1.0,0.8836302,0.8331085,0
1.0,0.9114744,0.8710506,0
1.0,0.89317834,0.84140265,0
1.0,0.9059234,0.8474098,0
1.0,0.8660266,0.75476676,0
1.0,0.8872327,0.8128338,0
1.0,0.8628496,0.8003192,0
1.0,0.8705511,0.8053262,0
1.0,0.830983,0.7303953,0
1.0,0.866265,0.74769855,0
1.0,0.8500892,0.70135367,0
1.0,0.8696889,0.7748604,0
1.0,0.8346732,0.7489257,0
1.0,0.86171865,0.7979549,0
1.0,0.8448348,0.7827941,0
1.0,0.859799,0.808289,0
1.0,0.8268965,0.7601509,0
1.0,0.8510538,0.82341313,0
1.0,0.83037657,0.7708217,0
1.0,0.86568516,0.79964674,0
1.0,0.84077847,0.7367077,0
1.0,0.85176677,0.7605832,0
1.0,0.84434927,0.7529961,0
1.0,0.8598227,0.74824786,0
1.0,0.8319259,0.6699362,0
1.0,0.82231563,0.6459906,0
1.0,0.80614674,0.63865197,0
1.0,0.8305159,0.6981814,0
1.0,0.8085083,0.6380097,0
1.0,0.8246042,0.6424286,0
1.0,0.8352642,0.6831953,0
1.0,0.8614878,0.7479826,0
1.0,0.84708184,0.7439948,0
1.0,0.8455937,0.752413,0
1.0,0.8578043,0.74940693,0
1.0,0.85768044,0.76098347,0
1.0,0.8321425,0.7427496,0
1.0,0.82464975,0.72323877,0
1.0,0.8376592,0.7339779,0
1.0,0.8454206,0.72572255,0
1.0,0.8279582,0.6718532,0
1.0,0.8314166,0.694499,0
1.0,0.84859484,0.743278,0
1.0,0.8446476,0.7082399,0
1.0,0.817816,0.6273368,0
1.0,0.81436706,0.61337787,0
1.0,0.81142414,0.6262219,0
1.0,0.8155823,0.67139983,0
1.0,0.8064601,0.70843893,0
1.0,0.8437078,0.7510742,0
1.0,0.8488354,0.76760626,0
1.0,0.87129843,0.85238135,0
1.0,0.87307304,0.87723637,0
1.0,0.88120145,0.88919264,0
1.0,0.8727463,0.8572961,0
1.0,0.87049574,0.84933317,0
1.0,0.8644808,0.8731957,0
1.0,0.87239987,0.931957,0
1.0,0.86782074,0.92230946,0
1.0,0.8827339,0.9171642,0
1.0,0.8914884,0.9263662,0
1.0,0.9003309,0.98205596,0
1.0,0.8944383,0.98250294,0
1.0,0.9030148,0.97941583,0
1.0,0.90543556,0.9654571,0
1.0,0.90769416,0.9635407,0
1.0,0.899034,0.96637464,0
1.0,0.90912914,1.0110995,0
1.0,0.9062733,0.9938253,0
1.0,0.9106247,1.0061498,0
1.0,0.9150242,1.0480223,0
1.0,0.92180216,1.1169057,0
1.0,0.91996974,1.199636,0
1.0,0.90598595,1.1960142,0
1.0,0.9196681,1.2070706,0
1.0,0.91291046,1.197849,0
1.0,0.9141518,1.2285452,0
1.0,0.9019275,1.2231793,0
1.0,0.922228,1.2510144,0
1.0,0.9133042,1.201791,0
1.0,0.91762006,1.1780977,0
1.0,0.90219563,1.1596692,0
1.0,0.9122893,1.1889999,0
1.0,0.89415044,1.1518149,0
1.0,0.8963995,1.1424093,0
1.0,0.88648397,1.0961205,0
1.0,0.9022959,1.1702676,0
1.0,0.886756,1.1938276,0
1.0,0.88586706,1.2154329,0
1.0,0.8902608,1.2489586,0
1.0,0.9107716,1.2863419,0
1.0,0.89960074,1.2803234,0
1.0,0.9053391,1.3591292,0
1.0,0.9016313,1.3501239,0
1.0,0.91931313,1.3714252,0
1.0,0.90889263,1.3601918,0
1.0,0.9116052,1.3847156,0
1.0,0.9119541,1.4236295,0
1.0,0.9252843,1.4933836,0
1.0,0.91562074,1.4433675,0
1.0,0.915951,1.4374056,0
1.0,0.9177132,1.4424025,0
1.0,0.9186559,1.4379095,0
1.0,0.90797937,1.4167675,0
1.0,0.9137357,1.3673618,0
1.0,0.9206393,1.3517812,0
1.0,0.9301673,1.4062884,0
1.0,0.9257297,1.4162021,0
1.0,0.92864025,1.4899154,0
1.0,0.9324571,1.5503545,0
1.0,0.93790066,1.5588458,0
1.0,0.93411046,1.6003474,0
1.0,0.93398285,1.6445415,0
1.0,0.9277682,1.6337209,0
1.0,0.9341931,1.6782339,0
1.0,0.9278816,1.6539347,0
1.0,0.92551696,1.6633768,0
1.0,0.9174349,1.7035179,0
1.0,0.91782737,1.6919401,0
1.0,0.90990245,1.6273823,0
1.0,0.9055834,1.5895259,0
1.0,0.8982005,1.5367622,0
1.0,0.8927388,1.5271609,0
1.0,0.8854624,1.5274549,0
1.0,0.8794171,1.4945357,0
1.0,0.8729507,1.4545115,0
1.0,0.8644207,1.4708312,0
1.0,0.86622286,1.5371368,0
1.0,0.83989024,1.4874505,0
1.0,0.83930016,1.4880219,0
1.0,0.82705694,1.4461269,0
1.0,0.8380304,1.4848112,0
1.0,0.8211372,1.5036428,0
1.0,0.82570004,1.5576382,0
1.0,0.82015365,1.550798,0
1.0,0.82327133,1.5477223,0
1.0,0.8136991,1.5216303,0
1.0,0.8174045,1.5285265,0
1.0,0.80662125,1.469769,0
1.0,0.8162474,1.4768182,0
1.0,0.8121539,1.458473,0
1.0,0.8198022,1.4420996,0
1.0,0.8188929,1.4319267,0
1.0,0.83920705,1.4507694,0
1.0,0.8322305,1.4056512,0
1.0,0.8416261,1.4260762,0
1.0,0.8452485,1.4101459,0
1.0,0.85125154,1.4322349,0
1.0,0.84628665,1.4534333,0
1.0,0.8448753,1.4311323,0
1.0,0.85011125,1.4489892,0
1.0,0.848769,1.4945269,0
1.0,0.8483978,1.5303829,0
1.0,0.8497144,1.5427116,0
1.0,0.85573155,1.5613899,0
1.0,0.8524599,1.5694983,0
1.0,0.8529619,1.5723939,0
1.0,0.85097647,1.5622191,0
1.0,0.860801,1.5845122,0
1.0,0.8537873,1.5441904,0
1.0,0.8540592,1.5392287,0
1.0,0.8505384,1.5076959,0
1.0,0.85215914,1.4697556,0
1.0,0.8499551,1.446691,0
1.0,0.8456872,1.395689,0
1.0,0.8469228,1.3805549,0
1.0,0.85332394,1.4240537,0
1.0,0.84452087,1.4249966,0
1.0,0.8556186,1.4940653,0
1.0,0.8542227,1.5311863,0
1.0,0.85387456,1.5669158,0
1.0,0.84770095,1.5668838,0
1.0,0.85342056,1.541461,0
1.0,0.85665524,1.5368521,0
1.0,0.8536745,1.5432389,0
1.0,0.8517366,1.5345289,0
1.0,0.85518193,1.5308244,0
1.0,0.8581224,1.570426,0
1.0,0.8527606,1.5832889,0
1.0,0.8480944,1.5478823,0
1.0,0.8513955,1.5134428,0
1.0,0.85555726,1.5023329,0
1.0,0.8450246,1.4578785,0
1.0,0.8525417,1.4557921,0
1.0,0.8596531,1.4884864,0
1.0,0.8691886,1.5163281,0
1.0,0.8698865,1.5334909,0
1.0,0.8742915,1.5459015,0
1.0,0.8778678,1.5231352,0
1.0,0.8797627,1.5272367,0
1.0,0.8708515,1.5155846,0
1.0,0.8753954,1.5495815,0
1.0,0.8702817,1.5475857,0
1.0,0.87068295,1.5515265,0
1.0,0.8659745,1.5708255,0
1.0,0.86694574,1.5831606,0
1.0,0.86100584,1.5578675,0
1.0,0.864696,1.5434191,0
1.0,0.8649148,1.503649,0
1.0,0.86638147,1.4791377,0
1.0,0.8642339,1.4307187,0
1.0,0.8677693,1.3835523,0
1.0,0.8700095,1.3663968,0
1.0,0.871712,1.3898876,0
1.0,0.87310684,1.3790524,0
1.0,0.8786412,1.3759143,0
1.0,0.88056046,1.3845919,0
1.0,0.8789355,1.3814929,0
1.0,0.8730403,1.3674906,0
1.0,0.8678775,1.332779,0
1.0,0.85923404,1.2981042,0
1.0,0.8557761,1.3093569,0
1.0,0.8502263,1.3147473,0
1.0,0.8442022,1.3191946,0
1.0,0.8370551,1.3159835,0
1.0,0.82909524,1.2631224,0
1.0,0.8319751,1.1958835,0
1.0,0.83483565,1.1674362,0
1.0,0.8298649,1.1414266,0
1.0,0.83019835,1.1209614,0
1.0,0.83136034,1.104525,0
1.0,0.8356401,1.0961524,0
1.0,0.8267471,1.0486517,0
1.0,0.8315922,1.0045388,0
1.0,0.82854205,0.97019684,0
1.0,0.83400697,0.97277004,0
1.0,0.8201438,0.9325399,0
1.0,0.83314705,0.9533733,0
1.0,0.81959873,0.9362954,0
1.0,0.8136961,0.9237529,0
1.0,0.79134643,0.8738481,0
1.0,0.8014342,0.888729,0
1.0,0.7787077,0.8494103,0
1.0,0.7829284,0.87157834,0
1.0,0.76359785,0.83302414,0
1.0,0.7767365,0.8355747,0
1.0,0.7577327,0.79600644,0
1.0,0.76918334,0.808725,0
1.0,0.76521623,0.78593826,0
1.0,0.7808812,0.7837886,0
1.0,0.75177056,0.7150297,0
1.0,0.7640604,0.71592855,0
1.0,0.74388087,0.66088676,0
1.0,0.7553675,0.659447,0
1.0,0.7133692,0.56866455,0
1.0,0.7075583,0.54319906,0
1.0,0.6972451,0.5206106,0
1.0,0.7150658,0.55091894,0
1.0,0.6904225,0.53793937,0
1.0,0.6947648,0.5504637,0
1.0,0.6866736,0.5322002,0
1.0,0.71168214,0.5631481,0
1.0,0.7003616,0.545691,0
1.0,0.71734625,0.57570934,0
1.0,0.70301586,0.5548303,0
1.0,0.7262188,0.58206666,0
1.0,0.716486,0.57102406,0
1.0,0.7329165,0.5908495,0
1.0,0.7162621,0.54754615,0
1.0,0.7378836,0.56478405,0
1.0,0.7301258,0.54622805,0
1.0,0.74295074,0.5735394,0
1.0,0.7193468,0.5357551,0
1.0,0.7194176,0.511055,0
1.0,0.71994144,0.49367794,0
1.0,0.72613955,0.49109071,0
1.0,0.71872294,0.48585656,0
1.0,0.7192508,0.49500483,0
1.0,0.7487537,0.5394304,0
1.0,0.77752906,0.5918987,0
1.0,0.796089,0.62601405,0
1.0,0.7812782,0.6192578,0
1.0,0.8078418,0.6960834,0
1.0,0.81698257,0.7196096,0
1.0,0.8390014,0.7408927,0
1.0,0.8159656,0.691711,0
1.0,0.83660674,0.74182045,0
1.0,0.8397547,0.75081617,0
1.0,0.8718415,0.7905666,0
1.0,0.8510906,0.7402305,0
1.0,0.869728,0.7407328,0
1.0,0.8591853,0.7203085,0
1.0,0.88504,0.7604786,0
1.0,0.8464134,0.6736631,0
1.0,0.8653669,0.70540404,0
1.0,0.84716576,0.6816664,0
1.0,0.87708074,0.7269535,0
1.0,0.8465184,0.6791688,0
1.0,0.8613949,0.6892948,0
1.0,0.83790255,0.6486639,0
1.0,0.8664919,0.69562566,0
1.0,0.81847286,0.6202164,0
1.0,0.8244321,0.6433817,0
1.0,0.7892414,0.5855562,0
1.0,0.81854755,0.6145874,0
1.0,0.7829512,0.57252055,0
1.0,0.78403413,0.585593,0
1.0,0.76048315,0.55737334,0
1.0,0.78417856,0.5866345,0
1.0,0.736506,0.48844826,0
1.0,0.7465414,0.4887999,0
1.0,0.711037,0.4422483,0
1.0,0.70920354,0.43599385,0
1.0,0.67194855,0.3861984,0
1.0,0.6858663,0.37195992,0
1.0,0.661787,0.33010983,0
1.0,0.67502856,0.35278046,0
1.0,0.67476475,0.35690093,0
1.0,0.6902135,0.38027278,0
1.0,0.6647778,0.3556151,0
1.0,0.6732212,0.36349252,0
1.0,0.662969,0.36177742,0
1.0,0.68024576,0.41464633,0
1.0,0.6629604,0.39996016,0
1.0,0.68325627,0.41101733,0
1.0,0.7315256,0.46970636,0
1.0,0.7608545,0.5124497,0
1.0,0.73952276,0.47379133,0
1.0,0.7566352,0.48906177,0
1.0,0.7875258,0.5301495,0
1.0,0.7950783,0.542995,0
1.0,0.7730202,0.5038203,0
1.0,0.7602765,0.47718015,0
1.0,0.812036,0.55004644,0
1.0,0.8009336,0.5313519,0
1.0,0.7981455,0.5099931,0
1.0,0.76769686,0.46959049,0
1.0,0.83324885,0.56531346,0
1.0,0.82847714,0.56174767,0
1.0,0.84858954,0.6048118,0
1.0,0.82904565,0.58597636,0
1.0,0.87288046,0.6597311,0
1.0,0.8810008,0.6821768,0
1.0,0.87383246,0.68235874,0
1.0,0.84265494,0.6404076,0
1.0,0.8765118,0.6859124,0
1.0,0.8924955,0.71597373,0
1.0,0.87840694,0.7015948,0
1.0,0.8432963,0.64939255,0
1.0,0.8504048,0.66565716,0
1.0,0.8476562,0.63198835,0
1.0,0.83290553,0.58194125,0
1.0,0.7924488,0.53255296,0
1.0,0.8173352,0.5734436,0
1.0,0.8317979,0.5724708,0
1.0,0.8228488,0.5428539,0
1.0,0.8027227,0.5288768,0
1.0,0.8177314,0.57428545,0
1.0,0.8349877,0.61069214,0
1.0,0.83241796,0.6319864,0
1.0,0.8145061,0.6186353,0
1.0,0.82850677,0.6518674,0
1.0,0.82011765,0.65616935,0
1.0,0.80962366,0.64746046,0
1.0,0.79482734,0.63300633,0
1.0,0.83013564,0.69190884,0
1.0,0.80652535,0.6423852,0
1.0,0.82180643,0.6737418,0
1.0,0.8100175,0.6780807,0
1.0,0.84502995,0.7609226,0
1.0,0.82199895,0.7351087,0
1.0,0.83392984,0.7446471,0
1.0,0.8213994,0.7275072,0
1.0,0.8577151,0.8199222,0
1.0,0.84428704,0.7934755,0
1.0,0.8480816,0.7844314,0
1.0,0.8395622,0.7989757,0
1.0,0.86168253,0.88867635,0
1.0,0.8611535,0.91966695,0
1.0,0.8669519,0.95388776,0
1.0,0.8657251,0.965978,0
1.0,0.8724739,0.99360114,0
1.0,0.86544555,1.0285231,0
1.0,0.85701966,1.0453894,0
1.0,0.8626027,1.0519804,0
1.0,0.8668913,1.0444419,0
1.0,0.8739552,1.0490979,0
1.0,0.8709587,1.0925092,0
1.0,0.8828359,1.161903,0
1.0,0.88509715,1.1565698,0
1.0,0.90163815,1.1942555,0
1.0,0.89508885,1.1576216,0
1.0,0.9014257,1.1644285,0
1.0,0.89245266,1.1953888,0
1.0,0.8985434,1.2054439,0
1.0,0.89625,1.2054513,0
1.0,0.89893705,1.251761,0
1.0,0.8915367,1.2714,0
1.0,0.90097654,1.3338892,0
1.0,0.8999913,1.3432517,0
1.0,0.90724456,1.3420666,0
1.0,0.89994615,1.2932842,0
1.0,0.90193135,1.2816038,0
1.0,0.8885083,1.2904719,0
1.0,0.89791024,1.3171788,0
1.0,0.88476485,1.257681,0
1.0,0.8993164,1.3096178,0
1.0,0.8898669,1.3181264,0
1.0,0.8997735,1.3402557,0
1.0,0.8897637,1.3026288,0
1.0,0.90131617,1.289556,0
1.0,0.90059227,1.2503686,0
1.0,0.9015118,1.2425175,0
1.0,0.89348376,1.2195199,0
1.0,0.8986161,1.2005043,0
1.0,0.8999481,1.1866424,0
1.0,0.8967052,1.1760137,0
1.0,0.89420235,1.1812663,0
1.0,0.8938797,1.2293491,0
1.0,0.88586116,1.2087564,0
1.0,0.8898909,1.1777442,0
1.0,0.89502937,1.1816261,0
1.0,0.8977716,1.1817212,0
1.0,0.892246,1.201863,0
1.0,0.8962978,1.2244242,0
1.0,0.9068324,1.1868138,0
1.0,0.91068625,1.1770425,0
1.0,0.90992486,1.1622512,0
1.0,0.90845335,1.1301365,0
1.0,0.91573054,1.1222796,0
1.0,0.9154204,1.0691038,0
1.0,0.9137517,1.0419624,0
1.0,0.9149676,1.0362166,0
1.0,0.91385275,1.0390832,0
1.0,0.9122762,1.0630519,0
1.0,0.8970479,1.0031691,0
1.0,0.8961834,0.9698509,0
1.0,0.8976832,0.9741552,0
1.0,0.8919444,0.97887504,0
1.0,0.87846094,0.9414041,0
1.0,0.88065094,0.9001698,0
1.0,0.9008591,0.9095534,0
1.0,0.9007475,0.9140097,0
1.0,0.89133036,0.91803694,0
1.0,0.898755,0.98387843,0
1.0,0.8966286,0.9676665,0
1.0,0.9019315,0.9538705,0
1.0,0.8794926,0.89810354,0
1.0,0.8921657,0.9147972,0
1.0,0.87742245,0.87613285,0
1.0,0.899669,0.86924297,0
1.0,0.8695732,0.7676221,0
1.0,0.8842935,0.7644331,0
1.0,0.85380965,0.7071078,0
1.0,0.84884214,0.71609163,0
1.0,0.80727774,0.6239081,0
1.0,0.8349517,0.6437875,0
1.0,0.833561,0.6323486,0
1.0,0.8253932,0.62056464,0
1.0,0.82189465,0.65071094,0
1.0,0.83917356,0.68433017,0
1.0,0.84547776,0.6763233,0
1.0,0.8338593,0.65354943,0
1.0,0.82369155,0.64379156,0
1.0,0.81975317,0.64580524,0
1.0,0.8145486,0.62578845,0
1.0,0.81580186,0.6017989,0
1.0,0.7977804,0.5499699,0
1.0,0.7922516,0.53035676,0
1.0,0.7920591,0.53464836,0
1.0,0.8006724,0.51651084,0
1.0,0.78077763,0.4614624,0
1.0,0.74934506,0.42442966,0
1.0,0.72461957,0.39241928,0
1.0,0.69793385,0.35471636,0
1.0,0.6853775,0.3284736,0
1.0,0.63587993,0.23598287,0
1.0,0.6585142,0.24673757,0
1.0,0.6875275,0.27725035,0
1.0,0.70416564,0.3033154,0
1.0,0.65848005,0.26437038,0
1.0,0.6281358,0.23997043,0
1.0,0.68066555,0.3029837,0
1.0,0.64888597,0.28467453,0
1.0,0.6143125,0.25281212,0
1.0,0.59405756,0.2406263,0
1.0,0.622939,0.2469647,0
1.0,0.6228033,0.2344312,0
1.0,0.5900746,0.21148418,0
1.0,0.6075591,0.22637916,0
1.0,0.5966464,0.2179741,0
1.0,0.61229795,0.2042173,0
1.0,0.54940385,0.16355035,0
1.0,0.5886993,0.18407352,0
1.0,0.55789065,0.16990763,0
1.0,0.571845,0.18771312,0
1.0,0.5080121,0.14350697,0
1.0,0.58897424,0.18735558,0
1.0,0.56682295,0.1768915,0
1.0,0.5976314,0.19701698,0
1.0,0.5510992,0.16573623,0
1.0,0.6160448,0.21846133,0
1.0,0.59443206,0.20145091,0
1.0,0.6049762,0.20926684,0
1.0,0.5593727,0.18657386,0
1.0,0.61377555,0.22073132,0
1.0,0.61321855,0.22008923,0
1.0,0.6246685,0.23792976,0
1.0,0.59174883,0.2172446,0
1.0,0.614638,0.2330442,0
1.0,0.60604763,0.22247416,0
1.0,0.61388487,0.21939713,0
1.0,0.5913905,0.20598002,0
1.0,0.59436226,0.22169688,0
1.0,0.60316205,0.21896523,0
1.0,0.6126389,0.21332507,0
1.0,0.59918785,0.20456444,0
1.0,0.62647843,0.23624533,0
1.0,0.6264715,0.23783645,0
1.0,0.63283056,0.24816504,0
1.0,0.6358798,0.24717331,0
1.0,0.6456705,0.24991876,0
1.0,0.6458088,0.24582803,0
1.0,0.62916404,0.24830386,0
1.0,0.61480856,0.22961214,0
1.0,0.63593304,0.24639186,0
1.0,0.62483567,0.23216754,0
1.0,0.58932036,0.18938582,0
1.0,0.58728045,0.19662523,0
1.0,0.60999787,0.21204688,0
1.0,0.5698567,0.19169855,0
1.0,0.53920734,0.17531902,0
1.0,0.513461,0.16969544,0
1.0,0.53528345,0.17389044,0
1.0,0.5065364,0.1619963,0
1.0,0.48168787,0.15131918,0
1.0,0.46565452,0.13790134,0
1.0,0.5017642,0.15108608,0
1.0,0.46745118,0.15326597,0
1.0,0.46927312,0.18199688,0
1.0,0.4552012,0.17082009,0
1.0,0.50316113,0.19125453,0
1.0,0.45676693,0.16992737,0
1.0,0.4692705,0.17740405,0
1.0,0.43507454,0.16902792,0
1.0,0.5084143,0.1911956,0
1.0,0.44695657,0.15358981,0
1.0,0.47474104,0.16381273,0
1.0,0.44933623,0.1589114,0
1.0,0.5101261,0.18854934,0
1.0,0.44349092,0.15511715,0
1.0,0.50642395,0.18153161,0
1.0,0.48044223,0.16478282,0
1.0,0.52519107,0.19245267,0
1.0,0.47809592,0.1861018,0
1.0,0.5337437,0.20174274,0
1.0,0.5015859,0.17957184,0
1.0,0.53739667,0.19896293,0
1.0,0.49072143,0.1880533,0
1.0,0.5531546,0.24863416,0
1.0,0.54707944,0.25762343,0
1.0,0.59379727,0.29468125,0
1.0,0.5646234,0.25420153,0
1.0,0.65170944,0.32888058,0
1.0,0.6254991,0.3108804,0
1.0,0.64317083,0.33144617,0
1.0,0.68521065,0.36296394,0
1.0,0.7112769,0.3922351,0
1.0,0.7162079,0.40859446,0
1.0,0.6844136,0.38392118,0
1.0,0.7197099,0.40701568,0
1.0,0.7343607,0.38255045,0
1.0,0.7374248,0.38159165,0
1.0,0.72921616,0.37492198,0
1.0,0.75084805,0.4331553,0
1.0,0.7266796,0.4254117,0
1.0,0.7296494,0.42773566,0
1.0,0.74642104,0.45333093,0
1.0,0.76322687,0.47678033,0
1.0,0.763137,0.5035551,0
1.0,0.78840995,0.5643786,0
1.0,0.82617325,0.5974008,0
1.0,0.84795797,0.628951,0
1.0,0.8390125,0.63525337,0
1.0,0.83441514,0.66760015,0
1.0,0.84931356,0.70375776,0
1.0,0.87376547,0.7325192,0
1.0,0.84611905,0.68583345,0
1.0,0.84117293,0.6809207,0
1.0,0.8477156,0.7067759,0
1.0,0.8334595,0.6851462,0
1.0,0.8488622,0.6777698,0
1.0,0.8295758,0.62120724,0
1.0,0.8614629,0.671072,0
1.0,0.8584379,0.69168514,0
1.0,0.86823994,0.7424991,0
1.0,0.8539838,0.744063,0
1.0,0.86604565,0.7608485,0
1.0,0.88181394,0.7959691,0
1.0,0.8900463,0.8491231,0
1.0,0.88741976,0.86675733,0
1.0,0.8770538,0.8513957,0
1.0,0.9002855,0.911058,0
1.0,0.8913564,0.9056759,0
1.0,0.8896946,0.9247434,0
1.0,0.870659,0.9222177,0
1.0,0.8756248,0.91061497,0
1.0,0.86647314,0.8652303,0
1.0,0.87203795,0.86392134,0
1.0,0.85367554,0.8466929,0
1.0,0.85325503,0.87050045,0
1.0,0.85438603,0.85003704,0
1.0,0.86452127,0.82899034,0
1.0,0.8441375,0.7958226,0
1.0,0.8484889,0.8304285,0
1.0,0.8375907,0.8323189,0
1.0,0.8507255,0.85317016,0
1.0,0.8304015,0.819932,0
1.0,0.8475247,0.8495138,0
1.0,0.83696985,0.85320127,0
1.0,0.8569844,0.9232584,0
1.0,0.8364625,0.9136723,0
1.0,0.8487979,0.9591593,0
1.0,0.82993263,0.929816,0
1.0,0.8469883,0.98238873,0
1.0,0.83305573,0.9735667,0
1.0,0.83372056,0.9661733,0
1.0,0.8259581,0.9597648,0
1.0,0.83965224,0.9741024,0
1.0,0.8281928,0.933462,0
1.0,0.84092325,0.9724811,0
1.0,0.82780325,0.9351281,0
1.0,0.84036285,0.9227036,0
1.0,0.842741,0.9254494,0
1.0,0.8608611,0.9560939,0
1.0,0.84279734,0.9200611,0
1.0,0.8644051,0.98807204,0
1.0,0.85959005,0.99105877,0
1.0,0.8681376,1.0196042,0
1.0,0.84808785,1.0048358,0
1.0,0.868344,1.075665,0
1.0,0.86141646,1.0873646,0
1.0,0.8580892,1.1041101,0
1.0,0.84064955,1.1147931,0
1.0,0.85034615,1.1718435,0
1.0,0.8575036,1.2022737,0
1.0,0.8571027,1.2162331,0
1.0,0.8517432,1.2064679,0
1.0,0.85696214,1.2039098,0
1.0,0.8626463,1.2198429,0
1.0,0.8498939,1.200761,0
1.0,0.84290165,1.1760197,0
1.0,0.84428,1.1624196,0
1.0,0.85159296,1.1536311,0
1.0,0.83531356,1.1098197,0
1.0,0.83715767,1.1343243,0
1.0,0.83652997,1.1416054,0
1.0,0.84071743,1.1407406,0
1.0,0.80452865,1.0866461,0
1.0,0.8093703,1.1222336,0
1.0,0.79298264,1.0932484,0
1.0,0.8047732,1.1424992,0
1.0,0.7801732,1.1171767,0
1.0,0.7884446,1.1448194,0
1.0,0.7749502,1.1370991,0
1.0,0.78760624,1.1900048,0
1.0,0.77379924,1.1609337,0
1.0,0.78666043,1.1784554,0
1.0,0.7751693,1.1485193,0
1.0,0.786387,1.1734071,0
1.0,0.7714616,1.1276011,0
1.0,0.7879704,1.1444163,0
1.0,0.78836477,1.1337165,0
1.0,0.7898516,1.1221569,0
1.0,0.79471594,1.118715,0
1.0,0.8075879,1.1328363,0
1.0,0.8098222,1.1200738,0
1.0,0.81325,1.1264992,0
1.0,0.8125984,1.1265552,0
1.0,0.81233555,1.1273794,0
1.0,0.8120591,1.1472585,0
1.0,0.812175,1.1632684,0
1.0,0.8129354,1.1681957,0
1.0,0.81545335,1.1724663,0
1.0,0.81490874,1.2067566,0
1.0,0.8133358,1.2905006,0
1.0,0.8310475,1.3449216,0
1.0,0.8425769,1.3610604,0
1.0,0.8517781,1.3779947,0
1.0,0.85169464,1.3794984,0
1.0,0.8621413,1.3987423,0
1.0,0.8657447,1.3545698,0
1.0,0.87553036,1.3527602,0
1.0,0.8632458,1.3207452,0
1.0,0.870539,1.3057002,0
1.0,0.8637437,1.3117054,0
1.0,0.86591107,1.3279226,0
1.0,0.8507767,1.2679758,0
1.0,0.85888165,1.3099723,0
1.0,0.8521513,1.3205711,0
1.0,0.8515602,1.3560373,0
1.0,0.8477856,1.3872182,0
1.0,0.8508718,1.3883106,0
1.0,0.8613925,1.4387932,0
1.0,0.8655287,1.5105009,0
1.0,0.8636483,1.5185301,0
1.0,0.8841906,1.5833582,0
1.0,0.89415526,1.6089882,0
1.0,0.9015588,1.6261907,0
1.0,0.89649904,1.6217881,0
1.0,0.8931979,1.6349988,0
1.0,0.8941845,1.6668165,0
1.0,0.88987136,1.6280855,0
1.0,0.8843703,1.5814172,0
1.0,0.87708163,1.5834094,0
1.0,0.8867218,1.6305479,0
1.0,0.8796657,1.6289606,0
1.0,0.89339715,1.6260988,0
1.0,0.88989854,1.5879766,0
1.0,0.90610826,1.658828,0
1.0,0.89895314,1.7480083,0
1.0,0.9119095,1.83914,0
1.0,0.91073143,1.8520405,0
1.0,0.92915106,1.9186454,0
1.0,0.92389286,1.904386,0
1.0,0.933738,1.9667554,0
1.0,0.9316659,2.0559642,0
1.0,0.94805115,2.09591,0
1.0,0.9423331,2.0630536,0
1.0,0.9498368,2.108089,0
1.0,0.9390769,2.0858254,0
1.0,0.9474079,2.12431,0
1.0,0.9400803,2.077054,0
1.0,0.9478867,2.0417328,0
1.0,0.94084173,2.03436,0
1.0,0.9480529,2.0921247,0
1.0,0.9421333,2.1395094,0
1.0,0.95107585,2.2386346,0
1.0,0.94926894,2.2251487,0
1.0,0.9622159,2.2663493,0
1.0,0.95650697,2.2898626,0
1.0,0.9608147,2.347056,0
1.0,0.9587936,2.4178982,0
1.0,0.96814805,2.4356008,0
1.0,0.963864,2.4269352,0
1.0,0.96743083,2.5253117,0
1.0,0.9632567,2.543756,0
1.0,0.9674827,2.549467,0
1.0,0.9655659,2.5147834,0
1.0,0.96742636,2.4716046,0
1.0,0.9649044,2.4770832,0
1.0,0.9648578,2.4839425,0
1.0,0.959243,2.3869529,0
1.0,0.95916295,2.3412166,0
1.0,0.9561088,2.3241043,0
1.0,0.9552171,2.364253,0
1.0,0.9487017,2.4321434,0
1.0,0.95001405,2.473723,0
1.0,0.95282865,2.4436388,0
1.0,0.9583697,2.4715314,0
1.0,0.95400476,2.475598,0
1.0,0.95417535,2.4861722,0
1.0,0.95152414,2.5423417,0
1.0,0.95574486,2.584141,0
1.0,0.9518878,2.5737739,0
1.0,0.95185095,2.6373367,0
1.0,0.9505214,2.7124507,0
1.0,0.9492639,2.7126236,0
1.0,0.9461383,2.5896068,0
1.0,0.9456295,2.493189,0
1.0,0.94604975,2.5114317,0
1.0,0.9480279,2.5568492,0
1.0,0.94427663,2.5433686,0
1.0,0.94689447,2.5211987,0
1.0,0.94543946,2.4151187,0
1.0,0.95000565,2.3978882,0
1.0,0.9441326,2.4164333,0
1.0,0.9442622,2.4140518,0
1.0,0.9480243,2.4168878,0
1.0,0.95240664,2.4482894,0
1.0,0.9535438,2.474639,0
1.0,0.9506786,2.528154,0
1.0,0.95029724,2.5823798,0
1.0,0.95195615,2.6108289,0
1.0,0.95496976,2.6472807,0
1.0,0.9511175,2.6677759,0
1.0,0.952498,2.7168398,0
1.0,0.9489764,2.7107441,0
1.0,0.9508593,2.6684134,0
1.0,0.9442244,2.621235,0
1.0,0.9459921,2.6234202,0
1.0,0.94140756,2.5892515,0
1.0,0.9460841,2.6360612,0
1.0,0.9382309,2.654642,0
1.0,0.9411859,2.5935063,0
1.0,0.9376112,2.5642262,0
1.0,0.9396812,2.6250286,0
1.0,0.9290649,2.5866795,0
1.0,0.93421626,2.5851324,0
1.0,0.9350966,2.5713854,0
1.0,0.94034296,2.5853944,0
1.0,0.9360048,2.6115046,0
1.0,0.9363992,2.6363397,0
1.0,0.939482,2.6130145,0
1.0,0.94019145,2.5942705,0
1.0,0.9381144,2.6007023,0
1.0,0.9356453,2.625174,0
1.0,0.93601024,2.6629553,0
1.0,0.9315413,2.6832454,0
1.0,0.93114716,2.6418452,0
1.0,0.93017447,2.576242,0
1.0,0.9317516,2.5652409,0
1.0,0.9292825,2.5359554,0
1.0,0.9257228,2.4671743,0
1.0,0.9355893,2.4816449,0
1.0,0.93340254,2.4416337,0
1.0,0.9373515,2.4061325,0
1.0,0.93068516,2.3996072,0
1.0,0.9364886,2.425376,0
1.0,0.9280427,2.4020367,0
1.0,0.9349399,2.4575005,0
1.0,0.93055654,2.445903,0
1.0,0.9364213,2.457028,0
1.0,0.9273768,2.4400365,0
1.0,0.9338932,2.4319897,0
1.0,0.92710793,2.359451,0
1.0,0.9313835,2.3571944,0
1.0,0.9151504,2.2788498,0
1.0,0.91935414,2.2356267,0
1.0,0.9108225,2.1644423,0
1.0,0.91745454,2.132044,0
1.0,0.9020859,2.0570269,0
1.0,0.90380615,2.058167,0
1.0,0.8897693,2.003167,0
1.0,0.89863247,1.9796174,0
1.0,0.8789806,1.9026353,0
1.0,0.8834227,1.9035819,0
1.0,0.87226146,1.8277388,0
1.0,0.86305606,1.7739455,0
1.0,0.8447203,1.7403693,0
1.0,0.84619373,1.7028545,0
1.0,0.8465888,1.6850331,0
1.0,0.8525621,1.7247925,0
1.0,0.84541243,1.7098594,0
1.0,0.844071,1.7326872,0
1.0,0.832157,1.7037672,0
1.0,0.84160745,1.6674016,0
1.0,0.8257545,1.6021817,0
1.0,0.8270711,1.5893383,0
1.0,0.8041629,1.4772787,0
1.0,0.8324694,1.475836,0
1.0,0.8158711,1.3684165,0
1.0,0.82678163,1.3447553,0
1.0,0.80248994,1.2575386,0
1.0,0.82804465,1.2799997,0
1.0,0.80789834,1.2260792,0
1.0,0.82822067,1.2487518,0
1.0,0.8152912,1.1831484,0
1.0,0.84504473,1.2329944,0
1.0,0.833106,1.2178135,0
1.0,0.8556896,1.2547407,0
1.0,0.8501779,1.2340915,0
1.0,0.8782606,1.2801433,0
1.0,0.8660333,1.2448857,0
1.0,0.87714916,1.2917477,0
1.0,0.854772,1.2223182,0
1.0,0.87528664,1.242908,0
1.0,0.8679329,1.2089214,0
1.0,0.87220687,1.1981404,0
1.0,0.8556284,1.1676443,0
1.0,0.87507236,1.176154,0
1.0,0.8738133,1.101531,0
1.0,0.876603,1.075063,0
1.0,0.86779946,1.0269878,0
1.0,0.8705919,1.0104272,0
1.0,0.86395407,0.9821195,0
1.0,0.85146064,0.90479714,0
1.0,0.8478785,0.86489856,0
1.0,0.85923743,0.881968,0
1.0,0.8541869,0.87647516,0
1.0,0.8333676,0.8518878,0
1.0,0.83058774,0.845392,0
1.0,0.84187174,0.86294526,0
1.0,0.83168817,0.8642192,0
1.0,0.80914754,0.81868684,0
1.0,0.7993848,0.7695111,0
1.0,0.8339661,0.8033538,0
1.0,0.8428859,0.78112745,0
1.0,0.81843925,0.72776157,0
1.0,0.815171,0.72898173,0
1.0,0.84004843,0.762909,0
1.0,0.83623594,0.71929586,0
1.0,0.80654746,0.63754094,0
1.0,0.7811799,0.5688759,0
1.0,0.80470115,0.5936404,0
1.0,0.79117197,0.58510053,0
1.0,0.7804078,0.55197823,0
1.0,0.76215893,0.5072224,0
1.0,0.81495017,0.5795278,0
1.0,0.82244974,0.5991801,0
1.0,0.83885646,0.6259231,0
1.0,0.8224146,0.6004311,0
1.0,0.85335267,0.6641217,0
1.0,0.8514059,0.65923506,0
1.0,0.85181206,0.6504375,0
1.0,0.82154894,0.6085003,0
1.0,0.8455626,0.6439688,0
1.0,0.84676236,0.64844483,0
1.0,0.84717166,0.64689827,0
1.0,0.80640465,0.58601594,0
1.0,0.80310714,0.574766,0
1.0,0.79262304,0.53085613,0
1.0,0.7955041,0.5158994,0
1.0,0.77012324,0.47388694,0
1.0,0.7579669,0.4568732,0
1.0,0.7790697,0.47950777,0
1.0,0.78506136,0.46653613,0
1.0,0.7940064,0.5009714,0
1.0,0.80462176,0.55755424,0
1.0,0.83035827,0.5989204,0
1.0,0.8409995,0.6357001,0
1.0,0.8287802,0.6456475,0
1.0,0.81325144,0.626468,0
1.0,0.82361376,0.6767287,0
1.0,0.82127273,0.71199995,0
1.0,0.8225381,0.71657753,0
1.0,0.82221997,0.71088207,0
1.0,0.84290224,0.72649074,0
1.0,0.8597673,0.73931617,0
1.0,0.8726505,0.758275,0
1.0,0.87094665,0.75431955,0
1.0,0.88254374,0.7760388,0
1.0,0.89526385,0.8040558,0
1.0,0.89789563,0.8051475,0
1.0,0.88966125,0.7752122,0
1.0,0.89289695,0.7871786,0
1.0,0.8955431,0.8064127,0
1.0,0.88045955,0.77915835,0
1.0,0.8719713,0.77380157,0
1.0,0.8748855,0.7802684,0
1.0,0.8801794,0.7960944,0
1.0,0.86102176,0.78593606,0
1.0,0.83917534,0.76798844,0
1.0,0.84946156,0.8311837,0
1.0,0.8469381,0.8460913,0
1.0,0.8376245,0.8185518,0
1.0,0.83412164,0.80982614,0
1.0,0.86263317,0.8587404,0
1.0,0.86705697,0.8822956,0
1.0,0.8724833,0.91393703,0
1.0,0.8497949,0.8333721,0
1.0,0.8688871,0.85147166,0
1.0,0.8457901,0.80737925,0
1.0,0.82731724,0.75978976,0
1.0,0.7893064,0.71044755,0
1.0,0.8348627,0.76532924,0
1.0,0.7964229,0.6616464,0
1.0,0.81121844,0.70903856,0
1.0,0.77624947,0.6907939,0
1.0,0.8242236,0.8034626,0
1.0,0.79582196,0.7724118,0
1.0,0.8453097,0.84648347,0
1.0,0.81806207,0.8222008,0
1.0,0.85842335,0.9312712,0
1.0,0.83727694,0.88530445,0
1.0,0.8840651,0.98261327,0
1.0,0.8643763,0.9543189,0
1.0,0.8922819,1.001513,0
1.0,0.8718966,0.96013427,0
1.0,0.89808744,1.0201012,0
1.0,0.865026,0.95254016,0
1.0,0.8810769,0.97128797,0
1.0,0.85179955,0.9233232,0
1.0,0.86155456,0.92986816,0
1.0,0.8257287,0.8864125,0
1.0,0.84758925,0.94242233,0
1.0,0.83837444,0.8905998,0
1.0,0.86867297,0.9570254,0
1.0,0.8491299,0.9468485,0
1.0,0.8615715,0.96539354,0
1.0,0.8558198,0.97421074,0
1.0,0.88361156,1.0166104,0
1.0,0.8691361,0.99970686,0
1.0,0.87671095,1.0287044,0
1.0,0.8669523,1.042058,0
1.0,0.88050157,1.0899746,0
1.0,0.8698693,1.034903,0
1.0,0.87883604,1.0664238,0
1.0,0.86743504,1.0746803,0
1.0,0.8695654,1.0582695,0
1.0,0.86597145,1.0526495,0
1.0,0.8665162,1.0301775,0
1.0,0.86001986,0.98072517,0
1.0,0.86526614,1.0179344,0
1.0,0.8615868,1.0335804,0
1.0,0.86767006,1.0184783,0
1.0,0.86252874,1.0205423,0
1.0,0.88227445,1.059008,0
1.0,0.88084733,1.0619906,0
1.0,0.88209957,1.0993084,0
1.0,0.87768173,1.1112132,0
1.0,0.88089854,1.112462,0
1.0,0.87625927,1.1076677,0
1.0,0.8678466,1.1135257,0
1.0,0.85983723,1.1210499,0
1.0,0.8546527,1.1455687,0
1.0,0.85588104,1.1333889,0
1.0,0.86031836,1.0864172,0
1.0,0.85833806,1.089215,0
1.0,0.8651836,1.1140946,0
1.0,0.8690518,1.1099802,0
1.0,0.8747704,1.1147096,0
1.0,0.8677038,1.0793798,0
1.0,0.877678,1.1258276,0
1.0,0.8749325,1.1500158,0
1.0,0.8760216,1.1692992,0
1.0,0.8695806,1.1520952,0
1.0,0.8804047,1.1602547,0
1.0,0.8792845,1.18894,0
1.0,0.87655216,1.2295567,0
1.0,0.8646259,1.2107766,0
1.0,0.87379986,1.2398865,0
1.0,0.87367654,1.2501159,0
1.0,0.87003267,1.2368785,0
1.0,0.8635246,1.2326267,0
1.0,0.8784455,1.2822785,0
1.0,0.88006306,1.2446119,0
1.0,0.8818834,1.2177265,0
1.0,0.8769566,1.1947415,0
1.0,0.89259994,1.229794,0
1.0,0.89406437,1.2503563,0
1.0,0.89432055,1.2307278,0
1.0,0.8833873,1.1701226,0
1.0,0.8901804,1.1721103,0
1.0,0.8853424,1.1726906,0
1.0,0.87852854,1.1618793,0
1.0,0.8774255,1.1516888,0
1.0,0.8802062,1.1368709,0
1.0,0.87816244,1.138685,0
1.0,0.8763086,1.1910164,0
1.0,0.87479603,1.2015202,0
1.0,0.8873273,1.2104869,0
1.0,0.88501745,1.2004595,0
1.0,0.8903858,1.2082534,0
1.0,0.87908214,1.1961709,0
1.0,0.9014064,1.2548263,0
1.0,0.8893169,1.1889446,0
1.0,0.904332,1.188335,0
1.0,0.8854048,1.1146092,0
1.0,0.89791083,1.1391549,0
1.0,0.87947184,1.0938443,0
1.0,0.8964151,1.0571094,0
1.0,0.87153935,0.97801393,0
1.0,0.8877897,1.0134326,0
1.0,0.8711225,0.98101854,0
1.0,0.88557214,1.005987,0
1.0,0.8609375,0.9477977,0
1.0,0.8917134,0.9956799,0
1.0,0.8740819,0.98157936,0
1.0,0.8888014,1.0239193,0
1.0,0.86384714,0.99305034,0
1.0,0.8877646,1.0308387,0
1.0,0.8727238,0.96251416,0
1.0,0.88805467,0.9768508,0
1.0,0.8599361,0.95058644,0
1.0,0.88760597,1.0275836,0
1.0,0.8635109,0.96367383,0
1.0,0.8873782,0.97539383,0
1.0,0.8602963,0.89227617,0
1.0,0.86646634,0.87998486,0
1.0,0.85399425,0.8284777,0
1.0,0.8779061,0.8059975,0
1.0,0.8810715,0.7865267,0
1.0,0.884335,0.80079323,0
1.0,0.8794301,0.803136,0
1.0,0.8861124,0.8229064,0
1.0,0.89105386,0.8119413,0
1.0,0.8818366,0.71763015,0
1.0,0.8669776,0.684066,0
1.0,0.8825832,0.73368526,0
1.0,0.8887783,0.75058043,0
1.0,0.86537004,0.6876205,0
1.0,0.8544774,0.65322626,0
1.0,0.85839075,0.6641303,0
1.0,0.86645156,0.67504525,0
1.0,0.8388439,0.6199434,0
1.0,0.8138442,0.53968465,0
1.0,0.8253087,0.5334503,0
1.0,0.84085387,0.55409324,0
1.0,0.79162174,0.4726969,0
1.0,0.770725,0.42069,0
1.0,0.7764513,0.40818894,0
1.0,0.8078761,0.41811287,0
1.0,0.7593194,0.34745955,0
1.0,0.7289268,0.32217503,0
1.0,0.71796775,0.31303093,0
1.0,0.7065558,0.2775768,0
1.0,0.6464645,0.20039377,0
1.0,0.62186646,0.17078859,0
1.0,0.6309113,0.19001311,0
1.0,0.638743,0.21022905,0
1.0,0.5987201,0.1734775,0
1.0,0.5985617,0.17064157,0
1.0,0.5843648,0.16258782,0
1.0,0.58824193,0.16952853,0
1.0,0.5560185,0.14856397,0
1.0,0.5509196,0.12908617,0
1.0,0.55814743,0.124846086,0
1.0,0.545991,0.11287894,0
1.0,0.5242923,0.103277564,0
1.0,0.53455627,0.107975625,0
1.0,0.54948413,0.10342057,0
1.0,0.53833854,0.09313326,0
1.0,0.5213257,0.09254544,0
1.0,0.5203383,0.096107356,0
1.0,0.5432345,0.10018278,0
1.0,0.52295226,0.09281163,0
1.0,0.5207073,0.08864853,0
1.0,0.4882096,0.08088344,0
1.0,0.5342091,0.0895231,0
1.0,0.5037191,0.08382651,0
1.0,0.5148865,0.07959598,0
1.0,0.48374537,0.07228269,0
1.0,0.53487617,0.08083407,0
1.0,0.49747124,0.0740672,0
1.0,0.50924593,0.076616235,0
1.0,0.47610438,0.06765065,0
1.0,0.5309678,0.073598936,0
1.0,0.5106233,0.07543562,0
1.0,0.52046865,0.07705605,0
1.0,0.48316962,0.07359957,0
1.0,0.5417162,0.07046187,0
1.0,0.54520226,0.054580495,0
1.0,0.54110354,0.05422806,0
1.0,0.5162484,0.05275631,0
1.0,0.54748136,0.058054592,0
1.0,0.57495236,0.05770082,0
1.0,0.5276111,0.05068895,0
1.0,0.5465961,0.050593395,0
1.0,0.53388083,0.050458945,0
1.0,0.55498815,0.0527044,0
1.0,0.5106608,0.051886342,0
1.0,0.55708355,0.053493835,0
1.0,0.54320306,0.053637303,0
1.0,0.5932624,0.054841995,0
1.0,0.5593078,0.047186024,0
1.0,0.5916231,0.046263397,0
1.0,0.58685404,0.04215002,0
1.0,0.61660504,0.047066197,0
1.0,0.58215237,0.043557804,0
1.0,0.6119978,0.049757153,0
1.0,0.6152772,0.05104563,0
1.0,0.6181448,0.0473327,0
1.0,0.5899106,0.04190305,0
1.0,0.5988187,0.042706367,0
1.0,0.60243267,0.045599483,0
1.0,0.5854043,0.041304965,0
1.0,0.5789613,0.04032787,0
1.0,0.61088413,0.048415624,0
1.0,0.65453416,0.060381807,0
1.0,0.62979347,0.054436434,0
1.0,0.64064527,0.05876729,0
1.0,0.66390014,0.063057296,0
1.0,0.7070571,0.07774906,0
1.0,0.65928966,0.06357269,0
1.0,0.6757205,0.07491258,0
1.0,0.6962315,0.08228724,0
1.0,0.73491204,0.09093627,0
1.0,0.674947,0.06647282,0
1.0,0.66179824,0.062142693,0
1.0,0.6917381,0.07356742,0
1.0,0.712957,0.08031694,0
1.0,0.6604857,0.05643057,0
1.0,0.6430175,0.05159026,0
1.0,0.67614156,0.061268285,0
1.0,0.6762179,0.05937981,0
1.0,0.64455825,0.05040738,0
1.0,0.6304376,0.045839526,0
1.0,0.67886996,0.060601685,0
1.0,0.69525474,0.06753734,0
1.0,0.6732621,0.07122101,0
1.0,0.6625026,0.07293028,0
1.0,0.6833272,0.07938141,0
1.0,0.6728171,0.08067797,0
1.0,0.6557003,0.0873874,0
1.0,0.6351251,0.079731986,0
1.0,0.63513696,0.08055521,0
1.0,0.6591679,0.088696755,0
1.0,0.6842147,0.09964186,0
1.0,0.6391432,0.07982652,0
1.0,0.6443538,0.07776602,0
1.0,0.68562657,0.09345379,0
1.0,0.70428693,0.10030283,0
1.0,0.6743778,0.08408488,0
1.0,0.65512943,0.07615478,0
1.0,0.6865889,0.09641603,0
1.0,0.70634675,0.112552114,0
1.0,0.69415504,0.10001342,0
1.0,0.6689001,0.08794736,0
1.0,0.70239806,0.106700405,0
1.0,0.70576894,0.124870874,0
1.0,0.67341685,0.1277702,0
1.0,0.65085244,0.11595187,0
1.0,0.6560067,0.12403998,0
1.0,0.67488736,0.15216082,0
1.0,0.6536272,0.13886407,0
1.0,0.6523942,0.13775796,0
1.0,0.67127985,0.15259263,0
1.0,0.729618,0.19253543,0
1.0,0.6989956,0.16787478,0
1.0,0.7155925,0.1872116,0
1.0,0.7134621,0.1868522,0
1.0,0.7484361,0.20451593,0
1.0,0.7151746,0.17070639,0
1.0,0.69626516,0.15899716,0
1.0,0.696208,0.16479233,0
1.0,0.7497433,0.20066842,0
1.0,0.7101959,0.1704918,0
1.0,0.70493937,0.16691332,0
1.0,0.71465534,0.18523276,0
1.0,0.7446845,0.22294551,0
1.0,0.6976267,0.18962124,0
1.0,0.6861998,0.18873426,0
1.0,0.6988648,0.20214139,0
1.0,0.73726577,0.24444574,0
1.0,0.71468586,0.24321397,0
1.0,0.69788975,0.2310879,0
1.0,0.7168332,0.24640045,0
1.0,0.7431715,0.26269644,0
1.0,0.71801025,0.23913696,0
1.0,0.6814923,0.22685269,0
1.0,0.69104785,0.24498637,0
1.0,0.6594096,0.20539209,0
1.0,0.64852065,0.17652982,0
1.0,0.59770435,0.14342964,0
1.0,0.609306,0.16673619,0
1.0,0.59249187,0.14539024,0
1.0,0.5933622,0.14762056,0
1.0,0.5816685,0.15952855,0
1.0,0.6014882,0.17941621,0
1.0,0.64012355,0.22375481,0
1.0,0.68026125,0.29537362,0
1.0,0.6484648,0.26878098,0
1.0,0.7050336,0.33162427,0
1.0,0.74665904,0.38836902,0
1.0,0.76072884,0.41020906,0
1.0,0.7197911,0.3768862,0
1.0,0.76114804,0.4305566,0
1.0,0.77883434,0.44362503,0
1.0,0.78375995,0.46172357,0
1.0,0.7329397,0.41876578,0
1.0,0.77274275,0.4683118,0
1.0,0.7825341,0.4753945,0
1.0,0.7868968,0.478204,0
1.0,0.74451756,0.4231305,0
1.0,0.7678084,0.46539336,0
1.0,0.7775108,0.49875018,0
1.0,0.7876432,0.5303335,0
1.0,0.7676406,0.5150794,0
1.0,0.80309075,0.57926905,0
1.0,0.81207263,0.64343035,0
1.0,0.83840364,0.725455,0
1.0,0.82531613,0.69231427,0
1.0,0.85582566,0.7408706,0
1.0,0.83493185,0.7297261,0
1.0,0.8282983,0.74835265,0
1.0,0.82991093,0.7815269,0
1.0,0.8388487,0.79477286,0
1.0,0.8194905,0.77676034,0
1.0,0.82160676,0.7928287,0
1.0,0.8209439,0.7787099,0
1.0,0.8266302,0.7952366,0
1.0,0.81435955,0.76982844,0
1.0,0.82120377,0.7679248,0
1.0,0.8253797,0.7993946,0
1.0,0.8302659,0.8270762,0
1.0,0.8210169,0.82004285,0
1.0,0.82091695,0.8361854,0
1.0,0.82302344,0.8509424,0
1.0,0.8279841,0.8759541,0
1.0,0.81721175,0.90928745,0
1.0,0.8190705,0.97234917,0
1.0,0.81271267,0.98763794,0
1.0,0.8209908,1.025939,0
1.0,0.8107293,1.037755,0
1.0,0.806658,1.0570502,0
1.0,0.8075844,1.0635314,0
1.0,0.80456156,1.0672445,0
1.0,0.792233,1.0466547,0
1.0,0.7866879,1.0180097,0
1.0,0.78201574,1.0240369,0
1.0,0.7768152,1.0339895,0
1.0,0.7690963,1.0032151,0
1.0,0.7714199,1.0084082,0
1.0,0.76869863,1.0160142,0
1.0,0.77264816,1.040453,0
1.0,0.76805824,1.0747086,0
1.0,0.77652615,1.1140716,0
1.0,0.77642083,1.1130354,0
1.0,0.78655237,1.1427665,0
1.0,0.78446877,1.1589644,0
1.0,0.7916298,1.2144419,0
1.0,0.7940309,1.2431761,0
1.0,0.80433214,1.2731988,0
1.0,0.8009129,1.2746181,0
1.0,0.79878694,1.2779498,0
1.0,0.7980989,1.2923152,0
1.0,0.8042217,1.3094983,0
1.0,0.799081,1.2997046,0
1.0,0.7966252,1.2980815,0
1.0,0.7891963,1.2867532,0
1.0,0.7900154,1.2948141,0
1.0,0.7817162,1.2407851,0
1.0,0.78412586,1.2163209,0
1.0,0.7776481,1.2076823,0
1.0,0.7816013,1.210052,0
1.0,0.7733829,1.1991689,0
1.0,0.7798392,1.219527,0
1.0,0.7734325,1.2272636,0
1.0,0.78435946,1.2896322,0
1.0,0.77457476,1.2922575,0
1.0,0.7852605,1.3577886,0
1.0,0.7764454,1.3521166,0
1.0,0.7879524,1.3688362,0
1.0,0.77917284,1.3510321,0
1.0,0.7885646,1.3869997,0
1.0,0.78771913,1.4209114,0
1.0,0.80111027,1.4596843,0
1.0,0.7914708,1.4012393,0
1.0,0.804607,1.4218695,0
1.0,0.8014743,1.4165093,0
1.0,0.8000696,1.4285185,0
1.0,0.80013597,1.4419612,0
1.0,0.8025811,1.4186534,0
1.0,0.8080957,1.4182913,0
1.0,0.8030518,1.4403274,0
1.0,0.80663353,1.486373,0
1.0,0.8156268,1.5215445,0
1.0,0.8282908,1.5730922,0
1.0,0.8303219,1.6245794,0
1.0,0.8349913,1.6653208,0
1.0,0.8420157,1.6999595,0
1.0,0.84863776,1.7444533,0
1.0,0.8514004,1.7827551,0
1.0,0.858911,1.8281137,0
1.0,0.8625565,1.8424432,0
1.0,0.8665215,1.8602357,0
1.0,0.86702615,1.8894176,0
1.0,0.869724,1.8885965,0
1.0,0.8683489,1.8831134,0
1.0,0.86282736,1.8770534,0
1.0,0.85896796,1.8368982,0
1.0,0.86087954,1.8208493,0
1.0,0.85923374,1.8026098,0
1.0,0.8549119,1.8055184,0
1.0,0.8610069,1.8719373,0
1.0,0.85666066,1.8782669,0
1.0,0.862874,1.8955138,0
1.0,0.85391444,1.8784165,0
1.0,0.8665588,1.9272374,0
1.0,0.86262226,1.9484248,0
1.0,0.87096995,2.0174773,0
1.0,0.85554653,2.0060632,0
1.0,0.8655355,2.0454235,0
1.0,0.86242765,2.0451307,0
1.0,0.86779714,2.084391,0
1.0,0.86023897,2.0956254,0
1.0,0.8646219,2.0990415,0
1.0,0.8604583,2.0634518,0
1.0,0.85800576,2.0536132,0
1.0,0.8527256,1.9921857,0
1.0,0.8536118,1.9631453,0
1.0,0.8507167,1.9625999,0
1.0,0.8510255,1.9481401,0
1.0,0.84942734,1.9259607,0
1.0,0.8510161,1.899822,0
1.0,0.84788203,1.8945255,0
1.0,0.8504971,1.9326708,0
1.0,0.8490486,1.9199426,0
1.0,0.8507945,1.9392883,0
1.0,0.8493986,1.9716989,0
1.0,0.8523431,1.9771016,0
1.0,0.8500424,1.9671726,0
1.0,0.85206753,2.0045533,0
1.0,0.85460484,2.0166519,0
1.0,0.8542197,2.0048597,0
1.0,0.8510844,1.9848459,0
1.0,0.84766173,1.9431863,0
1.0,0.85015005,1.9435384,0
1.0,0.84425384,1.9177817,0
1.0,0.8374784,1.8793103,0
1.0,0.8337446,1.8542204,0
1.0,0.8350178,1.8169569,0
1.0,0.8287558,1.7720971,0
1.0,0.82661843,1.7599742,0
1.0,0.8282434,1.7458878,0
1.0,0.8367351,1.7808431,0
1.0,0.8361094,1.7790349,0
1.0,0.8343018,1.7499641,0
1.0,0.8358745,1.77077,0
1.0,0.84238535,1.7961854,0
1.0,0.8403305,1.7977495,0
1.0,0.8444188,1.8554512,0
1.0,0.8369995,1.8152788,0
1.0,0.8472763,1.8194234,0
1.0,0.84176934,1.8693494,0
1.0,0.84916157,1.9044459,0
1.0,0.8459294,1.8865428,0
1.0,0.85661274,1.9173439,0
1.0,0.8482853,1.85313,0
1.0,0.8541829,1.8447357,0
1.0,0.8470641,1.812679,0
1.0,0.85537136,1.7931437,0
1.0,0.8498084,1.7569718,0
1.0,0.85529697,1.7578044,0
1.0,0.8480588,1.7190963,0
1.0,0.85643905,1.7447236,0
1.0,0.863746,1.7653444,0
1.0,0.8693567,1.7643198,0
1.0,0.8642384,1.7511945,0
1.0,0.8615662,1.7612748,0
1.0,0.8616635,1.7809576,0
1.0,0.8657001,1.8011127,0
1.0,0.8601186,1.7820563,0
1.0,0.8604451,1.8145428,0
1.0,0.86108124,1.8623552,0
1.0,0.8636907,1.8545722,0
1.0,0.8728087,1.8728659,0
1.0,0.8720786,1.8425405,0
1.0,0.8775419,1.8378223,0
1.0,0.8722102,1.8353689,0
1.0,0.87410814,1.8099201,0
1.0,0.86457425,1.785863,0
1.0,0.8665281,1.7876089,0
1.0,0.85525626,1.6843832,0
1.0,0.86181253,1.6939292,0
1.0,0.85567147,1.7330673,0
1.0,0.8689945,1.7278767,0
1.0,0.8779887,1.7490888,0
1.0,0.8971654,1.8507974,0
1.0,0.89618206,1.8303468,0
1.0,0.8972027,1.8282228,0
1.0,0.89489454,1.858779,0
1.0,0.90255743,1.864929,0
1.0,0.8987688,1.8636843,0
1.0,0.8992424,1.9104178,0
1.0,0.89602226,1.9154224,0
1.0,0.90673673,1.9497758,0
1.0,0.8996614,1.9203972,0
1.0,0.89734143,1.8960818,0
1.0,0.8908355,1.8933507,0
1.0,0.8936247,1.8942,0
1.0,0.8833891,1.8361124,0
1.0,0.8801822,1.81023,0
1.0,0.87052757,1.7463039,0
1.0,0.8788912,1.7628999,0
1.0,0.8661271,1.7324107,0
1.0,0.8677201,1.6913271,0
1.0,0.87038773,1.7117462,0
1.0,0.88300484,1.7659223,0
1.0,0.87641335,1.7719405,0
1.0,0.8737531,1.7962325,0
1.0,0.8620013,1.788459,0
1.0,0.8590539,1.8392107,0
1.0,0.85253304,1.8174093,0
1.0,0.8455363,1.7868421,0
1.0,0.83713245,1.8246372,0
1.0,0.84697336,1.8711643,0
1.0,0.84140223,1.7946754,0
1.0,0.844498,1.7723165,0
1.0,0.8354624,1.7186515,0
1.0,0.84571004,1.7042309,0
1.0,0.8411923,1.6939448,0
1.0,0.8449196,1.6981674,0
1.0,0.83956206,1.6525999,0
1.0,0.8489687,1.6731739,0
1.0,0.8428341,1.6664,0
1.0,0.84102905,1.6886597,0
1.0,0.839627,1.7114987,0
1.0,0.8502257,1.7217224,0
1.0,0.8515292,1.7249559,0
1.0,0.8543195,1.7599092,0
1.0,0.8475835,1.736269,0
1.0,0.8575155,1.7560843,0
1.0,0.85508686,1.7536044,0
1.0,0.84853995,1.7248893,0
1.0,0.8413815,1.7417144,0
1.0,0.84908736,1.8116989,0
1.0,0.8391289,1.761857,0
1.0,0.8401574,1.7215092,0
1.0,0.83647895,1.6745353,0
1.0,0.84408426,1.6626889,0
1.0,0.8353302,1.6047522,0
1.0,0.8425056,1.6046209,0
1.0,0.8381737,1.5626984,0
1.0,0.8512104,1.5295427,0
1.0,0.840939,1.5069406,0
1.0,0.8455493,1.5196267,0
1.0,0.8313719,1.4563867,0
1.0,0.84516615,1.500134,0
1.0,0.83643955,1.4838492,0
1.0,0.8417638,1.5032378,0
1.0,0.82505304,1.4786057,0
1.0,0.8368609,1.5066111,0
1.0,0.82154953,1.4842328,0
1.0,0.8258275,1.4995985,0
1.0,0.8008678,1.428772,0
1.0,0.80951846,1.4383178,0
1.0,0.7875564,1.3539803,0
1.0,0.7998891,1.3342215,0
1.0,0.78447765,1.2658045,0
1.0,0.7898921,1.2667572,0
1.0,0.78174454,1.2604715,0
1.0,0.788411,1.250172,0
1.0,0.7651152,1.172034,0
1.0,0.77147067,1.1858829,0
1.0,0.7675304,1.1619704,0
1.0,0.74682575,1.107002,0
1.0,0.74687606,1.1177747,0
1.0,0.73395044,1.0780487,0
1.0,0.7593829,1.1269736,0
1.0,0.74879134,1.1129367,0
1.0,0.7727049,1.1679623,0
1.0,0.7622682,1.1515394,0
1.0,0.78376764,1.1942992,0
1.0,0.7804141,1.1726418,0
1.0,0.79155505,1.1780331,0
1.0,0.7784128,1.1292757,0
1.0,0.7942168,1.1365993,0
1.0,0.780509,1.0947549,0
1.0,0.79211026,1.1054766,0
1.0,0.77785945,1.0419078,0
1.0,0.79314005,1.0570865,0
1.0,0.7838281,1.029935,0
1.0,0.7842835,1.0082606,0
1.0,0.7748833,0.9727887,0
1.0,0.7793566,0.9574226,0
1.0,0.77236253,0.94988346,0
1.0,0.77397066,0.9676761,0
1.0,0.760307,0.9394306,0
1.0,0.76416826,0.98327714,0
1.0,0.7642774,0.989094,0
1.0,0.7608317,0.9649553,0
1.0,0.75448966,0.9511707,0
1.0,0.7553172,0.9200945,0
1.0,0.7461511,0.9058449,0
1.0,0.74736416,0.92029274,0
1.0,0.7289798,0.86669147,0
1.0,0.7309996,0.87418926,0
1.0,0.7045822,0.8181242,0
1.0,0.71915686,0.78909844,0
1.0,0.70812005,0.7309135,0
1.0,0.7275611,0.7481883,0
1.0,0.71393245,0.71017426,0
1.0,0.74233276,0.75398636,0
1.0,0.7255884,0.72663087,0
1.0,0.75579375,0.7721679,0
1.0,0.7435123,0.7393087,0
1.0,0.7603108,0.76359475,0
1.0,0.74748373,0.7555031,0
1.0,0.7804201,0.82995653,0
1.0,0.76497227,0.81346846,0
1.0,0.77867174,0.84972274,0
1.0,0.7704192,0.838812,0
1.0,0.7977563,0.8909681,0
1.0,0.7881278,0.8834312,0
1.0,0.7881062,0.8919101,0
1.0,0.77818567,0.8684864,0
1.0,0.7970033,0.8811463,0
1.0,0.79784,0.8597665,0
1.0,0.78949726,0.8348522,0
1.0,0.80318093,0.8330167,0
1.0,0.82085407,0.8223349,0
1.0,0.8331105,0.82439053,0
1.0,0.8255309,0.80218285,0
1.0,0.8422059,0.859249,0
1.0,0.8401713,0.88394105,0
1.0,0.84097046,0.8690821,0
1.0,0.83553404,0.8478856,0
1.0,0.8572758,0.8854658,0
1.0,0.85450524,0.87235475,0
1.0,0.8521943,0.88469756,0
1.0,0.8523748,0.8974316,0
1.0,0.8646657,0.9177928,0
1.0,0.8562579,0.90737915,0
1.0,0.85609764,0.91733146,0
1.0,0.84739125,0.90135705,0
1.0,0.85302705,0.8826606,0
1.0,0.85795057,0.863616,0
1.0,0.85813326,0.8518454,0
1.0,0.8642103,0.8515847,0
1.0,0.8652374,0.83843416,0
1.0,0.8742853,0.82874405,0
1.0,0.8580189,0.7636083,0
1.0,0.8634843,0.74805737,0
1.0,0.8384958,0.6986433,0
1.0,0.85761976,0.7225614,0
1.0,0.83181024,0.6747831,0
1.0,0.8451574,0.6831391,0
1.0,0.80465215,0.61470604,0
1.0,0.8367442,0.68007416,0
1.0,0.81228673,0.6408978,0
1.0,0.8141261,0.6253003,0
1.0,0.75720316,0.5513743,0
1.0,0.78236693,0.5827174,0
1.0,0.7503751,0.5258933,0
1.0,0.75039274,0.53712523,0
1.0,0.6971079,0.43052799,0
1.0,0.7313304,0.4368294,0
1.0,0.7050224,0.39890257,0
1.0,0.721841,0.4151921,0
1.0,0.6794651,0.3571953,0
1.0,0.6887701,0.35222614,0
1.0,0.65199035,0.29427034,0
1.0,0.6380343,0.27399132,0
1.0,0.6017899,0.2361088,0
1.0,0.5930861,0.23111276,0
1.0,0.5871537,0.2231696,0
1.0,0.57190347,0.1969606,0
1.0,0.5860741,0.20690446,0
1.0,0.5791779,0.20867613,0
1.0,0.57453597,0.21349978,0
1.0,0.5584777,0.21045426,0
1.0,0.57574296,0.22754969,0
1.0,0.5630038,0.2088528,0
1.0,0.5692718,0.21898413,0
1.0,0.55521506,0.20986429,0
1.0,0.588379,0.23540798,0
1.0,0.5747762,0.21775118,0
1.0,0.59806114,0.22223473,0
1.0,0.57598853,0.19373813,0
1.0,0.6128644,0.22560045,0
1.0,0.60734695,0.21662697,0
1.0,0.6135716,0.21756198,0
1.0,0.59140635,0.1992283,0
1.0,0.6236046,0.2283907,0
1.0,0.6490854,0.25711617,0
1.0,0.66190374,0.2784354,0
1.0,0.6453961,0.26478422,0
1.0,0.6623862,0.28454828,0
1.0,0.6897311,0.32674497,0
1.0,0.67883235,0.32580984,0
1.0,0.6702092,0.31744105,0
1.0,0.6724566,0.34006867,0
1.0,0.69577366,0.3772179,0
1.0,0.69765997,0.37346974,0
1.0,0.6928989,0.37995774,0
1.0,0.6958943,0.3954466,0
1.0,0.7197038,0.41423273,0
1.0,0.7355102,0.42851204,0
1.0,0.73145777,0.4271614,0
1.0,0.7238283,0.4181822,0
1.0,0.74357957,0.43299237,0
1.0,0.747137,0.4340527,0
1.0,0.7645166,0.45176905,0
1.0,0.7438525,0.42401615,0
1.0,0.76664567,0.48013133,0
1.0,0.7834566,0.5168648,0
1.0,0.8092433,0.55635494,0
1.0,0.8010834,0.55379474,0
1.0,0.8063142,0.56639946,0
1.0,0.8164205,0.61376685,0
1.0,0.81481695,0.6238235,0
1.0,0.80442095,0.6066713,0
1.0,0.8085914,0.6380836,0
1.0,0.83011323,0.67612743,0
1.0,0.8279339,0.6777481,0
1.0,0.826687,0.6896956,0
1.0,0.83265847,0.68732035,0
1.0,0.85006267,0.70103836,0
1.0,0.84136987,0.6862191,0
1.0,0.84350735,0.6866475,0
1.0,0.84544814,0.675282,0
1.0,0.852104,0.67786324,0
1.0,0.8357274,0.6453879,0
1.0,0.83089733,0.6086366,0
1.0,0.82605594,0.59826225,0
1.0,0.8349677,0.6332937,0
1.0,0.80933124,0.60183644,0
1.0,0.826687,0.64547765,0
1.0,0.83321756,0.6820259,0
1.0,0.8499704,0.7210249,0
1.0,0.8242511,0.68700844,0
1.0,0.8480887,0.74110055,0
1.0,0.84336936,0.75600815,0
1.0,0.85050285,0.7925198,0
1.0,0.8258374,0.7658804,0
1.0,0.8507252,0.80949783,0
1.0,0.8576169,0.79669416,0
1.0,0.8634857,0.79214865,0
1.0,0.8432662,0.7591881,0
1.0,0.8644053,0.7999585,0
1.0,0.8700957,0.83077836,0
1.0,0.86464995,0.813918,0
1.0,0.84731627,0.78596294,0
1.0,0.84967315,0.810472,0
1.0,0.8571473,0.8189538,0
1.0,0.8509529,0.83097756,0
1.0,0.84036,0.83222073,0
1.0,0.84319687,0.8388097,0
1.0,0.8537044,0.90177035,0
1.0,0.84584606,0.9248229,0
1.0,0.83764035,0.9233967,0
1.0,0.8345442,0.9290237,0
1.0,0.82666737,0.91545427,0
1.0,0.8069462,0.90911967,0
1.0,0.7955757,0.936545,0
1.0,0.78965944,0.9462126,0
1.0,0.79858476,0.99021524,0
1.0,0.7991418,0.9906045,0
1.0,0.8070349,0.98212117,0
1.0,0.8018373,0.95888436,0
1.0,0.8026487,0.9505675,0
1.0,0.7998337,0.95361674,0
1.0,0.81132805,1.0027958,0
1.0,0.791095,0.9704853,0
1.0,0.79446256,0.98531735,0
1.0,0.784689,0.99582726,0
1.0,0.79014885,1.051428,0
1.0,0.7875894,1.0639861,0
1.0,0.80323946,1.1138881,0
1.0,0.8031471,1.1462969,0
1.0,0.8155182,1.1865389,0
1.0,0.81262994,1.2065847,0
1.0,0.8373736,1.2698586,0
1.0,0.82637525,1.2451925,0
1.0,0.8397186,1.3052886,0
1.0,0.8283277,1.3002095,0
1.0,0.8394483,1.313905,0
1.0,0.8298432,1.2729983,0
1.0,0.8447205,1.3019794,0
1.0,0.8316845,1.2692759,0
1.0,0.83297867,1.2598556,0
1.0,0.8303463,1.2776586,0
1.0,0.83852893,1.2999638,0
1.0,0.83198464,1.292036,0
1.0,0.835428,1.3551509,0
1.0,0.82842016,1.3624985,0
1.0,0.82969165,1.3528383,0
1.0,0.83295363,1.3793825,0
1.0,0.8390423,1.3902173,0
1.0,0.8362277,1.4003749,0
1.0,0.83834547,1.458703,0
1.0,0.8417383,1.4768789,0
1.0,0.8412843,1.4756788,0
1.0,0.8312227,1.4584718,0
1.0,0.8250278,1.4262815,0
1.0,0.82222044,1.4198878,0
1.0,0.81139565,1.4163935,0
1.0,0.8146339,1.405302,0
1.0,0.8082314,1.3474363,0
1.0,0.8189735,1.3771896,0
1.0,0.8155001,1.3719772,0
1.0,0.81834817,1.3563159,0
1.0,0.8068968,1.3179121,0
1.0,0.81430334,1.3262587,0
1.0,0.810756,1.3230393,0
1.0,0.79795814,1.2931029,0
1.0,0.7925475,1.2721577,0
1.0,0.790236,1.271224,0
1.0,0.7927313,1.2980909,0
1.0,0.7845696,1.3108249,0
1.0,0.7841984,1.3438709,0
1.0,0.77884597,1.3731326,0
1.0,0.7809741,1.3811377,0
1.0,0.77857393,1.3321164,0
1.0,0.7858006,1.3312098,0
1.0,0.78602535,1.3282936,0
1.0,0.7925448,1.3218776,0
1.0,0.7999641,1.3056059,0
1.0,0.7998904,1.2734258,0
1.0,0.81497544,1.2796977,0
1.0,0.8122782,1.2588682,0
1.0,0.81303465,1.2411163,0
1.0,0.8158656,1.2364113,0
1.0,0.8253797,1.2540618,0
1.0,0.8258321,1.2498016,0
1.0,0.8297226,1.2732524,0
1.0,0.8250268,1.278059,0
1.0,0.8302249,1.3010495,0
1.0,0.8279024,1.2921312,0
1.0,0.8341077,1.2772999,0
1.0,0.8265749,1.2480675,0
1.0,0.8328825,1.2789336,0
1.0,0.8313835,1.2876363,0
1.0,0.8427103,1.3036479,0
1.0,0.84086263,1.2936628,0
1.0,0.85080284,1.3112421,0
1.0,0.8458675,1.2747111,0
1.0,0.8550092,1.2859275,0
1.0,0.84375817,1.2517602,0
1.0,0.84463006,1.2114092,0
1.0,0.83698595,1.1636304,0
1.0,0.8317022,1.146234,0
1.0,0.8239103,1.0983672,0
1.0,0.81612045,1.0280206,0
1.0,0.8217183,1.025425,0
1.0,0.82432556,1.023771,0
1.0,0.8184232,0.9982369,0
1.0,0.80971664,1.0131072,0
1.0,0.81309503,1.0138837,0
1.0,0.81345063,0.9885393,0
1.0,0.8194521,1.0197127,0
1.0,0.81735593,1.0291052,0
1.0,0.82494324,1.0417335,0
1.0,0.8312391,1.057481,0
1.0,0.8308139,1.033066,0
1.0,0.828501,1.0019042,0
1.0,0.82939196,0.98677444,0
1.0,0.8308038,0.95815635,0
1.0,0.82511145,0.9218527,0
1.0,0.81933016,0.88907003,0
1.0,0.82313836,0.86752796,0
1.0,0.8157816,0.83952343,0
1.0,0.80894613,0.8247045,0
1.0,0.80153906,0.811554,0
1.0,0.80581015,0.7990416,0
1.0,0.8114574,0.80731773,0
1.0,0.8196802,0.8454024,0
1.0,0.81566375,0.84720886,0
1.0,0.8245738,0.86967933,0
1.0,0.82986885,0.8819383,0
1.0,0.8435112,0.89335775,0
1.0,0.8406055,0.8887218,0
1.0,0.8414178,0.9054316,0
1.0,0.83950454,0.8941428,0
1.0,0.8409464,0.8816568,0
1.0,0.83218384,0.8654047,0
1.0,0.83079624,0.8466013,0
1.0,0.8245005,0.8294734,0
1.0,0.82917863,0.85070235,0
1.0,0.8313802,0.82238483,0
1.0,0.8294584,0.78807545,0
1.0,0.8233845,0.7732119,0
1.0,0.8220443,0.765313,0
1.0,0.82036895,0.7529441,0
1.0,0.81909984,0.74417156,0
1.0,0.8200623,0.7371346,0
1.0,0.81215763,0.71708536,0
1.0,0.82831764,0.75726426,0
1.0,0.827987,0.7692239,0
1.0,0.8205231,0.7665895,0
1.0,0.8050639,0.7486669,0
1.0,0.81867164,0.7672235,0
1.0,0.79869413,0.7349422,0
1.0,0.78868973,0.7304005,0
1.0,0.76334536,0.67912936,0
1.0,0.7825188,0.68508637,0
1.0,0.7635443,0.644245,0
1.0,0.77021813,0.6431583,0
1.0,0.7432142,0.59488595,0
1.0,0.77917874,0.61427486,0
1.0,0.7504891,0.54401445,0
1.0,0.76661,0.5816429,0
1.0,0.7382492,0.53494704,0
1.0,0.76537395,0.56327605,0
1.0,0.7389611,0.5325531,0
1.0,0.7426472,0.52815795,0
1.0,0.73722386,0.51570904,0
1.0,0.7785799,0.5944092,0
1.0,0.7629508,0.58159983,0
1.0,0.7732794,0.6030762,0
1.0,0.77498156,0.6295721,0
1.0,0.78574353,0.62762415,0
1.0,0.792011,0.6329713,0
1.0,0.79685295,0.65694106,0
1.0,0.80760384,0.66463315,0
1.0,0.8070077,0.665834,0
1.0,0.8310806,0.7055963,0
1.0,0.8147124,0.66977394,0
1.0,0.823159,0.6664289,0
1.0,0.8066366,0.62140024,0
1.0,0.8375436,0.6671505,0
1.0,0.81602985,0.60992885,0
1.0,0.8225485,0.6030302,0
1.0,0.7879698,0.5627606,0
1.0,0.8280702,0.6165036,0
1.0,0.80554676,0.59161687,0
1.0,0.838521,0.6592195,0
1.0,0.8022093,0.6016548,0
1.0,0.8526529,0.68423164,0
1.0,0.8513615,0.6929966,0
1.0,0.86892,0.71728337,0
1.0,0.8074148,0.63765436,0
1.0,0.8449119,0.7158214,0
1.0,0.8281512,0.6745059,0
1.0,0.84515,0.7029118,0
1.0,0.7894211,0.62929535,0
1.0,0.8040958,0.63064647,0
1.0,0.7995142,0.602161,0
1.0,0.81617767,0.6263001,0
1.0,0.7846986,0.55693847,0
1.0,0.76814604,0.52421933,0
1.0,0.8007875,0.578192,0
1.0,0.80293125,0.5436373,0
1.0,0.78394943,0.5199813,0
1.0,0.75395507,0.49515182,0
1.0,0.77865136,0.52022845,0
1.0,0.78113043,0.53540915,0
1.0,0.7673627,0.5019225,0
1.0,0.74547285,0.4614497,0
1.0,0.75747925,0.49873456,0
1.0,0.7315409,0.4719242,0
1.0,0.7125043,0.45835647,0
1.0,0.70537096,0.46438688,0
1.0,0.7188894,0.4902576,0
1.0,0.72479934,0.5086849,0
1.0,0.72238964,0.51013386,0
1.0,0.7397449,0.5301117,0
1.0,0.75627184,0.5404463,0
1.0,0.7515163,0.5205225,0
1.0,0.73186475,0.4837031,0
1.0,0.74303883,0.50297165,0
1.0,0.7412859,0.50433433,0
1.0,0.7276242,0.4855191,0
1.0,0.7049734,0.45549524,0
1.0,0.72303885,0.47567648,0
1.0,0.72400945,0.4850048,0
1.0,0.7272079,0.5011736,0
1.0,0.7086147,0.49352455,0
1.0,0.7294915,0.55682313,0
1.0,0.7266334,0.5722985,0
1.0,0.7343512,0.59224164,0
1.0,0.72335416,0.5846958,0
1.0,0.7293934,0.60603887,0
1.0,0.7288064,0.6152205,0
1.0,0.734047,0.6356332,0
1.0,0.7305343,0.6381664,0
1.0,0.7173676,0.62160754,0
1.0,0.71423185,0.6217601,0
1.0,0.69327253,0.5887067,0
1.0,0.6862268,0.59481466,0
1.0,0.6719726,0.58850634,0
1.0,0.6688936,0.5797564,0
1.0,0.66460073,0.5822972,0
1.0,0.6683788,0.5989531,0
1.0,0.66530144,0.5888135,0
1.0,0.6671924,0.5980243,0
1.0,0.66532576,0.60081476,0
1.0,0.66662234,0.6013948,0
1.0,0.66184413,0.60544217,0
1.0,0.6617242,0.620543,0
1.0,0.65733266,0.6162182,0
1.0,0.66016144,0.62538195,0
1.0,0.65094745,0.63488305,0
1.0,0.6578549,0.6557209,0
1.0,0.65062875,0.6391544,0
1.0,0.6583498,0.658373,0
1.0,0.65423113,0.65019584,0
1.0,0.65881634,0.6488117,0
1.0,0.6549246,0.66019773,0
1.0,0.66649634,0.6768373,0
1.0,0.6691254,0.65563935,0
1.0,0.6817383,0.6724528,0
1.0,0.68437237,0.6751203,0
1.0,0.69681007,0.70666915,0
1.0,0.7014896,0.73347664,0
1.0,0.71211034,0.7428538,0
1.0,0.71170884,0.7509639,0
1.0,0.71992517,0.7884166,0
1.0,0.7232354,0.80999905,0
1.0,0.7318524,0.8548001,0
1.0,0.7289961,0.85397613,0
1.0,0.738971,0.874874,0
1.0,0.7422869,0.8926777,0
1.0,0.74928653,0.90487087,0
1.0,0.7431533,0.90963024,0
1.0,0.7527815,0.9372034,0
1.0,0.7478727,0.9225054,0
1.0,0.75808847,0.9427106,0
1.0,0.7458143,0.92162424,0
1.0,0.7498637,0.93338346,0
1.0,0.74462104,0.9203248,0
1.0,0.75100607,0.9217013,0
1.0,0.73699164,0.9019174,0
1.0,0.7382115,0.9184273,0
1.0,0.7301572,0.89927846,0
1.0,0.73353314,0.9163079,0
1.0,0.719852,0.90255165,0
1.0,0.72504115,0.91066194,0
1.0,0.71596336,0.9239678,0
1.0,0.72520703,0.97944397,0
1.0,0.7124225,0.9386036,0
1.0,0.73002243,0.9603478,0
1.0,0.72429574,0.9577859,0
1.0,0.7325143,0.9832573,0
1.0,0.7234831,0.98807895,0
1.0,0.7437792,1.0164747,0
1.0,0.7368155,0.974959,0
1.0,0.7487815,1.0015649,0
1.0,0.74108225,0.9709412,0
1.0,0.7453262,0.9562241,0
1.0,0.7564374,0.957481,0
1.0,0.7457681,0.9106708,0
1.0,0.7554415,0.9438393,0
1.0,0.75094175,0.94306535,0
1.0,0.75412554,0.9576787,0
1.0,0.74727476,0.9534096,0
1.0,0.7592716,0.96252847,0
1.0,0.76096827,0.95424604,0
1.0,0.763829,0.9591539,0
1.0,0.7518038,0.97312796,0
1.0,0.7684886,1.0174178,0
1.0,0.7613075,0.98564774,0
1.0,0.7777537,1.0197014,0
1.0,0.76806664,0.9981235,0
1.0,0.7790493,1.0272024,0
1.0,0.78435296,1.0428756,0
1.0,0.7825788,1.0051894,0
1.0,0.784068,0.9869742,0
1.0,0.7865951,0.9853047,0
1.0,0.78633565,0.96987045,0
1.0,0.78374225,0.94360507,0
1.0,0.7789623,0.89255416,0
1.0,0.7844919,0.8894172,0
1.0,0.78914815,0.90501344,0
1.0,0.77547705,0.8806249,0
1.0,0.78060025,0.900521,0
1.0,0.77495056,0.88156796,0
1.0,0.79373956,0.9216059,0
1.0,0.7823641,0.9253227,0
1.0,0.7883489,0.94009924,0
1.0,0.77671665,0.93368435,0
1.0,0.7891894,0.96722454,0
1.0,0.77279955,0.9324767,0
1.0,0.7780919,0.9502978,0
1.0,0.7596654,0.9025525,0
1.0,0.7789321,0.91311836,0
1.0,0.7627176,0.85075396,0
1.0,0.7776159,0.8719592,0
1.0,0.76258266,0.8385103,0
1.0,0.76785445,0.8354682,0
1.0,0.7661957,0.85564375,0
1.0,0.7661817,0.8213063,0
1.0,0.7636398,0.7931807,0
1.0,0.7600422,0.80876136,0
1.0,0.7666191,0.8212255,0
1.0,0.76024437,0.816657,0
1.0,0.7624195,0.8269472,0
1.0,0.75628465,0.8340539,0
1.0,0.7712843,0.89334387,0
1.0,0.7711456,0.9077025,0
1.0,0.7768641,0.930966,0
1.0,0.76847225,0.91529816,0
1.0,0.7874134,0.9428512,0
1.0,0.784843,0.96536493,0
1.0,0.796762,1.0127485,0
1.0,0.7878641,0.98239934,0
1.0,0.8128395,1.0237381,0
1.0,0.8128591,1.0101249,0
1.0,0.8257364,1.0018373,0
1.0,0.81663543,0.97177684,0
1.0,0.83616483,1.0290146,0
1.0,0.83113456,1.0214282,0
1.0,0.8410349,1.0305501,0
1.0,0.8408521,1.0463221,0
1.0,0.850549,1.0822661,0
1.0,0.84587246,1.0713345,0
1.0,0.8492256,1.1105049,0
1.0,0.84802204,1.1522322,0
1.0,0.855879,1.1918974,0
1.0,0.8474305,1.1799644,0
1.0,0.85047805,1.2075024,0
1.0,0.8536698,1.243171,0
1.0,0.86085874,1.264337,0
1.0,0.8597163,1.276557,0
1.0,0.8587011,1.2675837,0
1.0,0.86437213,1.263389,0
1.0,0.86532325,1.2779971,0
1.0,0.8610841,1.2669153,0
1.0,0.8631782,1.2638738,0
1.0,0.8711616,1.2496177,0
1.0,0.8686894,1.2122295,0
1.0,0.8667241,1.1894321,0
1.0,0.85946405,1.1667988,0
1.0,0.86696506,1.2134867,0
1.0,0.8622492,1.2179999,0
1.0,0.8564838,1.1866,0
1.0,0.8517773,1.1689644,0
1.0,0.845394,1.1932006,0
1.0,0.84845996,1.2607278,0
1.0,0.83702654,1.2539735,0
1.0,0.8430946,1.2870823,0
1.0,0.8397128,1.2987858,0
1.0,0.84650195,1.3201287,0
1.0,0.8496899,1.3531728,0
1.0,0.86355144,1.3973,0
1.0,0.86513835,1.401715,0
1.0,0.8670069,1.4077758,0
1.0,0.862304,1.4177425,0
1.0,0.87026536,1.4699637,0
1.0,0.8632129,1.4460422,0
1.0,0.8679395,1.4521929,0
1.0,0.8668102,1.4472556,0
1.0,0.86788255,1.4579904,0
1.0,0.86330813,1.4801095,0
1.0,0.8783197,1.5344616,0
1.0,0.88034475,1.5770845,0
1.0,0.8936981,1.6557726,0
1.0,0.8874499,1.6840897,0
1.0,0.8969211,1.7833011,0
1.0,0.89279777,1.842319,0
1.0,0.9083097,1.9215181,0
1.0,0.9071866,1.9436058,0
1.0,0.91339433,1.9924245,0
1.0,0.9149171,2.047474,0
1.0,0.9234981,2.1270683,0
1.0,0.924975,2.1235743,0
1.0,0.92817724,2.1279013,0
1.0,0.92471206,2.1321778,0
1.0,0.9241243,2.1244617,0
1.0,0.9169804,2.0831137,0
1.0,0.9226497,2.0398972,0
1.0,0.91787785,1.9824111,0
1.0,0.92445713,1.991444,0
1.0,0.91821337,2.048403,0
1.0,0.9296163,2.1588554,0
1.0,0.9303977,2.1701715,0
1.0,0.94567287,2.2527103,0
1.0,0.9453934,2.251264,0
1.0,0.94674623,2.2691588,0
1.0,0.9423433,2.3160505,0
1.0,0.951057,2.342336,0
1.0,0.95109195,2.3672733,0
1.0,0.94946426,2.420526,0
1.0,0.9493055,2.4698772,0
1.0,0.95328104,2.496056,0
1.0,0.95039994,2.5457482,0
1.0,0.9522603,2.6071653,0
1.0,0.9517943,2.5487115,0
1.0,0.95837045,2.5506387,0
1.0,0.953539,2.5606687,0
1.0,0.95592284,2.5131607,0
1.0,0.9568319,2.4441679,0
1.0,0.9651155,2.4378357,0
1.0,0.96271527,2.4733245,0
1.0,0.9653099,2.537219,0
1.0,0.9666255,2.567596,0
1.0,0.9718159,2.592842,0
1.0,0.9717467,2.6063497,0
1.0,0.9723031,2.6144528,0
1.0,0.97065634,2.633522,0
1.0,0.9708082,2.6830976,0
1.0,0.96979845,2.7297337,0
1.0,0.9693346,2.760939,0
1.0,0.96729994,2.7764292,0
1.0,0.9663776,2.86836,0
1.0,0.9629908,2.9058087,0
1.0,0.96220475,2.790059,0
1.0,0.96448207,2.7395608,0
1.0,0.96621734,2.7086196,0
1.0,0.96646744,2.7175577,0
1.0,0.9656484,2.766995,0
1.0,0.9690624,2.74798,0
1.0,0.97044015,2.6854544,0
1.0,0.97122407,2.648977,0
1.0,0.9687468,2.5993779,0
1.0,0.9681921,2.5711613,0
1.0,0.96428716,2.5677996,0
1.0,0.9672289,2.5096989,0
1.0,0.9626819,2.4084854,0
1.0,0.96462005,2.4289615,0
1.0,0.9584781,2.4222975,0
1.0,0.9586398,2.3565958,0
1.0,0.95226026,2.2923536,0
1.0,0.9545867,2.3038592,0
1.0,0.9457563,2.2647521,0
1.0,0.94333136,2.2043817,0
1.0,0.9337901,2.1309955,0
1.0,0.9368257,2.0921333,0
1.0,0.92815536,2.0016937,0
1.0,0.92589134,1.9810907,0
1.0,0.916113,1.980408,0
1.0,0.91683483,1.9508058,0
1.0,0.9047192,1.877114,0
1.0,0.8986312,1.8194735,0
1.0,0.8861283,1.75976,0
1.0,0.87223995,1.7511873,0
1.0,0.85348153,1.6484668,0
1.0,0.83704364,1.5117702,0
1.0,0.82796526,1.5119623,0
1.0,0.8165971,1.5049798,0
1.0,0.81064564,1.4926729,0
1.0,0.78412825,1.4016013,0
1.0,0.77843714,1.3346279,0
1.0,0.771589,1.286816,0
1.0,0.77231246,1.2803006,0
1.0,0.7563059,1.2387763,0
1.0,0.7636012,1.2176588,0
1.0,0.76938486,1.18501,0
1.0,0.7953843,1.19628,0
1.0,0.79878914,1.1536188,0
1.0,0.807118,1.1905826,0
1.0,0.8164081,1.208168,0
1.0,0.83950144,1.2160705,0
1.0,0.8323554,1.2178006,0
1.0,0.8343132,1.236996,0
1.0,0.8446263,1.2554146,0
1.0,0.85905653,1.3118843,0
1.0,0.85003,1.2883891,0
1.0,0.84860706,1.264838,0
1.0,0.85821366,1.2879454,0
1.0,0.86501104,1.2982382,0
1.0,0.8646858,1.2696999,0
1.0,0.8603522,1.2220181,0
1.0,0.87416977,1.2533062,0
1.0,0.87363803,1.2832694,0
1.0,0.87954587,1.2907032,0
1.0,0.8741229,1.2504786,0
1.0,0.89152354,1.2532907,0
1.0,0.8931062,1.2272475,0
1.0,0.8969909,1.2035941,0
1.0,0.8985832,1.1818237,0
1.0,0.89708817,1.1456726,0
1.0,0.89619154,1.112682,0
1.0,0.88791424,1.1331911,0
1.0,0.88796395,1.1520087,0
1.0,0.8829641,1.1261401,0
1.0,0.88795346,1.1499872,0
1.0,0.88580567,1.1558686,0
1.0,0.88996565,1.1821585,0
1.0,0.88317025,1.1905484,0
1.0,0.8859941,1.2017821,0
1.0,0.8861826,1.193194,0
1.0,0.8807127,1.14563,0
1.0,0.87645257,1.1620579,0
1.0,0.8813615,1.2014554,0
1.0,0.88359666,1.1856679,0
1.0,0.88667125,1.1608653,0
1.0,0.88856953,1.136657,0
1.0,0.8992642,1.1339939,0
1.0,0.89347225,1.1638513,0
1.0,0.9062576,1.2475284,0
1.0,0.89923954,1.199697,0
1.0,0.9154223,1.1974688,0
1.0,0.9028733,1.1784687,0
1.0,0.9035767,1.2035588,0
1.0,0.8982065,1.2423642,0
1.0,0.926209,1.2801641,0
1.0,0.9189659,1.2256031,0
1.0,0.9277831,1.2678931,0
1.0,0.9205767,1.29409,0
1.0,0.9231608,1.3247647,0
1.0,0.9226458,1.3357843,0
1.0,0.92876846,1.3246765,0
1.0,0.9207833,1.3297229,0
1.0,0.92799395,1.4060644,0
1.0,0.92214316,1.3795605,0
1.0,0.9341815,1.3812221,0
1.0,0.9322338,1.3567798,0
1.0,0.9394731,1.3342673,0
1.0,0.9342634,1.3411348,0
1.0,0.9435911,1.3928703,0
1.0,0.9412297,1.3785064,0
1.0,0.9459597,1.392267,0
1.0,0.93989587,1.3860517,0
1.0,0.9409036,1.3950385,0
1.0,0.9310804,1.4178445,0
1.0,0.93076354,1.4333152,0
1.0,0.9318196,1.4375203,0
1.0,0.9371252,1.4965148,0
1.0,0.934517,1.544287,0
1.0,0.9247234,1.5494037,0
1.0,0.92830914,1.5532012,0
1.0,0.9296376,1.5121467,0
1.0,0.93174154,1.5026664,0
1.0,0.93000174,1.5140766,0
1.0,0.93186504,1.5690409,0
1.0,0.92881185,1.5741339,0
1.0,0.9386777,1.5316964,0
1.0,0.9350817,1.4809043,0
1.0,0.94285095,1.508139,0
1.0,0.93547976,1.4896526,0
1.0,0.9410522,1.4535784,0
1.0,0.937047,1.4156332,0
1.0,0.9406662,1.3984427,0
1.0,0.9381656,1.3959968,0
1.0,0.9388888,1.4789654,0
1.0,0.9305338,1.5077443,0
1.0,0.9326201,1.5012527,0
1.0,0.93985116,1.5045563,0
1.0,0.9448854,1.5181634,0
1.0,0.94957733,1.5594482,0
1.0,0.9477918,1.5595045,0
1.0,0.9536387,1.5235507,0
1.0,0.9590842,1.5100963,0
1.0,0.956464,1.4853818,0
1.0,0.95049536,1.4932468,0
1.0,0.95311403,1.481314,0
1.0,0.95602894,1.3963739,0
1.0,0.94894755,1.3545904,0
1.0,0.94276446,1.3241724,0
1.0,0.94098824,1.2836463,0
1.0,0.94012696,1.2688837,0
1.0,0.9340906,1.2157861,0
1.0,0.92507464,1.1212339,0
1.0,0.9208198,1.0899527,0
1.0,0.9211171,1.1597098,0
1.0,0.9272166,1.2814448,0
1.0,0.92668587,1.3249562,0
1.0,0.9395655,1.3097038,0
1.0,0.93731934,1.2751358,0
1.0,0.94813603,1.3228776,0
1.0,0.9336744,1.3687136,0
1.0,0.9423838,1.37112,0
1.0,0.9360305,1.3468361,0
1.0,0.9364658,1.3338798,0
1.0,0.9242423,1.340231,0
1.0,0.9268272,1.4462335,0
1.0,0.8872629,1.2795935,0
1.0,0.8908188,1.1671546,0
1.0,0.87640125,1.0936453,0
1.0,0.88977987,1.1240184,0
1.0,0.8453488,1.1156087,0
1.0,0.8710697,1.1881232,0
1.0,0.8580305,1.1259708,0
1.0,0.88347524,1.1998034,0
1.0,0.86275196,1.2078918,0
1.0,0.8790977,1.2386363,0
1.0,0.885164,1.248385,0
1.0,0.90814304,1.3152149,0
1.0,0.8903653,1.2618523,0
1.0,0.8795668,1.2337629,0
1.0,0.8766216,1.2523893,0
1.0,0.8892291,1.313043,0
1.0,0.8863193,1.2868161,0
1.0,0.86307615,1.2342787,0
1.0,0.87909293,1.393508,0
1.0,0.8670584,1.4570034,0
1.0,0.86614794,1.4178765,0
1.0,0.8581466,1.287811,0
1.0,0.8889272,1.2362404,0
1.0,0.8903215,1.2233222,0
1.0,0.91493917,1.3190491,0
1.0,0.9106586,1.4733272,0
1.0,0.9331287,1.6115406,0
1.0,0.9432108,1.6307509,0
1.0,0.95651066,1.6644114,0
1.0,0.9457139,1.7200103,0
1.0,0.95211625,1.7985324,0
1.0,0.9462235,1.7677798,0
1.0,0.95212275,1.7989321,0
1.0,0.9448914,1.8257147,0
1.0,0.94726825,2.038828,0
1.0,0.95080376,2.2257857,0
1.0,0.9555062,2.1860657,0
1.0,0.9556792,2.1150308,0
1.0,0.9599127,2.0947938,0
1.0,0.9565172,2.0961232,0
1.0,0.9608069,2.2115455,0
1.0,0.96175194,2.3550818,0
1.0,0.9662529,2.3463242,0
1.0,0.9649733,2.2981186,0
1.0,0.96066827,2.2923038,0
1.0,0.9498499,2.4097157,0
1.0,0.94531584,2.4564497,0
1.0,0.95502007,2.4653301,0
1.0,0.9510486,2.5911698,0
1.0,0.9496121,2.6400082,0
1.0,0.9427025,2.5215635,0
1.0,0.9365079,2.5150757,0
1.0,0.9319019,2.508433,0
1.0,0.9408246,2.5715795,0
1.0,0.9309061,2.6316788,0
1.0,0.9247656,2.6500897,0
1.0,0.90476865,2.6046014,0
1.0,0.9078768,2.5215783,0
1.0,0.90500385,2.3668365,0
1.0,0.8981684,2.341699,0
1.0,0.87980914,2.3609185,0
1.0,0.9020539,2.4331875,0
1.0,0.8911463,2.3441596,0
1.0,0.9058499,2.3233845,0
1.0,0.88281685,2.2475166,0
1.0,0.90051955,2.3683217,0
1.0,0.88047487,2.269394,0
1.0,0.9071951,2.228061,0
1.0,0.910926,2.274868,0
1.0,0.9454181,2.3911805,0
1.0,0.9455489,2.4014194,0
1.0,0.9520458,2.4607823,0
1.0,0.9455507,2.43875,0
1.0,0.9580837,2.3949788,0
1.0,0.95827425,2.4212763,0
1.0,0.9622765,2.49123,0
1.0,0.9614746,2.5715938,0
1.0,0.96416634,2.543569,0
1.0,0.9614567,2.4547222,0
1.0,0.96807396,2.4344335,0
1.0,0.9667937,2.3240318,0
1.0,0.96795046,2.304802,0
1.0,0.967251,2.3302174,0
1.0,0.97330743,2.2720501,0
1.0,0.9720256,2.230515,0
1.0,0.9732431,2.2143705,0
1.0,0.96799034,2.1782746,0
1.0,0.9672451,2.2229352,0
1.0,0.9693197,2.256166,0
1.0,0.9720563,2.1839018,0
1.0,0.9695361,2.1764212,0
1.0,0.97171766,2.2585204,0
1.0,0.96892625,2.2428179,0
1.0,0.971446,2.199616,0
1.0,0.96990776,2.1676526,0
1.0,0.9691908,2.151351,0
1.0,0.9675369,2.1782427,0
1.0,0.9663313,2.1375303,0
1.0,0.95966715,2.0224376,0
1.0,0.959855,1.9596831,0
1.0,0.95932937,1.8919793,0
1.0,0.9577175,1.8914392,0
1.0,0.9557123,1.9101517,0
1.0,0.95539176,1.8478211,0
1.0,0.95645034,1.7102072,0
1.0,0.9561396,1.634959,0
1.0,0.9542532,1.6249859,0
1.0,0.9460739,1.643091,0
1.0,0.9523526,1.6442246,0
1.0,0.95191485,1.564439,0
1.0,0.9567288,1.562363,0
1.0,0.9538091,1.5582575,0
1.0,0.9574138,1.5852988,0
1.0,0.94843906,1.6214657,0
1.0,0.95730937,1.6231197,0
1.0,0.9524032,1.5556481,0
1.0,0.9551811,1.5574392,0
1.0,0.94394785,1.5835404,0
1.0,0.9390188,1.6135623,0
1.0,0.9339799,1.5316741,0
1.0,0.94064647,1.4671637,0
1.0,0.9291447,1.4282582,0
1.0,0.9258664,1.4205918,0
1.0,0.91485995,1.4123752,0
1.0,0.9085708,1.3541877,0
1.0,0.90034556,1.2869053,0
1.0,0.88570654,1.2533568,0
1.0,0.8744105,1.2469747,0
1.0,0.86070156,1.2047372,0
1.0,0.85111314,1.1601152,0
1.0,0.8460637,1.0993583,0
1.0,0.8467777,1.0802631,0
1.0,0.8340453,1.0953043,0
1.0,0.81298274,1.0780567,0
1.0,0.80888355,1.0498574,0
1.0,0.84318227,1.1000903,0
1.0,0.8213407,1.0810871,0
1.0,0.8137674,1.0722579,0
1.0,0.78683937,0.9971395,0
1.0,0.8132878,0.974928,0
1.0,0.80419964,0.8920866,0
1.0,0.81241727,0.86070156,0
1.0,0.812566,0.8589419,0
1.0,0.85375786,0.93077344,0
1.0,0.83654517,0.8526592,0
1.0,0.842411,0.7666224,0
1.0,0.8336013,0.7069223,0
1.0,0.84631974,0.7228402,0
1.0,0.83815384,0.7165675,0
1.0,0.8236648,0.6369476,0
1.0,0.82722646,0.55000544,0
1.0,0.84543496,0.589364,0
1.0,0.8751861,0.6553028,0
1.0,0.8851101,0.65851486,0
1.0,0.8713228,0.6237534,0
1.0,0.88396233,0.6336243,0
1.0,0.868083,0.6236947,0
1.0,0.8598179,0.6334835,0
1.0,0.83655727,0.5833422,0
1.0,0.8379501,0.5516637,0
1.0,0.8223463,0.5191021,0
1.0,0.77808684,0.44518387,0
1.0,0.7557392,0.4170254,0
1.0,0.7468037,0.40363744,0
1.0,0.7282271,0.3446083,0
1.0,0.6812881,0.30089876,0
1.0,0.650261,0.2978174,0
1.0,0.6240681,0.28101707,0
1.0,0.58970946,0.24329357,0
1.0,0.5493267,0.22676224,0
1.0,0.54652786,0.24960127,0
1.0,0.56095487,0.31155363,0
1.0,0.5538812,0.30882397,0
1.0,0.50665605,0.29507217,0
1.0,0.5138125,0.30704486,0
1.0,0.48556694,0.31936622,0
1.0,0.44786537,0.34083903,0
1.0,0.39520645,0.34133595,0
1.0,0.42992353,0.37801632,0
1.0,0.4140316,0.43860918,0
1.0,0.44384095,0.44660354,0
1.0,0.41764796,0.44126242,0
1.0,0.47545132,0.46513218,0
1.0,0.4294922,0.44249207,0
1.0,0.46880746,0.45170057,0
1.0,0.40245405,0.43211043,0
1.0,0.4273315,0.48581234,0
1.0,0.39769128,0.4607423,0
1.0,0.4386959,0.46081233,0
1.0,0.42003626,0.4748965,0
1.0,0.45642573,0.48257518,0
1.0,0.43587357,0.46282932,0
1.0,0.47357124,0.5333567,0
1.0,0.4570776,0.52523696,0
1.0,0.47553185,0.54339635,0
1.0,0.45858583,0.53408045,0
1.0,0.47629637,0.54188585,0
1.0,0.45652324,0.5566852,0
1.0,0.47395515,0.5585265,0
1.0,0.47285908,0.56306565,0
1.0,0.48449996,0.57705104,0
1.0,0.46922466,0.5667348,0
1.0,0.47619173,0.5881153,0
1.0,0.47468254,0.55066484,0
1.0,0.47124687,0.555618,0
1.0,0.4458434,0.55886245,0
1.0,0.41355667,0.55834603,0
1.0,0.42363432,0.61895156,0
1.0,0.41461104,0.59619033,0
1.0,0.43658024,0.5936302,0
1.0,0.4404698,0.6003699,0
1.0,0.44252908,0.5382447,0
1.0,0.4386584,0.60112774,0
1.0,0.44470966,0.6464571,0
1.0,0.44483346,0.6439389,0
1.0,0.44725636,0.65623415,0
1.0,0.4294694,0.6511663,0
1.0,0.4282169,0.6903591,0
1.0,0.44141856,0.719378,0
1.0,0.46145248,0.70117044,0
1.0,0.4629399,0.730268,0
1.0,0.4687888,0.72765976,0
1.0,0.4644295,0.7337339,0
1.0,0.48270723,0.77461565,0
1.0,0.4847159,0.70557547,0
1.0,0.5000755,0.7278065,0
1.0,0.49553636,0.7376758,0
1.0,0.5025648,0.74076957,0
1.0,0.49729767,0.8278013,0
1.0,0.51312697,0.82373047,0
1.0,0.5142183,0.81707406,0
1.0,0.523696,0.8188056,0
1.0,0.51343215,0.82374275,0
1.0,0.5207245,0.9203193,0
1.0,0.5181601,0.90154845,0
1.0,0.55039597,0.92527807,0
1.0,0.5465586,0.9392157,0
1.0,0.53995216,0.94710505,0
1.0,0.529404,0.95877326,0
1.0,0.5678838,0.89838207,0
1.0,0.5675935,0.8784729,0
1.0,0.5518938,0.915275,0
1.0,0.5351246,0.88040346,0
1.0,0.54944634,0.9870528,0
1.0,0.5532941,0.94035923,0
1.0,0.5358375,0.87665206,0
1.0,0.54616016,0.8830304,0
1.0,0.5360303,0.87008137,0
1.0,0.54089934,0.89243007,0
1.0,0.5204546,0.86943024,0
1.0,0.5452686,0.8014314,0
1.0,0.5512097,0.82176733,0
1.0,0.5561064,0.79851127,0
1.0,0.5170102,0.81373936,0
1.0,0.5422305,0.9160663,0
1.0,0.539059,0.8905456,0
1.0,0.5701053,0.91432136,0
1.0,0.5239749,0.89093286,0
1.0,0.54721177,0.885058,0
1.0,0.5256614,0.91528076,0
1.0,0.53683245,0.8262807,0
1.0,0.5226219,0.79351795,0
1.0,0.5163746,0.78979844,0
1.0,0.49075013,0.8021921,0
1.0,0.48396656,0.8177687,0
1.0,0.47868675,0.7277684,0
1.0,0.4948048,0.71412677,0
1.0,0.47515863,0.68626344,0
1.0,0.47789502,0.68246865,0
1.0,0.46241778,0.6921632,0
1.0,0.474287,0.6889353,0
1.0,0.47732094,0.6980717,0
1.0,0.4988563,0.7376839,0
1.0,0.5367412,0.8354302,0
1.0,0.56842685,0.9386092,0
1.0,0.6298525,0.9085734,0
1.0,0.66029483,0.9126191,0
1.0,0.63830507,0.8912399,0
1.0,0.6648789,0.91812736,0
1.0,0.69173783,1.0294099,0
1.0,0.67698264,1.0725002,0
1.0,0.6837063,1.0632898,0
1.0,0.7519656,1.2415938,0
1.0,0.77573,1.2976701,0
1.0,0.76202136,1.2746884,0
1.0,0.7661254,1.2203059,0
1.0,0.78730744,1.1664772,0
1.0,0.8075518,1.1973784,0
1.0,0.8136765,1.2871907,0
1.0,0.84966457,1.5194167,0
1.0,0.89169174,1.6736333,0
1.0,0.9134891,1.6897312,0
1.0,0.91805387,1.8079445,0
1.0,0.9357484,1.8684365,0
1.0,0.95170426,1.9033856,0
1.0,0.9472583,1.9692152,0
1.0,0.9378675,2.0367692,0
1.0,0.93274844,2.0589564,0
1.0,0.94400567,2.1279879,0
1.0,0.93640184,2.1128635,0
1.0,0.93075806,2.0782833,0
1.0,0.9364447,2.1773362,0
1.0,0.9483309,2.299944,0
1.0,0.93817234,2.2441492,0
1.0,0.94176036,2.194942,0
1.0,0.9398809,2.053343,0
1.0,0.938103,1.9785625,0
1.0,0.92767674,2.11805,0
1.0,0.93158394,2.306783,0
1.0,0.9326176,2.3246627,0
1.0,0.9489032,2.3994808,0
1.0,0.9412549,2.3898559,0
1.0,0.94226897,2.3687673,0
1.0,0.93146634,2.3383808,0
1.0,0.95049846,2.3792543,0
1.0,0.93209636,2.3353386,0
1.0,0.9363108,2.3507993,0
1.0,0.92412275,2.433745,0
1.0,0.9347328,2.5771542,0
1.0,0.92336404,2.5162976,0
1.0,0.93496335,2.5249193,0
1.0,0.92515093,2.4208264,0
1.0,0.9305224,2.3857105,0
1.0,0.933561,2.3864772,0
1.0,0.93791294,2.2884252,0
1.0,0.9392892,2.272291,0
1.0,0.93752056,2.3513622,0
1.0,0.94263935,2.464043,0
1.0,0.94470614,2.4003074,0
1.0,0.9517424,2.385601,0
1.0,0.9486428,2.3724937,0
1.0,0.9457783,2.4855435,0
1.0,0.9446221,2.5256782,0
1.0,0.94584835,2.463595,0
1.0,0.9434626,2.3895645,0
1.0,0.94454306,2.4103804,0
1.0,0.94312614,2.568036,0
1.0,0.9461329,2.793732,0
1.0,0.9260273,2.736984,0
1.0,0.9349898,2.6605887,0
1.0,0.93329835,2.564104,0
1.0,0.93766165,2.5588374,0
1.0,0.933475,2.5982084,0
1.0,0.934001,2.5680797,0
1.0,0.9367887,2.4827933,0
1.0,0.9393054,2.5220823,0
1.0,0.9385035,2.5828724,0
1.0,0.930802,2.5954487,0
1.0,0.93997324,2.645975,0
1.0,0.93724614,2.5625668,0
1.0,0.9408995,2.4735603,0
1.0,0.93461645,2.563686,0
1.0,0.9544962,2.940482,0
1.0,0.94843847,2.9921532,0
1.0,0.9603626,2.998685,0
1.0,0.95918345,2.956398,0
1.0,0.9676223,2.9816442,0
1.0,0.96105117,2.986592,0
1.0,0.96250576,3.0384767,0
1.0,0.95612985,2.9134765,0
1.0,0.96402895,2.891967,0
1.0,0.9622612,2.9454682,0
1.0,0.9672802,3.0515082,0
1.0,0.9600621,2.9498136,0
1.0,0.96584386,2.9318945,0
1.0,0.96417725,2.9553287,0
1.0,0.9657385,2.934744,0
1.0,0.9605118,2.9242682,0
1.0,0.9631405,2.9314814,0
1.0,0.9621419,2.7433696,0
1.0,0.9620528,2.756553,0
1.0,0.9619273,2.8876495,0
1.0,0.9603268,2.879113,0
1.0,0.9589238,2.9518666,0
1.0,0.95868033,3.0020819,0
1.0,0.95394415,2.9134877,0
1.0,0.95332575,2.9136906,0
1.0,0.9521525,2.9304297,0
1.0,0.9583351,2.89754,0
1.0,0.9597448,2.9066372,0
1.0,0.9652983,2.990615,0
1.0,0.9677193,3.0491428,0
1.0,0.9678684,3.0149221,0
1.0,0.96614665,2.8819532,0
1.0,0.9625234,2.53151,0
1.0,0.9611736,2.4051218,0
1.0,0.95886517,2.4347198,0
1.0,0.95849586,2.5378208,0
1.0,0.95536584,2.5632691,0
1.0,0.9552486,2.586258,0
1.0,0.95709014,2.635694,0
1.0,0.9533468,2.5841327,0
1.0,0.9524898,2.5706553,0
1.0,0.9560213,2.570345,0
1.0,0.95814574,2.4793463,0
1.0,0.9542632,2.4287288,0
1.0,0.95831877,2.500548,0
1.0,0.9624422,2.4509115,0
1.0,0.9620451,2.4065754,0
1.0,0.9594878,2.4122396,0
1.0,0.9595786,2.3099046,0
1.0,0.96144193,2.2793431,0
1.0,0.9586262,2.2198663,0
1.0,0.96235555,2.0369296,0
1.0,0.9584921,1.985991,0
1.0,0.9609481,2.0729296,0
1.0,0.9616367,2.2346878,0
1.0,0.9654655,2.3045254,0
1.0,0.96488667,2.3003519,0
1.0,0.96677065,2.3292248,0
1.0,0.96430594,2.3306894,0
1.0,0.9632743,2.2983408,0
1.0,0.96071774,2.2399182,0
1.0,0.96239805,2.1419883,0
1.0,0.9602181,2.098885,0
1.0,0.9645241,2.1577291,0
1.0,0.9640805,2.3290248,0
1.0,0.960902,2.3077085,0
1.0,0.95924336,2.2598927,0
1.0,0.9506707,2.1617098,0
1.0,0.93926966,2.1197333,0
1.0,0.9196596,2.0578053,0
1.0,0.9196319,2.0037463,0
1.0,0.9093403,1.9069779,0
1.0,0.9054186,1.8719057,0
1.0,0.8855644,1.8701915,0
1.0,0.8900275,1.9212105,0
1.0,0.87725234,1.8852322,0
1.0,0.8708923,1.8267303,0
1.0,0.8562441,1.8475118,0
1.0,0.8530116,1.8670375,0
1.0,0.82552266,1.8045418,0
1.0,0.81359905,1.7985961,0
1.0,0.79667735,1.7305305,0
1.0,0.814001,1.7824028,0
1.0,0.77412707,1.7990141,0
1.0,0.78030705,1.8148847,0
1.0,0.76399684,1.680968,0
1.0,0.7844104,1.5134184,0
1.0,0.7484977,1.3845692,0
1.0,0.7525181,1.413919,0
1.0,0.74756324,1.363035,0
1.0,0.7845173,1.350647,0
1.0,0.7700533,1.2797515,0
1.0,0.79734737,1.3347561,0
1.0,0.78036827,1.364099,0
1.0,0.8283124,1.5094974,0
1.0,0.81756294,1.5979308,0
1.0,0.8506604,1.586592,0
1.0,0.84765434,1.5342376,0
1.0,0.8799726,1.6099946,0
1.0,0.8763228,1.6302423,0
1.0,0.8841582,1.6405072,0
1.0,0.8640053,1.5843908,0
1.0,0.88019234,1.535331,0
1.0,0.8630898,1.5157417,0
1.0,0.8822896,1.6320515,0
1.0,0.8531989,1.5600897,0
1.0,0.8639569,1.5479423,0
1.0,0.8686876,1.5444822,0
1.0,0.88759255,1.5702628,0
1.0,0.8649685,1.4635848,0
1.0,0.87443584,1.491874,0
1.0,0.90450656,1.5544419,0
1.0,0.9158097,1.5054989,0
1.0,0.90228415,1.4757454,0
1.0,0.9037086,1.4896181,0
1.0,0.9105559,1.4553235,0
1.0,0.922824,1.4821223,0
1.0,0.9172573,1.4322355,0
1.0,0.92416745,1.4038684,0
1.0,0.92670554,1.4196379,0
1.0,0.93088317,1.4402884,0
1.0,0.92569494,1.4421232,0
1.0,0.93699116,1.4832916,0
1.0,0.9376713,1.4928477,0
1.0,0.9428469,1.4926527,0
1.0,0.93314636,1.4109709,0
1.0,0.9337116,1.3835354,0
1.0,0.94025815,1.2778132,0
1.0,0.9378479,1.1504194,0
1.0,0.9315651,1.1382959,0
1.0,0.92719626,1.1729455,0
1.0,0.9273115,1.1953132,0
1.0,0.9087203,1.14256,0
1.0,0.90471375,1.1231195,0
1.0,0.88260174,1.09003,0
1.0,0.8657529,1.037707,0
1.0,0.85156316,0.98140985,0
1.0,0.8351977,0.9115169,0
1.0,0.8214606,0.86922,0
1.0,0.8071547,0.8457919,0
1.0,0.7636139,0.8802012,0
1.0,0.74260986,0.84373295,0
1.0,0.7199995,0.775891,0
1.0,0.73523915,0.7779314,0
1.0,0.68826413,0.70860124,0
1.0,0.6941789,0.7171285,0
1.0,0.6317665,0.6537254,0
1.0,0.67230535,0.6653969,0
1.0,0.6225325,0.5944412,0
1.0,0.61741173,0.58085656,0
1.0,0.5591118,0.52936524,0
1.0,0.5606002,0.53267336,0
1.0,0.52036786,0.49858773,0
1.0,0.5093922,0.4421666,0
1.0,0.49281868,0.42892933,0
1.0,0.50943816,0.4490865,0
1.0,0.48694107,0.4378598,0
1.0,0.4867971,0.4339466,0
1.0,0.47297537,0.41928443,0
1.0,0.51373357,0.4287771,0
1.0,0.4794689,0.40827388,0
1.0,0.48745435,0.44279608,0
1.0,0.46055743,0.44024965,0
1.0,0.48380065,0.4078828,0
1.0,0.4449009,0.4082299,0
1.0,0.45934963,0.41519773,0
1.0,0.42054653,0.39384353,0
1.0,0.44406095,0.40634486,0
1.0,0.42260617,0.38830534,0
1.0,0.42100403,0.3753278,0
1.0,0.39431068,0.39098227,0
1.0,0.36613736,0.38597977,0
1.0,0.36088577,0.31267583,0
1.0,0.36434698,0.29029036,0
1.0,0.37747207,0.29687786,0
1.0,0.36540723,0.29630893,0
1.0,0.3722004,0.2957803,0
1.0,0.37268013,0.29694343,0
1.0,0.39409584,0.29012173,0
1.0,0.3843151,0.29156482,0
1.0,0.39405757,0.27886757,0
1.0,0.37967208,0.27952397,0
1.0,0.38000983,0.30704618,0
1.0,0.34531012,0.30501297,0
1.0,0.35506192,0.29283732,0
1.0,0.33828622,0.3117492,0
1.0,0.34649953,0.3083287,0
1.0,0.33025864,0.31746185,0
1.0,0.34459946,0.30693382,0
1.0,0.3431315,0.32621437,0
1.0,0.34011966,0.33995712,0
1.0,0.32703537,0.33973002,0
1.0,0.30826762,0.34594452,0
1.0,0.31972954,0.32119846,0
1.0,0.31374857,0.3058437,0
1.0,0.31876788,0.31693226,0
1.0,0.31174394,0.28908402,0
1.0,0.3190814,0.31530502,0
1.0,0.31634095,0.31710678,0
1.0,0.32763153,0.31354195,0
1.0,0.31976062,0.30786195,0
1.0,0.3431149,0.300258,0
1.0,0.3378805,0.24860077,0
1.0,0.3467907,0.25353205,0
1.0,0.34561566,0.24743375,0
1.0,0.35948306,0.26192135,0
1.0,0.38144052,0.25836483,0
1.0,0.3606753,0.25942087,0
1.0,0.35850433,0.25994235,0
1.0,0.36220914,0.25824684,0
1.0,0.3994082,0.25115305,0
1.0,0.36988226,0.2556885,0
1.0,0.38078535,0.24600533,0
1.0,0.35567382,0.25489816,0
1.0,0.40208316,0.22010377,0
1.0,0.36364335,0.23228502,0
1.0,0.38214776,0.23007783,0
1.0,0.36386475,0.21572365,0
1.0,0.4070908,0.21652779,0
1.0,0.3765732,0.23906675,0
1.0,0.40772566,0.24158427,0
1.0,0.38313374,0.26505002,0
1.0,0.4163982,0.25302547,0
1.0,0.3673541,0.25213748,0
1.0,0.4099416,0.2541669,0
1.0,0.387983,0.2514622,0
1.0,0.4171152,0.26330176,0
1.0,0.37883723,0.25142574,0
1.0,0.36384317,0.26411712,0
1.0,0.36130166,0.240421,0
1.0,0.3622877,0.2329601,0
1.0,0.36256698,0.238807,0
1.0,0.3580207,0.23691261,0
1.0,0.3632662,0.23546489,0
1.0,0.34435448,0.23504925,0
1.0,0.34891713,0.23076084,0
1.0,0.3439595,0.23019397,0
1.0,0.38373402,0.21643937,0
1.0,0.42254156,0.22735874,0
1.0,0.45865804,0.24165125,0
1.0,0.47533652,0.24652165,0
1.0,0.6007436,0.30033302,0
1.0,0.6229038,0.31303537,0
1.0,0.60191834,0.31117272,0
1.0,0.59256,0.29619506,0
1.0,0.7062068,0.34963363,0
1.0,0.7023438,0.346037,0
1.0,0.67697924,0.32466894,0
1.0,0.62738997,0.30203986,0
1.0,0.6982961,0.34622657,0
1.0,0.70512867,0.32855526,0
1.0,0.68566793,0.26270694,0
1.0,0.6468325,0.23261932,0
1.0,0.7420319,0.28439355,0
1.0,0.7601369,0.30353147,0
1.0,0.7065772,0.24485634,0
1.0,0.6750925,0.21396562,0
1.0,0.72940755,0.26664028,0
1.0,0.7562706,0.3105281,0
1.0,0.72132695,0.28389686,0
1.0,0.67293483,0.21682413,0
1.0,0.6683527,0.19935586,0
1.0,0.6228645,0.17439932,0
1.0,0.5717209,0.14897326,0
1.0,0.5135758,0.12478336,0
1.0,0.5516963,0.15093862,0
1.0,0.51532406,0.13850564,0
1.0,0.47819862,0.12575494,0
1.0,0.45066145,0.1282093,0
1.0,0.4750639,0.1341714,0
1.0,0.4438897,0.12388412,0
1.0,0.4121591,0.11926136,0
1.0,0.41462252,0.11938086,0
1.0,0.45639414,0.11709943,0
1.0,0.4117396,0.12266059,0
1.0,0.39608043,0.12831214,0
1.0,0.39918676,0.12647304,0
1.0,0.4344571,0.13005182,0
1.0,0.40270033,0.13070449,0
1.0,0.40192142,0.13583753,0
1.0,0.39815393,0.13599232,0
1.0,0.45457637,0.1252044,0
1.0,0.41983438,0.14389083,0
1.0,0.4058507,0.14963539,0
1.0,0.39954275,0.15391758,0
1.0,0.46061733,0.16186053,0
1.0,0.42437938,0.16819057,0
1.0,0.40588605,0.15762071,0
1.0,0.39360857,0.15962116,0
1.0,0.38412377,0.15413941,0
1.0,0.35152003,0.16506532,0
1.0,0.3600478,0.17119527,0
1.0,0.34226215,0.17917666,0
1.0,0.34337777,0.18685748,0
1.0,0.33304945,0.2224454,0
1.0,0.3507287,0.21510965,0
1.0,0.3288981,0.22244528,0
1.0,0.33596748,0.19957384,0
1.0,0.33569196,0.20469461,0
1.0,0.37225246,0.19432493,0
1.0,0.32530305,0.22796644,0
1.0,0.3366094,0.21519522,0
1.0,0.31459278,0.22853659,0
1.0,0.34163082,0.21688432,0
1.0,0.31573102,0.23786567,0
1.0,0.32918847,0.2416027,0
1.0,0.31507325,0.24516171,0
1.0,0.34505957,0.22181417,0
1.0,0.3101682,0.2376911,0
1.0,0.33930868,0.22469865,0
1.0,0.3171789,0.26128647,0
1.0,0.35995445,0.25954187,0
1.0,0.31469992,0.2770077,0
1.0,0.31604385,0.2789557,0
1.0,0.30579364,0.27555966,0
1.0,0.3166506,0.28313327,0
1.0,0.30085152,0.2894077,0
1.0,0.30846745,0.27775925,0
1.0,0.3093171,0.2943107,0
1.0,0.32490352,0.29108527,0
1.0,0.30206314,0.31565088,0
1.0,0.32453978,0.30730146,0
1.0,0.30464146,0.3042367,0
1.0,0.3146677,0.30419952,0
1.0,0.3151478,0.30301556,0
1.0,0.32272255,0.29863697,0
1.0,0.3187581,0.2684424,0
1.0,0.31891277,0.2724211,0
1.0,0.31339252,0.28121284,0
1.0,0.3271235,0.27707812,0
1.0,0.3270865,0.29405534,0
1.0,0.34224492,0.30060667,0
1.0,0.32823768,0.276071,0
1.0,0.343848,0.28466347,0
1.0,0.353171,0.27844292,0
1.0,0.35648838,0.2892348,0
1.0,0.3430745,0.2835704,0
1.0,0.34059924,0.27274036,0
1.0,0.339249,0.27206278,0
1.0,0.34889847,0.2788389,0
1.0,0.33744833,0.28277397,0
1.0,0.35666725,0.27916592,0
1.0,0.41768956,0.25371033,0
1.0,0.4279949,0.23407212,0
1.0,0.4824014,0.26140666,0
1.0,0.47784173,0.25265443,0
1.0,0.53510505,0.27259523,0
1.0,0.5173467,0.26402888,0
1.0,0.5695557,0.29172683,0
1.0,0.5789248,0.27685773,0
1.0,0.63996696,0.27654222,0
1.0,0.58578897,0.24756187,0
1.0,0.636023,0.2772588,0
1.0,0.61468893,0.2852365,0
1.0,0.66901946,0.33718163,0
1.0,0.5943847,0.25658756,0
1.0,0.6460526,0.29146343,0
1.0,0.6201613,0.2719035,0
1.0,0.6404654,0.30078167,0
1.0,0.56653786,0.2730248,0
1.0,0.6335309,0.31199664,0
1.0,0.63842833,0.3191176,0
1.0,0.70490384,0.3661076,0
1.0,0.6156801,0.3209585,0
1.0,0.6653751,0.3985212,0
1.0,0.629567,0.3438108,0
1.0,0.61180836,0.32436758,0
1.0,0.52072275,0.25557533,0
1.0,0.50761294,0.24937317,0
1.0,0.49731806,0.26227942,0
1.0,0.47659275,0.24332449,0
1.0,0.4404375,0.21238266,0
1.0,0.4322654,0.20286861,0
1.0,0.42458975,0.19532205,0
1.0,0.42742285,0.20325428,0
1.0,0.4179427,0.20048559,0
1.0,0.40708104,0.18827121,0
1.0,0.41532028,0.1906838,0
1.0,0.41686246,0.1979755,0
1.0,0.42215738,0.21029331,0
1.0,0.42399916,0.226942,0
1.0,0.445342,0.23333925,0
1.0,0.4676437,0.24393232,0
1.0,0.44600978,0.22857663,0
1.0,0.44287127,0.23245849,0
1.0,0.45361,0.2254242,0
1.0,0.5154912,0.24887958,0
1.0,0.49421713,0.24270493,0
1.0,0.52853954,0.26251137,0
1.0,0.5162957,0.2547869,0
1.0,0.5804927,0.30312544,0
1.0,0.5458104,0.2535357,0
1.0,0.59094495,0.27428967,0
1.0,0.5656442,0.25701502,0
1.0,0.6345638,0.31995714,0
1.0,0.56613004,0.23442097,0
1.0,0.632921,0.25262517,0
1.0,0.6059512,0.22547282,0
1.0,0.67327136,0.28300035,0
1.0,0.6370711,0.26124662,0
1.0,0.7007585,0.35148123,0
1.0,0.6791067,0.30540362,0
1.0,0.7214769,0.34520474,0
1.0,0.70666367,0.35182533,0
1.0,0.7193498,0.3748752,0
1.0,0.685399,0.33895013,0
1.0,0.7169079,0.37181437,0
1.0,0.70360684,0.35284302,0
1.0,0.7266983,0.37725195,0
1.0,0.67248946,0.3188604,0
1.0,0.67579514,0.3171564,0
1.0,0.6937903,0.30605045,0
1.0,0.7104048,0.29100752,0
1.0,0.6770689,0.26698345,0
1.0,0.69036525,0.28186598,0
1.0,0.7055076,0.30217475,0
1.0,0.71460336,0.3169676,0
1.0,0.67258084,0.27132922,0
1.0,0.6959583,0.29994804,0
1.0,0.7225072,0.32504535,0
1.0,0.74254465,0.34152132,0
1.0,0.6990326,0.29963648,0
1.0,0.7339511,0.32027054,0
1.0,0.74708843,0.3326232,0
1.0,0.75449306,0.34523207,0
1.0,0.719267,0.31089205,0
1.0,0.74027497,0.32264274,0
1.0,0.7363328,0.31490952,0
1.0,0.7583084,0.34816515,0
1.0,0.72925395,0.3251593,0
1.0,0.7455673,0.33250472,0
1.0,0.7542282,0.3356073,0
1.0,0.7406766,0.28372085,0
1.0,0.7340272,0.2678722,0
1.0,0.7052474,0.24834058,0
1.0,0.7140688,0.23732796,0
1.0,0.6751323,0.19454302,0
1.0,0.708047,0.21671206,0
1.0,0.6685748,0.20137264,0
1.0,0.6912378,0.22429186,0
1.0,0.6565636,0.19858557,0
1.0,0.67468894,0.22318724,0
1.0,0.6299322,0.193125,0
1.0,0.6355578,0.20683289,0
1.0,0.64117557,0.2432796,0
1.0,0.62570125,0.22894678,0
1.0,0.6212361,0.22954197,0
1.0,0.6020892,0.20723993,0
1.0,0.6088615,0.20597091,0
1.0,0.5979348,0.19962552,0
1.0,0.6592324,0.23347425,0
1.0,0.60490775,0.18652692,0
1.0,0.622711,0.1967301,0
1.0,0.57693386,0.1749121,0
1.0,0.61823606,0.21063663,0
1.0,0.5481764,0.1627402,0
1.0,0.5950101,0.18271422,0
1.0,0.55268246,0.17693698,0
1.0,0.61978465,0.22195089,0
1.0,0.55185914,0.18380074,0
1.0,0.58265424,0.2018737,0
1.0,0.5147752,0.16188478,0
1.0,0.59460366,0.20170334,0
1.0,0.49836504,0.1694279,0
1.0,0.5487691,0.20173141,0
1.0,0.5100082,0.18409032,0
1.0,0.5903314,0.22508588,0
1.0,0.49819344,0.18059394,0
1.0,0.5256168,0.19619107,0
1.0,0.51196074,0.20511463,0
1.0,0.53821194,0.20022118,0
1.0,0.462568,0.17136462,0
1.0,0.4877988,0.18128136,0
1.0,0.4542948,0.17997506,0
1.0,0.44937164,0.17994204,0
1.0,0.41471258,0.16786027,0
1.0,0.44313857,0.15976676,0
1.0,0.43759516,0.16162619,0
1.0,0.45105892,0.15433635,0
1.0,0.41541812,0.18441464,0
1.0,0.44763345,0.2047268,0
1.0,0.43969598,0.2027411,0
1.0,0.47026595,0.21479061,0
1.0,0.4230524,0.20861474,0
1.0,0.45908105,0.22720374,0
1.0,0.4489726,0.22448722,0
1.0,0.471302,0.21993855,0
1.0,0.46273908,0.22553998,0
1.0,0.47805354,0.23868287,0
1.0,0.46272713,0.23137842,0
1.0,0.4698111,0.22854096,0
1.0,0.46375602,0.22457607,0
1.0,0.46207237,0.21820086,0
1.0,0.4439639,0.21027726,0
1.0,0.4472689,0.22623198,0
1.0,0.47149894,0.25639766,0
1.0,0.46556377,0.2523448,0
1.0,0.49080688,0.2642304,0
1.0,0.49446556,0.27111965,0
1.0,0.54810774,0.33043426,0
1.0,0.5277369,0.31748968,0
1.0,0.56245315,0.32869366,0
1.0,0.5870268,0.35110238,0
1.0,0.62757283,0.38800383,0
1.0,0.627855,0.42687705,0
1.0,0.6685068,0.47763616,0
1.0,0.6439879,0.44058645,0
1.0,0.7259319,0.53296924,0
1.0,0.71235347,0.50860894,0
1.0,0.76715153,0.5791012,0
1.0,0.738397,0.5467338,0
1.0,0.8051069,0.5918267,0
1.0,0.7963449,0.55702543,0
1.0,0.82910454,0.60902876,0
1.0,0.8020636,0.5976116,0
1.0,0.8322766,0.62203443,0
1.0,0.8406276,0.6279566,0
1.0,0.8733558,0.6782153,0
1.0,0.8723449,0.68604887,0
1.0,0.88532037,0.72930455,0
1.0,0.88275677,0.7639382,0
1.0,0.8879103,0.76356614,0
1.0,0.8782916,0.749863,0
1.0,0.87401646,0.74601346,0
1.0,0.8879945,0.7781677,0
1.0,0.8945896,0.78737795,0
1.0,0.88661736,0.7532656,0
1.0,0.8944086,0.7437686,0
1.0,0.88296926,0.7024366,0
1.0,0.8836477,0.698827,0
1.0,0.84917617,0.674684,0
1.0,0.84278023,0.62030566,0
1.0,0.80656654,0.5524988,0
1.0,0.79199266,0.55061114,0
1.0,0.7356171,0.47835714,0
1.0,0.7064338,0.44167978,0
1.0,0.6841596,0.40313736,0
1.0,0.67895377,0.3872292,0
1.0,0.64099866,0.34899396,0
1.0,0.68232495,0.39843512,0
1.0,0.65605354,0.38397992,0
1.0,0.6966327,0.4307056,0
1.0,0.6117599,0.3476146,0
1.0,0.66829026,0.39551264,0
1.0,0.6341459,0.3584861,0
1.0,0.6821377,0.41951537,0
1.0,0.6284446,0.34972382,0
1.0,0.66516715,0.38037533,0
1.0,0.61330813,0.3374874,0
1.0,0.6633973,0.3875646,0
1.0,0.6054123,0.32629955,0
1.0,0.6236241,0.3387167,0
1.0,0.5988235,0.28714097,0
1.0,0.6506359,0.32503268,0
1.0,0.63391995,0.32249534,0
1.0,0.6511452,0.35838163,0
1.0,0.65785474,0.37152636,0
1.0,0.71968675,0.46164483,0
1.0,0.7275577,0.48181745,0
1.0,0.7477047,0.4852963,0
1.0,0.754871,0.51052403,0
1.0,0.79339445,0.5807492,0
1.0,0.7650978,0.5139303,0
1.0,0.73038584,0.49318033,0
1.0,0.7193816,0.51226807,0
1.0,0.70851773,0.5054184,0
1.0,0.7058176,0.5019842,0
1.0,0.6977074,0.48661992,0
1.0,0.7237498,0.5146251,0
1.0,0.7384573,0.5226323,0
1.0,0.74125123,0.5255408,0
1.0,0.7638133,0.55799586,0
1.0,0.7770212,0.5611178,0
1.0,0.8018642,0.6095005,0
1.0,0.78934604,0.61062944,0
1.0,0.7780972,0.5846028,0
1.0,0.785685,0.6132847,0
1.0,0.816202,0.69040394,0
1.0,0.80961275,0.68585086,0
1.0,0.8187526,0.7175615,0
1.0,0.82366574,0.73345584,0
1.0,0.8457532,0.7675936,0
1.0,0.8423672,0.7680391,0
1.0,0.83633715,0.7862161,0
1.0,0.83623385,0.81551456,0
1.0,0.85265815,0.8435408,0
1.0,0.8567336,0.8354541,0
1.0,0.85920817,0.82185006,0
1.0,0.86397654,0.8238176,0
1.0,0.87272686,0.8350229,0
1.0,0.8805888,0.84824735,0
1.0,0.8658142,0.8219614,0
1.0,0.8622489,0.8080412,0
1.0,0.8501603,0.7870397,0
1.0,0.85218644,0.79419816,0
1.0,0.8229432,0.74714774,0
1.0,0.83459467,0.7693216,0
1.0,0.8129511,0.71161747,0
1.0,0.8317465,0.74403393,0
1.0,0.82323444,0.7940947,0
1.0,0.8481055,0.8702036,0
1.0,0.83591145,0.8458109,0
1.0,0.8668912,0.9160761,0
1.0,0.84356827,0.8853596,0
1.0,0.86730886,0.9987598,0
1.0,0.85613006,1.049495,0
1.0,0.87285763,1.0507497,0
1.0,0.8705781,1.0402973,0
1.0,0.8877499,1.0821661,0
1.0,0.87617546,1.0336726,0
1.0,0.89192337,1.0588923,0
1.0,0.8875844,1.0539583,0
1.0,0.8970174,1.0714483,0
1.0,0.89556867,1.0812337,0
1.0,0.89233124,1.0980303,0
1.0,0.887224,1.0905321,0
1.0,0.8889939,1.062911,0
1.0,0.90036404,1.0843861,0
1.0,0.89436364,1.1127515,0
1.0,0.89481866,1.1392426,0
1.0,0.8951196,1.159888,0
1.0,0.91135055,1.2195354,0
1.0,0.9044977,1.2153907,0
1.0,0.9048132,1.2392869,0
1.0,0.89761084,1.2467723,0
1.0,0.9022439,1.2867122,0
1.0,0.8807974,1.2495608,0
1.0,0.88071465,1.2271936,0
1.0,0.87133384,1.1989628,0
1.0,0.8733826,1.216903,0
1.0,0.8511329,1.1858237,0
1.0,0.8580571,1.1749078,0
1.0,0.83830225,1.0911539,0
1.0,0.8535636,1.1390562,0
1.0,0.8157545,1.1015451,0
1.0,0.80297834,1.0706902,0
1.0,0.7864498,0.9946231,0
1.0,0.800909,0.9877884,0
1.0,0.77456313,0.9665699,0
1.0,0.7862419,1.0296541,0
1.0,0.78357965,1.0636606,0
1.0,0.7936117,1.1008309,0
1.0,0.7906607,1.0853462,0
1.0,0.8019658,1.1013758,0
1.0,0.8040445,1.124264,0
1.0,0.80403304,1.1383814,0
1.0,0.82020265,1.207298,0
1.0,0.82802063,1.2459937,0
1.0,0.8433344,1.2829633,0
1.0,0.8470848,1.3113368,0
1.0,0.8551122,1.3114959,0
1.0,0.85413253,1.2825596,0
1.0,0.8673756,1.3036277,0
1.0,0.8685298,1.2890866,0
1.0,0.8724617,1.299237,0
1.0,0.87012184,1.321897,0
1.0,0.88137394,1.3724763,0
1.0,0.8792747,1.3568552,0
1.0,0.88253844,1.3848346,0
1.0,0.8791961,1.438573,0
1.0,0.88868785,1.4892323,0
1.0,0.88439715,1.4992132,0
1.0,0.8887447,1.511983,0
1.0,0.88310105,1.4788393,0
1.0,0.8918405,1.5213919,0
1.0,0.8878512,1.557373,0
1.0,0.8999228,1.5997322,0
1.0,0.89320093,1.5695193,0
1.0,0.90834165,1.5863026,0
1.0,0.9031674,1.569366,0
1.0,0.9043258,1.5720589,0
1.0,0.89446926,1.5366961,0
1.0,0.91066253,1.5462807,0
1.0,0.9025281,1.5052241,0
1.0,0.90557426,1.5657887,0
1.0,0.89940333,1.6252898,0
1.0,0.8997449,1.6436431,0
1.0,0.89318913,1.6466007,0
1.0,0.9020345,1.6215787,0
1.0,0.89367956,1.5564694,0
1.0,0.90887874,1.6354312,0
1.0,0.9014332,1.64779,0
1.0,0.92244905,1.7296317,0
1.0,0.91285986,1.729763,0
1.0,0.9246503,1.7701442,0
1.0,0.9109653,1.7649529,0
1.0,0.9239195,1.80161,0
1.0,0.90896344,1.7330463,0
1.0,0.9225692,1.7341974,0
1.0,0.90827626,1.6825662,0
1.0,0.915472,1.7135656,0
1.0,0.90134424,1.6541996,0
1.0,0.9095864,1.6519549,0
1.0,0.8943428,1.61534,0
1.0,0.904331,1.6324155,0
1.0,0.8820545,1.592383,0
1.0,0.8751232,1.6104507,0
1.0,0.85598737,1.5579212,0
1.0,0.87667054,1.5784897,0
1.0,0.86027414,1.5499406,0
1.0,0.8750937,1.6375253,0
1.0,0.86410725,1.6383473,0
1.0,0.88066506,1.6978449,0
1.0,0.8763186,1.7053994,0
1.0,0.8799192,1.7141055,0
1.0,0.8694469,1.704833,0
1.0,0.86774385,1.6892527,0
1.0,0.85256743,1.6058396,0
1.0,0.85469985,1.5877421,0
1.0,0.84490705,1.550573,0
1.0,0.8487044,1.5882808,0
1.0,0.84204865,1.5914586,0
1.0,0.841972,1.5690154,0
1.0,0.83496815,1.5293872,0
1.0,0.84092766,1.544755,0
1.0,0.83654994,1.5623925,0
1.0,0.83786166,1.6015606,0
1.0,0.8328926,1.6174302,0
1.0,0.8372996,1.6433048,0
1.0,0.84324855,1.665748,0
1.0,0.84430176,1.6956813,0
1.0,0.8450886,1.7625718,0
1.0,0.854167,1.8361268,0
1.0,0.8652655,1.8658369,0
1.0,0.8711031,1.8631675,0
1.0,0.87171704,1.8523345,0
1.0,0.878678,1.8986111,0
1.0,0.86682725,1.8651719,0
1.0,0.8849803,1.888629,0
1.0,0.8757372,1.8344455,0
1.0,0.88813037,1.83963,0
1.0,0.87743586,1.8361815,0
1.0,0.8838321,1.8620157,0
1.0,0.87302625,1.8006978,0
1.0,0.88954663,1.837788,0
1.0,0.88553,1.8169624,0
1.0,0.8937293,1.856108,0
1.0,0.8841629,1.8707465,0
1.0,0.89588255,1.9046506,0
1.0,0.89424175,1.8850621,0
1.0,0.89842135,1.8958871,0
1.0,0.8859535,1.8704171,0
1.0,0.89778244,1.9164075,0
1.0,0.90026945,1.9344618,0
1.0,0.9042735,1.9554276,0
1.0,0.8953467,1.9408104,0
1.0,0.8957804,1.9286424,0
1.0,0.8859047,1.8948076,0
1.0,0.88577276,1.8751442,0
1.0,0.86886,1.7696221,0
1.0,0.8693023,1.7464299,0
1.0,0.8620011,1.7261195,0
1.0,0.8423396,1.6685328,0
1.0,0.83608294,1.6271105,0
1.0,0.8307518,1.5636104,0
1.0,0.8424772,1.5965052,0
1.0,0.83032817,1.6066598,0
1.0,0.8393332,1.650324,0
1.0,0.82237345,1.6219759,0
1.0,0.8361121,1.6885688,0
1.0,0.82715195,1.6775532,0
1.0,0.8325104,1.7207533,0
1.0,0.8242493,1.7304332,0
1.0,0.8323032,1.7468057,0
1.0,0.8273535,1.7233559,0
1.0,0.83190167,1.7198685,0
1.0,0.8195054,1.6830754,0
1.0,0.81644833,1.691983,0
1.0,0.80834806,1.6408774,0
1.0,0.8143651,1.5926058,0
1.0,0.8116865,1.5573704,0
1.0,0.81202555,1.5704094,0
1.0,0.816558,1.5867567,0
1.0,0.82927096,1.6100055,0
1.0,0.83102524,1.5969648,0
1.0,0.8350449,1.5980604,0
1.0,0.83471334,1.6013496,0
1.0,0.83397603,1.6006268,0
1.0,0.8227039,1.5954401,0
1.0,0.8278993,1.6214389,0
1.0,0.82379156,1.6064134,0
1.0,0.8251008,1.6383147,0
1.0,0.8216487,1.6603919,0
1.0,0.8248998,1.6802533,0
1.0,0.8255645,1.6810099,0
1.0,0.82659805,1.6713226,0
1.0,0.81860614,1.6438577,0
1.0,0.8203455,1.6227407,0
1.0,0.8128117,1.5753229,0
1.0,0.8152628,1.5578893,0
1.0,0.81183827,1.5002465,0
1.0,0.81338334,1.4551518,0
1.0,0.81147146,1.4210889,0
1.0,0.8113486,1.388951,0
1.0,0.8098702,1.3741138,0
1.0,0.81189,1.3747139,0
1.0,0.80822045,1.3443912,0
1.0,0.78875303,1.3140081,0
1.0,0.7809583,1.3197087,0
1.0,0.77712536,1.2991505,0
1.0,0.7799776,1.3312163,0
1.0,0.7669289,1.3235314,0
1.0,0.7740271,1.3497279,0
1.0,0.77140397,1.3500061,0
1.0,0.77909154,1.3500627,0
1.0,0.7684499,1.3141942,0
1.0,0.77208984,1.315349,0
1.0,0.763074,1.2668025,0
1.0,0.76531285,1.2413399,0
1.0,0.75764936,1.2082288,0
1.0,0.7610713,1.1832268,0
1.0,0.7649035,1.1702249,0
1.0,0.77113664,1.16659,0
1.0,0.7676164,1.1146159,0
1.0,0.7710253,1.0955253,0
1.0,0.77408785,1.0869946,0
1.0,0.774486,1.0662267,0
1.0,0.7829583,1.0878036,0
1.0,0.77698016,1.0953264,0
1.0,0.79231334,1.1503773,0
1.0,0.7914217,1.1339957,0
1.0,0.8018719,1.1609664,0
1.0,0.7968911,1.2192276,0
1.0,0.8188666,1.2744,0
1.0,0.8207128,1.2749288,0
1.0,0.8297808,1.295701,0
1.0,0.82634825,1.2649632,0
1.0,0.8389234,1.2721896,0
1.0,0.8385118,1.2574421,0
1.0,0.8419469,1.2363408,0
1.0,0.8358398,1.1835372,0
1.0,0.84579563,1.1929007,0
1.0,0.8401001,1.1621876,0
1.0,0.8384436,1.1624209,0
1.0,0.8316749,1.1509588,0
1.0,0.8393792,1.1360974,0
1.0,0.8332742,1.1332855,0
1.0,0.83269775,1.1602561,0
1.0,0.8246517,1.1351569,0
1.0,0.8344399,1.1562502,0
1.0,0.8393782,1.1746821,0
1.0,0.83101517,1.1733842,0
1.0,0.8294922,1.2003012,0
1.0,0.84447706,1.2451193,0
1.0,0.8507863,1.2607743,0
1.0,0.852465,1.2670355,0
1.0,0.8473556,1.2376574,0
1.0,0.85248935,1.2362611,0
1.0,0.8527972,1.252406,0
1.0,0.85980266,1.2563586,0
1.0,0.8470927,1.174056,0
1.0,0.86019504,1.1571964,0
1.0,0.85689396,1.1460664,0
1.0,0.8615365,1.1491084,0
1.0,0.85363346,1.089149,0
1.0,0.8792801,1.1664257,0
1.0,0.87894267,1.1880697,0
1.0,0.8956265,1.2081292,0
1.0,0.8793012,1.1783353,0
1.0,0.90027726,1.229721,0
1.0,0.89781743,1.2202419,0
1.0,0.907775,1.2423321,0
1.0,0.8907177,1.2227879,0
1.0,0.9040184,1.2449715,0
1.0,0.9003681,1.2050921,0
1.0,0.91117096,1.1998153,0
1.0,0.8952461,1.1550484,0
1.0,0.89772314,1.1797422,0
1.0,0.89664567,1.1737299,0
1.0,0.8985572,1.129507,0
1.0,0.87621784,1.0595989,0
1.0,0.88040704,1.0679207,0
1.0,0.87942386,1.0767188,0
1.0,0.87974244,1.052218,0
1.0,0.8603352,0.96395576,0
1.0,0.864174,0.9398645,0
1.0,0.8718587,0.95437133,0
1.0,0.8766183,0.9775079,0
1.0,0.857693,0.9645958,0
1.0,0.8462296,0.9552891,0
1.0,0.85422724,0.9609259,0
1.0,0.8361073,0.9408729,0
1.0,0.8242417,0.94557345,0
1.0,0.8029327,0.92370385,0
1.0,0.82056934,0.9772362,0
1.0,0.811576,0.9409555,0
1.0,0.80805206,0.9124526,0
1.0,0.7942989,0.8931998,0
1.0,0.81733626,0.9164289,0
1.0,0.8052771,0.88343,0
1.0,0.8133026,0.89709973,0
1.0,0.8058018,0.8770063,0
1.0,0.8159342,0.907857,0
1.0,0.8103317,0.9205098,0
1.0,0.8104209,0.92174953,0
1.0,0.7991382,0.89457965,0
1.0,0.8116187,0.9321606,0
1.0,0.80287534,0.9641392,0
1.0,0.8083955,0.9961746,0
1.0,0.7971634,0.9587729,0
1.0,0.81821334,1.0145438,0
1.0,0.80692893,1.0153867,0
1.0,0.81539845,1.0503159,0
1.0,0.81225866,1.0834924,0
1.0,0.82035047,1.1041172,0
1.0,0.8160571,1.1074642,0
1.0,0.81852806,1.1495649,0
1.0,0.81177247,1.1388397,0
1.0,0.8168504,1.1410062,0
1.0,0.8117363,1.1236749,0
1.0,0.8179085,1.1256425,0
1.0,0.80952525,1.1171384,0
1.0,0.81635845,1.1489365,0
1.0,0.80969596,1.1213747,0
1.0,0.81238997,1.1234252,0
1.0,0.8029291,1.1097331,0
1.0,0.8030142,1.1133275,0
1.0,0.7904535,1.1315634,0
1.0,0.7981499,1.1664677,0
1.0,0.7922097,1.1485794,0
1.0,0.7898023,1.1649597,0
1.0,0.78382075,1.15642,0
1.0,0.7850553,1.1890028,0
1.0,0.78473616,1.209273,0
1.0,0.77349967,1.1815777,0
1.0,0.77821684,1.2143402,0
1.0,0.7714863,1.2000062,0
1.0,0.77443886,1.2196963,0
1.0,0.7697938,1.2249863,0
1.0,0.77268684,1.1922637,0
1.0,0.76939577,1.1661121,0
1.0,0.77653676,1.1957355,0
1.0,0.7741353,1.2044349,0
1.0,0.7770843,1.2031884,0
1.0,0.7694534,1.1872119,0
1.0,0.7819911,1.2203729,0
1.0,0.7685757,1.1580647,0
1.0,0.7730527,1.1537395,0
1.0,0.7678322,1.1888855,0
1.0,0.79083335,1.2409623,0
1.0,0.7830731,1.2311685,0
1.0,0.8065539,1.3082536,0
1.0,0.79252565,1.3003902,0
1.0,0.81528515,1.3661827,0
1.0,0.80615795,1.3394015,0
1.0,0.82224154,1.3764143,0
1.0,0.80490065,1.3385382,0
1.0,0.8194435,1.3837209,0
1.0,0.80595756,1.3594538,0
1.0,0.815097,1.3447864,0
1.0,0.8012469,1.2958391,0
1.0,0.8159293,1.3347297,0
1.0,0.80475634,1.3189001,0
1.0,0.8242699,1.3800921,0
1.0,0.81844264,1.3644989,0
1.0,0.8334111,1.4151438,0
1.0,0.826825,1.4454439,0
1.0,0.83938,1.4902127,0
1.0,0.83225435,1.4886377,0
1.0,0.8463005,1.5272284,0
1.0,0.8426521,1.5206358,0
1.0,0.85445243,1.6041379,0
1.0,0.8513027,1.6334172,0
1.0,0.86761564,1.7003706,0
1.0,0.8608698,1.6989297,0
1.0,0.8662075,1.7131734,0
1.0,0.8634569,1.7261502,0
1.0,0.8651867,1.728546,0
1.0,0.8554593,1.7196321,0
1.0,0.8637105,1.7469487,0
1.0,0.8630497,1.704418,0
1.0,0.87145877,1.7516507,0
1.0,0.86966085,1.7553828,0
1.0,0.88227326,1.7918398,0
1.0,0.8800984,1.7743839,0
1.0,0.88530403,1.7562194,0
1.0,0.8767041,1.7741263,0
1.0,0.8835799,1.8446232,0
1.0,0.8756025,1.8529099,0
1.0,0.8843996,1.8892287,0
1.0,0.8828361,1.8836017,0
1.0,0.8866812,1.9455112,0
1.0,0.88813525,1.9972651,0
1.0,0.8939686,2.0087914,0
1.0,0.89530283,1.9983853,0
1.0,0.8936101,1.985234,0
1.0,0.88792855,1.970154,0
1.0,0.88206655,1.9626212,0
1.0,0.88359773,1.9575927,0
1.0,0.88352984,1.912735,0
1.0,0.88611317,1.8730919,0
1.0,0.8840734,1.8630855,0
1.0,0.89053386,1.8997554,0
1.0,0.8862664,1.8689883,0
1.0,0.8992514,1.878984,0
1.0,0.89386964,1.8565121,0
1.0,0.90037495,1.8776721,0
1.0,0.8898119,1.8636875,0
1.0,0.8965118,1.8829769,0
1.0,0.8897735,1.8501695,0
1.0,0.89962924,1.8849261,0
1.0,0.8866167,1.8783255,0
1.0,0.89523464,1.9204841,0
1.0,0.8871258,1.8962679,0
1.0,0.89069045,1.9050908,0
1.0,0.88530236,1.8749853,0
1.0,0.8840242,1.8596643,0
1.0,0.8748316,1.8474834,0
1.0,0.87317675,1.8192248,0
1.0,0.87620723,1.7694801,0
1.0,0.87522674,1.7188973,0
1.0,0.87242675,1.6847985,0
1.0,0.8673972,1.6993694,0
1.0,0.8689272,1.7175968,0
1.0,0.8706337,1.7103676,0
1.0,0.8760844,1.7256746,0
1.0,0.87794983,1.7291262,0
1.0,0.8773596,1.7467908,0
1.0,0.865528,1.7220103,0
1.0,0.86587703,1.7040427,0
1.0,0.8671312,1.7105393,0
1.0,0.8614648,1.7035875,0
1.0,0.8577342,1.7173022,0
1.0,0.86201876,1.7683957,0
1.0,0.8616277,1.7527971,0
1.0,0.85931796,1.7275021,0
1.0,0.85748416,1.7225971,0
1.0,0.85631603,1.6922302,0
1.0,0.85453016,1.6620198,0
1.0,0.8460627,1.6324449,0
1.0,0.8440025,1.6149689,0
1.0,0.84185225,1.6140032,0
1.0,0.83813137,1.6334443,0
1.0,0.8253945,1.6214137,0
1.0,0.8293574,1.5854899,0
1.0,0.8271881,1.5610621,0
1.0,0.83645725,1.6010728,0
1.0,0.82530826,1.5954031,0
1.0,0.83097214,1.6587398,0
1.0,0.8230945,1.6378239,0
1.0,0.82261544,1.628319,0
1.0,0.81360084,1.6185844,0
1.0,0.8125602,1.6437976,0
1.0,0.80649436,1.6776465,0
1.0,0.808414,1.6599859,0
1.0,0.8072674,1.6247052,0
1.0,0.81215155,1.6334949,0
1.0,0.80839664,1.6147307,0
1.0,0.8121308,1.6309195,0
1.0,0.81509596,1.6336123,0
1.0,0.8145483,1.6472967,0
1.0,0.8121551,1.6600014,0
1.0,0.81189793,1.6382906,0
1.0,0.8180793,1.6467574,0
1.0,0.8224921,1.6411905,0
1.0,0.82065964,1.5919092,0
1.0,0.82491064,1.5916233,0
1.0,0.83108956,1.6117263,0
1.0,0.8399074,1.6682546,0
1.0,0.8387154,1.7021967,0
1.0,0.8417653,1.7069077,0
1.0,0.8458083,1.7337029,0
1.0,0.83964527,1.7403526,0
1.0,0.83114314,1.736292,0
1.0,0.83875555,1.7655945,0
1.0,0.8439697,1.7619367,0
1.0,0.83919185,1.77531,0
1.0,0.8354907,1.7795074,0
1.0,0.83532244,1.7658857,0
1.0,0.843168,1.7679355,0
1.0,0.834591,1.7086211,0
1.0,0.83356375,1.7105331,0
1.0,0.83506143,1.7180889,0
1.0,0.84134394,1.7281892,0
1.0,0.8342663,1.7096171,0
1.0,0.8318687,1.7016215,0
1.0,0.8338668,1.7231219,0
1.0,0.8374131,1.7370762,0
1.0,0.8349277,1.7237648,0
1.0,0.8334519,1.7277359,0
1.0,0.8368683,1.761605,0
1.0,0.8402485,1.7658447,0
1.0,0.8363393,1.7260079,0
1.0,0.8268102,1.7001143,0
1.0,0.831714,1.7167647,0
1.0,0.8306027,1.7300777,0
1.0,0.8368476,1.7663583,0
1.0,0.82377684,1.7357037,0
1.0,0.8274217,1.7527127,0
1.0,0.81226987,1.6908835,0
1.0,0.8200602,1.6651137,0
1.0,0.8040548,1.6013074,0
1.0,0.80912226,1.5946379,0
1.0,0.7956712,1.5567917,0
1.0,0.80857265,1.5803087,0
1.0,0.7903317,1.508394,0
1.0,0.80037063,1.5121266,0
1.0,0.7853121,1.4633596,0
1.0,0.798397,1.4974462,0
1.0,0.7809785,1.4536617,0
1.0,0.7933356,1.4858453,0
1.0,0.7806446,1.4442183,0
1.0,0.7909905,1.4532148,0
1.0,0.7695403,1.4194064,0
1.0,0.7828776,1.4286096,0
1.0,0.76799846,1.3812597,0
1.0,0.7749751,1.3872406,0
1.0,0.76699334,1.3020703,0
1.0,0.77321327,1.2800875,0
1.0,0.76602924,1.2534928,0
1.0,0.77008814,1.2371662,0
1.0,0.77750254,1.2108433,0
1.0,0.7864414,1.1707232,0
1.0,0.7889671,1.1802802,0
1.0,0.80002236,1.2041271,0
1.0,0.8081885,1.1942984,0
1.0,0.81886613,1.209244,0
1.0,0.82090825,1.1818284,0
1.0,0.81981415,1.1721727,0
1.0,0.83257324,1.2080048,0
1.0,0.8323937,1.1904166,0
1.0,0.83634317,1.218074,0
1.0,0.82665426,1.2234422,0
1.0,0.8353678,1.2414851,0
1.0,0.83879864,1.2413414,0
1.0,0.84299415,1.2159152,0
1.0,0.8402526,1.1754842,0
1.0,0.8530522,1.1754785,0
1.0,0.8524295,1.1469002,0
1.0,0.85103726,1.1304564,0
1.0,0.84141415,1.0752673,0
1.0,0.8511763,1.0593777,0
1.0,0.8483597,1.0296695,0
1.0,0.8382591,1.0190461,0
1.0,0.8298872,1.0239382,0
1.0,0.83924913,1.0105944,0
1.0,0.83470005,1.0035236,0
1.0,0.82446504,1.0075305,0
1.0,0.8098955,0.98333186,0
1.0,0.82111245,1.0275294,0
1.0,0.81055915,1.0211704,0
1.0,0.79846317,0.9873255,0
1.0,0.7828396,0.96793956,0
1.0,0.7877057,1.0037136,0
1.0,0.7827461,1.0041397,0
1.0,0.77186126,0.96713245,0
1.0,0.7692095,0.941491,0
1.0,0.7753338,0.9288329,0
1.0,0.7672065,0.91057575,0
1.0,0.75518054,0.89494395,0
1.0,0.74247086,0.85169905,0
1.0,0.7505762,0.84739417,0
1.0,0.7356733,0.82323104,0
1.0,0.7268023,0.7963002,0
1.0,0.7245866,0.76468843,0
1.0,0.7245859,0.7531798,0
1.0,0.7220094,0.7464878,0
1.0,0.7239383,0.7490711,0
1.0,0.7170543,0.7626952,0
1.0,0.7188949,0.8033576,0
1.0,0.71590847,0.8112869,0
1.0,0.73044217,0.83585584,0
1.0,0.727926,0.8380948,0
1.0,0.7285581,0.85110563,0
1.0,0.729776,0.8556266,0
1.0,0.73308855,0.85426366,0
1.0,0.7385082,0.8449713,0
1.0,0.7255077,0.8090158,0
1.0,0.7266905,0.8122076,0
1.0,0.72539407,0.7875043,0
1.0,0.729822,0.7725021,0
1.0,0.7219477,0.75064325,0
1.0,0.7285272,0.7407461,0
1.0,0.7231677,0.73061943,0
1.0,0.7303007,0.743778,0
1.0,0.7096923,0.6960104,0
1.0,0.7165416,0.7162124,0
1.0,0.70557237,0.70619935,0
1.0,0.7110959,0.7343461,0
1.0,0.7037597,0.74688387,0
1.0,0.7093157,0.7512735,0
1.0,0.707608,0.7427873,0
1.0,0.71888,0.7652375,0
1.0,0.7065001,0.7615709,0
1.0,0.71296996,0.7790996,0
1.0,0.7038827,0.75656843,0
1.0,0.7139609,0.7785527,0
1.0,0.70094097,0.74633014,0
1.0,0.69813216,0.7424137,0
1.0,0.69480175,0.7445665,0
1.0,0.69353,0.72490036,0
1.0,0.69354284,0.7039062,0
1.0,0.691096,0.69203097,0
1.0,0.6963347,0.70268154,0
1.0,0.6955592,0.6998412,0
1.0,0.69241256,0.6929056,0
1.0,0.6913608,0.6980476,0
1.0,0.69387424,0.7119616,0
1.0,0.6904156,0.7115153,0
1.0,0.6897929,0.7099966,0
1.0,0.6881822,0.70809036,0
1.0,0.69309705,0.7153671,0
1.0,0.6843517,0.6989687,0
1.0,0.684452,0.70654446,0
1.0,0.6823625,0.71043855,0
1.0,0.68404156,0.70668864,0
1.0,0.6726578,0.68175495,0
1.0,0.6696263,0.6758529,0
1.0,0.6632856,0.6540079,0
1.0,0.6623336,0.64197886,0
1.0,0.64450276,0.60600746,0
1.0,0.64045256,0.58694834,0
1.0,0.6339463,0.56708044,0
1.0,0.6383289,0.5716568,0
1.0,0.62813586,0.5636686,0
1.0,0.62903005,0.5601534,0
1.0,0.63318115,0.56961334,0
1.0,0.64114165,0.59713095,0
1.0,0.6438544,0.6006643,0
1.0,0.645653,0.6125493,0
1.0,0.6540372,0.6311059,0
1.0,0.6627798,0.638916,0
1.0,0.66553265,0.63621837,0
1.0,0.66745776,0.6299616,0
1.0,0.66346335,0.63320124,0
1.0,0.67097485,0.64072514,0
1.0,0.6696293,0.6333092,0
1.0,0.67329055,0.65667063,0
1.0,0.6704728,0.64647603,0
1.0,0.6787229,0.6483189,0
1.0,0.6820691,0.6598573,0
1.0,0.6932714,0.68021834,0
1.0,0.6838749,0.6604183,0
1.0,0.6929131,0.6789435,0
1.0,0.6908858,0.6841222,0
1.0,0.7063298,0.7125103,0
1.0,0.69357973,0.69572455,0
1.0,0.7028275,0.71634257,0
1.0,0.69500536,0.7079665,0
1.0,0.7084489,0.73456943,0
1.0,0.6889539,0.71329474,0
1.0,0.6965187,0.73044705,0
1.0,0.6789128,0.69659317,0
1.0,0.69470567,0.7478366,0
1.0,0.6728101,0.7212926,0
1.0,0.687044,0.74127626,0
1.0,0.6768432,0.7234119,0
1.0,0.70401347,0.75501305,0
1.0,0.6816194,0.7040028,0
1.0,0.71012527,0.7432119,0
1.0,0.68823856,0.7065681,0
1.0,0.717101,0.75612307,0
1.0,0.68524736,0.6957992,0
1.0,0.7094124,0.7561876,0
1.0,0.6792978,0.72589916,0
1.0,0.70578414,0.7767345,0
1.0,0.68066794,0.74013317,0
1.0,0.7062134,0.79571724,0
1.0,0.6817746,0.7679185,0
1.0,0.70810497,0.8024725,0
1.0,0.6855116,0.7655984,0
1.0,0.70980865,0.81588835,0
1.0,0.6917875,0.7838743,0
1.0,0.71292233,0.84955704,0
1.0,0.69586205,0.8197208,0
1.0,0.71922904,0.8510994,0
1.0,0.7100863,0.84596056,0
1.0,0.7320366,0.88143134,0
1.0,0.7133444,0.8336641,0
1.0,0.7434617,0.88285,0
1.0,0.7236988,0.848524,0
1.0,0.7362145,0.8729749,0
1.0,0.7260898,0.84858644,0
1.0,0.72556955,0.85435724,0
1.0,0.7205958,0.8575702,0
1.0,0.7214449,0.84050655,0
1.0,0.72339845,0.84516764,0
1.0,0.71978474,0.8688785,0
1.0,0.7227953,0.89163196,0
1.0,0.72285897,0.9121301,0
1.0,0.7248419,0.93291533,0
1.0,0.7211654,0.92459583,0
1.0,0.7251558,0.9341909,0
1.0,0.7237938,0.9311831,0
1.0,0.7235167,0.9405774,0
1.0,0.7209755,0.93160594,0
1.0,0.71626073,0.90731645,0
1.0,0.7190531,0.90075266,0
1.0,0.7282496,0.8842045,0
1.0,0.7338855,0.88092136,0
1.0,0.7317146,0.87928486,0
1.0,0.74610126,0.8962078,0
1.0,0.752544,0.9098711,0
1.0,0.7648304,0.92796576,0
1.0,0.7583353,0.9230388,0
1.0,0.7667974,0.95097256,0
1.0,0.76545507,0.94512373,0
1.0,0.7938292,1.0056396,0
1.0,0.77997696,0.97374123,0
1.0,0.7853397,0.98083305,0
1.0,0.782247,0.99628717,0
1.0,0.8169916,1.0856848,0
1.0,0.8004934,1.0466728,0
1.0,0.81196296,1.0655074,0
1.0,0.80127627,1.0368958,0
1.0,0.82506746,1.0724888,0
1.0,0.80453193,1.0365692,0
1.0,0.8118691,1.0455439,0
1.0,0.802444,1.005606,0
1.0,0.8326058,1.0359174,0
1.0,0.8217399,0.979187,0
1.0,0.82588685,0.96249294,0
1.0,0.8193454,0.9377569,0
1.0,0.83733743,0.9649153,0
1.0,0.8275201,0.94838405,0
1.0,0.82222384,0.9322469,0
1.0,0.80161583,0.87659645,0
1.0,0.8133669,0.89337856,0
1.0,0.8027288,0.87031007,0
1.0,0.80270725,0.8647549,0
1.0,0.7898804,0.85887057,0
1.0,0.79290545,0.8802028,0
1.0,0.794398,0.8831953,0
1.0,0.8108387,0.9159459,0
1.0,0.80406535,0.88468754,0
1.0,0.8010566,0.88292646,0
1.0,0.81230503,0.89836645,0
1.0,0.81669927,0.86528593,0
1.0,0.8220283,0.8849707,0
1.0,0.8143394,0.8604774,0
1.0,0.832753,0.8631291,0
1.0,0.83716774,0.8627738,0
1.0,0.84439003,0.8483852,0
1.0,0.8336585,0.81166947,0
1.0,0.8500184,0.8457939,0
1.0,0.8476868,0.82918406,0
1.0,0.8480537,0.8369758,0
1.0,0.83246547,0.8300649,0
1.0,0.846189,0.8705359,0
1.0,0.8512019,0.89861953,0
1.0,0.86665416,0.9278514,0
1.0,0.852848,0.91734713,0
1.0,0.86697525,0.98248476,0
1.0,0.8604089,0.97685796,0
1.0,0.8856181,1.0183291,0
1.0,0.87050587,0.9899983,0
1.0,0.88116276,1.0135856,0
1.0,0.86830163,1.0018942,0
1.0,0.8820415,1.0374936,0
1.0,0.85936457,0.99748135,0
1.0,0.8614308,1.0028839,0
1.0,0.8512378,0.98181003,0
1.0,0.8571591,1.0080117,0
1.0,0.84217864,0.99984735,0
1.0,0.8500234,1.0051136,0
1.0,0.8463767,0.998873,0
1.0,0.86278737,1.0498493,0
1.0,0.8445179,1.0284218,0
1.0,0.85492563,1.0662625,0
1.0,0.8486025,1.075905,0
1.0,0.86466295,1.1091039,0
1.0,0.8499096,1.0995812,0
1.0,0.85209537,1.1437775,0
1.0,0.8350452,1.1219523,0
1.0,0.84687275,1.1612232,0
1.0,0.8264889,1.1373627,0
1.0,0.8287122,1.1545494,0
1.0,0.81806844,1.1492374,0
1.0,0.8144112,1.1571774,0
1.0,0.79674387,1.1219218,0
1.0,0.801376,1.0857806,0
1.0,0.8023085,1.0612121,0
1.0,0.8136458,1.1132743,0
1.0,0.8054562,1.1033161,0
1.0,0.8243467,1.133514,0
1.0,0.8207957,1.1413226,0
1.0,0.83521557,1.1910386,0
1.0,0.82128835,1.185142,0
1.0,0.82829636,1.20846,0
1.0,0.8068152,1.1564591,0
1.0,0.810761,1.186424,0
1.0,0.7959529,1.1608143,0
1.0,0.7889005,1.1607413,0
1.0,0.7793091,1.1686707,0
1.0,0.7739807,1.1365533,0
1.0,0.7709301,1.1040891,0
1.0,0.7670693,1.094341,0
1.0,0.7603034,1.07242,0
1.0,0.7630652,1.0785582,0
1.0,0.75570667,1.0418432,0
1.0,0.75720733,1.0165998,0
1.0,0.75542814,1.0062228,0
1.0,0.7554831,1.0208502,0
1.0,0.7539095,1.0367965,0
1.0,0.7532012,1.0405962,0
1.0,0.750043,1.0664735,0
1.0,0.7461961,1.0879903,0
1.0,0.74661076,1.0857134,0
1.0,0.7360174,1.0727018,0
1.0,0.7334271,1.1033763,0
1.0,0.7301307,1.1036081,0
1.0,0.7371069,1.1161482,0
1.0,0.7306322,1.1424949,0
1.0,0.7396825,1.1897346,0
1.0,0.7414399,1.2119279,0
1.0,0.7534939,1.2606964,0
1.0,0.75330865,1.256108,0
1.0,0.7620231,1.2704723,0
1.0,0.76430947,1.2649812,0
1.0,0.7679476,1.2609115,0
1.0,0.7728149,1.2616129,0
1.0,0.7788379,1.2809019,0
1.0,0.7774836,1.303097,0
1.0,0.781901,1.3118438,0
1.0,0.78456736,1.3100103,0
1.0,0.78840274,1.3343239,0
1.0,0.78823745,1.3667363,0
1.0,0.7897643,1.390125,0
1.0,0.8014144,1.4380922,0
1.0,0.79811525,1.4756539,0
1.0,0.80036736,1.5208242,0
1.0,0.7948389,1.5311832,0
1.0,0.80123436,1.5737721,0
1.0,0.7962042,1.5870403,0
1.0,0.79680943,1.5801114,0
1.0,0.7945246,1.5712688,0
1.0,0.8010602,1.6052146,0
1.0,0.79759216,1.5740994,0
1.0,0.7978552,1.5669719,0
1.0,0.79262465,1.5723591,0
1.0,0.80204993,1.5896447,0
1.0,0.79540384,1.5485547,0
1.0,0.7973091,1.5474867,0
1.0,0.79476804,1.5518157,0
1.0,0.8023566,1.5653368,0
1.0,0.7974374,1.5657432,0
1.0,0.802176,1.594861,0
1.0,0.79923826,1.6041687,0
1.0,0.81201917,1.673509,0
1.0,0.8103228,1.6945889,0
1.0,0.8176612,1.7347744,0
1.0,0.8177239,1.7477708,0
1.0,0.82199174,1.7860652,0
1.0,0.8266207,1.8095684,0
1.0,0.8262545,1.7870071,0
1.0,0.82527417,1.8019779,0
1.0,0.8290243,1.8188576,0
1.0,0.8302788,1.8301578,0
1.0,0.8263656,1.8165503,0
1.0,0.81927896,1.770194,0
1.0,0.82409704,1.7773398,0
1.0,0.82270557,1.7440948,0
1.0,0.81714207,1.7138972,0
1.0,0.8160512,1.7216849,0
1.0,0.8162699,1.7238972,0
1.0,0.8212462,1.7510464,0
1.0,0.8152321,1.7374597,0
1.0,0.8157887,1.7485996,0
1.0,0.8158536,1.757067,0
1.0,0.8210312,1.7806593,0
1.0,0.81872,1.78668,0
1.0,0.81953275,1.7827564,0
1.0,0.8150318,1.7899443,0
1.0,0.8195166,1.82183,0
1.0,0.8143708,1.8157374,0
1.0,0.8132761,1.8148108,0
1.0,0.8053795,1.7727597,0
1.0,0.80263186,1.7550795,0
1.0,0.80149984,1.7313454,0
1.0,0.8048559,1.6833642,0
1.0,0.80222297,1.6355733,0
1.0,0.80482537,1.6162772,0
1.0,0.80472267,1.6007836,0
1.0,0.81485206,1.6351233,0
1.0,0.8127931,1.6383116,0
1.0,0.8203894,1.6725211,0
1.0,0.8237351,1.6886873,0
1.0,0.8270051,1.6960714,0
1.0,0.8230865,1.7084167,0
1.0,0.82469046,1.7114961,0
1.0,0.83268625,1.7313352,0
1.0,0.8348675,1.7797459,0
1.0,0.8312675,1.8063974,0
1.0,0.8299492,1.8217628,0
1.0,0.83338255,1.8261988,0
1.0,0.8374252,1.8227,0
1.0,0.8368864,1.8033676,0
1.0,0.8345208,1.7523363,0
1.0,0.83832145,1.7499337,0
1.0,0.83798677,1.7221982,0
1.0,0.83407986,1.6744797,0
1.0,0.831191,1.6460774,0
1.0,0.8305897,1.6156397,0
1.0,0.8281561,1.6054212,0
1.0,0.8210668,1.5752816,0
1.0,0.8197778,1.5859679,0
1.0,0.8229143,1.5940738,0
1.0,0.82188463,1.5786308,0
1.0,0.81147563,1.5909204,0
1.0,0.81233513,1.589959,0
1.0,0.8121352,1.5884217,0
1.0,0.81928986,1.633873,0
1.0,0.80574155,1.6115847,0
1.0,0.80712265,1.6249437,0
1.0,0.79773295,1.6136069,0
1.0,0.80294484,1.6362569,0
1.0,0.79233325,1.5747292,0
1.0,0.7987469,1.5574317,0
1.0,0.7909123,1.5198734,0
1.0,0.79209596,1.505579,0
1.0,0.7797778,1.4725766,0
1.0,0.7939817,1.4902372,0
1.0,0.78026336,1.4467857,0
1.0,0.7906249,1.468976,0
1.0,0.77663356,1.4209,0
1.0,0.79105645,1.4500824,0
1.0,0.7853198,1.4539042,0
1.0,0.8020974,1.5039924,0
1.0,0.793836,1.4940784,0
1.0,0.80635005,1.5445503,0
1.0,0.79871774,1.555236,0
1.0,0.8152492,1.639796,0
1.0,0.8044067,1.6104555,0
1.0,0.8097607,1.6362449,0
1.0,0.80371827,1.6435432,0
1.0,0.81080335,1.6541252,0
1.0,0.80858403,1.650463,0
1.0,0.8175442,1.6377563,0
1.0,0.81084114,1.5990373,0
1.0,0.8203689,1.6109145,0
1.0,0.80998886,1.5582721,0
1.0,0.8133958,1.5548687,0
1.0,0.8047684,1.5109761,0
1.0,0.8146464,1.5460501,0
1.0,0.80643845,1.5332997,0
1.0,0.79974085,1.530605,0
1.0,0.79548806,1.5291528,0
1.0,0.8009064,1.5187418,0
1.0,0.7949378,1.5410854,0
1.0,0.7973243,1.5684649,0
1.0,0.7882831,1.5560949,0
1.0,0.7991991,1.6225919,0
1.0,0.7885766,1.589817,0
1.0,0.7908424,1.6074436,0
1.0,0.7837572,1.6068337,0
1.0,0.78833306,1.5925269,0
1.0,0.78197247,1.5638223,0
1.0,0.7816183,1.5456243,0
1.0,0.7750148,1.5001581,0
1.0,0.7779698,1.5010562,0
1.0,0.7675233,1.4590914,0
1.0,0.7615401,1.4317254,0
1.0,0.7634822,1.4223738,0
1.0,0.7624308,1.4039216,0
1.0,0.76572865,1.4286237,0
1.0,0.7617,1.4333329,0
1.0,0.7631152,1.4504731,0
1.0,0.763019,1.4639351,0
1.0,0.76548845,1.4826127,0
1.0,0.76993215,1.5091033,0
1.0,0.7720263,1.5304551,0
1.0,0.7756122,1.5725319,0
1.0,0.7803114,1.6021001,0
1.0,0.78227526,1.6237233,0
1.0,0.7854445,1.6541445,0
1.0,0.7809136,1.6333143,0
1.0,0.790024,1.6408149,0
1.0,0.7880563,1.6163628,0
1.0,0.7882375,1.6126971,0
1.0,0.7873521,1.6059518,0
1.0,0.79392505,1.5841119,0
1.0,0.79296774,1.5751514,0
1.0,0.79155964,1.5820274,0
1.0,0.7924566,1.565369,0
1.0,0.80036116,1.5908926,0
1.0,0.80193037,1.6046017,0
1.0,0.7994905,1.6062936,0
1.0,0.8019762,1.6281118,0
1.0,0.8050813,1.6407299,0
1.0,0.81114763,1.6831255,0
1.0,0.80967534,1.7008429,0
1.0,0.81102157,1.7083523,0
1.0,0.81074303,1.7316222,0
1.0,0.8129944,1.7733524,0
1.0,0.8137863,1.7972723,0
1.0,0.8140746,1.7842562,0
1.0,0.8175676,1.7834818,0
1.0,0.81730855,1.7769575,0
1.0,0.81826824,1.7475597,0
1.0,0.81882906,1.7223665,0
1.0,0.82096493,1.7109337,0
1.0,0.8191021,1.6928046,0
1.0,0.82153904,1.7014741,0
1.0,0.82118595,1.705214,0
1.0,0.81976604,1.703685,0
1.0,0.82003814,1.7273498,0
1.0,0.8245742,1.735565,0
1.0,0.8217123,1.7296562,0
1.0,0.82272285,1.7888715,0
1.0,0.82498896,1.8146168,0
1.0,0.8343811,1.8480388,0
1.0,0.83192885,1.8783858,0
1.0,0.8331058,1.9144726,0
1.0,0.8350361,1.9583527,0
1.0,0.84246063,1.972235,0
1.0,0.8415336,1.9535851,0
1.0,0.8465185,1.966861,0
1.0,0.8460117,1.9563979,0
1.0,0.85221326,1.9754407,0
1.0,0.85494053,1.977047,0
1.0,0.8516519,1.9599887,0
1.0,0.8544383,1.955796,0
1.0,0.8549574,1.9487439,0
1.0,0.8528612,1.9472377,0
1.0,0.84648794,1.921449,0
1.0,0.853061,1.9373515,0
1.0,0.8566897,1.9582018,0
1.0,0.852854,1.9614017,0
1.0,0.8535334,1.9746976,0
1.0,0.8598831,2.0143607,0
1.0,0.8624882,2.0778198,0
1.0,0.8662217,2.1312923,0
1.0,0.86763144,2.1392503,0
1.0,0.87255174,2.157125,0
1.0,0.8701471,2.1526024,0
1.0,0.8721052,2.156136,0
1.0,0.87603104,2.170403,0
1.0,0.8806622,2.1492572,0
1.0,0.87735254,2.135929,0
1.0,0.8775238,2.1327033,0
1.0,0.87597215,2.0670466,0
1.0,0.87407416,2.048961,0
1.0,0.86901385,2.0170536,0
1.0,0.86291623,1.9765332,0
1.0,0.86681634,1.9938294,0
1.0,0.8607245,1.9583507,0
1.0,0.86131865,1.9723203,0
1.0,0.86081964,1.982762,0
1.0,0.8658,2.0026507,0
1.0,0.86022466,1.9962702,0
1.0,0.86060405,1.9905549,0
1.0,0.86516243,2.0153174,0
1.0,0.8651028,2.0340867,0
1.0,0.86132866,2.0456755,0
1.0,0.86097026,2.059437,0
1.0,0.86074173,2.0485837,0
1.0,0.8570062,2.0291388,0
1.0,0.8514495,2.0081902,0
1.0,0.8492201,1.9700248,0
1.0,0.85146123,1.9376554,0
1.0,0.8446683,1.9057238,0
1.0,0.83361554,1.8572552,0
1.0,0.8336192,1.806571,0
1.0,0.84094733,1.7983336,0
1.0,0.8361701,1.7937104,0
1.0,0.8390366,1.8118451,0
1.0,0.83850074,1.8093908,0
1.0,0.8443212,1.8117814,0
1.0,0.82951677,1.7572994,0
1.0,0.8339414,1.7825876,0
1.0,0.83509135,1.8111808,0
1.0,0.8420741,1.8438318,0
1.0,0.8298639,1.8281784,0
1.0,0.8351599,1.8423173,0
1.0,0.8317458,1.8247153,0
1.0,0.83417904,1.8410082,0
1.0,0.8277665,1.8070772,0
1.0,0.8322378,1.7768438,0
1.0,0.82708377,1.737413,0
1.0,0.82899463,1.7286606,0
1.0,0.81775135,1.6779994,0
1.0,0.82767725,1.6824856,0
1.0,0.81915945,1.6403306,0
1.0,0.82224953,1.6371763,0
1.0,0.80697984,1.5686219,0
1.0,0.8128051,1.5519273,0
1.0,0.8011071,1.5202365,0
1.0,0.79971516,1.5266972,0
1.0,0.78784746,1.5187842,0
1.0,0.79313266,1.5091197,0
1.0,0.7862642,1.477923,0
1.0,0.79269284,1.5161363,0
1.0,0.78997314,1.5032322,0
1.0,0.7930063,1.5018387,0
1.0,0.7894496,1.5013134,0
1.0,0.7828,1.4714702,0
1.0,0.784154,1.450683,0
1.0,0.778023,1.4154168,0
1.0,0.76728225,1.368921,0
1.0,0.7629751,1.3422518,0
1.0,0.7574544,1.3089665,0
1.0,0.75327736,1.2674155,0
1.0,0.73985755,1.1988566,0
1.0,0.7358133,1.1674023,0
1.0,0.7378915,1.1640275,0
1.0,0.72600454,1.1311703,0
1.0,0.71879303,1.121872,0
1.0,0.7118808,1.1047181,0
1.0,0.72085834,1.1137882,0
1.0,0.71843684,1.116106,0
1.0,0.72199357,1.1171644,0
1.0,0.72039354,1.1070893,0
1.0,0.7233019,1.1272738,0
1.0,0.7290763,1.1386247,0
1.0,0.7269725,1.1314886,0
1.0,0.7245076,1.1160225,0
1.0,0.7225112,1.0930096,0
1.0,0.72444856,1.0913305,0
1.0,0.7101116,1.0422499,0
1.0,0.7211857,1.0243952,0
1.0,0.71124643,0.978351,0
1.0,0.7258741,1.0162921,0
1.0,0.71914154,0.998906,0
1.0,0.7402102,1.029105,0
1.0,0.7382799,1.0121155,0
1.0,0.74736524,1.0081905,0
1.0,0.7422802,1.0119752,0
1.0,0.7590699,1.0610199,0
1.0,0.7607085,1.0555352,0
1.0,0.76969254,1.0890652,0
1.0,0.7697216,1.0982869,0
1.0,0.7817336,1.1191424,0
1.0,0.78375775,1.1390959,0
1.0,0.78616947,1.1513615,0
1.0,0.78018034,1.1451255,0
1.0,0.781879,1.1437134,0
1.0,0.7790228,1.115805,0
1.0,0.7686824,1.0863849,0
1.0,0.76563334,1.0649136,0
1.0,0.76434916,1.0369473,0
1.0,0.770324,1.0373404,0
1.0,0.75662756,0.9932916,0
1.0,0.7644618,1.001095,0
1.0,0.75469637,0.99123734,0
1.0,0.7674913,0.9973903,0
1.0,0.7552687,0.9701675,0
1.0,0.76823264,1.0185456,0
1.0,0.7557851,0.9850752,0
1.0,0.77143174,1.0210266,0
1.0,0.75956786,1.0114653,0
1.0,0.7755624,1.0449953,0
1.0,0.7584954,1.0486153,0
1.0,0.7735183,1.0901849,0
1.0,0.74981964,1.0263468,0
1.0,0.7691652,1.0846446,0
1.0,0.7452605,1.0232402,0
1.0,0.75727856,1.0445263,0
1.0,0.74709904,1.0253675,0
1.0,0.7691514,1.0281545,0
1.0,0.75370646,0.98580146,0
1.0,0.7705595,1.0195837,0
1.0,0.7597887,0.9835608,0
1.0,0.7838761,1.0371344,0
1.0,0.7625237,0.99299145,0
1.0,0.7689511,1.0014801,0
1.0,0.7603327,1.0023361,0
1.0,0.77931666,1.0300561,0
1.0,0.7609172,0.99785984,0
1.0,0.76480395,1.0411881,0
1.0,0.75223905,1.0305122,0
1.0,0.7708913,1.0950575,0
1.0,0.75087047,1.0638422,0
1.0,0.7557171,1.0685116,0
1.0,0.74475,1.0676924,0
1.0,0.7613657,1.1117923,0
1.0,0.7409084,1.0527714,0
1.0,0.7466036,1.0616797,0
1.0,0.735584,1.0402803,0
1.0,0.7526682,1.0504073,0
1.0,0.7338875,1.0122638,0
1.0,0.7384411,1.0337888,0
1.0,0.71726006,0.98394716,0
1.0,0.7334451,1.016198,0
1.0,0.7132521,0.96837664,0
1.0,0.71581674,0.97623897,0
1.0,0.6996771,0.9611975,0
1.0,0.7119714,0.98059595,0
1.0,0.705493,0.97939855,0
1.0,0.71416336,1.0158141,0
1.0,0.7058419,1.0284498,0
1.0,0.7192312,1.0885572,0
1.0,0.72074044,1.0928777,0
1.0,0.72889125,1.1199424,0
1.0,0.72323984,1.133502,0
1.0,0.7316251,1.1592988,0
1.0,0.7325319,1.1836722,0
1.0,0.74221003,1.2111244,0
1.0,0.7353425,1.1752979,0
1.0,0.7430486,1.1921229,0
1.0,0.74407345,1.1818006,0
1.0,0.74225146,1.1552069,0
1.0,0.750013,1.1724259,0
1.0,0.7505848,1.1645719,0
1.0,0.75951487,1.1929127,0
1.0,0.76011515,1.2065881,0
1.0,0.7701198,1.2234281,0
1.0,0.76621646,1.2303116,0
1.0,0.77327466,1.2784642,0
1.0,0.77649957,1.3089186,0
1.0,0.78849906,1.3580287,0
1.0,0.78569293,1.3787713,0
1.0,0.7913892,1.4032626,0
1.0,0.79313934,1.4196248,0
1.0,0.7977991,1.4484751,0
1.0,0.7947236,1.4391975,0
1.0,0.79680353,1.4467318,0
1.0,0.79247695,1.4242015,0
1.0,0.7937587,1.4100695,0
1.0,0.79009694,1.4236803,0
1.0,0.78737986,1.4125863,0
1.0,0.7851124,1.3897122,0
1.0,0.7896002,1.390163,0
1.0,0.7875023,1.3628886,0
1.0,0.78337914,1.3602034,0
1.0,0.7969079,1.4000267,0
1.0,0.78650624,1.357274,0
1.0,0.7938374,1.3890965,0
1.0,0.77891743,1.3711512,0
1.0,0.7910034,1.409182,0
1.0,0.7795541,1.4022906,0
1.0,0.7941189,1.4474356,0
1.0,0.78464246,1.4488778,0
1.0,0.7977523,1.5064933,0
1.0,0.7870292,1.5010555,0
1.0,0.8057884,1.5634943,0
1.0,0.79364306,1.5280819,0
1.0,0.80831057,1.5829382,0
1.0,0.79781955,1.562886,0
1.0,0.80676234,1.5669258,0
1.0,0.7952579,1.5225823,0
1.0,0.8138442,1.5364091,0
1.0,0.7991121,1.4820757,0
1.0,0.81099945,1.5054047,0
1.0,0.7983278,1.4694357,0
1.0,0.8167395,1.5146923,0
1.0,0.8008719,1.4714706,0
1.0,0.80638415,1.5026071,0
1.0,0.795226,1.4898045,0
1.0,0.7991978,1.5114273,0
1.0,0.79344195,1.5261321,0
1.0,0.792566,1.4991688,0
1.0,0.7863614,1.4971536,0
1.0,0.7974843,1.5904787,0
1.0,0.7931097,1.5564878,0
1.0,0.79260314,1.5527697,0
1.0,0.78872055,1.5726672,0
1.0,0.8023898,1.5859265,0
1.0,0.78893065,1.549144,0
1.0,0.7953359,1.5378017,0
1.0,0.7800752,1.472151,0
1.0,0.7955705,1.4896095,0
1.0,0.77682215,1.4344624,0
1.0,0.7898182,1.4970975,0
1.0,0.76660556,1.4426138,0
1.0,0.7809368,1.4599452,0
1.0,0.77161855,1.4179732,0
1.0,0.78254056,1.4450147,0
1.0,0.7710934,1.4491885,0
1.0,0.79422414,1.5225984,0
1.0,0.79148364,1.5477268,0
1.0,0.81301063,1.6202817,0
1.0,0.80079985,1.6005865,0
1.0,0.82189256,1.6934218,0
1.0,0.8176284,1.7246132,0
1.0,0.8452365,1.8032367,0
1.0,0.8338867,1.7866713,0
1.0,0.85069895,1.8470356,0
1.0,0.8454339,1.817157,0
1.0,0.86169714,1.8681006,0
1.0,0.8487178,1.8321177,0
1.0,0.8584429,1.8310332,0
1.0,0.8518116,1.8092934,0
1.0,0.85756165,1.8353167,0
1.0,0.849274,1.8069485,0
1.0,0.8587052,1.8197014,0
1.0,0.85819703,1.8679488,0
1.0,0.8652945,1.9213198,0
1.0,0.8630777,1.9135001,0
1.0,0.8716905,1.9717215,0
1.0,0.86916107,1.9833281,0
1.0,0.8759846,2.0298753,0
1.0,0.8726564,2.0585642,0
1.0,0.87738734,2.090267,0
1.0,0.86877024,2.0843914,0
1.0,0.87372595,2.1108937,0
1.0,0.8682574,2.09456,0
1.0,0.8727336,2.1034813,0
1.0,0.8667453,2.095303,0
1.0,0.8635192,2.0605605,0
1.0,0.858901,2.0022142,0
1.0,0.8634425,1.9860258,0
1.0,0.8552075,1.9368689,0
1.0,0.85942477,1.967078,0
1.0,0.85396516,1.9610493,0
1.0,0.8570992,1.9467688,0
1.0,0.84995836,1.9181743,0
1.0,0.85396045,1.9387774,0
1.0,0.8506247,1.9356642,0
1.0,0.8558257,1.945477,0
1.0,0.8498743,1.9516098,0
1.0,0.85248756,1.979844,0
1.0,0.85001075,2.0009098,0
1.0,0.8574901,2.0509496,0
1.0,0.8556915,2.0381649,0
1.0,0.8571815,2.0669327,0
1.0,0.85448825,2.073182,0
1.0,0.8593664,2.0629735,0
1.0,0.8607683,2.0537033,0
1.0,0.8590844,2.0228126,0
1.0,0.85624975,1.9918814,0
1.0,0.8561462,1.9727287,0
1.0,0.8514346,1.945265,0
1.0,0.8473648,1.9266078,0
1.0,0.8498995,1.9220879,0
1.0,0.84812343,1.9377801,0
1.0,0.8486894,1.9550472,0
1.0,0.84418666,1.928132,0
1.0,0.8503309,1.959666,0
1.0,0.8532794,2.0168962,0
1.0,0.8582052,2.0315714,0
1.0,0.8584801,2.0358162,0
1.0,0.86292946,2.0955944,0
1.0,0.85938376,2.0900378,0
1.0,0.8642245,2.1405234,0
1.0,0.8666331,2.1504197,0
1.0,0.86744374,2.125492,0
1.0,0.8670611,2.157813,0
1.0,0.86366224,2.1137555,0
1.0,0.8589264,2.0734599,0
1.0,0.8625892,2.0933561,0
1.0,0.85785884,2.059771,0
1.0,0.85338074,2.054837,0
1.0,0.8509687,2.032056,0
1.0,0.84962857,1.9923539,0
1.0,0.8542564,2.024869,0
1.0,0.850961,2.0233517,0
1.0,0.8538007,2.0040045,0
1.0,0.85221434,2.0205305,0
1.0,0.8541699,2.0211153,0
1.0,0.85157275,1.9998507,0
1.0,0.85226315,2.0511198,0
1.0,0.8531285,2.0715513,0
1.0,0.8545086,2.0898452,0
1.0,0.85388064,2.1086807,0
1.0,0.8529578,2.0852742,0
1.0,0.8529103,2.06523,0
1.0,0.85330015,2.0541697,0
1.0,0.8518375,2.0203652,0
1.0,0.8442884,1.9738481,0
1.0,0.8430187,1.9608041,0
1.0,0.83944273,1.918791,0
1.0,0.8409621,1.9141979,0
1.0,0.8378082,1.8888011,0
1.0,0.8283074,1.8273119,0
1.0,0.8290783,1.8454835,0
1.0,0.830739,1.8108618,0
1.0,0.8328449,1.8038356,0
1.0,0.82949907,1.814209,0
1.0,0.82740736,1.7877007,0
1.0,0.83326477,1.8569131,0
1.0,0.8281026,1.8378462,0
1.0,0.826636,1.8074992,0
1.0,0.82711804,1.8454907,0
1.0,0.8361991,1.8339443,0
1.0,0.82714653,1.7864369,0
1.0,0.83312315,1.8298674,0
1.0,0.82909095,1.795892,0
1.0,0.83748925,1.7871541,0
1.0,0.8302213,1.7457807,0
1.0,0.8286172,1.7034082,0
1.0,0.8259761,1.6784785,0
1.0,0.82802594,1.6732279,0
1.0,0.82430553,1.6189553,0
1.0,0.82155895,1.5881004,0
1.0,0.8207565,1.593742,0
1.0,0.82534575,1.6103524,0
1.0,0.8202371,1.6032729,0
1.0,0.82184577,1.5959706,0
1.0,0.8222231,1.5751295,0
1.0,0.82814777,1.5936892,0
1.0,0.8198935,1.5738357,0
1.0,0.8258026,1.5938022,0
1.0,0.82319516,1.5979369,0
1.0,0.82870126,1.6099471,0
1.0,0.82443583,1.6167274,0
1.0,0.8265507,1.6128149,0
1.0,0.8170934,1.5474014,0
1.0,0.8215123,1.5562619,0
1.0,0.82199347,1.536418,0
1.0,0.80891234,1.4700241,0
1.0,0.79936236,1.4258374,0
1.0,0.7957451,1.3560547,0
1.0,0.7938378,1.3408911,0
1.0,0.7859124,1.3323361,0
1.0,0.7762408,1.2924454,0
1.0,0.7794199,1.3364722,0
1.0,0.77379614,1.3246789,0
1.0,0.7811956,1.3021077,0
1.0,0.7704236,1.2969418,0
1.0,0.78524673,1.3449957,0
1.0,0.784575,1.3656833,0
1.0,0.79876906,1.418742,0
1.0,0.77800727,1.3691376,0
1.0,0.7862228,1.4047914,0
1.0,0.7784424,1.3935263,0
1.0,0.7789675,1.3950033,0
1.0,0.76691866,1.3527393,0
1.0,0.7736851,1.3245815,0
1.0,0.7719439,1.303386,0
1.0,0.7747567,1.3223448,0
1.0,0.7685103,1.3209147,0
1.0,0.7837591,1.3482224,0
1.0,0.78028756,1.3190262,0
1.0,0.79027766,1.3276892,0
1.0,0.78481114,1.3038149,0
1.0,0.7951064,1.3181713,0
1.0,0.79638535,1.3257604,0
1.0,0.8001013,1.343382,0
1.0,0.79595184,1.3522327,0
1.0,0.8004507,1.3987018,0
1.0,0.79652184,1.4063176,0
1.0,0.7961702,1.4177542,0
1.0,0.7940231,1.4296414,0
1.0,0.7951895,1.4465837,0
1.0,0.79129285,1.4569356,0
1.0,0.793189,1.4601209,0
1.0,0.7930156,1.4288316,0
1.0,0.79573226,1.4001863,0
1.0,0.7927939,1.3845971,0
1.0,0.7914016,1.3722615,0
1.0,0.7883492,1.3245978,0
1.0,0.7915174,1.3054667,0
1.0,0.78546304,1.2684747,0
1.0,0.7839039,1.2393872,0
1.0,0.7797868,1.2433262,0
1.0,0.7769031,1.2466294,0
1.0,0.7659798,1.2126058,0
1.0,0.7658456,1.2196395,0
1.0,0.76271755,1.220521,0
1.0,0.76560736,1.2474568,0
1.0,0.75411886,1.2299733,0
1.0,0.76060915,1.2402124,0
1.0,0.75838315,1.2295357,0
1.0,0.7625458,1.2280065,0
1.0,0.753191,1.2276282,0
1.0,0.75906587,1.2411773,0
1.0,0.75377536,1.2031522,0
1.0,0.7571787,1.1933858,0
1.0,0.7536003,1.1563525,0
1.0,0.74481577,1.1155657,0
1.0,0.7507439,1.1057713,0
1.0,0.75130904,1.065341,0
1.0,0.75169027,1.039418,0
1.0,0.748827,1.0298438,0
1.0,0.7501668,1.0263919,0
1.0,0.7458605,0.9993245,0
1.0,0.74589735,0.9798298,0
1.0,0.747248,0.9627751,0
1.0,0.74946463,0.97330225,0
1.0,0.7413229,0.9705366,0
1.0,0.7438035,0.968272,0
1.0,0.74059004,0.96878225,0
1.0,0.739399,0.98090875,0
1.0,0.72934765,0.9656787,0
1.0,0.724803,0.96579444,0
1.0,0.72264725,0.9591074,0
1.0,0.7182162,0.92662454,0
1.0,0.71064353,0.8877298,0
1.0,0.70702,0.85798836,0
1.0,0.7059357,0.8274684,0
1.0,0.7075597,0.807554,0
1.0,0.6990667,0.7630688,0
1.0,0.6897492,0.7394927,0
1.0,0.69852716,0.74939644,0
1.0,0.68833053,0.72025204,0
1.0,0.6983783,0.751611,0
1.0,0.6936804,0.73114836,0
1.0,0.7048933,0.73101735,0
1.0,0.7060428,0.7359653,0
1.0,0.71530706,0.7623106,0
1.0,0.70948106,0.76645577,0
1.0,0.7134466,0.7924658,0
1.0,0.710181,0.7930325,0
1.0,0.721684,0.8129982,0
1.0,0.7133243,0.81741506,0
1.0,0.7179904,0.8133772,0
1.0,0.71724856,0.793123,0
1.0,0.7331605,0.8251914,0
1.0,0.7312898,0.8125964,0
1.0,0.72842985,0.80217534,0
1.0,0.73358214,0.80073285,0
1.0,0.74024326,0.8070451,0
1.0,0.74957556,0.8278988,0
1.0,0.7369993,0.7944586,0
1.0,0.7357001,0.7829946,0
1.0,0.73769796,0.7847737,0
1.0,0.74572796,0.7942584,0
1.0,0.7277566,0.77187586,0
1.0,0.73011154,0.7989149,0
1.0,0.71950376,0.80108845,0
1.0,0.72565424,0.83126783,0
1.0,0.70908606,0.82096493,0
1.0,0.7084394,0.83641887,0
1.0,0.710724,0.8608511,0
1.0,0.71849334,0.8797177,0
1.0,0.7079794,0.8541117,0
1.0,0.7097469,0.85360813,0
1.0,0.7102142,0.844794,0
1.0,0.7170429,0.8539579,0
1.0,0.70530057,0.83308375,0
1.0,0.702824,0.8348166,0
1.0,0.6951631,0.8141641,0
1.0,0.6948988,0.80587506,0
1.0,0.68730235,0.7965872,0
1.0,0.6785005,0.78479767,0
1.0,0.679599,0.7901814,0
1.0,0.6740243,0.77923596,0
1.0,0.6762391,0.80106866,0
1.0,0.6762821,0.81699985,0
1.0,0.67954284,0.83466107,0
1.0,0.67715245,0.8564404,0
1.0,0.67821145,0.8676463,0
1.0,0.6777252,0.8761263,0
1.0,0.6787472,0.8857769,0
1.0,0.6807936,0.892267,0
1.0,0.68202704,0.9082457,0
1.0,0.6821955,0.91669285,0
1.0,0.6761533,0.91293144,0
1.0,0.682472,0.9156774,0
1.0,0.6813156,0.89831495,0
1.0,0.68444115,0.8976399,0
1.0,0.6858586,0.88728625,0
1.0,0.6991103,0.9180281,0
1.0,0.7068505,0.93371004,0
1.0,0.7162129,0.9382022,0
1.0,0.7158267,0.9446459,0
1.0,0.7273497,0.9824829,0
1.0,0.72485876,0.9894003,0
1.0,0.7328084,1.015487,0
1.0,0.7271402,1.0185897,0
1.0,0.73141766,1.048027,0
1.0,0.72859013,1.0656722,0
1.0,0.73705924,1.119807,0
1.0,0.7356569,1.1420088,0
1.0,0.74475604,1.1615419,0
1.0,0.7457499,1.1565833,0
1.0,0.7612144,1.1913197,0
1.0,0.752155,1.1706989,0
1.0,0.7732573,1.2158839,0
1.0,0.7602543,1.1807466,0
1.0,0.7782063,1.2185395,0
1.0,0.7636651,1.1911837,0
1.0,0.7758771,1.2004982,0
1.0,0.755454,1.1689513,0
1.0,0.7742308,1.2315408,0
1.0,0.7572283,1.1805474,0
1.0,0.76657635,1.2034259,0
1.0,0.7409551,1.1504177,0
1.0,0.7565602,1.2038708,0
1.0,0.7482671,1.2295833,0
1.0,0.75903106,1.2733622,0
1.0,0.7471276,1.2790014,0
1.0,0.7639836,1.3303708,0
1.0,0.76220465,1.3096911,0
1.0,0.7743558,1.337641,0
1.0,0.7687585,1.3269591,0
1.0,0.78023374,1.3521616,0
1.0,0.77356595,1.3440325,0
1.0,0.7790583,1.3459694,0
1.0,0.7715213,1.3032653,0
1.0,0.7754578,1.2972516,0
1.0,0.7709595,1.2823868,0
1.0,0.7624982,1.2427175,0
1.0,0.76983005,1.2274989,0
1.0,0.7684129,1.2053368,0
1.0,0.77555466,1.2269295,0
1.0,0.77637756,1.238096,0
1.0,0.78956264,1.2813239,0
1.0,0.78787184,1.2900478,0
1.0,0.7898717,1.308888,0
1.0,0.7875716,1.3134179,0
1.0,0.79457396,1.3499383,0
1.0,0.79321223,1.3573662,0
1.0,0.7897422,1.3302553,0
1.0,0.78317577,1.3152263,0
1.0,0.7899664,1.3054785,0
1.0,0.7852929,1.2591332,0
1.0,0.7834093,1.2606763,0
1.0,0.7783257,1.2371814,0
1.0,0.77922326,1.2154896,0
1.0,0.7786313,1.177206,0
1.0,0.77526456,1.1258764,0
1.0,0.7734509,1.1136503,0
1.0,0.7736384,1.097091,0
1.0,0.7731963,1.0714548,0
1.0,0.7722222,1.0693758,0
1.0,0.76984936,1.058739,0
1.0,0.76122725,1.0350664,0
1.0,0.7632972,1.0598025,0
1.0,0.75781614,1.0410213,0
1.0,0.75516325,1.0335462,0
1.0,0.74545026,1.0343056,0
1.0,0.75095654,1.0499831,0
1.0,0.74322176,1.0290217,0
1.0,0.74250096,1.03947,0
1.0,0.73375577,1.0381597,0
1.0,0.7343327,1.016726,0
1.0,0.7270679,0.9819541,0
1.0,0.72886866,0.97504413,0
1.0,0.7169625,0.9208646,0
1.0,0.72020984,0.90469193,0
1.0,0.70974904,0.8569834,0
1.0,0.70784163,0.8276121,0
1.0,0.69735956,0.78223914,0
1.0,0.6904567,0.74964875,0
1.0,0.6893917,0.75909543,0
1.0,0.6876661,0.761603,0
1.0,0.68285215,0.76912105,0
1.0,0.68303525,0.7853693,0
1.0,0.6844052,0.79305875,0
1.0,0.69075346,0.81622815,0
1.0,0.6834126,0.81927836,0
1.0,0.6854562,0.8319252,0
1.0,0.682841,0.82450634,0
1.0,0.6844468,0.830649,0
1.0,0.67531955,0.8159569,0
1.0,0.6726086,0.8208984,0
1.0,0.67393255,0.82392424,0
1.0,0.66962,0.8142698,0
1.0,0.6637493,0.7980448,0
1.0,0.6664362,0.7664116,0
1.0,0.6712831,0.76579833,0
1.0,0.67295766,0.7707842,0
1.0,0.66986644,0.7643293,0
1.0,0.68374085,0.80908704,0
1.0,0.68194544,0.81041586,0
1.0,0.6985313,0.83148366,0
1.0,0.6917396,0.81886655,0
1.0,0.7099968,0.8668445,0
1.0,0.7039296,0.8556133,0
1.0,0.7173227,0.89230657,0
1.0,0.70426196,0.8989135,0
1.0,0.71599036,0.9400513,0
1.0,0.71054065,0.9486936,0
1.0,0.71605504,0.97305477,0
1.0,0.7077273,0.95794475,0
1.0,0.7236314,0.98323625,0
1.0,0.721632,0.98178506,0
1.0,0.7368621,1.0127759,0
1.0,0.7282988,0.9908409,0
1.0,0.7485022,1.0252401,0
1.0,0.7472033,1.0020182,0
1.0,0.75829697,1.020516,0
1.0,0.74595666,0.9939054,0
1.0,0.7539522,1.0122442,0
1.0,0.7514353,1.0184448,0
1.0,0.7555361,1.0252051,0
1.0,0.74474657,1.017966,0
1.0,0.741893,1.0362427,0
1.0,0.7410851,1.06828,0
1.0,0.7438433,1.0920382,0
1.0,0.7379651,1.0945681,0
1.0,0.73648536,1.1242208,0
1.0,0.7406675,1.1655056,0
1.0,0.74587077,1.1984286,0
1.0,0.7502409,1.2027261,0
1.0,0.7491454,1.2027149,0
1.0,0.7545011,1.2214993,0
1.0,0.7590102,1.2312689,0
1.0,0.766402,1.2595439,0
1.0,0.75871325,1.2412739,0
1.0,0.7637479,1.2765404,0
1.0,0.7608672,1.2564862,0
1.0,0.7685146,1.2375555,0
1.0,0.75471425,1.2767022,0
1.0,0.76854,1.3507482,0
1.0,0.7766514,1.3702344,0
1.0,0.8169117,1.5336914,0
1.0,0.81710154,1.5971715,0
1.0,0.8349115,1.6762935,0
1.0,0.84112763,1.7666874,0
1.0,0.86214936,1.8691839,0
1.0,0.8626655,1.885325,0
1.0,0.87153226,1.9555103,0
1.0,0.872685,2.018681,0
1.0,0.8934364,2.1180835,0
1.0,0.89595425,2.1326547,0
1.0,0.9042088,2.1644142,0
1.0,0.9022492,2.1878529,0
1.0,0.91482794,2.2480676,0
1.0,0.91428614,2.270007,0
1.0,0.92128026,2.2838874,0
1.0,0.92021185,2.2843275,0
1.0,0.92975956,2.34902,0
1.0,0.9278761,2.387583,0
1.0,0.93250346,2.4349623,0
1.0,0.9346728,2.4475918,0
1.0,0.94471425,2.5083687,0
1.0,0.94393516,2.547757,0
1.0,0.94733125,2.6343236,0
1.0,0.94993854,2.7410107,0
1.0,0.95175225,2.8010373,0
1.0,0.952519,2.8550134,0
1.0,0.9510168,2.873321,0
1.0,0.95269156,2.9370809,0
1.0,0.9527996,3.0587804,0
1.0,0.95539945,3.0621665,0
1.0,0.95393115,3.0401134,0
1.0,0.9573289,3.108792,0
1.0,0.9562489,3.0993872,0
1.0,0.9562206,3.0916955,0
1.0,0.95413774,3.1036491,0
1.0,0.9581142,3.0756798,0
1.0,0.95731854,3.053392,0
1.0,0.95768917,3.1118805,0
1.0,0.9544624,3.1264775,0
1.0,0.95797163,3.1230683,0
1.0,0.959344,3.1905642,0
1.0,0.96211493,3.2973156,0
1.0,0.9610387,3.3425817,0
1.0,0.9638786,3.4162664,0
1.0,0.96349406,3.5092404,0
1.0,0.9663399,3.5341082,0
1.0,0.9657269,3.5396075,0
1.0,0.96678126,3.6075153,0
1.0,0.96525705,3.6159425,0
1.0,0.9667996,3.588192,0
1.0,0.96645397,3.5898397,0
1.0,0.9666569,3.6095014,0
1.0,0.96595365,3.612392,0
1.0,0.9651764,3.6149335,0
1.0,0.963108,3.5953162,0
1.0,0.9622181,3.5821176,0
1.0,0.9636283,3.6195707,0
1.0,0.9635668,3.638208,0
1.0,0.96376693,3.642251,0
1.0,0.9620383,3.6831338,0
1.0,0.96434945,3.6888728,0
1.0,0.9655067,3.6749496,0
1.0,0.9672673,3.7466297,0
1.0,0.9659969,3.7806497,0
1.0,0.96765834,3.8529296,0
1.0,0.9679455,3.9477258,0
1.0,0.9689378,3.9638724,0
1.0,0.96798676,3.9900563,0
1.0,0.9696,4.0317883,0
1.0,0.9692234,4.0157905,0
1.0,0.9701174,4.0167103,0
1.0,0.96814317,4.0357404,0
1.0,0.9691694,4.0166607,0
1.0,0.9686382,3.9418623,0
1.0,0.9673899,3.924039,0
1.0,0.9654919,3.9087787,0
1.0,0.96507585,3.8301406,0
1.0,0.965551,3.8017168,0
1.0,0.9664589,3.817815,0
1.0,0.96498036,3.8352761,0
1.0,0.96634376,3.8970118,0
1.0,0.9684182,3.9963014,0
1.0,0.97034866,4.073814,0
1.0,0.97075427,4.0880384,0
1.0,0.97052574,4.1276755,0
1.0,0.9712921,4.189784,0
1.0,0.9712929,4.1970057,0
1.0,0.9719025,4.1979046,0
1.0,0.9707582,4.1656804,0
1.0,0.97054625,4.1159925,0
1.0,0.9713897,4.130667,0
1.0,0.97042984,4.1237874,0
1.0,0.97006524,4.0579505,0
1.0,0.9691066,4.014532,0
1.0,0.96948034,3.972843,0
1.0,0.9687431,3.912581,0
1.0,0.9670817,3.8398159,0
1.0,0.96657425,3.80194,0
1.0,0.96741754,3.7831702,0
1.0,0.96844316,3.769238,0
1.0,0.9678151,3.8074641,0
1.0,0.9674095,3.8371387,0
1.0,0.96829605,3.891955,0
1.0,0.9710442,3.9051235,0
1.0,0.96996194,3.8432198,0
1.0,0.9690438,3.8949602,0
1.0,0.96893185,3.955538,0
1.0,0.97123766,3.9511857,0
1.0,0.971772,3.9313898,0
1.0,0.9711128,3.9109793,0
1.0,0.9711316,3.9337542,0
1.0,0.97123253,3.8731182,0
1.0,0.9694276,3.7792428,0
1.0,0.9704067,3.7478142,0
1.0,0.96860504,3.6500247,0
1.0,0.9705923,3.6202407,0
1.0,0.96763533,3.599331,0
1.0,0.9659232,3.534865,0
1.0,0.9646198,3.519701,0
1.0,0.9682745,3.497654,0
1.0,0.9667822,3.4457283,0
1.0,0.9651249,3.4945486,0
1.0,0.9638235,3.4846225,0
1.0,0.9663667,3.3947854,0
1.0,0.9670194,3.371604,0
1.0,0.965451,3.3934898,0
1.0,0.96466917,3.3693485,0
1.0,0.96753603,3.359608,0
1.0,0.9685601,3.3613346,0
1.0,0.96752286,3.300377,0
1.0,0.9666257,3.2810788,0
1.0,0.9660366,3.2883148,0
1.0,0.961021,3.1987753,0
1.0,0.95868444,3.1375978,0
1.0,0.9568443,3.052912,0
1.0,0.95714116,2.9748175,0
1.0,0.95364994,2.9859128,0
1.0,0.9485061,2.9549518,0
1.0,0.9484311,2.8527381,0
1.0,0.94925624,2.8240194,0
1.0,0.94730294,2.8381069,0
1.0,0.9457592,2.862093,0
1.0,0.9474619,2.897598,0
1.0,0.9469151,2.8984396,0
1.0,0.94585174,2.9360766,0
1.0,0.94488543,2.9358993,0
1.0,0.9458524,2.9300861,0
1.0,0.94688624,2.9510617,0
1.0,0.944865,2.8894339,0
1.0,0.944909,2.8603125,0
1.0,0.94609123,2.8582556,0
1.0,0.9457289,2.833693,0
1.0,0.93971455,2.8145187,0
1.0,0.9396119,2.7285914,0
1.0,0.9385049,2.6718802,0
1.0,0.93962485,2.7427435,0
1.0,0.93867606,2.8020995,0
1.0,0.9465359,2.8715782,0
1.0,0.9494418,2.8967295,0
1.0,0.9554669,2.8811243,0
1.0,0.95269984,2.8450608,0
1.0,0.9564101,2.8778532,0
1.0,0.955864,2.8453512,0
1.0,0.9619067,2.8088288,0
1.0,0.9573959,2.8006487,0
1.0,0.96073824,2.8017488,0
1.0,0.95766693,2.7620168,0
1.0,0.9587146,2.8074098,0
1.0,0.9507165,2.7819734,0
1.0,0.95482737,2.772712,0
1.0,0.9532727,2.8452125,0
1.0,0.95637524,2.8575554,0
1.0,0.9496296,2.8104546,0
1.0,0.9534664,2.825239,0
1.0,0.95157546,2.7515018,0
1.0,0.9538873,2.717812,0
1.0,0.946052,2.6845543,0
1.0,0.95229286,2.7269368,0
1.0,0.95210284,2.6953156,0
1.0,0.9587305,2.6772528,0
1.0,0.9528528,2.745243,0
1.0,0.9557093,2.801434,0
1.0,0.9549402,2.7862706,0
1.0,0.96232253,2.807467,0
1.0,0.9587376,2.7642217,0
1.0,0.9604211,2.8208117,0
1.0,0.9596936,2.9117146,0
1.0,0.9612595,2.9062183,0
1.0,0.9583919,2.8141394,0
1.0,0.96042067,2.7201166,0
1.0,0.9611454,2.7176442,0
1.0,0.9649649,2.7633598,0
1.0,0.9649051,2.7665575,0
1.0,0.9670718,2.7226138,0
1.0,0.9666512,2.68897,0
1.0,0.9682036,2.7397475,0
1.0,0.96536845,2.7876778,0
1.0,0.9658559,2.867805,0
1.0,0.9689538,3.0095186,0
1.0,0.97329277,3.026304,0
1.0,0.9722835,3.0001335,0
1.0,0.97285575,3.0227125,0
1.0,0.9727323,3.0463703,0
1.0,0.9767809,3.1144593,0
1.0,0.97660065,3.091312,0
1.0,0.97585857,3.0482311,0
1.0,0.9750489,3.073267,0
1.0,0.9757092,3.1278481,0
1.0,0.9744261,3.1061826,0
1.0,0.975289,2.9800339,0
1.0,0.9748384,2.9577575,0
1.0,0.97571385,3.0487304,0
1.0,0.9735382,3.0219655,0
1.0,0.9745131,2.9672332,0
1.0,0.97599536,2.9306684,0
1.0,0.97788745,2.9599147,0
1.0,0.97573733,3.0420494,0
1.0,0.9737578,3.0316591,0
1.0,0.9749483,2.9561887,0
1.0,0.9767446,2.9152255,0
1.0,0.9753302,2.9404988,0
1.0,0.9742235,3.0450175,0
1.0,0.9741964,3.0736082,0
1.0,0.9759437,3.068842,0
1.0,0.97626615,3.0677032,0
1.0,0.9758164,3.0655465,0
1.0,0.9753357,3.1003249,0
1.0,0.9733778,3.1285849,0
1.0,0.9731625,3.0756364,0
1.0,0.9720426,2.9622972,0
1.0,0.9724471,2.8655562,0
1.0,0.97028446,2.8679605,0
1.0,0.9695238,2.840055,0
1.0,0.9680065,2.7776191,0
1.0,0.9691723,2.7207427,0
1.0,0.96625704,2.6144829,0
1.0,0.96587366,2.6058564,0
1.0,0.9618482,2.6502838,0
1.0,0.95868623,2.6269732,0
1.0,0.95331806,2.5455472,0
1.0,0.9560093,2.498128,0
1.0,0.9508663,2.5416775,0
1.0,0.9523189,2.6432786,0
1.0,0.95121324,2.5962806,0
1.0,0.95835,2.5649228,0
1.0,0.9570803,2.5266452,0
1.0,0.9552294,2.5447319,0
1.0,0.9513248,2.5942118,0
1.0,0.95369124,2.5225759,0
1.0,0.95455897,2.488433,0
1.0,0.9520112,2.4866855,0
1.0,0.9517298,2.4573197,0
1.0,0.9495535,2.43646,0
1.0,0.9493214,2.346718,0
1.0,0.9469204,2.2338085,0
1.0,0.9486436,2.205011,0
1.0,0.94662005,2.1756759,0
1.0,0.9468267,2.1869106,0
1.0,0.94562626,2.209343,0
1.0,0.9483698,2.154014,0
1.0,0.94959056,2.1064684,0
1.0,0.9470778,2.1082537,0
1.0,0.94773126,2.141361,0
1.0,0.9503869,2.1347113,0
1.0,0.95058185,2.1247532,0
1.0,0.9501558,2.1444938,0
1.0,0.94857216,2.1335402,0
1.0,0.94934994,2.1321344,0
1.0,0.945415,2.1609776,0
1.0,0.9414353,2.1451366,0
1.0,0.94185734,2.0921216,0
1.0,0.9429328,2.0719278,0
1.0,0.94142133,2.070217,0
1.0,0.93433416,2.0317025,0
1.0,0.9396878,1.9840577,0
1.0,0.9439054,1.9372162,0
1.0,0.9442648,1.8780353,0
1.0,0.9424647,1.8438199,0
1.0,0.94638145,1.8376751,0
1.0,0.9450944,1.7326494,0
1.0,0.9495524,1.7334818,0
1.0,0.94783866,1.7868025,0
1.0,0.95305675,1.7919159,0
1.0,0.9489831,1.7994132,0
1.0,0.95024896,1.8552138,0
1.0,0.9487151,1.8663723,0
1.0,0.95357805,1.869615,0
1.0,0.9506438,1.8498173,0
1.0,0.9516285,1.8766257,0
1.0,0.95305705,1.8772905,0
1.0,0.95739174,1.8651286,0
1.0,0.95666325,1.8288705,0
1.0,0.95479137,1.7875336,0
1.0,0.9543983,1.7602949,0
1.0,0.9542141,1.7126331,0
1.0,0.95194566,1.6377435,0
1.0,0.954191,1.6289191,0
1.0,0.9539984,1.6246153,0
1.0,0.95530903,1.5615422,0
1.0,0.94488674,1.5110703,0
1.0,0.94006824,1.4841583,0
1.0,0.9369394,1.4138992,0
1.0,0.94026995,1.4092016,0
1.0,0.9323932,1.4288955,0
1.0,0.92952657,1.4285861,0
1.0,0.92412144,1.3669045,0
1.0,0.92447925,1.3270165,0
1.0,0.9229273,1.3033323,0
1.0,0.9224652,1.3119133,0
1.0,0.9194909,1.3578033,0
1.0,0.91197413,1.2892733,0
1.0,0.9073885,1.236264,0
1.0,0.894108,1.2108909,0
1.0,0.8864317,1.120719,0
1.0,0.86600745,1.0323415,0
1.0,0.8580064,1.0161238,0
1.0,0.8526211,0.9778584,0
1.0,0.8525258,0.94644177,0
1.0,0.8595917,0.96858984,0
1.0,0.85987884,0.9634222,0
1.0,0.86224717,0.9131775,0
1.0,0.8619488,0.8859112,0
1.0,0.85470647,0.8378527,0
1.0,0.87398046,0.8628539,0
1.0,0.87531614,0.8814404,0
1.0,0.8943571,0.9345064,0
1.0,0.8831537,0.90589213,0
1.0,0.8890335,0.9157847,0
1.0,0.89085853,0.91778445,0
1.0,0.90232307,0.8809919,0
1.0,0.8858962,0.8322057,0
1.0,0.8850595,0.82779884,0
1.0,0.89805907,0.8121979,0
1.0,0.9097431,0.79972315,0
1.0,0.9067759,0.77945185,0
1.0,0.89916027,0.73972523,0
1.0,0.9025934,0.7293885,0
1.0,0.90847534,0.7337334,0
1.0,0.90776104,0.7208462,0
1.0,0.892812,0.68569577,0
1.0,0.908798,0.6981249,0
1.0,0.8974191,0.66755223,0
1.0,0.87944645,0.654974,0
1.0,0.85032886,0.6157247,0
1.0,0.8435543,0.5972036,0
1.0,0.83616,0.5831753,0
1.0,0.827833,0.5681231,0
1.0,0.7905245,0.50843966,0
1.0,0.8165852,0.5075071,0
1.0,0.7973927,0.45298937,0
1.0,0.7757282,0.41839832,0
1.0,0.7606184,0.4031694,0
1.0,0.7905938,0.43306863,0
1.0,0.7568951,0.37767768,0
1.0,0.74269307,0.35359865,0
1.0,0.6976198,0.30060086,0
1.0,0.66756576,0.26559418,0
1.0,0.6473928,0.23016801,0
1.0,0.63250875,0.19525784,0
1.0,0.63146794,0.19094096,0
1.0,0.64424944,0.20936915,0
1.0,0.63995606,0.21533138,0
1.0,0.65165734,0.22492118,0
1.0,0.69046074,0.27366847,0
1.0,0.67635435,0.25824928,0
1.0,0.7160618,0.28975654,0
1.0,0.7326294,0.30731618,0
1.0,0.7553685,0.32152396,0
1.0,0.73620635,0.29056185,0
1.0,0.75178754,0.31659406,0
1.0,0.7541225,0.31705016,0
1.0,0.7387511,0.3024356,0
1.0,0.68733305,0.25999433,0
1.0,0.6894434,0.22820628,0
1.0,0.74780375,0.25666776,0
1.0,0.7489319,0.2721523,0
1.0,0.68769926,0.22912864,0
1.0,0.69385386,0.21694382,0
1.0,0.71711254,0.23473632,0
1.0,0.6743403,0.21560875,0
1.0,0.6371617,0.17545165,0
1.0,0.6400567,0.17737088,0
1.0,0.66069514,0.21414709,0
1.0,0.63033426,0.19325751,0
1.0,0.60260606,0.17540237,0
1.0,0.6052816,0.19211212,0
1.0,0.60455924,0.19664262,0
1.0,0.54718304,0.16515201,0
1.0,0.5237947,0.15475652,0
1.0,0.5166276,0.1516693,0
1.0,0.5201601,0.15023512,0
1.0,0.4449375,0.1246707,0
1.0,0.44664097,0.124558836,0
1.0,0.44964135,0.117970824,0
1.0,0.47046968,0.12721476,0
1.0,0.4393867,0.110692516,0
1.0,0.44957706,0.11982229,0
1.0,0.46606624,0.12497429,0
1.0,0.43583307,0.12747447,0
1.0,0.3809557,0.13399458,0
1.0,0.39569,0.1437438,0
1.0,0.4567136,0.16488595,0
1.0,0.5269488,0.19093981,0
1.0,0.47309905,0.17170161,0
1.0,0.520223,0.2040155,0
1.0,0.5429661,0.22398347,0
1.0,0.61058265,0.27235562,0
1.0,0.5548011,0.23067729,0
1.0,0.5699686,0.22311437,0
1.0,0.5797952,0.2290924,0
1.0,0.65810007,0.3002504,0
1.0,0.51670146,0.19998427,0
1.0,0.5179768,0.24340934,0
1.0,0.52176416,0.24514559,0
1.0,0.5929682,0.3093873,0
1.0,0.4981962,0.27903855,0
1.0,0.48809424,0.27920902,0
1.0,0.49546927,0.26802132,0
1.0,0.5327102,0.2753118,0
1.0,0.45460817,0.25451526,0
1.0,0.45712003,0.30378366,0
1.0,0.45462137,0.30614102,0
1.0,0.5164643,0.33993337,0
1.0,0.4261237,0.30967307,0
1.0,0.42301965,0.34658688,0
1.0,0.39513618,0.365142,0
1.0,0.42573425,0.38575763,0
1.0,0.4131122,0.37834227,0
1.0,0.3959839,0.3913431,0
1.0,0.39999425,0.39124054,0
1.0,0.40501636,0.4375324,0
1.0,0.39882755,0.42060786,0
1.0,0.4046033,0.41467226,0
1.0,0.40058473,0.40349033,0
1.0,0.39491123,0.42143363,0
1.0,0.39475307,0.42758214,0
1.0,0.40463492,0.45469016,0
1.0,0.40751523,0.45452118,0
1.0,0.39955518,0.44316638,0
1.0,0.40134972,0.46096823,0
1.0,0.40712535,0.5095388,0
1.0,0.41892698,0.5223675,0
1.0,0.4118253,0.51444113,0
1.0,0.43478385,0.52668595,0
1.0,0.43305817,0.47686464,0
1.0,0.4580168,0.52726036,0
1.0,0.43793038,0.5019371,0
1.0,0.49420574,0.5347612,0
1.0,0.5029488,0.5366404,0
1.0,0.5167958,0.5691337,0
1.0,0.48011613,0.55437684,0
1.0,0.53882384,0.6088492,0
1.0,0.5257886,0.54264647,0
1.0,0.52523726,0.5434927,0
1.0,0.4664458,0.49087805,0
1.0,0.5137706,0.5783292,0
1.0,0.474253,0.520303,0
1.0,0.49189037,0.5021432,0
1.0,0.45067683,0.46102682,0
1.0,0.5051457,0.50835305,0
1.0,0.47337657,0.46486235,0
1.0,0.4922215,0.4973121,0
1.0,0.4703955,0.43424714,0
1.0,0.55162746,0.5011462,0
1.0,0.5362947,0.49849123,0
1.0,0.56168985,0.5888419,0
1.0,0.5524713,0.59948623,0
1.0,0.666952,0.7215749,0
1.0,0.6840852,0.68934196,0
1.0,0.6825369,0.69446874,0
1.0,0.65200377,0.68805164,0
1.0,0.72279966,0.7870865,0
1.0,0.72709537,0.7252655,0
1.0,0.7304121,0.71411574,0
1.0,0.7240319,0.7189764,0
1.0,0.7641501,0.82100105,0
1.0,0.76813674,0.8548874,0
1.0,0.7837691,0.84473896,0
1.0,0.80396926,0.8251659,0
1.0,0.835266,0.88351065,0
1.0,0.85448426,0.9909573,0
1.0,0.8478838,0.98548245,0
1.0,0.8775139,1.0160304,0
1.0,0.89561176,1.0457429,0
1.0,0.9116447,1.1071962,0
1.0,0.9075028,1.1453266,0
1.0,0.9172119,1.1956189,0
1.0,0.9160012,1.1346389,0
1.0,0.92431074,1.1160848,0
1.0,0.91071916,1.1286275,0
1.0,0.91775775,1.2058841,0
1.0,0.90481895,1.1700534,0
1.0,0.9156045,1.18628,0
1.0,0.9004174,1.1430848,0
1.0,0.91399664,1.1639365,0
1.0,0.89905614,1.1678278,0
1.0,0.9065218,1.2118416,0
1.0,0.8873255,1.1383958,0
1.0,0.9006133,1.146486,0
1.0,0.8877941,1.146056,0
1.0,0.89310527,1.2477186,0
1.0,0.87277335,1.2543781,0
1.0,0.881398,1.2627573,0
1.0,0.8745235,1.2568293,0
1.0,0.8824431,1.2745061,0
1.0,0.8789127,1.2689195,0
1.0,0.8836783,1.301954,0
1.0,0.8822081,1.2842655,0
1.0,0.88936055,1.2935206,0
1.0,0.8910194,1.3067567,0
1.0,0.89289457,1.33177,0
1.0,0.8893334,1.3710241,0
1.0,0.88925487,1.3798916,0
1.0,0.8873126,1.3770399,0
1.0,0.8931548,1.4146736,0
1.0,0.8934651,1.4303925,0
1.0,0.8895524,1.4374365,0
1.0,0.8908777,1.4525799,0
1.0,0.8962569,1.4851003,0
1.0,0.8976416,1.5134575,0
1.0,0.88944834,1.5101222,0
1.0,0.8921652,1.5252526,0
1.0,0.8920103,1.5025901,0
1.0,0.88749087,1.5119126,0
1.0,0.8847803,1.5605348,0
1.0,0.88933796,1.6008638,0
1.0,0.890077,1.6121333,0
1.0,0.88227695,1.6059213,0
1.0,0.8774802,1.6205733,0
1.0,0.8783053,1.6073897,0
1.0,0.8802051,1.5996978,0
1.0,0.8700777,1.5900471,0
1.0,0.86164623,1.5416917,0
1.0,0.8502616,1.491404,0
1.0,0.8562373,1.5114334,0
1.0,0.8482488,1.504023,0
1.0,0.8426515,1.5217361,0
1.0,0.8403057,1.5458046,0
1.0,0.8401533,1.5661838,0
1.0,0.83773136,1.5888414,0
1.0,0.8379675,1.6037312,0
1.0,0.8365934,1.5983655,0
1.0,0.83957493,1.6075488,0
1.0,0.8296899,1.5938916,0
1.0,0.8441598,1.6689057,0
1.0,0.8595397,1.7442565,0
1.0,0.8703657,1.7790587,0
1.0,0.8857245,1.8240179,0
1.0,0.8837713,1.8397849,0
1.0,0.8965874,1.9001348,0
1.0,0.90108424,1.9208876,0
1.0,0.9175009,1.9742849,0
1.0,0.9133478,1.988028,0
1.0,0.9206639,2.0327008,0
1.0,0.91829675,2.0772848,0
1.0,0.9228764,2.130072,0
1.0,0.91960186,2.0866668,0
1.0,0.92786014,2.068097,0
1.0,0.9248288,2.0682573,0
1.0,0.93080485,2.1428878,0
1.0,0.93537265,2.171996,0
1.0,0.94600016,2.2014337,0
1.0,0.94994056,2.231125,0
1.0,0.95308626,2.2569833,0
1.0,0.9534882,2.3029413,0
1.0,0.9564183,2.3890498,0
1.0,0.9612573,2.4713557,0
1.0,0.96407604,2.4913974,0
1.0,0.9636106,2.4923806,0
1.0,0.9628744,2.5285423,0
1.0,0.96368635,2.533195,0
1.0,0.96304697,2.5063362,0
1.0,0.9646537,2.5068283,0
1.0,0.9607518,2.505894,0
1.0,0.962065,2.5711637,0
1.0,0.9557766,2.5904045,0
1.0,0.95763046,2.5397563,0
1.0,0.9564318,2.4996424,0
1.0,0.96199423,2.5156362,0
1.0,0.95780224,2.537402,0
1.0,0.9613414,2.6189296,0
1.0,0.9618753,2.6337576,0
1.0,0.9671834,2.6405358,0
1.0,0.9667314,2.6649928,0
1.0,0.96558785,2.7165222,0
1.0,0.9632461,2.7653542,0
1.0,0.9669352,2.8151455,0
1.0,0.96711206,2.793672,0
1.0,0.9668811,2.8012743,0
1.0,0.9654479,2.891254,0
1.0,0.96628857,2.9994092,0
1.0,0.9669379,2.9951286,0
1.0,0.967223,2.919098,0
1.0,0.96770984,2.9197104,0
1.0,0.96935284,2.9995232,0
1.0,0.96883273,3.0183432,0
1.0,0.9684513,2.9885736,0
1.0,0.9704466,2.936695,0
1.0,0.97258717,2.880477,0
1.0,0.9724648,2.8940215,0
1.0,0.97102386,2.9597147,0
1.0,0.97121507,2.9781718,0
1.0,0.97205645,2.9965844,0
1.0,0.9737978,3.0370631,0
1.0,0.97170883,3.0564942,0
1.0,0.9715223,3.133089,0
1.0,0.9704563,3.1650999,0
1.0,0.97179663,3.1104028,0
1.0,0.97173566,3.0792413,0
1.0,0.9702725,3.1035247,0
1.0,0.9699718,3.1096005,0
1.0,0.9691712,3.0718122,0
1.0,0.97078854,3.0030994,0
1.0,0.96874,2.9432359,0
1.0,0.9684572,2.967362,0
1.0,0.96500343,2.9901998,0
1.0,0.963039,2.9885106,0
1.0,0.96119773,2.938675,0
1.0,0.96363914,2.8610334,0
1.0,0.96030366,2.8895376,0
1.0,0.95960766,2.899555,0
1.0,0.95266414,2.8684096,0
1.0,0.96014565,2.9112258,0
1.0,0.95451784,2.8416188,0
1.0,0.957761,2.9183834,0
1.0,0.95204455,2.962843,0
1.0,0.9557779,2.958972,0
1.0,0.9516679,2.949479,0
1.0,0.95719576,2.9316602,0
1.0,0.9520992,2.9237094,0
1.0,0.9591714,2.9770558,0
1.0,0.94928914,2.9353657,0
1.0,0.95798314,2.926256,0
1.0,0.9512128,2.8753796,0
1.0,0.95808786,2.8676162,0
1.0,0.9496366,2.803166,0
1.0,0.9504626,2.7881746,0
1.0,0.943922,2.7117767,0
1.0,0.9519975,2.7305536,0
1.0,0.9479086,2.7679553,0
1.0,0.9530787,2.8306627,0
1.0,0.94828963,2.8704615,0
1.0,0.95396703,2.9361882,0
1.0,0.95076716,2.932391,0
1.0,0.9535465,2.9287252,0
1.0,0.9500911,2.9540281,0
1.0,0.94915307,2.9506447,0
1.0,0.95259494,2.9341302,0
1.0,0.95230436,2.9153037,0
1.0,0.9529357,2.9062881,0
1.0,0.9535798,2.9651084,0
1.0,0.9522503,2.972804,0
1.0,0.94774806,2.9534817,0
1.0,0.9480792,2.9101024,0
1.0,0.94786316,2.8072176,0
1.0,0.95172805,2.7989657,0
1.0,0.9419647,2.7330194,0
1.0,0.9454166,2.7397242,0
1.0,0.94604635,2.7259572,0
1.0,0.95179164,2.7315462,0
1.0,0.94917303,2.7856092,0
1.0,0.95285016,2.8586962,0
1.0,0.9524342,2.877429,0
1.0,0.9545967,2.8721778,0
1.0,0.95175344,2.8873258,0
1.0,0.9540185,2.9473877,0
1.0,0.9539842,2.9763496,0
1.0,0.95771986,2.9997935,0
1.0,0.95511305,3.0031693,0
1.0,0.9566124,3.0350032,0
1.0,0.95610774,2.966054,0
1.0,0.9542117,2.912807,0
1.0,0.949759,2.9259305,0
1.0,0.95076597,2.8682108,0
1.0,0.95065457,2.8226874,0
1.0,0.95290387,2.864276,0
1.0,0.94987583,2.8831234,0
1.0,0.9506471,2.8678832,0
1.0,0.95135134,2.8586583,0
1.0,0.9508863,2.8124182,0
1.0,0.94941676,2.7591658,0
1.0,0.94688964,2.7867436,0
1.0,0.9471177,2.779799,0
1.0,0.94798326,2.790865,0
1.0,0.9475476,2.8817644,0
1.0,0.95128113,2.904327,0
1.0,0.9514339,2.8827853,0
1.0,0.9537255,2.9275513,0
1.0,0.9514796,2.9483447,0
1.0,0.9543514,2.9028869,0
1.0,0.95573777,2.888408,0
1.0,0.95189154,2.8912792,0
1.0,0.95181656,2.829281,0
1.0,0.951313,2.7532768,0
1.0,0.9493521,2.7269278,0
1.0,0.94365174,2.694984,0
1.0,0.9428861,2.6792417,0
1.0,0.9451729,2.6612105,0
1.0,0.94328976,2.6301332,0
1.0,0.9375469,2.6407332,0
1.0,0.93961024,2.6673107,0
1.0,0.94020385,2.629253,0
1.0,0.9394243,2.625298,0
1.0,0.9337381,2.6282406,0
1.0,0.9389713,2.600295,0
1.0,0.9427987,2.597402,0
1.0,0.94103277,2.6428118,0
1.0,0.93570715,2.6305237,0
1.0,0.937787,2.5900154,0
1.0,0.93768525,2.5723581,0
1.0,0.934068,2.5551288,0
1.0,0.92500484,2.5246723,0
1.0,0.9312767,2.5198205,0
1.0,0.9294014,2.4220445,0
1.0,0.9199716,2.3435693,0
1.0,0.91029865,2.3005033,0
1.0,0.91905576,2.263268,0
1.0,0.92402524,2.2698073,0
1.0,0.92877245,2.308219,0
1.0,0.92750084,2.2983816,0
1.0,0.93437403,2.2938485,0
1.0,0.9286876,2.2867217,0
1.0,0.9332023,2.29157,0
1.0,0.9241071,2.2181988,0
1.0,0.92858917,2.2586322,0
1.0,0.9242632,2.2977457,0
1.0,0.92771655,2.3004827,0
1.0,0.92071444,2.246816,0
1.0,0.9307682,2.2173867,0
1.0,0.92699957,2.1627994,0
1.0,0.9285509,2.139062,0
1.0,0.92737895,2.0849173,0
1.0,0.9323231,2.0277472,0
1.0,0.9296867,1.9851243,0
1.0,0.9314644,2.004013,0
1.0,0.9285381,1.9672494,0
1.0,0.9291192,1.9498525,0
1.0,0.92890483,1.9134687,0
1.0,0.9328252,1.8374993,0
1.0,0.9304709,1.8109183,0
1.0,0.9259441,1.8127062,0
1.0,0.91874975,1.7940786,0
1.0,0.91981137,1.8012036,0
1.0,0.91457546,1.7810917,0
1.0,0.9061581,1.7743433,0
1.0,0.9047049,1.7894183,0
1.0,0.89449316,1.748615,0
1.0,0.90100014,1.7121849,0
1.0,0.8929481,1.6369915,0
1.0,0.8917606,1.6144562,0
1.0,0.8788225,1.578433,0
1.0,0.8838102,1.5614846,0
1.0,0.8703651,1.5039079,0
1.0,0.8673682,1.4574606,0
1.0,0.8526513,1.3939699,0
1.0,0.8471715,1.387006,0
1.0,0.83091277,1.3116755,0
1.0,0.82913285,1.2451677,0
1.0,0.81952244,1.1978601,0
1.0,0.82183605,1.2047246,0
1.0,0.80662787,1.1925988,0
1.0,0.7960423,1.1604025,0
1.0,0.79224974,1.1304297,0
1.0,0.78879595,1.112379,0
1.0,0.7795422,1.097958,0
1.0,0.77158284,1.0961716,0
1.0,0.7539792,1.0600876,0
1.0,0.75446594,1.0535371,0
1.0,0.74825716,1.0201572,0
1.0,0.7447585,1.0183254,0
1.0,0.7444307,1.0466833,0
1.0,0.74605787,1.0261071,0
1.0,0.74536675,0.9907753,0
1.0,0.7619211,1.0045199,0
1.0,0.7659981,0.9866482,0
1.0,0.7663724,0.9706627,0
1.0,0.7702793,0.9734585,0
1.0,0.78325605,1.0106366,0
1.0,0.7854146,0.9941438,0
1.0,0.7885628,0.96996677,0
1.0,0.7829343,0.9811219,0
1.0,0.7958804,1.0081825,0
1.0,0.79883486,0.9877533,0
1.0,0.810078,1.0254647,0
1.0,0.8060007,1.0413644,0
1.0,0.8236707,1.0825988,0
1.0,0.8224167,1.079107,0
1.0,0.83125013,1.0806298,0
1.0,0.82653606,1.0718856,0
1.0,0.8377556,1.1085508,0
1.0,0.832833,1.0882888,0
1.0,0.8399894,1.0929959,0
1.0,0.83537394,1.0564008,0
1.0,0.84692866,1.0607648,0
1.0,0.8376847,1.0468928,0
1.0,0.8499202,1.0691662,0
1.0,0.8367582,1.051151,0
1.0,0.8429115,1.0592749,0
1.0,0.82592124,0.99045587,0
1.0,0.8353899,0.9982596,0
1.0,0.81579995,0.9606734,0
1.0,0.8204199,0.97459745,0
1.0,0.8059621,0.9402319,0
1.0,0.8110592,0.9447987,0
1.0,0.79312223,0.932034,0
1.0,0.7964213,0.95807636,0
1.0,0.777839,0.92498523,0
1.0,0.7741858,0.9227083,0
1.0,0.75608736,0.88187796,0
1.0,0.75389224,0.8687715,0
1.0,0.7330924,0.83693314,0
1.0,0.7364352,0.844116,0
1.0,0.7277107,0.80551136,0
1.0,0.7453555,0.8072661,0
1.0,0.712799,0.74561304,0
1.0,0.7320157,0.76304823,0
1.0,0.7008774,0.6749129,0
1.0,0.72787046,0.7303511,0
1.0,0.7028506,0.6995967,0
1.0,0.7024996,0.688684,0
1.0,0.7025704,0.68957675,0
1.0,0.7125674,0.6954754,0
1.0,0.7123561,0.6974136,0
1.0,0.71385825,0.71129,0
1.0,0.71839154,0.7236341,0
1.0,0.729544,0.7391394,0
1.0,0.727531,0.7273783,0
1.0,0.7267409,0.7282893,0
1.0,0.72848016,0.74464196,0
1.0,0.7392303,0.76900136,0
1.0,0.7433805,0.77136457,0
1.0,0.7405995,0.7685561,0
1.0,0.74288833,0.7732677,0
1.0,0.7510205,0.77148473,0
1.0,0.7561375,0.7689543,0
1.0,0.74635535,0.74504685,0
1.0,0.7344588,0.7167188,0
1.0,0.734595,0.7104292,0
1.0,0.7421829,0.7065801,0
1.0,0.7210629,0.6682515,0
1.0,0.7222713,0.6722876,0
1.0,0.72149706,0.6522788,0
1.0,0.72560143,0.6663256,0
1.0,0.711817,0.6664553,0
1.0,0.69982225,0.6487502,0
1.0,0.70579284,0.6740645,0
1.0,0.7029032,0.6726532,0
1.0,0.69406605,0.6535767,0
1.0,0.6880827,0.6641258,0
1.0,0.69260764,0.6775123,0
1.0,0.694187,0.66053414,0
1.0,0.70289165,0.6667573,0
1.0,0.71334076,0.67210615,0
1.0,0.72557414,0.66501987,0
1.0,0.72604966,0.6760889,0
1.0,0.7322721,0.67393535,0
1.0,0.7321742,0.65198517,0
1.0,0.7305362,0.6699197,0
1.0,0.725926,0.67394817,0
1.0,0.7220292,0.6798539,0
1.0,0.74869686,0.7323504,0
1.0,0.759222,0.7273142,0
1.0,0.7656281,0.74191713,0
1.0,0.7816934,0.7800164,0
1.0,0.795583,0.8109261,0
1.0,0.80317277,0.84087104,0
1.0,0.81044686,0.85197616,0
1.0,0.81098723,0.85631835,0
1.0,0.82237995,0.88851637,0
1.0,0.8202009,0.8676652,0
1.0,0.81832236,0.85965127,0
1.0,0.82058805,0.86653256,0
1.0,0.82938015,0.87192565,0
1.0,0.8180387,0.8580817,0
1.0,0.81640023,0.86223066,0
1.0,0.8016627,0.82942235,0
1.0,0.8062429,0.82426786,0
1.0,0.79043186,0.79085755,0
1.0,0.7869265,0.8040552,0
1.0,0.7885241,0.8183296,0
1.0,0.79716945,0.86687845,0
1.0,0.8042622,0.8882079,0
1.0,0.8053219,0.8979357,0
1.0,0.82364565,0.9801333,0
1.0,0.8156684,0.9969412,0
1.0,0.8115683,0.99721944,0
1.0,0.81809443,1.0077584,0
1.0,0.8093325,1.033969,0
1.0,0.81218505,1.0619245,0
1.0,0.80828375,1.0408975,0
1.0,0.80655396,1.0455859,0
1.0,0.8097193,1.0398703,0
1.0,0.8133996,1.0194407,0
1.0,0.81416,1.032917,0
1.0,0.8106996,1.0487026,0
1.0,0.8112613,1.0598295,0
1.0,0.8138824,1.080267,0
1.0,0.8184223,1.1069889,0
1.0,0.81544375,1.1148543,0
1.0,0.8175041,1.1414275,0
1.0,0.81899816,1.157101,0
1.0,0.82154435,1.2008533,0
1.0,0.8231873,1.2711966,0
1.0,0.82020056,1.2952578,0
1.0,0.82177436,1.3125206,0
1.0,0.8186932,1.3349006,0
1.0,0.826027,1.400817,0
1.0,0.82544917,1.4350834,0
1.0,0.84031844,1.5102017,0
1.0,0.84023106,1.544709,0
1.0,0.83989763,1.5470884,0
1.0,0.8402548,1.5514059,0
1.0,0.8398399,1.5289676,0
1.0,0.836548,1.5150242,0
1.0,0.8333073,1.521846,0
1.0,0.8335784,1.5289984,0
1.0,0.834659,1.5533872,0
1.0,0.831448,1.5676076,0
1.0,0.83811957,1.5982633,0
1.0,0.8392465,1.6355841,0
1.0,0.84295195,1.6848097,0
1.0,0.8462235,1.7203317,0
1.0,0.85567516,1.7903339,0
1.0,0.85527235,1.8190695,0
1.0,0.860642,1.8629811,0
1.0,0.8659228,1.9483572,0
1.0,0.87214696,1.9952072,0
1.0,0.8729366,2.0078049,0
1.0,0.878696,2.0581548,0
1.0,0.87909263,2.0679774,0
1.0,0.8861073,2.0783982,0
1.0,0.881778,2.0633502,0
1.0,0.8765528,2.051423,0
1.0,0.8719557,2.0127788,0
1.0,0.8785572,2.0140762,0
1.0,0.8727839,2.0138226,0
1.0,0.87704206,2.0270824,0
1.0,0.8741993,2.0495515,0
1.0,0.88220143,2.0709748,0
1.0,0.87351805,1.9960401,0
1.0,0.88251185,2.023741,0
1.0,0.8849853,2.0679884,0
1.0,0.8951531,2.120504,0
1.0,0.8977289,2.199695,0
1.0,0.9098059,2.2856736,0
1.0,0.90957487,2.2778587,0
1.0,0.9135524,2.3048644,0
1.0,0.91132164,2.3175788,0
1.0,0.91767573,2.317493,0
1.0,0.9199654,2.3308396,0
1.0,0.9232871,2.3324008,0
1.0,0.91831917,2.266508,0
1.0,0.9247275,2.2804866,0
1.0,0.92087847,2.276881,0
1.0,0.91915274,2.2404754,0
1.0,0.913851,2.2010412,0
1.0,0.9183237,2.205164,0
1.0,0.91430664,2.1699543,0
1.0,0.90955466,2.139853,0
1.0,0.90621173,2.1433735,0
1.0,0.91221035,2.156611,0
1.0,0.90931106,2.1280944,0
1.0,0.9080229,2.1647315,0
1.0,0.9089914,2.2244518,0
1.0,0.9136303,2.2398024,0
1.0,0.9132847,2.2532601,0
1.0,0.90894836,2.2298014,0
1.0,0.9028838,2.1916823,0
1.0,0.9012135,2.2304666,0
1.0,0.90142745,2.2105389,0
1.0,0.8955844,2.1216197,0
1.0,0.8935809,2.1188416,0
1.0,0.8926422,2.1294348,0
1.0,0.88814473,2.0845494,0
1.0,0.8931927,2.083794,0
1.0,0.9000666,2.0396993,0
1.0,0.9040005,1.9838972,0
1.0,0.9037882,2.0054822,0
1.0,0.90466326,2.047863,0
1.0,0.9073993,2.0421638,0
1.0,0.9112163,2.0500493,0
1.0,0.91369694,2.0690145,0
1.0,0.9141417,2.1002784,0
1.0,0.9177813,2.1426105,0
1.0,0.9186563,2.1596534,0
1.0,0.9240168,2.2015667,0
1.0,0.9229934,2.2002838,0
1.0,0.9255385,2.2169063,0
1.0,0.92324716,2.252393,0
1.0,0.9234632,2.2496762,0
1.0,0.9233927,2.2224836,0
1.0,0.9274828,2.1921356,0
1.0,0.924899,2.152644,0
1.0,0.9229525,2.1645327,0
1.0,0.9258809,2.140519,0
1.0,0.92818403,2.085023,0
1.0,0.92649406,2.091202,0
1.0,0.92589146,2.1237001,0
1.0,0.91742265,2.1243162,0
1.0,0.9106149,2.1145785,0
1.0,0.90505975,2.0984762,0
1.0,0.9082348,2.121798,0
1.0,0.90322447,2.1491556,0
1.0,0.9047951,2.2075534,0
1.0,0.90053135,2.2182033,0
1.0,0.90298307,2.2176385,0
1.0,0.9013539,2.207086,0
1.0,0.900854,2.2502534,0
1.0,0.89948374,2.2733169,0
1.0,0.8977892,2.2482774,0
1.0,0.9001882,2.2166061,0
1.0,0.89769673,2.175585,0
1.0,0.8979717,2.181283,0
1.0,0.8973081,2.1928732,0
1.0,0.8977222,2.1819143,0
1.0,0.89366263,2.131271,0
1.0,0.8953391,2.1027896,0
1.0,0.89123815,2.0902693,0
1.0,0.89249986,2.117939,0
1.0,0.8907557,2.1607754,0
1.0,0.899783,2.189201,0
1.0,0.90156907,2.1685052,0
1.0,0.90478975,2.1986125,0
1.0,0.90542495,2.2563825,0
1.0,0.90883636,2.2633424,0
1.0,0.91203064,2.2499623,0
1.0,0.9100808,2.2937953,0
1.0,0.9087083,2.3127148,0
1.0,0.9114847,2.3224328,0
1.0,0.9153517,2.3344986,0
1.0,0.91172934,2.2750378,0
1.0,0.9115088,2.2538033,0
1.0,0.9107434,2.24404,0
1.0,0.9141817,2.2333913,0
1.0,0.91172695,2.226892,0
1.0,0.9114488,2.1903386,0
1.0,0.91125095,2.131226,0
1.0,0.91227394,2.169153,0
1.0,0.90850854,2.2098188,0
1.0,0.9132128,2.209,0
1.0,0.9165081,2.2224796,0
1.0,0.92842126,2.2601132,0
1.0,0.92133635,2.303052,0
1.0,0.92511624,2.392758,0
1.0,0.9212715,2.378039,0
1.0,0.9333358,2.444983,0
1.0,0.92410535,2.4065573,0
1.0,0.9267816,2.4178035,0
1.0,0.92473286,2.4764373,0
1.0,0.9285923,2.4534063,0
1.0,0.9251036,2.3881752,0
1.0,0.9261607,2.3663216,0
1.0,0.92285866,2.330873,0
1.0,0.9263621,2.3421454,0
1.0,0.92659706,2.3624558,0
1.0,0.9239355,2.3227992,0
1.0,0.92424077,2.3289216,0
1.0,0.92406076,2.3681536,0
1.0,0.9208045,2.324127,0
1.0,0.91748756,2.3551733,0
1.0,0.92152715,2.4186132,0
1.0,0.92308986,2.388443,0
1.0,0.9252017,2.4497588,0
1.0,0.9215466,2.5238285,0
1.0,0.92555076,2.537744,0
1.0,0.9257287,2.5316994,0
1.0,0.9319143,2.5423284,0
1.0,0.9230177,2.5479653,0
1.0,0.9283381,2.6265042,0
1.0,0.9218342,2.5784707,0
1.0,0.9327185,2.5792212,0
1.0,0.9225648,2.519186,0
1.0,0.92885023,2.5088649,0
1.0,0.92333275,2.5391295,0
1.0,0.92584944,2.4961402,0
1.0,0.92129344,2.4059935,0
1.0,0.9283878,2.4570374,0
1.0,0.9252554,2.4340703,0
1.0,0.9256309,2.4707508,0
1.0,0.9250585,2.5172522,0
1.0,0.92958075,2.4931455,0
1.0,0.931568,2.5100923,0
1.0,0.9314442,2.5691142,0
1.0,0.9338714,2.621849,0
1.0,0.939058,2.663793,0
1.0,0.9422004,2.6876712,0
1.0,0.9418715,2.666019,0
1.0,0.94243443,2.6793928,0
1.0,0.9434338,2.7144728,0
1.0,0.94411445,2.695444,0
1.0,0.9428215,2.6783605,0
1.0,0.9418328,2.6160238,0
1.0,0.9403706,2.540115,0
1.0,0.93511987,2.5390952,0
1.0,0.92887586,2.4911218,0
1.0,0.92729026,2.402364,0
1.0,0.92753005,2.3826542,0
1.0,0.9235821,2.3912334,0
1.0,0.92241985,2.418842,0
1.0,0.9183538,2.4077342,0
1.0,0.9197185,2.38988,0
1.0,0.9168454,2.3731866,0
1.0,0.9154869,2.3774476,0
1.0,0.9104415,2.4067106,0
1.0,0.9158146,2.457761,0
1.0,0.91294897,2.433633,0
1.0,0.91311383,2.416702,0
1.0,0.90550536,2.4105854,0
1.0,0.9073839,2.4150777,0
1.0,0.9035179,2.3605793,0
1.0,0.9030111,2.3236823,0
1.0,0.8930438,2.25863,0
1.0,0.894206,2.236349,0
1.0,0.8876351,2.210186,0
1.0,0.87835693,2.1589913,0
1.0,0.87295485,2.0872378,0
1.0,0.87424964,2.0514612,0
1.0,0.8741145,2.0454576,0
1.0,0.86600274,2.031369,0
1.0,0.8626847,2.030251,0
1.0,0.8645356,2.0135536,0
1.0,0.8692365,2.0122962,0
1.0,0.8635359,2.0336547,0
1.0,0.8627671,2.0784123,0
1.0,0.86463773,2.09696,0
1.0,0.8716637,2.1184971,0
1.0,0.8685809,2.1061363,0
1.0,0.8678987,2.107338,0
1.0,0.86704874,2.1187656,0
1.0,0.866466,2.1110096,0
1.0,0.86562973,2.0821254,0
1.0,0.8606737,2.039328,0
1.0,0.8572229,2.0181983,0
1.0,0.85562474,2.028738,0
1.0,0.8485404,1.9808049,0
1.0,0.8504375,1.9392467,0
1.0,0.85016155,1.9094783,0
1.0,0.8507056,1.8869655,0
1.0,0.8492864,1.9167696,0
1.0,0.8553068,1.9531889,0
1.0,0.858234,1.9487348,0
1.0,0.86559963,1.9784405,0
1.0,0.86517215,1.9987185,0
1.0,0.8715435,2.0628304,0
1.0,0.87141514,2.0679762,0
1.0,0.8817606,2.0930777,0
1.0,0.8794281,2.1055186,0
1.0,0.8837004,2.120059,0
1.0,0.8824159,2.1458194,0
1.0,0.88951397,2.1975465,0
1.0,0.8855566,2.166829,0
1.0,0.8905882,2.1464777,0
1.0,0.88360924,2.1294231,0
1.0,0.8901,2.1824956,0
1.0,0.88885,2.1657677,0
1.0,0.89979714,2.157094,0
1.0,0.895662,2.143438,0
1.0,0.904389,2.1851368,0
1.0,0.9022597,2.2172832,0
1.0,0.9098351,2.2703815,0
1.0,0.90536934,2.2568617,0
1.0,0.9157251,2.3022873,0
1.0,0.9139317,2.344452,0
1.0,0.91801476,2.4019785,0
1.0,0.91583747,2.409883,0
1.0,0.92293215,2.4402413,0
1.0,0.92152214,2.4455705,0
1.0,0.9237737,2.4828982,0
1.0,0.92215747,2.5409665,0
1.0,0.9263131,2.5613804,0
1.0,0.9261394,2.5324845,0
1.0,0.92806953,2.508556,0
1.0,0.92474216,2.4794903,0
1.0,0.923644,2.5269632,0
1.0,0.92865056,2.5387993,0
1.0,0.92818457,2.464342,0
1.0,0.9317815,2.481205,0
1.0,0.93069744,2.5007253,0
1.0,0.92920333,2.4829798,0
1.0,0.9319819,2.5370338,0
1.0,0.93542147,2.5590386,0
1.0,0.9378902,2.5427115,0
1.0,0.9363272,2.5911255,0
1.0,0.93817,2.649198,0
1.0,0.9370493,2.662963,0
1.0,0.9399121,2.6502604,0
1.0,0.93761134,2.6168766,0
1.0,0.9387053,2.6410627,0
1.0,0.9360876,2.635413,0
1.0,0.93811506,2.632134,0
1.0,0.937325,2.6005783,0
1.0,0.9378382,2.5589902,0
1.0,0.9351257,2.5346427,0
1.0,0.9335014,2.5091865,0
1.0,0.92818534,2.4579868,0
1.0,0.9324542,2.4509683,0
1.0,0.92980707,2.4252644,0
1.0,0.9311301,2.407405,0
1.0,0.9212608,2.4152935,0
1.0,0.9266218,2.4692488,0
1.0,0.9218583,2.4157867,0
1.0,0.92878944,2.4438424,0
1.0,0.92285573,2.4544973,0
1.0,0.92295694,2.490001,0
1.0,0.9168008,2.5235343,0
1.0,0.92512685,2.5254483,0
1.0,0.92001194,2.4846134,0
1.0,0.922322,2.5297422,0
1.0,0.920769,2.5737038,0
1.0,0.9242658,2.581015,0
1.0,0.92365783,2.5580106,0
1.0,0.92623043,2.525117,0
1.0,0.92484176,2.471713,0
1.0,0.9268091,2.4664397,0
1.0,0.9195464,2.464213,0
1.0,0.92684835,2.4833374,0
1.0,0.9249524,2.46233,0
1.0,0.93485177,2.5372348,0
1.0,0.9320073,2.5697248,0
1.0,0.9345596,2.5865533,0
1.0,0.9338483,2.6444364,0
1.0,0.9430995,2.6940153,0
1.0,0.9410826,2.6991615,0
1.0,0.9443541,2.8317568,0
1.0,0.9436929,2.9178672,0
1.0,0.9513902,2.996016,0
1.0,0.9509909,3.042508,0
1.0,0.9537487,3.0260067,0
1.0,0.9519386,3.0240576,0
1.0,0.9559218,3.0945308,0
1.0,0.95592207,3.091855,0
1.0,0.9588479,3.057727,0
1.0,0.9578371,3.0592268,0
1.0,0.9612501,3.121121,0
1.0,0.9597484,3.12375,0
1.0,0.95933527,3.134118,0
1.0,0.95924425,3.163136,0
1.0,0.96351576,3.1751819,0
1.0,0.9639542,3.2269993,0
1.0,0.9627484,3.3252544,0
1.0,0.9632917,3.3818579,0
1.0,0.96661603,3.4526234,0
1.0,0.96866935,3.5624385,0
1.0,0.9675922,3.6424608,0
1.0,0.9688473,3.7100816,0
1.0,0.96930146,3.7946186,0
1.0,0.9712932,3.8007522,0
1.0,0.9700313,3.788786,0
1.0,0.9696704,3.8543808,0
1.0,0.9690926,3.9010699,0
1.0,0.9705841,3.9277434,0
1.0,0.9699043,3.9254522,0
1.0,0.96962243,3.9068542,0
1.0,0.9691385,3.9226074,0
1.0,0.96982217,3.9556727,0
1.0,0.96796006,3.9037428,0
1.0,0.9676828,3.841455,0
1.0,0.96747357,3.8423796,0
1.0,0.96846116,3.9072,0
1.0,0.967968,4.008931,0
1.0,0.96853864,4.063643,0
1.0,0.97028166,4.0494037,0
1.0,0.9708453,4.0720587,0
1.0,0.9718963,4.136023,0
1.0,0.9714247,4.2005463,0
1.0,0.9724213,4.2381477,0
1.0,0.9717354,4.2287245,0
1.0,0.9724548,4.2135787,0
1.0,0.9711259,4.2433405,0
1.0,0.97125286,4.3060327,0
1.0,0.971378,4.2912574,0
1.0,0.9727736,4.2251973,0
1.0,0.9724468,4.1262913,0
1.0,0.97307646,4.0738935,0
1.0,0.9710415,4.0738044,0
1.0,0.9729689,4.054041,0
1.0,0.9723861,4.029942,0
1.0,0.97409636,4.0045185,0
1.0,0.97217226,4.023137,0
1.0,0.9730365,4.0756454,0
1.0,0.9716572,4.0594025,0
1.0,0.97468096,4.054551,0
1.0,0.9728081,4.033968,0
1.0,0.97398937,4.095764,0
1.0,0.97194564,4.1441708,0
1.0,0.9741232,4.1296206,0
1.0,0.9725624,4.108488,0
1.0,0.97367114,4.1207952,0
1.0,0.97204924,4.1603856,0
1.0,0.972807,4.1746736,0
1.0,0.9725291,4.108741,0
1.0,0.9734805,4.0549407,0
1.0,0.9725595,4.0104704,0
1.0,0.9730751,4.0191045,0
1.0,0.97126037,4.0247173,0
1.0,0.9725927,4.0195427,0
1.0,0.9717904,4.0255384,0
1.0,0.9734971,4.0182495,0
1.0,0.97264916,4.01756,0
1.0,0.97224516,4.049016,0
1.0,0.97044164,4.033679,0
1.0,0.9718298,4.033215,0
1.0,0.9725271,4.0744743,0
1.0,0.97224957,4.129175,0
1.0,0.9715547,4.1786447,0
1.0,0.97169524,4.181219,0
1.0,0.9715604,4.1355867,0
1.0,0.9711939,4.143593,0
1.0,0.9710987,4.200284,0
1.0,0.9723699,4.2707796,0
1.0,0.9724088,4.241573,0
1.0,0.97314703,4.181082,0
1.0,0.9722796,4.1440744,0
1.0,0.9721639,4.1262784,0
1.0,0.9714732,4.167668,0
1.0,0.97371364,4.1861963,0
1.0,0.9726802,4.154066,0
1.0,0.9744598,4.189395,0
1.0,0.973962,4.2104216,0
1.0,0.9733396,4.259661,0
1.0,0.9713677,4.2993045,0
1.0,0.9729542,4.29091,0
1.0,0.9732029,4.3211555,0
1.0,0.9733059,4.4108186,0
1.0,0.97238773,4.458823,0
1.0,0.9726953,4.5027976,0
1.0,0.97233385,4.5024395,0
1.0,0.9722892,4.4707165,0
1.0,0.9713029,4.4775577,0
1.0,0.9714603,4.4716496,0
1.0,0.97149175,4.4641805,0
1.0,0.97194767,4.455497,0
1.0,0.9704075,4.3582,0
1.0,0.9701067,4.328349,0
1.0,0.96924263,4.374339,0
1.0,0.971914,4.3530273,0
1.0,0.9707065,4.3445473,0
1.0,0.9727457,4.407297,0
1.0,0.97130865,4.429433,0
1.0,0.97113985,4.431321,0
1.0,0.96950465,4.4014306,0
1.0,0.9710556,4.3589873,0
1.0,0.9700131,4.341052,0
1.0,0.970088,4.4070954,0
1.0,0.9699248,4.5137815,0
1.0,0.971992,4.579926,0
1.0,0.97139955,4.5792994,0
1.0,0.9731808,4.528719,0
1.0,0.9715792,4.4741626,0
1.0,0.9731082,4.4917383,0
1.0,0.9714395,4.492715,0
1.0,0.9732168,4.4220705,0
1.0,0.9711811,4.3100357,0
1.0,0.97237206,4.303334,0
1.0,0.9705474,4.3141236,0
1.0,0.97136205,4.2428,0
1.0,0.9699251,4.181532,0
1.0,0.97200024,4.150647,0
1.0,0.97079146,4.1173687,0
1.0,0.9714456,4.1697445,0
1.0,0.97095954,4.182298,0
1.0,0.9720296,4.1538444,0
1.0,0.9720653,4.1477675,0
1.0,0.971863,4.169277,0
1.0,0.971086,4.254137,0
1.0,0.97268254,4.276295,0
1.0,0.97407144,4.194976,0
1.0,0.9751965,4.140882,0
1.0,0.97405475,4.0987787,0
1.0,0.97429794,4.1037536,0
1.0,0.9741968,4.0767,0
1.0,0.9757548,4.004019,0
1.0,0.97517836,3.9394689,0
1.0,0.97495735,3.8996844,0
1.0,0.97471356,3.9125762,0
1.0,0.9732395,3.8849144,0
1.0,0.9736955,3.7590196,0
1.0,0.9738858,3.6483583,0
1.0,0.97367233,3.6074393,0
1.0,0.97255343,3.6418343,0
1.0,0.9723742,3.6638792,0
1.0,0.9730971,3.6429186,0
1.0,0.9742302,3.6287713,0
1.0,0.9728819,3.5982308,0
1.0,0.9720838,3.6257293,0
1.0,0.9716675,3.6990232,0
1.0,0.97292656,3.6204934,0
1.0,0.9726648,3.5385687,0
1.0,0.9728275,3.546091,0
1.0,0.972624,3.5345612,0
1.0,0.97162443,3.5027766,0
1.0,0.9732247,3.4735942,0
1.0,0.97333974,3.3606696,0
1.0,0.97380245,3.2929318,0
1.0,0.9716913,3.3123868,0
1.0,0.9698157,3.291939,0
1.0,0.969061,3.187624,0
1.0,0.9712653,3.160993,0
1.0,0.9703488,3.159334,0
1.0,0.9699304,3.1791656,0
1.0,0.9675033,3.2234764,0
1.0,0.96740013,3.1908212,0
1.0,0.96743625,3.1359508,0
1.0,0.96698004,3.139612,0
1.0,0.96419144,3.2097056,0
1.0,0.96478015,3.2686124,0
1.0,0.9664824,3.2225556,0
1.0,0.96810246,3.1865377,0
1.0,0.9672939,3.1777794,0
1.0,0.9688338,3.2119267,0
1.0,0.9675097,3.244604,0
1.0,0.9699158,3.1727211,0
1.0,0.9676338,3.0889192,0
1.0,0.9694354,3.093098,0
1.0,0.96790177,3.0725155,0
1.0,0.9659394,3.0461028,0
1.0,0.96526915,3.0232272,0
1.0,0.96612495,2.9468055,0
1.0,0.96724063,2.9414454,0
1.0,0.9653677,3.0139453,0
1.0,0.9646287,3.090219,0
1.0,0.9622537,3.0758376,0
1.0,0.9640364,3.0617394,0
1.0,0.96266735,3.0611877,0
1.0,0.9630472,3.122911,0
1.0,0.9639421,3.2044516,0
1.0,0.9683044,3.2106438,0
1.0,0.9672157,3.1390753,0
1.0,0.9683335,3.1246448,0
1.0,0.96718085,3.1227684,0
1.0,0.96696365,3.1480036,0
1.0,0.9669581,3.136735,0
1.0,0.96800977,3.0705066,0
1.0,0.96795815,3.0459201,0
1.0,0.96789,3.0712109,0
1.0,0.96501464,3.0813947,0
1.0,0.9654714,3.0405068,0
1.0,0.96507174,2.965041,0
1.0,0.96589416,2.9499989,0
1.0,0.9631688,2.9496822,0
1.0,0.95981616,2.9662921,0
1.0,0.96077883,2.9729278,0
1.0,0.96260655,2.927958,0
1.0,0.9627506,2.9205635,0
1.0,0.959896,2.9318233,0
1.0,0.9608432,2.9123452,0
1.0,0.9592034,2.861175,0
1.0,0.9601574,2.8840985,0
1.0,0.9565413,2.8938293,0
1.0,0.95669425,2.859893,0
1.0,0.9520669,2.841236,0
1.0,0.95273644,2.8139374,0
1.0,0.9452809,2.6815176,0
1.0,0.94689006,2.6329503,0
1.0,0.94237465,2.5952492,0
1.0,0.93959594,2.54418,0
1.0,0.93073815,2.4876878,0
1.0,0.93148065,2.4567213,0
1.0,0.92877895,2.4233842,0
1.0,0.9321529,2.4384933,0
1.0,0.9217673,2.4205747,0
1.0,0.92285275,2.4015775,0
1.0,0.9171818,2.3400762,0
1.0,0.9266105,2.3822103,0
1.0,0.9156253,2.36253,0
1.0,0.9178142,2.3369155,0
1.0,0.9062277,2.2590668,0
1.0,0.91366106,2.266389,0
1.0,0.9008576,2.2197196,0
1.0,0.909724,2.2267854,0
1.0,0.9025648,2.2006934,0
1.0,0.90850437,2.201404,0
1.0,0.894159,2.1027656,0
1.0,0.89799607,2.0521884,0
1.0,0.88909,1.981916,0
1.0,0.89463854,1.9844792,0
1.0,0.88536614,1.979181,0
1.0,0.89421076,2.0206587,0
1.0,0.8819912,2.0013556,0
1.0,0.8962814,2.0358615,0
1.0,0.8885301,1.9685558,0
1.0,0.8898619,1.9693296,0
1.0,0.88095474,1.9502822,0
1.0,0.88601786,1.9511819,0
1.0,0.8843294,1.9480786,0
1.0,0.87987816,1.9432948,0
1.0,0.8736703,1.966732,0
1.0,0.8717688,1.9865006,0
1.0,0.8737721,1.9611144,0
1.0,0.87473464,1.945406,0
1.0,0.87376416,1.9293814,0
1.0,0.87425804,1.9386013,0
1.0,0.8775202,1.9506253,0
1.0,0.86874783,1.8875487,0
1.0,0.86736315,1.8441365,0
1.0,0.86459666,1.8092458,0
1.0,0.87043124,1.8226765,0
1.0,0.8710078,1.8393229,0
1.0,0.8738612,1.8675973,0
1.0,0.87995106,1.8930337,0
1.0,0.884061,1.8806226,0
1.0,0.8787875,1.8792806,0
1.0,0.87764764,1.9245011,0
1.0,0.8777844,1.9462817,0
1.0,0.88061154,2.0036306,0
1.0,0.87598205,2.0180573,0
1.0,0.8742164,2.0111446,0
1.0,0.87713164,2.072926,0
1.0,0.87887996,2.0725772,0
1.0,0.88506687,2.0265896,0
1.0,0.8896536,2.0059907,0
1.0,0.89302146,1.9901903,0
1.0,0.8929725,1.988159,0
1.0,0.89392716,1.9866254,0
1.0,0.8929991,1.9853625,0
1.0,0.8973988,1.9923242,0
1.0,0.8951394,1.9898477,0
1.0,0.89552134,2.0420823,0
1.0,0.8883938,2.0092962,0
1.0,0.89156014,1.9789239,0
1.0,0.89334095,2.0039506,0
1.0,0.8931224,2.0195968,0
1.0,0.88146174,1.998116,0
1.0,0.8892289,2.0673544,0
1.0,0.89260423,2.129803,0
1.0,0.8973458,2.1829076,0
1.0,0.89862734,2.2176776,0
1.0,0.9001633,2.2350874,0
1.0,0.903226,2.2449882,0
1.0,0.9071068,2.242391,0
1.0,0.90864253,2.2472637,0
1.0,0.9061659,2.2386832,0
1.0,0.90649354,2.237648,0
1.0,0.9070869,2.2632205,0
1.0,0.90128255,2.2139628,0
1.0,0.89787006,2.17505,0
1.0,0.89805216,2.1704633,0
1.0,0.89709586,2.1539419,0
1.0,0.8917558,2.1720004,0
1.0,0.8887385,2.1893487,0
1.0,0.89231205,2.1892905,0
1.0,0.8950511,2.2178001,0
1.0,0.90072834,2.2835765,0
1.0,0.9030795,2.3285837,0
1.0,0.9044905,2.3515136,0
1.0,0.90967846,2.3976042,0
1.0,0.9138927,2.4315307,0
1.0,0.9115055,2.4449756,0
1.0,0.9088765,2.436657,0
1.0,0.9097351,2.3941243,0
1.0,0.9086256,2.3816476,0
1.0,0.9054472,2.3969893,0
1.0,0.9063044,2.3901393,0
1.0,0.90561515,2.3588338,0
1.0,0.9002142,2.342227,0
1.0,0.8986776,2.3063998,0
1.0,0.8971322,2.2429917,0
1.0,0.89761305,2.2442527,0
1.0,0.89540195,2.2550025,0
1.0,0.89837325,2.261206,0
1.0,0.8990848,2.290244,0
1.0,0.9018163,2.3358893,0
1.0,0.90042263,2.3456926,0
1.0,0.9025726,2.4014845,0
1.0,0.9052443,2.4429026,0
1.0,0.9073386,2.4476056,0
1.0,0.90651083,2.462575,0
1.0,0.9094216,2.4641438,0
1.0,0.91018516,2.446478,0
1.0,0.90689224,2.4365346,0
1.0,0.90167344,2.399385,0
1.0,0.90302575,2.372336,0
1.0,0.9066659,2.3942792,0
1.0,0.9035427,2.3966312,0
1.0,0.90391815,2.3816228,0
1.0,0.90184706,2.3667607,0
1.0,0.9000942,2.3386812,0
1.0,0.894875,2.293918,0
1.0,0.8978506,2.2911038,0
1.0,0.8968362,2.265738,0
1.0,0.89654535,2.2809887,0
1.0,0.8925708,2.3020968,0
1.0,0.894857,2.309286,0
1.0,0.89385056,2.2989953,0
1.0,0.8931029,2.3183782,0
1.0,0.88926363,2.3493187,0
1.0,0.89756167,2.4158816,0
1.0,0.8972033,2.437583,0
1.0,0.898877,2.4281974,0
1.0,0.89651364,2.4002652,0
1.0,0.9014715,2.4040656,0
1.0,0.8992867,2.3749502,0
1.0,0.902582,2.3285651,0
1.0,0.89929795,2.2579973,0
1.0,0.9014003,2.2157702,0
1.0,0.89801544,2.1198113,0
1.0,0.89323896,2.0746665,0
1.0,0.89217705,2.094037,0
1.0,0.894522,2.097487,0
1.0,0.90075654,2.1303153,0
1.0,0.90165937,2.1568546,0
1.0,0.90116096,2.1736479,0
1.0,0.9005471,2.200737,0
1.0,0.9068322,2.2274852,0
1.0,0.9077777,2.2108016,0
1.0,0.9035433,2.2069628,0
1.0,0.90264076,2.2091064,0
1.0,0.90699273,2.2023664,0
1.0,0.910287,2.2310824,0
1.0,0.9049763,2.2070718,0
1.0,0.9013182,2.151835,0
1.0,0.9002446,2.126975,0
1.0,0.89888203,2.093108,0
1.0,0.88793963,2.0283914,0
1.0,0.8816639,1.9913671,0
1.0,0.88023823,1.9778239,0
1.0,0.8738033,1.9339987,0
1.0,0.8607827,1.8508,0
1.0,0.85625535,1.7892511,0
1.0,0.85540336,1.7579085,0
1.0,0.85896057,1.7836518,0
1.0,0.8484071,1.7671969,0
1.0,0.8435445,1.753346,0
1.0,0.83791786,1.7635971,0
1.0,0.8374417,1.7852373,0
1.0,0.826322,1.7839042,0
1.0,0.8225901,1.7795053,0
1.0,0.81264395,1.744636,0
1.0,0.8076734,1.7277217,0
1.0,0.8060293,1.6814777,0
1.0,0.81220275,1.6703937,0
1.0,0.80379945,1.6318046,0
1.0,0.80341184,1.5900925,0
1.0,0.8007452,1.5629368,0
1.0,0.80268353,1.5367321,0
1.0,0.78823626,1.4579877,0
1.0,0.7952733,1.4731336,0
1.0,0.79247874,1.4518616,0
1.0,0.7926775,1.4397506,0
1.0,0.77872264,1.4160651,0
1.0,0.78270704,1.4166737,0
1.0,0.783151,1.4242113,0
1.0,0.7870595,1.4529738,0
1.0,0.7774066,1.4534577,0
1.0,0.7842584,1.4984707,0
1.0,0.779835,1.4823179,0
1.0,0.78618217,1.492875,0
1.0,0.77800333,1.464138,0
1.0,0.7864878,1.4360372,0
1.0,0.788541,1.4283049,0
1.0,0.8062248,1.4752626,0
1.0,0.7997164,1.4103591,0
1.0,0.80414635,1.398798,0
1.0,0.8132481,1.4123861,0
1.0,0.81005424,1.3843701,0
1.0,0.80847746,1.3699973,0
1.0,0.80505663,1.3417199,0
1.0,0.8092144,1.336856,0
1.0,0.808689,1.3468108,0
1.0,0.8127481,1.3953425,0
1.0,0.8072807,1.4023919,0
1.0,0.81893086,1.4159925,0
1.0,0.8177449,1.4263129,0
1.0,0.82894325,1.4754753,0
1.0,0.82446176,1.4603626,0
1.0,0.8344147,1.4914348,0
1.0,0.83322686,1.5184469,0
1.0,0.8403428,1.5416627,0
1.0,0.8308171,1.5142689,0
1.0,0.84046733,1.5392929,0
1.0,0.83622605,1.5079353,0
1.0,0.84427804,1.5020815,0
1.0,0.8297514,1.4600382,0
1.0,0.84057003,1.4832187,0
1.0,0.8240718,1.4392159,0
1.0,0.8298573,1.4433454,0
1.0,0.8141788,1.3892071,0
1.0,0.8140866,1.3866436,0
1.0,0.80279285,1.3812269,0
1.0,0.7976461,1.4020746,0
1.0,0.78976756,1.4184927,0
1.0,0.795852,1.4640934,0
1.0,0.79043514,1.4771407,0
1.0,0.79624295,1.5165126,0
1.0,0.789872,1.5194988,0
1.0,0.79911435,1.5799351,0
1.0,0.7988907,1.5822613,0
1.0,0.8013735,1.5857233,0
1.0,0.797183,1.6185982,0
1.0,0.8054859,1.645307,0
1.0,0.80795,1.6402009,0
1.0,0.8078741,1.6150451,0
1.0,0.80593866,1.5873101,0
1.0,0.81039596,1.6143526,0
1.0,0.8202184,1.6364951,0
1.0,0.81745756,1.6141232,0
1.0,0.8186543,1.6421363,0
1.0,0.8171036,1.6637125,0
1.0,0.8234724,1.6657625,0
1.0,0.81740236,1.6369121,0
1.0,0.8250667,1.6412406,0
1.0,0.825384,1.6498108,0
1.0,0.83837914,1.7394936,0
1.0,0.84639287,1.8005285,0
1.0,0.85415286,1.8373957,0
1.0,0.86463267,1.883181,0
1.0,0.8696835,1.9165704,0
1.0,0.87137926,1.9316912,0
1.0,0.86885715,1.9517298,0
1.0,0.87825555,2.0084157,0
1.0,0.8766378,2.0028636,0
1.0,0.87858975,1.98335,0
1.0,0.87222046,1.9506171,0
1.0,0.8793474,1.9715662,0
1.0,0.87405413,1.9211481,0
1.0,0.8772041,1.9155273,0
1.0,0.8673742,1.9110669,0
1.0,0.8765705,1.9190142,0
1.0,0.8650508,1.9263811,0
1.0,0.876299,1.9851788,0
1.0,0.8703727,1.939856,0
1.0,0.8820311,2.006055,0
1.0,0.8775766,2.045536,0
1.0,0.89013374,2.131352,0
1.0,0.8915749,2.157937,0
1.0,0.89874905,2.1768787,0
1.0,0.89283204,2.1696093,0
1.0,0.89482373,2.1933408,0
1.0,0.88770086,2.1704197,0
1.0,0.8926625,2.172687,0
1.0,0.88508034,2.1406317,0
1.0,0.886362,2.1371899,0
1.0,0.8842325,2.1886907,0
1.0,0.8814124,2.1921098,0
1.0,0.8790874,2.1238112,0
1.0,0.8854498,2.122591,0
1.0,0.8895005,2.128449,0
1.0,0.8902957,2.1609955,0
1.0,0.8952889,2.2106266,0
1.0,0.89944124,2.2376194,0
1.0,0.91005236,2.2609496,0
1.0,0.90851164,2.2577403,0
1.0,0.91136754,2.3377812,0
1.0,0.9132724,2.373752,0
1.0,0.92194664,2.417738,0
1.0,0.92072,2.4372144,0
1.0,0.92052114,2.4489083,0
1.0,0.9210415,2.4858057,0
1.0,0.92443645,2.50383,0
1.0,0.9235661,2.4787376,0
1.0,0.92179346,2.4474218,0
1.0,0.92041296,2.439066,0
1.0,0.9217387,2.4507396,0
1.0,0.91672695,2.438847,0
1.0,0.9180505,2.4306643,0
1.0,0.9181459,2.3896194,0
1.0,0.92330873,2.3932753,0
1.0,0.9184475,2.4007983,0
1.0,0.922919,2.4523234,0
1.0,0.9234707,2.4749017,0
1.0,0.9288507,2.5105371,0
1.0,0.9262863,2.511467,0
1.0,0.92523795,2.5279672,0
1.0,0.9245522,2.6174197,0
1.0,0.9281833,2.6469612,0
1.0,0.9264933,2.6144304,0
1.0,0.9278373,2.6518657,0
1.0,0.9262545,2.6941686,0
1.0,0.92985916,2.746342,0
1.0,0.93004864,2.690781,0
1.0,0.9348086,2.6171656,0
1.0,0.9353002,2.5862014,0
1.0,0.93694746,2.5652623,0
1.0,0.9318822,2.5335793,0
1.0,0.942461,2.5260413,0
1.0,0.9410221,2.5012512,0
1.0,0.94914854,2.5818377,0
1.0,0.9427008,2.581944,0
1.0,0.94783306,2.5890546,0
1.0,0.9411108,2.57465,0
1.0,0.948854,2.5815196,0
1.0,0.9450031,2.5669177,0
1.0,0.95066404,2.5886838,0
1.0,0.94110656,2.5749843,0
1.0,0.9498499,2.6479807,0
1.0,0.94507194,2.639301,0
1.0,0.95251465,2.6824613,0
1.0,0.9441682,2.683848,0
1.0,0.94945353,2.705787,0
1.0,0.9449369,2.6914792,0
1.0,0.95125264,2.6851792,0
1.0,0.94475496,2.6473541,0
1.0,0.94734484,2.6417625,0
1.0,0.94022495,2.590199,0
1.0,0.9465445,2.5843046,0
1.0,0.93619347,2.4830942,0
1.0,0.9372785,2.4341688,0
1.0,0.93230677,2.4204562,0
1.0,0.9310873,2.4287915,0
1.0,0.9214708,2.4196062,0
1.0,0.9167355,2.3780215,0
1.0,0.9201864,2.41922,0
1.0,0.9236872,2.5307865,0
1.0,0.92408264,2.54978,0
1.0,0.91895086,2.5848897,0
1.0,0.9249578,2.6570156,0
1.0,0.9264297,2.6072967,0
1.0,0.9263761,2.6034591,0
1.0,0.9179014,2.5648947,0
1.0,0.9233316,2.5436382,0
1.0,0.92644805,2.5836112,0
1.0,0.9273284,2.5772405,0
1.0,0.92137116,2.5504851,0
1.0,0.9243907,2.5868406,0
1.0,0.91896635,2.5627093,0
1.0,0.91836554,2.5249715,0
1.0,0.91067034,2.4459028,0
1.0,0.91477144,2.4516954,0
1.0,0.9133281,2.481894,0
1.0,0.9184283,2.5136583,0
1.0,0.9194721,2.5489683,0
1.0,0.9295045,2.580563,0
1.0,0.9280542,2.5554852,0
1.0,0.9303823,2.5785477,0
1.0,0.93078,2.6139631,0
1.0,0.93979794,2.6625195,0
1.0,0.9365164,2.661873,0
1.0,0.93630075,2.6924353,0
1.0,0.93452984,2.7108135,0
1.0,0.9381156,2.750338,0
1.0,0.93568885,2.7531743,0
1.0,0.93587106,2.6686206,0
1.0,0.9370996,2.633023,0
1.0,0.9387392,2.6229987,0
1.0,0.9303138,2.5708947,0
1.0,0.9359389,2.64383,0
1.0,0.9388454,2.6289957,0
1.0,0.9449026,2.6054645,0
1.0,0.94358706,2.667556,0
1.0,0.9476159,2.722136,0
1.0,0.9474254,2.7016892,0
1.0,0.95427686,2.7273595,0
1.0,0.949817,2.740985,0
1.0,0.95280147,2.7961507,0
1.0,0.9506192,2.8059254,0
1.0,0.95467424,2.820851,0
1.0,0.95108837,2.830328,0
1.0,0.9531386,2.8225398,0
1.0,0.9496568,2.8204632,0
1.0,0.9506159,2.8556743,0
1.0,0.947011,2.7598975,0
1.0,0.9499091,2.712186,0
1.0,0.94715273,2.7011821,0
1.0,0.9500003,2.694026,0
1.0,0.94431615,2.7069468,0
1.0,0.95305586,2.7541127,0
1.0,0.9480008,2.675489,0
1.0,0.9547248,2.6860425,0
1.0,0.9481672,2.7053366,0
1.0,0.951307,2.7176447,0
1.0,0.94566804,2.7157874,0
1.0,0.9510639,2.739873,0
1.0,0.94489527,2.714455,0
1.0,0.94948846,2.7836883,0
1.0,0.94371974,2.8229303,0
1.0,0.94704616,2.8657677,0
1.0,0.94173074,2.8077226,0
1.0,0.9462404,2.7484665,0
1.0,0.9412446,2.7137527,0
1.0,0.94354993,2.7078905,0
1.0,0.938558,2.676652,0
1.0,0.94427323,2.6529465,0
1.0,0.9389506,2.6071153,0
1.0,0.9425315,2.60703,0
1.0,0.93402797,2.5083492,0
1.0,0.9348399,2.4642286,0
1.0,0.92990655,2.4375556,0
1.0,0.9331992,2.4486392,0
1.0,0.92814016,2.4558601,0
1.0,0.922511,2.4431043,0
1.0,0.9211242,2.458551,0
1.0,0.91978014,2.438028,0
1.0,0.9188139,2.4247882,0
1.0,0.915344,2.438609,0
1.0,0.91144896,2.426371,0
1.0,0.9075976,2.4197488,0
1.0,0.90666825,2.3958087,0
1.0,0.9045719,2.358922,0
1.0,0.9039472,2.395948,0
1.0,0.90527797,2.3963766,0
1.0,0.8990666,2.3441498,0
1.0,0.89803135,2.31072,0
1.0,0.8937125,2.235975,0
1.0,0.8957008,2.2073057,0
1.0,0.88638353,2.1442008,0
1.0,0.87771183,2.09409,0
1.0,0.88042855,2.0929074,0
1.0,0.8773704,2.0389516,0
1.0,0.8780557,2.036859,0
1.0,0.877641,2.0774581,0
1.0,0.8788144,2.0990553,0
1.0,0.87877864,2.0870395,0
1.0,0.8799391,2.0660467,0
1.0,0.8792275,2.0863774,0
1.0,0.8831537,2.1500344,0
1.0,0.8868581,2.1809406,0
1.0,0.89196074,2.1985154,0
1.0,0.8906466,2.1686373,0
1.0,0.89266163,2.1669545,0
1.0,0.8902264,2.1699808,0
1.0,0.8972153,2.1362796,0
1.0,0.89367586,2.1090317,0
1.0,0.8973472,2.0810792,0
1.0,0.88984454,2.0015168,0
1.0,0.89630854,2.0285914,0
1.0,0.8886286,1.9934584,0
1.0,0.8919388,1.9514723,0
1.0,0.88691723,1.8923498,0
1.0,0.89310807,1.8966584,0
1.0,0.88525355,1.8836696,0
1.0,0.8851066,1.8620563,0
1.0,0.8877359,1.8755755,0
1.0,0.89552295,1.8849893,0
1.0,0.8873125,1.8767645,0
1.0,0.8903144,1.9525912,0
1.0,0.8871997,1.951238,0
1.0,0.8962309,1.9564519,0
1.0,0.8902642,1.9158593,0
1.0,0.8909508,1.8974082,0
1.0,0.88323617,1.8787913,0
1.0,0.89922273,1.9208366,0
1.0,0.88612336,1.8440912,0
1.0,0.8896624,1.8090317,0
1.0,0.8759764,1.7659613,0
1.0,0.8783187,1.7672352,0
1.0,0.8533842,1.6572797,0
1.0,0.8556295,1.5928007,0
1.0,0.84442455,1.5341198,0
1.0,0.85311323,1.5712273,0
1.0,0.83444077,1.5503705,0
1.0,0.84604543,1.5888034,0
1.0,0.8372033,1.5258627,0
1.0,0.85592824,1.5489876,0
1.0,0.83990633,1.528415,0
1.0,0.8536219,1.5907452,0
1.0,0.8443019,1.5712378,0
1.0,0.8619951,1.6180284,0
1.0,0.8474605,1.5799284,0
1.0,0.85397786,1.5911087,0
1.0,0.8461056,1.5863166,0
1.0,0.84819794,1.5735462,0
1.0,0.8316039,1.4729397,0
1.0,0.8320907,1.4430559,0
1.0,0.8220557,1.4175587,0
1.0,0.8071499,1.3796048,0
1.0,0.792682,1.3210127,0
1.0,0.79756093,1.2876477,0
1.0,0.8009623,1.2769934,0
1.0,0.7955173,1.2851901,0
1.0,0.7945325,1.290112,0
1.0,0.7962164,1.2737143,0
1.0,0.799889,1.2849051,0
1.0,0.7919257,1.2701275,0
1.0,0.7880323,1.2796564,0
1.0,0.78850794,1.3244476,0
1.0,0.7907868,1.3430778,0
1.0,0.78844607,1.31823,0
1.0,0.79052806,1.3103018,0
1.0,0.7953286,1.3344373,0
1.0,0.7932856,1.3355424,0
1.0,0.7903608,1.2966889,0
1.0,0.78691524,1.2704467,0
1.0,0.79437935,1.2729471,0
1.0,0.7909243,1.2513382,0
1.0,0.7941592,1.28213,0
1.0,0.7809441,1.2352283,0
1.0,0.7912473,1.2043918,0
1.0,0.79317296,1.193829,0
1.0,0.7934028,1.2006743,0
1.0,0.78891855,1.2296311,0
1.0,0.80479735,1.27803,0
1.0,0.8153648,1.2929525,0
1.0,0.82834095,1.3175399,0
1.0,0.82343596,1.324271,0
1.0,0.8368209,1.3965896,0
1.0,0.8475253,1.4039029,0
1.0,0.858813,1.4117432,0
1.0,0.85119027,1.3879983,0
1.0,0.85870093,1.3912289,0
1.0,0.8630604,1.4318848,0
1.0,0.8691893,1.4387985,0
1.0,0.8576739,1.3730158,0
1.0,0.87255013,1.3765371,0
1.0,0.8777483,1.3619993,0
1.0,0.87724704,1.3797977,0
1.0,0.88074887,1.3667998,0
1.0,0.88823026,1.3205544,0
1.0,0.9039048,1.3344634,0
1.0,0.89977956,1.337549,0
1.0,0.9040408,1.3738396,0
1.0,0.907183,1.3983904,0
1.0,0.9169141,1.4039237,0
1.0,0.9176362,1.4018369,0
1.0,0.91164124,1.4048883,0
1.0,0.9099209,1.4150236,0
1.0,0.91466814,1.4287183,0
1.0,0.9152774,1.4065819,0
1.0,0.9104199,1.3769381,0
1.0,0.908548,1.3906193,0
1.0,0.9069648,1.4205532,0
1.0,0.90347534,1.3837197,0
1.0,0.90142494,1.2977319,0
1.0,0.90688074,1.2704067,0
1.0,0.9097179,1.2771995,0
1.0,0.9073339,1.2971352,0
1.0,0.9153159,1.3273095,0
1.0,0.9098867,1.2873348,0
1.0,0.919698,1.292135,0
1.0,0.9098694,1.2663593,0
1.0,0.91091764,1.2896495,0
1.0,0.9006265,1.2720556,0
1.0,0.904233,1.246758,0
1.0,0.8976551,1.2374932,0
1.0,0.89474565,1.2594025,0
1.0,0.89032024,1.2780209,0
1.0,0.88995147,1.2928826,0
1.0,0.87800086,1.2412897,0
1.0,0.8833993,1.2392989,0
1.0,0.8733978,1.2260512,0
1.0,0.87103516,1.2410612,0
1.0,0.84963864,1.1979554,0
1.0,0.8562214,1.1804965,0
1.0,0.8561811,1.1354072,0
1.0,0.8675485,1.1448693,0
1.0,0.8452298,1.1174806,0
1.0,0.86385417,1.1505506,0
1.0,0.85827965,1.1035011,0
1.0,0.8742387,1.1348121,0
1.0,0.85841936,1.1253635,0
1.0,0.8593362,1.1638923,0
1.0,0.8518198,1.1720204,0
1.0,0.85156375,1.1539049,0
1.0,0.8462899,1.1531284,0
1.0,0.834402,1.1664091,0
1.0,0.83564025,1.1967237,0
1.0,0.8314219,1.1945224,0
1.0,0.8292131,1.1633588,0
1.0,0.82004535,1.1155543,0
1.0,0.8210717,1.1071575,0
1.0,0.8177548,1.1199033,0
1.0,0.8258489,1.1601906,0
1.0,0.8140216,1.1139307,0
1.0,0.8230792,1.1214015,0
1.0,0.8233686,1.1149354,0
1.0,0.8277336,1.1112974,0
1.0,0.81361705,1.09584,0
1.0,0.8171834,1.1188952,0
1.0,0.8042953,1.0854793,0
1.0,0.8164928,1.0968344,0
1.0,0.78821486,1.0596533,0
1.0,0.79314554,1.080388,0
1.0,0.76792467,1.0184202,0
1.0,0.7822255,1.049865,0
1.0,0.7491229,0.9951476,0
1.0,0.7579967,1.0469322,0
1.0,0.73675704,1.037427,0
1.0,0.7452438,1.0666023,0
1.0,0.7272234,1.0277195,0
1.0,0.74231315,1.0529965,0
1.0,0.73265445,1.0306133,0
1.0,0.7463081,1.047474,0
1.0,0.73015463,0.993149,0
1.0,0.75754356,1.02529,0
1.0,0.7444871,1.0086398,0
1.0,0.75843567,1.0354621,0
1.0,0.739963,0.9841526,0
1.0,0.7566823,1.0406554,0
1.0,0.7385577,1.014678,0
1.0,0.75604963,1.0521754,0
1.0,0.74662495,1.0540192,0
1.0,0.76373565,1.1181046,0
1.0,0.74969244,1.0919247,0
1.0,0.76861763,1.1343176,0
1.0,0.7600548,1.1435134,0
1.0,0.7745408,1.1724222,0
1.0,0.75965905,1.1555394,0
1.0,0.7686622,1.2099886,0
1.0,0.7643074,1.1855251,0
1.0,0.7787334,1.2123718,0
1.0,0.771491,1.2070816,0
1.0,0.7805202,1.2279234,0
1.0,0.7765984,1.2317781,0
1.0,0.7821374,1.2465323,0
1.0,0.7746717,1.2140614,0
1.0,0.77713007,1.2111397,0
1.0,0.7777442,1.2175252,0
1.0,0.7676286,1.1849136,0
1.0,0.77741355,1.2004013,0
1.0,0.76574767,1.1621602,0
1.0,0.7811329,1.1946496,0
1.0,0.764784,1.19934,0
1.0,0.7806063,1.2546239,0
1.0,0.76341534,1.2270683,0
1.0,0.7737528,1.2826579,0
1.0,0.75775117,1.2629467,0
1.0,0.7742859,1.2850579,0
1.0,0.7515152,1.2401403,0
1.0,0.76550406,1.2856697,0
1.0,0.7478868,1.2311195,0
1.0,0.77378964,1.2921091,0
1.0,0.7499617,1.2490554,0
1.0,0.7676018,1.281952,0
1.0,0.7453558,1.2082062,0
1.0,0.7664353,1.2356819,0
1.0,0.7433535,1.1734619,0
1.0,0.7614887,1.1877766,0
1.0,0.73981607,1.1410882,0
1.0,0.7600616,1.1824197,0
1.0,0.734212,1.1041828,0
1.0,0.75208616,1.163229,0
1.0,0.73442954,1.134542,0
1.0,0.7415478,1.1407576,0
1.0,0.7300561,1.1189009,0
1.0,0.741623,1.1232653,0
1.0,0.7339765,1.1108317,0
1.0,0.74674875,1.152964,0
1.0,0.7396684,1.1359122,0
1.0,0.746537,1.1540606,0
1.0,0.7356204,1.1383941,0
1.0,0.74095565,1.1406032,0
1.0,0.72844917,1.108216,0
1.0,0.73113537,1.1058111,0
1.0,0.7229605,1.0448624,0
1.0,0.7303802,1.0311368,0
1.0,0.7255803,1.0283473,0
1.0,0.7381175,1.0450271,0
1.0,0.7420643,1.0477015,0
1.0,0.7688416,1.0969322,0
1.0,0.77074766,1.095549,0
1.0,0.77728695,1.08343,0
1.0,0.78262484,1.0549177,0
1.0,0.7970928,1.0944347,0
1.0,0.80336386,1.1262068,0
1.0,0.79885644,1.1094649,0
1.0,0.81390214,1.1585699,0
1.0,0.8314297,1.2259616,0
1.0,0.83116734,1.2384623,0
1.0,0.8285933,1.2330623,0
1.0,0.8298693,1.2501054,0
1.0,0.8404393,1.281158,0
1.0,0.8318189,1.263433,0
1.0,0.82381076,1.232249,0
1.0,0.8240291,1.1997161,0
1.0,0.83801305,1.2286117,0
1.0,0.83492196,1.2406025,0
1.0,0.8316502,1.2367513,0
1.0,0.83779436,1.256357,0
1.0,0.84672153,1.2781794,0
1.0,0.8432652,1.2739165,0
1.0,0.82996327,1.2693502,0
1.0,0.8285193,1.2755624,0
1.0,0.82322764,1.2726293,0
1.0,0.81989056,1.2961712,0
1.0,0.8032201,1.2557082,0
1.0,0.80473155,1.2744699,0
1.0,0.80834144,1.3332669,0
1.0,0.8079356,1.3458041,0
1.0,0.8102834,1.3622291,0
1.0,0.8016124,1.3465137,0
1.0,0.81134784,1.3830802,0
1.0,0.80768645,1.3935195,0
1.0,0.80340123,1.4034343,0
1.0,0.7997234,1.4177544,0
1.0,0.8080908,1.4069855,0
1.0,0.80310744,1.377291,0
1.0,0.80584913,1.3989654,0
1.0,0.80578345,1.3994939,0
1.0,0.81426394,1.4197305,0
1.0,0.8113187,1.4021186,0
1.0,0.8143803,1.4175234,0
1.0,0.80477804,1.4043624,0
1.0,0.80698645,1.4414366,0
1.0,0.8097405,1.4811219,0
1.0,0.8118479,1.4698348,0
1.0,0.81617075,1.49576,0
1.0,0.8238868,1.5584211,0
1.0,0.8296457,1.6011357,0
1.0,0.85057837,1.675735,0
1.0,0.8582711,1.6796,0
1.0,0.8672224,1.6919788,0
1.0,0.86681277,1.7114137,0
1.0,0.8692949,1.7181556,0
1.0,0.8739832,1.7328937,0
1.0,0.8786238,1.7485989,0
1.0,0.8797842,1.7108777,0
1.0,0.88116556,1.706949,0
1.0,0.88583684,1.7433119,0
1.0,0.8805798,1.7226386,0
1.0,0.8951616,1.7419842,0
1.0,0.89501005,1.7183142,0
1.0,0.9045164,1.7399223,0
1.0,0.8961654,1.7347411,0
1.0,0.9045123,1.7674613,0
1.0,0.8992688,1.7564605,0
1.0,0.90964806,1.7951908,0
1.0,0.8993227,1.787013,0
1.0,0.9028428,1.8207629,0
1.0,0.89909494,1.8258452,0
1.0,0.9056425,1.8371633,0
1.0,0.89392525,1.8066118,0
1.0,0.8976196,1.8041021,0
1.0,0.880593,1.7413683,0
1.0,0.88327503,1.7337352,0
1.0,0.86589044,1.6319942,0
1.0,0.86942583,1.5892695,0
1.0,0.8527825,1.5401189,0
1.0,0.85001135,1.5413115,0
1.0,0.83368796,1.5254712,0
1.0,0.8358708,1.5193479,0
1.0,0.8265594,1.479971,0
1.0,0.84790367,1.5355186,0
1.0,0.84015936,1.5225242,0
1.0,0.8436321,1.5260017,0
1.0,0.82820076,1.4709853,0
1.0,0.84863925,1.5085291,0
1.0,0.8347772,1.4714117,0
1.0,0.8377233,1.4963169,0
1.0,0.82566917,1.5033331,0
1.0,0.839828,1.5398321,0
1.0,0.8240474,1.4732493,0
1.0,0.8355603,1.4823154,0
1.0,0.8239929,1.4389715,0
1.0,0.83387566,1.4551351,0
1.0,0.8199664,1.3984852,0
1.0,0.82702386,1.3741202,0
1.0,0.81513894,1.3510875,0
1.0,0.8264061,1.3832223,0
1.0,0.80902773,1.3476088,0
1.0,0.81716985,1.3480132,0
1.0,0.8091877,1.2928258,0
1.0,0.8260981,1.3225231,0
1.0,0.8095972,1.2677743,0
1.0,0.8141747,1.2890686,0
1.0,0.8135487,1.318511,0
1.0,0.8061608,1.3152957,0
1.0,0.7969286,1.3032701,0
1.0,0.78078115,1.2725439,0
1.0,0.7809139,1.3107839,0
1.0,0.75964344,1.256274,0
1.0,0.7672459,1.2005994,0
1.0,0.7625356,1.1574438,0
1.0,0.7727393,1.1646574,0
1.0,0.75786906,1.1387637,0
1.0,0.7811529,1.1825123,0
1.0,0.7616774,1.1145681,0
1.0,0.7744724,1.1456637,0
1.0,0.755682,1.1039015,0
1.0,0.7735915,1.144341,0
1.0,0.75474834,1.1197289,0
1.0,0.77186626,1.1342305,0
1.0,0.7558102,1.0929923,0
1.0,0.77650714,1.1599482,0
1.0,0.75884795,1.1307904,0
1.0,0.77700734,1.1815245,0
1.0,0.75543195,1.1458428,0
1.0,0.7689312,1.1751676,0
1.0,0.75424653,1.1568748,0
1.0,0.7572907,1.1579504,0
1.0,0.7430965,1.1119562,0
1.0,0.7488659,1.115623,0
1.0,0.7370218,1.0837395,0
1.0,0.74429166,1.0920848,0
1.0,0.73489183,1.0622663,0
1.0,0.74162173,1.0684913,0
1.0,0.72216725,1.0096948,0
1.0,0.73927695,1.0349416,0
1.0,0.73365086,1.0200902,0
1.0,0.7413947,1.0171876,0
1.0,0.73947686,1.016087,0
1.0,0.75319916,1.0378655,0
1.0,0.7520416,1.0331166,0
1.0,0.767994,1.0904646,0
1.0,0.76203036,1.0924164,0
1.0,0.77192545,1.1344867,0
1.0,0.7671914,1.1431577,0
1.0,0.77622527,1.1733639,0
1.0,0.7671468,1.1748914,0
1.0,0.7748972,1.1742625,0
1.0,0.7716975,1.1505785,0
1.0,0.78203034,1.1624846,0
1.0,0.7746711,1.1057758,0
1.0,0.7803748,1.101228,0
1.0,0.77849954,1.090213,0
1.0,0.78991216,1.0793463,0
1.0,0.7842308,1.0655433,0
1.0,0.79751855,1.0993115,0
1.0,0.7829591,1.0516671,0
1.0,0.8002508,1.069966,0
1.0,0.79298323,1.0500504,0
1.0,0.80155635,1.0706844,0
1.0,0.7887551,1.0585067,0
1.0,0.80433214,1.1151354,0
1.0,0.794901,1.0973512,0
1.0,0.80791014,1.1423633,0
1.0,0.7927659,1.1544354,0
1.0,0.7986811,1.1997554,0
1.0,0.787552,1.1993228,0
1.0,0.8097706,1.2365224,0
1.0,0.7917797,1.1655866,0
1.0,0.8160493,1.2099651,0
1.0,0.81812483,1.2116078,0
1.0,0.85044694,1.2618515,0
1.0,0.83964646,1.214603,0
1.0,0.8571471,1.2212561,0
1.0,0.857397,1.1957058,0
1.0,0.87731886,1.2082394,0
1.0,0.8625525,1.1446686,0
1.0,0.8662484,1.1739107,0
1.0,0.8649003,1.2043538,0
1.0,0.8809355,1.2493341,0
1.0,0.8739071,1.2553098,0
1.0,0.8770951,1.2632583,0
1.0,0.8801821,1.288905,0
1.0,0.8930457,1.3498073,0
1.0,0.8843378,1.3247596,0
1.0,0.8847846,1.3482072,0
1.0,0.8812633,1.3857832,0
1.0,0.89038026,1.4335902,0
1.0,0.8795066,1.422673,0
1.0,0.8856819,1.4416889,0
1.0,0.88496554,1.4384739,0
1.0,0.89610976,1.453228,0
1.0,0.8848745,1.4068718,0
1.0,0.8875389,1.3849322,0
1.0,0.8744094,1.3534092,0
1.0,0.8783837,1.3704976,0
1.0,0.8622159,1.3352586,0
1.0,0.8578709,1.3305843,0
1.0,0.83772963,1.3197854,0
1.0,0.851794,1.3893774,0
1.0,0.8409219,1.3988737,0
1.0,0.8537515,1.4781215,0
1.0,0.8380097,1.4888065,0
1.0,0.85404164,1.5839074,0
1.0,0.8512214,1.6265826,0
1.0,0.8594995,1.6746539,0
1.0,0.8450687,1.6674992,0
1.0,0.86147654,1.7350352,0
1.0,0.85653347,1.7382255,0
1.0,0.8735833,1.7652614,0
1.0,0.8587426,1.6762786,0
1.0,0.8729077,1.697459,0
1.0,0.86423004,1.6863105,0
1.0,0.8726117,1.712341,0
1.0,0.8526415,1.6490922,0
1.0,0.86301947,1.6541886,0
1.0,0.8566524,1.6405194,0
1.0,0.84867936,1.6195874,0
1.0,0.8453194,1.5985786,0
1.0,0.84778047,1.598558,0
1.0,0.8558904,1.6295114,0
1.0,0.85249126,1.6473565,0
1.0,0.8566309,1.681756,0
1.0,0.8540321,1.7100393,0
1.0,0.85934824,1.7499019,0
1.0,0.85761696,1.7448602,0
1.0,0.85230446,1.7349437,0
1.0,0.8449221,1.7248497,0
1.0,0.83981115,1.6994426,0
1.0,0.84082204,1.6762571,0
1.0,0.8325571,1.6189196,0
1.0,0.8260945,1.5537841,0
1.0,0.82306194,1.5209541,0
1.0,0.8158975,1.5193919,0
1.0,0.8221631,1.5219381,0
1.0,0.8201313,1.4628892,0
1.0,0.8356829,1.4692326,0
1.0,0.83746594,1.45002,0
1.0,0.84557694,1.4473196,0
1.0,0.8397489,1.4468908,0
1.0,0.8532537,1.4818037,0
1.0,0.8569205,1.4767146,0
1.0,0.8545305,1.5066702,0
1.0,0.8484813,1.5299728,0
1.0,0.8553036,1.540363,0
1.0,0.8543001,1.5446633,0
1.0,0.8520307,1.541472,0
1.0,0.8483027,1.5364254,0
1.0,0.8537575,1.5828369,0
1.0,0.84971684,1.5829127,0
1.0,0.85937786,1.5802536,0
1.0,0.85963887,1.5502658,0
1.0,0.8671303,1.5424774,0
1.0,0.858629,1.504632,0
1.0,0.8599297,1.4945946,0
1.0,0.85873187,1.4459691,0
1.0,0.86550415,1.4285247,0
1.0,0.85798126,1.4092236,0
1.0,0.85092556,1.3827982,0
1.0,0.8460797,1.3567686,0
1.0,0.84786934,1.3649237,0
1.0,0.83613384,1.3547189,0
1.0,0.83474404,1.3472612,0
1.0,0.8325061,1.3435588,0
1.0,0.82989824,1.3553922,0
1.0,0.81807804,1.3085749,0
1.0,0.8208518,1.3076806,0
1.0,0.8266891,1.3224978,0
1.0,0.8237652,1.3091931,0
1.0,0.8211941,1.3478279,0
1.0,0.8208358,1.3509289,0
1.0,0.8245876,1.3043977,0
1.0,0.8318862,1.3218961,0
1.0,0.83384687,1.3607057,0
1.0,0.82265943,1.3041549,0
1.0,0.8344485,1.2930317,0
1.0,0.83541286,1.2840053,0
1.0,0.83744043,1.2812121,0
1.0,0.83321553,1.2837303,0
1.0,0.83607215,1.280436,0
1.0,0.83532053,1.2473772,0
1.0,0.83683574,1.2699624,0
1.0,0.83621603,1.2692391,0
1.0,0.8432959,1.2575431,0
1.0,0.84672016,1.2627858,0
1.0,0.85781735,1.3235617,0
1.0,0.8571397,1.3318056,0
1.0,0.877634,1.4029918,0
1.0,0.8805177,1.4286444,0
1.0,0.88839006,1.4229348,0
1.0,0.88120335,1.3993788,0
1.0,0.88432246,1.4022181,0
1.0,0.8824447,1.3664484,0
1.0,0.8905855,1.3486886,0
1.0,0.8823243,1.3144629,0
1.0,0.89102864,1.3474443,0
1.0,0.8817251,1.3135395,0
1.0,0.88160014,1.2941036,0
1.0,0.86960346,1.2508771,0
1.0,0.86743796,1.2300491,0
1.0,0.8575847,1.2272975,0
1.0,0.8530946,1.2080796,0
1.0,0.83991975,1.1760473,0
1.0,0.8466865,1.2255595,0
1.0,0.8432557,1.21001,0
1.0,0.84238654,1.1723232,0
1.0,0.83268285,1.1530178,0
1.0,0.83986664,1.1707189,0
1.0,0.8337305,1.1396495,0
1.0,0.82603186,1.0942843,0
1.0,0.818218,1.0602944,0
1.0,0.8003884,1.0289222,0
1.0,0.7891799,1.0023589,0
1.0,0.7764988,0.9319383,0
1.0,0.7717371,0.89449894,0
1.0,0.75597334,0.8693772,0
1.0,0.75731945,0.8751626,0
1.0,0.74040437,0.8229897,0
1.0,0.75654227,0.8355128,0
1.0,0.7401752,0.77457154,0
1.0,0.75479704,0.7834842,0
1.0,0.7520064,0.79467225,0
1.0,0.774308,0.83822155,0
1.0,0.76298916,0.8299893,0
1.0,0.77525914,0.83968586,0
1.0,0.77092034,0.8233848,0
1.0,0.79411954,0.8711568,0
1.0,0.78153193,0.8273221,0
1.0,0.7839852,0.84996045,0
1.0,0.78875786,0.8522595,0
1.0,0.7985611,0.83181494,0
1.0,0.79749095,0.8353722,0
1.0,0.79634416,0.82241404,0
1.0,0.80191296,0.7860333,0
1.0,0.8283803,0.80377316,0
1.0,0.83901685,0.78965473,0
1.0,0.82456976,0.75610423,0
1.0,0.8362217,0.77895534,0
1.0,0.84640974,0.7900286,0
1.0,0.85580707,0.7971203,0
1.0,0.8405597,0.7609241,0
1.0,0.8599652,0.7876159,0
1.0,0.87276894,0.8121424,0
1.0,0.8690551,0.8090353,0
1.0,0.8629797,0.78333557,0
1.0,0.8582725,0.7628299,0
1.0,0.87988067,0.8138621,0
1.0,0.8698607,0.8173902,0
1.0,0.86839813,0.8036187,0
1.0,0.8658253,0.76826817,0
1.0,0.89102685,0.7843676,0
1.0,0.88225335,0.7677022,0
1.0,0.87077606,0.74616325,0
1.0,0.8537271,0.69347644,0
1.0,0.8847392,0.7321027,0
1.0,0.8720246,0.6832019,0
1.0,0.8491427,0.6311595,0
1.0,0.82841235,0.60136765,0
1.0,0.8440667,0.64624274,0
1.0,0.8250829,0.63592094,0
1.0,0.80576974,0.5735681,0
1.0,0.7952953,0.5510515,0
1.0,0.8167874,0.6132002,0
1.0,0.81128937,0.62310755,0
1.0,0.8118533,0.62199736,0
1.0,0.7875798,0.59127116,0
1.0,0.8097155,0.6384027,0
1.0,0.8074983,0.650294,0
1.0,0.78647894,0.614168,0
1.0,0.79662985,0.61572766,0
1.0,0.80143523,0.60926974,0
1.0,0.8143612,0.61593074,0
1.0,0.7941527,0.5856571,0
1.0,0.8020123,0.603313,0
1.0,0.80053425,0.5917233,0
1.0,0.79843193,0.58311087,0
1.0,0.7967797,0.5846963,0
1.0,0.79367316,0.58061534,0
1.0,0.8011034,0.60662794,0
1.0,0.81161207,0.63134956,0
1.0,0.82524234,0.66412044,0
1.0,0.84246016,0.6900636,0
1.0,0.85729384,0.716767,0
1.0,0.8659109,0.7632517,0
1.0,0.8604684,0.7650516,0
1.0,0.8517852,0.774377,0
1.0,0.8739169,0.8313333,0
1.0,0.86914575,0.8170569,0
1.0,0.8619397,0.8287204,0
1.0,0.84773207,0.8171725,0
1.0,0.854161,0.7929376,0
1.0,0.86617374,0.79774165,0
1.0,0.859879,0.7881688,0
1.0,0.8465971,0.7612045,0
1.0,0.85602826,0.7760649,0
1.0,0.86220413,0.762323,0
1.0,0.8537643,0.730999,0
1.0,0.83576703,0.7114745,0
1.0,0.84367573,0.7393768,0
1.0,0.85780466,0.7640245,0
1.0,0.8523834,0.7462379,0
1.0,0.83295953,0.72442913,0
1.0,0.8409542,0.7643322,0
1.0,0.84147197,0.7955063,0
1.0,0.8286356,0.8007991,0
1.0,0.7931893,0.7572502,0
1.0,0.8035099,0.7964392,0
1.0,0.7990069,0.78362495,0
1.0,0.79750407,0.77473134,0
1.0,0.76674354,0.7416214,0
1.0,0.7668965,0.73482794,0
1.0,0.76559055,0.71400845,0
1.0,0.760879,0.701244,0
1.0,0.7324527,0.6652404,0
1.0,0.7376428,0.68056285,0
1.0,0.7229099,0.63009083,0
1.0,0.7274798,0.6253354,0
1.0,0.70415366,0.5962901,0
1.0,0.7134089,0.61146593,0
1.0,0.70968336,0.6218046,0
1.0,0.7397808,0.691428,0
1.0,0.72729,0.6814172,0
1.0,0.7364441,0.7135533,0
1.0,0.73829854,0.71701735,0
1.0,0.7572376,0.75364196,0
1.0,0.7483578,0.7723661,0
1.0,0.744403,0.7645014,0
1.0,0.74472487,0.7610402,0
1.0,0.7715868,0.8231311,0
1.0,0.76686174,0.82447696,0
1.0,0.76524216,0.8233734,0
1.0,0.7675499,0.82325697,0
1.0,0.78258204,0.85075593,0
1.0,0.7767257,0.8409234,0
1.0,0.76855916,0.80797184,0
1.0,0.7720773,0.78886706,0
1.0,0.78625405,0.8051681,0
1.0,0.78073907,0.8001573,0
1.0,0.77681315,0.79533076,0
1.0,0.78325325,0.8371425,0
1.0,0.7954924,0.8735664,0
1.0,0.79322904,0.8624061,0
1.0,0.7912016,0.8746563,0
1.0,0.8004178,0.8967658,0
1.0,0.7938731,0.88597685,0
1.0,0.78772676,0.8885027,0
1.0,0.77715945,0.8739358,0
1.0,0.77804464,0.8975691,0
1.0,0.77102906,0.90249485,0
1.0,0.7618309,0.8690047,0
1.0,0.7589577,0.85831684,0
1.0,0.7594329,0.85617554,0
1.0,0.74526703,0.79685616,0
1.0,0.7404219,0.7680441,0
1.0,0.7355461,0.758416,0
1.0,0.73764944,0.75817263,0
1.0,0.7296461,0.7478846,0
1.0,0.73079556,0.7585125,0
1.0,0.732423,0.76632464,0
1.0,0.74433476,0.7985927,0
1.0,0.7473545,0.8164889,0
1.0,0.7492118,0.8286116,0
1.0,0.7558931,0.8457936,0
1.0,0.7537812,0.8623496,0
1.0,0.75327915,0.8966658,0
1.0,0.7534497,0.9302261,0
1.0,0.75012946,0.95511675,0
1.0,0.74806476,0.9731983,0
1.0,0.75115895,0.999828,0
1.0,0.7538855,0.99808455,0
1.0,0.7643423,0.9983592,0
1.0,0.77160954,0.98641014,0
1.0,0.7865505,1.0099087,0
1.0,0.78609467,1.016381,0
1.0,0.80740637,1.051552,0
1.0,0.8039654,1.0457759,0
1.0,0.82304275,1.0951519,0
1.0,0.8067419,1.064347,0
1.0,0.81553185,1.1022148,0
1.0,0.80602294,1.127201,0
1.0,0.8257335,1.1863189,0
1.0,0.8076722,1.1597885,0
1.0,0.816054,1.1977862,0
1.0,0.8086092,1.1943583,0
1.0,0.8192357,1.262546,0
1.0,0.8128382,1.2642065,0
1.0,0.81256056,1.2482758,0
1.0,0.8146612,1.2921884,0
1.0,0.82255965,1.3407902,0
1.0,0.81729704,1.2981503,0
1.0,0.8380863,1.339989,0
1.0,0.83601,1.3441918,0
1.0,0.8515626,1.3676462,0
1.0,0.83346725,1.3231423,0
1.0,0.83957136,1.3434339,0
1.0,0.82401353,1.3057704,0
1.0,0.8287598,1.3028756,0
1.0,0.8156858,1.2354131,0
1.0,0.8043806,1.2275492,0
1.0,0.8006885,1.2737247,0
1.0,0.80173993,1.2668487,0
1.0,0.81080526,1.3290155,0
1.0,0.8153915,1.3880982,0
1.0,0.8154643,1.4139532,0
1.0,0.82314634,1.4924307,0
1.0,0.8252041,1.5139761,0
1.0,0.83521634,1.5369866,0
1.0,0.82427543,1.5532908,0
1.0,0.8280555,1.5719653,0
1.0,0.823714,1.5544024,0
1.0,0.8402494,1.6073778,0
1.0,0.82623047,1.533885,0
1.0,0.83396965,1.5392139,0
1.0,0.8277632,1.5388149,0
1.0,0.82180697,1.5177608,0
1.0,0.8125833,1.5100101,0
1.0,0.8097346,1.4972277,0
1.0,0.8071913,1.512703,0
1.0,0.8108565,1.5650618,0
1.0,0.803107,1.5685191,0
1.0,0.81151927,1.6134832,0
1.0,0.81178814,1.6366687,0
1.0,0.82427895,1.6972386,0
1.0,0.8180892,1.6872368,0
1.0,0.82408416,1.7226208,0
1.0,0.8217716,1.762649,0
1.0,0.82963294,1.788558,0
1.0,0.821496,1.7643158,0
1.0,0.81980157,1.7570558,0
1.0,0.8183282,1.769777,0
1.0,0.8175652,1.755413,0
1.0,0.82190216,1.7352381,0
1.0,0.82418317,1.7622664,0
1.0,0.8256576,1.7314833,0
1.0,0.8228187,1.692771,0
1.0,0.82462806,1.7025437,0
1.0,0.8258037,1.661195,0
1.0,0.8285014,1.66837,0
1.0,0.83818966,1.7378483,0
1.0,0.8333998,1.700568,0
1.0,0.84589994,1.7269814,0
1.0,0.84631515,1.7621022,0
1.0,0.84982866,1.7767627,0
1.0,0.84614563,1.7812353,0
1.0,0.8591009,1.8314722,0
1.0,0.855369,1.850854,0
1.0,0.85875434,1.9015803,0
1.0,0.8484315,1.8510749,0
1.0,0.86443824,1.8733673,0
1.0,0.85541445,1.8484013,0
1.0,0.86005825,1.8541338,0
1.0,0.8579477,1.8306942,0
1.0,0.8738352,1.8310674,0
1.0,0.8653806,1.7950518,0
1.0,0.87283164,1.8100021,0
1.0,0.859707,1.777929,0
1.0,0.86661726,1.8031114,0
1.0,0.85968196,1.7478092,0
1.0,0.8651618,1.748746,0
1.0,0.8564423,1.7384578,0
1.0,0.8614913,1.7760489,0
1.0,0.8539141,1.7936025,0
1.0,0.855562,1.8201834,0
1.0,0.8515436,1.8144851,0
1.0,0.85686755,1.8339071,0
1.0,0.85235035,1.8365388,0
1.0,0.85977066,1.8554564,0
1.0,0.85890746,1.8428771,0
1.0,0.86059105,1.8660283,0
1.0,0.8575606,1.8473084,0
1.0,0.86121154,1.8164701,0
1.0,0.8632435,1.8230228,0
1.0,0.8621869,1.8116276,0
1.0,0.8560776,1.7608247,0
1.0,0.84815335,1.7111046,0
1.0,0.8389761,1.6666723,0
1.0,0.83141094,1.6442785,0
1.0,0.82776046,1.6200169,0
1.0,0.8198179,1.5756581,0
1.0,0.8214504,1.5854855,0
1.0,0.8270064,1.6006582,0
1.0,0.8225521,1.588508,0
1.0,0.8216539,1.5947846,0
1.0,0.8260501,1.603821,0
1.0,0.83669084,1.636615,0
1.0,0.83132386,1.6211159,0
1.0,0.82334554,1.5995545,0
1.0,0.8228474,1.5985706,0
1.0,0.82411855,1.5726556,0
1.0,0.8210504,1.5485022,0
1.0,0.8091366,1.5102043,0
1.0,0.80354285,1.4725038,0
1.0,0.8009409,1.4504776,0
1.0,0.79732907,1.4060099,0
1.0,0.78043145,1.3247643,0
1.0,0.7817113,1.3060926,0
1.0,0.77594084,1.259927,0
1.0,0.77495766,1.2408259,0
1.0,0.7685555,1.2366233,0
1.0,0.7741088,1.2515442,0
1.0,0.7705609,1.2347982,0
1.0,0.7641081,1.2288904,0
1.0,0.76114327,1.2332003,0
1.0,0.76540005,1.2285434,0
1.0,0.76256174,1.2168446,0
1.0,0.7606626,1.224336,0
1.0,0.75757253,1.2271018,0
1.0,0.7565017,1.2223547,0
1.0,0.7513118,1.1985245,0
1.0,0.745748,1.1633306,0
1.0,0.74669814,1.1365807,0
1.0,0.74216044,1.121768,0
1.0,0.73834896,1.1069969,0
1.0,0.72274506,1.0517957,0
1.0,0.7285141,1.0462925,0
1.0,0.72317106,1.0105418,0
1.0,0.7199104,0.98967654,0
1.0,0.705823,0.95393777,0
1.0,0.71431816,0.9432849,0
1.0,0.7058389,0.92297304,0
1.0,0.7086267,0.9411966,0
1.0,0.6954276,0.91993237,0
1.0,0.7075096,0.95780456,0
1.0,0.70201325,0.9509616,0
1.0,0.7015874,0.94534826,0
1.0,0.69380826,0.92330235,0
1.0,0.7071526,0.9283949,0
1.0,0.70299166,0.9290347,0
1.0,0.70432675,0.9559586,0
1.0,0.69643474,0.95118725,0
1.0,0.72490376,1.0319428,0
1.0,0.7215066,0.99459964,0
1.0,0.73516345,0.98477757,0
1.0,0.73831916,0.97387224,0
1.0,0.76401824,0.980778,0
1.0,0.773601,0.9892931,0
1.0,0.788982,1.0252124,0
1.0,0.78234375,0.98601305,0
1.0,0.8137065,1.0447774,0
1.0,0.8091107,1.0375249,0
1.0,0.80763566,1.0268338,0
1.0,0.80186385,1.0101312,0
1.0,0.82813454,1.056207,0
1.0,0.823413,1.0608796,0
1.0,0.813594,1.0521709,0
1.0,0.8056913,1.0356658,0
1.0,0.8295505,1.0982225,0
1.0,0.8243554,1.094836,0
1.0,0.81417483,1.0798085,0
1.0,0.81013376,1.0858461,0
1.0,0.82966083,1.1139414,0
1.0,0.8344216,1.0915437,0
1.0,0.83193195,1.0683832,0
1.0,0.83162296,1.0680032,0
1.0,0.8420566,1.0791678,0
1.0,0.8430615,1.07094,0
1.0,0.83986074,1.041424,0
1.0,0.82256067,0.99343216,0
1.0,0.8282109,1.0411499,0
1.0,0.8166477,1.0259771,0
1.0,0.8034244,0.9756564,0
1.0,0.8004575,0.9683173,0
1.0,0.7991928,0.93823785,0
1.0,0.7996262,0.9604672,0
1.0,0.80911684,1.0096991,0
1.0,0.8026952,0.9936788,0
1.0,0.80941063,1.0240457,0
1.0,0.79970044,1.0124202,0
1.0,0.8059311,1.0208733,0
1.0,0.79606783,1.007808,0
1.0,0.800548,0.9924514,0
1.0,0.7927141,0.9626759,0
1.0,0.80137855,0.96413344,0
1.0,0.7835524,0.9128291,0
1.0,0.7914731,0.9335669,0
1.0,0.76763195,0.86944747,0
1.0,0.7763868,0.9017092,0
1.0,0.76612204,0.8988227,0
1.0,0.7685377,0.8940559,0
1.0,0.7593058,0.91822183,0
1.0,0.76465124,0.9101771,0
1.0,0.7773005,0.9212069,0
1.0,0.78242195,0.9746103,0
1.0,0.78012955,0.9653591,0
1.0,0.79026985,0.97818506,0
1.0,0.8018792,1.0103692,0
1.0,0.8066919,1.0125184,0
1.0,0.80657965,0.99738467,0
1.0,0.81122106,0.9895262,0
1.0,0.8267926,1.0263687,0
1.0,0.8225932,0.9946866,0
1.0,0.8324847,0.97903156,0
1.0,0.83957124,1.0221152,0
1.0,0.85579616,1.0404085,0
1.0,0.866586,1.0357339,0
1.0,0.8687414,1.0329094,0
1.0,0.87996906,1.0451746,0
1.0,0.8890165,1.0739362,0
1.0,0.8928461,1.0645121,0
1.0,0.89406615,1.0352775,0
1.0,0.8986752,1.0715097,0
1.0,0.9040663,1.1960956,0
1.0,0.91050303,1.264087,0
1.0,0.91539234,1.2786726,0
1.0,0.9255718,1.3112953,0
1.0,0.92627937,1.3238407,0
1.0,0.9333309,1.3437729,0
1.0,0.9275753,1.344102,0
1.0,0.9357872,1.3197196,0
1.0,0.9300193,1.2745184,0
1.0,0.93144625,1.2577947,0
1.0,0.92591906,1.1875259,0
1.0,0.9277872,1.1991827,0
1.0,0.9218718,1.1727417,0
1.0,0.9279466,1.1384033,0
1.0,0.92088443,1.146129,0
1.0,0.9217477,1.1781907,0
1.0,0.9061735,1.1885488,0
1.0,0.90218973,1.1876678,0
1.0,0.90427387,1.1917331,0
1.0,0.9060146,1.2168764,0
1.0,0.9064588,1.2046154,0
1.0,0.90370333,1.1932268,0
1.0,0.9199256,1.2293056,0
1.0,0.91362673,1.1541488,0
1.0,0.9153215,1.1512196,0
1.0,0.90723485,1.1613214,0
1.0,0.9063845,1.17605,0
1.0,0.89380264,1.1587214,0
1.0,0.89219725,1.1251545,0
1.0,0.8785644,1.1079117,0
1.0,0.88376236,1.1376088,0
1.0,0.8554713,1.0389053,0
1.0,0.8734152,0.9741641,0
1.0,0.85594773,0.8844956,0
1.0,0.87852746,0.90745187,0
1.0,0.853065,0.8696833,0
1.0,0.88146925,0.95910645,0
1.0,0.86289805,0.94829273,0
1.0,0.892086,0.9893207,0
1.0,0.8813478,0.9675162,0
1.0,0.8993308,1.003428,0
1.0,0.89007956,0.9760353,0
1.0,0.90365905,0.9900113,0
1.0,0.897683,0.96612185,0
1.0,0.8983204,0.9597137,0
1.0,0.8894112,0.9392654,0
1.0,0.8851107,0.92936933,0
1.0,0.8816313,0.8878151,0
1.0,0.8639637,0.7736877,0
1.0,0.8641233,0.7551792,0
1.0,0.85775685,0.7509891,0
1.0,0.87298715,0.7907394,0
1.0,0.8550418,0.7919465,0
1.0,0.84115684,0.756223,0
1.0,0.84212875,0.7307167,0
1.0,0.8680819,0.7667425,0
1.0,0.8478883,0.73117054,0
1.0,0.83957744,0.71992075,0
1.0,0.8574689,0.75904393,0
1.0,0.90062135,0.86620796,0
1.0,0.90610856,0.9041249,0
1.0,0.9120962,0.90445435,0
1.0,0.90192753,0.87466884,0
1.0,0.93765944,0.9305201,0
1.0,0.9269727,0.8759459,0
1.0,0.9220366,0.86159337,0
1.0,0.91905636,0.85261136,0
1.0,0.9321589,0.83973825,0
1.0,0.93063575,0.7856218,0
1.0,0.9251214,0.7385932,0
1.0,0.9238439,0.72170687,0
1.0,0.93734366,0.75186086,0
1.0,0.94656485,0.7695396,0
1.0,0.94679856,0.75695115,0
1.0,0.94540584,0.74642473,0
1.0,0.95209813,0.7602696,0
1.0,0.94912386,0.7559998,0
1.0,0.9451268,0.7633462,0
1.0,0.9367807,0.78084016,0
1.0,0.94453096,0.7944609,0
1.0,0.94047636,0.7939156,0
1.0,0.9394784,0.7990012,0
1.0,0.9304496,0.7729967,0
1.0,0.93959004,0.7683872,0
1.0,0.92414963,0.71387863,0
1.0,0.92851514,0.7120787,0
1.0,0.90940046,0.6893574,0
1.0,0.9144358,0.70691454,0
1.0,0.89428025,0.6627736,0
1.0,0.89486027,0.63627553,0
1.0,0.8684441,0.57438624,0
1.0,0.86855143,0.5130742,0
1.0,0.82947826,0.4283461,0
1.0,0.8507545,0.4543298,0
1.0,0.83529925,0.44255343,0
1.0,0.83402604,0.44107997,0
1.0,0.7767828,0.3793366,0
1.0,0.7989212,0.40606046,0
1.0,0.7688064,0.3868413,0
1.0,0.7723064,0.41988754,0
1.0,0.74398243,0.3783672,0
1.0,0.7861848,0.40940815,0
1.0,0.79935646,0.41602483,0
1.0,0.78101593,0.3744828,0
1.0,0.76042444,0.34982663,0
1.0,0.8094602,0.4192871,0
1.0,0.7992268,0.41509366,0
1.0,0.814725,0.42712256,0
1.0,0.78073037,0.38680446,0
1.0,0.8021135,0.40770376,0
1.0,0.8018086,0.36614352,0
1.0,0.8120887,0.36810845,0
1.0,0.78514683,0.32640457,0
1.0,0.82341945,0.3455634,0
1.0,0.8207779,0.35326207,0
1.0,0.84648097,0.37879828,0
1.0,0.8294111,0.35396412,0
1.0,0.864578,0.41309375,0
1.0,0.88200563,0.44440505,0
1.0,0.9142063,0.49786425,0
1.0,0.89845204,0.49844787,0
1.0,0.92102104,0.5213158,0
1.0,0.9245958,0.49807414,0
1.0,0.9302197,0.5066734,0
1.0,0.90244365,0.4816891,0
1.0,0.92085725,0.5178424,0
1.0,0.9186048,0.5091741,0
1.0,0.9227478,0.5073205,0
1.0,0.8889329,0.45171374,0
1.0,0.9002083,0.46374685,0
1.0,0.91521657,0.4718958,0
1.0,0.90587604,0.4235828,0
1.0,0.8793474,0.38729215,0
1.0,0.88392234,0.39949685,0
1.0,0.9012847,0.44164532,0
1.0,0.88604295,0.4495316,0
1.0,0.86164814,0.40966552,0
1.0,0.855329,0.38826004,0
1.0,0.8939986,0.43548214,0
1.0,0.8799344,0.41765833,0
1.0,0.8496728,0.40784243,0
1.0,0.82805175,0.403121,0
1.0,0.86283547,0.4389072,0
1.0,0.81888175,0.3924275,0
1.0,0.7852955,0.3725916,0
1.0,0.74580044,0.34814087,0
1.0,0.7953797,0.40325356,0
1.0,0.7764752,0.37472653,0
1.0,0.7663191,0.3580654,0
1.0,0.7321617,0.30920827,0
1.0,0.77508354,0.34856862,0
1.0,0.77634716,0.33152956,0
1.0,0.79171324,0.32185042,0
1.0,0.77720475,0.31305626,0
1.0,0.7801764,0.31496674,0
1.0,0.7797045,0.305538,0
1.0,0.77502763,0.30096486,0
1.0,0.73352736,0.2545617,0
1.0,0.76388365,0.28589368,0
1.0,0.7969236,0.33986944,0
1.0,0.81304544,0.38047382,0
1.0,0.7768295,0.34624916,0
1.0,0.80723524,0.38088545,0
1.0,0.8320511,0.4183331,0
1.0,0.83633554,0.42840168,0
1.0,0.7903316,0.390514,0
1.0,0.81335294,0.42624158,0
1.0,0.8304405,0.4293726,0
1.0,0.8369076,0.44236296,0
1.0,0.77505875,0.36731416,0
1.0,0.8163233,0.39639902,0
1.0,0.83566856,0.42116755,0
1.0,0.8598634,0.4421605,0
1.0,0.8227178,0.36119807,0
1.0,0.84270126,0.38441253,0
1.0,0.84683347,0.39555255,0
1.0,0.8265443,0.35962087,0
1.0,0.76456475,0.28704005,0
1.0,0.8038607,0.32940558,0
1.0,0.79167193,0.3153593,0
1.0,0.79731596,0.32702243,0
1.0,0.7572355,0.29463005,0
1.0,0.7742375,0.31284034,0
1.0,0.72990716,0.27478153,0
1.0,0.7253202,0.2870061,0
1.0,0.6913513,0.25202394,0
1.0,0.6920092,0.24805161,0
1.0,0.6598557,0.22457443,0
1.0,0.666635,0.23883958,0
1.0,0.6466073,0.22220446,0
1.0,0.6453062,0.21610862,0
1.0,0.6275621,0.19681118,0
1.0,0.6390151,0.203175,0
1.0,0.64652115,0.2059381,0
1.0,0.64498067,0.20226258,0
1.0,0.64357674,0.19693962,0
1.0,0.6642564,0.2122393,0
1.0,0.65081507,0.1992696,0
1.0,0.668682,0.22692488,0
1.0,0.6781585,0.26331604,0
1.0,0.771919,0.3649597,0
1.0,0.7690806,0.36122388,0
1.0,0.75039387,0.34401906,0
1.0,0.79232514,0.40438378,0
1.0,0.81765556,0.4703813,0
1.0,0.8228856,0.4903608,0
1.0,0.7930684,0.45374805,0
1.0,0.8346216,0.5145241,0
1.0,0.85667783,0.54592276,0
1.0,0.8613009,0.5491304,0
1.0,0.8247618,0.50550467,0
1.0,0.8707887,0.57174945,0
1.0,0.869813,0.5765613,0
1.0,0.8796411,0.5920798,0
1.0,0.83153737,0.5380977,0
1.0,0.8741614,0.61355424,0
1.0,0.86530167,0.5821339,0
1.0,0.8785133,0.6097614,0
1.0,0.81596327,0.5649915,0
1.0,0.8584043,0.6764759,0
1.0,0.84082377,0.6886699,0
1.0,0.8825323,0.7462399,0
1.0,0.8136334,0.63494337,0
1.0,0.88253576,0.7743161,0
1.0,0.81252867,0.69421566,0
1.0,0.8814936,0.814875,0
1.0,0.8371373,0.7509761,0
1.0,0.87467545,0.8182199,0
1.0,0.84793454,0.79243064,0
1.0,0.8888414,0.9019494,0
1.0,0.84255636,0.8075521,0
1.0,0.8777762,0.83834064,0
1.0,0.8528226,0.78160596,0
1.0,0.8974733,0.8631686,0
1.0,0.8629201,0.8723148,0
1.0,0.8760117,0.92955875,0
1.0,0.87535685,0.87746716,0
1.0,0.9020826,0.91080666,0
1.0,0.8846572,0.8979145,0
1.0,0.8887304,0.94311273,0
1.0,0.8950456,1.0059872,0
1.0,0.91627383,1.062474,0
1.0,0.9091773,1.0440702,0
1.0,0.916911,1.0801616,0
1.0,0.91673696,1.1071389,0
1.0,0.91897863,1.1731976,0
1.0,0.91738653,1.1977035,0
1.0,0.9171065,1.1742904,0
1.0,0.9256265,1.2025082,0
1.0,0.92029566,1.2214267,0
1.0,0.91126746,1.1902949,0
1.0,0.9220483,1.1608608,0
1.0,0.9250284,1.102514,0
1.0,0.92580354,1.1100771,0
1.0,0.92378,1.1465807,0
1.0,0.9272696,1.1353108,0
1.0,0.92476225,1.113046,0
1.0,0.9248532,1.1199178,0
1.0,0.932092,1.1378663,0
1.0,0.9340461,1.1642706,0
1.0,0.92876065,1.2109976,0
1.0,0.9290848,1.2119913,0
1.0,0.93680286,1.1999524,0
1.0,0.9388552,1.223207,0
1.0,0.9320771,1.2622874,0
1.0,0.93009996,1.2751558,0
1.0,0.9371854,1.2545955,0
1.0,0.9398232,1.23723,0
1.0,0.9297338,1.2298837,0
1.0,0.929519,1.2595162,0
1.0,0.92524093,1.2928643,0
1.0,0.9228086,1.2581018,0
1.0,0.90393925,1.1786716,0
1.0,0.9081515,1.1900125,0
1.0,0.90816754,1.1830692,0
1.0,0.89584553,1.1736571,0
1.0,0.8829091,1.1857865,0
1.0,0.8889379,1.1649513,0
1.0,0.9005101,1.1704583,0
1.0,0.8956127,1.2023835,0
1.0,0.8845505,1.2205284,0
1.0,0.8864386,1.2362452,0
1.0,0.8842674,1.2765441,0
1.0,0.8834819,1.3068419,0
1.0,0.86849093,1.2993867,0
1.0,0.8718542,1.3510356,0
1.0,0.87466013,1.360013,0
1.0,0.8756851,1.3697118,0
1.0,0.87588245,1.3950064,0
1.0,0.8683507,1.396125,0
1.0,0.8637372,1.3904353,0
1.0,0.8511827,1.3557377,0
1.0,0.85137963,1.3256853,0
1.0,0.8437831,1.2943747,0
1.0,0.85644996,1.3586445,0
1.0,0.85609525,1.3820082,0
1.0,0.8606222,1.3876336,0
1.0,0.8519235,1.4106762,0
1.0,0.8587941,1.4486582,0
1.0,0.8563927,1.4468054,0
1.0,0.8481974,1.462179,0
1.0,0.84376323,1.4662106,0
1.0,0.8397342,1.448376,0
1.0,0.8391917,1.4990046,0
1.0,0.8384652,1.558644,0
1.0,0.8285791,1.5592093,0
1.0,0.8400475,1.6001139,0
1.0,0.83025783,1.5710434,0
1.0,0.84323823,1.5818444,0
1.0,0.8359047,1.5861558,0
1.0,0.86415434,1.6958154,0
1.0,0.85550517,1.6734939,0
1.0,0.85979325,1.6800405,0
1.0,0.8547513,1.6669953,0
1.0,0.8645454,1.6778287,0
1.0,0.8583186,1.6804234,0
1.0,0.86689746,1.7011715,0
1.0,0.86146617,1.6723185,0
1.0,0.8683196,1.7323983,0
1.0,0.86288553,1.7729765,0
1.0,0.8832157,1.8722025,0
1.0,0.8875258,1.8999593,0
1.0,0.9041879,1.9518023,0
1.0,0.9007517,1.980096,0
1.0,0.9138184,2.0765448,0
1.0,0.91537136,2.1082692,0
1.0,0.9325333,2.1622396,0
1.0,0.9248112,2.130267,0
1.0,0.933533,2.1575584,0
1.0,0.93315935,2.199935,0
1.0,0.94068867,2.2345927,0
1.0,0.9353304,2.2060037,0
1.0,0.9423676,2.228417,0
1.0,0.94080484,2.2290895,0
1.0,0.93808335,2.2436643,0
1.0,0.9377931,2.2529993,0
1.0,0.93968046,2.2309477,0
1.0,0.9437753,2.251524,0
1.0,0.94138825,2.2861629,0
1.0,0.94195294,2.378655,0
1.0,0.94606906,2.4521215,0
1.0,0.95076907,2.4361956,0
1.0,0.95310634,2.4313931,0
1.0,0.95357054,2.4520743,0
1.0,0.95178896,2.4632144,0
1.0,0.9556138,2.5305696,0
1.0,0.955565,2.5252528,0
1.0,0.9557881,2.487589,0
1.0,0.95387125,2.4848952,0
1.0,0.9540607,2.5074992,0
1.0,0.94805354,2.5017638,0
1.0,0.95343024,2.4675086,0
1.0,0.9537446,2.384468,0
1.0,0.9572775,2.3650763,0
1.0,0.9537114,2.3930573,0
1.0,0.95723265,2.4789274,0
1.0,0.957862,2.4787843,0
1.0,0.96132493,2.4654617,0
1.0,0.96274906,2.4728007,0
1.0,0.9609555,2.5040436,0
1.0,0.96181536,2.5493581,0
1.0,0.96250707,2.5107663,0
1.0,0.9665051,2.4858196,0
1.0,0.96465,2.482402,0
1.0,0.96506786,2.5116286,0
1.0,0.9649676,2.5686913,0
1.0,0.9667897,2.5554378,0
1.0,0.96701604,2.4905167,0
1.0,0.96892995,2.4668522,0
1.0,0.9669453,2.4571033,0
1.0,0.96545917,2.481608,0
1.0,0.96750045,2.4450927,0
1.0,0.968951,2.3535404,0
1.0,0.97014374,2.3248186,0
1.0,0.9699948,2.3069615,0
1.0,0.9682211,2.3391128,0
1.0,0.97017497,2.3655844,0
1.0,0.97193974,2.3028212,0
1.0,0.9747653,2.2761686,0
1.0,0.9729959,2.2846336,0
1.0,0.9732818,2.3851194,0
1.0,0.97069013,2.4491968,0
1.0,0.9728328,2.377966,0
1.0,0.9723545,2.348699,0
1.0,0.9719179,2.3927655,0
1.0,0.9711874,2.4323425,0
1.0,0.9709227,2.4496925,0
1.0,0.9738115,2.3746948,0
1.0,0.9745069,2.279098,0
1.0,0.97408074,2.2591991,0
1.0,0.97243744,2.2742827,0
1.0,0.9710528,2.2455816,0
1.0,0.97326463,2.199421,0
1.0,0.97275215,2.1419392,0
1.0,0.9730877,2.142345,0
1.0,0.9704542,2.174738,0
1.0,0.9689108,2.1724937,0
1.0,0.9688144,2.1271951,0
1.0,0.9687685,2.074933,0
1.0,0.96809274,2.058442,0
1.0,0.96747345,2.11902,0
1.0,0.9635328,2.1305084,0
1.0,0.9677692,2.0981464,0
1.0,0.96904045,2.0752897,0
1.0,0.96913606,2.0874362,0
1.0,0.9672532,2.1125402,0
1.0,0.9662469,2.1479673,0
1.0,0.9619299,2.096631,0
1.0,0.9627639,2.0252519,0
1.0,0.95823723,2.0006318,0
1.0,0.95823175,2.0117083,0
1.0,0.9489147,1.9513509,0
1.0,0.95323306,1.878637,0
1.0,0.949616,1.7825544,0
1.0,0.95132643,1.7744598,0
1.0,0.9458268,1.7872097,0
1.0,0.94184285,1.7868547,0
1.0,0.93413615,1.7449479,0
1.0,0.93403673,1.7000868,0
1.0,0.93290335,1.7011524,0
1.0,0.9333101,1.7267056,0
1.0,0.9260958,1.7092752,0
1.0,0.9269883,1.7285205,0
1.0,0.9237838,1.7021182,0
1.0,0.9220675,1.6727706,0
1.0,0.91688055,1.6814182,0
1.0,0.90738535,1.6633492,0
1.0,0.8916942,1.6138083,0
1.0,0.8953447,1.5784962,0
1.0,0.88302463,1.4925454,0
1.0,0.8876526,1.4983337,0
1.0,0.8860349,1.5066762,0
1.0,0.89383656,1.4711537,0
1.0,0.8948443,1.4075302,0
1.0,0.89743406,1.396893,0
1.0,0.90269476,1.3699158,0
1.0,0.90123725,1.3349512,0
1.0,0.88966435,1.3102117,0
1.0,0.88752383,1.2805097,0
1.0,0.8883223,1.2588724,0
1.0,0.8910624,1.2780926,0
1.0,0.88532007,1.2661335,0
1.0,0.88005394,1.2467405,0
1.0,0.8794046,1.2788855,0
1.0,0.881265,1.2996014,0
1.0,0.87733775,1.2646557,0
1.0,0.8774063,1.2654562,0
1.0,0.8737032,1.2375171,0
1.0,0.8795205,1.1964681,0
1.0,0.8738805,1.1469018,0
1.0,0.88588536,1.1413455,0
1.0,0.88855904,1.1159478,0
1.0,0.8818415,1.0880322,0
1.0,0.8825924,1.0894284,0
1.0,0.87503695,1.0240833,0
1.0,0.8686627,0.9762049,0
1.0,0.8501232,0.9401424,0
1.0,0.84985554,0.94599485,0
1.0,0.84603405,0.9345434,0
1.0,0.8373588,0.90310234,0
1.0,0.83673465,0.895033,0
1.0,0.84638757,0.9211587,0
1.0,0.85720307,0.95737445,0
1.0,0.85386837,0.9692346,0
1.0,0.8501483,0.96267486,0
1.0,0.8546245,0.97368675,0
1.0,0.85781735,0.98359394,0
1.0,0.84920335,0.961879,0
1.0,0.8523536,0.96601033,0
1.0,0.8562745,0.96374935,0
1.0,0.86906713,0.95047474,0
1.0,0.8607806,0.91053903,0
1.0,0.8608911,0.9033306,0
1.0,0.85471517,0.87802744,0
1.0,0.8538806,0.8729094,0
1.0,0.836078,0.8262074,0
1.0,0.8331898,0.79852164,0
1.0,0.8254499,0.78666234,0
1.0,0.8309531,0.80165994,0
1.0,0.82701296,0.81515086,0
1.0,0.82433844,0.8211465,0
1.0,0.8203082,0.8167536,0
1.0,0.83034,0.8351157,0
1.0,0.8323092,0.83242977,0
1.0,0.8118258,0.8118938,0
1.0,0.8224269,0.848212,0
1.0,0.8248735,0.8476392,0
1.0,0.83368534,0.86801,0
1.0,0.8138033,0.82706046,0
1.0,0.82481915,0.8105825,0
1.0,0.8314495,0.7981671,0
1.0,0.850112,0.80909324,0
1.0,0.82426256,0.7358488,0
1.0,0.8312042,0.73517877,0
1.0,0.8213353,0.7321627,0
1.0,0.8392995,0.7653946,0
1.0,0.7987822,0.6877411,0
1.0,0.83611894,0.7597219,0
1.0,0.8385923,0.74798745,0
1.0,0.85975194,0.77540064,0
1.0,0.84507793,0.78288317,0
1.0,0.86184144,0.8318833,0
1.0,0.86823756,0.84839,0
1.0,0.87466425,0.8688415,0
1.0,0.86491287,0.8581618,0
1.0,0.8778348,0.8863516,0
1.0,0.8758934,0.8776108,0
1.0,0.8710561,0.8725633,0
1.0,0.8595743,0.8401691,0
1.0,0.8596372,0.82449186,0
1.0,0.85087204,0.8036494,0
1.0,0.843723,0.761212,0
1.0,0.83917314,0.7312846,0
1.0,0.83804095,0.73374814,0
1.0,0.82821524,0.720415,0
1.0,0.80269235,0.67763984,0
1.0,0.80305976,0.6931888,0
1.0,0.8082263,0.68593615,0
1.0,0.80480593,0.65832615,0
1.0,0.8119651,0.67793554,0
1.0,0.8213526,0.7087631,0
1.0,0.804054,0.69860846,0
1.0,0.79974097,0.726331,0
1.0,0.803644,0.7340898,0
1.0,0.8052383,0.7410713,0
1.0,0.8025789,0.75777495,0
1.0,0.796519,0.74255043,0
1.0,0.8009811,0.73147887,0
1.0,0.8063738,0.73131526,0
1.0,0.80938107,0.71481884,0
1.0,0.8062139,0.6986737,0
1.0,0.8270985,0.72737837,0
1.0,0.8342716,0.7177763,0
1.0,0.8498416,0.7327974,0
1.0,0.84124607,0.7103498,0
1.0,0.8624838,0.7507166,0
1.0,0.8667897,0.78978765,0
1.0,0.8725178,0.80618846,0
1.0,0.8779225,0.8166337,0
1.0,0.897967,0.84730625,0
1.0,0.90497285,0.8588467,0
1.0,0.89582705,0.86271954,0
1.0,0.891042,0.8751767,0
1.0,0.8949016,0.8879498,0
1.0,0.90138334,0.90095186,0
1.0,0.8938523,0.90148723,0
1.0,0.8797846,0.90162206,0
1.0,0.8816714,0.90895694,0
1.0,0.8870495,0.886248,0
1.0,0.8826485,0.8570565,0
1.0,0.8659695,0.8340527,0
1.0,0.87325317,0.84919703,0
1.0,0.8777721,0.84982646,0
1.0,0.87252593,0.82364625,0
1.0,0.8510174,0.7555189,0
1.0,0.85201496,0.765561,0
1.0,0.8516029,0.7710578,0
1.0,0.8365406,0.7420484,0
1.0,0.8224411,0.724205,0
1.0,0.81349796,0.70246494,0
1.0,0.80262715,0.7023686,0
1.0,0.7789008,0.6880164,0
1.0,0.7539675,0.6577723,0
1.0,0.7407813,0.64734334,0
1.0,0.7270619,0.6241207,0
1.0,0.71955746,0.5984707,0
1.0,0.71980613,0.60308796,0
1.0,0.70629513,0.5882048,0
1.0,0.7072125,0.5631865,0
1.0,0.7026537,0.5375266,0
1.0,0.71079224,0.5413664,0
1.0,0.71062225,0.5342307,0
1.0,0.7093326,0.53098994,0
1.0,0.70150566,0.50850445,0
1.0,0.7023311,0.49070653,0
1.0,0.7001027,0.49691957,0
1.0,0.70257264,0.5161302,0
1.0,0.69747794,0.49962676,0
1.0,0.7088391,0.49898,0
1.0,0.71386486,0.5135604,0
1.0,0.73804986,0.5670285,0
1.0,0.73381877,0.5676217,0
1.0,0.74619234,0.583953,0
1.0,0.7603873,0.607151,0
1.0,0.77131337,0.62758416,0
1.0,0.754351,0.6026554,0
1.0,0.7699784,0.63724846,0
1.0,0.77064884,0.6252404,0
1.0,0.78245723,0.6339086,0
1.0,0.7568145,0.5958741,0
1.0,0.77498955,0.5970068,0
1.0,0.78800976,0.60137135,0
1.0,0.8157423,0.6231662,0
1.0,0.79716915,0.5664407,0
1.0,0.8073534,0.58177257,0
1.0,0.8094816,0.6050582,0
1.0,0.817381,0.6198362,0
1.0,0.7939156,0.5929339,0
1.0,0.8366239,0.661328,0
1.0,0.8398488,0.6530119,0
1.0,0.85438323,0.685338,0
1.0,0.830513,0.6516347,0
1.0,0.86364305,0.70763105,0
1.0,0.8570546,0.715204,0
1.0,0.8536703,0.7056209,0
1.0,0.8229333,0.67223376,0
1.0,0.8692966,0.7702323,0
1.0,0.84145266,0.69388914,0
1.0,0.85822386,0.6963906,0
1.0,0.83678615,0.6546705,0
1.0,0.8795466,0.7102849,0
1.0,0.8608243,0.6800809,0
1.0,0.86722565,0.663041,0
1.0,0.8460536,0.61341727,0
1.0,0.8768113,0.6812999,0
1.0,0.8406374,0.6317013,0
1.0,0.84950554,0.6553588,0
1.0,0.8391302,0.6586101,0
1.0,0.8825593,0.7201908,0
1.0,0.84365654,0.673888,0
1.0,0.86724013,0.7317234,0
1.0,0.8487769,0.7182253,0
1.0,0.86404717,0.76602316,0
1.0,0.8204563,0.6933795,0
1.0,0.8325813,0.7240846,0
1.0,0.827907,0.7531482,0
1.0,0.84264994,0.79970074,0
1.0,0.826684,0.7576256,0
1.0,0.8492576,0.7781552,0
1.0,0.8680685,0.7884744,0
1.0,0.86145353,0.7798019,0
1.0,0.8636585,0.7930138,0
1.0,0.87241346,0.7828837,0
1.0,0.8762951,0.7815707,0
1.0,0.8644271,0.7669447,0
1.0,0.8554327,0.7435111,0
1.0,0.86245656,0.7649972,0
1.0,0.86950004,0.7867709,0
1.0,0.86481637,0.76941013,0
1.0,0.86962616,0.78744066,0
1.0,0.87195283,0.82216704,0
1.0,0.8717626,0.8644599,0
1.0,0.8598651,0.8606669,0
1.0,0.8711364,0.883525,0
1.0,0.862617,0.90410745,0
1.0,0.8711539,0.9288263,0
1.0,0.8642512,0.9127141,0
1.0,0.874466,0.9690079,0
1.0,0.8694149,0.9410794,0
1.0,0.87474084,0.9255198,0
1.0,0.86695033,0.9147079,0
1.0,0.86901796,0.9004642,0
1.0,0.86749625,0.8844086,0
1.0,0.8648318,0.8712113,0
1.0,0.8592211,0.84788024,0
1.0,0.8518816,0.8452148,0
1.0,0.84757084,0.8630981,0
1.0,0.84274155,0.8469644,0
1.0,0.841603,0.82434475,0
1.0,0.845657,0.8397641,0
1.0,0.85098994,0.8771379,0
1.0,0.84260905,0.895313,0
1.0,0.842942,0.92137337,0
1.0,0.8384433,0.9262169,0
1.0,0.84265983,0.94486666,0
1.0,0.83607394,0.94714713,0
1.0,0.8399887,0.9741574,0
1.0,0.8360011,0.96854675,0
1.0,0.8430506,0.9745188,0
1.0,0.8385829,0.95773447,0
1.0,0.8358848,0.94534785,0
1.0,0.8352869,0.9367403,0
1.0,0.8387312,0.9253513,0
1.0,0.8372025,0.8911437,0
1.0,0.8327469,0.8713052,0
1.0,0.8261619,0.8615947,0
1.0,0.8298718,0.8533169,0
1.0,0.8224329,0.8476679,0
1.0,0.8217668,0.87922037,0
1.0,0.82259554,0.8722803,0
1.0,0.8273164,0.8879936,0
1.0,0.8274757,0.9259134,0
1.0,0.81857115,0.93107677,0
1.0,0.8163074,0.94169366,0
1.0,0.82157457,0.9807048,0
1.0,0.8249341,0.99170184,0
1.0,0.82029164,0.9974255,0
1.0,0.8178908,1.0120314,0
1.0,0.816341,0.97866595,0
1.0,0.81840605,0.9784589,0
1.0,0.80863,0.9815346,0
1.0,0.80338424,0.9544738,0
1.0,0.8049609,0.9479103,0
1.0,0.8110041,0.9462151,0
1.0,0.8050049,0.9118414,0
1.0,0.8049463,0.91979396,0
1.0,0.8061824,0.91976714,0
1.0,0.7994036,0.9091779,0
1.0,0.7907785,0.90543485,0
1.0,0.7940243,0.9222126,0
1.0,0.7954785,0.9608365,0
1.0,0.7921148,0.97223866,0
1.0,0.78209466,0.955447,0
1.0,0.7883319,0.9908552,0
1.0,0.7843579,1.0158641,0
1.0,0.78342336,1.0390911,0
1.0,0.78876907,1.082817,0
1.0,0.7932293,1.1081557,0
1.0,0.7971811,1.1158969,0
1.0,0.789352,1.1143613,0
1.0,0.7894172,1.1201468,0
1.0,0.7929169,1.1050044,0
1.0,0.8030468,1.1189573,0
1.0,0.800988,1.0972416,0
1.0,0.8027299,1.0919254,0
1.0,0.8059065,1.1235458,0
1.0,0.8250004,1.1759791,0
1.0,0.8138371,1.1822029,0
1.0,0.8287699,1.2118801,0
1.0,0.82110924,1.1740844,0
1.0,0.8348546,1.2689395,0
1.0,0.8307871,1.2941129,0
1.0,0.85018414,1.3303478,0
1.0,0.85223395,1.3725345,0
1.0,0.86438775,1.4109519,0
1.0,0.8589181,1.4399738,0
1.0,0.8717745,1.5328207,0
1.0,0.8566829,1.4751811,0
1.0,0.8756676,1.5375763,0
1.0,0.86448205,1.5369682,0
1.0,0.87062865,1.5398154,0
1.0,0.86071336,1.5344033,0
1.0,0.8747662,1.5564499,0
1.0,0.8684459,1.5210155,0
1.0,0.8757719,1.5634701,0
1.0,0.8645146,1.5805236,0
1.0,0.87572366,1.6219624,0
1.0,0.8689447,1.5930381,0
1.0,0.8795253,1.6175327,0
1.0,0.8744355,1.609945,0
1.0,0.8733859,1.6311927,0
1.0,0.87154424,1.6645601,0
1.0,0.87763,1.6925486,0
1.0,0.8752639,1.7125192,0
1.0,0.8759665,1.7581635,0
1.0,0.87226975,1.8063504,0
1.0,0.8729179,1.8365259,0
1.0,0.85948473,1.804626,0
1.0,0.8677881,1.8399134,0
1.0,0.85942715,1.7835022,0
1.0,0.86192894,1.8047913,0
1.0,0.8599411,1.8534303,0
1.0,0.8632779,1.8126976,0
1.0,0.8588614,1.77143,0
1.0,0.8594791,1.7862127,0
1.0,0.8535592,1.7683483,0
1.0,0.85783774,1.8217524,0
1.0,0.8560102,1.8162198,0
1.0,0.8596751,1.7767158,0
1.0,0.86053556,1.7937888,0
1.0,0.8627668,1.823915,0
1.0,0.8569634,1.8340182,0
1.0,0.86370116,1.8763592,0
1.0,0.8621598,1.8724761,0
1.0,0.866628,1.8893118,0
1.0,0.8581763,1.8724979,0
1.0,0.8549174,1.8910711,0
1.0,0.85701287,1.893518,0
1.0,0.86374986,1.8887873,0
1.0,0.8598024,1.8797641,0
1.0,0.8601331,1.8624781,0
1.0,0.856037,1.8495097,0
1.0,0.8592603,1.8658926,0
1.0,0.85803795,1.8349161,0
1.0,0.85954386,1.8025113,0
1.0,0.8576707,1.7760066,0
1.0,0.85646826,1.7703905,0
1.0,0.8558537,1.7526278,0
1.0,0.8557513,1.7517003,0
1.0,0.8604035,1.7673912,0
1.0,0.8583804,1.7685266,0
1.0,0.8563441,1.8109281,0
1.0,0.8587088,1.8292972,0
1.0,0.8597214,1.8378391,0
1.0,0.8635237,1.8885252,0
1.0,0.86366475,1.8945551,0
1.0,0.85682315,1.8822434,0
1.0,0.85623974,1.8924391,0
1.0,0.8579301,1.8675215,0
1.0,0.85794127,1.8484828,0
1.0,0.8533891,1.8338804,0
1.0,0.85259855,1.8152326,0
1.0,0.8479766,1.7837144,0
1.0,0.84351456,1.744628,0
1.0,0.8371104,1.695034,0
1.0,0.8390893,1.6884574,0
1.0,0.83677447,1.7106642,0
1.0,0.82824475,1.7087908,0
1.0,0.8205888,1.669706,0
1.0,0.8251385,1.6670022,0
1.0,0.8259188,1.6837006,0
1.0,0.82314354,1.7124158,0
1.0,0.82236594,1.7576537,0
1.0,0.8258564,1.7637633,0
1.0,0.8255437,1.736617,0
1.0,0.82308733,1.7499468,0
1.0,0.82275045,1.7608552,0
1.0,0.83004934,1.7730246,0
1.0,0.8308593,1.7656779,0
1.0,0.82219684,1.722724,0
1.0,0.8227338,1.7130127,0
1.0,0.8277838,1.7242045,0
1.0,0.8230726,1.68193,0
1.0,0.8186402,1.6231693,0
1.0,0.81943727,1.6276575,0
1.0,0.8219897,1.6276348,0
1.0,0.82254463,1.6018778,0
1.0,0.8245344,1.6416574,0
1.0,0.82934713,1.6813743,0
1.0,0.8316024,1.6847568,0
1.0,0.83390814,1.7040195,0
1.0,0.83488876,1.7259346,0
1.0,0.83895,1.7701077,0
1.0,0.843702,1.808706,0
1.0,0.84736025,1.8341076,0
1.0,0.8420853,1.8374903,0
1.0,0.8431195,1.8710916,0
1.0,0.8441076,1.9099295,0
1.0,0.8482812,1.9108375,0
1.0,0.8439615,1.8762246,0
1.0,0.849596,1.8782375,0
1.0,0.8486668,1.8643265,0
1.0,0.844491,1.8335487,0
1.0,0.8524939,1.8118324,0
1.0,0.8491428,1.7624577,0
1.0,0.849174,1.7658062,0
1.0,0.8492331,1.7803628,0
1.0,0.8497365,1.7839932,0
1.0,0.84906965,1.8137784,0
1.0,0.84839654,1.8520851,0
1.0,0.8527946,1.8880931,0
1.0,0.850407,1.8931129,0
1.0,0.8479042,1.8977444,0
1.0,0.8534132,1.9284093,0
1.0,0.85780823,1.9501972,0
1.0,0.85735077,1.9732625,0
1.0,0.84984523,1.9554241,0
1.0,0.84995526,1.9351774,0
1.0,0.84988,1.9290569,0
1.0,0.85032594,1.8906183,0
1.0,0.8431142,1.8246175,0
1.0,0.8411642,1.8007286,0
1.0,0.84151536,1.7980607,0
1.0,0.8445897,1.808027,0
1.0,0.833601,1.7719537,0
1.0,0.8340317,1.7871169,0
1.0,0.83795345,1.7973684,0
1.0,0.83061206,1.7647736,0
1.0,0.82414246,1.741325,0
1.0,0.826343,1.7274894,0
1.0,0.8382901,1.7639271,0
1.0,0.83472466,1.7583106,0
1.0,0.8286633,1.7590892,0
1.0,0.8328723,1.8004501,0
1.0,0.8397344,1.8193979,0
1.0,0.8360729,1.8514884,0
1.0,0.83047736,1.860216,0
1.0,0.8268959,1.829597,0
1.0,0.8317652,1.8568227,0
1.0,0.8216186,1.8133024,0
1.0,0.82062984,1.7698061,0
1.0,0.81989646,1.7432507,0
1.0,0.8243064,1.7217972,0
1.0,0.8190603,1.6957808,0
1.0,0.8154573,1.6659076,0
1.0,0.81472504,1.6402242,0
1.0,0.8203606,1.6477351,0
1.0,0.8100401,1.595228,0
1.0,0.8065306,1.5784844,0
1.0,0.802938,1.5885848,0
1.0,0.80695736,1.6154948,0
1.0,0.80579764,1.6476121,0
1.0,0.801496,1.6706575,0
1.0,0.79809934,1.6887307,0
1.0,0.7986488,1.7030789,0
1.0,0.79832315,1.6946859,0
1.0,0.7995905,1.685293,0
1.0,0.8006249,1.6686851,0
1.0,0.7989292,1.6633048,0
1.0,0.7974234,1.6499491,0
1.0,0.7964335,1.6186142,0
1.0,0.7963041,1.5889938,0
1.0,0.79112023,1.5468338,0
1.0,0.7929224,1.5623852,0
1.0,0.7999286,1.5805055,0
1.0,0.7916446,1.5193863,0
1.0,0.7982401,1.5318403,0
1.0,0.7922772,1.5098931,0
1.0,0.80173117,1.5482509,0
1.0,0.8005096,1.589379,0
1.0,0.81203645,1.617692,0
1.0,0.815176,1.6237888,0
1.0,0.82470614,1.6448379,0
1.0,0.8274713,1.6558132,0
1.0,0.83472866,1.7034262,0
1.0,0.8377284,1.6913593,0
1.0,0.8395973,1.66699,0
1.0,0.8420532,1.6520385,0
1.0,0.8452749,1.6432524,0
1.0,0.84383154,1.6440048,0
1.0,0.8510523,1.6499915,0
1.0,0.84406275,1.6104239,0
1.0,0.85429037,1.6241461,0
1.0,0.8434712,1.5639006,0
1.0,0.8477197,1.5385594,0
1.0,0.8309476,1.4861398,0
1.0,0.84449756,1.5056857,0
1.0,0.83461636,1.4605182,0
1.0,0.83221656,1.4637804,0
1.0,0.8210723,1.4283421,0
1.0,0.8326017,1.4162474,0
1.0,0.8311352,1.3998209,0
1.0,0.8344116,1.4120698,0
1.0,0.8175138,1.3905053,0
1.0,0.8352773,1.4433829,0
1.0,0.818294,1.3981501,0
1.0,0.8306618,1.4287405,0
1.0,0.80375296,1.3610363,0
1.0,0.8236692,1.3992934,0
1.0,0.7940543,1.2955317,0
1.0,0.81115764,1.2932285,0
1.0,0.77981985,1.1973482,0
1.0,0.80094665,1.1999679,0
1.0,0.772571,1.1286823,0
1.0,0.78240204,1.1578226,0
1.0,0.75703424,1.0799214,0
1.0,0.7699926,1.0886478,0
1.0,0.75705004,1.0859479,0
1.0,0.76991343,1.1523722,0
1.0,0.76545954,1.1729395,0
1.0,0.77980393,1.2031186,0
1.0,0.7749449,1.1757209,0
1.0,0.7956835,1.2058907,0
1.0,0.78861815,1.1974987,0
1.0,0.8145122,1.2653458,0
1.0,0.8046943,1.2539754,0
1.0,0.82793057,1.2953583,0
1.0,0.8247962,1.2575129,0
1.0,0.8271052,1.2744353,0
1.0,0.8174143,1.2662538,0
1.0,0.82628185,1.2771506,0
1.0,0.83508056,1.3149307,0
1.0,0.838459,1.324308,0
1.0,0.8383289,1.3069463,0
1.0,0.8516783,1.3286457,0
1.0,0.8568196,1.3347733,0
1.0,0.8739687,1.3742505,0
1.0,0.8730398,1.3703752,0
1.0,0.88586,1.3788161,0
1.0,0.88978505,1.3996179,0
1.0,0.89461607,1.4555423,0
1.0,0.8874489,1.4478146,0
1.0,0.8965321,1.4535917,0
1.0,0.8962323,1.47352,0
1.0,0.89943707,1.5010473,0
1.0,0.8877983,1.4490657,0
1.0,0.90105003,1.4847553,0
1.0,0.9028548,1.4968956,0
1.0,0.89779925,1.4588315,0
1.0,0.8863015,1.425794,0
1.0,0.88360274,1.4142631,0
1.0,0.886714,1.3908763,0
1.0,0.883065,1.3511479,0
1.0,0.88704866,1.3521197,0
1.0,0.89704716,1.3898449,0
1.0,0.9007032,1.3728015,0
1.0,0.905655,1.3708346,0
1.0,0.90490013,1.3469896,0
1.0,0.91050875,1.3377734,0
1.0,0.90545994,1.3384253,0
1.0,0.8932088,1.3034235,0
1.0,0.8905131,1.2659159,0
1.0,0.89861,1.2680027,0
1.0,0.8916739,1.2345002,0
1.0,0.88870764,1.2309523,0
1.0,0.8930639,1.2797909,0
1.0,0.8963092,1.3132823,0
1.0,0.8956617,1.287185,0
1.0,0.8904831,1.2672567,0
1.0,0.8928958,1.2661852,0
1.0,0.8846263,1.2140667,0
1.0,0.8918614,1.1956584,0
1.0,0.8985996,1.1545242,0
1.0,0.9080875,1.1481764,0
1.0,0.9093352,1.1596161,0
1.0,0.910248,1.1471372,0
1.0,0.9161438,1.1554062,0
1.0,0.91553074,1.1627018,0
1.0,0.9025488,1.1317171,0
1.0,0.8986322,1.1267817,0
1.0,0.8981322,1.1297946,0
1.0,0.89246565,1.1092848,0
1.0,0.87481105,1.0555503,0
1.0,0.8752719,1.0622265,0
1.0,0.8819111,1.1041474,0
1.0,0.8794213,1.1192007,0
1.0,0.85473883,1.0565658,0
1.0,0.85682607,1.0515947,0
1.0,0.8577011,1.0456734,0
1.0,0.8464489,1.0449017,0
1.0,0.83056265,1.046761,0
1.0,0.8324101,1.0437073,0
1.0,0.8510967,1.0307577,0
1.0,0.86010367,1.0333626,0
1.0,0.85783505,1.0398972,0
1.0,0.85530233,1.0296648,0
1.0,0.8686494,1.0468793,0
1.0,0.86819494,1.0155966,0
1.0,0.8615264,0.98490775,0
1.0,0.855649,0.99314046,0
1.0,0.8568526,0.9903988,0
1.0,0.8370647,0.9810064,0
1.0,0.8399535,1.0301654,0
1.0,0.831882,1.0186743,0
1.0,0.8340919,1.037859,0
1.0,0.83655477,1.0787497,0
1.0,0.84461796,1.1166931,0
1.0,0.86157787,1.1250708,0
1.0,0.8617374,1.1010314,0
1.0,0.8729249,1.1239512,0
1.0,0.8751685,1.1075097,0
1.0,0.881511,1.104154,0
1.0,0.88828224,1.098583,0
1.0,0.8943577,1.0819709,0
1.0,0.89575523,1.0889205,0
1.0,0.9006937,1.1041592,0
1.0,0.8994817,1.1093528,0
1.0,0.8969427,1.1147034,0
1.0,0.8912026,1.1221757,0
1.0,0.89482343,1.1689603,0
1.0,0.8893963,1.1794682,0
1.0,0.88343465,1.1582649,0
1.0,0.8729184,1.129359,0
1.0,0.87020975,1.1253253,0
1.0,0.865979,1.1332185,0
1.0,0.8720939,1.1797059,0
1.0,0.8642534,1.1585568,0
1.0,0.86012393,1.1367776,0
1.0,0.860231,1.144574,0
1.0,0.8606581,1.1473007,0
1.0,0.8506442,1.11864,0
1.0,0.82961196,1.0515078,0
1.0,0.8337532,1.0424762,0
1.0,0.8265088,0.9875102,0
1.0,0.81531703,0.937919,0
1.0,0.79779553,0.9185947,0
1.0,0.78888655,0.8967985,0
1.0,0.78335786,0.87026954,0
1.0,0.7761826,0.8483611,0
1.0,0.75723344,0.8247645,0
1.0,0.7592484,0.84321123,0
1.0,0.7484812,0.828665,0
1.0,0.7463623,0.8396209,0
1.0,0.71348727,0.7972225,0
1.0,0.71238035,0.81421995,0
1.0,0.7035085,0.8187437,0
1.0,0.7081028,0.828873,0
1.0,0.6943346,0.79669803,0
1.0,0.6963746,0.7915468,0
1.0,0.69445324,0.7693285,0
1.0,0.68994737,0.7409789,0
1.0,0.6846194,0.7174792,0
1.0,0.6836692,0.685364,0
1.0,0.6781334,0.66716135,0
1.0,0.68811035,0.68836397,0
1.0,0.67733026,0.6691451,0
1.0,0.6829972,0.6910826,0
1.0,0.67577845,0.68015635,0
1.0,0.690945,0.7108741,0
1.0,0.68379265,0.7134985,0
1.0,0.6912499,0.75469553,0
1.0,0.6914467,0.8096463,0
1.0,0.6995212,0.8492845,0
1.0,0.6975989,0.88209915,0
1.0,0.7077985,0.9450072,0
1.0,0.7122923,0.97997665,0
1.0,0.7260965,1.0237424,0
1.0,0.7268995,1.0220358,0
1.0,0.73841363,1.0574317,0
1.0,0.7401132,1.0580794,0
1.0,0.74837387,1.0591127,0
1.0,0.7523836,1.0932963,0
1.0,0.75839204,1.111554,0
1.0,0.7600416,1.1185949,0
1.0,0.7670203,1.1596558,0
1.0,0.7672111,1.1887964,0
1.0,0.77189445,1.2384696,0
1.0,0.78598964,1.2658617,0
1.0,0.7871924,1.252074,0
1.0,0.7974209,1.291516,0
1.0,0.8003629,1.3379523,0
1.0,0.8239771,1.4547904,0
1.0,0.8344736,1.5070946,0
1.0,0.842153,1.5304675,0
1.0,0.8488616,1.5780756,0
1.0,0.8590288,1.6361829,0
1.0,0.8554034,1.6571109,0
1.0,0.8642997,1.6897117,0
1.0,0.8619758,1.7014722,0
1.0,0.8684361,1.7450473,0
1.0,0.86033124,1.7043986,0
1.0,0.8636901,1.7220049,0
1.0,0.8588188,1.7049276,0
1.0,0.8667831,1.6653945,0
1.0,0.8606714,1.6480188,0
1.0,0.85921484,1.6571696,0
1.0,0.86059153,1.6719077,0
1.0,0.8723276,1.7353557,0
1.0,0.8717036,1.7566698,0
1.0,0.8782835,1.7990229,0
1.0,0.8775827,1.7990506,0
1.0,0.8848694,1.8596685,0
1.0,0.8855429,1.9153438,0
1.0,0.8893711,1.897368,0
1.0,0.8837839,1.8880134,0
1.0,0.8825435,1.9174423,0
1.0,0.87350076,1.9179671,0
1.0,0.8782516,1.942647,0
1.0,0.8759561,1.8926873,0
1.0,0.8863178,1.9086006,0
1.0,0.8916498,1.9410391,0
1.0,0.8912697,1.9649317,0
1.0,0.8997863,2.0081248,0
1.0,0.91178817,1.9994762,0
1.0,0.92023706,1.9960917,0
1.0,0.9213594,2.0122883,0
1.0,0.9246797,2.0308459,0
1.0,0.9260805,2.0618782,0
1.0,0.9394259,2.1229548,0
1.0,0.93835723,2.100923,0
1.0,0.942405,2.1099837,0
1.0,0.94023293,2.142908,0
1.0,0.9459822,2.189477,0
1.0,0.94803596,2.1880429,0
1.0,0.95031184,2.171059,0
1.0,0.94655883,2.1957178,0
1.0,0.94993544,2.19629,0
1.0,0.94402575,2.1407394,0
1.0,0.949223,2.1647947,0
1.0,0.9425877,2.09556,0
1.0,0.94678766,2.0875344,0
1.0,0.9382326,2.0849545,0
1.0,0.94067705,2.085916,0
1.0,0.9290497,2.0277076,0
1.0,0.93444866,1.9916921,0
1.0,0.9235472,1.9424691,0
1.0,0.92235434,1.9818882,0
1.0,0.90391266,1.9680691,0
1.0,0.91475093,1.952989,0
1.0,0.9075498,1.9132942,0
1.0,0.91779786,1.9890254,0
1.0,0.9054986,1.9831624,0
1.0,0.9087719,2.0028238,0
1.0,0.9005105,2.0026164,0
1.0,0.91035086,2.014063,0
1.0,0.8965403,1.9655784,0
1.0,0.9027427,2.027217,0
1.0,0.88819844,2.0303411,0
1.0,0.8989934,2.0698688,0
1.0,0.89288783,2.0316772,0
1.0,0.90319115,2.0123608,0
1.0,0.89779437,2.0101657,0
1.0,0.90395224,2.030848,0
1.0,0.89784425,1.9727427,0
1.0,0.91040874,2.0024369,0
1.0,0.9053587,1.9810079,0
1.0,0.9157784,2.022098,0
1.0,0.9095968,2.014363,0
1.0,0.91853356,2.076712,0
1.0,0.9157916,2.1368837,0
1.0,0.9276222,2.1573088,0
1.0,0.92435026,2.1513782,0
1.0,0.92851895,2.181366,0
1.0,0.9208362,2.1493664,0
1.0,0.92161775,2.1931462,0
1.0,0.92735124,2.276227,0
1.0,0.92610234,2.3026497,0
1.0,0.9240721,2.311904,0
1.0,0.921834,2.2813916,0
1.0,0.92866904,2.2721312,0
1.0,0.9278091,2.2639775,0
1.0,0.93298745,2.2556689,0
1.0,0.92715764,2.2261508,0
1.0,0.9283539,2.2206285,0
1.0,0.9209836,2.201578,0
1.0,0.92408437,2.230558,0
1.0,0.91334915,2.1733713,0
1.0,0.92311734,2.2058158,0
1.0,0.9124271,2.2005901,0
1.0,0.92138076,2.2322216,0
1.0,0.9142593,2.2390952,0
1.0,0.93658996,2.3331335,0
1.0,0.9316386,2.3215184,0
1.0,0.93820864,2.3582363,0
1.0,0.9282569,2.4085188,0
1.0,0.94268215,2.4944754,0
1.0,0.9400023,2.4819353,0
1.0,0.9461925,2.5170739,0
1.0,0.9416836,2.5126858,0
1.0,0.94769454,2.5152745,0
1.0,0.942681,2.4940364,0
1.0,0.94895536,2.5115092,0
1.0,0.944193,2.4725432,0
1.0,0.9517523,2.4846768,0
1.0,0.9471658,2.4742837,0
1.0,0.94597036,2.4843092,0
1.0,0.9397484,2.4676456,0
1.0,0.9533876,2.4632237,0
1.0,0.95169705,2.4328606,0
1.0,0.95265734,2.4572473,0
1.0,0.94977826,2.484964,0
1.0,0.9563503,2.4952245,0
1.0,0.9562325,2.4743283,0
1.0,0.9562808,2.4800684,0
1.0,0.95118487,2.4813752,0
1.0,0.95310014,2.533091,0
1.0,0.9526425,2.5585527,0
1.0,0.9548139,2.5078368,0
1.0,0.95172536,2.492938,0
1.0,0.95259005,2.5114412,0
1.0,0.9469666,2.4669845,0
1.0,0.9459405,2.420545,0
1.0,0.9430325,2.3533077,0
1.0,0.9415414,2.29502,0
1.0,0.9375493,2.275801,0
1.0,0.9318088,2.2780943,0
1.0,0.9269852,2.2335205,0
1.0,0.92776746,2.1825614,0
1.0,0.9286382,2.172959,0
1.0,0.92816854,2.1819842,0
1.0,0.9278872,2.2057996,0
1.0,0.9188632,2.211402,0
1.0,0.9263804,2.2277026,0
1.0,0.92438334,2.1796045,0
1.0,0.9269772,2.2021909,0
1.0,0.9199923,2.2360878,0
1.0,0.9230601,2.27856,0
1.0,0.9215469,2.2499952,0
1.0,0.9259222,2.2167912,0
1.0,0.9199693,2.1796002,0
1.0,0.92154634,2.1946952,0
1.0,0.9133621,2.1956744,0
1.0,0.92351186,2.2133164,0
1.0,0.91300076,2.1732063,0
1.0,0.92348385,2.2197022,0
1.0,0.9153689,2.187131,0
1.0,0.9163711,2.1833422,0
1.0,0.90975374,2.1832328,0
1.0,0.9250024,2.1852636,0
1.0,0.92431176,2.1483119,0
1.0,0.93013275,2.2054675,0
1.0,0.92376626,2.2515965,0
1.0,0.93687433,2.3031662,0
1.0,0.9381915,2.283423,0
1.0,0.94522125,2.294413,0
1.0,0.9384448,2.2916803,0
1.0,0.9419654,2.3368893,0
1.0,0.9394936,2.3277297,0
1.0,0.94727445,2.3010085,0
1.0,0.94128895,2.2792687,0
1.0,0.9454746,2.3064651,0
1.0,0.9424546,2.3001688,0
1.0,0.9436046,2.2862487,0
1.0,0.93506455,2.196238,0
1.0,0.94012064,2.169105,0
1.0,0.9381184,2.1636183,0
1.0,0.9321681,2.134333,0
1.0,0.9303105,2.1088924,0
1.0,0.9332555,2.0732884,0
1.0,0.9374525,2.0731711,0
1.0,0.9325471,2.1030853,0
1.0,0.9303665,2.1740396,0
1.0,0.92888635,2.2036757,0
1.0,0.93455505,2.1703916,0
1.0,0.9324506,2.107097,0
1.0,0.93412817,2.0951724,0
1.0,0.93380153,2.1029758,0
1.0,0.9356146,2.1239605,0
1.0,0.93285435,2.0879798,0
1.0,0.93100137,2.0016303,0
1.0,0.9265523,1.9647357,0
1.0,0.92655903,1.9951398,0
1.0,0.9076335,1.9219291,0
1.0,0.91031843,1.842233,0
1.0,0.9117826,1.7889857,0
1.0,0.9188048,1.7996817,0
1.0,0.9138425,1.8099682,0
1.0,0.9188534,1.8309404,0
1.0,0.9173136,1.797385,0
1.0,0.9250301,1.7811439,0
1.0,0.91605264,1.7538527,0
1.0,0.91387516,1.7621181,0
1.0,0.9054992,1.7503159,0
1.0,0.9148903,1.7877716,0
1.0,0.90858614,1.7478554,0
1.0,0.9115305,1.7536354,0
1.0,0.9076419,1.7721405,0
1.0,0.91199553,1.776437,0
1.0,0.90613794,1.7398438,0
1.0,0.9083554,1.7059233,0
1.0,0.8987865,1.6553314,0
1.0,0.89931613,1.667625,0
1.0,0.87882334,1.5799701,0
1.0,0.87697834,1.4936445,0
1.0,0.86837703,1.418877,0
1.0,0.87760055,1.4229231,0
1.0,0.8689588,1.4240944,0
1.0,0.870277,1.4337862,0
1.0,0.8573533,1.4064398,0
1.0,0.87149125,1.4491569,0
1.0,0.8644465,1.412717,0
1.0,0.86454195,1.4295161,0
1.0,0.8533524,1.4515855,0
1.0,0.8569371,1.4603972,0
1.0,0.8591872,1.4371011,0
1.0,0.8564777,1.4315636,0
1.0,0.8504467,1.4336866,0
1.0,0.84950674,1.455446,0
1.0,0.85545206,1.466857,0
1.0,0.8509735,1.3963381,0
1.0,0.85799193,1.3859344,0
1.0,0.8605571,1.4230161,0
1.0,0.86190283,1.406814,0
1.0,0.8578326,1.3681235,0
1.0,0.8692882,1.3538488,0
1.0,0.87001204,1.2908635,0
1.0,0.87537956,1.3067006,0
1.0,0.8728387,1.3411587,0
1.0,0.88149166,1.363855,0
1.0,0.8833938,1.3560481,0
1.0,0.8935171,1.3719445,0
1.0,0.88973844,1.3854713,0
1.0,0.89708763,1.4381295,0
1.0,0.88374573,1.4068372,0
1.0,0.8961758,1.4246385,0
1.0,0.8889428,1.3951855,0
1.0,0.89076144,1.4206378,0
1.0,0.8823316,1.4404452,0
1.0,0.88974327,1.4455624,0
1.0,0.8865985,1.418123,0
1.0,0.8924146,1.4030434,0
1.0,0.88308054,1.3467087,0
1.0,0.8845391,1.3492527,0
1.0,0.8782951,1.3260162,0
1.0,0.8731155,1.2862285,0
1.0,0.8620076,1.2496862,0
1.0,0.86232334,1.2569189,0
1.0,0.84077644,1.2213546,0
1.0,0.827567,1.2046483,0
1.0,0.816335,1.1670312,0
1.0,0.81993496,1.1571016,0
1.0,0.8030049,1.1575243,0
1.0,0.79635656,1.1725599,0
1.0,0.7777262,1.1106739,0
1.0,0.77621204,1.114531,0
1.0,0.7614346,1.0885468,0
1.0,0.7450324,1.062833,0
1.0,0.7402697,1.0757492,0
1.0,0.7323008,1.051691,0
1.0,0.72486705,1.0037447,0
1.0,0.71307784,0.97081316,0
1.0,0.71329695,0.96948636,0
1.0,0.705559,0.9450567,0
1.0,0.69736344,0.91632366,0
1.0,0.6942236,0.8878882,0
1.0,0.69262105,0.8746022,0
1.0,0.70416373,0.9132009,0
1.0,0.69387156,0.90556705,0
1.0,0.70281917,0.9255376,0
1.0,0.6917226,0.8980117,0
1.0,0.7074583,0.92650145,0
1.0,0.69544774,0.91277593,0
1.0,0.70810694,0.9461148,0
1.0,0.69530183,0.940638,0
1.0,0.7105644,0.98034483,0
1.0,0.6942731,0.950531,0
1.0,0.70806336,0.98334754,0
1.0,0.6932937,0.940716,0
1.0,0.7038661,0.958326,0
1.0,0.6888571,0.93225133,0
1.0,0.7005583,0.9379211,0
1.0,0.68840116,0.91558194,0
1.0,0.70146483,0.9387111,0
1.0,0.68440515,0.893222,0
1.0,0.6998719,0.9125203,0
1.0,0.6843486,0.8736391,0
1.0,0.6962399,0.9083396,0
1.0,0.6817058,0.8955393,0
1.0,0.6898847,0.90628815,0
1.0,0.68807137,0.89787054,0
1.0,0.69231045,0.9139719,0
1.0,0.68654954,0.9301456,0
1.0,0.7049645,0.97744256,0
1.0,0.70792294,0.9812362,0
1.0,0.719717,1.0312543,0
1.0,0.7132865,1.0453289,0
1.0,0.72733164,1.069213,0
1.0,0.7272407,1.0599802,0
1.0,0.7371711,1.0730765,0
1.0,0.739984,1.0706513,0
1.0,0.7437913,1.0590651,0
1.0,0.75007933,1.0539101,0
1.0,0.75834626,1.0570186,0
1.0,0.7575491,1.0472025,0
1.0,0.76081586,1.0503563,0
1.0,0.75436395,1.0192676,0
1.0,0.7602124,1.0399964,0
1.0,0.7646422,1.0822384,0
1.0,0.76522136,1.0968277,0
1.0,0.7701106,1.1132767,0
1.0,0.7752474,1.1488543,0
1.0,0.7812643,1.2033725,0
1.0,0.79145783,1.2299845,0
1.0,0.7922063,1.2330004,0
1.0,0.7981376,1.2529612,0
1.0,0.80383754,1.2515435,0
1.0,0.80039084,1.2463431,0
1.0,0.7995845,1.2685437,0
1.0,0.8025024,1.253768,0
1.0,0.8127055,1.2399218,0
1.0,0.81118184,1.2261955,0
1.0,0.81717646,1.2312212,0
1.0,0.8154888,1.2292526,0
1.0,0.82851946,1.2673391,0
1.0,0.834805,1.2476323,0
1.0,0.8398826,1.2307,0
1.0,0.8420655,1.2407897,0
1.0,0.85182214,1.2406447,0
1.0,0.8566818,1.230899,0
1.0,0.8776384,1.292573,0
1.0,0.87687135,1.3116207,0
1.0,0.8871985,1.3873674,0
1.0,0.8952057,1.4737008,0
1.0,0.9009827,1.5247059,0
1.0,0.90266234,1.5457245,0
1.0,0.90715575,1.5506853,0
1.0,0.9109746,1.5726671,0
1.0,0.9144104,1.5878828,0
1.0,0.9135651,1.5729303,0
1.0,0.9131548,1.544992,0
1.0,0.9139544,1.4936357,0
1.0,0.91709065,1.4955401,0
1.0,0.90929526,1.4818648,0
1.0,0.90789896,1.4232843,0
1.0,0.9138355,1.4174864,0
1.0,0.9201223,1.3974303,0
1.0,0.91692203,1.3820856,0
1.0,0.9145127,1.4142773,0
1.0,0.9163398,1.423646,0
1.0,0.9239963,1.4313648,0
1.0,0.9168189,1.4035578,0
1.0,0.91451216,1.4051398,0
1.0,0.9156098,1.4402754,0
1.0,0.9099716,1.4371512,0
1.0,0.90386885,1.4046371,0
1.0,0.89768916,1.3543708,0
1.0,0.8939806,1.3768222,0
1.0,0.8918568,1.4451331,0
1.0,0.881864,1.4044026,0
1.0,0.87865824,1.3661447,0
1.0,0.8795904,1.3729349,0
1.0,0.88475704,1.3802772,0
1.0,0.87096345,1.3249122,0
1.0,0.88261366,1.2893183,0
1.0,0.8817693,1.2306598,0
1.0,0.89167327,1.2057941,0
1.0,0.8830128,1.1656005,0
1.0,0.88797057,1.2085311,0
1.0,0.8783411,1.2002072,0
1.0,0.883763,1.2260013,0
1.0,0.878462,1.2053735,0
1.0,0.8847173,1.1999972,0
1.0,0.8733873,1.2227205,0
1.0,0.8767875,1.2566061,0
1.0,0.8715739,1.214721,0
1.0,0.8847209,1.2256038,0
1.0,0.8706569,1.1972039,0
1.0,0.8803414,1.2383726,0
1.0,0.8733603,1.2207184,0
1.0,0.891027,1.230658,0
1.0,0.8794174,1.1782186,0
1.0,0.88708085,1.1761506,0
1.0,0.87688535,1.1641226,0
1.0,0.885476,1.1766008,0
1.0,0.85597956,1.0927122,0
1.0,0.8600174,1.0915811,0
1.0,0.846787,1.0566567,0
1.0,0.83862793,1.0624465,0
1.0,0.813725,1.0214304,0
1.0,0.8119959,0.98008335,0
1.0,0.81924504,0.99225354,0
1.0,0.831479,1.0274177,0
1.0,0.81888276,1.0235428,0
1.0,0.8271255,1.0369656,0
1.0,0.81538486,0.99329305,0
1.0,0.8318185,1.0230222,0
1.0,0.80902916,0.9643521,0
1.0,0.8049862,0.9785447,0
1.0,0.7971994,0.98705244,0
1.0,0.7992373,0.96573377,0
1.0,0.78423834,0.9152556,0
1.0,0.7839595,0.88718385,0
1.0,0.7744646,0.869931,0
1.0,0.77259713,0.88855803,0
1.0,0.76247394,0.8415891,0
1.0,0.76892126,0.8181826,0
1.0,0.77167046,0.8040272,0
1.0,0.77973133,0.8188637,0
1.0,0.7805644,0.856249,0
1.0,0.8008256,0.91167015,0
1.0,0.7994203,0.89388263,0
1.0,0.8208257,0.93861216,0
1.0,0.81424624,0.9678267,0
1.0,0.83591884,1.0223486,0
1.0,0.828099,1.0030288,0
1.0,0.8407645,1.0270691,0
1.0,0.8381899,1.0154482,0
1.0,0.84054077,1.0310402,0
1.0,0.838814,1.0377783,0
1.0,0.8375625,1.0040483,0
1.0,0.8391832,0.9597031,0
1.0,0.8469255,0.9404907,0
1.0,0.84716505,0.9155717,0
1.0,0.85256976,0.92465997,0
1.0,0.8543245,0.9242153,0
1.0,0.861754,0.9236381,0
1.0,0.8614668,0.9161222,0
1.0,0.8633968,0.93778825,0
1.0,0.86705536,0.97638786,0
1.0,0.8769407,0.9721974,0
1.0,0.88152957,0.9529802,0
1.0,0.8901876,0.9883021,0
1.0,0.88768214,0.9887297,0
1.0,0.88574344,0.99113095,0
1.0,0.89361966,1.0177927,0
1.0,0.8944021,0.99447,0
1.0,0.895713,0.98395383,0
1.0,0.88775253,0.96345925,0
1.0,0.8883299,0.9724025,0
1.0,0.88457185,0.9656854,0
1.0,0.87951356,0.92196083,0
1.0,0.8686256,0.86532414,0
1.0,0.8718358,0.8585954,0
1.0,0.8666276,0.8452193,0
1.0,0.8656443,0.8066906,0
1.0,0.8589728,0.76911604,0
1.0,0.8668594,0.7943553,0
1.0,0.8645963,0.7934015,0
1.0,0.8636303,0.7843965,0
1.0,0.855624,0.7586101,0
1.0,0.8583845,0.78081036,0
1.0,0.85821,0.8000561,0
1.0,0.847726,0.77928734,0
1.0,0.84599084,0.78234065,0
1.0,0.8458752,0.7853974,0
1.0,0.8458651,0.7811408,0
1.0,0.83533347,0.7594997,0
1.0,0.84702706,0.7726095,0
1.0,0.82178164,0.7310327,0
1.0,0.8280072,0.72214943,0
1.0,0.80476606,0.6479634,0
1.0,0.8071244,0.63942313,0
1.0,0.79363126,0.61139756,0
1.0,0.8165065,0.6073779,0
1.0,0.80791414,0.55611426,0
1.0,0.81932825,0.56290567,0
1.0,0.8227008,0.59876,0
1.0,0.8392284,0.61167526,0
1.0,0.83241886,0.5910783,0
1.0,0.79938203,0.55355585,0
1.0,0.7922941,0.544526,0
1.0,0.807991,0.56092525,0
1.0,0.80274284,0.5574668,0
1.0,0.7566842,0.5104791,0
1.0,0.7739532,0.53988236,0
1.0,0.8038718,0.574476,0
1.0,0.8033658,0.5762724,0
1.0,0.76749426,0.5203335,0
1.0,0.7881169,0.519979,0
1.0,0.8180692,0.548176,0
1.0,0.82527286,0.55127424,0
1.0,0.77367395,0.49252865,0
1.0,0.8131611,0.5287965,0
1.0,0.82629937,0.51057774,0
1.0,0.8295666,0.5158792,0
1.0,0.77062744,0.44497913,0
1.0,0.7976403,0.48291683,0
1.0,0.7958189,0.4866401,0
1.0,0.78058624,0.44392818,0
1.0,0.7356798,0.382858,0
1.0,0.74947315,0.4077677,0
1.0,0.7515718,0.43680835,0
1.0,0.7281871,0.42733043,0
1.0,0.7294149,0.4327224,0
1.0,0.7689223,0.4891652,0
1.0,0.7829842,0.51755583,0
1.0,0.7749499,0.5149435,0
1.0,0.7722099,0.5205809,0
1.0,0.807358,0.52012074,0
1.0,0.7921812,0.48708594,0
1.0,0.7783248,0.46932924,0
1.0,0.7429176,0.43382275,0
1.0,0.7905363,0.48820114,0
1.0,0.73814076,0.4234481,0
1.0,0.7273006,0.3890274,0
1.0,0.6423907,0.2822936,0
1.0,0.68892086,0.34140736,0
1.0,0.65069383,0.3319257,0
1.0,0.6721773,0.33680618,0
1.0,0.61451054,0.28568098,0
1.0,0.6736749,0.3489744,0
1.0,0.6298591,0.30981588,0
1.0,0.66810185,0.3544965,0
1.0,0.59033644,0.2856198,0
1.0,0.6434997,0.32280493,0
1.0,0.61798215,0.30131018,0
1.0,0.6574676,0.3461607,0
1.0,0.5812963,0.27531767,0
1.0,0.61591554,0.3015102,0
1.0,0.5973467,0.2842875,0
1.0,0.61344755,0.29990712,0
1.0,0.5623531,0.25772664,0
1.0,0.5625911,0.2805228,0
1.0,0.5738266,0.28365,0
1.0,0.590206,0.28053746,0
1.0,0.59330213,0.2818093,0
1.0,0.57535404,0.26680678,0
1.0,0.6135425,0.30053484,0
1.0,0.60197234,0.30687797,0
1.0,0.6670302,0.37554142,0
1.0,0.6431344,0.34193793,0
1.0,0.6931739,0.39290202,0
1.0,0.6691089,0.38649178,0
1.0,0.7346998,0.47162843,0
1.0,0.7085188,0.44167703,0
1.0,0.7657633,0.5359804,0
1.0,0.7461354,0.5135868,0
1.0,0.7940539,0.59836894,0
1.0,0.77956295,0.60122824,0
1.0,0.79731077,0.5813471,0
1.0,0.7994165,0.58246195,0
1.0,0.8058624,0.6076554,0
1.0,0.7870097,0.56528413,0
1.0,0.78659576,0.57587945,0
1.0,0.80044657,0.6011015,0
1.0,0.7730052,0.5448915,0
1.0,0.7702974,0.5447886,0
1.0,0.79167026,0.6010998,0
1.0,0.8137495,0.6637251,0
1.0,0.7829505,0.622049,0
1.0,0.7873275,0.6325094,0
1.0,0.79020214,0.63862807,0
1.0,0.8170497,0.71089774,0
1.0,0.7746708,0.7094132,0
1.0,0.81355786,0.7813673,0
1.0,0.82583344,0.7934942,0
1.0,0.85854334,0.86376345,0
1.0,0.8300256,0.8404152,0
1.0,0.85089666,0.90697604,0
1.0,0.84706223,0.90109205,0
1.0,0.8734281,0.93586886,0
1.0,0.845032,0.8763278,0
1.0,0.85755384,0.89913344,0
1.0,0.8567263,0.9310323,0
1.0,0.87097776,0.9812023,0
1.0,0.8495595,0.9455458,0
1.0,0.87402326,1.0381789,0
1.0,0.88366306,1.079541,0
1.0,0.88669115,1.1349132,0
1.0,0.8915015,1.174331,0
1.0,0.9022015,1.1816847,0
1.0,0.8916607,1.2305777,0
1.0,0.8857385,1.2890455,0
1.0,0.8764379,1.3169625,0
1.0,0.88434356,1.3941123,0
1.0,0.8860932,1.4439204,0
1.0,0.88471544,1.5111016,0
1.0,0.88018525,1.5248694,0
1.0,0.88289726,1.5362442,0
1.0,0.88543034,1.5583177,0
1.0,0.88476926,1.5417936,0
1.0,0.87195224,1.5179882,0
1.0,0.8831414,1.5700793,0
1.0,0.8825168,1.5937312,0
1.0,0.88139695,1.6068406,0
1.0,0.87221706,1.5803814,0
1.0,0.8737059,1.5944657,0
1.0,0.87972516,1.6113303,0
1.0,0.8748373,1.6293542,0
1.0,0.8755843,1.7416756,0
1.0,0.8761221,1.793845,0
1.0,0.8855308,1.8811792,0
1.0,0.90052736,2.0278795,0
1.0,0.89753675,2.0487075,0
1.0,0.90152246,2.1006458,0
1.0,0.9047865,2.1815681,0
1.0,0.91972655,2.2535233,0
1.0,0.91926557,2.2802706,0
1.0,0.9242141,2.3266168,0
1.0,0.9239992,2.3681898,0
1.0,0.93811494,2.407151,0
1.0,0.9334502,2.4120994,0
1.0,0.9366597,2.4791918,0
1.0,0.93240273,2.4418123,0
1.0,0.9430132,2.487053,0
1.0,0.9418992,2.5268583,0
1.0,0.93801993,2.5004716,0
1.0,0.93864125,2.5032582,0
1.0,0.9435967,2.5434647,0
1.0,0.94493324,2.6157413,0
1.0,0.9476007,2.6870794,0
1.0,0.95298755,2.7718081,0
1.0,0.95750386,2.8827395,0
1.0,0.9580315,2.9352586,0
1.0,0.9573959,2.9842725,0
1.0,0.9577083,3.022769,0
1.0,0.95731646,3.0212574,0
1.0,0.9565088,3.0750504,0
1.0,0.9565019,3.108309,0
1.0,0.9572103,3.1198313,0
1.0,0.9578532,3.1660142,0
1.0,0.9547474,3.0909677,0
1.0,0.95354736,3.0335217,0
1.0,0.95353925,3.0757382,0
1.0,0.95435685,3.0668218,0
1.0,0.9541995,3.0521283,0
1.0,0.956592,3.0620234,0
1.0,0.95695543,3.045753,0
1.0,0.95705235,3.0814342,0
1.0,0.95912695,3.1356068,0
1.0,0.9641381,3.1643891,0
1.0,0.96486014,3.1557636,0
1.0,0.96613663,3.1816678,0
1.0,0.9657421,3.2365897,0
1.0,0.96586096,3.2587194,0
1.0,0.9644692,3.2823803,0
1.0,0.9656533,3.3053017,0
1.0,0.96377575,3.2636542,0
1.0,0.96561897,3.2691836,0
1.0,0.96340644,3.2985072,0
1.0,0.96394455,3.2684898,0
1.0,0.9633596,3.2027345,0
1.0,0.96368146,3.1832173,0
1.0,0.9611321,3.132557,0
1.0,0.96046805,3.0809183,0
1.0,0.9608035,3.1017365,0
1.0,0.9631092,3.1447842,0
1.0,0.9624089,3.116527,0
1.0,0.96115565,3.1250362,0
1.0,0.961996,3.1791902,0
1.0,0.962769,3.1746657,0
1.0,0.9643253,3.2099638,0
1.0,0.9662,3.2069297,0
1.0,0.96359223,3.1815147,0
1.0,0.96294934,3.2159836,0
1.0,0.96066904,3.1879017,0
1.0,0.9627625,3.1560836,0
1.0,0.9590995,3.1373348,0
1.0,0.95931035,3.1748204,0
1.0,0.95645493,3.20048,0
1.0,0.95787024,3.1557083,0
1.0,0.9579223,3.1316657,0
1.0,0.9599585,3.1186817,0
1.0,0.959076,3.066309,0
1.0,0.9607895,3.0780668,0
1.0,0.95720994,3.0751843,0
1.0,0.9607577,3.0535033,0
1.0,0.960854,3.0366437,0
1.0,0.9636704,3.030217,0
1.0,0.9595543,3.057756,0
1.0,0.96255267,3.1099896,0
1.0,0.9628351,3.1348908,0
1.0,0.9667226,3.1614466,0
1.0,0.9643846,3.1338453,0
1.0,0.96617305,3.1924422,0
1.0,0.96507597,3.2723799,0
1.0,0.96627676,3.2495735,0
1.0,0.96678036,3.2159116,0
1.0,0.9675125,3.1681495,0
1.0,0.9673969,3.176405,0
1.0,0.96699864,3.2312012,0
1.0,0.96674114,3.155088,0
1.0,0.9687918,3.0707228,0
1.0,0.9692007,3.0349896,0
1.0,0.9687173,3.0743601,0
1.0,0.9662267,3.0904703,0
1.0,0.9702364,3.1052532,0
1.0,0.9722583,3.1244256,0
1.0,0.97362894,3.1056929,0
1.0,0.9729331,3.1046705,0
1.0,0.97324693,3.1380024,0
1.0,0.97224617,3.113586,0
1.0,0.97296304,3.1127892,0
1.0,0.9736583,3.1418457,0
1.0,0.97310364,3.146391,0
1.0,0.973201,3.1721144,0
1.0,0.9721419,3.192598,0
1.0,0.97124296,3.1077914,0
1.0,0.97154385,3.0439048,0
1.0,0.9705898,3.0839036,0
1.0,0.9696497,3.0945163,0
1.0,0.96840435,3.0018744,0
1.0,0.969376,2.9848223,0
1.0,0.9698286,2.937656,0
1.0,0.96913886,2.8688636,0
1.0,0.9661124,2.913799,0
1.0,0.96643907,2.9590583,0
1.0,0.9669164,2.864177,0
1.0,0.9682984,2.8268461,0
1.0,0.967041,2.8589618,0
1.0,0.9650921,2.876227,0
1.0,0.96173507,2.8331823,0
1.0,0.96589166,2.8300035,0
1.0,0.96274596,2.7692294,0
1.0,0.96325904,2.771649,0
1.0,0.96017003,2.8406506,0
1.0,0.9593829,2.8020754,0
1.0,0.9528543,2.7185829,0
1.0,0.95522815,2.7334876,0
1.0,0.95183474,2.6972442,0
1.0,0.954492,2.6822815,0
1.0,0.95204455,2.6902404,0
1.0,0.9525834,2.6464567,0
1.0,0.95144963,2.5470245,0
1.0,0.9521343,2.4973226,0
1.0,0.9491382,2.4590678,0
1.0,0.9481368,2.4255137,0
1.0,0.9471232,2.3911824,0
1.0,0.9537315,2.365994,0
1.0,0.9504711,2.3341234,0
1.0,0.9491164,2.342966,0
1.0,0.9463288,2.3600178,0
1.0,0.94745654,2.3331146,0
1.0,0.944832,2.3056564,0
1.0,0.9435642,2.2797096,0
1.0,0.9418191,2.238031,0
1.0,0.9370503,2.229582,0
1.0,0.93990964,2.2495947,0
1.0,0.9357807,2.1219428,0
1.0,0.9383146,2.073209,0
1.0,0.93505263,2.0870855,0
1.0,0.9374701,2.0505424,0
1.0,0.92276305,1.9452329,0
1.0,0.9329275,1.9591277,0
1.0,0.9243405,1.869536,0
1.0,0.9311552,1.854807,0
1.0,0.91562265,1.8132577,0
1.0,0.9217331,1.7900238,0
1.0,0.9123956,1.7271231,0
1.0,0.914978,1.7339466,0
1.0,0.90207535,1.694309,0
1.0,0.90752625,1.6478627,0
1.0,0.8866614,1.5885329,0
1.0,0.8964451,1.6211655,0
1.0,0.8831377,1.541243,0
1.0,0.88791484,1.5776279,0
1.0,0.87271416,1.6060238,0
1.0,0.87967473,1.5821737,0
1.0,0.87048084,1.5036533,0
1.0,0.8790325,1.4991529,0
1.0,0.87254924,1.4664596,0
1.0,0.87680763,1.4680383,0
1.0,0.8691436,1.4365475,0
1.0,0.8823113,1.3973653,0
1.0,0.8713602,1.315361,0
1.0,0.87832004,1.3232306,0
1.0,0.8775526,1.3189065,0
1.0,0.8689945,1.2837496,0
1.0,0.86263233,1.2700905,0
1.0,0.87532735,1.2673951,0
1.0,0.8758402,1.2460423,0
1.0,0.8800462,1.2686424,0
1.0,0.8755444,1.2717584,0
1.0,0.88908964,1.2848854,0
1.0,0.88563263,1.2696136,0
1.0,0.88689786,1.29679,0
1.0,0.87749684,1.2948031,0
1.0,0.8869419,1.3111494,0
1.0,0.8849861,1.3052282,0
1.0,0.89352316,1.273122,0
1.0,0.88886863,1.2202466,0
1.0,0.8999137,1.2238005,0
1.0,0.8991495,1.1645954,0
1.0,0.8994912,1.1460823,0
1.0,0.8890671,1.1138208,0
1.0,0.8937762,1.1132563,0
1.0,0.8848875,1.1036305,0
1.0,0.8704383,1.0516169,0
1.0,0.87140065,1.0118455,0
1.0,0.87687206,0.99529344,0
1.0,0.870306,1.0103519,0
1.0,0.8696226,1.1069105,0
1.0,0.86806655,1.098439,0
1.0,0.88191575,1.1040744,0
1.0,0.87629884,1.0963558,0
1.0,0.8819192,1.121103,0
1.0,0.8802242,1.122883,0
1.0,0.8995737,1.1601205,0
1.0,0.8970058,1.1300519,0
1.0,0.8977435,1.1075889,0
1.0,0.89538944,1.0935831,0
1.0,0.90545285,1.1076169,0
1.0,0.8847701,1.0539678,0
1.0,0.8842234,1.0307939,0
1.0,0.8784236,0.9838423,0
1.0,0.8921378,1.000874,0
1.0,0.86272204,0.95958495,0
1.0,0.8780898,0.98936176,0
1.0,0.8746127,0.9359247,0
1.0,0.88996965,0.9506145,0
1.0,0.8743441,0.96689796,0
1.0,0.891247,1.0475616,0
1.0,0.8854838,1.0556345,0
1.0,0.9135505,1.107569,0
1.0,0.89951384,1.0701604,0
1.0,0.912887,1.1023254,0
1.0,0.910887,1.1148983,0
1.0,0.922907,1.1265597,0
1.0,0.9109785,1.081515,0
1.0,0.9164993,1.1003395,0
1.0,0.90725875,1.0839268,0
1.0,0.9097166,1.0886637,0
1.0,0.87459254,0.98727846,0
1.0,0.90125525,0.93269527,0
1.0,0.89916724,0.89823574,0
1.0,0.90414244,0.91106725,0
1.0,0.8959056,0.9410014,0
1.0,0.9137532,0.97970814,0
1.0,0.91759527,0.9794769,0
1.0,0.92158026,0.9995137,0
1.0,0.9117792,0.9767636,0
1.0,0.92463297,1.0085849,0
1.0,0.92058045,1.0291862,0
1.0,0.9278909,1.0301652,0
1.0,0.91019547,1.0035654,0
1.0,0.92161155,1.0765877,0
1.0,0.92071795,1.1198487,0
1.0,0.9213181,1.1123254,0
1.0,0.9088768,1.0588863,0
1.0,0.9220503,1.0448287,0
1.0,0.9255273,1.0438389,0
1.0,0.9177385,1.0404656,0
1.0,0.9097114,1.0077426,0
1.0,0.91678846,0.9526839,0
1.0,0.9248864,0.94132304,0
1.0,0.9165829,0.99259007,0
1.0,0.90781575,1.0073453,0
1.0,0.9034476,0.9960778,0
1.0,0.9174855,1.0404662,0
1.0,0.9057376,1.0032883,0
1.0,0.8981503,0.98787814,0
1.0,0.8965372,1.0025544,0
1.0,0.9043203,1.0261934,0
1.0,0.8922987,1.0101972,0
1.0,0.8912965,1.0358984,0
1.0,0.8801735,1.0645232,0
1.0,0.8950135,1.09748,0
1.0,0.87978137,1.0749955,0
1.0,0.88525337,1.0604405,0
1.0,0.88220394,0.99461794,0
1.0,0.88839316,1.017766,0
1.0,0.87316847,1.0011655,0
1.0,0.86974645,0.99357843,0
1.0,0.8596457,0.9904176,0
1.0,0.8642223,0.9818443,0
1.0,0.83755606,0.9403702,0
1.0,0.83456695,0.9427229,0
1.0,0.84029526,0.9170416,0
1.0,0.8544553,0.9091844,0
1.0,0.8424056,0.8948708,0
1.0,0.843501,0.91686845,0
1.0,0.860261,0.97486025,0
1.0,0.8473076,0.98891973,0
1.0,0.858487,1.0294571,0
1.0,0.83976716,0.97199476,0
1.0,0.8581496,1.0130785,0
1.0,0.8406161,1.0194544,0
1.0,0.8506421,1.0452466,0
1.0,0.8386317,0.99714065,0
1.0,0.8627801,1.0484622,0
1.0,0.85624045,1.0245569,0
1.0,0.86736673,1.0420415,0
1.0,0.8502684,1.0153372,0
1.0,0.86367524,1.0306234,0
1.0,0.8657147,1.0056,0
1.0,0.8569231,0.9853642,0
1.0,0.84994113,1.0005771,0
1.0,0.85033774,0.996835,0
1.0,0.84914,1.0072855,0
1.0,0.8585793,1.0404418,0
1.0,0.86093765,1.0287116,0
1.0,0.8587359,1.0425476,0
1.0,0.8496838,1.0414509,0
1.0,0.8515912,1.0337901,0
1.0,0.8594288,1.0427845,0
1.0,0.85325724,1.0352159,0
1.0,0.8506597,1.0561163,0
1.0,0.8478337,1.0478864,0
1.0,0.8712488,1.0900519,0
1.0,0.8729919,1.0978336,0
1.0,0.87352836,1.0818094,0
1.0,0.87146294,1.0637021,0
1.0,0.88259643,1.1046343,0
1.0,0.8794292,1.0754454,0
1.0,0.8712278,1.0172598,0
1.0,0.86632925,0.99737006,0
1.0,0.8735173,1.0173767,0
1.0,0.86528736,1.0188191,0
1.0,0.8579066,1.011816,0
1.0,0.8657743,0.9746323,0
1.0,0.8718782,0.97468734,0
1.0,0.86932015,1.0265923,0
1.0,0.868766,1.0887214,0
1.0,0.8753631,1.1008618,0
1.0,0.88941985,1.1367581,0
1.0,0.8903041,1.1458844,0
1.0,0.89050037,1.1614461,0
1.0,0.90039325,1.2261117,0
1.0,0.9016876,1.1917276,0
1.0,0.9065042,1.1506449,0
1.0,0.90317196,1.1364756,0
1.0,0.91033167,1.1577299,0
1.0,0.9025872,1.1470201,0
1.0,0.91274923,1.1821597,0
1.0,0.9052302,1.1681011,0
1.0,0.91610605,1.1822454,0
1.0,0.90199614,1.1608744,0
1.0,0.9069675,1.1669961,0
1.0,0.9039883,1.1175478,0
1.0,0.9157951,1.1283048,0
1.0,0.8996963,1.1071385,0
1.0,0.9088601,1.1417425,0
1.0,0.9022614,1.1634996,0
1.0,0.9099193,1.2277851,0
1.0,0.8976923,1.2218435,0
1.0,0.9037933,1.2350063,0
1.0,0.901223,1.2485485,0
1.0,0.9054164,1.289815,0
1.0,0.88968647,1.2821562,0
1.0,0.899166,1.3236873,0
1.0,0.90426373,1.3018932,0
1.0,0.9029294,1.2840295,0
1.0,0.8908078,1.2950343,0
1.0,0.8967445,1.2904311,0
1.0,0.8988199,1.21032,0
1.0,0.90525454,1.2084951,0
1.0,0.90028423,1.1843836,0
1.0,0.89692813,1.1935838,0
1.0,0.90397316,1.2369201,0
1.0,0.9048853,1.1992445,0
1.0,0.9058383,1.1860712,0
1.0,0.90353626,1.2039182,0
1.0,0.9097633,1.2910266,0
1.0,0.908946,1.3333673,0
1.0,0.91678834,1.331858,0
1.0,0.9249386,1.322568,0
1.0,0.9284142,1.2942915,0
1.0,0.9327233,1.3097544,0
1.0,0.9368233,1.3885071,0
1.0,0.9414995,1.4007773,0
1.0,0.9400302,1.371259,0
1.0,0.93961537,1.3383944,0
1.0,0.9373264,1.3233196,0
1.0,0.9320625,1.3299327,0
1.0,0.92670244,1.3160641,0
1.0,0.9319478,1.2790267,0
1.0,0.9290747,1.2200241,0
1.0,0.9322759,1.2757633,0
1.0,0.93095803,1.3303709,0
1.0,0.93408453,1.3121719,0
1.0,0.9342435,1.2687159,0
1.0,0.9407772,1.2574445,0
1.0,0.93326044,1.2790536,0
1.0,0.93037796,1.3131646,0
1.0,0.93461555,1.3255899,0
1.0,0.9423387,1.29829,0
1.0,0.9386047,1.2774489,0
1.0,0.93800807,1.3105366,0
1.0,0.93424135,1.3098166,0
1.0,0.9360095,1.2723157,0
1.0,0.9321556,1.2321414,0
1.0,0.9255575,1.2116833,0
1.0,0.93078536,1.2416744,0
1.0,0.9263175,1.2437248,0
1.0,0.917811,1.1722397,0
1.0,0.9156761,1.1206757,0
1.0,0.9222119,1.151643,0
1.0,0.9255579,1.1749561,0
1.0,0.913206,1.1593269,0
1.0,0.9092112,1.145972,0
1.0,0.9194477,1.0921419,0
1.0,0.9140842,1.0802068,0
1.0,0.89754885,1.0983844,0
1.0,0.8882803,1.1134921,0
1.0,0.9032484,1.1507152,0
1.0,0.89365953,1.0877016,0
1.0,0.879372,1.0318673,0
1.0,0.87734914,1.0619037,0
1.0,0.882743,1.1153777,0
1.0,0.88559467,1.0850611,0
1.0,0.86782676,0.9769231,0
1.0,0.86954784,0.9585162,0
1.0,0.8865305,1.028558,0
1.0,0.8819803,1.0214125,0
1.0,0.8713314,0.95347375,0
1.0,0.87477255,0.929824,0
1.0,0.8835837,0.9254581,0
1.0,0.8871234,0.97655797,0
1.0,0.89649045,1.0840349,0
1.0,0.88697815,1.0698555,0
1.0,0.90599906,1.1005962,0
1.0,0.9093637,1.1061242,0
1.0,0.92218846,1.1413491,0
1.0,0.9147434,1.2023537,0
1.0,0.933819,1.2738919,0
1.0,0.9360399,1.2653153,0
1.0,0.94580966,1.2859633,0
1.0,0.9396353,1.3075052,0
1.0,0.9465058,1.3724726,0
1.0,0.9426403,1.3469107,0
1.0,0.95539576,1.3564578,0
1.0,0.9493392,1.3530359,0
1.0,0.95481884,1.381069,0
1.0,0.94706196,1.4016426,0
1.0,0.96338606,1.4645782,0
1.0,0.9541146,1.433083,0
1.0,0.96352196,1.4815984,0
1.0,0.9565338,1.5531623,0
1.0,0.9640507,1.6469728,0
1.0,0.9542265,1.6228969,0
1.0,0.96386594,1.6160676,0
1.0,0.9551749,1.6163435,0
1.0,0.9620493,1.7081444,0
1.0,0.95748854,1.8210425,0
1.0,0.9680673,1.884613,0
1.0,0.9619403,1.8641227,0
1.0,0.9680094,1.9633632,0
1.0,0.96366715,2.0875764,0
1.0,0.9668598,2.1462111,0
1.0,0.96334946,2.1454773,0
1.0,0.96797633,2.127595,0
1.0,0.9657876,2.1233218,0
1.0,0.9684941,2.201974,0
1.0,0.96413344,2.3161414,0
1.0,0.96932214,2.365324,0
1.0,0.96548223,2.2806797,0
1.0,0.97048575,2.3239765,0
1.0,0.96582365,2.41394,0
1.0,0.9671748,2.4994602,0
1.0,0.9670301,2.5761547,0
1.0,0.96979004,2.5449514,0
1.0,0.96852666,2.5671823,0
1.0,0.96931946,2.712715,0
1.0,0.9686563,2.801662,0
1.0,0.9714901,2.840137,0
1.0,0.97219276,2.8231428,0
1.0,0.9736453,2.840804,0
1.0,0.9728802,2.8985338,0
1.0,0.97233915,2.958692,0
1.0,0.9732092,2.9841583,0
1.0,0.9730253,2.9160013,0
1.0,0.97316396,2.9158754,0
1.0,0.97220945,3.0108054,0
1.0,0.96995014,3.0435894,0
1.0,0.97233576,3.065069,0
1.0,0.9735997,3.030921,0
1.0,0.9742818,3.0094514,0
1.0,0.9733315,3.0662646,0
1.0,0.97235954,3.176358,0
1.0,0.97404534,3.1819756,0
1.0,0.9743011,3.14425,0
1.0,0.9762271,3.1865869,0
1.0,0.97414863,3.2944067,0
1.0,0.97549033,3.359211,0
1.0,0.9753288,3.3866055,0
1.0,0.9772282,3.3559642,0
1.0,0.975068,3.3390665,0
1.0,0.9766208,3.441364,0
1.0,0.97367126,3.489105,0
1.0,0.9747609,3.4340968,0
1.0,0.97164774,3.3790774,0
1.0,0.9736788,3.3484702,0
1.0,0.9717121,3.3791423,0
1.0,0.97194034,3.4616728,0
1.0,0.9722207,3.451127,0
1.0,0.9736751,3.4046435,0
1.0,0.9739135,3.4335628,0
1.0,0.9736797,3.574935,0
1.0,0.97120583,3.6321907,0
1.0,0.97231716,3.587732,0
1.0,0.97367585,3.5642252,0
1.0,0.97459894,3.6087694,0
1.0,0.9742076,3.6929712,0
1.0,0.97591114,3.8363128,0
1.0,0.9776635,3.8874454,0
1.0,0.97725314,3.8941603,0
1.0,0.9775339,3.9607396,0
1.0,0.9768884,4.022173,0
1.0,0.97510004,4.0707307,0
1.0,0.97399163,4.112307,0
1.0,0.9738183,3.9959652,0
1.0,0.97255015,3.8877497,0
1.0,0.97241825,4.000873,0
1.0,0.9712244,4.1230106,0
1.0,0.97437865,4.0868864,0
1.0,0.97405857,4.063555,0
1.0,0.9761296,4.0603204,0
1.0,0.9736126,4.0761003,0
1.0,0.9750481,4.13951,0
1.0,0.9747857,4.1308603,0
1.0,0.97716546,4.109399,0
1.0,0.97527367,4.1944537,0
1.0,0.97668606,4.3149204,0
1.0,0.97587323,4.3468566,0
1.0,0.97567266,4.376613,0
1.0,0.9740813,4.3893375,0
1.0,0.97528684,4.4068575,0
1.0,0.97433835,4.4549456,0
1.0,0.9733377,4.5310144,0
1.0,0.97167057,4.446081,0
1.0,0.9715559,4.3396034,0
1.0,0.97118706,4.4227095,0
1.0,0.97159785,4.501698,0
1.0,0.9705467,4.445421,0
1.0,0.97375125,4.4677353,0
1.0,0.9739629,4.39429,0
1.0,0.9751889,4.3316393,0
1.0,0.973558,4.408077,0
1.0,0.97330326,4.4000473,0
1.0,0.973736,4.3217864,0
1.0,0.9739656,4.312113,0
1.0,0.9730401,4.315733,0
1.0,0.9730122,4.354468,0
1.0,0.9732351,4.4157615,0
1.0,0.9726352,4.3726683,0
1.0,0.97175354,4.202849,0
1.0,0.972233,4.1081443,0
1.0,0.97144747,4.142949,0
1.0,0.972226,4.2271004,0
1.0,0.9724557,4.1588116,0
1.0,0.9738263,4.0783386,0
1.0,0.97419363,4.057571,0
1.0,0.9737627,4.036646,0
1.0,0.9736327,3.993121,0
1.0,0.9751301,3.9184241,0
1.0,0.97539175,3.834441,0
1.0,0.97537166,3.8062153,0
1.0,0.9739987,3.781176,0
1.0,0.9723957,3.7382193,0
1.0,0.9725644,3.7438617,0
1.0,0.9728732,3.692625,0
1.0,0.97252053,3.6587253,0
1.0,0.9723994,3.7175283,0
1.0,0.9720276,3.7165554,0
1.0,0.9715621,3.6226244,0
1.0,0.97129875,3.5459962,0
1.0,0.9712015,3.4800568,0
1.0,0.9699248,3.4783463,0
1.0,0.9692407,3.4530334,0
1.0,0.97148246,3.3264923,0
1.0,0.9726308,3.2153513,0
1.0,0.9729846,3.165281,0
1.0,0.9715499,3.1355104,0
1.0,0.970117,3.0711696,0
1.0,0.9705559,2.9683747,0
1.0,0.96992725,2.878049,0
1.0,0.9687799,2.8514075,0
1.0,0.9676375,2.9151185,0
1.0,0.9679968,3.0150526,0
1.0,0.96975166,3.0547357,0
1.0,0.97117877,2.949071,0
1.0,0.9711577,2.935348,0
1.0,0.9714883,3.0294375,0
1.0,0.97084653,3.014896,0
1.0,0.97102463,2.9429667,0
1.0,0.9697967,2.8752747,0
1.0,0.96909934,2.8272204,0
1.0,0.9705301,2.8808675,0
1.0,0.97165877,2.938731,0
1.0,0.9694538,2.8389153,0
1.0,0.9722669,2.762063,0
1.0,0.9717596,2.7388024,0
1.0,0.9721511,2.715066,0
1.0,0.9687806,2.6487405,0
1.0,0.9707436,2.5517943,0
1.0,0.97149795,2.4540546,0
1.0,0.9723603,2.4317255,0
1.0,0.9703424,2.4524102,0
1.0,0.9735212,2.5486426,0
1.0,0.9738554,2.5405865,0
1.0,0.97718185,2.4870481,0
1.0,0.97486883,2.4659457,0
1.0,0.97593874,2.5277448,0
1.0,0.9729556,2.6016526,0
1.0,0.9760098,2.584444,0
1.0,0.9743506,2.531903,0
1.0,0.9738932,2.5627775,0
1.0,0.97325474,2.6461577,0
1.0,0.9741674,2.645941,0
1.0,0.9710669,2.5113049,0
1.0,0.9736328,2.407375,0
1.0,0.9721584,2.33617,0
1.0,0.97239673,2.352367,0
1.0,0.9726346,2.3968997,0
1.0,0.97463566,2.3463001,0
1.0,0.97517157,2.276042,0
1.0,0.97616106,2.2576604,0
1.0,0.9749553,2.2750401,0
1.0,0.9738324,2.2961307,0
1.0,0.97520965,2.2307396,0
1.0,0.97657573,2.1241546,0
1.0,0.9767761,2.126051,0
1.0,0.97527367,2.1878405,0
1.0,0.9744685,2.242617,0
1.0,0.9725432,2.2116213,0
1.0,0.97441363,2.2049263,0
1.0,0.9723786,2.251162,0
1.0,0.97346556,2.2999082,0
1.0,0.9700935,2.289924,0
1.0,0.97159606,2.296076,0
1.0,0.9711061,2.197239,0
1.0,0.97101676,2.0993257,0
1.0,0.96613634,2.0912566,0
1.0,0.9662788,2.1369877,0
1.0,0.9651407,2.0717113,0
1.0,0.9667526,1.9716,0
1.0,0.96440524,1.9263856,0
1.0,0.9642813,1.9659145,0
1.0,0.9603314,2.036687,0
1.0,0.96290237,1.9961557,0
1.0,0.96087503,1.9328474,0
1.0,0.9618804,1.95954,0
1.0,0.9618718,2.0027046,0
1.0,0.96112394,2.0142488,0
1.0,0.9575783,1.9660084,0
1.0,0.9601006,1.9054763,0
1.0,0.95886356,1.8332543,0
1.0,0.9601056,1.841476,0
1.0,0.95772076,1.9179627,0
1.0,0.96132296,1.9150898,0
1.0,0.9590867,1.8329828,0
1.0,0.96117824,1.7999401,0
1.0,0.9577977,1.7824132,0
1.0,0.95289695,1.7852898,0
1.0,0.94868463,1.720035,0
1.0,0.9554043,1.614819,0
1.0,0.9524209,1.5633881,0
1.0,0.9564146,1.5858792,0
1.0,0.9517483,1.6046581,0
1.0,0.95193875,1.5734906,0
1.0,0.95106745,1.5432334,0
1.0,0.9537098,1.536944,0
1.0,0.9462049,1.494352,0
1.0,0.94463104,1.4972916,0
1.0,0.94310313,1.5144913,0
1.0,0.9475398,1.4596906,0
1.0,0.93751013,1.413042,0
1.0,0.93371266,1.4259764,0
1.0,0.9268944,1.4421209,0
1.0,0.9309941,1.4203559,0
1.0,0.91788924,1.26778,0
1.0,0.9168342,1.2052989,0
1.0,0.9150877,1.18733,0
1.0,0.9177447,1.2035404,0
1.0,0.90445006,1.148103,0
1.0,0.90637386,1.065793,0
1.0,0.90414155,1.0281317,0
1.0,0.9171536,1.0757809,0
1.0,0.9033092,1.0658474,0
1.0,0.8955378,1.0470574,0
1.0,0.89775765,0.9999082,0
1.0,0.9024571,0.956316,0
1.0,0.89006716,0.93979156,0
1.0,0.88847154,0.99981487,0
1.0,0.88144964,0.9766293,0
1.0,0.8988262,0.9683912,0
1.0,0.8880902,0.9279976,0
1.0,0.8878298,0.90184975,0
1.0,0.8721699,0.87927103,0
1.0,0.88779056,0.8961915,0
1.0,0.86846775,0.77940965,0
1.0,0.8637606,0.7334404,0
1.0,0.8336105,0.68566555,0
1.0,0.85304075,0.70484966,0
1.0,0.8132417,0.6312481,0
1.0,0.8125448,0.6240001,0
1.0,0.7611319,0.5186956,0
1.0,0.7841816,0.5401504,0
1.0,0.7480958,0.4958983,0
1.0,0.7387238,0.47362384,0
1.0,0.6879956,0.38919815,0
1.0,0.72216713,0.4113422,0
1.0,0.704573,0.4039095,0
1.0,0.71715766,0.4340254,0
1.0,0.65239847,0.3632992,0
1.0,0.6979339,0.38765627,0
1.0,0.69145167,0.35681322,0
1.0,0.7076688,0.37678725,0
1.0,0.6330294,0.30383706,0
1.0,0.6628575,0.30730385,0
1.0,0.68032503,0.3096738,0
1.0,0.71418923,0.3374325,0
1.0,0.6504041,0.2756793,0
1.0,0.68616974,0.3208917,0
1.0,0.71024823,0.35826227,0
1.0,0.7939191,0.41885424,0
1.0,0.7135874,0.3229229,0
1.0,0.7645094,0.3743894,0
1.0,0.78651756,0.42359066,0
1.0,0.82203037,0.47618648,0
1.0,0.783936,0.41410303,0
1.0,0.8025721,0.43722573,0
1.0,0.8190621,0.468862,0
1.0,0.84989446,0.5393482,0
1.0,0.82932454,0.5148283,0
1.0,0.8122745,0.45962754,0
1.0,0.84473336,0.50614285,0
1.0,0.8396106,0.53835446,0
1.0,0.81987447,0.5431757,0
1.0,0.8016157,0.53652287,0
1.0,0.83870894,0.5793354,0
1.0,0.8254268,0.5448125,0
1.0,0.80822676,0.5215809,0
1.0,0.77890366,0.4818089,0
1.0,0.8281521,0.52275205,0
1.0,0.8284057,0.5009595,0
1.0,0.81229913,0.46640626,0
1.0,0.78128046,0.44156557,0
1.0,0.83872503,0.5626911,0
1.0,0.76162004,0.46769664,0
1.0,0.77406675,0.46805465,0
1.0,0.72162366,0.42967474,0
1.0,0.801843,0.5539118,0
1.0,0.7617604,0.52877784,0
1.0,0.7438551,0.50677264,0
1.0,0.7247144,0.4706834,0
1.0,0.7984747,0.545677,0
1.0,0.7657824,0.50171405,0
1.0,0.72908574,0.48078537,0
1.0,0.7622208,0.538697,0
1.0,0.8067125,0.5643787,0
1.0,0.79937625,0.5413461,0
1.0,0.75931776,0.51337016,0
1.0,0.7957288,0.5711813,0
1.0,0.82389534,0.6203811,0
1.0,0.83687305,0.6237198,0
1.0,0.77439713,0.5245668,0
1.0,0.80001223,0.5800067,0
1.0,0.7902594,0.6332619,0
1.0,0.7827832,0.59860396,0
1.0,0.69500285,0.45837075,0
1.0,0.751068,0.5103338,0
1.0,0.7279848,0.4998237,0
1.0,0.78781676,0.6323041,0
1.0,0.70769525,0.54433346,0
1.0,0.76799655,0.6184994,0
1.0,0.7495261,0.59172016,0
1.0,0.8037116,0.6711365,0
1.0,0.72240376,0.595143,0
1.0,0.78192246,0.6928583,0
1.0,0.7722606,0.63026243,0
1.0,0.7912452,0.6477556,0
1.0,0.7307824,0.57570255,0
1.0,0.7168956,0.5906401,0
1.0,0.69872296,0.5726047,0
1.0,0.6961071,0.5541426,0
1.0,0.68436253,0.5192436,0
1.0,0.6410444,0.46723157,0
1.0,0.6740271,0.522329,0
1.0,0.6308988,0.4907472,0
1.0,0.6796192,0.53978467,0
1.0,0.65510845,0.5027311,0
1.0,0.70957077,0.5691084,0
1.0,0.6650099,0.540919,0
1.0,0.71314216,0.62988234,0
1.0,0.6574828,0.5545665,0
1.0,0.75350565,0.66942483,0
1.0,0.69095546,0.5830381,0
1.0,0.76509285,0.7098582,0
1.0,0.7141818,0.63540936,0
1.0,0.77883524,0.66784596,0
1.0,0.74853665,0.6123675,0
1.0,0.7950143,0.6804633,0
1.0,0.73430836,0.6093763,0
1.0,0.76888025,0.6540517,0
1.0,0.7468313,0.58228374,0
1.0,0.79371214,0.6304764,0
1.0,0.7803131,0.62794656,0
1.0,0.82532734,0.71224946,0
1.0,0.8099548,0.6910665,0
1.0,0.83653015,0.7230345,0
1.0,0.81586355,0.67059404,0
1.0,0.8314301,0.69575876,0
1.0,0.8157796,0.6953401,0
1.0,0.831072,0.7247484,0
1.0,0.8000311,0.6417507,0
1.0,0.83272403,0.7027087,0
1.0,0.8053679,0.66270196,0
1.0,0.83605486,0.7237269,0
1.0,0.80781657,0.69068635,0
1.0,0.83146024,0.70355844,0
1.0,0.804993,0.624919,0
1.0,0.8378687,0.6645887,0
1.0,0.8104956,0.6245854,0
1.0,0.8375121,0.66232735,0
1.0,0.78124785,0.56933784,0
1.0,0.8186747,0.64213455,0
1.0,0.78817695,0.5873747,0
1.0,0.8251051,0.66816044,0
1.0,0.82185036,0.72606647,0
1.0,0.8557415,0.7816105,0
1.0,0.846282,0.7632011,0
1.0,0.8680193,0.8019676,0
1.0,0.87205,0.80757225,0
1.0,0.8854427,0.84084344,0
1.0,0.88256615,0.8413396,0
1.0,0.90092933,0.86913645,0
1.0,0.8968072,0.8824152,0
1.0,0.91068965,0.94396394,0
1.0,0.90449905,0.92316157,0
1.0,0.9074236,0.9262564,0
1.0,0.91001666,0.9615661,0
1.0,0.9194455,0.9685876,0
1.0,0.91249824,0.94674706,0
1.0,0.91085804,0.9545891,0
1.0,0.91197354,0.95592743,0
1.0,0.91487503,0.9821613,0
1.0,0.90904427,0.9710388,0
1.0,0.9036817,0.93263865,0
1.0,0.904458,0.9291408,0
1.0,0.9092221,0.93328625,0
1.0,0.9058528,0.9491861,0
1.0,0.8982668,0.9620445,0
1.0,0.891357,0.98467,0
1.0,0.8966081,1.0316564,0
1.0,0.8891665,1.0201905,0
1.0,0.87891036,1.0266225,0
1.0,0.86828756,1.0362866,0
1.0,0.88117325,1.0161633,0
1.0,0.87658215,1.0007854,0
1.0,0.8664127,0.9666657,0
1.0,0.86164546,0.91352874,0
1.0,0.8666601,0.9227833,0
1.0,0.86815953,0.93744373,0
1.0,0.85396165,0.92824745,0
1.0,0.8459363,0.94470304,0
1.0,0.8400117,0.9570714,0
1.0,0.84411323,0.96930325,0
1.0,0.8151648,0.92082214,0
1.0,0.8085187,0.90789145,0
1.0,0.8118686,0.90202963,0
1.0,0.8193342,0.91759676,0
1.0,0.80516565,0.90190864,0
1.0,0.807134,0.9098384,0
1.0,0.80605453,0.91175276,0
1.0,0.81881416,0.9550116,0
1.0,0.80204207,0.970842,0
1.0,0.80215913,0.99037814,0
1.0,0.8026367,0.966236,0
1.0,0.81868863,0.9850963,0
1.0,0.81899756,0.9812467,0
1.0,0.8194398,0.9739861,0
1.0,0.83580667,1.017071,0
1.0,0.84251934,1.040982,0
1.0,0.83780783,1.0329211,0
1.0,0.8439864,1.0702138,0
1.0,0.85111195,1.1045256,0
1.0,0.8415995,1.08747,0
1.0,0.8500441,1.1133978,0
1.0,0.8598306,1.1205763,0
1.0,0.86889017,1.1308063,0
1.0,0.86511713,1.1563551,0
1.0,0.86848986,1.1748054,0
1.0,0.8774166,1.1973505,0
1.0,0.8853337,1.2525808,0
1.0,0.8762208,1.2553334,0
1.0,0.8769811,1.2623913,0
1.0,0.88088447,1.257509,0
1.0,0.88833123,1.2737285,0
1.0,0.87704504,1.2389985,0
1.0,0.8792354,1.2350558,0
1.0,0.88922065,1.2581698,0
1.0,0.89318454,1.2252252,0
1.0,0.88299716,1.195785,0
1.0,0.87904495,1.2507775,0
1.0,0.8876364,1.2842785,0
1.0,0.8867666,1.2738216,0
1.0,0.88374406,1.2774045,0
1.0,0.86806726,1.263511,0
1.0,0.8814542,1.2960687,0
1.0,0.8729977,1.3394338,0
1.0,0.88321877,1.4206524,0
1.0,0.86066717,1.3707504,0
1.0,0.8709776,1.4165634,0
1.0,0.8669827,1.4438121,0
1.0,0.8822441,1.4659731,0
1.0,0.8712753,1.4241639,0
1.0,0.88724107,1.4504476,0
1.0,0.8822783,1.3891046,0
1.0,0.90116173,1.4298918,0
1.0,0.88646483,1.4735719,0
1.0,0.8919888,1.4649395,0
1.0,0.88156503,1.418865,0
1.0,0.89830273,1.4655116,0
1.0,0.8772826,1.4128721,0
1.0,0.8755788,1.4052565,0
1.0,0.8738824,1.405769,0
1.0,0.88007635,1.3996762,0
1.0,0.86560476,1.3526664,0
1.0,0.86938816,1.3999571,0
1.0,0.86674523,1.4321711,0
1.0,0.86544555,1.4288116,0
1.0,0.86566615,1.4399991,0
1.0,0.8576146,1.4374876,0
1.0,0.85641974,1.4668267,0
1.0,0.8491732,1.5108743,0
1.0,0.86590886,1.5706377,0
1.0,0.85000324,1.4931388,0
1.0,0.86871666,1.5226593,0
1.0,0.85770553,1.5148447,0
1.0,0.86864173,1.5243438,0
1.0,0.85994345,1.4985822,0
1.0,0.8894823,1.5293198,0
1.0,0.8793128,1.4348152,0
1.0,0.89859056,1.4716864,0
1.0,0.89356464,1.4984264,0
1.0,0.9140511,1.5532866,0
1.0,0.9121552,1.5436417,0
1.0,0.9281984,1.5877829,0
1.0,0.9322281,1.6086416,0
1.0,0.94106793,1.6915131,0
1.0,0.9383659,1.7406338,0
1.0,0.94529253,1.7204013,0
1.0,0.94402266,1.7053756,0
1.0,0.9475504,1.7395103,0
1.0,0.9455535,1.802334,0
1.0,0.94936776,1.8309073,0
1.0,0.95093375,1.8130292,0
1.0,0.95542437,1.7845786,0
1.0,0.95423114,1.7675862,0
1.0,0.95100677,1.7687967,0
1.0,0.9544666,1.8051363,0
1.0,0.9495439,1.7370434,0
1.0,0.9496884,1.7132245,0
1.0,0.94463634,1.7193033,0
1.0,0.9484111,1.7388442,0
1.0,0.93502027,1.7394438,0
1.0,0.9476698,1.7891071,0
1.0,0.944396,1.7062736,0
1.0,0.9515367,1.7120359,0
1.0,0.94382757,1.746591,0
1.0,0.9450844,1.8410597,0
1.0,0.9420536,1.8346622,0
1.0,0.9503829,1.8368797,0
1.0,0.9461827,1.8338315,0
1.0,0.9516494,1.8926864,0
1.0,0.95002794,1.9386148,0
1.0,0.9542339,1.9592143,0
1.0,0.95206904,1.9130528,0
1.0,0.9549353,1.9057941,0
1.0,0.9527601,1.9288503,0
1.0,0.9525498,1.9355469,0
1.0,0.94598156,1.8983045,0
1.0,0.9519228,1.8807353,0
1.0,0.9530865,1.8210573,0
1.0,0.95342416,1.8326733,0
1.0,0.95051277,1.8836746,0
1.0,0.95539284,1.874399,0
1.0,0.9590977,1.8587763,0
1.0,0.9603397,1.8801901,0
1.0,0.9601144,1.9434116,0
1.0,0.9576795,1.9652581,0
1.0,0.95747936,2.0132434,0
1.0,0.96073264,2.0167124,0
1.0,0.95830345,1.9844773,0
1.0,0.9594247,2.0166667,0
1.0,0.957238,2.0691664,0
1.0,0.9553132,2.0698848,0
1.0,0.956517,2.0472105,0
1.0,0.95861405,1.9994991,0
1.0,0.9564605,1.9759078,0
1.0,0.95663536,1.9938323,0
1.0,0.95070183,1.9882504,0
1.0,0.9524498,1.880017,0
1.0,0.9510324,1.8091669,0
1.0,0.950782,1.8418632,0
1.0,0.9492642,1.9163752,0
1.0,0.94808227,1.903778,0
1.0,0.9480002,1.8932327,0
1.0,0.95063835,1.9101044,0
1.0,0.9495365,1.8897558,0
1.0,0.9486257,1.9316483,0
1.0,0.9429653,1.9760098,0
1.0,0.9430744,1.9212524,0
1.0,0.9386401,1.8834178,0
1.0,0.93954843,1.9257987,0
1.0,0.93413156,1.9350361,0
1.0,0.93275976,1.9430493,0
1.0,0.93429047,1.9626004,0
1.0,0.93167627,1.8870614,0
1.0,0.93116575,1.8646696,0
1.0,0.93008566,1.8785634,0
1.0,0.9227218,1.7924286,0
1.0,0.91191703,1.7427527,0
1.0,0.91667014,1.7476828,0
1.0,0.910621,1.6920412,0
1.0,0.9135316,1.708575,0
1.0,0.9051672,1.7086043,0
1.0,0.9100642,1.7003711,0
1.0,0.9065498,1.6393938,0
1.0,0.9108072,1.6530635,0
1.0,0.9049378,1.6835865,0
1.0,0.9065541,1.6964549,0
1.0,0.9012917,1.729743,0
1.0,0.90712345,1.787993,0
1.0,0.89332247,1.742489,0
1.0,0.9038851,1.7824844,0
1.0,0.8987032,1.7815071,0
1.0,0.90974593,1.7307572,0
1.0,0.89834815,1.6840612,0
1.0,0.91360015,1.7275853,0
1.0,0.90355164,1.6604855,0
1.0,0.911453,1.6806309,0
1.0,0.89814615,1.6255707,0
1.0,0.9064303,1.5847745,0
1.0,0.89616567,1.5443711,0
1.0,0.9032948,1.569379,0
1.0,0.89497244,1.5501823,0
1.0,0.89781004,1.5278344,0
1.0,0.8912256,1.535563,0
1.0,0.89712477,1.5459408,0
1.0,0.8884103,1.5172203,0
1.0,0.8944249,1.5729699,0
1.0,0.8895559,1.5581771,0
1.0,0.8926596,1.5594177,0
1.0,0.8791034,1.551436,0
1.0,0.88634723,1.576608,0
1.0,0.8815219,1.5491114,0
1.0,0.88460124,1.5505614,0
1.0,0.8798083,1.5497205,0
1.0,0.88582045,1.5485225,0
1.0,0.8836476,1.554044,0
1.0,0.8949347,1.5837166,0
1.0,0.888389,1.5025268,0
1.0,0.88694435,1.4778012,0
1.0,0.88238376,1.4715111,0
1.0,0.8862309,1.4596715,0
1.0,0.8899401,1.4732466,0
1.0,0.89991415,1.5195429,0
1.0,0.9034417,1.5287898,0
1.0,0.91021115,1.541079,0
1.0,0.9077706,1.5703746,0
1.0,0.911517,1.5987152,0
1.0,0.91081303,1.5574492,0
1.0,0.9109287,1.5899986,0
1.0,0.9065435,1.6890366,0
1.0,0.9090958,1.6831388,0
1.0,0.91295147,1.7397523,0
1.0,0.91979027,1.7685294,0
1.0,0.91615164,1.695251,0
1.0,0.9202897,1.7504065,0
1.0,0.9165194,1.7397063,0
1.0,0.9250449,1.691648,0
1.0,0.9144591,1.6572526,0
1.0,0.9194718,1.6534106,0
1.0,0.90918595,1.6303983,0
1.0,0.9127349,1.6638691,0
1.0,0.90464145,1.6728489,0
1.0,0.91227615,1.65657,0
1.0,0.9093019,1.6334847,0
1.0,0.9146941,1.6817769,0
1.0,0.9043898,1.6573582,0
1.0,0.89974856,1.6209799,0
1.0,0.9049751,1.6417567,0
1.0,0.9028462,1.6494551,0
1.0,0.89695823,1.649241,0
1.0,0.8952242,1.6602005,0
1.0,0.89611644,1.6251458,0
1.0,0.9000722,1.5459353,0
1.0,0.9046189,1.527075,0
1.0,0.91032547,1.5538926,0
1.0,0.9087697,1.498052,0
1.0,0.9063478,1.4829484,0
1.0,0.91350144,1.5027424,0
1.0,0.90616906,1.4393549,0
1.0,0.9043084,1.4640636,0
1.0,0.89637107,1.4677184,0
1.0,0.906499,1.374257,0
1.0,0.90433735,1.3349102,0
1.0,0.90750915,1.3198045,0
1.0,0.895119,1.2936599,0
1.0,0.9080528,1.3338348,0
1.0,0.9078871,1.3156495,0
1.0,0.91180307,1.311481,0
1.0,0.9005797,1.2860286,0
1.0,0.9085325,1.3220286,0
1.0,0.9044154,1.317363,0
1.0,0.8875164,1.2482061,0
1.0,0.8791304,1.2000442,0
1.0,0.8864758,1.1708905,0
1.0,0.8870451,1.1511142,0
1.0,0.87962574,1.1417608,0
1.0,0.87427217,1.1145847,0
1.0,0.87591434,1.0667474,0
1.0,0.8667645,1.0321199,0
1.0,0.8543498,1.0265203,0
1.0,0.8505651,1.0131671,0
1.0,0.8439961,0.9996885,0
1.0,0.8568226,1.0226403,0
1.0,0.8399604,0.98753744,0
1.0,0.849056,1.0265236,0
1.0,0.83271843,1.0078254,0
1.0,0.8479339,1.0146804,0
1.0,0.8289956,0.9700966,0
1.0,0.8327076,0.97772866,0
1.0,0.8118017,0.9789656,0
1.0,0.8130273,0.9916035,0
1.0,0.7986768,0.9420094,0
1.0,0.81905293,0.93138874,0
1.0,0.8165536,0.9107296,0
1.0,0.8274498,0.943035,0
1.0,0.8235788,0.93069595,0
1.0,0.84087217,0.9281285,0
1.0,0.8276787,0.8954795,0
1.0,0.84369534,0.94684035,0
1.0,0.8336708,0.9175134,0
1.0,0.8390269,0.909732,0
1.0,0.83666813,0.9029459,0
1.0,0.8598888,0.9273673,0
1.0,0.8529053,0.910532,0
1.0,0.8569293,0.9768866,0
1.0,0.8472145,0.9603154,0
1.0,0.85711443,0.9551548,0
1.0,0.8510416,0.9516132,0
1.0,0.8388135,0.95463586,0
1.0,0.8370592,0.95598143,0
1.0,0.8484709,0.98222876,0
1.0,0.85367286,0.9548591,0
1.0,0.8551229,0.9028946,0
1.0,0.8531939,0.8777286,0
1.0,0.8657274,0.909769,0
1.0,0.8680202,0.8884856,0
1.0,0.86717117,0.86316586,0
1.0,0.85118884,0.8244914,0
1.0,0.85439646,0.82358676,0
1.0,0.8444548,0.8164072,0
1.0,0.8323997,0.81212306,0
1.0,0.82603836,0.71924204,0
1.0,0.81983864,0.67331094,0
1.0,0.8334057,0.70808625,0
1.0,0.81021893,0.7063732,0
1.0,0.8011626,0.6834095,0
1.0,0.8046245,0.67195094,0
1.0,0.80445915,0.66417307,0
1.0,0.7661077,0.60590535,0
1.0,0.7632271,0.6075628,0
1.0,0.7575017,0.57677495,0
1.0,0.74404794,0.5327908,0
1.0,0.726767,0.50853455,0
1.0,0.71132106,0.4748152,0
1.0,0.72058773,0.4825952,0
1.0,0.6796329,0.43650618,0
1.0,0.6683478,0.36717317,0
1.0,0.6363832,0.31137297,0
1.0,0.62357104,0.30185425,0
1.0,0.57065064,0.2753439,0
1.0,0.5315224,0.21891867,0
1.0,0.518794,0.21206617,0
1.0,0.5316361,0.21280152,0
1.0,0.4795927,0.18503535,0
1.0,0.47650623,0.18221614,0
1.0,0.47226852,0.19545859,0
1.0,0.50236714,0.20345369,0
1.0,0.43355098,0.17266995,0
1.0,0.45805857,0.18078953,0
1.0,0.43811673,0.19330394,0
1.0,0.42739403,0.19038868,0
1.0,0.38808602,0.1727409,0
1.0,0.42529857,0.16931373,0
1.0,0.410051,0.16121149,0
1.0,0.42979297,0.16240442,0
1.0,0.40819833,0.16688713,0
1.0,0.44069213,0.15632713,0
1.0,0.4123103,0.14856309,0
1.0,0.4236503,0.15449314,0
1.0,0.39242357,0.14189972,0
1.0,0.41748685,0.15217814,0
1.0,0.39561957,0.14535305,0
1.0,0.41677132,0.14114721,0
1.0,0.3933026,0.13436535,0
1.0,0.42033774,0.15621287,0
1.0,0.40182164,0.18084992,0
1.0,0.4250227,0.19195612,0
1.0,0.4266628,0.19197226,0
1.0,0.464884,0.2115514,0
1.0,0.45412874,0.20915577,0
1.0,0.48220655,0.24001478,0
1.0,0.4953993,0.25306523,0
1.0,0.531112,0.27782822,0
1.0,0.54594815,0.28928038,0
1.0,0.54169685,0.2950932,0
1.0,0.53393704,0.30220285,0
1.0,0.5386016,0.30718696,0
1.0,0.6023895,0.36260054,0
1.0,0.5521094,0.31304312,0
1.0,0.5650485,0.32242328,0
1.0,0.53549266,0.32630616,0
1.0,0.6003511,0.3734125,0
1.0,0.5603599,0.31969506,0
1.0,0.6061367,0.3641292,0
1.0,0.5776505,0.36279875,0
1.0,0.6500148,0.459934,0
1.0,0.622914,0.47116423,0
1.0,0.6657713,0.5230582,0
1.0,0.6497923,0.49778274,0
1.0,0.7146064,0.59196603,0
1.0,0.7047828,0.63043225,0
1.0,0.7213623,0.65504503,0
1.0,0.73559695,0.6688087,0
1.0,0.76945,0.71714485,0
1.0,0.7625776,0.7100866,0
1.0,0.7758977,0.7501869,0
1.0,0.77140456,0.76489127,0
1.0,0.7610931,0.702192,0
1.0,0.7721264,0.7067076,0
1.0,0.7814907,0.75062025,0
1.0,0.79597,0.8107722,0
1.0,0.76826245,0.7818006,0
1.0,0.8082747,0.8656547,0
1.0,0.8248583,0.8701765,0
1.0,0.8439563,0.9101976,0
1.0,0.84600854,0.9520355,0
1.0,0.8601423,1.0076774,0
1.0,0.8687678,1.027183,0
1.0,0.879497,1.0666208,0
1.0,0.87191725,1.0597401,0
1.0,0.8783374,1.1005757,0
1.0,0.87602437,1.1255783,0
1.0,0.8807925,1.1399188,0
1.0,0.8625601,1.0802357,0
1.0,0.87342256,1.1013861,0
1.0,0.8717214,1.1148467,0
1.0,0.87140733,1.092258,0
1.0,0.84988743,1.0239737,0
1.0,0.8732017,1.0402517,0
1.0,0.8685367,1.0142872,0
1.0,0.88062304,1.0669768,0
1.0,0.8823083,1.100198,0
1.0,0.8904166,1.1056495,0
1.0,0.89179766,1.1201453,0
1.0,0.89532787,1.1607243,0
1.0,0.8904758,1.2127466,0
1.0,0.8831957,1.2122344,0
1.0,0.8765173,1.2112343,0
1.0,0.8910867,1.2540281,0
1.0,0.8791687,1.2376127,0
1.0,0.88487,1.2867414,0
1.0,0.8781175,1.2881727,0
1.0,0.88730234,1.2759371,0
1.0,0.8765364,1.2370958,0
1.0,0.8810179,1.2511672,0
1.0,0.87809384,1.2642839,0
1.0,0.89224344,1.2798363,0
1.0,0.89954287,1.2631133,0
1.0,0.9040362,1.2544909,0
1.0,0.89957875,1.22604,0
1.0,0.9075758,1.2621148,0
1.0,0.9155507,1.3030972,0
1.0,0.9030766,1.2556626,0
1.0,0.9103641,1.275836,0
1.0,0.90096235,1.2855183,0
1.0,0.9063853,1.3323215,0
1.0,0.9004428,1.3542078,0
1.0,0.90505946,1.3878195,0
1.0,0.89365137,1.373297,0
1.0,0.90708935,1.4311715,0
1.0,0.9042651,1.4820719,0
1.0,0.9101481,1.500909,0
1.0,0.9000232,1.4520465,0
1.0,0.9106355,1.4636185,0
1.0,0.90736026,1.4246854,0
1.0,0.9083236,1.4237173,0
1.0,0.90902925,1.4151819,0
1.0,0.9138379,1.3496652,0
1.0,0.9176842,1.347873,0
1.0,0.9101838,1.3551899,0
1.0,0.9123341,1.3536642,0
1.0,0.90622896,1.3498075,0
1.0,0.91044027,1.360647,0
1.0,0.90756756,1.3385043,0
1.0,0.9088114,1.3463262,0
1.0,0.89866316,1.3823938,0
1.0,0.9044481,1.4571043,0
1.0,0.89578336,1.4112877,0
1.0,0.9015788,1.4299268,0
1.0,0.8921402,1.4480791,0
1.0,0.906888,1.4799633,0
1.0,0.89901364,1.4789879,0
1.0,0.9204744,1.5519114,0
1.0,0.905135,1.4482996,0
1.0,0.92202413,1.4685903,0
1.0,0.904339,1.4692864,0
1.0,0.9137932,1.446356,0
1.0,0.897043,1.3664435,0
1.0,0.91821957,1.4154546,0
1.0,0.8973354,1.3521402,0
1.0,0.904856,1.3519051,0
1.0,0.8891053,1.3321292,0
1.0,0.9013616,1.3052654,0
1.0,0.8936294,1.2527359,0
1.0,0.8982087,1.287338,0
1.0,0.8858904,1.3221146,0
1.0,0.8929328,1.3523275,0
1.0,0.88698804,1.3389976,0
1.0,0.9012314,1.3598475,0
1.0,0.8906347,1.3460534,0
1.0,0.90231025,1.4068234,0
1.0,0.8896944,1.3824254,0
1.0,0.9095507,1.3838544,0
1.0,0.8941279,1.3324902,0
1.0,0.90290785,1.3232836,0
1.0,0.8925863,1.2674019,0
1.0,0.89333063,1.2854373,0
1.0,0.8940978,1.2717408,0
1.0,0.90075946,1.1825166,0
1.0,0.9051751,1.1769557,0
1.0,0.913403,1.238113,0
1.0,0.90961415,1.230016,0
1.0,0.9081116,1.2218684,0
1.0,0.92074543,1.2531903,0
1.0,0.92367727,1.2155604,0
1.0,0.9144745,1.2349526,0
1.0,0.9192325,1.3195925,0
1.0,0.9178048,1.2897974,0
1.0,0.9227362,1.2812622,0
1.0,0.9157501,1.2809818,0
1.0,0.92061776,1.2843518,0
1.0,0.9127169,1.2593077,0
1.0,0.9137957,1.2732809,0
1.0,0.90737075,1.221209,0
1.0,0.9046419,1.1825786,0
1.0,0.9050177,1.195482,0
1.0,0.89564764,1.2082436,0
1.0,0.8969613,1.1539347,0
1.0,0.8949437,1.1080807,0
1.0,0.90112114,1.1420728,0
1.0,0.89415157,1.1233267,0
1.0,0.88758606,1.1070105,0
1.0,0.88834405,1.2047439,0
1.0,0.8639815,1.1250291,0
1.0,0.8648531,1.1030728,0
1.0,0.8436801,1.089502,0
1.0,0.8465775,1.1197429,0
1.0,0.8160704,1.0677357,0
1.0,0.82291794,1.0598173,0
1.0,0.8186328,1.0316412,0
1.0,0.8189599,1.0410793,0
1.0,0.8138428,1.0498109,0
1.0,0.8188978,1.085537,0
1.0,0.79243886,1.015064,0
1.0,0.7973092,0.9978787,0
1.0,0.79111946,0.96458435,0
1.0,0.8076426,1.0029547,0
1.0,0.78020704,0.94954896,0
1.0,0.80748177,0.9697701,0
1.0,0.7950354,0.9178491,0
1.0,0.82467264,0.9525121,0
1.0,0.7934448,0.91777664,0
1.0,0.81664115,1.0183852,0
1.0,0.8016382,1.0219164,0
1.0,0.8527841,1.1539572,0
1.0,0.84186214,1.1436474,0
1.0,0.862191,1.1898963,0
1.0,0.87488204,1.2490058,0
1.0,0.8968096,1.3361821,0
1.0,0.9015317,1.338737,0
1.0,0.91224843,1.3610245,0
1.0,0.9201925,1.3648212,0
1.0,0.93295103,1.3915582,0
1.0,0.9261054,1.3847389,0
1.0,0.93138784,1.3182874,0
1.0,0.92856884,1.3112655,0
1.0,0.9347009,1.3548207,0
1.0,0.93459857,1.3891225,0
1.0,0.9330893,1.3883379,0
1.0,0.92809695,1.3699863,0
1.0,0.9329168,1.3979647,0
1.0,0.94107586,1.3901988,0
1.0,0.92648494,1.3500726,0
1.0,0.929588,1.4026375,0
1.0,0.92611367,1.3424708,0
1.0,0.9384412,1.3491108,0
1.0,0.9259754,1.3510745,0
1.0,0.92949295,1.4008384,0
1.0,0.9166884,1.4183356,0
1.0,0.93284494,1.5164868,0
1.0,0.925367,1.4934434,0
1.0,0.92499566,1.4880855,0
1.0,0.9213191,1.5317563,0
1.0,0.9323624,1.5530545,0
1.0,0.92287046,1.4543688,0
1.0,0.9282857,1.4370623,0
1.0,0.9165757,1.3931339,0
1.0,0.9318528,1.429075,0
1.0,0.92173463,1.421958,0
1.0,0.9199585,1.4140543,0
1.0,0.9066209,1.3021429,0
1.0,0.91884637,1.3257837,0
1.0,0.91055965,1.3692381,0
1.0,0.90651435,1.3606837,0
1.0,0.888319,1.3275639,0
1.0,0.8977069,1.3702652,0
1.0,0.8963316,1.3451191,0
1.0,0.8882422,1.3496462,0
1.0,0.883094,1.3506577,0
1.0,0.89031464,1.3052148,0
1.0,0.89323336,1.3175108,0
1.0,0.88325346,1.3424397,0
1.0,0.8779931,1.3445626,0
1.0,0.8813053,1.3939435,0
1.0,0.8708924,1.3863282,0
1.0,0.8695376,1.3449237,0
1.0,0.8478678,1.2830782,0
1.0,0.8577453,1.3045137,0
1.0,0.8572197,1.2971606,0
1.0,0.85185474,1.2461705,0
1.0,0.8384175,1.1723701,0
1.0,0.84678715,1.1523545,0
1.0,0.8557567,1.1758599,0
1.0,0.8681669,1.2081113,0
1.0,0.85390675,1.1845767,0
1.0,0.86807185,1.2788942,0
1.0,0.8734094,1.3124845,0
1.0,0.8901426,1.3641226,0
1.0,0.87471056,1.3331733,0
1.0,0.8877358,1.3456523,0
1.0,0.89387155,1.367097,0
1.0,0.9052985,1.4062607,0
1.0,0.89330614,1.4037421,0
1.0,0.9037458,1.4468148,0
1.0,0.906981,1.4117216,0
1.0,0.9150302,1.4070457,0
1.0,0.9045328,1.3704505,0
1.0,0.90809506,1.3697157,0
1.0,0.92236245,1.3959968,0
1.0,0.92969817,1.3881285,0
1.0,0.9211071,1.3751049,0
1.0,0.9283789,1.4067454,0
1.0,0.92732215,1.3789077,0
1.0,0.9261164,1.3404461,0
1.0,0.9154832,1.3039289,0
1.0,0.9160894,1.315897,0
1.0,0.91364354,1.3279067,0
1.0,0.9056696,1.2980083,0
1.0,0.9101999,1.3060513,0
1.0,0.9119918,1.331093,0
1.0,0.91513383,1.3626006,0
1.0,0.9107795,1.3505794,0
1.0,0.91926223,1.363472,0
1.0,0.91403425,1.3300474,0
1.0,0.91470814,1.2900684,0
1.0,0.90901554,1.2644279,0
1.0,0.9148207,1.2633598,0
1.0,0.9148377,1.1870935,0
1.0,0.917529,1.1705612,0
1.0,0.9162007,1.1477175,0
1.0,0.9160875,1.1258548,0
1.0,0.914445,1.1342969,0
1.0,0.90566444,1.1178694,0
1.0,0.90094316,1.0961618,0
1.0,0.8958735,1.0840878,0
1.0,0.8800086,1.0513406,0
1.0,0.8736328,1.0361749,0
1.0,0.8768589,1.0482786,0
1.0,0.883064,1.0928676,0
1.0,0.8823151,1.0800657,0
1.0,0.88346016,1.0490053,0
1.0,0.89278054,1.0855076,0
1.0,0.8899443,1.0835071,0
1.0,0.8863814,1.0518715,0
1.0,0.88938755,1.0409136,0
1.0,0.8952691,1.0343175,0
1.0,0.89266586,1.0012805,0
1.0,0.8920846,0.9762936,0
1.0,0.89835656,0.9836199,0
1.0,0.8938287,0.9529826,0
1.0,0.89335746,0.94812423,0
1.0,0.8725978,0.92118835,0
1.0,0.8788415,0.9074664,0
1.0,0.86745167,0.8891392,0
1.0,0.8810868,0.9315898,0
1.0,0.8598003,0.8962964,0
1.0,0.87793213,0.9445296,0
1.0,0.8762421,0.9629315,0
1.0,0.8933145,0.97339594,0
1.0,0.8874545,0.9498978,0
1.0,0.8971385,0.99389374,0
1.0,0.88168895,0.96702933,0
1.0,0.89170426,0.9705858,0
1.0,0.8823428,0.9472902,0
1.0,0.8938139,0.94091165,0
1.0,0.8809669,0.87625045,0
1.0,0.90059805,0.8999884,0
1.0,0.8892231,0.8745659,0
1.0,0.8920846,0.85954434,0
1.0,0.8724044,0.830333,0
1.0,0.8760544,0.82863677,0
1.0,0.85837615,0.77946794,0
1.0,0.86258084,0.8045193,0
1.0,0.855952,0.7966343,0
1.0,0.8639737,0.7843468,0
1.0,0.8648482,0.7911376,0
1.0,0.8768584,0.83199817,0
1.0,0.8798433,0.846412,0
1.0,0.8872786,0.8545122,0
1.0,0.8772123,0.85529494,0
1.0,0.8773394,0.8684062,0
1.0,0.86700094,0.84971994,0
1.0,0.8802012,0.88502985,0
1.0,0.8579307,0.8278858,0
1.0,0.8706791,0.82844627,0
1.0,0.8714829,0.84966743,0
1.0,0.8824984,0.8495279,0
1.0,0.8620073,0.77438533,0
1.0,0.8608084,0.77333194,0
1.0,0.852698,0.76419103,0
1.0,0.8437298,0.74149,0
1.0,0.8149516,0.6943943,0
1.0,0.82758534,0.7146578,0
1.0,0.82522064,0.7124332,0
1.0,0.8433061,0.7461184,0
1.0,0.8314198,0.753778,0
1.0,0.8362155,0.7740821,0
1.0,0.849647,0.80583876,0
1.0,0.85811,0.84058213,0
1.0,0.8360279,0.79629934,0
1.0,0.8395097,0.80132246,0
1.0,0.84754515,0.8182455,0
1.0,0.8581794,0.82317233,0
1.0,0.8455676,0.7975973,0
1.0,0.84761935,0.82386905,0
1.0,0.8555534,0.8309288,0
1.0,0.85477555,0.81069285,0
1.0,0.8534739,0.81626046,0
1.0,0.84716386,0.7948812,0
1.0,0.8539489,0.80259705,0
1.0,0.85220677,0.82824004,0
1.0,0.8563486,0.8218018,0
1.0,0.85227764,0.791005,0
1.0,0.86893654,0.8344742,0
1.0,0.8735725,0.85406846,0
1.0,0.87997377,0.8663308,0
1.0,0.88132286,0.8689276,0
1.0,0.8902163,0.8890677,0
1.0,0.8868249,0.91691107,0
1.0,0.8789519,0.91298914,0
1.0,0.8842919,0.93682134,0
1.0,0.88885105,0.9239797,0
1.0,0.8894027,0.9077712,0
1.0,0.88375103,0.95696867,0
1.0,0.87745214,0.9957536,0
1.0,0.8814478,0.99515116,0
1.0,0.8749353,0.9809376,0
1.0,0.86643124,0.9300381,0
1.0,0.86508363,0.9101275,0
1.0,0.8772019,0.9512893,0
1.0,0.8783206,0.99785554,0
1.0,0.8625605,0.95733315,0
1.0,0.8726827,0.99033874,0
1.0,0.885126,1.0761343,0
1.0,0.89082426,1.1260701,0
1.0,0.86875516,1.1231997,0
1.0,0.89424986,1.1707976,0
1.0,0.88905215,1.1276758,0
1.0,0.8979858,1.1630143,0
1.0,0.8671416,1.1416326,0
1.0,0.8822065,1.1872598,0
1.0,0.8857071,1.1956271,0
1.0,0.896285,1.2140378,0
1.0,0.8747185,1.1526414,0
1.0,0.88597023,1.1617384,0
1.0,0.88745254,1.2110534,0
1.0,0.89285713,1.2445359,0
1.0,0.8803993,1.2005818,0
1.0,0.89724565,1.2495573,0
1.0,0.90171,1.2987572,0
1.0,0.9024443,1.2727296,0
1.0,0.9053377,1.2840064,0
1.0,0.91335636,1.305605,0
1.0,0.9167618,1.3244135,0
1.0,0.91451025,1.4069426,0
1.0,0.92000043,1.5000101,0
1.0,0.91335535,1.4346242,0
1.0,0.9201765,1.4432533,0
1.0,0.91649157,1.4548066,0
1.0,0.9262961,1.5067215,0
1.0,0.9192452,1.5315845,0
1.0,0.93177664,1.607264,0
1.0,0.9271804,1.5635138,0
1.0,0.93367773,1.5878394,0
1.0,0.9278233,1.5932426,0
1.0,0.9328263,1.5558112,0
1.0,0.9180644,1.4724829,0
1.0,0.9297028,1.4644616,0
1.0,0.9329283,1.4598142,0
1.0,0.9385832,1.4860125,0
1.0,0.9303044,1.4560375,0
1.0,0.9391559,1.4572248,0
1.0,0.93706274,1.4758946,0
1.0,0.9405455,1.5135349,0
1.0,0.93317825,1.5434358,0
1.0,0.9316598,1.5754032,0
1.0,0.92874306,1.5799227,0
1.0,0.93359536,1.5818465,0
1.0,0.9229751,1.5343262,0
1.0,0.92044914,1.5590231,0
1.0,0.92267483,1.621517,0
1.0,0.92641854,1.5929059,0
1.0,0.9144429,1.5688667,0
1.0,0.90827614,1.5690134,0
1.0,0.90806794,1.548421,0
1.0,0.90471655,1.530231,0
1.0,0.88672996,1.4120002,0
1.0,0.8914311,1.3017355,0
1.0,0.9001249,1.3344136,0
1.0,0.8992002,1.3502855,0
1.0,0.8999876,1.3549128,0
1.0,0.9022412,1.3724805,0
1.0,0.89203423,1.3592751,0
1.0,0.89632106,1.347418,0
1.0,0.89363366,1.3180543,0
1.0,0.89253175,1.3212898,0
1.0,0.8767251,1.2800436,0
1.0,0.86928266,1.260384,0
1.0,0.8648032,1.308133,0
1.0,0.87854,1.4115183,0
1.0,0.8618494,1.3644638,0
1.0,0.871275,1.3684158,0
1.0,0.87932515,1.3853691,0
1.0,0.89866805,1.3933967,0
1.0,0.888752,1.3432379,0
1.0,0.9028716,1.3479397,0
1.0,0.90306413,1.2766192,0
1.0,0.9187849,1.2909471,0
1.0,0.9061794,1.2774233,0
1.0,0.91231966,1.2786514,0
1.0,0.9095372,1.2880254,0
1.0,0.92353034,1.3108431,0
1.0,0.9108506,1.2212715,0
1.0,0.92228824,1.2384824,0
1.0,0.90375036,1.2207114,0
1.0,0.9195583,1.2347722,0
1.0,0.9110001,1.2235738,0
1.0,0.9166465,1.2514112,0
1.0,0.90782285,1.2410605,0
1.0,0.9226344,1.2965107,0
1.0,0.9161407,1.24933,0
1.0,0.9245425,1.236118,0
1.0,0.9158723,1.1887074,0
1.0,0.9259833,1.1931838,0
1.0,0.9170352,1.1625588,0
1.0,0.9275037,1.1321813,0
1.0,0.91348493,1.0725915,0
1.0,0.919965,1.058042,0
1.0,0.90508264,1.0021769,0
1.0,0.9065639,1.0116043,0
1.0,0.88534915,0.917348,0
1.0,0.89516336,0.8582562,0
1.0,0.8803494,0.8237859,0
1.0,0.88777405,0.85313094,0
1.0,0.85503304,0.8365524,0
1.0,0.87362957,0.8907551,0
1.0,0.8555753,0.847641,0
1.0,0.85961217,0.86744046,0
1.0,0.83997107,0.8585388,0
1.0,0.8619313,0.88312376,0
1.0,0.8371127,0.805019,0
1.0,0.86461544,0.81313026,0
1.0,0.84446925,0.7446737,0
1.0,0.8606925,0.7624507,0
1.0,0.8454384,0.73077214,0
1.0,0.8809254,0.76163,0
1.0,0.8585355,0.6729975,0
1.0,0.8682969,0.6780248,0
1.0,0.8440301,0.6388073,0
1.0,0.8537455,0.6540446,0
1.0,0.82865435,0.6188036,0
1.0,0.8542093,0.6280733,0
1.0,0.84764767,0.61171377,0
1.0,0.8636895,0.64206046,0
1.0,0.85566425,0.66000104,0
1.0,0.87448597,0.6914443,0
1.0,0.8683281,0.6526259,0
1.0,0.87625015,0.6899228,0
1.0,0.8566021,0.6755878,0
1.0,0.87040436,0.69819725,0
1.0,0.8763935,0.71965355,0
1.0,0.88596314,0.7110865,0
1.0,0.8721354,0.67863,0
1.0,0.8745323,0.67760605,0
1.0,0.88643795,0.69336,0
1.0,0.88137674,0.6901101,0
1.0,0.8612144,0.6114321,0
1.0,0.8572031,0.58585095,0
1.0,0.8633078,0.59537613,0
1.0,0.83743656,0.54778373,0
1.0,0.83566195,0.5691353,0
1.0,0.83664286,0.5560237,0
1.0,0.84974504,0.561854,0
1.0,0.85412645,0.5955695,0
1.0,0.84174997,0.60615706,0
1.0,0.8295252,0.59981596,0
1.0,0.82645816,0.6112633,0
1.0,0.83759224,0.63410556,0
1.0,0.81486404,0.6071756,0
1.0,0.8210829,0.635844,0
1.0,0.8088296,0.62773526,0
1.0,0.8253155,0.63283217,0
1.0,0.8159428,0.6141896,0
1.0,0.8048843,0.60621023,0
1.0,0.7852215,0.5775608,0
1.0,0.80670536,0.621173,0
1.0,0.7932604,0.5825757,0
1.0,0.7784293,0.53515303,0
1.0,0.74509346,0.4972244,0
1.0,0.75887203,0.52836174,0
1.0,0.75288594,0.5174806,0
1.0,0.7368246,0.4911333,0
1.0,0.74305564,0.49863476,0
1.0,0.76788986,0.56775117,0
1.0,0.77617633,0.6033746,0
1.0,0.7535081,0.5975121,0
1.0,0.7917689,0.7056215,0
1.0,0.7864001,0.67949206,0
1.0,0.8340922,0.75791776,0
1.0,0.81255186,0.75741184,0
1.0,0.8322271,0.7954297,0
1.0,0.8214223,0.77232695,0
1.0,0.8568158,0.7998862,0
1.0,0.82657886,0.76033914,0
1.0,0.8556575,0.83024037,0
1.0,0.84517777,0.802539,0
1.0,0.85350925,0.79353994,0
1.0,0.83548915,0.7467319,0
1.0,0.8558185,0.7920287,0
1.0,0.84062594,0.78106666,0
1.0,0.84035224,0.78227776,0
1.0,0.8349033,0.7879047,0
1.0,0.8557217,0.83150756,0
1.0,0.84822965,0.8355684,0
1.0,0.8542952,0.87292236,0
1.0,0.8473183,0.86927545,0
1.0,0.8671966,0.9072043,0
1.0,0.8526653,0.8941369,0
1.0,0.84735614,0.92724067,0
1.0,0.8335646,0.9157444,0
1.0,0.85208774,0.95485646,0
1.0,0.8488012,0.95211184,0
1.0,0.8348601,0.9206093,0
1.0,0.8203515,0.9068397,0
1.0,0.83818084,0.9534725,0
1.0,0.8289115,0.8975911,0
1.0,0.80324787,0.8418788,0
1.0,0.78965545,0.8396331,0
1.0,0.8026919,0.82493573,0
1.0,0.78612316,0.8038253,0
1.0,0.79383564,0.8454022,0
1.0,0.79011154,0.8141767,0
1.0,0.8064003,0.8527418,0
1.0,0.8041543,0.9009402,0
1.0,0.8119744,0.9415694,0
1.0,0.8062264,0.92823696,0
1.0,0.8151851,0.95653224,0
1.0,0.808607,0.98853815,0
1.0,0.8096744,1.012366,0
1.0,0.81082624,1.0342256,0
1.0,0.8206182,1.0621533,0
1.0,0.8179546,1.046828,0
1.0,0.8208201,1.0658985,0
1.0,0.81663185,1.0469269,0
1.0,0.816025,1.023642,0
1.0,0.80737555,1.004058,0
1.0,0.80543756,0.992839,0
1.0,0.7982051,0.97237825,0
1.0,0.79057777,0.9700533,0
1.0,0.78223103,0.95742476,0
1.0,0.78623956,0.9330362,0
1.0,0.7806146,0.93402237,0
1.0,0.78085077,0.9600444,0
1.0,0.7752644,0.9451133,0
1.0,0.775209,0.9757389,0
1.0,0.76443934,0.97856987,0
1.0,0.7687881,0.97648704,0
1.0,0.7669771,0.9809972,0
1.0,0.7760877,1.0241113,0
1.0,0.7686121,1.0099978,0
1.0,0.79189736,1.0646608,0
1.0,0.7885548,1.0624933,0
1.0,0.79703975,1.0703348,0
1.0,0.78197277,1.05411,0
1.0,0.78321123,1.0635266,0
1.0,0.7807844,1.019151,0
1.0,0.78547966,0.99292797,0
1.0,0.7817828,0.97838813,0
1.0,0.78424716,0.9772228,0
1.0,0.78965396,0.95829344,0
1.0,0.80165106,0.9810841,0
1.0,0.79957086,0.97482,0
1.0,0.8106835,0.9917784,0
1.0,0.805862,1.0098096,0
1.0,0.8128745,1.051716,0
1.0,0.8089845,1.0576445,0
1.0,0.8224728,1.077741,0
1.0,0.822168,1.0848596,0
1.0,0.8332953,1.1421359,0
1.0,0.83939576,1.159128,0
1.0,0.86437625,1.2365031,0
1.0,0.8630389,1.2300534,0
1.0,0.87081,1.2437078,0
1.0,0.86548805,1.2663398,0
1.0,0.86079746,1.2681985,0
1.0,0.8519211,1.2397915,0
1.0,0.853084,1.2017777,0
1.0,0.85185397,1.187021,0
1.0,0.8566283,1.2103342,0
1.0,0.85829973,1.2013719,0
1.0,0.86645883,1.2222404,0
1.0,0.86140215,1.1899548,0
1.0,0.8711488,1.1939723,0
1.0,0.8692475,1.2230854,0
1.0,0.8693356,1.2412863,0
1.0,0.8579008,1.2274017,0
1.0,0.8660408,1.2464092,0
1.0,0.86537755,1.2442797,0
1.0,0.86621904,1.2729199,0
1.0,0.856791,1.301179,0
1.0,0.864875,1.3576196,0
1.0,0.8673116,1.3538871,0
1.0,0.8712748,1.3423034,0
1.0,0.8625556,1.32711,0
1.0,0.8557346,1.3161359,0
1.0,0.8523582,1.3133304,0
1.0,0.86435336,1.3215783,0
1.0,0.8531212,1.2647952,0
1.0,0.862132,1.2989677,0
1.0,0.8585189,1.35847,0
1.0,0.87021464,1.3869413,0
1.0,0.87420666,1.3747749,0
1.0,0.8909751,1.3914154,0
1.0,0.8897072,1.4026744,0
1.0,0.89660674,1.4446831,0
1.0,0.8947755,1.4417357,0
1.0,0.9058964,1.466248,0
1.0,0.89935195,1.4578949,0
1.0,0.9050083,1.493079,0
1.0,0.901979,1.5106192,0
1.0,0.9060398,1.5596371,0
1.0,0.90308887,1.5881381,0
1.0,0.9110801,1.5928147,0
1.0,0.9108954,1.5828576,0
1.0,0.91058135,1.606453,0
1.0,0.90548533,1.6163666,0
1.0,0.907365,1.5999123,0
1.0,0.90837735,1.571259,0
1.0,0.9091381,1.5635581,0
1.0,0.90353626,1.5666934,0
1.0,0.8988432,1.6081536,0
1.0,0.9143469,1.6569529,0
1.0,0.9112141,1.6308216,0
1.0,0.9186804,1.6786916,0
1.0,0.9120246,1.7122927,0
1.0,0.9171355,1.7915027,0
1.0,0.9059178,1.7896553,0
1.0,0.91418856,1.7998205,0
1.0,0.8991782,1.7815458,0
1.0,0.9063482,1.8368555,0
1.0,0.8871268,1.8425121,0
1.0,0.9071023,1.9019794,0
1.0,0.8950097,1.8417693,0
1.0,0.9111464,1.9141604,0
1.0,0.9026118,1.9253867,0
1.0,0.9140306,1.9467409,0
1.0,0.90054816,1.9101887,0
1.0,0.91688436,1.9531751,0
1.0,0.9085851,1.90134,0
1.0,0.91839993,1.9315665,0
1.0,0.9049627,1.9723246,0
1.0,0.9177626,2.0133934,0
1.0,0.90693784,1.9616623,0
1.0,0.9235004,2.0925603,0
1.0,0.9108138,2.0825272,0
1.0,0.91807055,2.1336381,0
1.0,0.90825975,2.1796951,0
1.0,0.9166397,2.1809697,0
1.0,0.90389544,2.2027402,0
1.0,0.9122587,2.3082685,0
1.0,0.8988079,2.279723,0
1.0,0.90974927,2.3381906,0
1.0,0.897155,2.288968,0
1.0,0.91163665,2.3218188,0
1.0,0.9048136,2.3037941,0
1.0,0.9092868,2.3320591,0
1.0,0.9006287,2.3336587,0
1.0,0.91070473,2.3165858,0
1.0,0.9017472,2.2905893,0
1.0,0.90847594,2.350431,0
1.0,0.8999444,2.3352642,0
1.0,0.9106406,2.4338028,0
1.0,0.90591174,2.4122205,0
1.0,0.91372514,2.391698,0
1.0,0.91037434,2.433342,0
1.0,0.9209412,2.4872007,0
1.0,0.9169556,2.4740977,0
1.0,0.91936046,2.5147424,0
1.0,0.9133796,2.5202906,0
1.0,0.9208913,2.5822346,0
1.0,0.9136452,2.6106775,0
1.0,0.91669166,2.637735,0
1.0,0.91249335,2.5743458,0
1.0,0.9176964,2.5897882,0
1.0,0.9143479,2.5990336,0
1.0,0.916407,2.541832,0
1.0,0.91587466,2.533177,0
1.0,0.9170161,2.5558782,0
1.0,0.9141239,2.520577,0
1.0,0.9137318,2.5201147,0
1.0,0.9119312,2.4979234,0
1.0,0.91203403,2.4747381,0
1.0,0.91291225,2.4757829,0
1.0,0.91150045,2.4687638,0
1.0,0.90980583,2.4643736,0
1.0,0.90798646,2.4540787,0
1.0,0.9068098,2.4556458,0
1.0,0.9071435,2.4524899,0
1.0,0.9022719,2.431321,0
1.0,0.9027079,2.4748955,0
1.0,0.9022951,2.4860287,0
1.0,0.90433407,2.4416542,0
1.0,0.90569454,2.4031749,0
1.0,0.9053198,2.3703232,0
1.0,0.9070139,2.3653579,0
1.0,0.9145228,2.3930426,0
1.0,0.9170343,2.3999717,0
1.0,0.9179498,2.3732653,0
1.0,0.9171747,2.3516257,0
1.0,0.91705245,2.3718376,0
1.0,0.91123104,2.3290937,0
1.0,0.91490096,2.2684078,0
1.0,0.91425914,2.2423372,0
1.0,0.9164447,2.2530575,0
1.0,0.91481805,2.2645607,0
1.0,0.92392105,2.348581,0
1.0,0.9224252,2.3592782,0
1.0,0.9308168,2.3591042,0
1.0,0.9253895,2.3468285,0
1.0,0.93196213,2.3833385,0
1.0,0.9285669,2.3311458,0
1.0,0.939193,2.341825,0
1.0,0.934395,2.3226714,0
1.0,0.9387378,2.3054352,0
1.0,0.93332225,2.2848425,0
1.0,0.9383059,2.2981148,0
1.0,0.92926604,2.2545779,0
1.0,0.9328965,2.2552123,0
1.0,0.9256518,2.2432568,0
1.0,0.9266442,2.264071,0
1.0,0.90782577,2.1898255,0
1.0,0.91140044,2.165614,0
1.0,0.9035511,2.1217499,0
1.0,0.9080627,2.1381207,0
1.0,0.897318,2.1477528,0
1.0,0.90826154,2.2540727,0
1.0,0.9042161,2.2608783,0
1.0,0.9140263,2.2728293,0
1.0,0.91316384,2.229909,0
1.0,0.9153128,2.2489097,0
1.0,0.9123074,2.2721624,0
1.0,0.9164267,2.2562642,0
1.0,0.91847646,2.2639852,0
1.0,0.91613066,2.2610898,0
1.0,0.91121805,2.227075,0
1.0,0.90320474,2.226073,0
1.0,0.90369445,2.2133949,0
1.0,0.9040061,2.1374936,0
1.0,0.90686303,2.116086,0
1.0,0.9051088,2.1040015,0
1.0,0.90733784,2.1102252,0
1.0,0.90723217,2.1246376,0
1.0,0.90914637,2.1322033,0
1.0,0.90999717,2.1446478,0
1.0,0.91448796,2.1701188,0
1.0,0.91211236,2.2027707,0
1.0,0.916219,2.2686555,0
1.0,0.91859525,2.2784698,0
1.0,0.92523867,2.2721505,0
1.0,0.9173569,2.2517796,0
1.0,0.91752046,2.279652,0
1.0,0.9192016,2.2768426,0
1.0,0.922446,2.264769,0
1.0,0.9170386,2.2485647,0
1.0,0.9140048,2.236591,0
1.0,0.91244245,2.2384171,0
1.0,0.90527153,2.2078757,0
1.0,0.9025178,2.0984476,0
1.0,0.9007518,2.046551,0
1.0,0.9024451,2.0715714,0
1.0,0.8991091,2.0860186,0
1.0,0.8953389,2.1074207,0
1.0,0.89623326,2.125806,0
1.0,0.90114653,2.1325588,0
1.0,0.9029479,2.1430852,0
1.0,0.90022725,2.1532464,0
1.0,0.899118,2.1780763,0
1.0,0.90569377,2.1921468,0
1.0,0.9069489,2.1917744,0
1.0,0.90363216,2.216919,0
1.0,0.9002127,2.2338095,0
1.0,0.90367997,2.2793913,0
1.0,0.90060735,2.2676313,0
1.0,0.89708817,2.2041416,0
1.0,0.89441925,2.1880732,0
1.0,0.8982381,2.1899152,0
1.0,0.8852132,2.1584868,0
1.0,0.88630813,2.1642225,0
1.0,0.8829624,2.1072054,0
1.0,0.8925151,2.1249793,0
1.0,0.88769025,2.1426399,0
1.0,0.88490075,2.138054,0
1.0,0.8882225,2.1369123,0
1.0,0.90047354,2.1683035,0
1.0,0.8979283,2.1598535,0
1.0,0.89722484,2.1604276,0
1.0,0.88940895,2.1365912,0
1.0,0.89617264,2.1974328,0
1.0,0.8972974,2.2288342,0
1.0,0.8920902,2.215465,0
1.0,0.8905341,2.2392018,0
1.0,0.8906334,2.2234473,0
1.0,0.886902,2.1947334,0
1.0,0.8859067,2.1746297,0
1.0,0.88420856,2.124134,0
1.0,0.88439244,2.13219,0
1.0,0.88106817,2.120114,0
1.0,0.8819376,2.1112766,0
1.0,0.87967557,2.0946906,0
1.0,0.8756128,2.0635765,0
1.0,0.8775708,2.0612915,0
1.0,0.8723992,2.0353265,0
1.0,0.87317526,2.0483232,0
1.0,0.8644064,2.0267694,0
1.0,0.86965203,2.0414872,0
1.0,0.86820024,2.0593805,0
1.0,0.8667985,2.1047964,0
1.0,0.8584421,2.1063428,0
1.0,0.86886954,2.107511,0
1.0,0.8679164,2.0871053,0
1.0,0.8719553,2.106132,0
1.0,0.8657804,2.0908062,0
1.0,0.86855084,2.1021705,0
1.0,0.869782,2.1046498,0
1.0,0.86853,2.0648456,0
1.0,0.8632527,2.0076632,0
1.0,0.864688,1.9919084,0
1.0,0.86228025,1.971257,0
1.0,0.8608957,1.959935,0
1.0,0.8619348,1.933497,0
1.0,0.8643976,1.9195044,0
1.0,0.8661683,1.9375527,0
1.0,0.8653539,1.9384614,0
1.0,0.86779124,1.954927,0
1.0,0.86265385,1.9230953,0
1.0,0.86512864,1.9019346,0
1.0,0.861127,1.9257812,0
1.0,0.86809963,1.9410024,0
1.0,0.86259615,1.904628,0
1.0,0.8669672,1.930237,0
1.0,0.8656701,1.9134787,0
1.0,0.8645296,1.9033456,0
1.0,0.8561787,1.880435,0
1.0,0.852085,1.8523457,0
1.0,0.8497935,1.8151724,0
1.0,0.84905916,1.7648903,0
1.0,0.83546853,1.6992908,0
1.0,0.83192414,1.6611719,0
1.0,0.83039904,1.6194162,0
1.0,0.8422564,1.645131,0
1.0,0.83336693,1.6111202,0
1.0,0.83805794,1.6181169,0
1.0,0.833952,1.6245528,0
1.0,0.83570516,1.6118138,0
1.0,0.8198772,1.543855,0
1.0,0.82171464,1.5509,0
1.0,0.81888765,1.5469313,0
1.0,0.825686,1.5999205,0
1.0,0.82112694,1.6233242,0
1.0,0.82166535,1.6061213,0
1.0,0.82276094,1.5950372,0
1.0,0.82290167,1.570716,0
1.0,0.81165695,1.513992,0
1.0,0.81402016,1.4855388,0
1.0,0.8077508,1.4272072,0
1.0,0.8094199,1.4203362,0
1.0,0.7947043,1.3791713,0
1.0,0.7982193,1.3746539,0
1.0,0.7913929,1.3169612,0
1.0,0.79904824,1.3058977,0
1.0,0.786288,1.2865795,0
1.0,0.7979257,1.3289042,0
1.0,0.78505284,1.2940321,0
1.0,0.79066694,1.2864397,0
1.0,0.77318794,1.2660177,0
1.0,0.78792626,1.2942117,0
1.0,0.77658737,1.2495844,0
1.0,0.78979343,1.299866,0
1.0,0.7784203,1.275518,0
1.0,0.7925378,1.3016198,0
1.0,0.7765635,1.2542192,0
1.0,0.7812253,1.245642,0
1.0,0.76293087,1.2028917,0
1.0,0.7752646,1.2072378,0
1.0,0.7542237,1.133765,0
1.0,0.7600327,1.123662,0
1.0,0.7577606,1.0921451,0
1.0,0.7721833,1.09113,0
1.0,0.7596621,1.0607324,0
1.0,0.7796007,1.0912342,0
1.0,0.7767932,1.047279,0
1.0,0.8065588,1.1216009,0
1.0,0.7906417,1.1100097,0
1.0,0.80786043,1.1449051,0
1.0,0.79531866,1.146021,0
1.0,0.8125856,1.1972708,0
1.0,0.79919475,1.1824617,0
1.0,0.8033653,1.2050102,0
1.0,0.793237,1.1821446,0
1.0,0.8027754,1.2168498,0
1.0,0.79491603,1.1872387,0
1.0,0.7942599,1.1670103,0
1.0,0.7880377,1.142719,0
1.0,0.7962356,1.1109841,0
1.0,0.7874489,1.0836602,0
1.0,0.79548204,1.0944343,0
1.0,0.78197974,1.0150441,0
1.0,0.8011632,1.0609725,0
1.0,0.78877604,1.0490724,0
1.0,0.79552406,1.0528351,0
1.0,0.77904016,1.0435778,0
1.0,0.79661304,1.0897684,0
1.0,0.78252316,1.0509646,0
1.0,0.7819761,1.0570636,0
1.0,0.7606969,1.0505834,0
1.0,0.774846,1.090538,0
1.0,0.76236135,1.0771302,0
1.0,0.7648075,1.1283712,0
1.0,0.7526428,1.1264154,0
1.0,0.7701918,1.1822412,0
1.0,0.7632926,1.1970576,0
1.0,0.7742997,1.219011,0
1.0,0.7663789,1.2065492,0
1.0,0.7865583,1.2395749,0
1.0,0.77802813,1.220026,0
1.0,0.7900025,1.2661145,0
1.0,0.78761303,1.224077,0
1.0,0.80950016,1.258846,0
1.0,0.80261195,1.2391319,0
1.0,0.80756384,1.2254497,0
1.0,0.80784535,1.2525003,0
1.0,0.814935,1.2705293,0
1.0,0.8106252,1.2868334,0
1.0,0.8190414,1.3535329,0
1.0,0.81327474,1.353814,0
1.0,0.81416523,1.3988907,0
1.0,0.80656016,1.4304204,0
1.0,0.81353235,1.4790101,0
1.0,0.81338483,1.5021001,0
1.0,0.8128353,1.492052,0
1.0,0.810618,1.4877989,0
1.0,0.81826127,1.5225253,0
1.0,0.82534105,1.5290754,0
1.0,0.8225749,1.5151353,0
1.0,0.8145638,1.4998659,0
1.0,0.81914216,1.4997833,0
1.0,0.82130265,1.477897,0
1.0,0.809651,1.4345582,0
1.0,0.8018652,1.4160289,0
1.0,0.8048548,1.4242904,0
1.0,0.79827446,1.4112415,0
1.0,0.7797933,1.3914118,0
1.0,0.7760064,1.3853558,0
1.0,0.7801924,1.3856883,0
1.0,0.78267187,1.4202511,0
1.0,0.7742432,1.4415939,0
1.0,0.7773208,1.4556577,0
1.0,0.7896078,1.4870464,0
1.0,0.7953216,1.5243952,0
1.0,0.7892958,1.5197982,0
1.0,0.79389054,1.5471482,0
1.0,0.79673034,1.5724071,0
1.0,0.8024688,1.5539459,0
1.0,0.7949267,1.5107162,0
1.0,0.8009761,1.5136353,0
1.0,0.7989235,1.5098484,0
1.0,0.8057106,1.5174489,0
1.0,0.80891126,1.4950423,0
1.0,0.82061374,1.5033221,0
1.0,0.82116544,1.4785161,0
1.0,0.82745516,1.4946802,0
1.0,0.82364833,1.5302986,0
1.0,0.83098376,1.5388602,0
1.0,0.8295948,1.509826,0
1.0,0.8371332,1.5418314,0
1.0,0.83790433,1.5805578,0
1.0,0.8485308,1.674338,0
1.0,0.8640024,1.7540206,0
1.0,0.8708311,1.7630608,0
1.0,0.87671655,1.7872274,0
1.0,0.8782284,1.790659,0
1.0,0.8773485,1.7857834,0
1.0,0.88682574,1.8143666,0
1.0,0.8869834,1.7804772,0
1.0,0.8870707,1.7698021,0
1.0,0.8870799,1.7737784,0
1.0,0.8922396,1.7924582,0
1.0,0.8889973,1.7791668,0
1.0,0.8853671,1.7327015,0
1.0,0.88824123,1.7360482,0
1.0,0.8892185,1.7549855,0
1.0,0.87561744,1.7519388,0
1.0,0.87983006,1.8087001,0
1.0,0.88144916,1.8044219,0
1.0,0.892643,1.8475342,0
1.0,0.8863575,1.8625222,0
1.0,0.8900799,1.8914772,0
1.0,0.89602286,1.9255447,0
1.0,0.9091061,1.9766293,0
1.0,0.9010171,1.9710535,0
1.0,0.902729,1.9828172,0
1.0,0.89247364,1.9915817,0
1.0,0.8987974,2.0414667,0
1.0,0.8823484,1.9471153,0
1.0,0.8853246,1.9402477,0
1.0,0.88036525,1.9314139,0
1.0,0.88022524,1.9138256,0
1.0,0.8674167,1.8725479,0
1.0,0.8831372,1.8826866,0
1.0,0.8816084,1.8548753,0
1.0,0.89527065,1.8989327,0
1.0,0.88509786,1.8767983,0
1.0,0.89757407,1.9286187,0
1.0,0.8903214,1.9129143,0
1.0,0.90453726,1.9644526,0
1.0,0.8942948,1.9692093,0
1.0,0.89514846,1.9754243,0
1.0,0.88621,1.9646869,0
1.0,0.89490044,1.9973013,0
1.0,0.8806142,1.9397051,0
1.0,0.88654065,1.9645209,0
1.0,0.87577844,1.9398192,0
1.0,0.8761394,1.932637,0
1.0,0.86498207,1.8622725,0
1.0,0.87229365,1.8233356,0
1.0,0.86288375,1.8010584,0
1.0,0.8703999,1.8130088,0
1.0,0.8574644,1.7746062,0
1.0,0.86719286,1.824323,0
1.0,0.84999955,1.741163,0
1.0,0.86663276,1.7668754,0
1.0,0.8506202,1.7496529,0
1.0,0.85099745,1.7608023,0
1.0,0.8350997,1.7088377,0
1.0,0.8528838,1.7611485,0
1.0,0.8423417,1.7323573,0
1.0,0.8480214,1.7654399,0
1.0,0.83805275,1.8028421,0
1.0,0.8436503,1.7890215,0
1.0,0.84156424,1.7357016,0
1.0,0.84429437,1.7523313,0
1.0,0.84367645,1.7263899,0
1.0,0.85004836,1.7411562,0
1.0,0.86007196,1.7683246,0
1.0,0.8503984,1.7206545,0
1.0,0.84574425,1.7033727,0
1.0,0.84763306,1.7023263,0
1.0,0.8505323,1.7009017,0
1.0,0.83458906,1.6445634,0
1.0,0.8310749,1.6215434,0
1.0,0.8314289,1.6217606,0
1.0,0.8441307,1.6626996,0
1.0,0.82838273,1.6440043,0
1.0,0.8356305,1.6990265,0
1.0,0.83436364,1.6992276,0
1.0,0.84870905,1.7497208,0
1.0,0.83351314,1.7548513,0
1.0,0.8376162,1.7641395,0
1.0,0.825555,1.744472,0
1.0,0.845064,1.8342572,0
1.0,0.82932717,1.7721736,0
1.0,0.83519673,1.7946489,0
1.0,0.834483,1.8182595,0
1.0,0.848153,1.8196211,0
1.0,0.8358301,1.7460845,0
1.0,0.8312034,1.7136338,0
1.0,0.8286651,1.6705587,0
1.0,0.82988524,1.6815531,0
1.0,0.82585686,1.6772964,0
1.0,0.8167234,1.6182598,0
1.0,0.8184772,1.6568577,0
1.0,0.8218236,1.6855786,0
1.0,0.820673,1.6738558,0
1.0,0.8140976,1.6863797,0
1.0,0.81933796,1.7069205,0
1.0,0.8222506,1.7487166,0
1.0,0.8196005,1.7554626,0
1.0,0.80992186,1.7277163,0
1.0,0.8156735,1.7703407,0
1.0,0.8179139,1.7577322,0
1.0,0.8134865,1.742233,0
1.0,0.8042701,1.7168857,0
1.0,0.80755746,1.6932867,0
1.0,0.8058744,1.6827862,0
1.0,0.80119884,1.6570994,0
1.0,0.7917956,1.5907607,0
1.0,0.7899916,1.5528712,0
1.0,0.7886686,1.5305414,0
1.0,0.78112423,1.4986196,0
1.0,0.7778149,1.4832423,0
1.0,0.7824027,1.5056736,0
1.0,0.7873512,1.4960536,0
1.0,0.78076506,1.4544146,0
1.0,0.77983916,1.4665682,0
1.0,0.7813092,1.4794075,0
1.0,0.7853949,1.502162,0
1.0,0.7876116,1.5212282,0
1.0,0.78464854,1.5242484,0
1.0,0.7867293,1.5599495,0
1.0,0.79157335,1.6036611,0
1.0,0.7972987,1.6191676,0
1.0,0.80093277,1.5992651,0
1.0,0.8065078,1.6003584,0
1.0,0.81042606,1.6139908,0
1.0,0.8126269,1.5787182,0
1.0,0.82143897,1.570633,0
1.0,0.8203408,1.5591456,0
1.0,0.82383996,1.5252227,0
1.0,0.82122743,1.5230428,0
1.0,0.82729495,1.5342417,0
1.0,0.81829095,1.4748027,0
1.0,0.82535106,1.5157614,0
1.0,0.8225407,1.5063652,0
1.0,0.8258969,1.5263811,0
1.0,0.8146388,1.5329542,0
1.0,0.81699795,1.5562835,0
1.0,0.81843287,1.6084645,0
1.0,0.8227633,1.6072437,0
1.0,0.81447065,1.619489,0
1.0,0.82702994,1.7286013,0
1.0,0.83108985,1.7185476,0
1.0,0.8484184,1.7631563,0
1.0,0.8417249,1.7323229,0
1.0,0.84752274,1.7249634,0
1.0,0.8453714,1.7164097,0
1.0,0.85041195,1.7083097,0
1.0,0.8394709,1.6598963,0
1.0,0.8405102,1.6454082,0
1.0,0.83535075,1.6415224,0
1.0,0.8301893,1.6283724,0
1.0,0.8156213,1.5758418,0
1.0,0.81423616,1.5579847,0
1.0,0.814545,1.5493274,0
1.0,0.81190145,1.5829132,0
1.0,0.8131618,1.6192893,0
1.0,0.80971736,1.6202145,0
1.0,0.81746566,1.6755935,0
1.0,0.8162519,1.6999414,0
1.0,0.8167204,1.7208426,0
1.0,0.8141032,1.72387,0
1.0,0.8190553,1.7185225,0
1.0,0.8179225,1.7211096,0
1.0,0.817343,1.7225409,0
1.0,0.80621505,1.6584738,0
1.0,0.80653447,1.6639786,0
1.0,0.79268265,1.6212599,0
1.0,0.79194176,1.5850883,0
1.0,0.7812711,1.5424844,0
1.0,0.7772634,1.4935067,0
1.0,0.7741419,1.4817166,0
1.0,0.7665871,1.443814,0
1.0,0.76194644,1.4018052,0
1.0,0.76699996,1.4299059,0
1.0,0.77344537,1.4373145,0
1.0,0.78082114,1.4720244,0
1.0,0.7820701,1.5057356,0
1.0,0.7864457,1.5262341,0
1.0,0.79466325,1.5597045,0
1.0,0.7956925,1.5597891,0
1.0,0.79465884,1.5664487,0
1.0,0.78808653,1.5635128,0
1.0,0.7906228,1.5585896,0
1.0,0.79055613,1.546526,0
1.0,0.784191,1.5169946,0
1.0,0.78261334,1.4989123,0
1.0,0.780531,1.4598279,0
1.0,0.78294694,1.425094,0
1.0,0.7755153,1.3972125,0
1.0,0.77959764,1.3991045,0
1.0,0.77544427,1.3700364,0
1.0,0.77936566,1.3772388,0
1.0,0.7723518,1.3698599,0
1.0,0.7790811,1.3966495,0
1.0,0.7786289,1.4187983,0
1.0,0.7813243,1.4341755,0
1.0,0.7826583,1.4384804,0
1.0,0.7880594,1.4600935,0
1.0,0.78866875,1.4932344,0
1.0,0.7937459,1.5485921,0
1.0,0.8072134,1.5829997,0
1.0,0.8127333,1.5876716,0
1.0,0.81275123,1.6044827,0
1.0,0.8157753,1.6058213,0
1.0,0.8146612,1.5749665,0
1.0,0.82824033,1.6077864,0
1.0,0.8241826,1.6042017,0
1.0,0.82759506,1.5962641,0
1.0,0.82700366,1.5999715,0
1.0,0.8356023,1.6507388,0
1.0,0.8329962,1.6345835,0
1.0,0.83778125,1.6710213,0
1.0,0.83983636,1.6997848,0
1.0,0.84515697,1.7070676,0
1.0,0.8466764,1.7493984,0
1.0,0.8511912,1.7876657,0
1.0,0.85350984,1.8179718,0
1.0,0.85986686,1.84763,0
1.0,0.855875,1.8664865,0
1.0,0.8650317,1.950593,0
1.0,0.86747605,1.9691005,0
1.0,0.8782391,2.0258136,0
1.0,0.8726022,2.020052,0
1.0,0.8769264,2.015236,0
1.0,0.86704516,2.009253,0
1.0,0.87304723,2.032674,0
1.0,0.864944,1.9773247,0
1.0,0.87183696,1.9838091,0
1.0,0.8656169,1.9848008,0
1.0,0.8684614,1.9831481,0
1.0,0.8597059,1.9298513,0
1.0,0.8682728,1.9480157,0
1.0,0.86398333,1.9391465,0
1.0,0.87043643,1.9965891,0
1.0,0.86544716,2.0322063,0
1.0,0.8714419,2.0796142,0
1.0,0.86576325,2.1055377,0
1.0,0.8740532,2.1414828,0
1.0,0.8662341,2.135347,0
1.0,0.875429,2.2225218,0
1.0,0.86969244,2.202364,0
1.0,0.87933904,2.229677,0
1.0,0.87498015,2.2597919,0
1.0,0.8835417,2.2532625,0
1.0,0.8761073,2.2201612,0
1.0,0.88178784,2.2785802,0
1.0,0.88027513,2.2677026,0
1.0,0.892841,2.2707148,0
1.0,0.8886271,2.2322154,0
1.0,0.8967532,2.2968373,0
1.0,0.8944852,2.2927854,0
1.0,0.9022838,2.2970562,0
1.0,0.9054705,2.3220434,0
1.0,0.90656245,2.32127,0
1.0,0.9103456,2.3685179,0
1.0,0.911178,2.4032848,0
1.0,0.9122908,2.4492648,0
1.0,0.9162199,2.495616,0
1.0,0.92014563,2.5151963,0
1.0,0.9241592,2.5672662,0
1.0,0.92515296,2.601177,0
1.0,0.92659885,2.640851,0
1.0,0.93180364,2.67621,0
1.0,0.93200564,2.657679,0
1.0,0.93112713,2.645022,0
1.0,0.9306574,2.633074,0
1.0,0.9319259,2.6256866,0
1.0,0.9327834,2.6054516,0
1.0,0.9323003,2.5726066,0
1.0,0.93256587,2.583581,0
1.0,0.93337333,2.5869427,0
1.0,0.929605,2.5423937,0
1.0,0.9297296,2.573728,0
1.0,0.929303,2.5781589,0
1.0,0.9303987,2.5536492,0
1.0,0.9251641,2.596222,0
1.0,0.91954225,2.5972867,0
1.0,0.9226272,2.5708258,0
1.0,0.9251601,2.5916548,0
1.0,0.9240534,2.6101727,0
1.0,0.92143494,2.6378043,0
1.0,0.9213241,2.6275525,0
1.0,0.9232048,2.6339526,0
1.0,0.9203521,2.662104,0
1.0,0.9174394,2.612342,0
1.0,0.91704285,2.5682945,0
1.0,0.9144428,2.5665064,0
1.0,0.91291404,2.5376325,0
1.0,0.9109368,2.4595628,0
1.0,0.9151929,2.4446523,0
1.0,0.9129725,2.4449158,0
1.0,0.91411704,2.4315777,0
1.0,0.9072415,2.3965364,0
1.0,0.90960306,2.408753,0
1.0,0.90700567,2.4042282,0
1.0,0.9084857,2.4267788,0
1.0,0.9014692,2.445549,0
1.0,0.9040358,2.4387407,0
1.0,0.9002852,2.395196,0
1.0,0.904422,2.4380445,0
1.0,0.8988675,2.4258847,0
1.0,0.90196943,2.4325895,0
1.0,0.89608103,2.436265,0
1.0,0.8998405,2.4181547,0
1.0,0.89772123,2.3589811,0
1.0,0.89963156,2.3356533,0
1.0,0.89240605,2.2929928,0
1.0,0.89736897,2.2696328,0
1.0,0.89453554,2.2180572,0
1.0,0.89261043,2.195013,0
1.0,0.8839021,2.137506,0
1.0,0.8843809,2.1107268,0
1.0,0.87485486,2.0826457,0
1.0,0.86521506,2.0415492,0
1.0,0.85673845,2.0086317,0
1.0,0.85854745,2.004744,0
1.0,0.8578593,2.004877,0
1.0,0.8504033,1.9975418,0
1.0,0.8495108,1.9853438,0
1.0,0.8505896,1.9852977,0
1.0,0.8538578,1.9982277,0
1.0,0.8437252,1.9519774,0
1.0,0.84011364,1.9287329,0
1.0,0.8366595,1.9091887,0
1.0,0.83362997,1.8580348,0
1.0,0.8245517,1.7724154,0
1.0,0.81627804,1.71736,0
1.0,0.8144086,1.6832565,0
1.0,0.8152753,1.6486771,0
1.0,0.8112711,1.6321186,0
1.0,0.8129042,1.6251581,0
1.0,0.8097303,1.5829792,0
1.0,0.8064924,1.5652459,0
1.0,0.7997755,1.5364035,0
1.0,0.8015859,1.5178665,0
1.0,0.80679876,1.5343254,0
1.0,0.81087196,1.534828,0
1.0,0.80536586,1.5145218,0
1.0,0.8112314,1.5334053,0
1.0,0.8051559,1.5045807,0
1.0,0.81363887,1.5365158,0
1.0,0.79882777,1.4871423,0
1.0,0.8007616,1.4768714,0
1.0,0.78894854,1.4734347,0
1.0,0.784342,1.4216204,0
1.0,0.7735673,1.3671079,0
1.0,0.77935517,1.3611386,0
1.0,0.77399737,1.278286,0
1.0,0.77695775,1.267838,0
1.0,0.76823485,1.2444187,0
1.0,0.7793718,1.229639,0
1.0,0.77692395,1.2067187,0
1.0,0.77996105,1.2157284,0
1.0,0.76580644,1.1823857,0
1.0,0.77435035,1.196344,0
1.0,0.76988226,1.2037704,0
1.0,0.775603,1.2148265,0
1.0,0.7708939,1.2068354,0
1.0,0.78010225,1.2690406,0
1.0,0.7820359,1.279099,0
1.0,0.79358673,1.3024541,0
1.0,0.80235815,1.3331158,0
1.0,0.80777854,1.3309319,0
1.0,0.8154578,1.3333235,0
1.0,0.81419855,1.3154086,0
1.0,0.82516015,1.3153663,0
1.0,0.8259491,1.2852885,0
1.0,0.8318774,1.2710845,0
1.0,0.8329415,1.2718912,0
1.0,0.8453522,1.2986071,0
1.0,0.84340966,1.2750654,0
1.0,0.8427579,1.2734864,0
1.0,0.8410307,1.2790483,0
1.0,0.8483788,1.3046913,0
1.0,0.84384656,1.322637,0
1.0,0.8381983,1.3331738,0
1.0,0.82954943,1.3398569,0
1.0,0.84419256,1.4080765,0
1.0,0.8398527,1.4117134,0
1.0,0.84049326,1.4423649,0
1.0,0.838273,1.4906837,0
1.0,0.85471267,1.5327346,0
1.0,0.852014,1.5303148,0
1.0,0.84453464,1.5239344,0
1.0,0.8367267,1.4918356,0
1.0,0.8376192,1.5189478,0
1.0,0.8396415,1.506882,0
1.0,0.8224912,1.4211683,0
1.0,0.8238248,1.4486876,0
1.0,0.82115644,1.4513955,0
1.0,0.8234106,1.437068,0
1.0,0.8202929,1.4433649,0
1.0,0.81437016,1.4220326,0
1.0,0.8241533,1.4270868,0
1.0,0.8189774,1.4488163,0
1.0,0.8207673,1.4998802,0
1.0,0.8211848,1.5290656,0
1.0,0.8343972,1.5895534,0
1.0,0.82976246,1.6042625,0
1.0,0.83273,1.6516999,0
1.0,0.8317411,1.6755867,0
1.0,0.8396578,1.7022198,0
1.0,0.83522654,1.7180614,0
1.0,0.8331506,1.7113845,0
1.0,0.82467115,1.6695023,0
1.0,0.82743746,1.6772747,0
1.0,0.81823945,1.6243074,0
1.0,0.82004905,1.5872478,0
1.0,0.81209636,1.5474309,0
1.0,0.81458724,1.526302,0
1.0,0.80509984,1.5058712,0
1.0,0.8103886,1.5316314,0
1.0,0.79259473,1.4630687,0
1.0,0.80351585,1.481824,0
1.0,0.7945215,1.4692421,0
1.0,0.78778106,1.5079136,0
1.0,0.791472,1.5638804,0
1.0,0.7938103,1.5456402,0
1.0,0.8090852,1.5980635,0
1.0,0.80729264,1.631182,0
1.0,0.8130336,1.6546267,0
1.0,0.81263965,1.6506919,0
1.0,0.8278775,1.6590831,0
1.0,0.81601655,1.6122088,0
1.0,0.8214681,1.6392553,0
1.0,0.8141173,1.6127353,0
1.0,0.82162225,1.6120532,0
1.0,0.8131517,1.5717316,0
1.0,0.8207129,1.5607684,0
1.0,0.8132919,1.524607,0
1.0,0.8201473,1.5425004,0
1.0,0.80951864,1.5141118,0
1.0,0.8173076,1.5164099,0
1.0,0.81024295,1.5097003,0
1.0,0.8179316,1.5528405,0
1.0,0.80688417,1.5374894,0
1.0,0.82096547,1.6104534,0
1.0,0.8173166,1.6011664,0
1.0,0.8274103,1.634925,0
1.0,0.8205844,1.6450477,0
1.0,0.8247883,1.642502,0
1.0,0.819235,1.646797,0
1.0,0.8168803,1.6540061,0
1.0,0.802604,1.5929148,0
1.0,0.8046611,1.6035936,0
1.0,0.79099166,1.5796205,0
1.0,0.77695453,1.5312042,0
1.0,0.7746307,1.4661777,0
1.0,0.7741599,1.4036647,0
1.0,0.7711635,1.4029069,0
1.0,0.76492107,1.3959743,0
1.0,0.76603675,1.383373,0
1.0,0.7699649,1.4137869,0
1.0,0.7727701,1.4236727,0
1.0,0.7715603,1.4351144,0
1.0,0.7753118,1.4932462,0
1.0,0.7824382,1.5149925,0
1.0,0.7921456,1.5376134,0
1.0,0.7993656,1.5544856,0
1.0,0.803281,1.5777763,0
1.0,0.8110586,1.6273217,0
1.0,0.8193095,1.6413643,0
1.0,0.8247883,1.6377425,0
1.0,0.82075465,1.6197845,0
1.0,0.8212427,1.6248851,0
1.0,0.822118,1.606261,0
1.0,0.8250526,1.5646514,0
1.0,0.81881636,1.5356466,0
1.0,0.8225925,1.5115948,0
1.0,0.82011044,1.4857544,0
1.0,0.82283366,1.4991906,0
1.0,0.81280714,1.4554527,0
1.0,0.8162278,1.4753189,0
1.0,0.8158074,1.4884106,0
1.0,0.8144645,1.4795082,0
1.0,0.80492544,1.5088894,0
1.0,0.8105384,1.5395644,0
1.0,0.81485915,1.5297565,0
1.0,0.8186076,1.5678133,0
1.0,0.8178741,1.6047887,0
1.0,0.82642376,1.6467886,0
1.0,0.84001905,1.6963475,0
1.0,0.8289485,1.6568934,0
1.0,0.83256775,1.6424994,0
1.0,0.8273521,1.5966415,0
1.0,0.82317466,1.5902171,0
1.0,0.8098679,1.5591455,0
1.0,0.8178405,1.5216978,0
1.0,0.8153363,1.4808664,0
1.0,0.8211826,1.4989423,0
1.0,0.8052078,1.4780521,0
1.0,0.8169984,1.5050119,0
1.0,0.8177216,1.4804051,0
1.0,0.8321647,1.500335,0
1.0,0.8220951,1.504969,0
1.0,0.8329341,1.5669186,0
1.0,0.83362705,1.5519943,0
1.0,0.854136,1.6030383,0
1.0,0.8457983,1.5961623,0
1.0,0.8556363,1.6162424,0
1.0,0.85083073,1.6263363,0
1.0,0.8636952,1.6758873,0
1.0,0.84930694,1.625782,0
1.0,0.85295606,1.6320469,0
1.0,0.83946717,1.586036,0
1.0,0.832187,1.5321897,0
1.0,0.8242529,1.4909253,0
1.0,0.82081175,1.4259613,0
1.0,0.8133062,1.3540077,0
1.0,0.8139321,1.3521394,0
1.0,0.8069566,1.3286436,0
1.0,0.806446,1.3118143,0
1.0,0.80787015,1.3082535,0
1.0,0.81874746,1.2946944,0
1.0,0.8169214,1.2853696,0
1.0,0.8218134,1.3318654,0
1.0,0.81602156,1.3390645,0
1.0,0.83012664,1.3557343,0
1.0,0.8287113,1.3178291,0
1.0,0.8317923,1.3297305,0
1.0,0.83028275,1.3478646,0
1.0,0.830275,1.3390908,0
1.0,0.84182554,1.353981,0
1.0,0.83553886,1.3135716,0
1.0,0.8414349,1.3010535,0
1.0,0.8327678,1.2867954,0
1.0,0.8384173,1.2746983,0
1.0,0.8293298,1.2099328,0
1.0,0.8454799,1.2392002,0
1.0,0.84397715,1.1965647,0
1.0,0.8655115,1.2088057,0
1.0,0.85768855,1.2458442,0
1.0,0.8722335,1.2468808,0
1.0,0.87614846,1.2325729,0
1.0,0.8901437,1.2586634,0
1.0,0.8781445,1.2225361,0
1.0,0.8822986,1.2417536,0
1.0,0.87034553,1.2235422,0
1.0,0.884149,1.2753808,0
1.0,0.8692059,1.2492667,0
1.0,0.87061024,1.2636685,0
1.0,0.84935653,1.2607317,0
1.0,0.8658012,1.275065,0
1.0,0.8485595,1.1942348,0
1.0,0.8618211,1.2110932,0
1.0,0.84957236,1.178065,0
1.0,0.8447258,1.1640105,0
1.0,0.8409242,1.1564658,0
1.0,0.8334102,1.1072383,0
1.0,0.8347764,1.1086752,0
1.0,0.84224373,1.1343098,0
1.0,0.8414874,1.1148763,0
1.0,0.829469,1.1088052,0
1.0,0.83385324,1.1435235,0
1.0,0.831602,1.134758,0
1.0,0.83826834,1.1500056,0
1.0,0.8246244,1.1483092,0
1.0,0.8196493,1.178243,0
1.0,0.8151044,1.1927176,0
1.0,0.8300803,1.2298867,0
1.0,0.81550825,1.1981055,0
1.0,0.8172694,1.2386026,0
1.0,0.8129408,1.272012,0
1.0,0.8288434,1.2600672,0
1.0,0.8288897,1.2597001,0
1.0,0.8381403,1.2742505,0
1.0,0.830898,1.2578089,0
1.0,0.8424074,1.2965808,0
1.0,0.82888335,1.2637615,0
1.0,0.8356745,1.2890207,0
1.0,0.8341504,1.2510123,0
1.0,0.8370277,1.2396486,0
1.0,0.83170974,1.2339022,0
1.0,0.82895535,1.2182018,0
1.0,0.83817416,1.2810874,0
1.0,0.84504926,1.3162308,0
1.0,0.84991676,1.3281233,0
1.0,0.84713596,1.3392829,0
1.0,0.8523532,1.3598245,0
1.0,0.8507558,1.3607316,0
1.0,0.86097085,1.3990015,0
1.0,0.85383695,1.3874481,0
1.0,0.8565436,1.4056728,0
1.0,0.8492004,1.4234682,0
1.0,0.85470873,1.4180468,0
1.0,0.84914714,1.37128,0
1.0,0.8570217,1.3770969,0
1.0,0.8531351,1.3463037,0
1.0,0.8464135,1.3195102,0
1.0,0.84848523,1.3361523,0
1.0,0.8515124,1.3112817,0
1.0,0.85380113,1.3012468,0
1.0,0.85906637,1.3723396,0
1.0,0.85293883,1.3779145,0
1.0,0.8649039,1.3848989,0
1.0,0.86624056,1.4010615,0
1.0,0.8717028,1.4324954,0
1.0,0.86912376,1.4367176,0
1.0,0.86765814,1.4471544,0
1.0,0.8619828,1.4548306,0
1.0,0.8599304,1.4502358,0
1.0,0.8535946,1.4376981,0
1.0,0.85353214,1.4603298,0
1.0,0.8505133,1.4554797,0
1.0,0.8420651,1.4338211,0
1.0,0.838268,1.4137579,0
1.0,0.8424074,1.3743994,0
1.0,0.84628123,1.3710804,0
1.0,0.8414578,1.3998573,0
1.0,0.8407684,1.4078233,0
1.0,0.84335005,1.4106953,0
1.0,0.84776956,1.466662,0
1.0,0.84597486,1.4659584,0
1.0,0.844308,1.4556592,0
1.0,0.8526008,1.5223068,0
1.0,0.8585665,1.5418512,0
1.0,0.8528361,1.5221422,0
1.0,0.8589962,1.5793529,0
1.0,0.85348266,1.6049926,0
1.0,0.8600226,1.6652807,0
1.0,0.8497309,1.6791921,0
1.0,0.85402745,1.6641684,0
1.0,0.8491958,1.6518564,0
1.0,0.85380983,1.6764168,0
1.0,0.84800774,1.6337969,0
1.0,0.85503036,1.6301503,0
1.0,0.85369956,1.6277823,0
1.0,0.8598642,1.6334991,0
1.0,0.8542129,1.6024039,0
1.0,0.8603052,1.6269724,0
1.0,0.85235,1.631825,0
1.0,0.85591,1.6348637,0
1.0,0.8478846,1.63191,0
1.0,0.85569465,1.6987876,0
1.0,0.8474064,1.6705079,0
1.0,0.8484846,1.6936479,0
1.0,0.84931797,1.7558606,0
1.0,0.86021423,1.7916716,0
1.0,0.8529479,1.8065157,0
1.0,0.85742545,1.8577111,0
1.0,0.84919536,1.8295567,0
1.0,0.85483,1.8680573,0
1.0,0.84280944,1.8539554,0
1.0,0.8444315,1.8005459,0
1.0,0.83569247,1.7622182,0
1.0,0.83946276,1.7943273,0
1.0,0.8338842,1.755589,0
1.0,0.84066784,1.745505,0
1.0,0.83199894,1.7264931,0
1.0,0.8396608,1.735258,0
1.0,0.8282862,1.6859167,0
1.0,0.8400529,1.7506676,0
1.0,0.83540606,1.7876282,0
1.0,0.84749997,1.825139,0
1.0,0.8526673,1.8736224,0
1.0,0.86584896,1.9413055,0
1.0,0.8662889,1.9660501,0
1.0,0.8776549,2.059556,0
1.0,0.88568306,2.125863,0
1.0,0.8941355,2.1830277,0
1.0,0.8892792,2.183326,0
1.0,0.89112645,2.2292,0
1.0,0.8930442,2.27558,0
1.0,0.89470124,2.2550695,0
1.0,0.8974043,2.262019,0
1.0,0.8937518,2.225325,0
1.0,0.9038827,2.2544076,0
1.0,0.9015193,2.2756972,0
1.0,0.90749174,2.265604,0
1.0,0.9039793,2.2526615,0
1.0,0.91301626,2.2818694,0
1.0,0.9058746,2.2688742,0
1.0,0.9099138,2.30575,0
1.0,0.9072423,2.3118844,0
1.0,0.9187388,2.3995261,0
1.0,0.91609293,2.4263194,0
1.0,0.9189436,2.4655519,0
1.0,0.9174917,2.5581627,0
1.0,0.9252099,2.6285741,0
1.0,0.9217481,2.6210594,0
1.0,0.9265644,2.6792462,0
1.0,0.92002565,2.6721396,0
1.0,0.9244372,2.6932282,0
1.0,0.921272,2.7128687,0
1.0,0.9271935,2.6863801,0
1.0,0.9244036,2.6465337,0
1.0,0.9307122,2.6575055,0
1.0,0.9261818,2.6221743,0
1.0,0.92625844,2.613056,0
1.0,0.92921114,2.624125,0
1.0,0.9342107,2.6171505,0
1.0,0.9345608,2.5778012,0
1.0,0.93274,2.607078,0
1.0,0.93437463,2.6631217,0
1.0,0.9396338,2.6931038,0
1.0,0.94810915,2.7809012,0
1.0,0.95193315,2.7863817,0
1.0,0.95262414,2.7770953,0
1.0,0.9562108,2.8432822,0
1.0,0.9568034,2.8777404,0
1.0,0.96141344,2.909563,0
1.0,0.96005166,2.8838706,0
1.0,0.9610782,2.8876462,0
1.0,0.9613894,2.899489,0
1.0,0.959654,2.8567407,0
1.0,0.96037954,2.8457553,0
1.0,0.9593757,2.769571,0
1.0,0.95917773,2.7206807,0
1.0,0.9551276,2.741896,0
1.0,0.9540001,2.6688585,0
1.0,0.95281696,2.6194954,0
1.0,0.9556178,2.673489,0
1.0,0.95469165,2.654432,0
1.0,0.95042396,2.6189795,0
1.0,0.9481012,2.6446896,0
1.0,0.9505144,2.6488423,0
1.0,0.95320165,2.6393924,0
1.0,0.95033103,2.6425924,0
1.0,0.9489336,2.6700115,0
1.0,0.9472179,2.6934729,0
1.0,0.94747466,2.6823635,0
1.0,0.9465514,2.6607983,0
1.0,0.94282573,2.650084,0
1.0,0.9440938,2.6540303,0
1.0,0.93661135,2.6208773,0
1.0,0.93402785,2.549414,0
1.0,0.92670256,2.4407117,0
1.0,0.9304691,2.4067159,0
1.0,0.9251932,2.403431,0
1.0,0.9220769,2.3802927,0
1.0,0.91439664,2.3217015,0
1.0,0.9184684,2.3202405,0
1.0,0.9144053,2.2774284,0
1.0,0.9164272,2.3026419,0
1.0,0.90630287,2.3045692,0
1.0,0.9075286,2.3042731,0
1.0,0.90283245,2.2951922,0
1.0,0.91070443,2.3212938,0
1.0,0.90158474,2.3327246,0
1.0,0.9065926,2.3653796,0
1.0,0.89729035,2.3094804,0
1.0,0.9052165,2.3186393,0
1.0,0.89221823,2.2600555,0
1.0,0.894951,2.231886,0
1.0,0.88116646,2.1755857,0
1.0,0.8822356,2.1746042,0
1.0,0.86685306,2.0901413,0
1.0,0.86893874,2.0475917,0
1.0,0.85840565,1.9887607,0
1.0,0.8654079,2.0129251,0
1.0,0.8526451,2.0122283,0
1.0,0.8590532,2.0176249,0
1.0,0.85800064,2.0291233,0
1.0,0.87728333,2.0687068,0
1.0,0.8664955,2.0256605,0
1.0,0.8773375,2.1249142,0
1.0,0.8754465,2.1685915,0
1.0,0.8992839,2.2307236,0
1.0,0.88929313,2.223626,0
1.0,0.8978667,2.279178,0
1.0,0.89323485,2.265682,0
1.0,0.9081927,2.349262,0
1.0,0.9017445,2.3153749,0
1.0,0.90530306,2.2706463,0
1.0,0.90139925,2.2482643,0
1.0,0.90817285,2.2490568,0
1.0,0.9009807,2.2404127,0
1.0,0.9062602,2.2285905,0
1.0,0.9043651,2.1952763,0
1.0,0.918488,2.2523978,0
1.0,0.9109002,2.2036743,0
1.0,0.91360044,2.207189,0
1.0,0.9142607,2.198154,0
1.0,0.92281705,2.2037978,0
1.0,0.9157058,2.19873,0
1.0,0.91244346,2.206193,0
1.0,0.9096684,2.205811,0
1.0,0.91015524,2.2406883,0
1.0,0.9026126,2.2381904,0
1.0,0.8965788,2.2064042,0
1.0,0.8934171,2.2449362,0
1.0,0.88600403,2.2301965,0
1.0,0.88009906,2.1231146,0
1.0,0.8755272,2.0616488,0
1.0,0.87706316,2.0290875,0
1.0,0.8654206,1.9821482,0
1.0,0.8623369,1.9590831,0
1.0,0.8606142,1.89318,0
1.0,0.8642766,1.8386997,0
1.0,0.8633465,1.826576,0
1.0,0.86291474,1.7975106,0
1.0,0.8504254,1.7602996,0
1.0,0.8533225,1.7861998,0
1.0,0.8432405,1.7222939,0
1.0,0.8517642,1.7832901,0
1.0,0.84294367,1.7624146,0
1.0,0.8417812,1.7748408,0
1.0,0.83989084,1.8397993,0
1.0,0.8461828,1.7963289,0
1.0,0.85019165,1.8234911,0
1.0,0.84917766,1.8546345,0
1.0,0.8465285,1.8077066,0
1.0,0.85559076,1.8200086,0
1.0,0.85195655,1.790703,0
1.0,0.85359615,1.7853837,0
1.0,0.8496695,1.7780437,0
1.0,0.85400707,1.7774333,0
1.0,0.8452388,1.7148125,0
1.0,0.84515524,1.6809843,0
1.0,0.83906806,1.656132,0
1.0,0.84095234,1.6578465,0
1.0,0.82989454,1.6199459,0
1.0,0.8340669,1.6145405,0
1.0,0.83254856,1.6119443,0
1.0,0.8363653,1.6298931,0
1.0,0.83540434,1.6676608,0
1.0,0.8396011,1.7046194,0
1.0,0.83815426,1.7068491,0
1.0,0.8368691,1.7563183,0
1.0,0.83209085,1.7835568,0
1.0,0.83864015,1.81213,0
1.0,0.83722305,1.8074255,0
1.0,0.83878464,1.8319424,0
1.0,0.831655,1.7842934,0
1.0,0.8378991,1.7526231,0
1.0,0.8412463,1.7858479,0
1.0,0.8346668,1.7378069,0
1.0,0.8305228,1.7436739,0
1.0,0.83599377,1.7820774,0
1.0,0.84236264,1.7458601,0
1.0,0.83629036,1.754391,0
1.0,0.836933,1.7530742,0
1.0,0.8343128,1.7358145,0
1.0,0.85038686,1.8094923,0
1.0,0.843399,1.8212409,0
1.0,0.8459062,1.8733218,0
1.0,0.8391102,1.9059501,0
1.0,0.8525028,1.9642321,0
1.0,0.84947723,1.9802463,0
1.0,0.85338414,2.0577502,0
1.0,0.85512316,2.1004846,0
1.0,0.86779547,2.1703458,0
1.0,0.8681468,2.1731622,0
1.0,0.87116826,2.1806772,0
1.0,0.87431914,2.2444246,0
1.0,0.87863386,2.264342,0
1.0,0.88016933,2.2781954,0
1.0,0.88227814,2.2858002,0
1.0,0.8843954,2.2816877,0
1.0,0.88617474,2.3111055,0
1.0,0.8897048,2.3404288,0
1.0,0.8923109,2.3520908,0
1.0,0.8970192,2.3356123,0
1.0,0.901318,2.391,0
1.0,0.9083551,2.5216372,0
1.0,0.91401047,2.5775852,0
1.0,0.92572993,2.682166,0
1.0,0.92962307,2.7340882,0
1.0,0.93398285,2.7532318,0
1.0,0.93525875,2.7926452,0
1.0,0.9396467,2.8554132,0
1.0,0.94408727,2.8954241,0
1.0,0.9441747,2.8987377,0
1.0,0.94479954,2.9451427,0
1.0,0.9465567,2.9969492,0
1.0,0.9489817,3.000149,0
1.0,0.94834197,2.9880233,0
1.0,0.94994015,2.9961476,0
1.0,0.95188874,3.0044925,0
1.0,0.9549476,3.049623,0
1.0,0.9565208,3.1060634,0
1.0,0.95635146,3.1249435,0
1.0,0.96001464,3.1652021,0
1.0,0.9617302,3.1692016,0
1.0,0.96119213,3.2151513,0
1.0,0.9619844,3.3210812,0
1.0,0.96568954,3.351359,0
1.0,0.96699697,3.3924007,0
1.0,0.96713024,3.4336326,0
1.0,0.9666681,3.4423785,0
1.0,0.96647316,3.509673,0
1.0,0.96713823,3.566173,0
1.0,0.9677335,3.561224,0
1.0,0.96660644,3.56589,0
1.0,0.9679213,3.6060975,0
1.0,0.9666979,3.5822303,0
1.0,0.9668446,3.5050178,0
1.0,0.9647647,3.497651,0
1.0,0.9671824,3.5276976,0
1.0,0.9674989,3.5966077,0
1.0,0.9694635,3.704424,0
1.0,0.96909684,3.728181,0
1.0,0.9713761,3.722414,0
1.0,0.9699485,3.7366934,0
1.0,0.9703984,3.771575,0
1.0,0.9698999,3.8459215,0
1.0,0.9732155,3.9118414,0
1.0,0.9716897,3.9204714,0
1.0,0.97355765,3.984714,0
1.0,0.97184616,4.024675,0
1.0,0.9727801,4.08136,0
1.0,0.97194463,4.139791,0
1.0,0.9734162,4.117838,0
1.0,0.9720952,4.107662,0
1.0,0.97325814,4.1282997,0
1.0,0.9712006,4.1137505,0
1.0,0.9712629,4.1033397,0
1.0,0.96985155,4.04827,0
1.0,0.97037446,4.0466022,0
1.0,0.9698935,4.0719113,0
1.0,0.97051126,4.1398115,0
1.0,0.97103024,4.196066,0
1.0,0.9716091,4.1536393,0
1.0,0.96930164,4.156517,0
1.0,0.97048247,4.2312965,0
1.0,0.971203,4.2891803,0
1.0,0.9736683,4.359185,0
1.0,0.9728529,4.374713,0
1.0,0.97361165,4.40329,0
1.0,0.97325814,4.4827757,0
1.0,0.9724281,4.5195026,0
1.0,0.9738646,4.485735,0
1.0,0.9734442,4.4681444,0
1.0,0.97384214,4.4549837,0
1.0,0.972737,4.444878,0
1.0,0.9716339,4.4527073,0
1.0,0.97098976,4.439092,0
1.0,0.97071314,4.3813186,0
1.0,0.9697841,4.3178654,0
1.0,0.9694216,4.376351,0
1.0,0.96958476,4.4279785,0
1.0,0.9686156,4.3918447,0
1.0,0.9689999,4.364716,0
1.0,0.96786433,4.3378673,0
1.0,0.9687655,4.4005075,0
1.0,0.9699887,4.471984,0
1.0,0.9713609,4.5440197,0
1.0,0.97134125,4.592454,0
1.0,0.97188413,4.6010127,0
1.0,0.97136295,4.615671,0
1.0,0.97084796,4.6282654,0
1.0,0.97160214,4.6948905,0
1.0,0.972361,4.6661096,0
1.0,0.97190094,4.6010084,0
1.0,0.9712734,4.6186495,0
1.0,0.9700589,4.615452,0
1.0,0.96962154,4.557961,0
1.0,0.9706351,4.497225,0
1.0,0.97000384,4.4750423,0
1.0,0.9693552,4.455211,0
1.0,0.97015315,4.4557104,0
1.0,0.9684332,4.4529557,0
1.0,0.96842927,4.3960686,0
1.0,0.967125,4.3666105,0
1.0,0.9691384,4.39252,0
1.0,0.96876186,4.4059496,0
1.0,0.9693479,4.4276333,0
1.0,0.96867085,4.4948816,0
1.0,0.9706035,4.4863214,0
1.0,0.9697751,4.437537,0
1.0,0.96988845,4.5655212,0
1.0,0.9707761,4.596218,0
1.0,0.9734735,4.512358,0
1.0,0.974515,4.4833145,0
1.0,0.9746289,4.4614806,0
1.0,0.97485775,4.406952,0
1.0,0.97430336,4.3328404,0
1.0,0.97596335,4.276637,0
1.0,0.9747082,4.1676025,0
1.0,0.9748669,4.090641,0
1.0,0.97405416,4.1068945,0
1.0,0.97220516,4.14252,0
1.0,0.9704934,4.1302924,0
1.0,0.97198504,4.0838866,0
1.0,0.97346604,4.0679383,0
1.0,0.9727773,4.111573,0
1.0,0.9719501,4.158364,0
1.0,0.97215724,4.1000023,0
1.0,0.9728118,4.084517,0
1.0,0.97184324,4.116275,0
1.0,0.969972,4.120064,0
1.0,0.97151643,4.145956,0
1.0,0.97188145,4.112863,0
1.0,0.97284806,4.0420194,0
1.0,0.97141653,3.9889002,0
1.0,0.971476,3.9758382,0
1.0,0.97170097,3.950138,0
1.0,0.9717772,3.8845487,0
1.0,0.9708557,3.8048697,0
1.0,0.97010684,3.6475575,0
1.0,0.97006434,3.594169,0
1.0,0.96549904,3.6044524,0
1.0,0.96756303,3.498909,0
1.0,0.96858305,3.3977509,0
1.0,0.97210824,3.4120321,0
1.0,0.9702528,3.4503033,0
1.0,0.9705536,3.4524646,0
1.0,0.967448,3.4329157,0
1.0,0.9697016,3.470162,0
1.0,0.96726215,3.430656,0
1.0,0.96705073,3.4135926,0
1.0,0.9623548,3.4312763,0
1.0,0.96430427,3.3630316,0
1.0,0.96188325,3.2461157,0
1.0,0.96203184,3.2045965,0
1.0,0.9570736,3.1250787,0
1.0,0.95892876,3.0852442,0
1.0,0.9573476,3.0048141,0
1.0,0.9557983,2.8957486,0
1.0,0.95205855,2.8301098,0
1.0,0.94991606,2.7994118,0
1.0,0.952527,2.7938552,0
1.0,0.9494732,2.7095494,0
1.0,0.9499153,2.668646,0
1.0,0.9487041,2.6623962,0
1.0,0.95227134,2.684803,0
1.0,0.9439416,2.6791825,0
1.0,0.9451365,2.6136274,0
1.0,0.93884635,2.5176187,0
1.0,0.9430495,2.5360098,0
1.0,0.931302,2.5209227,0
1.0,0.93881094,2.6139822,0
1.0,0.9304844,2.586652,0
1.0,0.9378906,2.5207307,0
1.0,0.92634153,2.4708867,0
1.0,0.9350711,2.491654,0
1.0,0.9283441,2.4221702,0
1.0,0.9427714,2.4091535,0
1.0,0.9332944,2.304872,0
1.0,0.9403436,2.3028843,0
1.0,0.93187165,2.3050106,0
1.0,0.9375095,2.2931569,0
1.0,0.9328475,2.227507,0
1.0,0.94039655,2.180726,0
1.0,0.9389035,2.1928003,0
1.0,0.94051325,2.2031689,0
1.0,0.94465894,2.2021494,0
1.0,0.95067513,2.1932378,0
1.0,0.94939184,2.1278925,0
1.0,0.9512411,2.1237438,0
1.0,0.94908875,2.1905432,0
1.0,0.95011306,2.1885114,0
1.0,0.95100665,2.1589298,0
1.0,0.95328784,2.1430852,0
1.0,0.9550682,2.114212,0
1.0,0.9529353,2.0922272,0
1.0,0.9499635,2.0769367,0
1.0,0.949639,1.9723749,0
1.0,0.9504943,1.9263065,0
1.0,0.9468378,1.9532847,0
1.0,0.94421625,1.9306445,0
1.0,0.9378904,1.9061873,0
1.0,0.9436126,1.8907571,0
1.0,0.9363419,1.8203646,0
1.0,0.9336115,1.8244689,0
1.0,0.9286311,1.8981786,0
1.0,0.9358093,1.9465504,0
1.0,0.9253812,1.862087,0
1.0,0.9272391,1.8593433,0
1.0,0.9268814,1.8638998,0
1.0,0.93060106,1.8610971,0
1.0,0.91796476,1.8265326,0
1.0,0.92763364,1.7985417,0
1.0,0.9203706,1.726853,0
1.0,0.93025625,1.747009,0
1.0,0.91233516,1.7200223,0
1.0,0.90828204,1.6936367,0
1.0,0.90248924,1.681549,0
1.0,0.9175385,1.687341,0
1.0,0.90918815,1.6546767,0
1.0,0.9148225,1.6963186,0
1.0,0.9106804,1.7091082,0
1.0,0.9210721,1.7097054,0
1.0,0.9116408,1.6681824,0
1.0,0.9158444,1.6804876,0
1.0,0.9013199,1.6579602,0
1.0,0.9110265,1.6904536,0
1.0,0.91038835,1.7006176,0
1.0,0.9188146,1.7122501,0
1.0,0.909451,1.7019534,0
1.0,0.91552407,1.7576784,0
1.0,0.9170955,1.8399343,0
1.0,0.91935986,1.8711934,0
1.0,0.9096357,1.8123804,0
1.0,0.91817075,1.8112205,0
1.0,0.9203911,1.8063014,0
1.0,0.9182951,1.8152883,0
1.0,0.92360455,1.8402779,0
1.0,0.9321162,1.7785041,0
1.0,0.93969905,1.7850249,0
1.0,0.9412954,1.8237091,0
1.0,0.9368469,1.8274276,0
1.0,0.93049407,1.8170885,0
1.0,0.9390743,1.8572247,0
1.0,0.939107,1.8174365,0
1.0,0.93407667,1.8342986,0
1.0,0.9340588,1.9074564,0
1.0,0.935753,1.943893,0
1.0,0.9347235,1.9616923,0
1.0,0.93515867,1.9414552,0
1.0,0.92998964,1.9696786,0
1.0,0.9319336,2.0307395,0
1.0,0.93041843,2.021758,0
1.0,0.93564296,2.0468729,0
1.0,0.9314594,1.9709238,0
1.0,0.9330395,1.9733696,0
1.0,0.93005985,2.0152128,0
1.0,0.93433404,1.9733942,0
1.0,0.9244383,1.9484576,0
1.0,0.92846006,1.9675243,0
1.0,0.9190443,1.9215019,0
1.0,0.91638064,1.931648,0
1.0,0.8952007,1.8913686,0
1.0,0.90627044,1.8698187,0
1.0,0.89704764,1.8159323,0
1.0,0.9008045,1.8553379,0
1.0,0.89536536,1.8788264,0
1.0,0.89123446,1.879206,0
1.0,0.885003,1.9362063,0
1.0,0.89816684,1.9619054,0
1.0,0.89228284,1.9250633,0
1.0,0.90944177,1.9911915,0
1.0,0.90630513,1.9627482,0
1.0,0.916435,1.9682152,0
1.0,0.9184708,1.9952369,0
1.0,0.933624,2.0169344,0
1.0,0.9281262,2.0016193,0
1.0,0.9332719,2.030511,0
1.0,0.92839986,2.028157,0
1.0,0.934768,2.0153794,0
1.0,0.92057866,1.9240196,0
1.0,0.92630166,1.9489294,0
1.0,0.9236852,1.8918436,0
1.0,0.9271527,1.8384762,0
1.0,0.921525,1.8673238,0
1.0,0.9230529,1.8649712,0
1.0,0.9254359,1.8692098,0
1.0,0.920489,1.8925734,0
1.0,0.91122276,1.8384895,0
1.0,0.91062665,1.8234673,0
1.0,0.91229063,1.855696,0
1.0,0.90927476,1.8659714,0
1.0,0.8984919,1.8258164,0
1.0,0.89116234,1.7881367,0
1.0,0.8974249,1.7656311,0
1.0,0.89115804,1.6865735,0
1.0,0.88194126,1.6532263,0
1.0,0.88118833,1.6637778,0
1.0,0.87402254,1.6150367,0
1.0,0.85642767,1.5472616,0
1.0,0.83546805,1.461036,0
1.0,0.83429074,1.4337256,0
1.0,0.83743316,1.4555063,0
1.0,0.84670115,1.497523,0
1.0,0.8545997,1.5457624,0
1.0,0.85422784,1.5564427,0
1.0,0.8579967,1.592621,0
1.0,0.8756008,1.6800153,0
1.0,0.86640173,1.6282,0
1.0,0.8772945,1.619244,0
1.0,0.87175465,1.5995374,0
1.0,0.89256024,1.6481986,0
1.0,0.89281666,1.6593697,0
1.0,0.91417253,1.7554864,0
1.0,0.9036203,1.7181067,0
1.0,0.92197925,1.7353387,0
1.0,0.9147199,1.7072415,0
1.0,0.92262995,1.7295778,0
1.0,0.9136143,1.7015498,0
1.0,0.929669,1.745029,0
1.0,0.9207685,1.7518501,0
1.0,0.92820835,1.7883165,0
1.0,0.92244846,1.7840657,0
1.0,0.9340596,1.8156688,0
1.0,0.92611164,1.7856269,0
1.0,0.932413,1.8444769,0
1.0,0.92987365,1.9353118,0
1.0,0.9386648,1.9835851,0
1.0,0.93315023,1.9977944,0
1.0,0.94196063,2.0241723,0
1.0,0.9385771,2.0023706,0
1.0,0.94128454,2.0566864,0
1.0,0.93553954,2.067986,0
1.0,0.9469054,2.0607579,0
1.0,0.9423242,2.038573,0
1.0,0.9475983,2.04424,0
1.0,0.93825126,1.9925647,0
1.0,0.9404969,1.9907136,0
1.0,0.9384587,1.9751104,0
1.0,0.9435483,1.9134591,0
1.0,0.9377676,1.8903017,0
1.0,0.94221544,1.9926414,0
1.0,0.93963283,2.0190635,0
1.0,0.9400096,2.001975,0
1.0,0.94236517,2.031154,0
1.0,0.9467383,2.0648012,0
1.0,0.9462129,2.106966,0
1.0,0.9485013,2.212148,0
1.0,0.95025694,2.2689857,0
1.0,0.952189,2.2199497,0
1.0,0.95367604,2.2180014,0
1.0,0.95312214,2.2681117,0
1.0,0.9532351,2.215364,0
1.0,0.9559538,2.2075365,0
1.0,0.9578172,2.194104,0
1.0,0.9570789,2.1257467,0
1.0,0.956254,2.1610768,0
1.0,0.95191735,2.179636,0
1.0,0.9493058,2.0764441,0
1.0,0.9479946,2.072157,0
1.0,0.94955474,2.072729,0
1.0,0.9416832,2.0417085,0
1.0,0.9436501,2.1017194,0
1.0,0.9363956,2.0907457,0
1.0,0.94512475,2.0699878,0
1.0,0.93746316,2.0423975,0
1.0,0.93963844,2.0616093,0
1.0,0.93079555,2.0791757,0
1.0,0.93248147,2.0833454,0
1.0,0.92361504,2.0456567,0
1.0,0.92690253,2.05409,0
1.0,0.9130413,2.0358305,0
1.0,0.91436416,2.093992,0
1.0,0.9066676,2.0260327,0
1.0,0.90042067,1.9298245,0
1.0,0.88593984,1.9066412,0
1.0,0.8885192,1.9134312,0
1.0,0.87246156,1.8146524,0
1.0,0.8582416,1.7381136,0
1.0,0.8400302,1.6524057,0
1.0,0.85298306,1.6219919,0
1.0,0.8365525,1.6023067,0
1.0,0.8376934,1.6808364,0
1.0,0.8154692,1.5798855,0
1.0,0.8270895,1.6035954,0
1.0,0.8241443,1.614257,0
1.0,0.8194652,1.6015944,0
1.0,0.8102008,1.6315213,0
1.0,0.8170305,1.6516635,0
1.0,0.816411,1.6103804,0
1.0,0.8126923,1.6093222,0
1.0,0.80077696,1.5604875,0
1.0,0.80452657,1.5661695,0
1.0,0.79675514,1.5323031,0
1.0,0.7875283,1.4641484,0
1.0,0.7826738,1.4471267,0
1.0,0.7826269,1.4160613,0
1.0,0.7830936,1.4002379,0
1.0,0.7914091,1.4596763,0
1.0,0.79031926,1.4247572,0
1.0,0.7969116,1.41687,0
1.0,0.80353725,1.4443817,0
1.0,0.806003,1.4331894,0
1.0,0.80387026,1.4399433,0
1.0,0.81979555,1.5240855,0
1.0,0.8174755,1.5366547,0
1.0,0.8345765,1.577713,0
1.0,0.82883704,1.5502911,0
1.0,0.85052806,1.589306,0
1.0,0.8411234,1.5746796,0
1.0,0.8618824,1.6354821,0
1.0,0.85517836,1.6023483,0
1.0,0.86525726,1.6315466,0
1.0,0.852267,1.6035095,0
1.0,0.86658764,1.6111662,0
1.0,0.8514112,1.574297,0
1.0,0.86193675,1.5998529,0
1.0,0.85627204,1.5727282,0
1.0,0.87140805,1.5875162,0
1.0,0.8540234,1.5085685,0
1.0,0.86617446,1.5529695,0
1.0,0.86401236,1.5569093,0
1.0,0.87400204,1.5667167,0
1.0,0.8609644,1.5605766,0
1.0,0.8711209,1.5842235,0
1.0,0.86205286,1.5601298,0
1.0,0.87012535,1.618703,0
1.0,0.85988796,1.6043531,0
1.0,0.8655968,1.6414196,0
1.0,0.85900474,1.6566358,0
1.0,0.86570805,1.6531204,0
1.0,0.85473955,1.6239269,0
1.0,0.85272646,1.6319964,0
1.0,0.842528,1.596144,0
1.0,0.8432004,1.5793003,0
1.0,0.81984276,1.5006642,0
1.0,0.8210807,1.4445987,0
1.0,0.811068,1.3713161,0
1.0,0.8211784,1.3999138,0
1.0,0.81497675,1.4611684,0
1.0,0.8234508,1.4929359,0
1.0,0.82120264,1.4663503,0
1.0,0.8409272,1.5565817,0
1.0,0.8399542,1.5521448,0
1.0,0.8484795,1.5749027,0
1.0,0.84318846,1.602249,0
1.0,0.85606843,1.6178237,0
1.0,0.8438921,1.5896482,0
1.0,0.84977305,1.6245518,0
1.0,0.83751106,1.60923,0
1.0,0.85266703,1.6672249,0
1.0,0.83424574,1.6354977,0
1.0,0.8407312,1.6351166,0
1.0,0.8248492,1.5793674,0
1.0,0.8369932,1.6501324,0
1.0,0.82346976,1.6169167,0
1.0,0.82552105,1.6017513,0
1.0,0.824819,1.5971062,0
1.0,0.83883196,1.6172924,0
1.0,0.8313741,1.5860262,0
1.0,0.8509981,1.625777,0
1.0,0.8567031,1.6590581,0
1.0,0.87485695,1.7075493,0
1.0,0.86695874,1.6858007,0
1.0,0.8765661,1.7696912,0
1.0,0.86859614,1.7753651,0
1.0,0.8707885,1.795061,0
1.0,0.8681387,1.8592803,0
1.0,0.87030005,1.8983755,0
1.0,0.8633815,1.8878472,0
1.0,0.8703563,1.91979,0
1.0,0.8691713,1.872625,0
1.0,0.87904114,1.878716,0
1.0,0.8798145,1.9040943,0
1.0,0.88799256,1.9279193,0
1.0,0.8884262,1.9232421,0
1.0,0.8978223,1.9341314,0
1.0,0.8973906,1.9245175,0
1.0,0.9008208,1.9403481,0
1.0,0.89860374,1.9454684,0
1.0,0.91503596,1.9984001,0
1.0,0.90947723,1.9387815,0
1.0,0.91317093,1.965726,0
1.0,0.9085913,2.0135658,0
1.0,0.91201746,2.030415,0
1.0,0.9108961,2.0459578,0
1.0,0.91001725,2.0095093,0
1.0,0.91153306,2.0580873,0
1.0,0.91667867,2.1410909,0
1.0,0.91698205,2.1688936,0
1.0,0.92488766,2.2377563,0
1.0,0.91759294,2.1856718,0
1.0,0.92408806,2.2251008,0
1.0,0.92290485,2.2981248,0
1.0,0.92965436,2.3155599,0
1.0,0.92727333,2.3072393,0
1.0,0.9355084,2.2623508,0
1.0,0.93219465,2.2331207,0
1.0,0.9368871,2.3259873,0
1.0,0.94010735,2.2976685,0
1.0,0.94794863,2.291014,0
1.0,0.94968224,2.343573,0
1.0,0.95324093,2.3763518,0
1.0,0.9533493,2.4236856,0
1.0,0.9508216,2.515876,0
1.0,0.95493376,2.5604668,0
1.0,0.95752835,2.557425,0
1.0,0.95902765,2.5957026,0
1.0,0.9586507,2.6640978,0
1.0,0.95716614,2.7070267,0
1.0,0.96032184,2.7208884,0
1.0,0.9615098,2.729428,0
1.0,0.9592345,2.7693079,0
1.0,0.96030533,2.8256307,0
1.0,0.9590509,2.8269682,0
1.0,0.96152717,2.817135,0
1.0,0.9594205,2.7924442,0
1.0,0.9609576,2.8057737,0
1.0,0.95879906,2.863052,0
1.0,0.961733,2.8363085,0
1.0,0.95916855,2.7969913,0
1.0,0.9626912,2.8196273,0
1.0,0.95864993,2.8120182,0
1.0,0.95948935,2.8938813,0
1.0,0.9542875,2.9296184,0
1.0,0.95911336,2.9072757,0
1.0,0.95719194,2.8918843,0
1.0,0.957522,2.9414985,0
1.0,0.95548695,3.0041466,0
1.0,0.95696384,3.0275993,0
1.0,0.95817924,3.0073433,0
1.0,0.9574477,3.0046468,0
1.0,0.9559068,3.0186367,0
1.0,0.956367,3.0248737,0
1.0,0.95321655,3.0081768,0
1.0,0.948673,2.9473467,0
1.0,0.94787955,2.8551009,0
1.0,0.94729906,2.8182635,0
1.0,0.9455589,2.8122761,0
1.0,0.94239175,2.818324,0
1.0,0.943008,2.8005774,0
1.0,0.94447726,2.754186,0
1.0,0.94356173,2.784044,0
1.0,0.939826,2.785581,0
1.0,0.93927735,2.7603853,0
1.0,0.94124055,2.7888243,0
1.0,0.94260633,2.7984502,0
1.0,0.93709624,2.7759397,0
1.0,0.9353903,2.8293583,0
1.0,0.9346524,2.8629913,0
1.0,0.93705624,2.8272648,0
1.0,0.9322658,2.800786,0
1.0,0.9301693,2.7831218,0
1.0,0.93197644,2.779849,0
1.0,0.92688423,2.7575321,0
1.0,0.9251947,2.7023306,0
1.0,0.92146486,2.6220808,0
1.0,0.9265072,2.5774536,0
1.0,0.9232776,2.5450804,0
1.0,0.92438316,2.5202827,0
1.0,0.91864693,2.4900107,0
1.0,0.9273233,2.5150404,0
1.0,0.92446417,2.4763489,0
1.0,0.9272024,2.4920382,0
1.0,0.9180997,2.4719048,0
1.0,0.92471594,2.4951334,0
1.0,0.91736746,2.4699893,0
1.0,0.920656,2.465903,0
1.0,0.91175956,2.4618096,0
1.0,0.9163092,2.496986,0
1.0,0.9113808,2.479707,0
1.0,0.9160499,2.466546,0
1.0,0.9084803,2.4055405,0
1.0,0.9120342,2.3980198,0
1.0,0.90321255,2.314516,0
1.0,0.9026616,2.2719684,0
1.0,0.8982491,2.2440472,0
1.0,0.89829695,2.1977787,0
1.0,0.8937764,2.1554732,0
1.0,0.886708,2.109354,0
1.0,0.87863064,2.042208,0
1.0,0.87453127,1.9835119,0
1.0,0.8731164,1.9551373,0
1.0,0.8692043,1.9514543,0
1.0,0.8689246,1.9690832,0
1.0,0.8582338,1.9526587,0
1.0,0.8573499,1.9419093,0
1.0,0.85024834,1.9179282,0
1.0,0.85427666,1.9293252,0
1.0,0.8446259,1.8954074,0
1.0,0.8507685,1.9305804,0
1.0,0.8444102,1.9405279,0
1.0,0.8532427,1.9456545,0
1.0,0.8418282,1.9077737,0
1.0,0.84442353,1.917609,0
1.0,0.8348967,1.8713145,0
1.0,0.84357274,1.8735147,0
1.0,0.8281136,1.7830722,0
1.0,0.8338229,1.7631495,0
1.0,0.8359307,1.7528453,0
1.0,0.83183783,1.7211757,0
1.0,0.8302582,1.7099196,0
1.0,0.8340114,1.6994548,0
1.0,0.842755,1.7414744,0
1.0,0.84830576,1.7839803,0
1.0,0.84645313,1.7826173,0
1.0,0.8427254,1.7968667,0
1.0,0.8478773,1.8213346,0
1.0,0.85272324,1.8273368,0
1.0,0.85487276,1.8412893,0
1.0,0.8454925,1.8345563,0
1.0,0.84841824,1.8450193,0
1.0,0.85140836,1.8443778,0
1.0,0.84925216,1.8573979,0
1.0,0.84110117,1.8226582,0
1.0,0.8441275,1.777079,0
1.0,0.84634036,1.7505908,0
1.0,0.84816295,1.7323728,0
1.0,0.8422863,1.6979079,0
1.0,0.86047363,1.7535372,0
1.0,0.85819113,1.7429714,0
1.0,0.87603617,1.7993066,0
1.0,0.85996026,1.7798262,0
1.0,0.869289,1.7946434,0
1.0,0.86226207,1.7737598,0
1.0,0.87356937,1.7926271,0
1.0,0.85168236,1.7178017,0
1.0,0.8578736,1.7350527,0
1.0,0.8476872,1.7102566,0
1.0,0.86585236,1.7887108,0
1.0,0.84534955,1.7498817,0
1.0,0.85772073,1.7827213,0
1.0,0.8404075,1.7647688,0
1.0,0.85650927,1.8133233,0
1.0,0.84120184,1.761621,0
1.0,0.8615925,1.7801063,0
1.0,0.85129535,1.7161686,0
1.0,0.8670493,1.7381841,0
1.0,0.8522854,1.7086182,0
1.0,0.87331945,1.7754698,0
1.0,0.8606436,1.713563,0
1.0,0.8775084,1.7638755,0
1.0,0.859892,1.7280614,0
1.0,0.8625767,1.734421,0
1.0,0.84875387,1.7319033,0
1.0,0.85769564,1.746798,0
1.0,0.84960353,1.72913,0
1.0,0.8552456,1.7779789,0
1.0,0.8502248,1.7925675,0
1.0,0.8573625,1.8363498,0
1.0,0.86164814,1.855804,0
1.0,0.8658296,1.8592694,0
1.0,0.86391574,1.8561456,0
1.0,0.86706835,1.8611299,0
1.0,0.8673191,1.8313991,0
1.0,0.86801034,1.8024606,0
1.0,0.8682468,1.7850535,0
1.0,0.86613685,1.7624439,0
1.0,0.86134005,1.7427926,0
1.0,0.85621595,1.7165058,0
1.0,0.8515023,1.6885217,0
1.0,0.8488553,1.6619711,0
1.0,0.84471005,1.6587265,0
1.0,0.8322635,1.6632805,0
1.0,0.82609946,1.64111,0
1.0,0.8214669,1.630216,0
1.0,0.8258678,1.622016,0
1.0,0.8264496,1.5975208,0
1.0,0.83061975,1.6694509,0
1.0,0.83348036,1.7269801,0
1.0,0.85086507,1.7596577,0
1.0,0.86161155,1.7842052,0
1.0,0.8728225,1.8155589,0
1.0,0.86990553,1.8117274,0
1.0,0.86870104,1.8068254,0
1.0,0.8597806,1.7708273,0
1.0,0.86919755,1.760325,0
1.0,0.86133486,1.6955142,0
1.0,0.86742043,1.6974585,0
1.0,0.8669525,1.7135115,0
1.0,0.87984926,1.7424884,0
1.0,0.8846221,1.7313925,0
1.0,0.89585674,1.7384082,0
1.0,0.8976689,1.7337675,0
1.0,0.90379554,1.7795281,0
1.0,0.90099853,1.7993068,0
1.0,0.90562314,1.8151598,0
1.0,0.90864253,1.8335639,0
1.0,0.91257256,1.864233,0
1.0,0.9092583,1.8954228,0
1.0,0.9185366,1.9719168,0
1.0,0.9209917,1.9985615,0
1.0,0.923739,1.9850172,0
1.0,0.92069596,1.9693809,0
1.0,0.92111963,1.9871087,0
1.0,0.90751326,1.9264796,0
1.0,0.91506594,1.9141718,0
1.0,0.90941507,1.8630512,0
1.0,0.910866,1.88227,0
1.0,0.9053657,1.8931592,0
1.0,0.90515643,1.8520793,0
1.0,0.9000681,1.8171425,0
1.0,0.90081894,1.7973863,0
1.0,0.89990157,1.760798,0
1.0,0.8965331,1.7841511,0
1.0,0.8843791,1.7558714,0
1.0,0.87962645,1.7122108,0
1.0,0.8817159,1.7183079,0
1.0,0.8775382,1.7267157,0
1.0,0.870774,1.7480031,0
1.0,0.8712663,1.788377,0
1.0,0.8735591,1.795768,0
1.0,0.8714431,1.7617196,0
1.0,0.8678609,1.7396953,0
1.0,0.8598286,1.7302287,0
1.0,0.85977817,1.7160101,0
1.0,0.86145645,1.6879599,0
1.0,0.8550328,1.644547,0
1.0,0.84782064,1.5934701,0
1.0,0.85152245,1.5896795,0
1.0,0.83212894,1.5551612,0
1.0,0.8228642,1.5049111,0
1.0,0.8255773,1.4730943,0
1.0,0.8361252,1.4866837,0
1.0,0.83214515,1.4802186,0
1.0,0.83308065,1.5113156,0
1.0,0.8347323,1.5406559,0
1.0,0.8447445,1.5693936,0
1.0,0.84547484,1.5843363,0
1.0,0.84753746,1.5912688,0
1.0,0.84479785,1.5839458,0
1.0,0.85112727,1.6236199,0
1.0,0.8490262,1.6190611,0
1.0,0.85356045,1.6151662,0
1.0,0.8458049,1.6086893,0
1.0,0.8503362,1.6203036,0
1.0,0.84338725,1.5695862,0
1.0,0.84178966,1.5433843,0
1.0,0.8348344,1.5135164,0
1.0,0.8413391,1.498554,0
1.0,0.8269011,1.433419,0
1.0,0.82458323,1.4127994,0
1.0,0.8190013,1.3743888,0
1.0,0.82585704,1.3678145,0
1.0,0.8201569,1.3740153,0
1.0,0.819866,1.4102656,0
1.0,0.8009792,1.3641106,0
1.0,0.8045241,1.3862683,0
1.0,0.79452425,1.3841125,0
1.0,0.80041534,1.3820577,0
1.0,0.78848106,1.3690974,0
1.0,0.7992827,1.3995595,0
1.0,0.788774,1.3315372,0
1.0,0.78787553,1.3235683,0
1.0,0.7828475,1.3104421,0
1.0,0.7816544,1.2766873,0
1.0,0.7866182,1.278923,0
1.0,0.77907616,1.2578232,0
1.0,0.7827468,1.21907,0
1.0,0.7894792,1.2100152,0
1.0,0.8097886,1.2791508,0
1.0,0.8073642,1.2874527,0
1.0,0.8162417,1.3036488,0
1.0,0.8169749,1.3215272,0
1.0,0.83014315,1.3538808,0
1.0,0.8266033,1.3297348,0
1.0,0.83148783,1.3691936,0
1.0,0.8305193,1.4030075,0
1.0,0.84368926,1.4282045,0
1.0,0.8422073,1.4360815,0
1.0,0.8466597,1.4696896,0
1.0,0.8486188,1.4876376,0
1.0,0.8565211,1.5181415,0
1.0,0.8498795,1.5043027,0
1.0,0.8480651,1.5001694,0
1.0,0.84301883,1.4879224,0
1.0,0.8459606,1.4903781,0
1.0,0.84038234,1.4379317,0
1.0,0.8325902,1.3934762,0
1.0,0.8353812,1.3849846,0
1.0,0.82980555,1.341933,0
1.0,0.82770246,1.354629,0
1.0,0.8214873,1.363045,0
1.0,0.8168227,1.3643701,0
1.0,0.8011452,1.3674247,0
1.0,0.79733646,1.3873693,0
1.0,0.785269,1.3652129,0
1.0,0.7834678,1.3827415,0
1.0,0.7783364,1.4025738,0
1.0,0.7786,1.4136014,0
1.0,0.7771307,1.409332,0
1.0,0.7808909,1.4339162,0
1.0,0.77315193,1.3864081,0
1.0,0.76869965,1.3443818,0
1.0,0.7635346,1.3397125,0
1.0,0.7602131,1.2923613,0
1.0,0.7518509,1.2444549,0
1.0,0.7493228,1.2479044,0
1.0,0.7470938,1.2110721,0
1.0,0.7473727,1.1687498,0
1.0,0.74246114,1.1636336,0
1.0,0.7486406,1.2027202,0
1.0,0.74824345,1.1843534,0
1.0,0.7530569,1.1986551,0
1.0,0.7535099,1.2266142,0
1.0,0.7628729,1.2394953,0
1.0,0.7570293,1.2433913,0
1.0,0.77156574,1.2935956,0
1.0,0.76283646,1.2627707,0
1.0,0.7774316,1.2971219,0
1.0,0.76747024,1.2876828,0
1.0,0.77920604,1.3229849,0
1.0,0.76793385,1.28638,0
1.0,0.77556115,1.2842395,0
1.0,0.7600421,1.2345393,0
1.0,0.7642188,1.2235687,0
1.0,0.75264317,1.1657859,0
1.0,0.75940675,1.1361935,0
1.0,0.743147,1.0757368,0
1.0,0.7560992,1.0995743,0
1.0,0.7478909,1.0814109,0
1.0,0.75804925,1.0934204,0
1.0,0.74472237,1.065368,0
1.0,0.76382744,1.1070697,0
1.0,0.7556771,1.1011522,0
1.0,0.7692913,1.1412542,0
1.0,0.7535817,1.0967735,0
1.0,0.77162266,1.1262751,0
1.0,0.7542688,1.0936108,0
1.0,0.7587999,1.0948356,0
1.0,0.73924625,1.0495633,0
1.0,0.74970853,1.090759,0
1.0,0.7385152,1.0598019,0
1.0,0.7377658,1.0104752,0
1.0,0.72359174,0.9897251,0
1.0,0.7324191,0.98853505,0
1.0,0.71935695,0.9276754,0
1.0,0.7269072,0.9650452,0
1.0,0.7177712,0.91169286,0
1.0,0.73691183,0.9139939,0
1.0,0.7352681,0.9253242,0
1.0,0.7488709,0.9463724,0
1.0,0.755046,0.9431279,0
1.0,0.76968455,0.95624614,0
1.0,0.7608679,0.95050627,0
1.0,0.76743925,0.98556346,0
1.0,0.7660544,1.0007962,0
1.0,0.77213305,1.0148447,0
1.0,0.7622495,1.0043944,0
1.0,0.7655473,1.0321423,0
1.0,0.770528,1.0371741,0
1.0,0.77317953,1.030916,0
1.0,0.77236885,1.0096588,0
1.0,0.7720376,0.9844351,0
1.0,0.77728707,0.98451483,0
1.0,0.7734615,0.95230156,0
1.0,0.76806253,0.91575146,0
1.0,0.7634487,0.89415383,0
1.0,0.76902187,0.89562565,0
1.0,0.76310486,0.87836295,0
1.0,0.7575884,0.8687295,0
1.0,0.7541526,0.8929322,0
1.0,0.7622424,0.9149934,0
1.0,0.75277835,0.88457394,0
1.0,0.75626576,0.9036963,0
1.0,0.75377876,0.89736515,0
1.0,0.7536649,0.89948887,0
1.0,0.73767495,0.8951823,0
1.0,0.7469892,0.9031638,0
1.0,0.7357109,0.86112887,0
1.0,0.737542,0.8859251,0
1.0,0.72256064,0.8756347,0
1.0,0.7358884,0.89175105,0
1.0,0.723111,0.85946995,0
1.0,0.7365841,0.8785299,0
1.0,0.72978324,0.855609,0
1.0,0.7319812,0.8460144,0
1.0,0.7394287,0.8428414,0
1.0,0.7404951,0.80994415,0
1.0,0.74697554,0.8131926,0
1.0,0.742804,0.8023503,0
1.0,0.7488479,0.79964495,0
1.0,0.7499067,0.8310603,0
1.0,0.7592404,0.8765377,0
1.0,0.76045537,0.8851106,0
1.0,0.7663512,0.89444524,0
1.0,0.7657491,0.896144,0
1.0,0.7726705,0.9374878,0
1.0,0.7650178,0.93992376,0
1.0,0.7706479,0.94674087,0
1.0,0.7662238,0.9443433,0
1.0,0.7759679,0.98335344,0
1.0,0.76323605,0.96323985,0
1.0,0.7820846,0.9879503,0
1.0,0.7778235,0.96579325,0
1.0,0.79763,0.9844471,0
1.0,0.78773016,0.94915247,0
1.0,0.8065637,0.9819713,0
1.0,0.7907266,0.93850744,0
1.0,0.8119564,0.9672274,0
1.0,0.791663,0.9274709,0
1.0,0.8102625,0.95623714,0
1.0,0.7884369,0.90689313,0
1.0,0.7970601,0.92413986,0
1.0,0.78016585,0.89308214,0
1.0,0.8034326,0.94243175,0
1.0,0.78572047,0.9273635,0
1.0,0.7924313,0.9462177,0
1.0,0.7708948,0.90531254,0
1.0,0.7942142,0.9651594,0
1.0,0.7724077,0.9338218,0
1.0,0.7771905,0.953547,0
1.0,0.7526434,0.91478556,0
1.0,0.7760725,0.94888794,0
1.0,0.7479906,0.88724864,0
1.0,0.7568297,0.8950933,0
1.0,0.739573,0.84241784,0
1.0,0.7625307,0.8900852,0
1.0,0.7405816,0.8665221,0
1.0,0.74778974,0.85707724,0
1.0,0.7389896,0.82779837,0
1.0,0.7592173,0.87091994,0
1.0,0.7421426,0.84089005,0
1.0,0.7315539,0.8286301,0
1.0,0.7333139,0.8471887,0
1.0,0.73708445,0.85235286,0
1.0,0.73739755,0.87326014,0
1.0,0.7406716,0.898622,0
1.0,0.7482925,0.9203311,0
1.0,0.75375414,0.95269823,0
1.0,0.7517408,0.9481523,0
1.0,0.7591575,0.95285654,0
1.0,0.7645054,0.962045,0
1.0,0.76644677,0.95529383,0
1.0,0.75726455,0.93647027,0
1.0,0.77047765,0.9546948,0
1.0,0.7663191,0.93444425,0
1.0,0.7744211,0.9455198,0
1.0,0.7607078,0.91834915,0
1.0,0.77305114,0.9591944,0
1.0,0.76661587,0.9515381,0
1.0,0.7716538,0.95462626,0
1.0,0.75667614,0.9262316,0
1.0,0.7686305,0.93628824,0
1.0,0.74984056,0.9141041,0
1.0,0.7588298,0.9678451,0
1.0,0.7464555,0.96033674,0
1.0,0.76960975,1.0071082,0
1.0,0.76407206,0.99385893,0
1.0,0.77953446,1.0219134,0
1.0,0.77813566,1.0284315,0
1.0,0.79696053,1.0605586,0
1.0,0.8091824,1.0997987,0
1.0,0.81247497,1.1401709,0
1.0,0.81648076,1.1484628,0
1.0,0.8266497,1.159786,0
1.0,0.824169,1.1230924,0
1.0,0.8222231,1.082146,0
1.0,0.83165276,1.0892625,0
1.0,0.83783937,1.0956391,0
1.0,0.84039384,1.1095902,0
1.0,0.8439075,1.1430283,0
1.0,0.85076123,1.1672015,0
1.0,0.86355495,1.2093856,0
1.0,0.8572391,1.2199237,0
1.0,0.8566283,1.2512251,0
1.0,0.8622185,1.2868394,0
1.0,0.86905974,1.3163979,0
1.0,0.8629445,1.3465494,0
1.0,0.86185294,1.3978218,0
1.0,0.8647756,1.425508,0
1.0,0.8707253,1.4278117,0
1.0,0.8639053,1.4097433,0
1.0,0.8654545,1.4201918,0
1.0,0.86461306,1.443433,0
1.0,0.875252,1.5040786,0
1.0,0.8497997,1.4350231,0
1.0,0.85734075,1.4329269,0
1.0,0.8487846,1.3831979,0
1.0,0.8558357,1.3746014,0
1.0,0.83132976,1.348206,0
1.0,0.8464257,1.403698,0
1.0,0.8370499,1.3727455,0
1.0,0.8496788,1.4638503,0
1.0,0.8374395,1.5090446,0
1.0,0.8420921,1.5493978,0
1.0,0.8511425,1.6124635,0
1.0,0.8595957,1.6692314,0
1.0,0.8550641,1.6886269,0
1.0,0.8637873,1.7509048,0
1.0,0.86996245,1.7714887,0
1.0,0.87608147,1.8076887,0
1.0,0.86930907,1.8517644,0
1.0,0.88037795,1.872968,0
1.0,0.88524854,1.8968409,0
1.0,0.8954416,1.9629629,0
1.0,0.8870388,1.9487748,0
1.0,0.8904045,1.9574653,0
1.0,0.89461154,1.9646604,0
1.0,0.8937901,1.9608915,0
1.0,0.883188,1.9199533,0
1.0,0.8828111,1.9112289,0
1.0,0.8894357,1.9408168,0
1.0,0.89016503,1.9853237,0
1.0,0.8888336,2.0499904,0
1.0,0.89016163,2.0920796,0
1.0,0.89895695,2.1365538,0
1.0,0.900382,2.1428242,0
1.0,0.89628804,2.126814,0
1.0,0.89936525,2.1517658,0
1.0,0.90017015,2.1891563,0
1.0,0.9024721,2.263102,0
1.0,0.89636415,2.2749386,0
1.0,0.8969654,2.2565973,0
1.0,0.89534736,2.2629428,0
1.0,0.89865583,2.234211,0
1.0,0.8882844,2.114244,0
1.0,0.8915986,2.1168797,0
1.0,0.8892704,2.0860066,0
1.0,0.89150405,2.0307949,0
1.0,0.8855183,2.0191631,0
1.0,0.889563,2.0655236,0
1.0,0.88561106,2.077193,0
1.0,0.9010383,2.1513093,0
1.0,0.8984429,2.1011815,0
1.0,0.9071564,2.0988064,0
1.0,0.90082467,2.1078782,0
1.0,0.9109499,2.1748278,0
1.0,0.91052276,2.193167,0
1.0,0.9181123,2.2364774,0
1.0,0.9149946,2.2639208,0
1.0,0.9210238,2.2916248,0
1.0,0.92014545,2.2912254,0
1.0,0.92114717,2.2867422,0
1.0,0.91854554,2.2349663,0
1.0,0.9179475,2.196294,0
1.0,0.91088986,2.13335,0
1.0,0.91069764,2.0843973,0
1.0,0.90742964,2.051375,0
1.0,0.90854895,2.039824,0
1.0,0.9098211,2.052941,0
1.0,0.9037954,2.047104,0
1.0,0.9000994,2.0316072,0
1.0,0.8991512,2.028747,0
1.0,0.90123916,2.0304723,0
1.0,0.8960756,2.0515761,0
1.0,0.8948663,2.0841808,0
1.0,0.88145965,2.0624647,0
1.0,0.88423115,2.1142135,0
1.0,0.8794393,2.081279,0
1.0,0.8805209,2.0715423,0
1.0,0.87179637,2.091446,0
1.0,0.8719625,2.0873566,0
1.0,0.86218894,2.0064893,0
1.0,0.8592284,1.9823585,0
1.0,0.8486336,1.9238081,0
1.0,0.8490401,1.8904622,0
1.0,0.84373254,1.871136,0
1.0,0.8326877,1.8177425,0
1.0,0.82669806,1.7258762,0
1.0,0.8301705,1.6844933,0
1.0,0.830504,1.6632085,0
1.0,0.8161244,1.5935531,0
1.0,0.81426865,1.5751343,0
1.0,0.82192856,1.6014168,0
1.0,0.8214643,1.5868895,0
1.0,0.8192347,1.5900629,0
1.0,0.81529343,1.5940621,0
1.0,0.82097447,1.6076709,0
1.0,0.8209389,1.6104765,0
1.0,0.8164018,1.570092,0
1.0,0.80829793,1.5384682,0
1.0,0.8113249,1.5382974,0
1.0,0.80344754,1.4949397,0
1.0,0.8077177,1.502398,0
1.0,0.7925599,1.4028838,0
1.0,0.81208223,1.3960115,0
1.0,0.803523,1.3572832,0
1.0,0.8114128,1.3248261,0
1.0,0.8078987,1.2706032,0
1.0,0.8376239,1.292903,0
1.0,0.8300845,1.2436697,0
1.0,0.8483525,1.2752308,0
1.0,0.84474885,1.2754864,0
1.0,0.8503695,1.2781377,0
1.0,0.839959,1.2436318,0
1.0,0.8531231,1.2491302,0
1.0,0.84901786,1.2156352,0
1.0,0.8491653,1.2246504,0
1.0,0.84537065,1.2106178,0
1.0,0.8527287,1.1975051,0
1.0,0.84750384,1.1824377,0
1.0,0.84240854,1.1859239,0
1.0,0.8406683,1.1905937,0
1.0,0.83916306,1.1563888,0
1.0,0.84383047,1.1264741,0
1.0,0.84879464,1.0945432,0
1.0,0.8587406,1.0896267,0
1.0,0.84486747,1.0500195,0
1.0,0.8662859,1.0721474,0
1.0,0.84903514,1.0038341,0
1.0,0.86863554,1.020926,0
1.0,0.838386,0.96450245,0
1.0,0.85262436,0.9800943,0
1.0,0.807883,0.8802558,0
1.0,0.83349574,0.92540056,0
1.0,0.78465056,0.8063867,0
1.0,0.8048763,0.8283425,0
1.0,0.7893905,0.80616504,0
1.0,0.8279531,0.8711879,0
1.0,0.7907287,0.7708416,0
1.0,0.81754166,0.8089626,0
1.0,0.8143855,0.8000129,0
1.0,0.8378331,0.821882,0
1.0,0.8129048,0.76873255,0
1.0,0.83236104,0.7486578,0
1.0,0.8092646,0.671883,0
1.0,0.84115994,0.70449567,0
1.0,0.81698513,0.65890193,0
1.0,0.84008634,0.691719,0
1.0,0.8028375,0.6105056,0
1.0,0.8277441,0.6490219,0
1.0,0.8175433,0.62572134,0
1.0,0.81550807,0.60020894,0
1.0,0.79806167,0.55871093,0
1.0,0.8161855,0.5533402,0
1.0,0.81480515,0.5455673,0
1.0,0.80681926,0.5348904,0
1.0,0.787256,0.5095352,0
1.0,0.80841243,0.53811735,0
1.0,0.81953216,0.5330957,0
1.0,0.8086633,0.497496,0
1.0,0.7872713,0.45411795,0
1.0,0.8034169,0.4587621,0
1.0,0.79062164,0.4434644,0
1.0,0.770106,0.4043264,0
1.0,0.71595514,0.32421523,0
1.0,0.7464384,0.34005126,0
1.0,0.7072562,0.28842962,0
1.0,0.71551734,0.30051234,0
1.0,0.7010937,0.29322654,0
1.0,0.7261725,0.29387677,0
1.0,0.7037337,0.27402198,0
1.0,0.7170702,0.29357845,0
1.0,0.70661366,0.27131486,0
1.0,0.729924,0.2893138,0
1.0,0.6712417,0.23570937,0
1.0,0.6796952,0.25222075,0
1.0,0.65106875,0.2314479,0
1.0,0.671557,0.2584177,0
1.0,0.63102406,0.2203711,0
1.0,0.6609269,0.23650596,0
1.0,0.65403193,0.23048088,0
1.0,0.6847835,0.24654189,0
1.0,0.6619086,0.21841103,0
1.0,0.706059,0.25726935,0
1.0,0.6989545,0.23990233,0
1.0,0.7175848,0.23919201,0
1.0,0.7106466,0.22998345,0
1.0,0.731761,0.25485024,0
1.0,0.72910786,0.23639834,0
1.0,0.7419203,0.23360825,0
1.0,0.72977227,0.22303133,0
1.0,0.7591436,0.2521458,0
1.0,0.7410138,0.23803012,0
1.0,0.7382047,0.24069266,0
1.0,0.7220682,0.2188972,0
1.0,0.7357532,0.2292823,0
1.0,0.72080547,0.21795066,0
1.0,0.71170676,0.20320967,0
1.0,0.7092983,0.19315454,0
1.0,0.73742217,0.2109843,0
1.0,0.740171,0.20360205,0
1.0,0.7175341,0.17316438,0
1.0,0.7319547,0.17790583,0
1.0,0.7416387,0.18444945,0
1.0,0.7213088,0.16363195,0
1.0,0.68964225,0.1400895,0
1.0,0.67655635,0.12474959,0
1.0,0.66464907,0.10255791,0
1.0,0.6277242,0.08101587,0
1.0,0.5925543,0.06351857,0
1.0,0.5876912,0.05540601,0
1.0,0.57326615,0.051769547,0
1.0,0.56673735,0.057178665,0
1.0,0.5576719,0.06460817,0
1.0,0.61107326,0.08217844,0
1.0,0.6194043,0.09315729,0
1.0,0.6043234,0.09967248,0
1.0,0.6344607,0.11354484,0
1.0,0.65667796,0.12454164,0
1.0,0.665383,0.12918702,0
1.0,0.6280448,0.111311555,0
1.0,0.6436008,0.12159286,0
1.0,0.6525643,0.12956463,0
1.0,0.6546226,0.12457799,0
1.0,0.5851636,0.090075724,0
1.0,0.6203524,0.10597063,0
1.0,0.63034356,0.10952602,0
1.0,0.65097576,0.122667,0
1.0,0.60680306,0.111398295,0
1.0,0.6273969,0.12085551,0
1.0,0.6236742,0.119050905,0
1.0,0.6079669,0.15385702,0
1.0,0.5531352,0.13454618,0
1.0,0.5664163,0.1402716,0
1.0,0.56872946,0.14236113,0
1.0,0.55816567,0.14505503,0
1.0,0.51284117,0.12973067,0
1.0,0.5114335,0.1322886,0
1.0,0.49572423,0.13865875,0
1.0,0.46723133,0.13114858,0
1.0,0.48250693,0.13821717,0
1.0,0.4533989,0.12589401,0
1.0,0.5013768,0.14578801,0
1.0,0.46768,0.12949862,0
1.0,0.5257248,0.14841524,0
1.0,0.50813305,0.12893564,0
1.0,0.57378286,0.16270468,0
1.0,0.5538411,0.15401855,0
1.0,0.637255,0.1953237,0
1.0,0.6313441,0.19506353,0
1.0,0.6777735,0.24849269,0
1.0,0.66444975,0.23605335,0
1.0,0.728261,0.28859004,0
1.0,0.7243242,0.28744933,0
1.0,0.75798106,0.31849247,0
1.0,0.74362785,0.3055377,0
1.0,0.7927396,0.3623523,0
1.0,0.7923184,0.37899238,0
1.0,0.8116027,0.400194,0
1.0,0.8052424,0.38725036,0
1.0,0.8357061,0.40510422,0
1.0,0.8422859,0.4155594,0
1.0,0.8625245,0.4433118,0
1.0,0.83968455,0.36954772,0
1.0,0.8469247,0.36596918,0
1.0,0.8320412,0.35246778,0
1.0,0.8420675,0.3866539,0
1.0,0.8121148,0.35424042,0
1.0,0.8239151,0.3608591,0
1.0,0.80332655,0.3300005,0
1.0,0.83206093,0.33788925,0
1.0,0.7725877,0.27738577,0
1.0,0.76218843,0.29663664,0
1.0,0.7353561,0.29757518,0
1.0,0.8056386,0.38086468,0
1.0,0.7551844,0.32884106,0
1.0,0.766686,0.35396886,0
1.0,0.7493665,0.36252975,0
1.0,0.8126546,0.4460457,0
1.0,0.7846011,0.40039214,0
1.0,0.7935062,0.4187441,0
1.0,0.7546138,0.38966802,0
1.0,0.82719845,0.4838006,0
1.0,0.8001296,0.46969497,0
1.0,0.8193156,0.49618024,0
1.0,0.79375386,0.47213918,0
1.0,0.8493532,0.5780383,0
1.0,0.83204645,0.57737064,0
1.0,0.8286749,0.5929425,0
1.0,0.8266601,0.58192044,0
1.0,0.8409515,0.6101525,0
1.0,0.83120716,0.6400577,0
1.0,0.8174874,0.684521,0
1.0,0.81007105,0.6938887,0
1.0,0.8278659,0.7274393,0
1.0,0.8397622,0.7597765,0
1.0,0.8523968,0.79792595,0
1.0,0.84373075,0.8311801,0
1.0,0.8650101,0.89000297,0
1.0,0.8590529,0.86951166,0
1.0,0.8655558,0.9215214,0
1.0,0.84411365,0.939407,0
1.0,0.8669035,1.0391295,0
1.0,0.85003185,1.0385277,0
1.0,0.8601252,1.0240445,0
1.0,0.8619993,0.9977668,0
1.0,0.886093,1.0472903,0
1.0,0.8832426,1.0713897,0
1.0,0.90193,1.1542652,0
1.0,0.8997356,1.16123,0
1.0,0.9187409,1.21235,0
1.0,0.91682184,1.2620745,0
1.0,0.9201832,1.3236151,0
1.0,0.9124217,1.3571154,0
1.0,0.93023324,1.4737692,0
1.0,0.92805606,1.4867218,0
1.0,0.92989635,1.523396,0
1.0,0.9242967,1.566274,0
1.0,0.94092065,1.6453753,0
1.0,0.93890464,1.6934532,0
1.0,0.944563,1.7154691,0
1.0,0.9380862,1.6940699,0
1.0,0.9447569,1.7177584,0
1.0,0.9423826,1.7098814,0
1.0,0.94248366,1.7104831,0
1.0,0.9456088,1.7455904,0
1.0,0.9508852,1.794127,0
1.0,0.9543483,1.8301152,0
1.0,0.94967085,1.8590891,0
1.0,0.94558936,1.8769963,0
1.0,0.9455132,1.8734884,0
1.0,0.9484033,1.8734248,0
1.0,0.93987226,1.8337526,0
1.0,0.936391,1.8832018,0
1.0,0.9351538,1.918421,0
1.0,0.94613874,1.938068,0
1.0,0.9461952,1.9599442,0
1.0,0.94711053,1.9961033,0
1.0,0.946869,2.026937,0
1.0,0.9486582,2.0747757,0
1.0,0.9535248,2.1366591,0
1.0,0.95253664,2.1623125,0
1.0,0.95350426,2.1742587,0
1.0,0.95394033,2.129959,0
1.0,0.95429176,2.0834236,0
1.0,0.95382905,2.053451,0
1.0,0.9562929,1.9961101,0
1.0,0.96137154,2.0447547,0
1.0,0.9608523,2.057091,0
1.0,0.95945925,2.0070982,0
1.0,0.9556843,1.9660136,0
1.0,0.95490724,1.8966517,0
1.0,0.95417887,1.872759,0
1.0,0.9561078,1.8922658,0
1.0,0.9564481,1.942499,0
1.0,0.96106,2.078889,0
1.0,0.9583859,2.0344696,0
1.0,0.9641071,2.0085711,0
1.0,0.9607017,2.0454302,0
1.0,0.9600962,2.0629997,0
1.0,0.953337,2.0513935,0
1.0,0.9605645,2.0540922,0
1.0,0.9563135,2.0296268,0
1.0,0.9568785,2.049251,0
1.0,0.9488122,2.028341,0
1.0,0.94997144,1.9402905,0
1.0,0.9449584,1.8293617,0
1.0,0.946486,1.8352286,0
1.0,0.9384296,1.8537759,0
1.0,0.9442373,1.8531783,0
1.0,0.9353682,1.8405182,0
1.0,0.933279,1.8197913,0
1.0,0.9162048,1.6936581,0
1.0,0.9245747,1.6973484,0
1.0,0.91413826,1.7508081,0
1.0,0.92165035,1.8088317,0
1.0,0.9112238,1.7721401,0
1.0,0.9219005,1.8020921,0
1.0,0.9185752,1.7938032,0
1.0,0.92111146,1.7460686,0
1.0,0.92021286,1.7181158,0
1.0,0.9203837,1.7140441,0
1.0,0.9185733,1.6952051,0
1.0,0.9116468,1.6925895,0
1.0,0.9039395,1.6799014,0
1.0,0.8807607,1.6228676,0
1.0,0.87829775,1.602175,0
1.0,0.8746605,1.4820623,0
1.0,0.8638403,1.4485277,0
1.0,0.85567117,1.4475617,0
1.0,0.8547251,1.4105802,0
1.0,0.8619154,1.3889383,0
1.0,0.84886396,1.3018343,0
1.0,0.852483,1.2846959,0
1.0,0.84757316,1.2702739,0
1.0,0.8518838,1.2614739,0
1.0,0.84964335,1.2798017,0
1.0,0.84985065,1.3143725,0
1.0,0.8543205,1.3245993,0
1.0,0.8604991,1.322576,0
1.0,0.86163455,1.2958434,0
1.0,0.8585391,1.2770257,0
1.0,0.8566088,1.2526481,0
1.0,0.85456,1.2113384,0
1.0,0.8422524,1.1562428,0
1.0,0.8371323,1.1177036,0
1.0,0.83796155,1.0950875,0
1.0,0.8456381,1.1003187,0
1.0,0.8457603,1.110062,0
1.0,0.86863345,1.1316596,0
1.0,0.8652707,1.0906556,0
1.0,0.8776176,1.1189885,0
1.0,0.8711166,1.1989826,0
1.0,0.894602,1.3113492,0
1.0,0.8873888,1.2626553,0
1.0,0.8987424,1.2601619,0
1.0,0.89653355,1.300936,0
1.0,0.9040668,1.3567057,0
1.0,0.9088375,1.3501072,0
1.0,0.92243975,1.348994,0
1.0,0.9180796,1.3270535,0
1.0,0.92615366,1.3697191,0
1.0,0.9231187,1.3720567,0
1.0,0.9209207,1.379082,0
1.0,0.9225464,1.3991559,0
1.0,0.92764056,1.3797057,0
1.0,0.9236489,1.3635259,0
1.0,0.92514837,1.4084446,0
1.0,0.92039144,1.3743681,0
1.0,0.9367922,1.3377557,0
1.0,0.93943954,1.3312597,0
1.0,0.9404673,1.3405852,0
1.0,0.933283,1.4603889,0
1.0,0.93332857,1.5365865,0
1.0,0.94009584,1.5160127,0
1.0,0.91869694,1.4505738,0
1.0,0.91152245,1.444605,0
1.0,0.90281487,1.4327908,0
1.0,0.9110124,1.4598061,0
1.0,0.8946001,1.3940449,0
1.0,0.8862942,1.34987,0
1.0,0.88514745,1.3500123,0
1.0,0.8809369,1.3625934,0
1.0,0.8367223,1.2600119,0
1.0,0.8297409,1.1502883,0
1.0,0.82974875,1.0865606,0
1.0,0.83046514,1.0902989,0
1.0,0.7932344,1.0315392,0
1.0,0.7675166,0.9950057,0
1.0,0.7773499,1.0065476,0
1.0,0.8026058,1.0323275,0
1.0,0.7945312,1.0170645,0
1.0,0.77251035,1.0170491,0
1.0,0.7989291,1.1433215,0
1.0,0.80056924,1.138716,0
1.0,0.8265622,1.150177,0
1.0,0.806937,1.1560596,0
1.0,0.8450037,1.366766,0
1.0,0.84493417,1.5021881,0
1.0,0.8987427,1.659822,0
1.0,0.8955313,1.621214,0
1.0,0.9187873,1.6774175,0
1.0,0.91731477,1.7269412,0
1.0,0.9294372,1.7901498,0
1.0,0.92638254,1.6901019,0
1.0,0.9431258,1.7044718,0
1.0,0.94792163,1.7123871,0
1.0,0.95637566,1.7185273,0
1.0,0.94455767,1.7842543,0
1.0,0.9437405,1.9701684,0
1.0,0.9526264,1.9542015,0
1.0,0.9569112,1.9547484,0
1.0,0.949421,1.9596391,0
1.0,0.9450627,2.0086777,0
1.0,0.9458813,2.1646936,0
1.0,0.94749445,2.3227372,0
1.0,0.9497227,2.33253,0
1.0,0.94750106,2.3151422,0
1.0,0.9523113,2.3753438,0
1.0,0.9544115,2.4173236,0
1.0,0.95085,2.458877,0
1.0,0.95830905,2.5743363,0
1.0,0.9585322,2.5535555,0
1.0,0.9532046,2.5311823,0
1.0,0.94528824,2.6716928,0
1.0,0.94075555,2.5654907,0
1.0,0.9409228,2.5104933,0
1.0,0.9367893,2.5449362,0
1.0,0.90165037,2.4446945,0
1.0,0.8849243,2.3835425,0
1.0,0.8862968,2.4073725,0
1.0,0.9007753,2.4824026,0
1.0,0.8951957,2.5764341,0
1.0,0.9199157,2.7416072,0
1.0,0.90707225,2.7147248,0
1.0,0.9229263,2.7600048,0
1.0,0.9164198,2.811851,0
1.0,0.94201237,2.8816729,0
1.0,0.93009543,2.8614016,0
1.0,0.9417173,3.0535843,0
1.0,0.92201513,3.0594635,0
1.0,0.93869424,2.936711,0
1.0,0.9289794,2.8637946,0
1.0,0.94053835,2.995844,0
1.0,0.92844856,3.0266922,0
1.0,0.9286526,2.994636,0
1.0,0.92636126,3.0097928,0
1.0,0.9302418,2.9444754,0
1.0,0.93803567,2.982665,0
1.0,0.9463262,3.2451935,0
1.0,0.9488722,3.4160633,0
1.0,0.95186865,3.4655023,0
1.0,0.96469516,3.4978433,0
1.0,0.9701663,3.4121878,0
1.0,0.9712685,3.4560883,0
1.0,0.9712045,3.653925,0
1.0,0.97297186,3.6388388,0
1.0,0.9702857,3.606669,0
1.0,0.9714324,3.6312122,0
1.0,0.9678553,3.74604,0
1.0,0.96920174,3.9227896,0
1.0,0.9672154,3.9058661,0
1.0,0.9737144,3.9113352,0
1.0,0.9711664,3.867678,0
1.0,0.97371304,3.877657,0
1.0,0.97166944,4.0044985,0
1.0,0.9736388,4.057105,0
1.0,0.96900743,4.0690346,0
1.0,0.9728425,4.0266833,0
1.0,0.96924174,3.9823372,0
1.0,0.96971905,4.0133533,0
1.0,0.9650535,4.086645,0
1.0,0.968604,4.0636,0
1.0,0.96698326,4.0376983,0
1.0,0.97288007,4.2216835,0
1.0,0.9686753,4.2452755,0
1.0,0.971025,4.283436,0
1.0,0.9692644,4.3554287,0
1.0,0.9732397,4.189029,0
1.0,0.9700041,4.177389,0
1.0,0.97059715,4.2245884,0
1.0,0.96762174,4.0407724,0
1.0,0.97352296,4.070347,0
1.0,0.9701927,4.1001306,0
1.0,0.97374165,4.0299606,0
1.0,0.97193784,4.02481,0
1.0,0.9721991,4.1403646,0
1.0,0.969469,4.104073,0
1.0,0.9734117,4.0375504,0
1.0,0.9728871,4.0714045,0
1.0,0.97506285,4.1161594,0
1.0,0.97240835,4.0146027,0
1.0,0.97418946,3.9019098,0
1.0,0.97459847,4.0158973,0
1.0,0.9777975,4.0825644,0
1.0,0.97623,3.9935231,0
1.0,0.97794193,3.8781385,0
1.0,0.9764981,3.7614512,0
1.0,0.9733138,3.9059997,0
1.0,0.9749223,3.9172802,0
1.0,0.97644717,3.92216,0
1.0,0.9759074,3.9958644,0
1.0,0.97530293,3.9886289,0
1.0,0.9754537,3.913261,0
1.0,0.9748403,4.1429024,0
1.0,0.97616667,4.283048,0
1.0,0.9735069,4.158081,0
1.0,0.9748684,4.122707,0
1.0,0.9741866,4.083733,0
1.0,0.97422564,4.0937147,0
1.0,0.97269124,4.2479835,0
1.0,0.974875,4.187201,0
1.0,0.97263813,4.118572,0
1.0,0.9688631,4.337406,0
1.0,0.96706223,4.4537916,0
1.0,0.9670639,4.417889,0
1.0,0.9688677,4.4805555,0
1.0,0.96723604,4.5517864,0
1.0,0.96091354,4.4912686,0
1.0,0.96351886,4.4214573,0
1.0,0.96478134,4.374633,0
1.0,0.9630038,4.3258734,0
1.0,0.9642206,4.334584,0
1.0,0.96337646,4.4097705,0
1.0,0.9612356,4.346573,0
1.0,0.9577507,4.177357,0
1.0,0.96175855,4.1790304,0
1.0,0.9617268,4.207117,0
1.0,0.9643773,4.2514715,0
1.0,0.9597391,4.4165983,0
1.0,0.96095425,4.3487406,0
1.0,0.9593851,4.26043,0
1.0,0.9670116,4.2992377,0
1.0,0.95988214,4.3614864,0
1.0,0.96386623,4.421461,0
1.0,0.9592289,4.290067,0
1.0,0.96753,4.061595,0
1.0,0.9599612,3.941567,0
1.0,0.96382946,3.941392,0
1.0,0.95954597,3.960916,0
1.0,0.96834177,4.0810995,0
1.0,0.96328115,4.127,0
1.0,0.96931285,4.1125097,0
1.0,0.9671829,4.114278,0
1.0,0.97145754,4.179343,0
1.0,0.9653823,4.2224708,0
1.0,0.9689919,4.0242825,0
1.0,0.9644088,3.9104397,0
1.0,0.96691227,3.895172,0
1.0,0.94491315,3.7685995,0
1.0,0.9348681,3.6395087,0
1.0,0.9380832,3.9130034,0
1.0,0.92635226,3.928328,0
1.0,0.90581113,3.829267,0
1.0,0.9059374,3.9667368,0
1.0,0.9118774,4.072665,0
1.0,0.9068684,4.0805545,0
1.0,0.8976878,4.1246696,0
1.0,0.8930812,3.9420261,0
1.0,0.9107701,3.9633358,0
1.0,0.8872075,3.8860574,0
1.0,0.8766199,3.7198381,0
1.0,0.8611765,3.5694945,0
1.0,0.889432,3.6779494,0
1.0,0.8583836,3.5749197,0
1.0,0.8555213,3.4497914,0
1.0,0.84176785,3.3518581,0
1.0,0.8673211,3.4685233,0
1.0,0.8504485,3.3502364,0
1.0,0.86350024,3.3333864,0
1.0,0.84881353,3.3825638,0
1.0,0.86646813,3.502365,0
1.0,0.8572454,3.3777862,0
1.0,0.8869522,3.3317547,0
1.0,0.8884563,3.2349567,0
1.0,0.9015464,3.2962375,0
1.0,0.8993028,3.402191,0
1.0,0.9225116,3.280518,0
1.0,0.9158701,3.1267908,0
1.0,0.9398121,3.1922903,0
1.0,0.9160122,3.244349,0
1.0,0.9239025,3.264585,0
1.0,0.9189408,3.2552266,0
1.0,0.92360383,2.9272206,0
1.0,0.8991381,2.7249117,0
1.0,0.9091097,2.7610085,0
1.0,0.89959043,2.6403704,0
1.0,0.89308316,2.4412785,0
1.0,0.86074394,2.2629018,0
1.0,0.8710916,2.1312323,0
1.0,0.84858507,2.0686204,0
1.0,0.84351873,2.108029,0
1.0,0.7999486,2.1046362,0
1.0,0.8037281,1.9839618,0
1.0,0.7841125,1.864899,0
1.0,0.77189004,1.8325763,0
1.0,0.74140656,1.7900686,0
1.0,0.72403413,1.7368557,0
1.0,0.73140305,1.7503538,0
1.0,0.72496283,1.676664,0
1.0,0.7189596,1.6392891,0
1.0,0.68682706,1.5807694,0
1.0,0.7010854,1.5219438,0
1.0,0.7062257,1.365566,0
1.0,0.7051232,1.3075985,0
1.0,0.6924552,1.2396061,0
1.0,0.6701687,1.1705501,0
1.0,0.6711931,1.1379795,0
1.0,0.64240986,0.9950324,0
1.0,0.6104876,0.82766557,0
1.0,0.5685161,0.7861465,0
1.0,0.5594797,0.8029082,0
1.0,0.5258702,0.668767,0
1.0,0.5224131,0.6142757,0
1.0,0.4992687,0.5870243,0
1.0,0.53488255,0.6064771,0
1.0,0.5074325,0.5954927,0
1.0,0.51211923,0.60282546,0
1.0,0.49096382,0.57277083,0
1.0,0.5436479,0.585938,0
1.0,0.49711508,0.55984956,0
1.0,0.50869906,0.5773415,0
1.0,0.42650276,0.52190006,0
1.0,0.48948967,0.5276172,0
1.0,0.41804776,0.41176677,0
1.0,0.45189956,0.47047442,0
1.0,0.37128755,0.4866616,0
1.0,0.40255612,0.48060954,0
1.0,0.3559653,0.4099162,0
1.0,0.38641334,0.4056101,0
1.0,0.33892018,0.41857702,0
1.0,0.372023,0.40795022,0
1.0,0.33017004,0.43558443,0
1.0,0.356711,0.4266802,0
1.0,0.3264677,0.42076868,0
1.0,0.34908444,0.4476595,0
1.0,0.31407282,0.4588157,0
1.0,0.3268587,0.45560008,0
1.0,0.29983085,0.4632019,0
1.0,0.30700064,0.46148318,0
1.0,0.28256452,0.4588144,0
1.0,0.29736006,0.49599114,0
1.0,0.27922168,0.5546608,0
1.0,0.28454813,0.5357099,0
1.0,0.2855139,0.51562613,0
1.0,0.30003285,0.5750842,0
1.0,0.28580025,0.584911,0
1.0,0.26441666,0.60103345,0
1.0,0.25942084,0.5792918,0
1.0,0.26587397,0.5734651,0
1.0,0.26242295,0.5591811,0
1.0,0.24556513,0.59396374,0
1.0,0.24637537,0.5779811,0
1.0,0.23949307,0.5818855,0
1.0,0.24855155,0.5758412,0
1.0,0.23211391,0.5970379,0
1.0,0.25382954,0.5694511,0
1.0,0.24704856,0.57114774,0
1.0,0.2557211,0.5664825,0
1.0,0.24121684,0.57991713,0
1.0,0.26223725,0.60876435,0
1.0,0.2616593,0.6744858,0
1.0,0.28418633,0.65137273,0
1.0,0.26051995,0.7137616,0
1.0,0.2835255,0.6615337,0
1.0,0.26297292,0.6987775,0
1.0,0.272788,0.6973126,0
1.0,0.23852102,0.7560208,0
1.0,0.25345895,0.76829994,0
1.0,0.23376222,0.8225021,0
1.0,0.26096594,0.8073927,0
1.0,0.23939556,0.83218914,0
1.0,0.27192935,0.79868376,0
1.0,0.2405998,0.84303594,0
1.0,0.26007125,0.74672806,0
1.0,0.23838389,0.78348684,0
1.0,0.27264363,0.76743233,0
1.0,0.24737556,0.7528336,0
1.0,0.26130983,0.73479205,0
1.0,0.23785394,0.8146349,0
1.0,0.26560336,0.8078667,0
1.0,0.24873427,0.82904977,0
1.0,0.26208395,0.8643796,0
1.0,0.23388478,0.9986881,0
1.0,0.25310132,0.9694071,0
1.0,0.22706343,1.0060863,0
1.0,0.23098674,0.9996209,0
1.0,0.21739437,1.0212388,0
1.0,0.24113156,1.0563262,0
1.0,0.23402037,1.0471348,0
1.0,0.24071291,0.98583186,0
1.0,0.23280095,0.9978053,0
1.0,0.25712687,0.9400519,0
1.0,0.24978144,0.8915378,0
1.0,0.2554354,0.8805944,0
1.0,0.23899163,0.87752056,0
1.0,0.2555807,0.84990954,0
1.0,0.25017267,0.8419877,0
1.0,0.2578232,0.8704628,0
1.0,0.24582785,0.85891205,0
1.0,0.2577354,0.8141933,0
1.0,0.24707374,0.80604744,0
1.0,0.25648054,0.82942355,0
1.0,0.24148972,0.88219804,0
1.0,0.25113735,0.94800985,0
1.0,0.23561996,0.9116303,0
1.0,0.2426369,0.9079432,0
1.0,0.23372458,0.9122505,0
1.0,0.2436949,0.8890411,0
1.0,0.2380747,0.9175035,0
1.0,0.24252617,0.909162,0
1.0,0.23494145,0.86610126,0
1.0,0.23937938,0.8281596,0
1.0,0.23346104,0.8412038,0
1.0,0.24067263,0.8607826,0
1.0,0.23372072,0.7459208,0
1.0,0.23065422,0.7666143,0
1.0,0.23191936,0.7650121,0
1.0,0.23858523,0.764102,0
1.0,0.24274099,0.77539635,0
1.0,0.24117315,0.751192,0
1.0,0.24223742,0.69569683,0
1.0,0.25044343,0.69640815,0
1.0,0.25862217,0.6981882,0
1.0,0.25484908,0.74185556,0
1.0,0.26117957,0.71138334,0
1.0,0.25815025,0.71239936,0
1.0,0.2736241,0.6838324,0
1.0,0.26966736,0.6869754,0
1.0,0.28255203,0.71675706,0
1.0,0.27958682,0.71516883,0
1.0,0.29092792,0.69544303,0
1.0,0.2922545,0.73118705,0
1.0,0.30623606,0.7109635,0
1.0,0.30601907,0.66803277,0
1.0,0.32216406,0.6388905,0
1.0,0.31010672,0.5575675,0
1.0,0.33128193,0.54825896,0
1.0,0.32579425,0.5427996,0
1.0,0.3496824,0.5863234,0
1.0,0.3451467,0.61851245,0
1.0,0.35346174,0.57133526,0
1.0,0.34495458,0.5775145,0
1.0,0.36892578,0.57376254,0
1.0,0.36147416,0.575987,0
1.0,0.37818772,0.6203495,0
1.0,0.35883516,0.5473774,0
1.0,0.37652582,0.59424156,0
1.0,0.37150237,0.582195,0
1.0,0.3880303,0.5818721,0
1.0,0.3881857,0.58245826,0
1.0,0.40278345,0.56893575,0
1.0,0.3920666,0.53732604,0
1.0,0.40454835,0.55066955,0
1.0,0.4112906,0.53400254,0
1.0,0.41848195,0.5323727,0
1.0,0.41167057,0.48628104,0
1.0,0.4081262,0.5201283,0
1.0,0.42218244,0.52731776,0
1.0,0.43027407,0.5276629,0
1.0,0.4564287,0.5314902,0
1.0,0.46175262,0.5014963,0
1.0,0.4493431,0.47279575,0
1.0,0.43137464,0.4610858,0
1.0,0.50325316,0.43959123,0
1.0,0.49849725,0.4401226,0
1.0,0.50476503,0.43749776,0
1.0,0.43670213,0.43255708,0
1.0,0.47764304,0.46406955,0
1.0,0.4585806,0.44603398,0
1.0,0.5061935,0.46976882,0
1.0,0.4555588,0.40477926,0
1.0,0.58948356,0.531845,0
1.0,0.5491219,0.54235023,0
1.0,0.65726334,0.6381697,0
1.0,0.60745156,0.5854926,0
1.0,0.73823476,0.74658203,0
1.0,0.69760287,0.6834927,0
1.0,0.7639315,0.83684117,0
1.0,0.73111814,0.73198533,0
1.0,0.82417345,0.8422226,0
1.0,0.7893833,0.820223,0
1.0,0.8335263,0.94624335,0
1.0,0.7952539,0.8927869,0
1.0,0.8720204,1.0225533,0
1.0,0.8474437,0.9681181,0
1.0,0.8871106,1.0865343,0
1.0,0.8654826,1.116635,0
1.0,0.9050999,1.2746685,0
1.0,0.89712733,1.2175403,0
1.0,0.92045015,1.24308,0
1.0,0.9172968,1.3241937,0
1.0,0.94796854,1.4503713,0
1.0,0.94334406,1.4556825,0
1.0,0.9541727,1.5305364,0
1.0,0.94453955,1.5272479,0
1.0,0.9511366,1.5468476,0
1.0,0.95207036,1.6136162,0
1.0,0.94851243,1.6610417,0
1.0,0.9455641,1.617135,0
1.0,0.9472669,1.6115582,0
1.0,0.9501744,1.6551578,0
1.0,0.9448128,1.6606972,0
1.0,0.9375179,1.6516476,0
1.0,0.94354385,1.5893154,0
1.0,0.9454897,1.5632541,0
1.0,0.9400601,1.6164246,0
1.0,0.93379194,1.6702278,0
1.0,0.9368279,1.6758448,0
1.0,0.9381294,1.6741183,0
1.0,0.9326269,1.6690829,0
1.0,0.9314588,1.6763909,0
1.0,0.9303535,1.7113863,0
1.0,0.93645525,1.7825258,0
1.0,0.9305839,1.7761781,0
1.0,0.929669,1.7837667,0
1.0,0.9256863,1.8336861,0
1.0,0.9267349,1.9184753,0
1.0,0.9169078,1.8522964,0
1.0,0.92306215,1.8062241,0
1.0,0.9195303,1.7365867,0
1.0,0.9251898,1.8153372,0
1.0,0.92726934,1.9401684,0
1.0,0.93373346,1.8836324,0
1.0,0.92902964,1.8128146,0
1.0,0.92729783,1.8130633,0
1.0,0.9138124,1.8602,0
1.0,0.9210382,1.9201199,0
1.0,0.9169372,1.9349474,0
1.0,0.9234963,1.897882,0
1.0,0.9132612,1.843528,0
1.0,0.919414,1.9062495,0
1.0,0.9058793,1.8832983,0
1.0,0.91259235,1.8825395,0
1.0,0.91610485,1.8560336,0
1.0,0.9237108,1.8951595,0
1.0,0.91425455,1.9631939,0
1.0,0.90475374,1.9646378,0
1.0,0.89998114,1.9506803,0
1.0,0.91702807,1.9124343,0
1.0,0.91133934,1.8704271,0
1.0,0.91148865,1.9491334,0
1.0,0.9164991,2.0431263,0
1.0,0.927226,2.0308483,0
1.0,0.9201015,1.9613445,0
1.0,0.91229975,1.8822244,0
1.0,0.90089625,1.8603952,0
1.0,0.91048336,1.967436,0
1.0,0.91049254,2.0058956,0
1.0,0.92047447,1.9275107,0
1.0,0.92426693,1.9137874,0
1.0,0.9361828,2.029428,0
1.0,0.9217651,2.1176667,0
1.0,0.92741114,2.1296542,0
1.0,0.9446599,2.0947897,0
1.0,0.9546126,2.1122441,0
1.0,0.95342577,2.132807,0
1.0,0.95326144,2.240728,0
1.0,0.9431202,2.1464953,0
1.0,0.95490634,2.0792675,0
1.0,0.953448,2.0377536,0
1.0,0.9552244,2.0695086,0
1.0,0.9527586,2.1033046,0
1.0,0.9575568,2.2066016,0
1.0,0.9570165,2.2432656,0
1.0,0.9552622,2.1872663,0
1.0,0.9540382,2.2011554,0
1.0,0.95079863,2.314064,0
1.0,0.9497432,2.232474,0
1.0,0.952023,2.1675963,0
1.0,0.95646703,2.1270337,0
1.0,0.9513316,2.1361287,0
1.0,0.9475193,2.2060459,0
1.0,0.94339764,2.2325869,0
1.0,0.94995725,2.1329308,0
1.0,0.94583,2.0955806,0
1.0,0.9516771,2.1340551,0
1.0,0.9467907,2.1728334,0
1.0,0.9395901,2.1544566,0
1.0,0.93997115,2.104098,0
1.0,0.948316,2.0509653,0
1.0,0.9465379,2.0559976,0
1.0,0.946957,2.100442,0
1.0,0.93358475,1.9933279,0
1.0,0.9365606,1.8262794,0
1.0,0.9426858,1.7444377,0
1.0,0.9437275,1.7157999,0
1.0,0.9355269,1.7146337,0
1.0,0.93696934,1.7482024,0
1.0,0.9457536,1.7197348,0
1.0,0.94295365,1.6267781,0
1.0,0.9384863,1.606709,0
1.0,0.9396939,1.7041626,0
1.0,0.9495384,1.8083525,0
1.0,0.9462157,1.8107033,0
1.0,0.9542845,1.6853958,0
1.0,0.9536587,1.59712,0
1.0,0.9648453,1.6379561,0
1.0,0.95916414,1.645937,0
1.0,0.96189713,1.5564785,0
1.0,0.95764637,1.5359113,0
1.0,0.9694828,1.5880842,0
1.0,0.9676719,1.582629,0
1.0,0.96139413,1.5312915,0
1.0,0.949765,1.4531813,0
1.0,0.96210414,1.3634369,0
1.0,0.96511126,1.3109345,0
1.0,0.9583723,1.3054414,0
1.0,0.9490131,1.2900375,0
1.0,0.9537952,1.239044,0
1.0,0.9566966,1.2447052,0
1.0,0.9453507,1.2446519,0
1.0,0.9339587,1.2138786,0
1.0,0.9417583,1.2216221,0
1.0,0.9498233,1.2230742,0
1.0,0.9528929,1.2253888,0
1.0,0.9423363,1.240161,0
1.0,0.95135784,1.2965658,0
1.0,0.9528202,1.2936263,0
1.0,0.9525073,1.3092825,0
1.0,0.9434893,1.3025751,0
1.0,0.9459195,1.2594365,0
1.0,0.95013326,1.261512,0
1.0,0.9513832,1.2469096,0
1.0,0.94192076,1.132849,0
1.0,0.9379114,1.0344819,0
1.0,0.9430305,0.9817101,0
1.0,0.94628185,1.0092081,0
1.0,0.93908554,1.0269897,0
1.0,0.94317013,1.0611315,0
1.0,0.9388815,1.0897712,0
1.0,0.94408596,1.0471821,0
1.0,0.9426487,1.0088222,0
1.0,0.95208514,1.0050187,0
1.0,0.94357115,0.9765814,0
1.0,0.94774765,1.0330175,0
1.0,0.95028174,1.1080804,0
1.0,0.9523647,1.1185122,0
1.0,0.9403079,1.0966007,0
1.0,0.93539035,1.0994374,0
1.0,0.9363953,1.1041348,0
1.0,0.9331399,1.0827832,0
1.0,0.9329522,1.0278082,0
1.0,0.92418855,0.93757224,0
1.0,0.9360783,0.96134794,0
1.0,0.9350242,1.0025004,0
1.0,0.9327976,0.9940897,0
1.0,0.90423405,0.9338373,0
1.0,0.9213594,0.93480784,0
1.0,0.9217729,0.9047557,0
1.0,0.91813505,0.89280665,0
1.0,0.88005763,0.8390726,0
1.0,0.91256523,0.89645946,0
1.0,0.8985307,0.8524378,0
1.0,0.899443,0.85440457,0
1.0,0.8377096,0.7586392,0
1.0,0.88391286,0.8421059,0
1.0,0.8509402,0.79067624,0
1.0,0.8973446,0.867743,0
1.0,0.81345624,0.7122369,0
1.0,0.8690683,0.7716187,0
1.0,0.814702,0.6676617,0
1.0,0.86589205,0.6992054,0
1.0,0.7617766,0.5446889,0
1.0,0.85742825,0.6804045,0
1.0,0.7751617,0.55805874,0
1.0,0.8295499,0.6263088,0
1.0,0.6733155,0.43873668,0
1.0,0.76886725,0.4761527,0
1.0,0.6645562,0.35516316,0
1.0,0.74787205,0.4382049,0
1.0,0.6040919,0.3269819,0
1.0,0.6963278,0.42054158,0
1.0,0.5637616,0.30159965,0
1.0,0.6473328,0.36400932,0
1.0,0.49854743,0.25318566,0
1.0,0.5696486,0.29948264,0
1.0,0.4584652,0.22833043,0
1.0,0.5380632,0.27240768,0
1.0,0.43323222,0.21844427,0
1.0,0.4577949,0.22967222,0
1.0,0.3865823,0.21751969,0
1.0,0.38102168,0.21600935,0
1.0,0.35206044,0.19650465,0
1.0,0.3502647,0.18584938,0
1.0,0.3383053,0.19975984,0
1.0,0.3420977,0.21130052,0
1.0,0.32233137,0.23387688,0
1.0,0.32258204,0.2347274,0
1.0,0.32602614,0.24608298,0
1.0,0.3620543,0.25255936,0
1.0,0.35070574,0.26445386,0
1.0,0.41729087,0.2700295,0
1.0,0.38367173,0.27313483,0
1.0,0.44288066,0.28077447,0
1.0,0.4531931,0.28300568,0
1.0,0.4913927,0.3100118,0
1.0,0.45565617,0.29766917,0
1.0,0.47621882,0.3043517,0
1.0,0.4425501,0.28006932,0
1.0,0.4660983,0.3009117,0
1.0,0.431103,0.2729174,0
1.0,0.44672123,0.34919888,0
1.0,0.42083153,0.3271799,0
1.0,0.4593642,0.35112616,0
1.0,0.44860795,0.3756888,0
1.0,0.4831881,0.38193196,0
1.0,0.47747514,0.38509208,0
1.0,0.50911134,0.3928061,0
1.0,0.49652365,0.38310397,0
1.0,0.5176161,0.38629863,0
1.0,0.51161754,0.39364442,0
1.0,0.5296549,0.4566459,0
1.0,0.49012437,0.44619426,0
1.0,0.50367016,0.45171684,0
1.0,0.49918565,0.44475257,0
1.0,0.47822565,0.44243035,0
1.0,0.47374636,0.43173906,0
1.0,0.45331824,0.43028012,0
1.0,0.43944988,0.3973604,0
1.0,0.43703988,0.39462644,0
1.0,0.4447325,0.3765364,0
1.0,0.43341112,0.37189442,0
1.0,0.42977437,0.36118865,0
1.0,0.43102926,0.3644192,0
1.0,0.42745566,0.35873756,0
1.0,0.42612058,0.37649494,0
1.0,0.41969165,0.38239098,0
1.0,0.41364327,0.37740973,0
1.0,0.40364948,0.3793022,0
1.0,0.38351336,0.38515657,0
1.0,0.36221427,0.38081852,0
1.0,0.357835,0.36017504,0
1.0,0.3408143,0.36522806,0
1.0,0.34383848,0.3275081,0
1.0,0.34221593,0.32209128,0
1.0,0.3513849,0.30761483,0
1.0,0.3410888,0.28768668,0
1.0,0.3471864,0.289018,0
1.0,0.34745175,0.29075193,0
1.0,0.362243,0.28772005,0
1.0,0.38138455,0.2857395,0
1.0,0.37891155,0.28074643,0
1.0,0.41777608,0.27505976,0
1.0,0.3931069,0.22717802,0
1.0,0.39951575,0.22998571,0
1.0,0.3856293,0.23375235,0
1.0,0.42520848,0.22264358,0
1.0,0.3853731,0.21306956,0
1.0,0.3986419,0.26208064,0
1.0,0.42090002,0.2678692,0
1.0,0.51706916,0.27505842,0
1.0,0.465734,0.26335472,0
1.0,0.49705067,0.27159926,0
1.0,0.51512367,0.2867954,0
1.0,0.5426596,0.32588992,0
1.0,0.5516077,0.34510186,0
1.0,0.5790889,0.35234517,0
1.0,0.6774362,0.4198131,0
1.0,0.6650719,0.43170798,0
1.0,0.68859595,0.4312788,0
1.0,0.71774733,0.45739138,0
1.0,0.7946519,0.5436425,0
1.0,0.76135015,0.52441585,0
1.0,0.74468046,0.51515865,0
1.0,0.7234256,0.50616497,0
1.0,0.7916608,0.5472505,0
1.0,0.6855669,0.4417196,0
1.0,0.73831636,0.48696133,0
1.0,0.73407936,0.49471238,0
1.0,0.8317607,0.60567605,0
1.0,0.7417062,0.5353766,0
1.0,0.79496723,0.61715406,0
1.0,0.78006774,0.60702676,0
1.0,0.8421673,0.7106771,0
1.0,0.7290695,0.54321015,0
1.0,0.81177306,0.6534731,0
1.0,0.7843749,0.630414,0
1.0,0.8587824,0.74828625,0
1.0,0.7704341,0.62069994,0
1.0,0.82300884,0.67606723,0
1.0,0.8088299,0.57670385,0
1.0,0.8518645,0.57973903,0
1.0,0.77623063,0.4876812,0
1.0,0.8154827,0.5545876,0
1.0,0.7801863,0.49390402,0
1.0,0.7967068,0.49320817,0
1.0,0.7015951,0.37460804,0
1.0,0.75624263,0.4071076,0
1.0,0.7315441,0.38079697,0
1.0,0.78323156,0.4296605,0
1.0,0.71212935,0.3345893,0
1.0,0.7594787,0.39242053,0
1.0,0.723755,0.35645217,0
1.0,0.7627696,0.39231455,0
1.0,0.697643,0.31514084,0
1.0,0.7419684,0.36548555,0
1.0,0.72104245,0.34270927,0
1.0,0.747565,0.34553757,0
1.0,0.69700795,0.2943742,0
1.0,0.70821404,0.34096932,0
1.0,0.6739085,0.32129455,0
1.0,0.71138227,0.37284774,0
1.0,0.7056929,0.3461792,0
1.0,0.6803023,0.30452996,0
1.0,0.6682539,0.28820896,0
1.0,0.6774501,0.29478413,0
1.0,0.7063212,0.31964582,0
1.0,0.7055078,0.31313705,0
1.0,0.6840929,0.2922942,0
1.0,0.7221115,0.32815087,0
1.0,0.75308686,0.36482129,0
1.0,0.75652665,0.39976585,0
1.0,0.7468406,0.42378557,0
1.0,0.7825864,0.46759307,0
1.0,0.8237373,0.5288201,0
1.0,0.82190037,0.542514,0
1.0,0.8205992,0.54631525,0
1.0,0.8347648,0.57002145,0
1.0,0.869766,0.59078586,0
1.0,0.8781218,0.59261346,0
1.0,0.8657412,0.5731971,0
1.0,0.8829072,0.5963134,0
1.0,0.9007324,0.6152569,0
1.0,0.90458554,0.615589,0
1.0,0.8985943,0.63032186,0
1.0,0.8962936,0.61842394,0
1.0,0.8917399,0.60427743,0
1.0,0.90016913,0.620343,0
1.0,0.8790993,0.5586434,0
1.0,0.8718719,0.5538187,0
1.0,0.86016434,0.5535207,0
1.0,0.8550007,0.5277572,0
1.0,0.8690414,0.5487734,0
1.0,0.88546926,0.5954837,0
1.0,0.8906884,0.6690779,0
1.0,0.88074684,0.6564943,0
1.0,0.90164274,0.69287646,0
1.0,0.8845877,0.78540105,0
1.0,0.8389274,0.74914676,0
1.0,0.8217459,0.7268778,0
1.0,0.84643716,0.76134074,0
1.0,0.8151909,0.7197755,0
1.0,0.7718219,0.68528736,0
1.0,0.73812765,0.65301335,0
1.0,0.78077817,0.6974104,0
1.0,0.75212514,0.6517073,0
1.0,0.72379494,0.60350585,0
1.0,0.704255,0.5624442,0
1.0,0.7700545,0.6462521,0
1.0,0.7610686,0.6612287,0
1.0,0.7626403,0.7236806,0
1.0,0.7501778,0.71064496,0
1.0,0.79608566,0.793045,0
1.0,0.77159774,0.86897504,0
1.0,0.80736285,1.002228,0
1.0,0.8068121,1.0359238,0
1.0,0.8430416,1.0762314,0
1.0,0.8169341,1.0282738,0
1.0,0.82167417,1.0912107,0
1.0,0.82082045,1.1591616,0
1.0,0.8376814,1.1933405,0
1.0,0.820745,1.1599342,0
1.0,0.85229707,1.236105,0
1.0,0.84035295,1.2649724,0
1.0,0.8575584,1.2918475,0
1.0,0.832491,1.2110162,0
1.0,0.8748719,1.2781683,0
1.0,0.8652571,1.2686161,0
1.0,0.8837671,1.3087661,0
1.0,0.858393,1.2257838,0
1.0,0.8680271,1.2267859,0
1.0,0.8516024,1.189504,0
1.0,0.8416345,1.1724279,0
1.0,0.79877776,1.1454095,0
1.0,0.8147658,1.2845001,0
1.0,0.7884245,1.2414532,0
1.0,0.82059294,1.2730557,0
1.0,0.79303783,1.2425221,0
1.0,0.8163982,1.361443,0
1.0,0.77359736,1.319288,0
1.0,0.8130231,1.4279343,0
1.0,0.7899208,1.3554429,0
1.0,0.82042336,1.3544573,0
1.0,0.79452246,1.3402547,0
1.0,0.826101,1.4784765,0
1.0,0.7849529,1.2673864,0
1.0,0.8330045,1.2711515,0
1.0,0.80834943,1.2163117,0
1.0,0.8116683,1.323517,0
1.0,0.7958327,1.3491088,0
1.0,0.82840544,1.4220651,0
1.0,0.80907637,1.3194448,0
1.0,0.8180425,1.3405666,0
1.0,0.806617,1.4205859,0
1.0,0.8540932,1.7254517,0
1.0,0.8326839,1.6553756,0
1.0,0.8836949,1.7498227,0
1.0,0.8715643,1.7392265,0
1.0,0.9153584,1.8149288,0
1.0,0.89363354,1.8976674,0
1.0,0.924504,2.1303198,0
1.0,0.9267343,2.0692415,0
1.0,0.945827,2.1177425,0
1.0,0.93330026,2.1179914,0
1.0,0.94304895,2.1616895,0
1.0,0.9222958,2.0601869,0
1.0,0.9451615,1.9914305,0
1.0,0.927651,1.9502249,0
1.0,0.93981636,2.066436,0
1.0,0.93056315,2.1140118,0
1.0,0.94442534,2.1658034,0
1.0,0.93238604,2.1104534,0
1.0,0.95170146,2.1592278,0
1.0,0.9510741,2.3110824,0
1.0,0.96095693,2.4487135,0
1.0,0.9557356,2.389032,0
1.0,0.9661035,2.3856864,0
1.0,0.9628522,2.4488158,0
1.0,0.96779054,2.4890974,0
1.0,0.9658106,2.5660229,0
1.0,0.96359223,2.5111086,0
1.0,0.9624568,2.4617877,0
1.0,0.9653194,2.4783998,0
1.0,0.9630734,2.5000448,0
1.0,0.9554036,2.5131478,0
1.0,0.9493377,2.476435,0
1.0,0.9534414,2.3322449,0
1.0,0.9511381,2.305254,0
1.0,0.94174516,2.3208117,0
1.0,0.94048584,2.3356142,0
1.0,0.93835765,2.3189473,0
1.0,0.9336795,2.258693,0
1.0,0.93185496,2.2842774,0
1.0,0.9405437,2.4143567,0
1.0,0.94622445,2.453055,0
1.0,0.9540374,2.4652946,0
1.0,0.95334375,2.478641,0
1.0,0.95517766,2.5968847,0
1.0,0.95853966,2.7454736,0
1.0,0.9619941,2.7195072,0
1.0,0.96035,2.6249604,0
1.0,0.9613258,2.553661,0
1.0,0.96124643,2.5233629,0
1.0,0.96080846,2.556077,0
1.0,0.9631854,2.591092,0
1.0,0.9649836,2.4633107,0
1.0,0.9667019,2.3932214,0
1.0,0.96901333,2.5363083,0
1.0,0.97003573,2.6370723,0
1.0,0.9691695,2.6108325,0
1.0,0.9714248,2.613943,0
1.0,0.97152066,2.5747926,0
1.0,0.97388667,2.641614,0
1.0,0.974759,2.7880602,0
1.0,0.9794876,2.948031,0
1.0,0.9808878,2.9458451,0
1.0,0.9809747,2.926305,0
1.0,0.98008025,2.9444962,0
1.0,0.9805979,2.9654431,0
1.0,0.98048097,3.028106,0
1.0,0.98089385,3.0408683,0
1.0,0.9810141,3.0338526,0
1.0,0.979908,3.055048,0
1.0,0.9785533,3.0238457,0
1.0,0.9778987,2.896636,0
1.0,0.9780765,2.7661314,0
1.0,0.9783894,2.766969,0
1.0,0.97739214,2.8735766,0
1.0,0.975127,2.9249341,0
1.0,0.9727516,2.8947093,0
1.0,0.9761002,2.8471737,0
1.0,0.9760217,2.8923144,0
1.0,0.9757506,3.0238788,0
1.0,0.9745389,3.20961,0
1.0,0.9771766,3.2352452,0
1.0,0.97723925,3.1679707,0
1.0,0.9768076,3.1618087,0
1.0,0.9761303,3.2592802,0
1.0,0.97587514,3.3308375,0
1.0,0.97796404,3.309874,0
1.0,0.9783896,3.2034836,0
1.0,0.97805697,3.1508636,0
1.0,0.9781506,3.1706333,0
1.0,0.9776732,3.2094522,0
1.0,0.9744693,3.163202,0
1.0,0.9744315,3.05602,0
1.0,0.9755221,2.9104295,0
1.0,0.9761731,2.9653952,0
1.0,0.9764143,3.1086621,0
1.0,0.9755245,3.1519456,0
1.0,0.9767259,3.0436096,0
1.0,0.9785069,2.9513164,0
1.0,0.97795206,3.0927358,0
1.0,0.9750381,3.167184,0
1.0,0.97540456,3.1701221,0
1.0,0.9777776,3.1423178,0
1.0,0.9771662,3.1147733,0
1.0,0.9763,3.2328963,0
1.0,0.9753169,3.3692422,0
1.0,0.9784645,3.3926425,0
1.0,0.97731984,3.2808099,0
1.0,0.97822624,3.1889813,0
1.0,0.97616166,3.3158998,0
1.0,0.9760501,3.3707387,0
1.0,0.9749092,3.3770616,0
1.0,0.9778967,3.2426972,0
1.0,0.9762348,3.1559865,0
1.0,0.9772092,3.2744918,0
1.0,0.9727165,3.4259667,0
1.0,0.9721824,3.3814323,0
1.0,0.96818805,3.257324,0
1.0,0.9737862,3.2614837,0
1.0,0.96823055,3.508329,0
1.0,0.9700983,3.5744686,0
1.0,0.9661315,3.5596166,0
1.0,0.9714598,3.5747728,0
1.0,0.96603006,3.4760277,0
1.0,0.9695742,3.4844284,0
1.0,0.96172404,3.571947,0
1.0,0.9641565,3.554044,0
1.0,0.95735675,3.4042382,0
1.0,0.96688575,3.345931,0
1.0,0.9561403,3.4272335,0
1.0,0.962743,3.6961508,0
1.0,0.9600123,3.6667724,0
1.0,0.96737355,3.588407,0
1.0,0.96314955,3.543254,0
1.0,0.96855205,3.7038372,0
1.0,0.9629123,3.8528788,0
1.0,0.9673294,3.8270164,0
1.0,0.96534747,3.7766273,0
1.0,0.9716904,3.8051052,0
1.0,0.9689548,3.856235,0
1.0,0.97261626,4.0283794,0
1.0,0.9659899,3.9774942,0
1.0,0.9665265,3.8752797,0
1.0,0.96514153,3.7896008,0
1.0,0.9675241,3.902667,0
1.0,0.9664995,4.042785,0
1.0,0.968567,4.146523,0
1.0,0.9699111,4.004734,0
1.0,0.9742087,3.9481926,0
1.0,0.9726825,4.0291862,0
1.0,0.97317004,4.0871477,0
1.0,0.9742187,3.9264884,0
1.0,0.97455174,3.8729403,0
1.0,0.9759554,3.8824687,0
1.0,0.974812,3.9876673,0
1.0,0.9748498,4.1039057,0
1.0,0.9762768,4.2687416,0
1.0,0.97796655,4.204968,0
1.0,0.97715396,4.139391,0
1.0,0.97822034,4.276149,0
1.0,0.9762064,4.467174,0
1.0,0.97492594,4.52098,0
1.0,0.9735151,4.304777,0
1.0,0.9764786,4.127643,0
1.0,0.97358227,4.135216,0
1.0,0.97331107,4.254398,0
1.0,0.9735695,4.3272367,0
1.0,0.9747444,4.1818743,0
1.0,0.9748925,4.089362,0
1.0,0.97399265,4.0857058,0
1.0,0.97102743,4.102276,0
1.0,0.96974605,4.0888147,0
1.0,0.9700769,3.9432125,0
1.0,0.97111005,3.7549462,0
1.0,0.97071934,3.8095298,0
1.0,0.97018087,3.9501686,0
1.0,0.96988344,3.9066315,0
1.0,0.9696937,3.81079,0
1.0,0.9717972,3.6431742,0
1.0,0.9714145,3.6438556,0
1.0,0.9707171,3.7726843,0
1.0,0.96959776,3.8177814,0
1.0,0.9727903,3.7077172,0
1.0,0.9733017,3.5454412,0
1.0,0.9757613,3.5872421,0
1.0,0.9743075,3.7336988,0
1.0,0.9776148,3.694063,0
1.0,0.9790587,3.6007142,0
1.0,0.98035014,3.419473,0
1.0,0.98053414,3.4009628,0
1.0,0.97992283,3.4117136,0
1.0,0.9769695,3.2726593,0
1.0,0.9761847,3.0546808,0
1.0,0.97569513,2.8671937,0
1.0,0.9767006,2.8590705,0
1.0,0.9709518,2.8969264,0
1.0,0.9704785,2.8736746,0
1.0,0.966881,2.8345912,0
1.0,0.96970963,2.6774702,0
1.0,0.95915836,2.6097908,0
1.0,0.96055496,2.7152612,0
1.0,0.9535786,2.6251445,0
1.0,0.95755076,2.484237,0
1.0,0.9529677,2.4248018,0
1.0,0.95466554,2.3957794,0
1.0,0.94906896,2.399558,0
1.0,0.95388234,2.387777,0
1.0,0.9500952,2.2030528,0
1.0,0.9497432,2.0865295,0
1.0,0.94743997,2.035547,0
1.0,0.9491602,2.0318704,0
1.0,0.9310091,1.984553,0
1.0,0.9251154,1.8559148,0
1.0,0.92612463,1.7141562,0
1.0,0.93138224,1.6970404,0
1.0,0.9189605,1.6842785,0
1.0,0.90883523,1.682975,0
1.0,0.91733617,1.5809746,0
1.0,0.90919405,1.3889064,0
1.0,0.90238607,1.3386626,0
1.0,0.8722019,1.3296788,0
1.0,0.8835854,1.3345158,0
1.0,0.8691976,1.2977327,0
1.0,0.8695056,1.2547379,0
1.0,0.83989185,1.1607869,0
1.0,0.8539976,1.2553082,0
1.0,0.8301723,1.2444942,0
1.0,0.8152621,1.1815859,0
1.0,0.7923166,1.1303203,0
1.0,0.81888795,1.0765314,0
1.0,0.77229154,0.9344998,0
1.0,0.74074274,0.8900772,0
1.0,0.70728546,0.7682105,0
1.0,0.7321029,0.7509259,0
1.0,0.68276703,0.6841346,0
1.0,0.61966693,0.61869955,0
1.0,0.6056581,0.6307008,0
1.0,0.6014988,0.61979795,0
1.0,0.55880755,0.57489574,0
1.0,0.5137001,0.5534394,0
1.0,0.5246433,0.5739627,0
1.0,0.5021351,0.563356,0
1.0,0.5031513,0.5579531,0
1.0,0.4704054,0.49376994,0
1.0,0.5125788,0.5113811,0
1.0,0.48945948,0.5027922,0
1.0,0.48507872,0.5210103,0
1.0,0.45153004,0.5077812,0
1.0,0.5020307,0.4972074,0
1.0,0.5209869,0.4825253,0
1.0,0.4889802,0.45841965,0
1.0,0.45913985,0.46813092,0
1.0,0.46066254,0.4296176,0
1.0,0.42112222,0.40997922,0
1.0,0.41317055,0.44841856,0
1.0,0.3676224,0.44944486,0
1.0,0.36488935,0.45145375,0
1.0,0.36037186,0.42352372,0
1.0,0.36045036,0.39431226,0
1.0,0.35595834,0.39911366,0
1.0,0.3525285,0.38108945,0
1.0,0.34320593,0.3625002,0
1.0,0.34301963,0.36772084,0
1.0,0.33410618,0.36170882,0
1.0,0.33729056,0.38850543,0
1.0,0.33190835,0.38001204,0
1.0,0.3280539,0.36571804,0
1.0,0.3244005,0.37187907,0
1.0,0.3210931,0.36650667,0
1.0,0.3269063,0.4044434,0
1.0,0.3275626,0.3748932,0
1.0,0.31653795,0.34917486,0
1.0,0.31480014,0.34156436,0
1.0,0.30469298,0.35063374,0
1.0,0.30622616,0.34610316,0
1.0,0.2946907,0.35890788,0
1.0,0.29592678,0.33879507,0
1.0,0.28424126,0.34455192,0
1.0,0.29056925,0.335845,0
1.0,0.283803,0.34115386,0
1.0,0.2887078,0.33020246,0
1.0,0.2925889,0.30338904,0
1.0,0.32667658,0.28844553,0
1.0,0.35002553,0.26273042,0
1.0,0.34345406,0.28724232,0
1.0,0.39209333,0.24604093,0
1.0,0.3404017,0.24799548,0
1.0,0.32684085,0.26920965,0
1.0,0.31866658,0.27078277,0
1.0,0.326868,0.28654128,0
1.0,0.31026262,0.32534456,0
1.0,0.2947184,0.325783,0
1.0,0.3062128,0.3174308,0
1.0,0.3267459,0.31869647,0
1.0,0.32525173,0.31424105,0
1.0,0.33122927,0.33223528,0
1.0,0.3352369,0.3017794,0
1.0,0.3677987,0.28159055,0
1.0,0.3678415,0.2814563,0
1.0,0.37159777,0.27390057,0
1.0,0.3688848,0.2801677,0
1.0,0.38909912,0.22981152,0
1.0,0.38983855,0.23088357,0
1.0,0.3780193,0.23129061,0
1.0,0.35187775,0.24660662,0
1.0,0.35716152,0.2429218,0
1.0,0.33944675,0.25057822,0
1.0,0.32661185,0.2474891,0
1.0,0.3217697,0.26553768,0
1.0,0.32976666,0.29014874,0
1.0,0.3329305,0.28821975,0
1.0,0.32476762,0.33411473,0
1.0,0.31335047,0.34168327,0
1.0,0.31870812,0.34504473,0
1.0,0.32410336,0.34260643,0
1.0,0.32005632,0.3486706,0
1.0,0.32445475,0.33045244,0
1.0,0.3280751,0.33089992,0
1.0,0.3569458,0.31177115,0
1.0,0.32119128,0.30337137,0
1.0,0.36305282,0.29429358,0
1.0,0.33881235,0.28114295,0
1.0,0.36354017,0.2703765,0
1.0,0.33762828,0.27936077,0
1.0,0.3497367,0.2731108,0
1.0,0.3480817,0.26300704,0
1.0,0.37017968,0.26900834,0
1.0,0.36140388,0.26215655,0
1.0,0.4112463,0.27690426,0
1.0,0.42145795,0.27976954,0
1.0,0.4506343,0.29922867,0
1.0,0.44076645,0.31604624,0
1.0,0.511902,0.35114157,0
1.0,0.51769173,0.3557425,0
1.0,0.59445393,0.3901273,0
1.0,0.6040832,0.40025988,0
1.0,0.66352046,0.47682393,0
1.0,0.6740011,0.62566733,0
1.0,0.7150712,0.71183527,0
1.0,0.7488113,0.75009227,0
1.0,0.7469436,0.74765617,0
1.0,0.7307477,0.7945165,0
1.0,0.7262957,0.8927452,0
1.0,0.76860034,0.9012667,0
1.0,0.77792567,0.8952139,0
1.0,0.81594753,0.9657262,0
1.0,0.8244594,1.0246322,0
1.0,0.8534179,1.1178765,0
1.0,0.83872914,1.1069529,0
1.0,0.87169296,1.1333243,0
1.0,0.8759607,1.1115234,0
1.0,0.895793,1.1609182,0
1.0,0.8702503,1.147418,0
1.0,0.8671431,1.1899842,0
1.0,0.87003577,1.1596961,0
1.0,0.8946861,1.185188,0
1.0,0.87037814,1.2123713,0
1.0,0.87605995,1.2726967,0
1.0,0.8690145,1.2649412,0
1.0,0.89870983,1.3252581,0
1.0,0.8815413,1.3184669,0
1.0,0.87819546,1.3696418,0
1.0,0.88583016,1.4000201,0
1.0,0.88510525,1.3667593,0
1.0,0.90396994,1.4108491,0
1.0,0.9047112,1.4447559,0
1.0,0.91373587,1.4765033,0
1.0,0.9177772,1.5133297,0
1.0,0.92025465,1.601927,0
1.0,0.9164079,1.4800898,0
1.0,0.9210656,1.4246805,0
1.0,0.9266441,1.4524841,0
1.0,0.9215589,1.4680089,0
1.0,0.90617883,1.3667789,0
1.0,0.909744,1.2788863,0
1.0,0.91342336,1.2920624,0
1.0,0.9124067,1.318393,0
1.0,0.9159527,1.3743117,0
1.0,0.9132502,1.3590157,0
1.0,0.9083428,1.3483531,0
1.0,0.9014146,1.3732092,0
1.0,0.9044256,1.4125173,0
1.0,0.8927493,1.4175241,0
1.0,0.8796691,1.4106662,0
1.0,0.86897945,1.4158804,0
1.0,0.87954026,1.41007,0
1.0,0.86517805,1.3729115,0
1.0,0.8668648,1.394442,0
1.0,0.85673016,1.3135455,0
1.0,0.85918534,1.2933109,0
1.0,0.8604807,1.2967193,0
1.0,0.848517,1.2376037,0
1.0,0.8438593,1.2063694,0
1.0,0.8411327,1.1716713,0
1.0,0.8381832,1.1457033,0
1.0,0.8320797,1.1579432,0
1.0,0.8220097,1.1624738,0
1.0,0.83047426,1.1755171,0
1.0,0.80869347,1.1208162,0
1.0,0.81264347,1.1217003,0
1.0,0.8107951,1.0915388,0
1.0,0.8117825,1.1070813,0
1.0,0.8310372,1.2202573,0
1.0,0.8532028,1.264705,0
1.0,0.8559483,1.2392762,0
1.0,0.85622424,1.2316961,0
1.0,0.86224735,1.23297,0
1.0,0.882642,1.3095267,0
1.0,0.8894846,1.3379185,0
1.0,0.89242417,1.2904294,0
1.0,0.90447015,1.2906344,0
1.0,0.9053108,1.2720995,0
1.0,0.8944478,1.2142793,0
1.0,0.89844024,1.2119949,0
1.0,0.91200656,1.2473072,0
1.0,0.91343987,1.2399343,0
1.0,0.90492433,1.1633112,0
1.0,0.90452117,1.1818533,0
1.0,0.9172639,1.2795389,0
1.0,0.9222848,1.3072784,0
1.0,0.9250322,1.3904195,0
1.0,0.9262326,1.4329212,0
1.0,0.9358339,1.4596438,0
1.0,0.93550855,1.4816844,0
1.0,0.9323746,1.4708058,0
1.0,0.93364346,1.4754343,0
1.0,0.9328443,1.4617863,0
1.0,0.92072654,1.4475756,0
1.0,0.92794067,1.4990463,0
1.0,0.92427236,1.4677298,0
1.0,0.93425244,1.4920766,0
1.0,0.921943,1.4491677,0
1.0,0.9235803,1.3994089,0
1.0,0.91666305,1.4592628,0
1.0,0.92407215,1.4675121,0
1.0,0.92365956,1.4691103,0
1.0,0.93263376,1.5181165,0
1.0,0.9291035,1.5055906,0
1.0,0.9297044,1.478518,0
1.0,0.93131906,1.4857571,0
1.0,0.9411676,1.5654526,0
1.0,0.941362,1.6023332,0
1.0,0.9491223,1.6296885,0
1.0,0.9514435,1.6691792,0
1.0,0.94997823,1.7125005,0
1.0,0.9456176,1.6741602,0
1.0,0.9517776,1.6688459,0
1.0,0.9506048,1.6675543,0
1.0,0.95084226,1.657501,0
1.0,0.94025373,1.6128621,0
1.0,0.94802845,1.5470465,0
1.0,0.94685423,1.4884591,0
1.0,0.9424375,1.4214075,0
1.0,0.934075,1.3787379,0
1.0,0.93158984,1.3833827,0
1.0,0.93354243,1.3778841,0
1.0,0.92591935,1.363334,0
1.0,0.91541344,1.3327997,0
1.0,0.92324495,1.3598574,0
1.0,0.9177152,1.4149685,0
1.0,0.91159576,1.4032059,0
1.0,0.9095397,1.3998637,0
1.0,0.91414046,1.4408064,0
1.0,0.9142058,1.5097702,0
1.0,0.907815,1.5220108,0
1.0,0.91029286,1.460843,0
1.0,0.91117334,1.4615993,0
1.0,0.91626674,1.5083404,0
1.0,0.9070199,1.5091252,0
1.0,0.9090199,1.5269685,0
1.0,0.89194053,1.5168195,0
1.0,0.89579713,1.5081066,0
1.0,0.88826317,1.4491079,0
1.0,0.8968064,1.4757392,0
1.0,0.8963113,1.4795908,0
1.0,0.9020764,1.4969151,0
1.0,0.90257376,1.5238304,0
1.0,0.90650964,1.5636957,0
1.0,0.9154807,1.5973494,0
1.0,0.91522217,1.6948056,0
1.0,0.9146476,1.7571948,0
1.0,0.91809404,1.7470641,0
1.0,0.92060673,1.7925978,0
1.0,0.9219031,1.8294125,0
1.0,0.92385054,1.8243899,0
1.0,0.92053086,1.7972796,0
1.0,0.9224983,1.8035411,0
1.0,0.92019016,1.8377893,0
1.0,0.9124075,1.8235674,0
1.0,0.90362483,1.7985044,0
1.0,0.88841915,1.7933049,0
1.0,0.88454384,1.8097013,0
1.0,0.8868643,1.8267891,0
1.0,0.88915795,1.8647863,0
1.0,0.902184,1.957973,0
1.0,0.9009601,1.9457314,0
1.0,0.9054273,1.9092851,0
1.0,0.9048244,1.8604105,0
1.0,0.91330177,1.8584898,0
1.0,0.9084191,1.8300369,0
1.0,0.91060114,1.8438456,0
1.0,0.91046864,1.8920124,0
1.0,0.9222391,1.9899247,0
1.0,0.9159667,2.0204499,0
1.0,0.9200909,2.0257154,0
1.0,0.92014754,2.017155,0
1.0,0.92524135,2.039126,0
1.0,0.92203003,2.002212,0
1.0,0.92159224,1.9400458,0
1.0,0.9232871,1.9425746,0
1.0,0.92301536,1.9528415,0
1.0,0.91871154,1.8784044,0
1.0,0.921227,1.8788347,0
1.0,0.9217431,1.9057008,0
1.0,0.92353636,1.9255569,0
1.0,0.91965455,1.9292431,0
1.0,0.91629076,1.9411237,0
1.0,0.91117334,2.0108523,0
1.0,0.90536773,2.0437477,0
1.0,0.90122145,2.0054011,0
1.0,0.89990747,2.0374484,0
1.0,0.89868623,2.1877437,0
1.0,0.90089333,2.288257,0
1.0,0.91961956,2.3910336,0
1.0,0.9289456,2.445813,0
1.0,0.9371625,2.4284072,0
1.0,0.9346973,2.3359108,0
1.0,0.9431033,2.299638,0
1.0,0.9448231,2.286249,0
1.0,0.94941497,2.323139,0
1.0,0.9448102,2.347294,0
1.0,0.95051503,2.4350755,0
1.0,0.95594746,2.5129328,0
1.0,0.9556851,2.5212455,0
1.0,0.95509064,2.4267683,0
1.0,0.95886016,2.325127,0
1.0,0.9667572,2.368008,0
1.0,0.96622413,2.4505253,0
1.0,0.96769285,2.4993267,0
1.0,0.9710607,2.6234584,0
1.0,0.9770263,2.8218884,0
1.0,0.97779375,2.9773197,0
1.0,0.97798127,3.1262202,0
1.0,0.978686,3.1081228,0
1.0,0.98085326,3.0518906,0
1.0,0.9804749,3.0039358,0
1.0,0.9770511,3.004853,0
1.0,0.97686654,3.0686092,0
1.0,0.9789388,3.2219667,0
1.0,0.98220235,3.2174513,0
1.0,0.980626,3.1230931,0
1.0,0.97965586,3.0887456,0
1.0,0.97939336,3.0543737,0
1.0,0.97934914,2.956697,0
1.0,0.97774816,2.850907,0
1.0,0.9779333,2.7876654,0
1.0,0.97772026,2.9065237,0
1.0,0.9778219,3.0704293,0
1.0,0.9779016,3.1836145,0
1.0,0.97806454,3.190991,0
1.0,0.977246,3.1915057,0
1.0,0.97873515,3.2216501,0
1.0,0.9760919,3.2181368,0
1.0,0.9723726,3.2953515,0
1.0,0.97169197,3.287023,0
1.0,0.97647035,3.2878733,0
1.0,0.9772356,3.4978633,0
1.0,0.9774874,3.6280441,0
1.0,0.9758267,3.6095986,0
1.0,0.97709376,3.4966033,0
1.0,0.9808224,3.414928,0
1.0,0.9765787,3.3049436,0
1.0,0.97595346,3.3008642,0
1.0,0.97437876,3.5258842,0
1.0,0.980631,3.700129,0
1.0,0.980825,3.8510265,0
1.0,0.98152876,3.9561787,0
1.0,0.9786699,3.9602098,0
1.0,0.9788457,3.9938111,0
1.0,0.9751496,3.897316,0
1.0,0.9719524,3.6798801,0
1.0,0.9665827,3.7025557,0
1.0,0.9671745,3.8628998,0
1.0,0.96587324,3.9556336,0
1.0,0.96534115,4.0772014,0
1.0,0.95695573,4.0885344,0
1.0,0.9590662,4.25937,0
1.0,0.95774806,4.3904047,0
1.0,0.95386493,4.570607,0
1.0,0.9416159,4.667674,0
1.0,0.9517081,4.613377,0
1.0,0.95046246,4.6668262,0
1.0,0.95097417,4.706006,0
1.0,0.9455379,4.5895233,0
1.0,0.9496303,4.5293336,0
1.0,0.94905305,4.3306136,0
1.0,0.9432866,4.2162466,0
1.0,0.93449384,4.40236,0
1.0,0.93566716,4.784646,0
1.0,0.9396001,5.299033,0
1.0,0.9434667,5.8492184,0
1.0,0.9367524,6.120153,0
1.0,0.935533,6.2028017,0
1.0,0.9306334,6.1635704,0
1.0,0.93843496,5.9871125,0
1.0,0.92683977,5.5209327,0
1.0,0.9367183,5.234453,0
1.0,0.9328734,5.14819,0
1.0,0.9280363,5.260114,0
1.0,0.91779685,5.4463615,0
1.0,0.9215373,5.5306015,0
1.0,0.92699045,5.566929,0
1.0,0.9273703,5.598947,0
1.0,0.9214832,5.536545,0
1.0,0.9327421,5.485221,0
1.0,0.9445045,5.4634404,0
1.0,0.9428695,5.336731,0
1.0,0.93971074,5.213686,0
1.0,0.95639235,5.0563207,0
1.0,0.96080315,4.8687887,0
1.0,0.95591104,4.655365,0
1.0,0.94855857,4.5895596,0
1.0,0.95801616,4.987667,0
1.0,0.9631793,5.355422,0
1.0,0.9623361,5.600283,0
1.0,0.9560043,5.946979,0
1.0,0.9610651,6.0947113,0
1.0,0.96366715,6.099793,0
1.0,0.9620517,6.075663,0
1.0,0.9610885,5.788034,0
1.0,0.9700188,5.216305,0
1.0,0.9718322,4.6818514,0
1.0,0.96611327,4.183074,0
1.0,0.9594847,4.023177,0
1.0,0.9576652,4.043974,0
1.0,0.9615573,4.069538,0
1.0,0.95887274,4.1097665,0
1.0,0.95436305,4.116243,0
1.0,0.9571178,4.1763587,0
1.0,0.9630913,4.1363487,0
1.0,0.95747817,3.8867764,0
1.0,0.95240325,3.6620994,0
1.0,0.9592324,3.5949957,0
1.0,0.96414375,3.6105866,0
1.0,0.96096057,3.6764178,0
1.0,0.9515906,3.7725697,0
1.0,0.9512877,3.7994928,0
1.0,0.9592871,3.878726,0
1.0,0.96097296,4.0036964,0
1.0,0.9569212,3.985122,0
1.0,0.96451634,4.0080147,0
1.0,0.9709565,3.9795647,0
1.0,0.9756901,3.776957,0
1.0,0.9782073,3.5103042,0
1.0,0.98178375,3.1308851,0
1.0,0.98044854,2.892231,0
1.0,0.9810441,2.948865,0
1.0,0.9792028,2.8197227,0
1.0,0.9793361,2.7533202,0
1.0,0.9749444,2.757691,0
1.0,0.97167635,2.7620466,0
1.0,0.9660827,2.7702875,0
1.0,0.96709275,2.8841507,0
1.0,0.9655042,2.999059,0
1.0,0.9662429,3.0585809,0
1.0,0.9618036,3.0088568,0
1.0,0.9640426,3.0147784,0
1.0,0.96077985,3.0022867,0
1.0,0.95869994,2.9524155,0
1.0,0.9527708,2.9342775,0
1.0,0.9577997,2.8696284,0
1.0,0.9540588,2.80535,0
1.0,0.9552469,2.8292181,0
1.0,0.95994115,2.8676567,0
1.0,0.96587324,2.8048713,0
1.0,0.9641934,2.765316,0
1.0,0.9583567,2.7614102,0
1.0,0.95916724,2.6905274,0
1.0,0.9648614,2.7585764,0
1.0,0.9619234,2.8325577,0
1.0,0.9657776,2.8059092,0
1.0,0.96523494,2.9293377,0
1.0,0.9672911,2.9892182,0
1.0,0.9661515,2.965035,0
1.0,0.9687918,2.9944375,0
1.0,0.96775067,3.0115309,0
1.0,0.97010976,3.0094078,0
1.0,0.9687798,2.8510404,0
1.0,0.9623132,2.5210955,0
1.0,0.9620912,2.3368335,0
1.0,0.96409047,2.2980692,0
1.0,0.9685818,2.2984674,0
1.0,0.96358216,2.274282,0
1.0,0.9645829,2.254007,0
1.0,0.9646329,2.1867595,0
1.0,0.9591922,2.222355,0
1.0,0.9586188,2.33909,0
1.0,0.9633749,2.2202554,0
1.0,0.95641804,2.118322,0
1.0,0.9463755,2.1070204,0
1.0,0.945313,2.1079073,0
1.0,0.95152724,2.1941266,0
1.0,0.9322479,2.433477,0
1.0,0.93704534,2.8927991,0
1.0,0.9503491,3.27922,0
1.0,0.96370125,3.2921984,0
1.0,0.962933,3.2763367,0
1.0,0.9625712,3.436513,0
1.0,0.9584799,3.4911942,0
1.0,0.96911657,3.350853,0
1.0,0.96547383,3.292958,0
1.0,0.9614522,3.5204685,0
1.0,0.94182974,4.051142,0
1.0,0.9518762,4.0695653,0
1.0,0.94249713,4.0053034,0
1.0,0.9319835,3.9800067,0
1.0,0.9123729,3.9213042,0
1.0,0.9366963,3.9739428,0
1.0,0.9458587,4.0028844,0
1.0,0.9463666,4.0204153,0
1.0,0.9285233,3.98177,0
1.0,0.9439087,4.021165,0
1.0,0.9517615,3.9982138,0
1.0,0.94552296,4.051256,0
1.0,0.9298951,4.0203905,0
1.0,0.92730725,4.0726104,0
1.0,0.939232,4.150985,0
1.0,0.9319471,4.24701,0
1.0,0.9195977,4.3676944,0
1.0,0.944318,4.4523687,0
1.0,0.9608047,4.4604473,0
1.0,0.95764124,4.4317417,0
1.0,0.9668947,4.6015334,0
1.0,0.9527347,4.4849896,0
1.0,0.9597898,4.3482466,0
1.0,0.9535615,3.9913435,0
1.0,0.9661265,3.8414664,0
1.0,0.9548191,3.8665211,0
1.0,0.96066713,3.8923883,0
1.0,0.93946594,3.838769,0
1.0,0.9549328,3.6842737,0
1.0,0.9253281,3.73574,0
1.0,0.9362361,3.9113379,0
1.0,0.8790565,3.8641791,0
1.0,0.9302613,3.5047302,0
1.0,0.9105331,3.364505,0
1.0,0.9441565,3.4221997,0
1.0,0.9361083,3.4154828,0
1.0,0.9481791,3.653377,0
1.0,0.94689155,3.7165806,0
1.0,0.9681902,3.793866,0
1.0,0.960619,3.8203003,0
1.0,0.96156085,4.000684,0
1.0,0.94413507,4.192563,0
1.0,0.9672335,4.280591,0
1.0,0.96311575,4.209337,0
1.0,0.960389,4.2051635,0
1.0,0.9434583,4.102987,0
1.0,0.9570535,4.0389724,0
1.0,0.9519543,3.8168266,0
1.0,0.9543823,3.8371966,0
1.0,0.93884254,4.2154117,0
1.0,0.95941645,4.4747705,0
1.0,0.96227145,4.4664774,0
1.0,0.9625024,4.7143345,0
1.0,0.9449952,4.9151945,0
1.0,0.9615769,4.8145027,0
1.0,0.9711953,4.7715855,0
1.0,0.9657219,4.6711235,0
1.0,0.9516092,4.648194,0
1.0,0.9520689,4.7207484,0
1.0,0.9700514,4.9292655,0
1.0,0.96920097,5.181096,0
1.0,0.96283364,5.08554,0
1.0,0.9514922,4.9521904,0
1.0,0.96517044,4.509803,0
1.0,0.9639089,4.5480146,0
1.0,0.9569233,5.2331524,0
1.0,0.9404984,5.5542746,0
1.0,0.94460756,5.5551867,0
1.0,0.930761,5.567976,0
1.0,0.9391564,5.8708777,0
1.0,0.9274164,5.9543543,0
1.0,0.9531057,5.93174,0
1.0,0.9628178,5.835482,0
1.0,0.95972604,6.1085615,0
1.0,0.92727405,6.858532,0
1.0,0.943468,7.859638,0
1.0,0.96429306,8.024157,0
1.0,0.96629894,8.2741165,0
1.0,0.93848723,8.449745,0
1.0,0.9378588,8.298116,0
1.0,0.96162325,7.947093,0
1.0,0.9637264,7.6799307,0
1.0,0.9436034,7.661969,0
1.0,0.91537946,7.71857,0
1.0,0.91612905,7.3229733,0
1.0,0.94138825,7.1431456,0
1.0,0.92021894,7.173411,0
1.0,0.9191364,7.3917227,0
1.0,0.91890156,7.2749925,0
1.0,0.9540616,7.4008164,0
1.0,0.94126624,7.862062,0
1.0,0.9396328,8.381882,0
1.0,0.948237,8.393666,0
1.0,0.96943855,8.408967,0
1.0,0.9645728,8.33428,0
1.0,0.9333386,8.292441,0
1.0,0.9420447,8.039948,0
1.0,0.9698001,7.354286,0
1.0,0.9705335,6.9964104,0
1.0,0.95311236,7.0072117,0
1.0,0.9438685,6.799159,0
1.0,0.96330285,6.4967017,0
1.0,0.9657341,6.3609977,0
1.0,0.9523943,6.3419843,0
1.0,0.9392335,6.232688,0
1.0,0.9494604,5.895678,0
1.0,0.9463763,5.280018,0
1.0,0.9454797,4.424781,0
1.0,0.945395,4.362737,0
1.0,0.9610717,4.1570187,0
1.0,0.95973784,3.9275172,0
1.0,0.97159755,3.9534783,0
1.0,0.9538191,3.842926,0
1.0,0.96058947,3.672944,0
1.0,0.96196336,3.4435394,0
1.0,0.96956784,3.487739,0
1.0,0.95730174,3.8151665,0
1.0,0.9692086,4.053336,0
1.0,0.9660524,3.995979,0
1.0,0.9695059,3.7517824,0
1.0,0.95991117,3.7509944,0
1.0,0.95913565,3.590972,0
1.0,0.95002097,2.9987469,0
1.0,0.9635609,2.2186894,0
1.0,0.9527383,2.1280594,0
1.0,0.93542665,2.3384886,0
1.0,0.9319142,2.4335372,0
1.0,0.95569706,2.4746134,0
1.0,0.9550377,2.485014,0
1.0,0.9612696,2.508924,0
1.0,0.9597817,2.500511,0
1.0,0.9685249,2.4818292,0
1.0,0.9625931,2.4336276,0
1.0,0.96307075,2.5106888,0
1.0,0.9639171,2.6815937,0
1.0,0.9704077,2.8739371,0
1.0,0.9727241,2.939689,0
1.0,0.9681092,2.7243853,0
1.0,0.96008736,2.6237955,0
1.0,0.96172786,2.575783,0
1.0,0.9657199,2.5295737,0
1.0,0.96449417,2.5252695,0
1.0,0.95943195,2.5540185,0
1.0,0.96448666,2.5722983,0
1.0,0.96777904,2.586494,0
1.0,0.9728583,2.5869899,0
1.0,0.96487236,2.5737362,0
1.0,0.9640213,2.4850192,0
1.0,0.95866686,2.4290202,0
1.0,0.9559273,2.5140736,0
1.0,0.95647913,2.7967243,0
1.0,0.9654607,3.0313125,0
1.0,0.9709711,3.0220025,0
1.0,0.9733459,3.2322025,0
1.0,0.9742289,3.481218,0
1.0,0.9679969,3.5105786,0
1.0,0.9702509,3.3397133,0
1.0,0.9701418,3.3707557,0
1.0,0.96697056,3.9233558,0
1.0,0.9385372,4.6599097,0
1.0,0.9559125,5.1231437,0
1.0,0.9649313,5.1281033,0
1.0,0.9596868,5.3745327,0
1.0,0.9460458,5.787184,0
1.0,0.9584361,6.0778008,0
1.0,0.96017826,5.9915624,0
1.0,0.95474887,5.958126,0
1.0,0.942896,6.0078936,0
1.0,0.9046536,5.926491,0
1.0,0.90852475,5.92908,0
1.0,0.9433163,5.9546885,0
1.0,0.94434315,6.1769075,0
1.0,0.9308416,6.271068,0
1.0,0.9428732,6.29191,0
1.0,0.95017856,6.2904296,0
1.0,0.95134723,6.29197,0
1.0,0.9337958,6.2519693,0
1.0,0.95123243,6.353552,0
1.0,0.9576385,6.5396357,0
1.0,0.9544238,6.5457034,0
1.0,0.9181267,6.18548,0
1.0,0.941787,6.167656,0
1.0,0.95381105,6.4858136,0
1.0,0.9548292,6.6543994,0
1.0,0.9422815,6.718832,0
1.0,0.9495394,6.5101576,0
1.0,0.955261,6.270351,0
1.0,0.9490898,6.1679225,0
1.0,0.9491153,6.1756883,0
1.0,0.9522288,5.9318805,0
1.0,0.9519715,5.26004,0
1.0,0.9450644,4.5741005,0
1.0,0.9494418,4.143048,0
1.0,0.9491469,4.1766825,0
1.0,0.92827225,3.9016452,0
1.0,0.91065747,3.4908,0
1.0,0.9144626,3.262814,0
1.0,0.9269079,3.3883557,0
1.0,0.9178598,3.3208833,0
1.0,0.93022156,3.082241,0
1.0,0.9403,3.0808182,0
1.0,0.9328578,3.0883138,0
1.0,0.93479913,2.9501195,0
1.0,0.92477715,2.662271,0
1.0,0.92640626,2.5479603,0
1.0,0.92765397,2.5362644,0
1.0,0.9264161,2.5729158,0
1.0,0.92791295,2.7529898,0
1.0,0.9303096,2.8505511,0
1.0,0.92584056,2.8228393,0
1.0,0.9397709,2.954398,0
1.0,0.9393702,3.1330318,0
1.0,0.94513947,3.144496,0
1.0,0.9064043,2.8090916,0
1.0,0.89373714,2.2456176,0
1.0,0.8783746,1.8456943,0
1.0,0.88532615,2.0878377,0
1.0,0.88258475,2.4339776,0
1.0,0.885441,2.434782,0
1.0,0.86054254,2.4439287,0
1.0,0.86857593,2.4727674,0
1.0,0.84526575,2.4199111,0
1.0,0.8471468,2.491396,0
1.0,0.8111691,2.7343783,0
1.0,0.8561092,3.1966734,0
1.0,0.870278,3.2890007,0
1.0,0.92124283,3.3841531,0
1.0,0.900499,3.2873554,0
1.0,0.9350267,3.327965,0
1.0,0.92382216,3.1991222,0
1.0,0.93917626,3.1218524,0
1.0,0.92356896,3.1001668,0
1.0,0.94069666,3.3153343,0
1.0,0.9254481,3.6630793,0
1.0,0.92095715,3.9004726,0
1.0,0.91264546,4.009576,0
1.0,0.92306215,4.033605,0
1.0,0.8957854,4.1137514,0
1.0,0.910728,4.151775,0
1.0,0.91345143,3.9899225,0
1.0,0.9222504,3.969782,0
1.0,0.90925556,4.0717254,0
1.0,0.9218677,3.9761026,0
1.0,0.9319998,3.744554,0
1.0,0.9482235,3.796561,0
1.0,0.9384591,3.9058356,0
1.0,0.95074147,4.0176735,0
1.0,0.95404536,4.0705843,0
1.0,0.9611246,3.8298204,0
1.0,0.9485932,3.4716883,0
1.0,0.9538927,3.519515,0
1.0,0.95849735,3.6064234,0
1.0,0.96355605,3.6218889,0
1.0,0.9610105,3.6748686,0
1.0,0.9606237,3.7542553,0
1.0,0.9517299,3.3828254,0
1.0,0.9491274,3.044241,0
1.0,0.94938517,3.0086038,0
1.0,0.9516196,3.006122,0
1.0,0.94272816,3.0788898,0
1.0,0.9454356,3.221736,0
1.0,0.94960207,3.2332654,0
1.0,0.9637282,3.2665205,0
1.0,0.951702,3.4074259,0
1.0,0.94861656,3.6145663,0
1.0,0.9445513,3.325142,0
1.0,0.96753377,3.2187562,0
1.0,0.95871824,3.1408381,0
1.0,0.94850534,3.1363854,0
1.0,0.94522125,3.0571482,0
1.0,0.96229196,3.1218855,0
1.0,0.962868,3.1166847,0
1.0,0.9474542,3.0192726,0
1.0,0.94710344,2.8484912,0
1.0,0.94557106,2.6818194,0
1.0,0.9448433,2.7048557,0
1.0,0.93616474,2.925077,0
1.0,0.9416056,3.0501842,0
1.0,0.95132124,3.0685601,0
1.0,0.9564653,3.1160862,0
1.0,0.95925575,3.0698729,0
1.0,0.96458244,3.105186,0
1.0,0.9709618,3.106306,0
1.0,0.97119594,3.053155,0
1.0,0.9710004,3.2026067,0
1.0,0.96978,3.898014,0
1.0,0.9712739,4.3356385,0
1.0,0.96851647,4.2922606,0
1.0,0.958425,4.3370023,0
1.0,0.96284544,4.2650175,0
1.0,0.95341665,4.2733874,0
1.0,0.95039517,4.5846095,0
1.0,0.9462727,5.1837215,0
1.0,0.9477108,5.2147846,0
1.0,0.9368416,5.2692356,0
1.0,0.93045354,5.0853424,0
1.0,0.9316023,4.67571,0
1.0,0.9172228,4.6067553,0
1.0,0.9369347,4.5616145,0
1.0,0.92269045,4.510633,0
1.0,0.9262278,4.516867,0
1.0,0.91696787,4.754473,0
1.0,0.9233035,4.960174,0
1.0,0.9141767,4.927051,0
1.0,0.9317408,5.0539055,0
1.0,0.9255294,5.291297,0
1.0,0.9314137,5.3219814,0
1.0,0.90498066,5.2303405,0
1.0,0.89836824,5.348291,0
1.0,0.8915465,5.4825335,0
1.0,0.88941723,5.378752,0
1.0,0.8604587,5.2303066,0
1.0,0.87352973,5.328441,0
1.0,0.8703958,5.371449,0
1.0,0.8920966,5.456147,0
1.0,0.86452204,5.628624,0
1.0,0.879806,5.814695,0
1.0,0.87739164,5.3025846,0
1.0,0.9203147,4.797219,0
1.0,0.91421825,4.7338204,0
1.0,0.9121592,4.6207275,0
1.0,0.9154189,4.8075566,0
1.0,0.9001309,4.741736,0
1.0,0.8920478,4.332158,0
1.0,0.88720006,3.5430198,0
1.0,0.89731467,3.5105944,0
1.0,0.8912086,3.474421,0
1.0,0.884611,3.7569485,0
1.0,0.8536823,3.6846454,0
1.0,0.8567618,3.58765,0
1.0,0.85520947,3.670287,0
1.0,0.8715426,3.6895754,0
1.0,0.85303986,3.6606169,0
1.0,0.8671258,3.3906157,0
1.0,0.8817034,3.2223969,0
1.0,0.89048547,3.249401,0
1.0,0.8800943,3.2753625,0
1.0,0.8874199,3.4693995,0
1.0,0.8712686,3.762123,0
1.0,0.9004948,4.2350955,0
1.0,0.92037934,3.9966464,0
1.0,0.9247621,3.64602,0
1.0,0.91002965,3.890605,0
1.0,0.90794015,3.944596,0
1.0,0.8934905,3.8377132,0
1.0,0.8932118,3.7229548,0
1.0,0.8873658,3.6442347,0
1.0,0.8866635,3.3899567,0
1.0,0.8751328,3.1566896,0
1.0,0.8883636,2.9886916,0
1.0,0.88107014,2.9639547,0
1.0,0.8850609,3.446311,0
1.0,0.89408535,3.7683978,0
1.0,0.9187863,3.6914172,0
1.0,0.9250073,3.7801352,0
1.0,0.9308936,3.78691,0
1.0,0.93642485,3.8037996,0
1.0,0.9443957,3.8367953,0
1.0,0.94849455,3.769829,0
1.0,0.96198064,3.5537243,0
1.0,0.9561613,3.5902634,0
1.0,0.9564653,3.7030306,0
1.0,0.95201504,3.7485518,0
1.0,0.9590833,3.7136006,0
1.0,0.9471014,3.6473699,0
1.0,0.95495,3.6617937,0
1.0,0.94278586,3.597683,0
1.0,0.94253683,3.7205644,0
1.0,0.92722243,3.5509162,0
1.0,0.93885535,3.2825837,0
1.0,0.9105983,2.8903525,0
1.0,0.91271806,2.5327287,0
1.0,0.9019459,2.7035866,0
1.0,0.9040877,3.3926148,0
1.0,0.8785814,3.3240347,0
1.0,0.89819694,3.2965999,0
1.0,0.8896468,3.4138508,0
1.0,0.91262895,3.6140056,0
1.0,0.89641464,3.6405535,0
1.0,0.92417145,3.650041,0
1.0,0.91477054,3.5442543,0
1.0,0.9301248,3.7286482,0
1.0,0.8995016,4.2727003,0
1.0,0.8958988,4.2674084,0
1.0,0.89778847,3.9123461,0
1.0,0.9262102,4.2991858,0
1.0,0.9083695,4.594912,0
1.0,0.90397525,4.8311973,0
1.0,0.92158324,4.810548,0
1.0,0.9314959,5.2702665,0
1.0,0.92066514,5.6940494,0
1.0,0.871426,5.9065847,0
1.0,0.92388153,6.2173557,0
1.0,0.9487712,6.1475115,0
1.0,0.94228053,6.1931944,0
1.0,0.91970366,6.527256,0
1.0,0.95016915,6.6496115,0
1.0,0.96685445,6.680582,0
1.0,0.95816326,6.8824034,0
1.0,0.9387978,7.0886097,0
1.0,0.93358195,7.162854,0
1.0,0.96461564,7.0580907,0
1.0,0.96554714,7.060407,0
1.0,0.93833834,7.0108967,0
1.0,0.94177663,6.7306204,0
1.0,0.9643263,6.094781,0
1.0,0.9666109,5.887124,0
1.0,0.94802195,5.9229813,0
1.0,0.94841135,5.961018,0
1.0,0.9651267,5.9274592,0
1.0,0.9703884,5.8922534,0
1.0,0.9634575,5.9189615,0
1.0,0.9444865,5.9047446,0
1.0,0.95484096,5.725998,0
1.0,0.96779007,5.1736927,0
1.0,0.9604794,4.860784,0
1.0,0.953017,4.936305,0
1.0,0.9604368,4.586194,0
1.0,0.9753356,4.319843,0
1.0,0.96818674,4.1414504,0
1.0,0.9688825,4.175864,0
1.0,0.95940185,3.6887474,0
1.0,0.96596277,3.4715612,0
1.0,0.9608321,3.3555274,0
1.0,0.96450883,3.0666761,0
1.0,0.9491716,3.0881433,0
1.0,0.9355327,2.8886354,0
1.0,0.93249494,2.531896,0
1.0,0.94116783,2.4535985,0
1.0,0.91484725,2.4331062,0
1.0,0.9068293,2.1975238,0
1.0,0.89390457,1.937872,0
1.0,0.88731223,1.9618504,0
1.0,0.8403256,2.0276377,0
1.0,0.8512746,2.3551095,0
1.0,0.920778,2.8362951,0
1.0,0.9402959,3.2017603,0
1.0,0.95335513,3.1905513,0
1.0,0.94850206,3.2192903,0
1.0,0.9470086,3.297071,0
1.0,0.937476,3.124281,0
1.0,0.9475543,3.0311456,0
1.0,0.9324569,3.0239463,0
1.0,0.93544537,2.9704747,0
1.0,0.9114841,2.9943671,0
1.0,0.929938,3.2418654,0
1.0,0.9242632,3.67751,0
1.0,0.9403685,3.790118,0
1.0,0.9220021,3.7087626,0
1.0,0.927988,3.6918368,0
1.0,0.9345197,3.642194,0
1.0,0.94769645,3.6235695,0
1.0,0.94024783,3.5785494,0
1.0,0.95534474,3.594894,0
1.0,0.9567007,3.3906546,0
1.0,0.9675015,3.450383,0
1.0,0.9546898,4.3104897,0
1.0,0.95929074,4.8338275,0
1.0,0.96166825,4.8796816,0
1.0,0.96046597,4.9388437,0
1.0,0.94723576,5.3206134,0
1.0,0.95633924,5.4391327,0
1.0,0.9628985,5.471801,0
1.0,0.96318156,5.564124,0
1.0,0.953577,5.787709,0
1.0,0.9318554,5.896652,0
1.0,0.93892545,5.7430763,0
1.0,0.9542073,5.3540277,0
1.0,0.9523079,5.019437,0
1.0,0.93513066,5.0938077,0
1.0,0.9433376,5.1563816,0
1.0,0.9563624,5.1601286,0
1.0,0.9567154,5.8175335,0
1.0,0.9432271,6.0040674,0
1.0,0.9435928,6.077372,0
1.0,0.9624172,6.141779,0
1.0,0.96756685,6.093173,0
1.0,0.94263387,5.9362407,0
1.0,0.941554,5.4704146,0
1.0,0.96015674,5.2394524,0
1.0,0.9629299,5.2858624,0
1.0,0.9424391,5.495285,0
1.0,0.9387813,5.7038364,0
1.0,0.95363563,5.7350516,0
1.0,0.9551459,5.7712197,0
1.0,0.9411654,5.9121246,0
1.0,0.9262358,5.8950195,0
1.0,0.94846356,5.9924803,0
1.0,0.95030224,5.396758,0
1.0,0.94588804,4.8534813,0
1.0,0.935699,4.882932,0
1.0,0.95051366,4.971796,0
1.0,0.95384717,4.6512837,0
1.0,0.95044965,4.58333,0
1.0,0.945953,4.5698442,0
1.0,0.9410183,4.432353,0
1.0,0.9416152,4.0811863,0
1.0,0.94118196,4.074064,0
1.0,0.93467176,4.546502,0
1.0,0.9254804,4.701974,0
1.0,0.91887665,4.7029,0
1.0,0.9231665,4.5560694,0
1.0,0.9236484,4.3945794,0
1.0,0.9327062,4.412299,0
1.0,0.9242442,3.7381837,0
1.0,0.9314437,3.7061765,0
1.0,0.93291545,3.6259763,0
1.0,0.93959445,3.692971,0
1.0,0.9267215,3.7405815,0
1.0,0.9255917,3.8771496,0
1.0,0.9186405,4.1145897,0
1.0,0.9143757,4.1405125,0
1.0,0.9356061,4.1936364,0
1.0,0.9413735,4.241107,0
1.0,0.94672346,4.019734,0
1.0,0.938604,3.9830503,0
1.0,0.9300903,4.010817,0
1.0,0.9207139,4.0533676,0
1.0,0.93098605,4.5338607,0
1.0,0.9277687,4.248488,0
1.0,0.9045843,4.16619,0
1.0,0.8813165,4.6097126,0
1.0,0.9069996,4.597519,0
1.0,0.91919583,4.7147384,0
1.0,0.88684344,4.819458,0
1.0,0.87484795,4.9378047,0
1.0,0.90623266,5.0871515,0
1.0,0.9185679,5.0385633,0
1.0,0.9229855,5.148798,0
1.0,0.9162331,4.93612,0
1.0,0.931976,4.37222,0
1.0,0.9232235,4.1720276,0
1.0,0.9347438,4.2467856,0
1.0,0.92645395,4.503842,0
1.0,0.94418716,5.1350937,0
1.0,0.93566465,5.4472795,0
1.0,0.92697555,5.4607363,0
1.0,0.9247755,5.298252,0
1.0,0.9297911,5.3285475,0
1.0,0.93253857,5.3014326,0
1.0,0.9372879,5.4232583,0
1.0,0.9436349,5.195035,0
1.0,0.95323044,4.960206,0
1.0,0.95765615,5.1858077,0
1.0,0.9580944,5.4563136,0
1.0,0.9578264,5.273401,0
1.0,0.96636194,5.3210983,0
1.0,0.9622712,5.620026,0
1.0,0.9634358,5.8997164,0
1.0,0.9628914,5.698226,0
1.0,0.9642202,5.220828,0
1.0,0.9579965,5.16115,0
1.0,0.93833345,4.8770704,0
1.0,0.9416811,4.463389,0
1.0,0.94228107,4.494265,0
1.0,0.9459987,4.280325,0
1.0,0.9280316,3.9812152,0
1.0,0.93942714,3.950343,0
1.0,0.939758,3.957183,0
1.0,0.935814,4.042044,0
1.0,0.92076534,3.9924936,0
1.0,0.93251425,3.951229,0
1.0,0.943983,3.9573464,0
1.0,0.94329107,4.020736,0
1.0,0.93151796,3.8999069,0
1.0,0.9437904,3.713279,0
1.0,0.94115937,3.1344845,0
1.0,0.9303301,2.6863012,0
1.0,0.90692514,2.6208754,0
1.0,0.91743207,2.6957545,0
1.0,0.91480756,2.7461503,0
1.0,0.896585,2.718258,0
1.0,0.91739386,3.2019434,0
1.0,0.929339,4.473079,0
1.0,0.93929136,4.8900595,0
1.0,0.92596966,4.616877,0
1.0,0.925697,4.2955465,0
1.0,0.91628265,4.3353987,0
1.0,0.92229044,4.4034925,0
1.0,0.91712296,4.11794,0
1.0,0.92324483,3.802041,0
1.0,0.9196209,3.7905457,0
1.0,0.9161952,4.237295,0
1.0,0.9018749,4.537803,0
1.0,0.93519557,4.6319923,0
1.0,0.946589,4.5846963,0
1.0,0.94286937,4.5074553,0
1.0,0.9371427,4.5338216,0
1.0,0.9496011,4.912383,0
1.0,0.9552364,4.94147,0
1.0,0.9348828,4.8943853,0
1.0,0.93911445,5.0520735,0
1.0,0.9211135,4.932312,0
1.0,0.9211685,5.029763,0
1.0,0.8704085,5.1346292,0
1.0,0.8877247,5.248207,0
1.0,0.8658024,5.296777,0
1.0,0.92355675,5.6704855,0
1.0,0.88937515,5.9778676,0
1.0,0.9245084,6.05533,0
1.0,0.9297668,6.293048,0
1.0,0.94935834,6.545277,0
1.0,0.92959607,6.6228156,0
1.0,0.9497229,6.604186,0
1.0,0.9323254,6.089526,0
1.0,0.9410986,5.2370267,0
1.0,0.88953626,5.193567,0
1.0,0.93056715,5.8903594,0
1.0,0.8963295,6.1959343,0
1.0,0.8990463,6.040883,0
1.0,0.8203955,5.792784,0
1.0,0.8653543,5.854932,0
1.0,0.8955717,5.9571514,0
1.0,0.91190743,6.14382,0
1.0,0.88471526,5.632535,0
1.0,0.91124946,5.44681,0
1.0,0.91383255,5.8382688,0
1.0,0.9146129,6.098331,0
1.0,0.90556306,6.0899835,0
1.0,0.91233784,6.22818,0
1.0,0.92112267,6.1654234,0
1.0,0.93236864,6.5335937,0
1.0,0.9280908,6.9023433,0
1.0,0.94471574,6.837612,0
1.0,0.95502865,6.9269056,0
1.0,0.95234174,7.3003483,0
1.0,0.94869053,7.1835938,0
1.0,0.953722,7.028276,0
1.0,0.95533526,7.0525374,0
1.0,0.9540945,7.1024866,0
1.0,0.9372774,6.732712,0
1.0,0.945884,6.746608,0
1.0,0.9591281,6.6586533,0
1.0,0.9539591,6.8022523,0
1.0,0.94866014,6.852886,0
1.0,0.94455916,6.8392096,0
1.0,0.94582427,6.8684416,0
1.0,0.94388276,6.6066656,0
1.0,0.9515551,6.1539803,0
1.0,0.95694584,5.592741,0
1.0,0.9565376,5.212032,0
1.0,0.9570658,5.20343,0
1.0,0.94070935,5.277499,0
1.0,0.95610315,5.6588054,0
1.0,0.96336615,6.044936,0
1.0,0.966639,6.083066,0
1.0,0.9618705,6.0733986,0
1.0,0.96311665,6.0144477,0
1.0,0.96335477,5.697671,0
1.0,0.9643592,5.449708,0
1.0,0.9664978,5.4778376,0
1.0,0.9595504,5.5800686,0
1.0,0.9556842,6.778338,0
1.0,0.9444024,7.8254747,0
1.0,0.9542392,7.6649575,0
1.0,0.9575441,7.699323,0
1.0,0.94755954,9.477081,0
1.0,0.9269725,10.879324,0
1.0,0.9436894,11.235712,0
1.0,0.95131606,11.249677,0
1.0,0.94449764,11.453457,0
1.0,0.9165084,12.1666355,0
1.0,0.828648,13.014038,0
1.0,0.9130543,13.943098,0
1.0,0.93360406,14.087873,0
1.0,0.8980997,13.634231,0
1.0,0.8629583,13.852943,0
1.0,0.9088401,14.631676,0
1.0,0.94254565,14.584108,0
1.0,0.9244961,14.713381,0
1.0,0.9070596,15.64555,0
1.0,0.8869861,16.531555,0
1.0,0.88221127,17.339325,0
1.0,0.8913649,17.576366,1
1.0,0.87329084,17.44518,1
1.0,0.8827696,17.433317,0
1.0,0.9119106,17.979233,1
1.0,0.92116416,18.029135,1
1.0,0.9188091,18.034023,1
1.0,0.91022617,18.149403,1
1.0,0.9178643,18.354023,1
1.0,0.856655,18.421953,1
1.0,0.89454764,18.556902,1
1.0,0.87852544,18.374588,1
1.0,0.90569854,17.082756,0
1.0,0.89363945,15.510282,0
1.0,0.936519,15.327193,0
1.0,0.9312982,15.260557,0
1.0,0.93892807,13.397835,0
1.0,0.9286931,11.573637,0
1.0,0.95205045,11.427319,0
1.0,0.94303983,11.566122,0
1.0,0.9348281,11.310863,0
1.0,0.9150981,10.26359,0
1.0,0.95461524,9.361128,0
1.0,0.9568344,8.581369,0
1.0,0.9595025,8.358956,0
1.0,0.94447696,8.357414,0
1.0,0.96285474,8.033914,0
1.0,0.9676819,7.371555,0
1.0,0.96751034,7.285887,0
1.0,0.9553463,7.009206,0
1.0,0.95770925,6.187249,0
1.0,0.95483583,5.5115376,0
1.0,0.9657318,5.100569,0
1.0,0.96450293,4.982421,0
1.0,0.9622374,4.9798903,0
1.0,0.9492887,4.658813,0
1.0,0.9557587,3.7595885,0
1.0,0.9617486,3.5185854,0
1.0,0.9615664,3.5220647,0
1.0,0.9586737,3.5834565,0
1.0,0.96258074,3.3815913,0
1.0,0.9552208,3.343368,0
1.0,0.94693655,4.0600333,0
1.0,0.9404054,4.8641496,0
1.0,0.95428085,5.0315294,0
1.0,0.95461386,5.0151057,0
1.0,0.9493996,4.9467535,0
1.0,0.9428984,4.841832,0
1.0,0.95619893,4.9240036,0
1.0,0.9666823,4.850344,0
1.0,0.96796405,4.5881567,0
1.0,0.9569039,4.499945,0
1.0,0.9513756,4.594178,0
1.0,0.94606054,4.5302377,0
1.0,0.95960796,4.536315,0
1.0,0.95540434,4.5442514,0
1.0,0.95182544,4.538994,0
1.0,0.94605553,4.476697,0
1.0,0.96224904,4.3608403,0
1.0,0.9621639,4.339038,0
1.0,0.9601186,4.336833,0
1.0,0.9609775,4.450835,0
1.0,0.9734331,4.7853665,0
1.0,0.9738609,4.633839,0
1.0,0.9684424,4.2988167,0
1.0,0.9655206,4.326114,0
1.0,0.9760082,4.470952,0
1.0,0.9757321,4.503503,0
1.0,0.96749103,4.4951124,0
1.0,0.96159375,4.553563,0
1.0,0.97282016,4.5730453,0
1.0,0.9745996,4.347292,0
1.0,0.9699295,4.273778,0
1.0,0.96671975,4.1277785,0
1.0,0.9720838,3.3090744,0
1.0,0.96535224,2.3555303,0
1.0,0.95308965,2.0755246,0
1.0,0.95008713,2.1418293,0
1.0,0.94722825,2.2798066,0
1.0,0.9354169,2.3398476,0
1.0,0.9305417,2.4057808,0
1.0,0.9518212,2.7678547,0
1.0,0.9651672,2.9833503,0
1.0,0.97289264,2.900216,0
1.0,0.9694373,2.7537196,0
1.0,0.9623255,2.7405863,0
1.0,0.95283514,2.6441154,0
1.0,0.96271914,2.7448392,0
1.0,0.9549046,2.9188492,0
1.0,0.95315796,2.9359994,0
1.0,0.9514776,2.9664369,0
1.0,0.9647916,3.0756273,0
1.0,0.9581236,3.0697927,0
1.0,0.95292586,2.8889291,0
1.0,0.94850665,2.4365225,0
1.0,0.9332874,2.2215276,0
1.0,0.90624404,2.802012,0
1.0,0.911655,3.8270438,0
1.0,0.9287815,4.2567835,0
1.0,0.94938004,4.301775,0
1.0,0.948585,4.421886,0
1.0,0.95311475,4.666545,0
1.0,0.95182174,4.8242483,0
1.0,0.9644853,4.8595285,0
1.0,0.965762,4.974168,0
1.0,0.95828694,5.5593176,0
1.0,0.9106331,6.7604594,0
1.0,0.91870207,7.9553614,0
1.0,0.944672,8.321783,0
1.0,0.9457333,8.277312,0
1.0,0.9103661,8.04228,0
1.0,0.89694583,8.089265,0
1.0,0.9241496,8.436513,0
1.0,0.9353493,8.611813,0
1.0,0.91216,8.421097,0
1.0,0.9020976,8.594912,0
1.0,0.88976914,8.97863,0
1.0,0.8565589,9.622288,0
1.0,0.8701034,10.169674,0
1.0,0.900601,10.290438,0
1.0,0.9067147,10.150471,0
1.0,0.89035153,10.091257,0
1.0,0.87914526,10.100399,0
1.0,0.909793,10.383279,0
1.0,0.920474,10.600253,0
1.0,0.90585774,10.672535,0
1.0,0.88233465,10.629833,0
1.0,0.8934435,10.643367,0
1.0,0.8773357,9.895281,0
1.0,0.8786772,8.760595,0
1.0,0.8870199,8.271008,0
1.0,0.9185855,8.326235,0
1.0,0.9158866,8.56912,0
1.0,0.90682936,8.600301,0
1.0,0.9127624,8.444851,0
1.0,0.9319155,8.488019,0
1.0,0.93507975,8.465517,0
1.0,0.92180187,8.265838,0
1.0,0.8974122,7.536752,0
1.0,0.9141755,6.6833525,0
1.0,0.93567145,6.459277,0
1.0,0.93564117,6.4405594,0
1.0,0.9290903,6.478895,0
1.0,0.92296284,6.393867,0
1.0,0.9374731,6.0719576,0
1.0,0.933633,5.565163,0
1.0,0.9342329,5.9325705,0
1.0,0.9242086,6.202361,0
1.0,0.9166631,6.09643,0
1.0,0.93116206,5.509408,0
1.0,0.94859695,5.0953836,0
1.0,0.9369189,5.1251984,0
1.0,0.9352864,5.1094394,0
1.0,0.94802666,5.212651,0
1.0,0.95520365,5.94433,0
1.0,0.9338239,6.7562165,0
1.0,0.9110352,7.040356,0
1.0,0.92248124,7.0705256,0
1.0,0.93923235,7.078622,0
1.0,0.9173682,7.120357,0
1.0,0.90189266,7.150306,0
1.0,0.9331662,7.256668,0
1.0,0.9541616,7.697912,0
1.0,0.93759143,8.12207,0
1.0,0.9002049,8.138234,0
1.0,0.92035615,8.188307,0
1.0,0.9555689,8.299841,0
1.0,0.94307876,8.260662,0
1.0,0.90091896,8.039703,0
1.0,0.91537166,7.681265,0
1.0,0.95419514,7.131886,0
1.0,0.9470913,7.0489917,0
1.0,0.92647606,7.0509586,0
1.0,0.92578435,7.104741,0
1.0,0.93917143,7.0780773,0
1.0,0.92720693,6.94094,0
1.0,0.91094816,6.905205,0
1.0,0.89391094,7.2785134,0
1.0,0.92377645,7.2427464,0
1.0,0.9291791,6.7846594,0
1.0,0.91380435,6.3462515,0
1.0,0.91156185,6.15862,0
1.0,0.9264459,6.1375356,0
1.0,0.9136891,6.2270346,0
1.0,0.9174409,6.7856693,0
1.0,0.9147955,6.993246,0
1.0,0.936276,6.38815,0
1.0,0.94348603,5.250862,0
1.0,0.9404214,4.6886425,0
1.0,0.93279564,4.5727053,0
1.0,0.92982686,4.5715265,0
1.0,0.9309053,4.495018,0
1.0,0.9216699,4.3925557,0
1.0,0.9085435,4.494211,0
1.0,0.88364536,4.4131513,0
1.0,0.8607653,4.48219,0
1.0,0.88244504,4.742349,0
1.0,0.87956184,4.54601,0
1.0,0.89452666,4.606126,0
1.0,0.90452945,4.684819,0
1.0,0.9146691,4.7134867,0
1.0,0.92259485,4.693922,0
1.0,0.93858194,4.7389073,0
1.0,0.9382049,4.604338,0
1.0,0.9372699,4.7750797,0
1.0,0.9401714,4.9233165,0
1.0,0.9389118,5.032857,0
1.0,0.9410622,5.141799,0
1.0,0.94749796,5.1011934,0
1.0,0.94433296,4.6625037,0
1.0,0.9419429,4.417453,0
1.0,0.9520214,4.429141,0
1.0,0.95618075,4.8475127,0
1.0,0.94804,5.5155993,0
1.0,0.9518532,6.1423354,0
1.0,0.9585817,6.1322355,0
1.0,0.96367216,5.582906,0
1.0,0.9491614,5.3186007,0
1.0,0.94729584,5.2378573,0
1.0,0.9511874,5.2480187,0
1.0,0.9599096,5.978313,0
1.0,0.9485071,7.5434394,0
1.0,0.92679256,8.337689,0
1.0,0.9292023,8.6263485,0
1.0,0.9478938,8.708567,0
1.0,0.94485736,8.694124,0
1.0,0.9285693,8.536962,0
1.0,0.932749,7.9870777,0
1.0,0.94861275,7.363169,0
1.0,0.94333136,7.5536757,0
1.0,0.92093754,7.992492,0
1.0,0.8804885,8.02381,0
1.0,0.93390775,8.202001,0
1.0,0.9419784,8.23818,0
1.0,0.93390757,8.277445,0
1.0,0.9097381,8.308968,0
1.0,0.94322073,8.5133705,0
1.0,0.9444497,8.667755,0
1.0,0.939784,8.661419,0
1.0,0.9264752,8.519445,0
1.0,0.9414077,8.613565,0
1.0,0.9476716,8.620102,0
1.0,0.9334557,8.6262245,0
1.0,0.9033419,8.699242,0
1.0,0.9364738,8.458584,0
1.0,0.9566456,7.854633,0
1.0,0.9384216,7.4102116,0
1.0,0.92626125,7.3979983,0
1.0,0.94811094,7.529847,0
1.0,0.9578303,7.4829445,0
1.0,0.94585925,7.489946,0
1.0,0.93335235,7.5009456,0
1.0,0.9434613,6.8615675,0
1.0,0.9502186,5.3509407,0
1.0,0.9403061,4.481885,0
1.0,0.9380458,4.2793818,0
1.0,0.9345647,4.424692,0
1.0,0.9463713,4.4092507,0
1.0,0.9420767,4.332919,0
1.0,0.9539985,4.5320463,0
1.0,0.9561317,4.561614,0
1.0,0.9640231,4.243677,0
1.0,0.95411265,3.6842008,0
1.0,0.9616035,3.530891,0
1.0,0.9608121,3.604762,0
1.0,0.969172,3.6569796,0
1.0,0.963357,3.5704803,0
1.0,0.96129155,3.4372182,0
1.0,0.95264393,3.0766413,0
1.0,0.9590053,2.747507,0
1.0,0.9381719,2.5793557,0
1.0,0.9306207,2.6038547,0
1.0,0.9272088,2.978146,0
1.0,0.9388659,3.6152,0
1.0,0.92782503,3.6607184,0
1.0,0.9346725,3.5159526,0
1.0,0.93668824,3.5976222,0
1.0,0.9578307,3.6244633,0
1.0,0.93725723,3.5676947,0
1.0,0.94359535,3.6634135,0
1.0,0.93131363,3.7207642,0
1.0,0.9476277,3.7915635,0
1.0,0.9289716,3.6992774,0
1.0,0.9204301,3.788649,0
1.0,0.9228748,3.8522406,0
1.0,0.94102836,3.9635448,0
1.0,0.9456624,4.005701,0
1.0,0.946839,3.9960504,0
1.0,0.9377947,3.9355679,0
1.0,0.9382805,3.8926167,0
1.0,0.9014411,3.7899132,0
1.0,0.92883873,3.6109445,0
1.0,0.91639364,3.5219338,0
1.0,0.9342636,3.50279,0
1.0,0.9264639,3.5020227,0
1.0,0.9515958,3.4985485,0
1.0,0.9513953,3.4202428,0
1.0,0.9528239,3.680347,0
1.0,0.9414174,4.043409,0
1.0,0.964899,4.083583,0
1.0,0.9604497,4.1368,0
1.0,0.93694854,4.5234876,0
1.0,0.9401547,4.6517572,0
1.0,0.9446238,4.6906123,0
1.0,0.9575596,4.5941973,0
1.0,0.9425199,4.3056035,0
1.0,0.95828617,4.3399105,0
1.0,0.96625614,4.397434,0
1.0,0.97659415,4.5011244,0
1.0,0.97265947,4.8938656,0
1.0,0.96097565,4.8068714,0
1.0,0.95768905,4.4008417,0
1.0,0.96821916,4.5387306,0
1.0,0.9667458,4.643526,0
1.0,0.95777726,4.7155786,0
1.0,0.9401607,4.6489015,0
1.0,0.94566077,4.564627,0
1.0,0.9440118,4.446093,0
1.0,0.9361944,4.6470575,0
1.0,0.93907905,4.971243,0
1.0,0.94948417,4.931883,0
1.0,0.9393311,4.8689575,0
1.0,0.9427527,4.7295294,0
1.0,0.9384909,4.8881893,0
1.0,0.94454104,5.423933,0
1.0,0.94395363,5.813384,0
1.0,0.9397581,5.797886,0
1.0,0.92839617,6.0623627,0
1.0,0.9183193,6.6464243,0
1.0,0.93128735,6.5792017,0
1.0,0.93789387,6.2128763,0
1.0,0.9386084,6.312375,0
1.0,0.9468984,7.282547,0
1.0,0.91386163,8.320352,0
1.0,0.91652834,9.171518,0
1.0,0.93551147,9.395518,0
1.0,0.9490357,9.235813,0
1.0,0.9288422,9.829586,0
1.0,0.92145646,10.147848,0
1.0,0.93729496,10.124313,0
1.0,0.9433984,10.188723,0
1.0,0.93169177,10.811052,0
1.0,0.8671725,11.273867,0
1.0,0.858126,11.4460945,0
1.0,0.8863196,11.190667,0
1.0,0.8872362,11.269286,0
1.0,0.8385994,11.359544,0
1.0,0.87305313,11.394309,0
1.0,0.9268017,11.480335,0
1.0,0.9346691,11.511872,0
1.0,0.9117231,11.378846,0
1.0,0.9024177,10.989294,0
1.0,0.9455947,11.000086,0
1.0,0.9541007,10.98668,0
1.0,0.90856886,10.9370365,0
1.0,0.9017821,10.794131,0
1.0,0.94533664,10.491571,0
1.0,0.9532257,10.234892,0
1.0,0.925533,10.237425,0
1.0,0.92400724,10.06382,0
1.0,0.9537293,9.675507,0
1.0,0.9686563,9.550484,0
1.0,0.95695806,9.539839,0
1.0,0.9413884,9.359569,0
1.0,0.95220584,8.34634,0
1.0,0.96539634,6.876585,0
1.0,0.9673418,5.9189415,0
1.0,0.9647477,5.672484,0
1.0,0.9681862,5.737318,0
1.0,0.97180575,5.7125673,0
1.0,0.9731458,5.6989603,0
1.0,0.9677288,5.7877426,0
1.0,0.967531,5.5557165,0
1.0,0.9642188,4.4970713,0
1.0,0.9656016,3.8275788,0
1.0,0.9702276,3.619669,0
1.0,0.96323574,3.6160417,0
1.0,0.9432118,3.3598738,0
1.0,0.9453903,3.1059258,0
1.0,0.96258336,3.0822496,0
1.0,0.9642893,3.0849595,0
1.0,0.9575247,2.9984932,0
1.0,0.94599366,2.8227582,0
1.0,0.9375638,2.8071427,0
1.0,0.9410467,2.8712993,0
1.0,0.92819935,2.8724852,0
1.0,0.92269003,2.837822,0
1.0,0.93491644,2.8342361,0
1.0,0.9342025,2.7046716,0
1.0,0.9031501,2.5635817,0
1.0,0.8901513,2.588177,0
1.0,0.9184711,2.71616,0
1.0,0.9425367,2.9386487,0
1.0,0.9420234,2.9554691,0
1.0,0.9389943,2.935234,0
1.0,0.95236284,2.929856,0
1.0,0.9507959,3.081833,0
1.0,0.9355619,3.1528401,0
1.0,0.93773293,3.1176243,0
1.0,0.95179486,3.3535461,0
1.0,0.9395447,3.6135197,0
1.0,0.8862515,2.8152132,0
1.0,0.87005323,2.5565925,0
1.0,0.92313933,2.7646635,0
1.0,0.9199802,2.7340899,0
1.0,0.9140764,2.7238963,0
1.0,0.9196185,2.7569256,0
1.0,0.946633,2.9094968,0
1.0,0.94877183,2.906629,0
1.0,0.93551725,2.9003584,0
1.0,0.9396821,2.9785247,0
1.0,0.94044334,3.1153636,0
1.0,0.9546972,3.3176475,0
1.0,0.95084184,3.8734083,0
1.0,0.95654076,4.7082314,0
1.0,0.94885135,4.8684306,0
1.0,0.95156026,4.867158,0
1.0,0.9499455,5.2449045,0
1.0,0.9614446,5.5791035,0
1.0,0.96323484,5.62287,0
1.0,0.9637148,5.6110206,0
1.0,0.96349883,5.8310747,0
1.0,0.9490883,6.0218964,0
1.0,0.9139135,6.149355,0
1.0,0.94492954,6.2198977,0
1.0,0.9571791,6.1955276,0
1.0,0.94482213,6.1915827,0
1.0,0.9186111,6.225176,0
1.0,0.94161206,6.121092,0
1.0,0.96084076,6.191129,0
1.0,0.9503101,6.682599,0
1.0,0.9398392,6.7678022,0
1.0,0.94066966,6.3071003,0
1.0,0.9566513,6.177301,0
1.0,0.93515617,5.9907913,0
1.0,0.9242435,5.7440214,0
1.0,0.9294875,5.7418084,0
1.0,0.955281,5.8043613,0
1.0,0.942638,6.0152535,0
1.0,0.9332457,6.7477903,0
1.0,0.93629944,7.5247946,0
1.0,0.96475726,7.711918,0
1.0,0.96305925,7.6560655,0
1.0,0.9385063,7.6161327,0
1.0,0.9247754,7.530299,0
1.0,0.9641844,7.1424785,0
1.0,0.9663097,6.5320377,0
1.0,0.9553209,6.375169,0
1.0,0.9324604,6.402424,0
1.0,0.94766784,6.1924887,0
1.0,0.96192706,6.046306,0
1.0,0.95138425,5.9605737,0
1.0,0.93538237,5.9261694,0
1.0,0.94101554,5.7086325,0
1.0,0.9555489,5.670132,0
1.0,0.94958746,6.301323,0
1.0,0.9375399,6.8417845,0
1.0,0.9471011,6.9220963,0
1.0,0.9587091,6.990162,0
1.0,0.95902807,7.1675487,0
1.0,0.9426986,7.332102,0
1.0,0.950747,7.1835465,0
1.0,0.9689269,6.848868,0
1.0,0.9681701,6.7172866,0
1.0,0.93904644,7.07704,0
1.0,0.91965055,7.6314096,0
1.0,0.9602561,8.039806,0
1.0,0.9645849,8.049426,0
1.0,0.9392342,8.1798115,0
1.0,0.92270386,8.32832,0
1.0,0.95424324,8.178576,0
1.0,0.96057826,7.437851,0
1.0,0.94728947,7.131455,0
1.0,0.9316424,7.141348,0
1.0,0.9176612,7.2039723,0
1.0,0.9499738,7.1833267,0
1.0,0.94982225,7.072962,0
1.0,0.9378805,6.9455905,0
1.0,0.9396578,6.7250767,0
1.0,0.9593782,6.869986,0
1.0,0.9545341,7.42587,0
1.0,0.9446199,7.9637756,0
1.0,0.943557,7.846881,0
1.0,0.9545427,8.103668,0
1.0,0.9521864,8.081587,0
1.0,0.92835516,8.160342,0
1.0,0.9141129,8.202518,0
1.0,0.9491594,7.48878,0
1.0,0.95520514,6.578759,0
1.0,0.92594236,6.4791546,0
1.0,0.8880197,6.364214,0
1.0,0.90128756,6.2846317,0
1.0,0.9020679,6.3185377,0
1.0,0.8972474,6.5944366,0
1.0,0.8729219,6.525822,0
1.0,0.91213745,6.4788203,0
1.0,0.91681063,6.081263,0
1.0,0.9253017,5.4450016,0
1.0,0.9227336,5.1496463,0
1.0,0.9225038,5.1748447,0
1.0,0.91091204,4.93056,0
1.0,0.9288215,4.75716,0
1.0,0.92720693,4.7985854,0
1.0,0.9199652,4.8918056,0
1.0,0.92275625,4.5292363,0
1.0,0.92777,4.672347,0
1.0,0.9220273,5.219317,0
1.0,0.9158904,5.547824,0
1.0,0.9210334,5.599824,0
1.0,0.9218984,5.7029157,0
1.0,0.9081338,6.031197,0
1.0,0.91309196,5.9003787,0
1.0,0.922241,5.390707,0
1.0,0.933507,4.9700117,0
1.0,0.9323604,5.2956715,0
1.0,0.92833346,5.1445847,0
1.0,0.9534909,5.2052097,0
1.0,0.9585216,5.0940423,0
1.0,0.9537165,4.7590284,0
1.0,0.94133395,4.5520844,0
1.0,0.9603168,4.8406057,0
1.0,0.96293694,5.326929,0
1.0,0.9607618,5.566872,0
1.0,0.954285,5.3825836,0
1.0,0.96274877,5.224269,0
1.0,0.9639728,5.2042036,0
1.0,0.9464953,5.3492403,0
1.0,0.9432675,5.3249655,0
1.0,0.96318394,5.5317183,0
1.0,0.9660633,6.038746,0
1.0,0.9207756,6.476016,0
1.0,0.91194785,6.9329886,0
1.0,0.95592326,7.110013,0
1.0,0.96372485,7.1589403,0
1.0,0.92511356,6.985569,0
1.0,0.91525173,6.771288,0
1.0,0.9471996,6.713423,0
1.0,0.9569288,6.7612877,0
1.0,0.932239,6.285328,0
1.0,0.90950644,5.8647346,0
1.0,0.9312883,5.8638644,0
1.0,0.93114096,5.9813633,0
1.0,0.92170614,5.9267817,0
1.0,0.9042227,5.888129,0
1.0,0.9379074,5.8771696,0
1.0,0.9516462,5.8802633,0
1.0,0.94277817,5.7208433,0
1.0,0.93765986,5.652746,0
1.0,0.9563307,5.7107725,0
1.0,0.9652066,5.767888,0
1.0,0.9622189,5.778302,0
1.0,0.92808616,5.6663165,0
1.0,0.9499789,5.8579245,0
1.0,0.9637246,6.6102257,0
1.0,0.96555215,7.006407,0
1.0,0.94652146,7.0509977,0
1.0,0.96240324,7.0731087,0
1.0,0.96438205,7.424862,0
1.0,0.9510277,7.6196556,0
1.0,0.94515204,7.6107802,0
1.0,0.9578818,7.588203,0
1.0,0.95071024,7.4737444,0
1.0,0.9110651,7.2387714,0
1.0,0.87562567,6.7559943,0
1.0,0.9571563,6.8043346,0
1.0,0.95646733,6.815733,0
1.0,0.9277953,6.877114,0
1.0,0.9223797,6.846705,0
1.0,0.9586126,7.141124,0
1.0,0.95636374,7.4553037,0
1.0,0.93278134,7.7018785,0
1.0,0.906481,7.828126,0
1.0,0.9590278,7.906148,0
1.0,0.9621751,7.801765,0
1.0,0.93428063,7.5118427,0
1.0,0.9129018,7.4601145,0
1.0,0.96463835,7.4611263,0
1.0,0.9688994,7.2502513,0
1.0,0.94404656,7.0479927,0
1.0,0.9274781,7.1352663,0
1.0,0.95785886,7.175577,0
1.0,0.9543182,7.091425,0
1.0,0.9256339,7.122053,0
1.0,0.90187955,7.2890806,0
1.0,0.93927985,6.9318504,0
1.0,0.9343901,6.0597525,0
1.0,0.92135304,5.915572,0
1.0,0.89995146,5.9590993,0
1.0,0.9453402,5.937847,0
1.0,0.94916314,5.3229456,0
1.0,0.9466973,4.7793827,0
1.0,0.95096004,4.815096,0
1.0,0.9561316,4.9865217,0
1.0,0.96429783,4.777599,0
1.0,0.96444905,4.3645325,0
1.0,0.962537,4.3312464,0
1.0,0.9604985,4.410596,0
1.0,0.9557332,4.6447806,0
1.0,0.9571938,4.65252,0
1.0,0.9561396,4.870016,0
1.0,0.93892264,4.8928385,0
1.0,0.91926557,4.268935,0
1.0,0.928509,3.7495465,0
1.0,0.942549,3.547923,0
1.0,0.9397191,3.5399177,0
1.0,0.9372009,3.455785,0
1.0,0.95159817,3.5012941,0
1.0,0.94725275,3.494587,0
1.0,0.9435495,3.6018295,0
1.0,0.93638563,3.5611887,0
1.0,0.9415625,3.575158,0
1.0,0.9337673,3.4277964,0
1.0,0.9123398,3.5202677,0
1.0,0.90570605,3.782749,0
1.0,0.94269955,4.0732913,0
1.0,0.96582973,4.2529383,0
1.0,0.9674789,4.454002,0
1.0,0.9697646,4.081682,0
1.0,0.9741358,3.6067538,0
1.0,0.969773,3.4678655,0
1.0,0.96495247,3.4536455,0
1.0,0.96649945,3.4421422,0
1.0,0.96528935,3.5003269,0
1.0,0.9582972,3.468768,0
1.0,0.944345,3.2086,0
1.0,0.94982934,3.3456972,0
1.0,0.9535234,3.577806,0
1.0,0.9459067,3.717811,0
1.0,0.9367076,3.7398713,0
1.0,0.94394636,3.484136,0
1.0,0.94914705,3.415831,0
1.0,0.951569,3.2381587,0
1.0,0.95582503,2.974349,0
1.0,0.96222407,2.9764614,0
1.0,0.9682129,3.0293949,0
1.0,0.9660922,3.1815324,0
1.0,0.9583776,3.2361934,0
1.0,0.96040165,3.4628782,0
1.0,0.96800125,3.524537,0
1.0,0.96346205,3.5149932,0
1.0,0.95691264,3.4717655,0
1.0,0.9596319,3.585039,0
1.0,0.9658797,3.574264,0
1.0,0.9694429,3.65721,0
1.0,0.9666785,4.2228003,0
1.0,0.96689075,5.0241375,0
1.0,0.96634966,5.1673193,0
1.0,0.9691124,4.9668417,0
1.0,0.96565354,4.766153,0
1.0,0.9501979,4.8896556,0
1.0,0.95034695,4.9244676,0
1.0,0.95994663,4.945997,0
1.0,0.9591487,4.940675,0
1.0,0.9547252,5.139756,0
1.0,0.9441094,5.5265207,0
1.0,0.93722457,5.716385,0
1.0,0.9594441,5.735594,0
1.0,0.9527619,5.4156504,0
1.0,0.9365325,5.4644117,0
1.0,0.93776816,5.4908686,0
1.0,0.9579254,5.40423,0
1.0,0.95623434,5.641234,0
1.0,0.93621916,6.296158,0
1.0,0.9244337,7.180537,0
1.0,0.9490309,7.348322,0
1.0,0.9651419,7.3552513,0
1.0,0.9493914,7.371741,0
1.0,0.916358,7.500943,0
1.0,0.9549232,7.68132,0
1.0,0.968268,7.5284395,0
1.0,0.9586871,7.678672,0
1.0,0.93468845,7.784834,0
1.0,0.9302671,7.8216734,0
1.0,0.96355826,7.885088,0
1.0,0.96669054,7.971652,0
1.0,0.9490087,8.112621,0
1.0,0.9355726,7.5428133,0
1.0,0.9623634,6.5204973,0
1.0,0.9691309,6.141433,0
1.0,0.9551161,6.3434362,0
1.0,0.94349825,6.3519697,0
1.0,0.9533122,6.228864,0
1.0,0.9588337,6.170883,0
1.0,0.9497595,6.1838636,0
1.0,0.92555994,6.1220384,0
1.0,0.94241273,6.068675,0
1.0,0.9494305,5.7329736,0
1.0,0.9464331,5.5062003,0
1.0,0.93287045,5.5082607,0
1.0,0.94959295,5.8244343,0
1.0,0.9613343,5.784418,0
1.0,0.9591263,5.873643,0
1.0,0.95597917,5.947464,0
1.0,0.95351994,5.8495655,0
1.0,0.95644456,5.437765,0
1.0,0.9513428,4.4859767,0
1.0,0.96031624,4.3943667,0
1.0,0.9448075,4.6189566,0
1.0,0.9341302,4.7530103,0
1.0,0.92165655,4.5250607,0
1.0,0.94212717,4.6807942,0
1.0,0.9440762,5.0450835,0
1.0,0.9414567,4.730019,0
1.0,0.9401725,4.672249,0
1.0,0.9515018,4.614807,0
1.0,0.9565795,4.489543,0
1.0,0.95406467,4.734467,0
1.0,0.95036334,5.3563347,0
1.0,0.9573087,5.500964,0
1.0,0.9564642,5.4982114,0
1.0,0.95337397,5.413428,0
1.0,0.9430219,5.050437,0
1.0,0.94655085,5.075617,0
1.0,0.9512852,5.1622634,0
1.0,0.9529815,5.173074,0
1.0,0.9404404,5.0988607,0
1.0,0.9476962,5.115279,0
1.0,0.9290355,4.9592967,0
1.0,0.9290474,4.8499174,0
1.0,0.9133954,4.9085026,0
1.0,0.923052,5.232377,0
1.0,0.931976,5.4238777,0
1.0,0.95590127,5.52724,0
1.0,0.95320886,5.311593,0
1.0,0.9566733,5.218292,0
1.0,0.9570346,5.1281013,0
1.0,0.9557931,4.863475,0
1.0,0.9473196,4.951679,0
1.0,0.95033264,4.989131,0
1.0,0.9442542,4.925413,0
1.0,0.9387301,4.7653694,0
1.0,0.9381712,4.7216253,0
1.0,0.9417709,4.692102,0
1.0,0.92541015,4.242401,0
1.0,0.9328741,4.241933,0
1.0,0.92654175,4.132906,0
1.0,0.928492,4.1067495,0
1.0,0.9258819,4.128683,0
1.0,0.92910874,3.8146338,0
1.0,0.93077934,2.9365473,0
1.0,0.91615516,2.6143258,0
1.0,0.92348284,2.6354506,0
1.0,0.9122326,2.9862256,0
1.0,0.9114139,3.348734,0
1.0,0.9099349,3.4727392,0
1.0,0.9324548,3.5729666,0
1.0,0.93951595,3.6169977,0
1.0,0.9391292,3.689384,0
1.0,0.9425202,3.7469625,0
1.0,0.9391419,3.7365153,0
1.0,0.9444576,3.9095504,0
1.0,0.93808526,3.889203,0
1.0,0.92437756,3.4960687,0
1.0,0.92182,3.1571517,0
1.0,0.92447656,3.0319777,0
1.0,0.9258597,3.0577066,0
1.0,0.9351741,3.2602587,0
1.0,0.94286823,3.631034,0
1.0,0.93879527,3.867166,0
1.0,0.93176514,3.7966576,0
1.0,0.9469698,3.7842526,0
1.0,0.942464,3.5604725,0
1.0,0.9424584,3.4499006,0
1.0,0.9358575,3.3364239,0
1.0,0.9524513,3.1557531,0
1.0,0.9524836,3.16826,0
1.0,0.9508739,3.2551692,0
1.0,0.9460793,3.4109316,0
1.0,0.9569375,3.480812,0
1.0,0.9544833,3.465208,0
1.0,0.95074946,3.4809825,0
1.0,0.9568201,3.4918983,0
1.0,0.96563894,3.5086803,0
1.0,0.9678458,3.5473282,0
1.0,0.96248704,3.1656954,0
1.0,0.9668142,2.7941303,0
1.0,0.9685941,2.6488605,0
1.0,0.9573296,2.528195,0
1.0,0.9468295,2.612831,0
1.0,0.9517347,2.8847861,0
1.0,0.9591558,2.9664261,0
1.0,0.9529909,3.0289013,0
1.0,0.9563183,2.9317026,0
1.0,0.9587231,2.9627864,0
1.0,0.96959376,3.126348,0
1.0,0.96291,2.9823303,0
1.0,0.96817803,2.8452058,0
1.0,0.9620985,2.7533612,0
1.0,0.9691004,2.6047592,0
1.0,0.9594181,2.2110698,0
1.0,0.95394665,2.0009253,0
1.0,0.94124806,2.002985,0
1.0,0.95377094,2.1005597,0
1.0,0.9423747,2.0784626,0
1.0,0.92247057,2.1095843,0
1.0,0.91891664,2.0938907,0
1.0,0.911528,2.1527295,0
1.0,0.891149,2.3362122,0
1.0,0.88899064,2.6506503,0
1.0,0.92015886,2.6605382,0
1.0,0.94001245,2.64334,0
1.0,0.93638355,2.6244483,0
1.0,0.93892807,2.6066728,0
1.0,0.93177724,2.593191,0
1.0,0.9341106,2.613094,0
1.0,0.9292386,2.5970266,0
1.0,0.92823374,2.5759535,0
1.0,0.92933655,2.7207842,0
1.0,0.93231183,2.856579,0
1.0,0.9345766,2.8339705,0
1.0,0.9168151,2.6428485,0
1.0,0.92717475,2.3294039,0
1.0,0.91491824,2.291112,0
1.0,0.92073435,2.2302077,0
1.0,0.9080271,2.2188187,0
1.0,0.9132966,2.1514688,0
1.0,0.87093645,2.084735,0
1.0,0.8948112,2.4244876,0
1.0,0.9170748,2.5044925,0
1.0,0.93349665,2.4973605,0
1.0,0.929563,2.790259,0
1.0,0.9409612,3.2484283,0
1.0,0.9317788,3.205654,0
1.0,0.9302973,3.1028566,0
1.0,0.9115082,2.9944158,0
1.0,0.9251346,3.201886,0
1.0,0.9268958,3.1378837,0
1.0,0.9315888,3.2811394,0
1.0,0.8997074,3.1202652,0
1.0,0.8950213,2.8572583,0
1.0,0.86444956,2.566639,0
1.0,0.86218905,2.6570666,0
1.0,0.8629177,3.009819,0
1.0,0.8971882,3.3021984,0
1.0,0.8992756,3.2936788,0
1.0,0.9044453,3.3072598,0
1.0,0.9046375,3.4687364,0
1.0,0.908941,3.569972,0
1.0,0.90126985,3.5386343,0
1.0,0.9103399,3.4152262,0
1.0,0.8968627,3.2358336,0
1.0,0.8780864,3.2726262,0
1.0,0.86012197,3.4542518,0
1.0,0.85271174,3.4528475,0
1.0,0.84185547,3.4785066,0
1.0,0.8292299,3.4940646,0
1.0,0.8409289,3.488481,0
1.0,0.8315416,3.62192,0
1.0,0.82231694,4.064431,0
1.0,0.7846931,3.848703,0
1.0,0.7948735,3.8344553,0
1.0,0.80826974,3.9223118,0
1.0,0.779201,3.5641012,0
1.0,0.81368095,3.2418709,0
1.0,0.84684324,3.4784653,0
1.0,0.8786714,3.5948353,0
1.0,0.8785065,3.6362295,0
1.0,0.87263453,3.92823,0
1.0,0.89025724,4.8922825,0
1.0,0.8959728,5.3165617,0
1.0,0.9094302,5.522954,0
1.0,0.9133677,5.675289,0
1.0,0.9001448,5.4949217,0
1.0,0.875671,5.233164,0
1.0,0.89369917,4.9241805,0
1.0,0.9095482,4.8089542,0
1.0,0.908478,4.8050966,0
1.0,0.9071913,5.038101,0
1.0,0.92210966,4.989043,0
1.0,0.92378706,4.920371,0
1.0,0.9078863,4.972727,0
1.0,0.912014,5.070283,0
1.0,0.9209467,5.507279,0
1.0,0.92629415,6.052539,0
1.0,0.90919256,6.0568566,0
1.0,0.9089508,6.045749,0
1.0,0.9166404,5.924819,0
1.0,0.9344402,5.995576,0
1.0,0.914429,6.0320377,0
1.0,0.9242075,5.94911,0
1.0,0.9167968,5.3391495,0
1.0,0.9227963,5.19933,0
1.0,0.9069962,5.1674366,0
1.0,0.89054763,5.507984,0
1.0,0.84779674,5.6293163,0
1.0,0.8788887,5.6628246,0
1.0,0.86155856,5.418027,0
1.0,0.82963294,5.3153267,0
1.0,0.77633995,5.255714,0
1.0,0.7945706,5.0785294,0
1.0,0.73272383,4.0931406,0
1.0,0.7234554,3.5750375,0
1.0,0.7071285,3.4081514,0
1.0,0.7621359,3.3925729,0
1.0,0.7717195,3.4105766,0
1.0,0.7998296,3.4752393,0
1.0,0.8071148,3.5353038,0
1.0,0.88039297,3.7784553,0
1.0,0.88851166,4.2524276,0
1.0,0.88752645,4.6898127,0
1.0,0.89532804,4.7686496,0
1.0,0.9007091,4.7360554,0
1.0,0.9079901,4.674251,0
1.0,0.8916235,4.5378094,0
1.0,0.8811924,4.1058736,0
1.0,0.88678026,3.676014,0
1.0,0.89717627,3.7976956,0
1.0,0.90394884,4.14044,0
1.0,0.90890956,4.2435813,0
1.0,0.9131332,4.1946874,0
1.0,0.9175743,4.405685,0
1.0,0.9236437,4.407374,0
1.0,0.9311483,4.4663973,0
1.0,0.94514203,4.828333,0
1.0,0.95178515,5.905901,0
1.0,0.93691045,6.4812107,0
1.0,0.9353475,6.595971,0
1.0,0.95455474,6.6758256,0
1.0,0.953761,6.6161666,0
1.0,0.93224466,6.4854956,0
1.0,0.92293584,6.3596215,0
1.0,0.94517314,6.1584167,0
1.0,0.94261116,6.101551,0
1.0,0.92443544,6.2497907,0
1.0,0.9002061,6.659727,0
1.0,0.9065718,7.545059,0
1.0,0.9270401,8.61708,0
1.0,0.9192977,8.978375,0
1.0,0.8921096,8.816154,0
1.0,0.90408134,8.827169,0
1.0,0.9206495,8.501602,0
1.0,0.9348824,7.8649325,0
1.0,0.92598987,7.740692,0
1.0,0.9320402,7.847953,0
1.0,0.9277461,7.9666185,0
1.0,0.9193326,8.005532,0
1.0,0.91113216,8.193735,0
1.0,0.9241466,8.409201,0
1.0,0.937961,8.2115135,0
1.0,0.93681574,8.083221,0
1.0,0.9359569,8.232803,0
1.0,0.94398177,8.413757,0
1.0,0.9401547,8.199547,0
1.0,0.93778473,8.154027,0
1.0,0.9427567,8.1204605,0
1.0,0.9570386,7.8966413,0
1.0,0.946306,7.0172477,0
1.0,0.93478495,5.9146547,0
1.0,0.9409607,5.6067533,0
1.0,0.9487099,5.605847,0
1.0,0.92655444,5.8219457,0
1.0,0.91178066,6.441739,0
1.0,0.9321329,7.4282646,0
1.0,0.9516151,7.8233557,0
1.0,0.94667435,7.8269625,0
1.0,0.9403682,7.7422075,0
1.0,0.95075583,7.2877192,0
1.0,0.963781,6.465617,0
1.0,0.96196365,5.6759114,0
1.0,0.96230465,5.804898,0
1.0,0.95494527,6.0127563,0
1.0,0.9443229,5.9515486,0
1.0,0.94947124,5.979421,0
1.0,0.9481684,6.021041,0
1.0,0.94620246,6.3607845,0
1.0,0.93714803,6.269251,0
1.0,0.9492214,6.2264566,0
1.0,0.9469631,6.4445014,0
1.0,0.93722343,7.212559,0
1.0,0.92345285,7.3374004,0
1.0,0.94914395,7.3478174,0
1.0,0.9595655,7.3192625,0
1.0,0.94513947,7.169232,0
1.0,0.9350431,6.9991035,0
1.0,0.95412016,6.949982,0
1.0,0.9618844,6.9537935,0
1.0,0.94921523,6.9859757,0
1.0,0.93807846,7.144955,0
1.0,0.9533582,7.2598805,0
1.0,0.95504564,7.2884083,0
1.0,0.94787914,7.2353816,0
1.0,0.9292815,7.1892667,0
1.0,0.9438776,6.9512143,0
1.0,0.95584995,6.302252,0
1.0,0.95586246,5.341215,0
1.0,0.9540383,5.089959,0
1.0,0.9587777,5.0470967,0
1.0,0.96540236,5.2790318,0
1.0,0.9622388,6.064196,0
1.0,0.95990217,6.573736,0
1.0,0.95707107,6.4921436,0
1.0,0.9626306,6.026499,0
1.0,0.95772153,5.781322,0
1.0,0.9512641,5.662073,0
1.0,0.95276713,5.5815787,0
1.0,0.9594123,5.545165,0
1.0,0.9546539,5.4656267,0
1.0,0.94473255,5.9384294,0
1.0,0.949673,6.0402274,0
1.0,0.95790064,5.803898,0
1.0,0.9514813,4.742511,0
1.0,0.9351228,4.1905975,0
1.0,0.9318091,4.55641,0
1.0,0.93105644,5.0082808,0
1.0,0.942574,5.1257777,0
1.0,0.94125366,5.131037,0
1.0,0.9450035,5.1656146,0
1.0,0.9459179,5.2062626,0
1.0,0.94964224,5.1429815,0
1.0,0.9451352,4.991372,0
1.0,0.93845177,4.84333,0
1.0,0.94770926,4.8392525,0
1.0,0.95121574,5.1996355,0
1.0,0.94627035,6.709462,0
1.0,0.927423,7.8489094,0
1.0,0.9405689,8.282347,0
1.0,0.9506591,8.822763,0
1.0,0.94151217,8.899723,0
1.0,0.9123013,8.814542,0
1.0,0.9120282,8.57301,0
1.0,0.9241361,8.019947,0
1.0,0.936537,7.528112,0
1.0,0.9169142,7.536765,0
1.0,0.90529084,7.656951,0
1.0,0.89603823,7.7582664,0
1.0,0.91374695,7.8818016,0
1.0,0.92282313,8.001028,0
1.0,0.94035363,8.271596,0
1.0,0.9350718,8.469507,0
1.0,0.93505347,8.357229,0
1.0,0.9457379,8.254024,0
1.0,0.95580095,8.364386,0
1.0,0.944607,8.357316,0
1.0,0.95018697,8.374981,0
1.0,0.95255834,8.079312,0
1.0,0.9451991,7.6098776,0
1.0,0.924871,7.454046,0
1.0,0.940567,7.6461096,0
1.0,0.95516795,7.688742,0
1.0,0.95589995,7.6349072,0
1.0,0.94584674,7.6079473,0
1.0,0.9470004,7.493042,0
1.0,0.9597022,7.4537168,0
1.0,0.95851207,7.987997,0
1.0,0.96001464,8.47884,0
1.0,0.9541735,7.0603385,0
1.0,0.95729995,5.869862,0
1.0,0.9547371,5.4568434,0
1.0,0.9504515,4.928464,0
1.0,0.94298303,4.7290993,0
1.0,0.94942355,4.748276,0
1.0,0.95061696,4.6521163,0
1.0,0.94085914,4.4420137,0
1.0,0.9312088,4.478441,0
1.0,0.94162136,4.348362,0
1.0,0.93290085,4.120837,0
1.0,0.9310969,3.9851456,0
1.0,0.9272064,4.029437,0
1.0,0.9221318,4.3385363,0
1.0,0.93218946,4.754047,0
1.0,0.9520604,4.678645,0
1.0,0.95764595,4.298622,0
1.0,0.95125,4.3550024,0
1.0,0.95514375,4.547986,0
1.0,0.96045727,4.669965,0
1.0,0.9639266,4.674035,0
1.0,0.95984054,4.7659454,0
1.0,0.95815283,5.647113,0
1.0,0.93460447,6.079115,0
1.0,0.941793,5.9194946,0
1.0,0.9581465,6.309201,0
1.0,0.95810646,6.752557,0
1.0,0.9432179,6.756936,0
1.0,0.94972783,6.9717503,0
1.0,0.94232595,7.6453795,0
1.0,0.9296597,7.9563365,0
1.0,0.8813922,7.4161654,0
1.0,0.9229336,7.3574705,0
1.0,0.9429566,7.506752,0
1.0,0.9338246,7.525843,0
1.0,0.9183412,7.487221,0
1.0,0.9458905,7.535317,0
1.0,0.9620737,7.678281,0
1.0,0.9474556,7.7597733,0
1.0,0.922343,7.7370744,0
1.0,0.9475087,7.7281647,0
1.0,0.9591263,7.7542887,0
1.0,0.9546198,7.777323,0
1.0,0.91767704,7.726223,0
1.0,0.93899274,7.635655,0
1.0,0.959176,7.2944837,0
1.0,0.95573854,6.81641,0
1.0,0.94466954,6.8949466,0
1.0,0.9597954,7.3276453,0
1.0,0.97305954,7.3477426,0
1.0,0.9725733,7.0861983,0
1.0,0.956158,6.9191637,0
1.0,0.9563658,6.930986,0
1.0,0.97097605,6.7311583,0
1.0,0.9734702,5.825185,0
1.0,0.96028894,5.177574,0
1.0,0.9577203,5.347888,0
1.0,0.955868,5.1096754,0
1.0,0.95531756,4.729476,0
1.0,0.9351027,4.665827,0
1.0,0.9188051,4.5106006,0
1.0,0.91549057,3.9881535,0
1.0,0.9371909,3.2859714,0
1.0,0.9469485,3.0092292,0
1.0,0.95748913,3.1546109,0
1.0,0.95887846,3.0624876,0
1.0,0.9676483,3.097056,0
1.0,0.9702928,3.200118,0
1.0,0.9711575,3.285155,0
1.0,0.96791303,3.138907,0
1.0,0.96670634,3.1556933,0
1.0,0.96017915,3.1303904,0
1.0,0.9565314,3.1392474,0
1.0,0.9401525,3.026798,0
1.0,0.93950975,3.159712,0
1.0,0.92198807,3.3269725,0
1.0,0.90894866,3.3839595,0
1.0,0.8775385,3.294631,0
1.0,0.8870058,3.5224078,0
1.0,0.90049636,3.3208241,0
1.0,0.9211546,2.901159,0
1.0,0.9222258,2.8844783,0
1.0,0.9329409,3.0533729,0
1.0,0.9353002,3.1150677,0
1.0,0.9496279,3.1483016,0
1.0,0.9617477,3.2841253,0
1.0,0.9613275,3.3190048,0
1.0,0.95731974,3.4825718,0
1.0,0.9534507,3.3101106,0
1.0,0.9520499,3.169105,0
1.0,0.9410506,3.109498,0
1.0,0.92803186,3.1508145,0
1.0,0.93552065,3.093707,0
1.0,0.8817814,2.8136663,0
1.0,0.8496111,2.645808,0
1.0,0.83578753,2.546006,0
1.0,0.8623703,2.4373598,0
1.0,0.84911937,2.424983,0
1.0,0.8340966,2.3580515,0
1.0,0.81460166,2.2299058,0
1.0,0.8303377,2.2294235,0
1.0,0.83653307,2.2321477,0
1.0,0.8031141,2.2910824,0
1.0,0.8028266,2.2834842,0
1.0,0.8072339,2.2674263,0
1.0,0.78154576,2.254718,0
1.0,0.71567214,2.320659,0
1.0,0.7229191,2.2157278,0
1.0,0.71499825,2.1855264,0
1.0,0.6946696,2.2024405,0
1.0,0.56374127,1.8349308,0
1.0,0.5767222,1.4888269,0
1.0,0.52720904,1.4740994,0
1.0,0.5219756,1.6158211,0
1.0,0.48105323,1.6477934,0
1.0,0.52057594,1.6063265,0
1.0,0.427432,1.6638535,0
1.0,0.43586186,1.6054814,0
1.0,0.40456328,1.536977,0
1.0,0.5481754,1.3517742,0
1.0,0.62337494,1.7714448,0
1.0,0.7640435,2.2487311,0
1.0,0.76631874,2.3062274,0
1.0,0.83695734,2.3041935,0
1.0,0.8146022,2.4248288,0
1.0,0.8544663,2.6856756,0
1.0,0.86744833,2.8674774,0
1.0,0.89770454,2.8563914,0
1.0,0.87848604,2.937009,0
1.0,0.89504176,3.084906,0
1.0,0.8860141,3.1672401,0
1.0,0.9075346,3.4661856,0
1.0,0.90189564,3.483201,0
1.0,0.92125833,3.4937372,0
1.0,0.9139576,3.352116,0
1.0,0.9321465,3.3979728,0
1.0,0.91966003,3.412283,0
1.0,0.9265171,3.4406471,0
1.0,0.9426577,3.25041,0
1.0,0.9543092,3.4815664,0
1.0,0.96340954,3.7664425,0
1.0,0.9680988,3.7451458,0
1.0,0.94387186,4.1725984,0
1.0,0.95569336,4.750966,0
1.0,0.94864714,4.930467,0
1.0,0.95053613,4.889405,0
1.0,0.94196004,5.6989365,0
1.0,0.9504824,6.3530054,0
1.0,0.9510627,6.3682666,0
1.0,0.964976,6.330429,0
1.0,0.9676004,6.3137836,0
1.0,0.9580062,6.28557,0
1.0,0.93197334,5.8136783,0
1.0,0.93647367,5.4555817,0
1.0,0.95140475,5.5276527,0
1.0,0.9542772,5.5339146,0
1.0,0.9273841,5.641706,0
1.0,0.91783994,5.4349947,0
1.0,0.95047176,5.2803526,0
1.0,0.9537683,5.281747,0
1.0,0.95274544,5.2632813,0
1.0,0.95834726,5.126911,0
1.0,0.9437768,5.0974636,0
1.0,0.9395245,4.823742,0
1.0,0.9271932,4.7275486,0
1.0,0.9467805,4.9312816,0
1.0,0.9531916,4.9687586,0
1.0,0.95463526,4.926756,0
1.0,0.9516103,4.904771,0
1.0,0.95013577,5.0092125,0
1.0,0.9452761,5.2384777,0
1.0,0.96162766,5.0030227,0
1.0,0.95971423,4.6992593,0
1.0,0.94837713,5.0124226,0
1.0,0.9485956,4.9486313,0
1.0,0.96696067,4.5133657,0
1.0,0.96980166,4.3447194,0
1.0,0.96542424,4.3157606,0
1.0,0.9483409,3.508898,0
1.0,0.9391468,2.9278316,0
1.0,0.9417963,2.9106193,0
1.0,0.95497364,3.0260744,0
1.0,0.9230967,3.191327,0
1.0,0.9052344,3.104972,0
1.0,0.9183253,3.0162687,0
1.0,0.9137985,2.813702,0
1.0,0.90496933,2.6411579,0
1.0,0.90723276,2.652166,0
1.0,0.90266484,2.4491467,0
1.0,0.90386534,2.4185545,0
1.0,0.8814457,2.5273995,0
1.0,0.8915549,2.6291885,0
1.0,0.88516015,2.5710175,0
1.0,0.8869566,2.571711,0
1.0,0.89410657,2.5077453,0
1.0,0.86999065,2.4692757,0
1.0,0.84708196,2.5455027,0
1.0,0.8538528,2.5411701,0
1.0,0.84995073,2.462204,0
1.0,0.8432911,2.4580023,0
1.0,0.79279083,2.4346144,0
1.0,0.78146064,2.2860808,0
1.0,0.777194,2.0163584,0
1.0,0.77814543,1.9747562,0
1.0,0.6587023,1.9271977,0
1.0,0.61563367,1.7008171,0
1.0,0.61454237,1.4342005,0
1.0,0.61588424,1.3477943,0
1.0,0.6029644,1.3737938,0
1.0,0.574644,1.2994432,0
1.0,0.58057255,1.138124,0
1.0,0.5591138,1.0229046,0
1.0,0.5697201,1.0887561,0
1.0,0.5510948,1.0066128,0
1.0,0.5491319,0.8939143,0
1.0,0.5413017,0.8879777,0
1.0,0.53380126,0.8569391,0
1.0,0.51585305,0.9283787,0
1.0,0.49807245,0.9996601,0
1.0,0.50303274,0.979406,0
1.0,0.51785314,1.2419224,0
1.0,0.49581954,1.5295303,0
1.0,0.5360345,1.4591043,0
1.0,0.53080034,1.4116191,0
1.0,0.5969919,1.3745933,0
1.0,0.5783839,1.4521815,0
1.0,0.6758002,1.9834316,0
1.0,0.79269516,2.6937377,0
1.0,0.8019597,2.9382403,0
1.0,0.7877558,2.78437,0
1.0,0.783712,2.7984426,0
1.0,0.7986086,2.8205018,0
1.0,0.8330033,2.855178,0
1.0,0.8459353,2.9321578,0
1.0,0.84541947,3.0070248,0
1.0,0.8529401,3.0135674,0
1.0,0.87028325,3.0359297,0
1.0,0.8604062,3.1069117,0
1.0,0.86741656,3.055661,0
1.0,0.8783331,3.111754,0
1.0,0.8898027,3.1303778,0
1.0,0.89439774,3.3769827,0
1.0,0.9013697,4.021346,0
1.0,0.8956698,4.391123,0
1.0,0.91415906,4.473537,0
1.0,0.925174,4.4749627,0
1.0,0.94033813,4.6972976,0
1.0,0.9563581,4.9443493,0
1.0,0.9561972,5.1184397,0
1.0,0.9637885,5.0902634,0
1.0,0.96410066,5.212232,0
1.0,0.96709144,6.523671,0
1.0,0.93362683,7.375762,0
1.0,0.942027,7.9933825,0
1.0,0.9557949,8.257891,0
1.0,0.96002597,8.322671,0
1.0,0.9307709,8.407695,0
1.0,0.9350732,8.342425,0
1.0,0.9376035,7.8041286,0
1.0,0.926527,7.1325793,0
1.0,0.88422173,6.760108,0
1.0,0.8838493,6.7433004,0
1.0,0.87017417,6.721222,0
1.0,0.90900135,7.017929,0
1.0,0.90045553,7.2988267,0
1.0,0.92208356,7.4183006,0
1.0,0.9272387,7.4762316,0
1.0,0.9420368,7.530257,0
1.0,0.9386836,7.491902,0
1.0,0.94383574,7.3842835,0
1.0,0.94581145,7.4300313,0
1.0,0.95326567,7.390979,0
1.0,0.95324236,7.394702,0
1.0,0.94279075,7.299842,0
1.0,0.9305421,6.982541,0
1.0,0.9477853,6.8004384,0
1.0,0.95979816,6.6698766,0
1.0,0.96109796,6.6782503,0
1.0,0.9424261,6.464022,0
1.0,0.95064175,6.2971106,0
1.0,0.959428,6.1131783,0
1.0,0.96248174,6.0245442,0
1.0,0.9551674,5.875847,0
1.0,0.9546585,4.6832843,0
1.0,0.9558811,3.6608932,0
1.0,0.9637254,2.86802,0
1.0,0.9419068,2.598495,0
1.0,0.9399379,2.5395455,0
1.0,0.9409422,2.3874712,0
1.0,0.943456,2.3425975,0
1.0,0.93322444,2.3248448,0
1.0,0.93910897,2.6229396,0
1.0,0.9512092,2.9080305,0
1.0,0.96386594,2.9642344,0
1.0,0.95957637,2.9822235,0
1.0,0.96542567,2.746519,0
1.0,0.9626336,2.446228,0
1.0,0.9641151,2.3369164,0
1.0,0.95048803,2.3546116,0
1.0,0.9539378,2.4816651,0
1.0,0.9505827,2.5724335,0
1.0,0.9610031,2.801352,0
1.0,0.9471714,2.8306262,0
1.0,0.9460912,2.804066,0
1.0,0.9427076,2.7932906,0
1.0,0.95282245,2.6790397,0
1.0,0.94176066,2.3593314,0
1.0,0.94915694,2.1991901,0
1.0,0.95384145,2.3834198,0
1.0,0.9569721,2.6761117,0
1.0,0.960615,3.1953678,0
1.0,0.9662818,3.3631647,0
1.0,0.9730718,3.4102802,0
1.0,0.9746124,3.5237386,0
1.0,0.96820515,3.4164166,0
1.0,0.9670845,3.3343387,0
1.0,0.9695793,3.7628918,0
1.0,0.9659619,4.889778,0
1.0,0.9526275,5.5100913,0
1.0,0.9561638,5.702365,0
1.0,0.96462095,5.7914715,0
1.0,0.9564208,5.7641315,0
1.0,0.93367225,5.6533012,0
1.0,0.9341557,5.334879,0
1.0,0.9501093,5.274844,0
1.0,0.94604176,5.2666025,0
1.0,0.9355383,5.629659,0
1.0,0.9369494,7.0286627,0
1.0,0.9324475,8.140151,0
1.0,0.9384215,8.707104,0
1.0,0.93863285,8.577814,0
1.0,0.92551064,8.556278,0
1.0,0.9332243,8.506458,0
1.0,0.936176,8.31452,0
1.0,0.94516814,8.244642,0
1.0,0.9382794,8.496194,0
1.0,0.9304303,8.902727,0
1.0,0.91893536,9.03174,0
1.0,0.9380128,9.032231,0
1.0,0.9352512,9.031562,0
1.0,0.9322949,8.827121,0
1.0,0.9349129,8.632322,0
1.0,0.9489894,8.694994,0
1.0,0.9500794,8.915477,0
1.0,0.9443066,9.152863,0
1.0,0.93870515,9.280002,0
1.0,0.9499153,9.329676,0
1.0,0.95844865,9.327171,0
1.0,0.9435756,8.760532,0
1.0,0.91861737,7.5304337,0
1.0,0.94201386,6.9835663,0
1.0,0.9542531,7.072422,0
1.0,0.94590586,7.4523425,0
1.0,0.9214025,7.607316,0
1.0,0.9360233,7.8984785,0
1.0,0.94441843,8.175603,0
1.0,0.93287057,8.049876,0
1.0,0.91809237,8.044145,0
1.0,0.92508346,7.681124,0
1.0,0.9339504,6.3006268,0
1.0,0.93237853,5.216774,0
1.0,0.9267906,5.3561816,0
1.0,0.9300252,5.7241077,0
1.0,0.92095894,5.538273,0
1.0,0.9070963,5.5344,0
1.0,0.89765584,5.514212,0
1.0,0.9055109,5.617156,0
1.0,0.9057233,5.853634,0
1.0,0.90574855,6.196845,0
1.0,0.9123859,6.7984166,0
1.0,0.9310425,7.2622757,0
1.0,0.9388476,7.5474586,0
1.0,0.9365082,7.648941,0
1.0,0.94593644,7.7165117,0
1.0,0.94213617,7.461561,0
1.0,0.9403414,7.1094685,0
1.0,0.92955476,6.827478,0
1.0,0.9264246,6.605175,0
1.0,0.9193505,6.5544634,0
1.0,0.9181113,6.624288,0
1.0,0.8989324,6.878217,0
1.0,0.8950654,7.2567925,0
1.0,0.8889009,8.158317,0
1.0,0.9030204,8.693572,0
1.0,0.8835238,8.395203,0
1.0,0.8906298,8.355306,0
1.0,0.88478637,8.144793,0
1.0,0.9018245,8.09004,0
1.0,0.9074377,8.086302,0
1.0,0.92759615,8.106346,0
1.0,0.9203026,8.101663,0
1.0,0.92399085,8.114677,0
1.0,0.9253762,8.456142,0
1.0,0.92329633,8.625993,0
1.0,0.91767335,8.758749,0
1.0,0.9250388,9.041028,0
1.0,0.9245697,9.155457,0
1.0,0.919258,9.325737,0
1.0,0.9150763,9.439562,0
1.0,0.9219063,8.979745,0
1.0,0.91666925,8.247483,0
1.0,0.92753786,7.5216184,0
1.0,0.93387073,7.200762,0
1.0,0.9376094,7.211616,0
1.0,0.9241167,7.6553235,0
1.0,0.92678,8.231038,0
1.0,0.9248182,8.2463665,0
1.0,0.9313358,8.305823,0
1.0,0.92202365,8.228688,0
1.0,0.9241858,8.189587,0
1.0,0.9199563,8.242702,0
1.0,0.93484205,8.609383,0
1.0,0.9342894,8.894589,0
1.0,0.9242974,9.512734,0
1.0,0.913596,9.03767,0
1.0,0.92088777,8.374378,0
1.0,0.9158969,8.23129,0
1.0,0.9105538,8.207849,0
1.0,0.9109975,8.14751,0
1.0,0.9284355,8.143219,0
1.0,0.9286686,8.598045,0
1.0,0.90998644,9.006638,0
1.0,0.8780628,8.919532,0
1.0,0.91677314,9.077803,0
1.0,0.93133014,8.913754,0
1.0,0.92811185,8.067221,0
1.0,0.9137748,7.5404444,0
1.0,0.9338053,7.646702,0
1.0,0.94148237,7.9035664,0
1.0,0.9369816,8.148279,0
1.0,0.92257607,8.326186,0
1.0,0.93704575,8.745545,0
1.0,0.9516727,8.750419,0
1.0,0.9322248,8.71698,0
1.0,0.9128023,8.693786,0
1.0,0.9354486,8.5188465,0
1.0,0.956538,8.155476,0
1.0,0.93856406,7.9318204,0
1.0,0.9196615,8.138663,0
1.0,0.9191351,8.260885,0
1.0,0.9511934,8.358158,0
1.0,0.9366996,8.312145,0
1.0,0.9114798,8.160781,0
1.0,0.91310936,7.7965117,0
1.0,0.9477743,7.2725973,0
1.0,0.94627,6.254575,0
1.0,0.92898464,6.0444655,0
1.0,0.91838413,6.385112,0
1.0,0.93016803,6.3534164,0
1.0,0.9506849,6.2775707,0
1.0,0.9336942,6.272541,0
1.0,0.9163746,6.1597214,0
1.0,0.940553,5.7937245,0
1.0,0.9532991,5.451484,0
1.0,0.940468,5.4504223,0
1.0,0.9281065,5.4876237,0
1.0,0.9454522,5.451191,0
1.0,0.9602031,5.4296103,0
1.0,0.95823187,5.3505487,0
1.0,0.9444796,5.007318,0
1.0,0.9448994,4.5843797,0
1.0,0.9598912,4.295019,0
1.0,0.959544,3.9435108,0
1.0,0.953238,3.5511754,0
1.0,0.94538873,3.5058868,0
1.0,0.93553525,3.5139408,0
1.0,0.93152165,3.4115868,0
1.0,0.9259138,3.7230978,0
1.0,0.9051248,3.808364,0
1.0,0.89787793,3.4697514,0
1.0,0.91742,2.9592457,0
1.0,0.91876495,2.7709732,0
1.0,0.89818895,2.7615058,0
1.0,0.8906107,2.7485175,0
1.0,0.8876012,2.7576365,0
1.0,0.9234303,2.8216157,0
1.0,0.92041206,2.814946,0
1.0,0.90839905,2.84204,0
1.0,0.9021528,2.691074,0
1.0,0.91759694,2.561877,0
1.0,0.91231334,2.5309901,0
1.0,0.89156675,2.5399146,0
1.0,0.8931067,2.49508,0
1.0,0.8731198,2.584678,0
1.0,0.85014474,2.5830493,0
1.0,0.83369064,2.4386246,0
1.0,0.84272027,2.3286695,0
1.0,0.8264166,2.255123,0
1.0,0.820362,2.3286963,0
1.0,0.81920147,2.6105182,0
1.0,0.8211621,2.6157937,0
1.0,0.84549403,3.0222528,0
1.0,0.8461437,3.0776253,0
1.0,0.8432379,2.9938996,0
1.0,0.78443235,3.17443,0
1.0,0.80044526,4.0696526,0
1.0,0.78822434,4.309031,0
1.0,0.8332009,4.320832,0
1.0,0.8230011,4.3309894,0
1.0,0.8198103,4.0894566,0
1.0,0.8563084,4.0062695,0
1.0,0.8774456,3.857027,0
1.0,0.8898213,4.0090456,0
1.0,0.8905115,4.1958075,0
1.0,0.87321025,4.5999827,0
1.0,0.8853929,4.806514,0
1.0,0.90426064,4.8639984,0
1.0,0.9195463,4.9573584,0
1.0,0.89888114,4.920983,0
1.0,0.8952653,4.805517,0
1.0,0.91910994,4.6710887,0
1.0,0.9333224,4.594863,0
1.0,0.9297166,4.5817895,0
1.0,0.92983985,4.646717,0
1.0,0.9534987,4.968443,0
1.0,0.95534825,4.835463,0
1.0,0.9507055,4.7172823,0
1.0,0.94262177,4.740086,0
1.0,0.952297,5.207628,0
1.0,0.9456188,5.807515,0
1.0,0.948284,6.0419636,0
1.0,0.94191414,5.6947107,0
1.0,0.9425723,6.032506,0
1.0,0.9497686,5.7573013,0
1.0,0.9432048,5.7076654,0
1.0,0.943851,5.682788,0
1.0,0.9544165,5.309413,0
1.0,0.9551799,4.384481,0
1.0,0.95035934,4.13692,0
1.0,0.9375359,4.438307,0
1.0,0.9512191,4.852739,0
1.0,0.9522058,4.8153343,0
1.0,0.9529576,4.6799664,0
1.0,0.9513006,4.845523,0
1.0,0.94975257,4.8346806,0
1.0,0.9423917,4.7287097,0
1.0,0.9363949,4.306385,0
1.0,0.9287803,4.1260076,0
1.0,0.91495895,4.075976,0
1.0,0.9064066,4.0153785,0
1.0,0.8977663,4.0277824,0
1.0,0.91146755,4.0522556,0
1.0,0.9089414,4.036744,0
1.0,0.91230047,4.110794,0
1.0,0.9036235,4.115596,0
1.0,0.9091999,4.1469235,0
1.0,0.9191504,3.9223804,0
1.0,0.9206271,4.0390825,0
1.0,0.91238743,4.012948,0
1.0,0.89600784,3.9385228,0
1.0,0.90049064,3.5176787,0
1.0,0.879614,3.0169497,0
1.0,0.8714769,2.7436483,0
1.0,0.8560483,2.7230566,0
1.0,0.8561246,2.4329677,0
1.0,0.816329,2.5627491,0
1.0,0.8312407,2.6396818,0
1.0,0.8174959,2.5695617,0
1.0,0.83119565,2.604479,0
1.0,0.8242337,2.5918565,0
1.0,0.8227605,2.598754,0
1.0,0.8206909,2.6491327,0
1.0,0.82950103,2.602316,0
1.0,0.8495454,2.6286821,0
1.0,0.8507259,2.6346908,0
1.0,0.8159385,2.4156396,0
1.0,0.8450365,2.3813052,0
1.0,0.85105336,2.2739904,0
1.0,0.87501705,2.2525296,0
1.0,0.8679673,2.2174282,0
1.0,0.87623924,2.2177892,0
1.0,0.8619657,2.3066564,0
1.0,0.8679413,2.3801675,0
1.0,0.8844777,2.594891,0
1.0,0.90017843,2.9359965,0
1.0,0.89791393,2.8965657,0
1.0,0.9174005,2.8910863,0
1.0,0.9307201,2.7728148,0
1.0,0.93583596,2.7655454,0
1.0,0.9264333,2.7148652,0
1.0,0.9389837,2.71772,0
1.0,0.93849856,2.7377522,0
1.0,0.9404866,2.766022,0
1.0,0.9370217,2.8597388,0
1.0,0.94539595,3.0569947,0
1.0,0.95007366,3.2481775,0
1.0,0.95501757,3.4717515,0
1.0,0.94433105,3.3046722,0
1.0,0.9547037,3.2574549,0
1.0,0.9602535,3.343174,0
1.0,0.9611046,3.3761313,0
1.0,0.95760757,3.377983,0
1.0,0.95541114,3.335761,0
1.0,0.95888776,3.011671,0
1.0,0.9598968,2.7481828,0
1.0,0.9526742,3.0067992,0
1.0,0.959655,3.1655586,0
1.0,0.96310765,3.2085247,0
1.0,0.9608697,3.2368884,0
1.0,0.95329934,3.4102688,0
1.0,0.9651975,3.5218344,0
1.0,0.96905154,3.5270329,0
1.0,0.9680872,3.5606909,0
1.0,0.967372,3.4982045,0
1.0,0.973044,3.4062238,0
1.0,0.96813285,3.387103,0
1.0,0.95771265,3.122266,0
1.0,0.9540689,3.0505195,0
1.0,0.96556336,3.4245024,0
1.0,0.9652487,3.7420187,0
1.0,0.9578531,3.8295617,0
1.0,0.95964617,3.7830126,0
1.0,0.97076696,3.8127499,0
1.0,0.9693201,3.795905,0
1.0,0.9684219,3.7587898,0
1.0,0.9724028,3.5384026,0
1.0,0.9740184,3.2664194,0
1.0,0.9706323,3.1400256,0
1.0,0.9648229,3.1451492,0
1.0,0.96467984,3.34743,0
1.0,0.9664208,3.4627433,0
1.0,0.9612747,3.3788402,0
1.0,0.9532141,3.4383173,0
1.0,0.95675415,3.4747858,0
1.0,0.963808,3.4689016,0
1.0,0.96834475,3.445478,0
1.0,0.96034455,3.3798995,0
1.0,0.96804285,3.2277863,0
1.0,0.96821064,3.5043893,0
1.0,0.97153014,4.1430264,0
1.0,0.9659006,4.336381,0
1.0,0.96330583,4.1343536,0
1.0,0.96019506,4.2017426,0
1.0,0.9625297,4.2121553,0
1.0,0.95964116,4.313333,0
1.0,0.9627639,4.4144645,0
1.0,0.9608892,4.494707,0
1.0,0.9628246,4.310727,0
1.0,0.9560904,4.180246,0
1.0,0.94352657,4.0657806,0
1.0,0.92796534,3.6967616,0
1.0,0.92876136,3.4662523,0
1.0,0.9298002,3.405017,0
1.0,0.9132061,3.448831,0
1.0,0.9233933,3.6726866,0
1.0,0.9450226,3.8139095,0
1.0,0.9449239,3.84593,0
1.0,0.9569913,3.854126,0
1.0,0.9598,3.8473744,0
1.0,0.94964826,3.828461,0
1.0,0.9417757,3.7831826,0
1.0,0.9395029,3.516997,0
1.0,0.9442754,3.4048054,0
1.0,0.90770465,3.3329768,0
1.0,0.8767796,3.1510227,0
1.0,0.8597317,3.1114254,0
1.0,0.83958924,3.1568778,0
1.0,0.8133371,3.090964,0
1.0,0.7493083,2.9543052,0
1.0,0.7302427,2.8442113,0
1.0,0.7276907,2.4581597,0
1.0,0.69889563,1.8878504,0
1.0,0.7154072,1.8413858,0
1.0,0.7391445,1.971416,0
1.0,0.81674874,2.208428,0
1.0,0.8646102,2.6941633,0
1.0,0.8422588,2.5179043,0
1.0,0.86518705,2.6063628,0
1.0,0.86898935,2.8426554,0
1.0,0.8595336,2.8310568,0
1.0,0.85565543,2.907746,0
1.0,0.8491588,3.129404,0
1.0,0.85724956,3.7518332,0
1.0,0.8508764,4.2488775,0
1.0,0.86261296,4.7645535,0
1.0,0.88596237,5.0562735,0
1.0,0.8695317,4.868771,0
1.0,0.87141275,5.399663,0
1.0,0.8765315,5.898199,0
1.0,0.909335,5.998504,0
1.0,0.9046071,6.006146,0
1.0,0.905243,6.189435,0
1.0,0.8933552,6.299226,0
1.0,0.886276,6.3613586,0
1.0,0.92766166,6.5850697,0
1.0,0.9463993,6.8562756,0
1.0,0.94405127,6.8949575,0
1.0,0.93333024,6.8309536,0
1.0,0.94337857,6.7760134,0
1.0,0.9504441,6.8143554,0
1.0,0.9484213,6.8255835,0
1.0,0.9391798,6.787948,0
1.0,0.9501641,6.904237,0
1.0,0.95193994,6.890032,0
1.0,0.93280053,6.6473317,0
1.0,0.93367636,6.681012,0
1.0,0.9451526,6.9832754,0
1.0,0.9595117,7.464526,0
1.0,0.953269,7.624222,0
1.0,0.9534309,7.507511,0
1.0,0.9642959,7.286047,0
1.0,0.96458113,7.4142284,0
1.0,0.9609901,7.6912165,0
1.0,0.9647083,7.5476565,0
1.0,0.9648824,6.9116917,0
1.0,0.96476316,6.2979126,0
1.0,0.96152437,5.7741957,0
1.0,0.95798904,5.429382,0
1.0,0.9567233,5.4804378,0
1.0,0.9442887,4.859292,0
1.0,0.92854035,4.355337,0
1.0,0.9295255,4.5864067,0
1.0,0.9265136,4.5625973,0
1.0,0.923714,5.374534,0
1.0,0.9132619,5.814389,0
1.0,0.94728464,5.8396273,0
1.0,0.9574325,5.724121,0
1.0,0.9598507,5.50902,0
1.0,0.96153235,5.5088854,0
1.0,0.94012487,5.636562,0
1.0,0.95751673,5.6725874,0
1.0,0.9550417,5.656524,0
1.0,0.9550253,5.6336136,0
1.0,0.92081165,5.7480717,0
1.0,0.9344876,6.455485,0
1.0,0.9239465,7.44438,0
1.0,0.94546044,7.823408,0
1.0,0.92774296,7.6995335,0
1.0,0.89760494,7.2487364,0
1.0,0.8747685,6.3676376,0
1.0,0.9011174,6.2389503,0
1.0,0.91307867,6.1841683,0
1.0,0.9305461,6.28998,0
1.0,0.92830604,6.5339584,0
1.0,0.9325499,6.7521644,0
1.0,0.9531936,6.8677006,0
1.0,0.96355915,6.936883,0
1.0,0.96505296,7.4955673,0
1.0,0.9612015,7.462929,0
1.0,0.945455,8.084946,0
1.0,0.9462621,8.800651,0
1.0,0.9459597,9.904044,0
1.0,0.93289286,10.103575,0
1.0,0.9459358,10.095887,0
1.0,0.94835097,10.088549,0
1.0,0.9453951,9.015749,0
1.0,0.9324793,8.577738,0
1.0,0.9649196,8.565651,0
1.0,0.96832645,8.575908,0
1.0,0.96567684,8.637594,0
1.0,0.9474791,10.062093,0
1.0,0.96489257,11.641292,0
1.0,0.9757903,11.664233,0
1.0,0.9774276,11.657619,0
1.0,0.9645153,11.628908,0
1.0,0.9693898,11.560218,0
1.0,0.9753422,11.139416,0
1.0,0.97551394,10.060864,0
1.0,0.96516466,9.731331,0
1.0,0.9625845,9.717545,0
1.0,0.9602352,9.67934,0
1.0,0.95814794,10.395776,0
1.0,0.92737174,10.308695,0
1.0,0.9315137,10.322043,0
1.0,0.9339743,10.2880745,0
1.0,0.94470304,10.222889,0
1.0,0.90432274,10.455456,0
1.0,0.9157611,11.046209,0
1.0,0.905181,10.956808,0
1.0,0.9158457,10.460779,0
1.0,0.8937538,10.78027,0
1.0,0.8839297,10.510239,0
1.0,0.88274693,9.721746,0
1.0,0.8974092,8.727884,0
1.0,0.86807483,8.425044,0
1.0,0.8408843,8.860778,0
1.0,0.8058902,9.952061,0
1.0,0.79164654,10.884065,0
1.0,0.79136485,10.513755,0
1.0,0.74964803,10.326277,0
1.0,0.7762991,10.430734,0
1.0,0.8250834,10.651126,0
1.0,0.8418769,9.328999,0
1.0,0.82568663,7.6663003,0
1.0,0.8487649,7.7666454,0
1.0,0.872497,8.029536,0
1.0,0.86343825,10.249103,0
1.0,0.84776855,10.871389,0
1.0,0.88119173,10.669731,0
1.0,0.9165154,10.843442,0
1.0,0.9251978,10.818592,0
1.0,0.9160732,11.527926,0
1.0,0.9189848,12.706031,0
1.0,0.9317994,12.205982,0
1.0,0.9254696,12.161198,0
1.0,0.92787594,12.192503,0
1.0,0.92026335,12.183878,0
1.0,0.92004484,12.09017,0
1.0,0.93257695,11.367416,0
1.0,0.94623893,10.850667,0
1.0,0.94721085,11.022509,0
1.0,0.95211595,11.427864,0
1.0,0.9440761,11.577011,0
1.0,0.9476896,11.274025,0
1.0,0.9388356,11.228092,0
1.0,0.93946016,11.202268,0
1.0,0.9276131,11.376443,0
1.0,0.91125715,10.808571,0
1.0,0.91515076,9.967037,0
1.0,0.91103816,9.097788,0
1.0,0.9206897,9.062587,0
1.0,0.91144013,9.002011,0
1.0,0.8812963,8.894581,0
1.0,0.8870807,8.885185,0
1.0,0.8915984,9.403709,0
1.0,0.90068734,9.92683,0
1.0,0.9064243,10.063153,0
1.0,0.91473556,10.256011,0
1.0,0.907993,8.349039,0
1.0,0.9182034,7.628525,0
1.0,0.9216289,7.6614933,0
1.0,0.92262024,8.027919,0
1.0,0.92758894,8.334166,0
1.0,0.921348,7.623749,0
1.0,0.913949,6.334515,0
1.0,0.91027063,6.1797523,0
1.0,0.9144994,6.202327,0
1.0,0.9029615,6.2507524,0
1.0,0.89914787,6.4272904,0
1.0,0.90345085,6.4985666,0
1.0,0.9106743,6.806779,0
1.0,0.9041813,6.9591436,0
1.0,0.8995246,6.8419104,0
1.0,0.9002474,6.5635395,0
1.0,0.90241754,5.9992156,0
1.0,0.90760005,6.002719,0
1.0,0.9158006,6.028508,0
1.0,0.9208308,6.194334,0
1.0,0.9159088,6.089322,0
1.0,0.9148311,5.9735813,0
1.0,0.91186666,5.9004493,0
1.0,0.90790594,5.823667,0
1.0,0.9137917,5.825864,0
1.0,0.91089916,5.9256544,0
1.0,0.9231104,5.9408836,0
1.0,0.9247072,5.924364,0
1.0,0.9322966,5.8284388,0
1.0,0.9168026,5.258422,0
1.0,0.9138471,5.1576815,0
1.0,0.90782654,5.196672,0
1.0,0.913629,4.839964,0
1.0,0.90343624,4.832102,0
1.0,0.8950904,4.955056,0
1.0,0.889307,4.527637,0
1.0,0.89364135,4.2732124,0
1.0,0.8827338,4.366137,0
1.0,0.88267475,4.425655,0
1.0,0.8815419,4.4420404,0
1.0,0.8822053,4.4492464,0
1.0,0.8719351,4.3901706,0
1.0,0.88142663,4.1991053,0
1.0,0.8601516,5.6495457,0
1.0,0.8473861,5.4482746,0
1.0,0.8063077,5.0300455,0
1.0,0.83757144,5.3279223,0
1.0,0.8421099,5.53872,0
1.0,0.83674717,5.5130816,0
1.0,0.8118052,5.444644,0
1.0,0.84216785,5.983651,0
1.0,0.8729105,7.438447,0
1.0,0.87569934,7.3066998,0
1.0,0.87449634,9.317427,0
1.0,0.83522516,9.202618,0
1.0,0.8891054,9.297338,0
1.0,0.92063665,9.873062,0
1.0,0.93787384,9.875393,0
1.0,0.91371536,9.875789,0
1.0,0.9402919,9.997168,0
1.0,0.94125295,9.762207,0
1.0,0.94693786,10.408733,0
1.0,0.93439656,10.370632,0
1.0,0.95479256,10.462257,0
1.0,0.94363856,10.411535,0
1.0,0.9391099,10.424902,0
1.0,0.90160686,10.213042,0
1.0,0.9345915,10.394314,0
1.0,0.9366438,10.758947,0
1.0,0.9320766,10.759101,0
1.0,0.899307,11.020922,0
1.0,0.9304375,11.076565,0
1.0,0.91834617,11.049233,0
1.0,0.9192545,10.970101,0
1.0,0.8673163,11.775942,0
1.0,0.8913821,10.601264,0
1.0,0.83981115,10.315041,0
1.0,0.8467917,10.328739,0
1.0,0.8139986,10.394873,0
1.0,0.8311737,10.332878,0
1.0,0.7595792,10.233713,0
1.0,0.7191983,10.097663,0
1.0,0.6241105,10.315204,0
1.0,0.5823883,9.565905,0
1.0,0.57815665,9.562319,0
1.0,0.5692533,7.533527,0
1.0,0.5319188,7.3129315,0
1.0,0.5090039,8.109346,0
1.0,0.6707877,8.042891,0
1.0,0.78469855,8.125595,0
1.0,0.79615676,8.081657,0
1.0,0.80004346,7.997825,0
1.0,0.8443196,7.9632416,0
1.0,0.85411006,7.28816,0
1.0,0.8245778,7.2489204,0
1.0,0.82532936,6.812749,0
1.0,0.87174714,7.0454397,0
1.0,0.8647993,7.1001005,0
1.0,0.8223141,7.1465745,0
1.0,0.83989847,7.0347476,0
1.0,0.8874726,6.916049,0
1.0,0.8694442,6.6365814,0
1.0,0.8559197,6.193858,0
1.0,0.86899114,6.2903085,0
1.0,0.9055371,6.646117,0
1.0,0.89603484,6.7584906,0
1.0,0.88991696,5.944905,0
1.0,0.89048344,5.427542,0
1.0,0.9053675,5.4711366,0
1.0,0.87274206,5.596511,0
1.0,0.8681847,5.220619,0
1.0,0.8665652,5.030054,0
1.0,0.859741,5.1209826,0
1.0,0.7831946,5.1050024,0
1.0,0.75835586,4.7549696,0
1.0,0.7506356,3.869201,0
1.0,0.76758647,3.983922,0
1.0,0.7325072,3.9656892,0
1.0,0.70044243,3.9629989,0
1.0,0.6933217,3.0571682,0
1.0,0.7126245,3.0409708,0
1.0,0.698564,3.0994384,0
1.0,0.70553035,3.176259,0
1.0,0.689254,3.255722,0
1.0,0.70539474,3.1618135,0
1.0,0.67589945,3.5177758,0
1.0,0.6829593,3.490929,0
1.0,0.6549931,3.6159523,0
1.0,0.68154544,3.5697994,0
1.0,0.665039,3.501538,0
1.0,0.6749425,3.3723803,0
1.0,0.65135455,4.316213,0
1.0,0.6730198,4.651018,0
1.0,0.67050034,4.6750526,0
1.0,0.69979364,4.7565403,0
1.0,0.6700209,4.929367,0
1.0,0.71152663,5.281075,0
1.0,0.7298853,5.4477825,0
1.0,0.8058156,5.2670536,0
1.0,0.782461,5.276142,0
1.0,0.8215903,5.1511736,0
1.0,0.8267566,5.5405235,0
1.0,0.8956114,5.633007,0
1.0,0.88757104,5.585101,0
1.0,0.9186221,5.531912,0
1.0,0.9064961,5.528037,0
1.0,0.92172843,5.1421432,0
1.0,0.9044134,5.171155,0
1.0,0.9263804,5.0410423,0
1.0,0.9239768,5.245242,0
1.0,0.9347954,5.1876054,0
1.0,0.90272826,5.328203,0
1.0,0.9090323,5.0762095,0
1.0,0.88924557,4.983387,0
1.0,0.9036531,4.887996,0
1.0,0.8719659,4.860591,0
1.0,0.9021159,4.899049,0
1.0,0.8822678,4.7685337,0
1.0,0.8976042,4.7852325,0
1.0,0.88313174,4.694131,0
1.0,0.90769994,4.5577755,0
1.0,0.87532437,4.899199,0
1.0,0.8787007,5.0836425,0
1.0,0.82610095,4.095485,0
1.0,0.8695823,3.5429943,0
1.0,0.83219844,3.610629,0
1.0,0.8290844,3.529773,0
1.0,0.6468909,3.3757372,0
1.0,0.69178766,2.8209982,0
1.0,0.69390464,2.8998976,0
1.0,0.77365494,3.1054661,0
1.0,0.6812778,3.0238588,0
1.0,0.71747947,3.0498767,0
1.0,0.74514735,2.5434058,0
1.0,0.81068945,2.55485,0
1.0,0.77511704,2.5953765,0
1.0,0.8190166,2.84025,0
1.0,0.8059169,2.8880758,0
1.0,0.8543968,2.9093907,0
1.0,0.7971992,2.9130912,0
1.0,0.7879462,3.0452352,0
1.0,0.79466873,2.8932824,0
1.0,0.8496631,2.9678597,0
1.0,0.81725127,3.1600633,0
1.0,0.8347367,3.248821,0
1.0,0.8276219,3.9084082,0
1.0,0.8351623,4.1799526,0
1.0,0.8396052,4.3427877,0
1.0,0.88184077,4.2860518,0
1.0,0.8935504,4.040206,0
1.0,0.92166877,4.0897374,0
1.0,0.9111807,4.09255,0
1.0,0.930655,4.1099873,0
1.0,0.94069964,3.7732773,0
1.0,0.94382095,3.957447,0
1.0,0.93881816,4.307069,0
1.0,0.9415109,4.475422,0
1.0,0.9463852,4.4937577,0
1.0,0.94434273,4.4873705,0
1.0,0.92777246,4.4510365,0
1.0,0.9282283,4.248627,0
1.0,0.94118786,3.8218436,0
1.0,0.9490076,3.6357257,0
1.0,0.9398354,3.6747282,0
1.0,0.95222956,3.999577,0
1.0,0.95653236,4.239008,0
1.0,0.9615232,4.223798,0
1.0,0.95331514,4.4167995,0
1.0,0.9598786,4.2821827,0
1.0,0.96616983,4.225605,0
1.0,0.96848315,4.5941377,0
1.0,0.9365423,4.4850636,0
1.0,0.919851,4.40559,0
1.0,0.9244234,4.4346204,0
1.0,0.92246944,4.436492,0
1.0,0.91701347,4.134033,0
1.0,0.91065633,4.0958614,0
1.0,0.9014284,3.3912234,0
1.0,0.8961775,3.1219387,0
1.0,0.8929247,3.0493517,0
1.0,0.889709,4.096434,0
1.0,0.86158466,4.24057,0
1.0,0.8496451,4.1741033,0
1.0,0.84682864,4.146579,0
1.0,0.8601374,4.2903337,0
1.0,0.8632623,4.3369446,0
1.0,0.8417355,4.5273204,0
1.0,0.82366693,4.2179317,0
1.0,0.8107022,4.0653343,0
1.0,0.84308416,4.735175,0
1.0,0.8559659,5.1842413,0
1.0,0.8464769,5.1920295,0
1.0,0.8594283,5.2103777,0
1.0,0.8605481,5.265766,0
1.0,0.87633497,5.311194,0
1.0,0.87517554,5.465043,0
1.0,0.88080305,5.954154,0
1.0,0.8819249,6.295791,0
1.0,0.88378954,6.299705,0
1.0,0.89764225,6.191107,0
1.0,0.8984553,6.0939317,0
1.0,0.88930917,6.0681934,0
1.0,0.8917435,5.8272963,0
1.0,0.9061447,5.850522,0
1.0,0.92095816,5.8624983,0
1.0,0.9189164,5.8683615,0
1.0,0.9093881,6.089325,0
1.0,0.9019894,6.3842783,0
1.0,0.9081543,6.6159353,0
1.0,0.9052008,6.6012697,0
1.0,0.9079218,6.610434,0
1.0,0.9204669,6.601048,0
1.0,0.919346,5.7979536,0
1.0,0.9037905,5.778922,0
1.0,0.92194974,5.9340773,0
1.0,0.92342085,6.054998,0
1.0,0.93493825,6.3702564,0
1.0,0.9250177,6.3050933,0
1.0,0.9321403,5.7217407,0
1.0,0.92178917,5.6224365,0
1.0,0.9301001,5.678171,0
1.0,0.9157881,5.3605804,0
1.0,0.914154,5.2294407,0
1.0,0.87989855,5.1292324,0
1.0,0.8944552,5.3173265,0
1.0,0.86138886,5.1908336,0
1.0,0.8613333,5.24434,0
1.0,0.8503256,5.114674,0
1.0,0.8541808,4.3732376,0
1.0,0.85657763,3.832261,0
1.0,0.8692464,3.9172425,0
1.0,0.87709844,4.27731,0
1.0,0.88478875,5.2853446,0
1.0,0.89386153,5.7225246,0
1.0,0.90331775,5.726722,0
1.0,0.90506047,5.7430243,0
1.0,0.91580087,5.741597,0
1.0,0.9166086,5.7794943,0
1.0,0.9124408,5.8833184,0
1.0,0.90172446,5.6054688,0
1.0,0.89916694,5.4931154,0
1.0,0.8959511,5.956133,0
1.0,0.89096004,6.1682415,0
1.0,0.8877677,6.112221,0
1.0,0.89295876,5.8605003,0
1.0,0.8981765,5.676743,0
1.0,0.90512395,5.6003523,0
1.0,0.9165197,5.901456,0
1.0,0.9171448,5.7082906,0
1.0,0.9169542,5.695002,0
1.0,0.90769553,5.663989,0
1.0,0.9016132,6.05245,0
1.0,0.8951507,6.388195,0
1.0,0.8987656,6.3181705,0
1.0,0.89190507,6.1336317,0
1.0,0.90223086,6.1866636,0
1.0,0.9008168,6.097275,0
1.0,0.9006791,6.953324,0
1.0,0.8814401,7.00747,0
1.0,0.9033703,6.9694943,0
1.0,0.8911253,6.923274,0
1.0,0.8841371,6.969027,0
1.0,0.85840815,6.9609056,0
1.0,0.8615721,6.919669,0
1.0,0.8759425,6.4126177,0
1.0,0.8801206,6.1022015,0
1.0,0.88432205,6.137019,0
1.0,0.87309456,6.282653,0
1.0,0.8710566,6.27106,0
1.0,0.8618068,6.1201496,0
1.0,0.83412606,5.6893144,0
1.0,0.81088316,5.511797,0
1.0,0.82274383,5.586621,0
1.0,0.81242853,5.196749,0
1.0,0.7966194,4.905059,0
1.0,0.8103297,4.932858,0
1.0,0.8450307,5.2280655,0
1.0,0.82972234,5.688859,0
1.0,0.8266936,6.025221,0
1.0,0.8468907,5.788903,0
1.0,0.8614048,5.682086,0
1.0,0.85101014,5.7316446,0
1.0,0.8646496,5.8057914,0
1.0,0.86803204,5.4434977,0
1.0,0.8869273,5.1358814,0
1.0,0.89613247,5.209987,0
1.0,0.9133793,5.365095,0
1.0,0.920022,5.420721,0
1.0,0.9331854,5.8124886,0
1.0,0.92776275,5.068528,0
1.0,0.9232721,4.8650856,0
1.0,0.9133264,4.8500357,0
1.0,0.9124732,4.884635,0
1.0,0.9054902,4.8238835,0
1.0,0.9065775,4.663329,0
1.0,0.90550303,4.7123876,0
1.0,0.90998644,4.934577,0
1.0,0.91192275,5.229129,0
1.0,0.9357033,5.2452965,0
1.0,0.9434977,5.0495653,0
1.0,0.9456291,5.0567055,0
1.0,0.9405677,5.1326203,0
1.0,0.94946903,5.172906,0
1.0,0.950471,5.1481943,0
1.0,0.94685525,4.967433,0
1.0,0.93822783,5.0059657,0
1.0,0.94217765,5.060509,0
1.0,0.9336825,5.1240726,0
1.0,0.9213411,5.1611505,0
1.0,0.9117609,4.5957594,0
1.0,0.9410809,4.5276756,0
1.0,0.9542293,4.823793,0
1.0,0.94770557,4.9467363,0
1.0,0.950125,5.083084,0
1.0,0.9638386,5.109841,0
1.0,0.9641356,5.0458612,0
1.0,0.9620907,5.4220886,0
1.0,0.955246,5.172767,0
1.0,0.94942945,4.9396358,0
1.0,0.94278896,4.842309,0
1.0,0.9388936,4.4270372,0
1.0,0.93088484,4.217639,0
1.0,0.9213593,4.194789,0
1.0,0.91255164,4.235197,0
1.0,0.8866814,4.1774836,0
1.0,0.8892577,4.1557007,0
1.0,0.8982781,4.620389,0
1.0,0.9061334,4.30947,0
1.0,0.9019004,3.663777,0
1.0,0.90292066,3.297535,0
1.0,0.9100474,3.2712193,0
1.0,0.90844566,3.2814112,0
1.0,0.8999765,3.340837,0
1.0,0.8908763,3.2279506,0
1.0,0.87033606,3.0955415,0
1.0,0.84449255,3.1119466,0
1.0,0.8100158,3.2499583,0
1.0,0.7911392,3.061306,0
1.0,0.77396005,3.0248876,0
1.0,0.7549499,3.149457,0
1.0,0.7552076,2.9156675,0
1.0,0.7665554,2.9047804,0
1.0,0.7735003,2.7728302,0
1.0,0.76508224,2.5699325,0
1.0,0.7693279,2.6224675,0
1.0,0.79955184,2.5109978,0
1.0,0.7954135,2.4933448,0
1.0,0.76212204,2.6674163,0
1.0,0.7721353,2.9220402,0
1.0,0.78851306,2.8396056,0
1.0,0.77926654,2.827448,0
1.0,0.8075133,2.9021769,0
1.0,0.7908986,2.9912515,0
1.0,0.80683,3.0910792,0
1.0,0.7241956,2.9591453,0
1.0,0.7668085,3.2358603,0
1.0,0.74120957,3.1729076,0
1.0,0.7571627,3.6071951,0
1.0,0.6829051,3.262085,0
1.0,0.6942573,3.2101355,0
1.0,0.6913013,3.1655414,0
1.0,0.7169323,3.1957607,0
1.0,0.6704874,3.1087549,0
1.0,0.6938675,3.1453104,0
1.0,0.71043324,3.1100183,0
1.0,0.74586105,3.1845512,0
1.0,0.7203016,3.2550526,0
1.0,0.7432564,3.754563,0
1.0,0.7176936,3.4656124,0
1.0,0.71673185,3.577488,0
1.0,0.62274915,3.543709,0
1.0,0.6724789,3.3343127,0
1.0,0.64907944,3.7274687,0
1.0,0.6629683,5.017686,0
1.0,0.624984,5.239413,0
1.0,0.6968032,5.232965,0
1.0,0.8273144,5.4397497,0
1.0,0.7887079,5.3241425,0
1.0,0.85109884,5.923401,0
1.0,0.8493866,5.896347,0
1.0,0.8885423,5.598157,0
1.0,0.8746889,5.7192416,0
1.0,0.8857274,6.1705217,0
1.0,0.8879652,7.5246553,0
1.0,0.90398806,7.9350452,0
1.0,0.9250711,7.9044523,0
1.0,0.9426775,7.9534893,0
1.0,0.9354154,7.7338543,0
1.0,0.9387871,7.766702,0
1.0,0.93714917,7.54967,0
1.0,0.951781,7.396396,0
1.0,0.9393734,7.36436,0
1.0,0.9471441,7.3629117,0
1.0,0.9358829,7.502697,0
1.0,0.9414948,7.695491,0
1.0,0.9267724,7.6458626,0
1.0,0.9487737,7.6735735,0
1.0,0.93967813,7.890127,0
1.0,0.9636147,9.32453,0
1.0,0.9644077,9.455311,0
1.0,0.9691618,9.487972,0
1.0,0.9726662,9.374113,0
1.0,0.97633547,9.3922825,0
1.0,0.9728674,9.480052,0
1.0,0.9717172,8.994177,0
1.0,0.96902376,7.576664,0
1.0,0.97285044,7.2467785,0
1.0,0.968779,7.23201,0
1.0,0.9646087,7.249199,0
1.0,0.9484597,7.263069,0
1.0,0.9329339,6.7970753,0
1.0,0.9183774,6.5809526,0
1.0,0.9272963,6.321106,0
1.0,0.9038536,6.2564087,0
1.0,0.8872273,6.2666655,0
1.0,0.9075595,5.086051,0
1.0,0.9127383,4.6083393,0
1.0,0.9392731,4.751191,0
1.0,0.9390862,5.102374,0
1.0,0.9525696,5.1449065,0
1.0,0.9498469,5.1122074,0
1.0,0.9519155,5.0292025,0
1.0,0.9515526,5.6309204,0
1.0,0.95547664,5.65068,0
1.0,0.95218664,5.6876698,0
1.0,0.9433566,5.6811314,0
1.0,0.93589294,6.3128157,0
1.0,0.9443127,6.8030815,0
1.0,0.95143336,6.9490995,0
1.0,0.92449206,6.6464453,0
1.0,0.88529783,5.1465645,0
1.0,0.89462835,4.666767,0
1.0,0.9312482,4.783345,0
1.0,0.93367493,4.8776097,0
1.0,0.9243033,5.036852,0
1.0,0.92745703,5.1886673,0
1.0,0.9258097,5.492543,0
1.0,0.9553521,5.545636,0
1.0,0.95825267,5.5004106,0
1.0,0.9603976,5.5130467,0
1.0,0.95603776,5.3326683,0
1.0,0.9630859,5.3120713,0
1.0,0.962354,5.507387,0
1.0,0.96008945,5.6064057,0
1.0,0.9553694,5.585782,0
1.0,0.95368797,5.4547467,0
1.0,0.9411468,4.9410577,0
1.0,0.9409819,4.7879806,0
1.0,0.907271,5.111945,0
1.0,0.9289319,5.2940426,0
1.0,0.92207676,4.9215117,0
1.0,0.92412204,4.974344,0
1.0,0.88963294,4.981261,0
1.0,0.9059509,4.8243895,0
1.0,0.9144072,4.1973505,0
1.0,0.91724235,4.2554445,0
1.0,0.90448254,4.39523,0
1.0,0.9123837,4.3611507,0
1.0,0.924823,3.673119,0
1.0,0.9384533,3.2436352,0
1.0,0.92233974,3.096407,0
1.0,0.89952993,3.15267,0
1.0,0.8989143,3.2578597,0
1.0,0.8974335,3.1933608,0
1.0,0.89736134,3.105536,0
1.0,0.90293145,3.0348935,0
1.0,0.9034234,2.7800143,0
1.0,0.8918913,2.6506574,0
1.0,0.8941061,2.5367985,0
1.0,0.90281284,2.5935023,0
1.0,0.9005564,2.5807562,0
1.0,0.8737171,2.530581,0
1.0,0.85696197,2.6511219,0
1.0,0.8645951,2.750193,0
1.0,0.8857605,2.6482306,0
1.0,0.89174664,2.5605216,0
1.0,0.8875571,2.5463371,0
1.0,0.90505946,3.0246036,0
1.0,0.9006919,3.7658236,0
1.0,0.8848356,4.1982093,0
1.0,0.90552825,4.2260566,0
1.0,0.92591053,4.021352,0
1.0,0.88978744,4.1731224,0
1.0,0.87982494,4.0594764,0
1.0,0.8795066,4.013371,0
1.0,0.9048203,4.069036,0
1.0,0.8947538,4.047498,0
1.0,0.9000973,4.2695675,0
1.0,0.8786617,4.698889,0
1.0,0.91624683,5.2751,0
1.0,0.9181017,5.4815626,0
1.0,0.92258024,5.5270553,0
1.0,0.89928114,5.5354524,0
1.0,0.91943985,5.697898,0
1.0,0.9276827,5.626569,0
1.0,0.93144274,5.525903,0
1.0,0.9272304,5.764771,0
1.0,0.9384249,6.071126,0
1.0,0.9424698,6.195836,0
1.0,0.93417144,6.219747,0
1.0,0.9376278,6.0772686,0
1.0,0.9542102,6.222781,0
1.0,0.95748854,6.2307334,0
1.0,0.9528417,6.80327,0
1.0,0.94321597,7.4534388,0
1.0,0.94976324,8.107639,0
1.0,0.95307624,8.105541,0
1.0,0.94914824,8.273756,0
1.0,0.94971937,8.320555,0
1.0,0.9410579,8.487158,0
1.0,0.936058,7.965577,0
1.0,0.9524739,7.4984217,0
1.0,0.9497568,7.2956915,0
1.0,0.94185245,7.5804305,0
1.0,0.91700965,7.2613716,0
1.0,0.9235583,7.276016,0
1.0,0.9213549,7.2604585,0
1.0,0.91743916,7.2856674,0
1.0,0.90372807,7.552662,0
1.0,0.90216714,8.252758,0
1.0,0.90036964,8.310399,0
1.0,0.9227538,8.158714,0
1.0,0.9359807,7.8934565,0
1.0,0.9313795,8.010534,0
1.0,0.93563837,8.034012,0
1.0,0.9331414,8.365777,0
1.0,0.94183457,8.341845,0
1.0,0.9378682,8.532906,0
1.0,0.9393314,9.212172,0
1.0,0.9266254,9.229265,0
1.0,0.92248225,9.250695,0
1.0,0.9333295,9.121748,0
1.0,0.92848784,9.353121,0
1.0,0.93406844,9.596756,0
1.0,0.95007294,9.666317,0
1.0,0.94995755,9.317305,0
1.0,0.9374803,8.767799,0
1.0,0.9440288,8.98838,0
1.0,0.9512613,9.540475,0
1.0,0.961656,9.455977,0
1.0,0.96341205,9.511272,0
1.0,0.95074373,8.811954,0
1.0,0.9574759,8.651705,0
1.0,0.96580416,8.749426,0
1.0,0.9680769,9.123089,0
1.0,0.94943786,9.0624485,0
1.0,0.9482953,9.765104,0
1.0,0.95007,10.204983,0
1.0,0.95624274,10.250631,0
1.0,0.93676776,10.136898,0
1.0,0.933188,9.795897,0
1.0,0.9480305,8.85881,0
1.0,0.9611028,8.33119,0
1.0,0.95111006,8.613517,0
1.0,0.9411297,8.899918,0
1.0,0.9435872,8.770425,0
1.0,0.9563508,9.024626,0
1.0,0.9508723,8.653158,0
1.0,0.93713707,8.594461,0
1.0,0.92791885,8.34286,0
1.0,0.94750774,7.4588394,0
1.0,0.9477247,7.175895,0
1.0,0.93702537,7.453827,0
1.0,0.9252791,7.983164,0
1.0,0.93069375,7.811551,0
1.0,0.930055,7.4501953,0
1.0,0.9180877,7.4264765,0
1.0,0.9107275,7.2405863,0
1.0,0.9213654,6.988472,0
1.0,0.9319103,6.367614,0
1.0,0.92905676,5.9526577,0
1.0,0.9242357,6.277303,0
1.0,0.9303007,6.8545637,0
1.0,0.94304854,7.3573093,0
1.0,0.9467286,7.6138644,0
1.0,0.9386298,7.883438,0
1.0,0.9362448,7.322056,0
1.0,0.94269836,7.027635,0
1.0,0.94320303,6.4337797,0
1.0,0.9342994,5.97422,0
1.0,0.9295284,5.974189,0
1.0,0.9319794,6.2320914,0
1.0,0.9247598,6.4632893,0
1.0,0.9208353,6.514352,0
1.0,0.91066325,6.342555,0
1.0,0.9206818,5.7927613,0
1.0,0.91373897,5.452121,0
1.0,0.9240422,5.566786,0
1.0,0.92222285,5.4731045,0
1.0,0.9291331,5.3023353,0
1.0,0.91956896,5.274742,0
1.0,0.92089313,5.7158785,0
1.0,0.91283625,5.878106,0
1.0,0.9116972,6.03617,0
1.0,0.9102955,6.347666,0
1.0,0.8997764,5.7510962,0
1.0,0.9005496,5.7247634,0
1.0,0.89359,5.8761168,0
1.0,0.8784965,5.8355446,0
1.0,0.8641455,5.723275,0
1.0,0.8641337,6.031564,0
1.0,0.8452819,5.7215796,0
1.0,0.8040328,5.449956,0
1.0,0.80128634,5.377244,0
1.0,0.76154834,4.6608157,0
1.0,0.76216,4.2654004,0
1.0,0.758001,4.182054,0
1.0,0.78470236,4.0794954,0
1.0,0.773864,4.2228117,0
1.0,0.78405386,4.44542,0
1.0,0.7542645,4.264029,0
1.0,0.78461504,4.535729,0
1.0,0.7706186,4.467952,0
1.0,0.78406334,4.409011,0
1.0,0.7792974,4.1662188,0
1.0,0.79930425,4.3805494,0
1.0,0.7912101,4.587722,0
1.0,0.7726674,4.470279,0
1.0,0.78678125,4.8303413,0
1.0,0.81003386,5.499348,0
1.0,0.8386559,5.41471,0
1.0,0.8232645,5.471933,0
1.0,0.8259633,5.459283,0
1.0,0.8244169,5.0369554,0
1.0,0.83739454,4.901809,0
1.0,0.8090425,4.869098,0
1.0,0.791923,4.3531237,0
1.0,0.7801487,4.341684,0
1.0,0.83701885,4.7024016,0
1.0,0.788659,4.442459,0
1.0,0.84892285,4.6359406,0
1.0,0.8461384,4.704351,0
1.0,0.8582095,4.506351,0
1.0,0.8122655,4.4281316,0
1.0,0.84428024,5.0301585,0
1.0,0.7969425,4.8279414,0
1.0,0.81027746,4.8592215,0
1.0,0.7701585,4.7433033,0
1.0,0.78206086,4.5753345,0
1.0,0.76167,4.357559,0
1.0,0.7961688,4.3034964,0
1.0,0.7898284,4.133639,0
1.0,0.8014205,4.3564067,0
1.0,0.78477895,4.189183,0
1.0,0.76771545,4.4152126,0
1.0,0.7505003,4.3281827,0
1.0,0.78178686,4.4160957,0
1.0,0.7827018,4.228878,0
1.0,0.7634529,3.908445,0
1.0,0.77386504,3.946735,0
1.0,0.82513297,3.739618,0
1.0,0.8269878,3.0336146,0
1.0,0.7821413,2.957993,0
1.0,0.7927819,3.174141,0
1.0,0.80215186,4.04211,0
1.0,0.8576711,4.5187197,0
1.0,0.8672758,4.552526,0
1.0,0.8694199,4.3394737,0
1.0,0.87482166,4.280977,0
1.0,0.8918563,4.2786174,0
1.0,0.9154489,4.125549,0
1.0,0.9111498,4.1452603,0
1.0,0.9065847,4.219897,0
1.0,0.90776765,4.2690372,0
1.0,0.9235724,4.169516,0
1.0,0.91085726,4.1525526,0
1.0,0.9144085,3.6338234,0
1.0,0.9075028,3.3944535,0
1.0,0.9223794,3.4218268,0
1.0,0.9178332,3.5296278,0
1.0,0.91908514,3.7411103,0
1.0,0.9027926,3.697033,0
1.0,0.91539294,3.7083654,0
1.0,0.9158663,3.7092412,0
1.0,0.920938,3.500266,0
1.0,0.91070783,3.4509695,0
1.0,0.9176371,3.1640491,0
1.0,0.9167631,3.061779,0
1.0,0.913977,3.0735793,0
1.0,0.89803654,3.3258026,0
1.0,0.888415,3.3241472,0
1.0,0.87031627,3.293355,0
1.0,0.8650499,3.470434,0
1.0,0.85715926,3.4891315,0
1.0,0.83508223,3.5044832,0
1.0,0.8171928,3.199548,0
1.0,0.8259531,2.3887048,0
1.0,0.79070216,2.0247622,0
1.0,0.7884981,2.471089,0
1.0,0.778072,2.9469075,0
1.0,0.7557241,2.6972969,0
1.0,0.78090936,2.731892,0
1.0,0.7871645,2.686562,0
1.0,0.8119313,2.6480103,0
1.0,0.7930525,2.510222,0
1.0,0.8010748,2.403709,0
1.0,0.80569154,2.4828238,0
1.0,0.8230303,2.4219265,0
1.0,0.79418945,2.5474193,0
1.0,0.7473634,2.458014,0
1.0,0.71679723,2.4312193,0
1.0,0.72709674,2.3401787,0
1.0,0.6998011,2.0963736,0
1.0,0.6974531,2.1196826,0
1.0,0.71117735,2.1450362,0
1.0,0.7327901,2.1630378,0
1.0,0.6983983,2.2171717,0
1.0,0.6951933,2.218904,0
1.0,0.698861,2.4463248,0
1.0,0.72018534,2.4683683,0
1.0,0.664997,2.432031,0
1.0,0.6566319,2.1665313,0
1.0,0.6617099,2.170531,0
1.0,0.7176009,2.275323,0
1.0,0.6741119,2.0890813,0
1.0,0.6550076,2.1813688,0
1.0,0.64136696,2.0860815,0
1.0,0.63455045,2.1210546,0
1.0,0.6289627,2.092474,0
1.0,0.61450034,2.166246,0
1.0,0.59132314,2.012396,0
1.0,0.5966161,1.527957,0
1.0,0.6059951,1.5326184,0
1.0,0.63539153,1.5727515,0
1.0,0.65821075,1.931199,0
1.0,0.6769858,2.1515849,0
1.0,0.69977903,2.1458602,0
1.0,0.71076435,2.1507316,0
1.0,0.70344186,2.219443,0
1.0,0.70401484,2.5125432,0
1.0,0.71951085,2.3889806,0
1.0,0.7440178,2.4664607,0
1.0,0.75137633,2.4454858,0
1.0,0.78704435,2.4784517,0
1.0,0.74965924,2.696528,0
1.0,0.82398593,2.8139281,0
1.0,0.83382267,2.7965336,0
1.0,0.85738724,2.7805433,0
1.0,0.83291453,3.1170402,0
1.0,0.8797152,3.5969715,0
1.0,0.88121676,3.3737702,0
1.0,0.85890025,3.5342155,0
1.0,0.8540759,3.5527492,0
1.0,0.87658525,3.5724287,0
1.0,0.83249825,3.6377697,0
1.0,0.8450842,3.6456513,0
1.0,0.81104463,3.6090984,0
1.0,0.85871655,3.5624933,0
1.0,0.7871632,3.5228612,0
1.0,0.7780895,3.4338064,0
1.0,0.72703356,3.5869832,0
1.0,0.7932457,3.5281267,0
1.0,0.7516373,3.2182178,0
1.0,0.75073516,3.2849622,0
1.0,0.7128903,3.7119846,0
1.0,0.83369225,3.988399,0
1.0,0.8455829,3.6873612,0
1.0,0.85220534,3.510991,0
1.0,0.8596329,3.50554,0
1.0,0.8753558,3.5260863,0
1.0,0.8156868,3.453518,0
1.0,0.83711976,3.2608943,0
1.0,0.8529501,3.2911806,0
1.0,0.86456144,3.3180351,0
1.0,0.8576702,3.73005,0
1.0,0.8808885,3.7351525,0
1.0,0.8499349,3.5790489,0
1.0,0.8703133,3.5262485,0
1.0,0.8755447,3.5572615,0
1.0,0.87938154,3.5734453,0
1.0,0.85633683,3.2108908,0
1.0,0.8591755,2.7120674,0
1.0,0.86615354,2.6827908,0
1.0,0.87322855,2.937047,0
1.0,0.8566328,3.0957317,0
1.0,0.8728976,3.1597116,0
1.0,0.8698341,3.21799,0
1.0,0.88137907,3.3332229,0
1.0,0.8631703,3.3242054,0
1.0,0.8565286,3.5475326,0
1.0,0.8264331,3.5833333,0
1.0,0.8095753,3.556181,0
1.0,0.799374,3.3597155,0
1.0,0.8034906,3.4139838,0
1.0,0.79865015,3.4232152,0
1.0,0.7826908,3.434645,0
1.0,0.6701666,3.1173725,0
1.0,0.69538665,3.0716596,0
1.0,0.72247756,3.068996,0
1.0,0.7693777,3.5723214,0
1.0,0.75257736,4.135289,0
1.0,0.82808447,4.213972,0
1.0,0.8774944,4.16165,0
1.0,0.89594924,4.076781,0
1.0,0.8775787,4.0062838,0
1.0,0.88789856,3.9961934,0
1.0,0.8976561,3.6583679,0
1.0,0.9098125,3.6932411,0
1.0,0.8981635,3.5846465,0
1.0,0.9151614,3.607411,0
1.0,0.909288,3.622233,0
1.0,0.90803874,3.6257966,0
1.0,0.869034,3.5364501,0
1.0,0.8932757,3.577095,0
1.0,0.87549645,3.616757,0
1.0,0.8928292,3.3253322,0
1.0,0.85177964,3.0861702,0
1.0,0.86920536,3.0485606,0
1.0,0.8567091,2.9131804,0
1.0,0.87674165,2.8146334,0
1.0,0.8513142,2.8019874,0
1.0,0.88347393,2.5952425,0
1.0,0.83937955,2.6049788,0
1.0,0.8545668,2.6951404,0
1.0,0.84439707,2.9230046,0
1.0,0.8540387,3.491239,0
1.0,0.7748388,3.56303,0
1.0,0.7705267,3.523833,0
1.0,0.7672944,3.367984,0
1.0,0.75711447,3.2247796,0
1.0,0.7867504,3.306598,0
1.0,0.7872797,2.837043,0
1.0,0.8282304,2.529779,0
1.0,0.83011436,2.5293107,0
1.0,0.8547154,2.5317435,0
1.0,0.8510012,2.6791916,0
1.0,0.869479,2.9882884,0
1.0,0.8915036,3.2351472,0
1.0,0.9123362,3.2929626,0
1.0,0.90610397,3.3009415,0
1.0,0.91043067,3.385892,0
1.0,0.9118683,3.3497205,0
1.0,0.93378294,3.383616,0
1.0,0.92970836,3.3583586,0
1.0,0.9436533,3.361137,0
1.0,0.9412582,3.3398383,0
1.0,0.94539225,3.2938368,0
1.0,0.92976606,3.1589966,0
1.0,0.9310494,3.1529312,0
1.0,0.9257528,3.247841,0
1.0,0.93363357,3.4337704,0
1.0,0.9109503,3.3343017,0
1.0,0.8968869,3.378504,0
1.0,0.9001345,3.4181197,0
1.0,0.9108326,3.327632,0
1.0,0.90658134,3.3850722,0
1.0,0.8955849,3.3487303,0
1.0,0.8936033,2.7521148,0
1.0,0.8874116,2.549514,0
1.0,0.8880653,2.4985008,0
1.0,0.86243415,2.493334,0
1.0,0.8833507,2.4520526,0
1.0,0.8629719,2.3913991,0
1.0,0.862563,2.3624284,0
1.0,0.80673754,2.0985858,0
1.0,0.8017445,2.2625408,0
1.0,0.7749426,2.3839183,0
1.0,0.7771853,2.2528462,0
1.0,0.7269052,1.900097,0
1.0,0.76908237,1.7041329,0
1.0,0.7879523,1.6884925,0
1.0,0.8119091,1.7967105,0
1.0,0.8547643,1.9022009,0
1.0,0.88829684,1.9246063,0
1.0,0.8835141,2.089847,0
1.0,0.8900591,2.6284328,0
1.0,0.88978565,2.944366,0
1.0,0.91863275,3.0078254,0
1.0,0.91609496,3.0257244,0
1.0,0.9286136,3.0439506,0
1.0,0.91777533,3.0225327,0
1.0,0.94423985,3.016876,0
1.0,0.9415935,2.8299465,0
1.0,0.9410867,2.806037,0
1.0,0.937415,2.7460413,0
1.0,0.9417456,2.9018207,0
1.0,0.9395051,3.1459727,0
1.0,0.9342058,3.2208166,0
1.0,0.92600405,3.055391,0
1.0,0.94272274,3.0545893,0
1.0,0.95079464,3.0907938,0
1.0,0.9507677,3.1065204,0
1.0,0.9496817,3.08039,0
1.0,0.96481246,3.1262317,0
1.0,0.96416396,3.1793888,0
1.0,0.9604451,3.2842488,0
1.0,0.9485307,3.4754074,0
1.0,0.95082617,3.237119,0
1.0,0.923399,3.168481,0
1.0,0.91550565,3.213758,0
1.0,0.9077715,3.2263708,0
1.0,0.8841111,3.3402328,0
1.0,0.8607905,3.4445753,0
1.0,0.8375156,3.3717117,0
1.0,0.8445095,3.2601862,0
1.0,0.8781209,3.3439617,0
1.0,0.8104443,3.0386066,0
1.0,0.8566661,2.6328375,0
1.0,0.84591717,2.302023,0
1.0,0.9103686,2.4254909,0
1.0,0.86880225,2.3286424,0
1.0,0.8818107,2.546442,0
1.0,0.8720148,3.057988,0
1.0,0.9099649,3.3213487,0
1.0,0.89306605,3.2602596,0
1.0,0.8986101,3.292141,0
1.0,0.8803911,3.2336636,0
1.0,0.90081507,3.1039107,0
1.0,0.86687946,2.7852628,0
1.0,0.8854059,2.6677663,0
1.0,0.89435977,2.6117985,0
1.0,0.89936155,2.6270266,0
1.0,0.89715,2.624031,0
1.0,0.90656066,2.6351438,0
1.0,0.9112749,2.7050714,0
1.0,0.9212366,2.882845,0
1.0,0.9362711,3.1588788,0
1.0,0.9477169,3.15786,0
1.0,0.9502111,2.9675694,0
1.0,0.9522559,3.013086,0
1.0,0.95716715,2.9032154,0
1.0,0.9524918,2.8707707,0
1.0,0.9557238,2.860416,0
1.0,0.9556199,2.9007607,0
1.0,0.9560529,2.766984,0
1.0,0.9500297,2.6812084,0
1.0,0.9520317,2.864517,0
1.0,0.9490576,3.116147,0
1.0,0.9521,3.1438677,0
1.0,0.9508891,3.1932454,0
1.0,0.9629846,3.3402433,0
1.0,0.94716954,3.2752342,0
1.0,0.9581642,3.3142357,0
1.0,0.94369197,3.062169,0
1.0,0.9568231,2.5860877,0
1.0,0.94448584,2.4346569,0
1.0,0.96239454,2.6049318,0
1.0,0.9553259,2.8173575,0
1.0,0.96406883,2.8555012,0
1.0,0.9578358,2.840694,0
1.0,0.9585865,2.856093,0
1.0,0.9562743,2.8171642,0
1.0,0.9444511,2.8390427,0
1.0,0.94008636,2.7884815,0
1.0,0.9420129,2.8090222,0
1.0,0.9391863,2.7681696,0
1.0,0.93089205,2.7542615,0
1.0,0.91328055,2.8723006,0
1.0,0.92504585,2.7703176,0
1.0,0.9172614,2.706498,0
1.0,0.9141353,2.6432145,0
1.0,0.900066,2.5480092,0
1.0,0.92332935,2.5265508,0
1.0,0.9065308,2.4638014,0
1.0,0.9025571,2.5472522,0
1.0,0.87224096,2.6633446,0
1.0,0.90715134,3.3267071,0
1.0,0.93419474,3.6513605,0
1.0,0.9211598,3.4257023,0
1.0,0.8941427,3.2721014,0
1.0,0.8983187,3.304865,0
1.0,0.9118408,3.2638602,0
1.0,0.91403866,3.2300098,0
1.0,0.9041889,3.251555,0
1.0,0.9135499,3.2895179,0
1.0,0.89620376,3.3187797,0
1.0,0.92160326,3.3636646,0
1.0,0.91098297,3.239842,0
1.0,0.9252527,3.1310506,0
1.0,0.92070395,2.8966112,0
1.0,0.9356172,2.9485812,0
1.0,0.92120004,3.2759604,0
1.0,0.9484252,3.8657308,0
1.0,0.9424674,3.9890018,0
1.0,0.96348387,4.2072787,0
1.0,0.9628806,4.4502892,0
1.0,0.97075385,4.44993,0
1.0,0.9618652,4.426269,0
1.0,0.9639831,4.3997602,0
1.0,0.96510535,4.0926385,0
1.0,0.9649455,3.9375834,0
1.0,0.9569862,4.044059,0
1.0,0.96012914,4.0568786,0
1.0,0.9526223,4.0657883,0
1.0,0.9445486,4.0510144,0
1.0,0.93071854,4.166802,0
1.0,0.92825574,4.4821258,0
1.0,0.9167044,4.3443246,0
1.0,0.9299975,3.7163806,0
1.0,0.9091574,3.447815,0
1.0,0.8892521,3.411512,0
1.0,0.8851724,3.3090951,0
1.0,0.9004777,3.2596583,0
1.0,0.92136925,3.366922,0
1.0,0.9035328,3.401421,0
1.0,0.91666156,3.5647078,0
1.0,0.91270095,3.653988,0
1.0,0.92281175,3.6088343,0
1.0,0.9171905,3.6993263,0
1.0,0.9220348,3.782259,0
1.0,0.90839094,3.9113078,0
1.0,0.90734863,4.478449,0
1.0,0.8789309,4.613497,0
1.0,0.8911886,4.333361,0
1.0,0.79903424,3.7136443,0
1.0,0.803347,3.726162,0
1.0,0.8064851,3.5249753,0
1.0,0.80920273,3.3107872,0
1.0,0.84685415,3.420551,0
1.0,0.86046875,3.7506425,0
1.0,0.90779316,4.160357,0
1.0,0.90986806,4.471468,0
1.0,0.92370504,4.809988,0
1.0,0.93952465,4.7321362,0
1.0,0.93692005,4.757258,0
1.0,0.9361962,4.75566,0
1.0,0.94401896,4.787499,0
1.0,0.9455397,4.6655874,0
1.0,0.9445751,4.228776,0
1.0,0.93875575,3.994514,0
1.0,0.9384893,4.168758,0
1.0,0.94207096,4.2069736,0
1.0,0.92879224,4.2091064,0
1.0,0.9248294,4.114444,0
1.0,0.92912334,4.109832,0
1.0,0.91845304,4.1046395,0
1.0,0.9152356,4.1912236,0
1.0,0.90609086,4.2542458,0
1.0,0.9298541,4.3096104,0
1.0,0.94058716,4.3610973,0
1.0,0.95182705,4.271406,0
1.0,0.9553711,4.291497,0
1.0,0.9572056,4.1844983,0
1.0,0.9497694,3.5611162,0
1.0,0.9523371,3.3621516,0
1.0,0.94979227,3.447629,0
1.0,0.94708645,3.3801787,0
1.0,0.94555706,3.2734444,0
1.0,0.9380045,3.2560225,0
1.0,0.93687403,3.2719657,0
1.0,0.9345859,3.1844766,0
1.0,0.9266242,2.8489938,0
1.0,0.9065155,2.5326498,0
1.0,0.91507363,2.4079413,0
1.0,0.94173634,2.24477,0
1.0,0.9428874,2.197939,0
1.0,0.9266064,2.1280804,0
1.0,0.9403333,2.1280923,0
1.0,0.9500326,2.1762567,0
1.0,0.9538552,2.17631,0
1.0,0.9484766,2.33032,0
1.0,0.9582507,2.8358874,0
1.0,0.9696027,2.9471135,0
1.0,0.9683695,2.9275367,0
1.0,0.9617756,2.8861825,0
1.0,0.9630533,3.0988803,0
1.0,0.962337,3.153195,0
1.0,0.96480024,3.1149473,0
1.0,0.9459549,3.0033588,0
1.0,0.9494043,2.9061532,0
1.0,0.95212483,2.9066255,0
1.0,0.96433383,2.997231,0
1.0,0.9641525,2.9880962,0
1.0,0.9652766,2.9093451,0
1.0,0.964597,2.881315,0
1.0,0.96742123,2.8880355,0
1.0,0.96629745,2.8860068,0
1.0,0.9647155,3.0330813,0
1.0,0.95580226,3.0823567,0
1.0,0.95016396,3.0618463,0
1.0,0.9525429,3.0673494,0
1.0,0.95066047,3.0560985,0
1.0,0.94516516,3.2000341,0
1.0,0.9363404,3.2182534,0
1.0,0.93497795,3.1118846,0
1.0,0.91413933,2.8620336,0
1.0,0.90682536,2.739251,0
1.0,0.89619726,2.8102798,0
1.0,0.90292406,3.075418,0
1.0,0.89092004,3.3545969,0
1.0,0.9012956,3.3824272,0
1.0,0.90452135,3.3713813,0
1.0,0.90009636,3.2334137,0
1.0,0.8927236,2.7158737,0
1.0,0.9138513,2.6003556,0
1.0,0.9077353,2.5447836,0
1.0,0.879686,2.562583,0
1.0,0.8542865,2.6843026,0
1.0,0.8844419,3.281386,0
1.0,0.89862543,3.4553432,0
1.0,0.8893545,3.2698936,0
1.0,0.8851069,3.1085112,0
1.0,0.88589746,2.976553,0
1.0,0.89557457,2.9309616,0
1.0,0.8983615,2.9719586,0
1.0,0.9005155,2.9903603,0
1.0,0.9006611,3.06708,0
1.0,0.914977,3.270127,0
1.0,0.9111301,3.3503437,0
1.0,0.92330825,3.1262226,0
1.0,0.92157036,3.028607,0
1.0,0.9481512,3.2782207,0
1.0,0.9475409,3.4125724,0
1.0,0.9487551,3.4241009,0
1.0,0.9411605,3.288356,0
1.0,0.9553951,3.5417871,0
1.0,0.94756466,3.5196495,0
1.0,0.94643766,3.6550298,0
1.0,0.9341712,3.8099558,0
1.0,0.9453116,4.0640907,0
1.0,0.94624364,4.058485,0
1.0,0.9584939,3.955289,0
1.0,0.95639604,4.0693307,0
1.0,0.9603225,4.087264,0
1.0,0.9583547,4.054878,0
1.0,0.95414704,4.029294,0
1.0,0.95570827,3.9490943,0
1.0,0.9647996,4.1379495,0
1.0,0.96339494,4.2042847,0
1.0,0.9527228,3.80937,0
1.0,0.94119334,3.1552577,0
1.0,0.93977696,2.9622295,0
1.0,0.93109155,3.0279918,0
1.0,0.9213393,3.0798972,0
1.0,0.92223126,3.0859935,0
1.0,0.91847575,3.0662227,0
1.0,0.91669255,3.0807352,0
1.0,0.91106546,3.1026864,0
1.0,0.9108887,3.1933327,0
1.0,0.88982624,3.0079198,0
1.0,0.9075332,2.905501,0
1.0,0.887349,2.8505917,0
1.0,0.88924396,2.9520793,0
1.0,0.87435246,2.9588428,0
1.0,0.88459766,2.943609,0
1.0,0.8637353,2.9386272,0
1.0,0.8601024,3.022069,0
1.0,0.85506827,2.7614794,0
1.0,0.84587777,2.7333217,0
1.0,0.8661873,2.6689131,0
1.0,0.8552655,2.4955213,0
1.0,0.8134089,2.1023777,0
1.0,0.8265565,1.9498713,0
1.0,0.814679,1.805906,0
1.0,0.8594526,1.8758583,0
1.0,0.8770921,2.057092,0
1.0,0.8881222,2.1419694,0
1.0,0.88659835,2.3269367,0
1.0,0.90640646,2.6682954,0
1.0,0.9057503,2.545556,0
1.0,0.9130821,2.4437208,0
1.0,0.9058632,2.4053693,0
1.0,0.9151425,2.4209855,0
1.0,0.9271516,2.4828627,0
1.0,0.92081195,2.4515626,0
1.0,0.9240271,2.4195805,0
1.0,0.94515914,2.6014078,0
1.0,0.96162647,3.2780426,0
1.0,0.96081483,3.7903912,0
1.0,0.96265364,3.8777359,0
1.0,0.96532685,3.681264,0
1.0,0.97087985,3.6902194,0
1.0,0.96776205,3.6787603,0
1.0,0.96575993,3.68938,0
1.0,0.9687095,3.5833883,0
1.0,0.97136456,3.3457818,0
1.0,0.96599215,3.2869358,0
1.0,0.9586905,3.5740395,0
1.0,0.95708084,3.8343968,0
1.0,0.9620374,3.907702,0
1.0,0.9565379,3.8963482,0
1.0,0.9486965,3.9308083,0
1.0,0.9455123,3.914831,0
1.0,0.9552295,4.0042,0
1.0,0.95472825,4.0607104,0
1.0,0.95323247,4.3645716,0
1.0,0.96234673,4.8576865,0
1.0,0.9669124,5.0552487,0
1.0,0.9691787,5.2186127,0
1.0,0.9582736,5.093729,0
1.0,0.95531917,4.765329,0
1.0,0.95514244,4.7345924,0
1.0,0.95771736,4.8020315,0
1.0,0.95026016,4.7569017,0
1.0,0.9489175,4.762677,0
1.0,0.94943786,4.778866,0
1.0,0.94866914,4.7350097,0
1.0,0.94270134,4.941353,0
1.0,0.93874246,5.1582775,0
1.0,0.9246111,4.561422,0
1.0,0.93671846,4.028341,0
1.0,0.94109863,3.9384818,0
1.0,0.9414116,4.020136,0
1.0,0.9354849,4.0755672,0
1.0,0.9445345,4.157037,0
1.0,0.9461228,4.1451426,0
1.0,0.9506192,4.1671543,0
1.0,0.94011354,4.173691,0
1.0,0.94209945,4.3199544,0
1.0,0.93880653,4.2067213,0
1.0,0.94633716,3.9688165,0
1.0,0.94595456,3.852541,0
1.0,0.9305968,3.8298035,0
1.0,0.9305654,3.7711427,0
1.0,0.92715096,3.8082175,0
1.0,0.9231132,3.8568003,0
1.0,0.91519135,4.163499,0
1.0,0.9385341,4.4132524,0
1.0,0.9457097,4.001942,0
1.0,0.935519,3.6477823,0
1.0,0.9297126,3.4012618,0
1.0,0.9410464,3.3197505,0
1.0,0.94499147,3.3855433,0
1.0,0.9427135,3.4681304,0
1.0,0.93696725,3.3850746,0
1.0,0.93625647,3.392663,0
1.0,0.94013983,3.4334698,0
1.0,0.92456317,3.4087827,0
1.0,0.90008765,3.423815,0
1.0,0.9056567,3.5950253,0
1.0,0.92252505,3.6310177,0
1.0,0.94140124,3.6026895,0
1.0,0.9148343,3.5500872,0
1.0,0.9345102,3.579694,0
1.0,0.9273373,3.4769986,0
1.0,0.9488567,3.4294958,0
1.0,0.9360391,3.3806565,0
1.0,0.95364386,3.5876281,0
1.0,0.9549484,4.206788,0
1.0,0.96027535,5.0504293,0
1.0,0.9549273,5.235033,0
1.0,0.95511556,5.077473,0
1.0,0.94528174,4.897743,0
1.0,0.94585025,4.905771,0
1.0,0.9411275,5.023794,0
1.0,0.94875556,5.232883,0
1.0,0.9413524,5.2530613,0
1.0,0.931307,5.0909524,0
1.0,0.9134892,4.594244,0
1.0,0.9037628,4.06803,0
1.0,0.89822656,3.8788717,0
1.0,0.90403455,3.872261,0
1.0,0.91340476,4.056936,0
1.0,0.91862494,4.578706,0
1.0,0.91885334,5.1918306,0
1.0,0.93423945,5.6159043,0
1.0,0.940081,5.6623054,0
1.0,0.9444305,5.6783895,0
1.0,0.9517142,5.666462,0
1.0,0.95147943,5.62409,0
1.0,0.9543666,5.5023613,0
1.0,0.9521294,5.157261,0
1.0,0.9515154,5.1182184,0
1.0,0.93981373,5.772429,0
1.0,0.9262017,6.279639,0
1.0,0.9423649,6.60158,0
1.0,0.9467588,6.6944103,0
1.0,0.9331178,6.6703043,0
1.0,0.9212058,6.756357,0
1.0,0.93439597,6.8907294,0
1.0,0.9374374,6.408909,0
1.0,0.92236996,5.5456553,0
1.0,0.91716105,5.1389894,0
1.0,0.93117136,5.083674,0
1.0,0.9306897,5.084671,0
1.0,0.91352123,5.0392666,0
1.0,0.9004967,5.0495005,0
1.0,0.92241013,5.768674,0
1.0,0.92628556,6.550516,0
1.0,0.91477656,7.021726,0
1.0,0.90606374,7.1836414,0
1.0,0.92308336,7.238595,0
1.0,0.93010163,7.2648168,0
1.0,0.9255039,7.253304,0
1.0,0.9281286,7.117619,0
1.0,0.93548477,6.6433086,0
1.0,0.93395746,6.19243,0
1.0,0.92730266,5.8431997,0
1.0,0.9106911,5.864825,0
1.0,0.91944945,6.0453777,0
1.0,0.9283645,6.0788555,0
1.0,0.9283451,6.0450354,0
1.0,0.92404103,6.1192584,0
1.0,0.9370558,6.285217,0
1.0,0.9456771,6.2346487,0
1.0,0.9483696,5.9368114,0
1.0,0.9470416,5.855607,0
1.0,0.9611813,5.765009,0
1.0,0.96381575,5.694642,0
1.0,0.95201695,5.672097,0
1.0,0.93721414,5.481348,0
1.0,0.94925904,5.338189,0
1.0,0.9562408,5.6642985,0
1.0,0.94826156,6.0893292,0
1.0,0.93188626,6.25852,0
1.0,0.9471352,6.3750386,0
1.0,0.95917577,6.421647,0
1.0,0.9505413,6.3758707,0
1.0,0.9425594,6.142891,0
1.0,0.94907403,5.3328185,0
1.0,0.95782673,4.4827814,0
1.0,0.94920105,4.347967,0
1.0,0.944838,4.6861863,0
1.0,0.9157545,4.8023887,0
1.0,0.9317747,4.905673,0
1.0,0.9381291,4.9197598,0
1.0,0.9359012,4.9071035,0
1.0,0.9248488,4.8775682,0
1.0,0.9469178,4.7590156,0
1.0,0.9464371,4.6184087,0
1.0,0.93897057,4.4820137,0
1.0,0.9359497,4.453541,0
1.0,0.94976956,4.7194915,0
1.0,0.9528788,4.974122,0
1.0,0.95280707,5.1725473,0
1.0,0.9389582,4.956282,0
1.0,0.9582019,4.7800055,0
1.0,0.9615428,4.444598,0
1.0,0.9551518,3.9441257,0
1.0,0.9511862,3.857669,0
1.0,0.96087766,3.898958,0
1.0,0.95776534,3.9199724,0
1.0,0.9486107,3.9877534,0
1.0,0.95255685,4.081723,0
1.0,0.94935024,3.7382274,0
1.0,0.9496652,3.3491206,0
1.0,0.9508015,3.298085,0
1.0,0.95674956,3.3582067,0
1.0,0.95531005,3.3488722,0
1.0,0.9578254,3.3940818,0
1.0,0.95164037,3.4660146,0
1.0,0.96105015,3.5413728,0
1.0,0.9688931,3.576406,0
1.0,0.9586933,3.2707765,0
1.0,0.94666415,2.7343154,0
1.0,0.9531907,2.7345557,0
1.0,0.9638391,3.0921834,0
1.0,0.95989865,3.3381283,0
1.0,0.9505647,3.4826236,0
1.0,0.95180565,3.5599196,0
1.0,0.9605508,3.5608487,0
1.0,0.955673,3.5424867,0
1.0,0.95090544,3.5281014,0
1.0,0.9555404,3.3904195,0
1.0,0.9600641,3.1952577,0
1.0,0.9534703,2.9333148,0
1.0,0.95158875,2.7045228,0
1.0,0.9494969,2.918964,0
1.0,0.96041507,3.215205,0
1.0,0.9581273,3.2783728,0
1.0,0.9561054,3.245169,0
1.0,0.95132697,3.1783068,0
1.0,0.9648899,3.2207701,0
1.0,0.9617045,3.2236712,0
1.0,0.96334445,3.1765585,0
1.0,0.9598331,3.0542774,0
1.0,0.9674118,2.9963503,0
1.0,0.9593368,2.8669417,0
1.0,0.9498097,2.7205443,0
1.0,0.93468404,2.5857656,0
1.0,0.94864976,2.6863737,0
1.0,0.93959105,2.7342896,0
1.0,0.9353931,2.7820277,0
1.0,0.9446102,2.834099,0
1.0,0.96164894,2.8716083,0
1.0,0.9565379,2.7295125,0
1.0,0.9620482,2.6958566,0
1.0,0.96097565,2.490979,0
1.0,0.96511525,2.1147656,0
1.0,0.9584181,1.9846245,0
1.0,0.9559043,2.0630064,0
1.0,0.96072304,2.232392,0
1.0,0.96684855,2.3406806,0
1.0,0.95322,2.3152366,0
1.0,0.9474692,2.3432927,0
1.0,0.94951177,2.3518693,0
1.0,0.95423603,2.328427,0
1.0,0.95403236,2.5054274,0
1.0,0.9424152,3.0922754,0
1.0,0.95561266,3.3275104,0
1.0,0.9528689,3.1549902,0
1.0,0.962763,3.0778,0
1.0,0.9552809,3.2575927,0
1.0,0.96541214,3.553738,0
1.0,0.96177,3.637253,0
1.0,0.9693271,3.5700731,0
1.0,0.96549404,3.6996362,0
1.0,0.9544245,4.219492,0
1.0,0.9152777,4.8111506,0
1.0,0.954509,5.0792685,0
1.0,0.9592222,5.047407,0
1.0,0.95169383,5.0492163,0
1.0,0.9176414,4.9514837,0
1.0,0.9501753,4.906559,0
1.0,0.9545394,4.861985,0
1.0,0.9466599,4.873079,0
1.0,0.9182579,4.8236985,0
1.0,0.9407525,4.871213,0
1.0,0.9358804,4.8573785,0
1.0,0.9273394,4.8608932,0
1.0,0.89023,4.86703,0
1.0,0.92021465,4.942568,0
1.0,0.92301667,4.7455683,0
1.0,0.9120276,4.576118,0
1.0,0.9158047,4.495166,0
1.0,0.92443407,4.5514245,0
1.0,0.9379752,4.543287,0
1.0,0.9127126,4.5785966,0
1.0,0.90664226,4.6468005,0
1.0,0.88955694,4.6526093,0
1.0,0.909267,4.119983,0
1.0,0.89240843,3.6513176,0
1.0,0.8842596,3.5579932,0
1.0,0.88145036,3.5492854,0
1.0,0.8686331,3.3251853,0
1.0,0.87592304,3.0723758,0
1.0,0.87211233,3.2067676,0
1.0,0.8642546,3.3079286,0
1.0,0.8168323,3.0404587,0
1.0,0.82539696,2.542831,0
1.0,0.8209506,1.8851271,0
1.0,0.8511918,1.7651458,0
1.0,0.8645148,1.7870333,0
1.0,0.86837983,1.7691357,0
1.0,0.89113384,1.7775781,0
1.0,0.9048153,1.927104,0
1.0,0.9232457,1.9752578,0
1.0,0.9262754,1.8788753,0
1.0,0.9237511,1.8622051,0
1.0,0.9272766,1.880793,0
1.0,0.93537295,1.8955412,0
1.0,0.9399486,1.8722768,0
1.0,0.93077976,1.8194993,0
1.0,0.9392275,1.6937695,0
1.0,0.9461968,1.6702313,0
1.0,0.95821315,1.6639693,0
1.0,0.94523126,1.6413333,0
1.0,0.9461429,1.6289232,0
1.0,0.95613116,1.6909363,0
1.0,0.9495336,1.6179148,0
1.0,0.9311708,1.543741,0
1.0,0.92599744,1.3767427,0
1.0,0.9336821,1.2949824,0
1.0,0.9404056,1.3053894,0
1.0,0.93014187,1.2695327,0
1.0,0.9337697,1.2829605,0
1.0,0.9489969,1.4158816,0
1.0,0.9523817,1.4453201,0
1.0,0.9359972,1.1323048,0
1.0,0.88633305,0.9304432,0
1.0,0.89647424,0.93933964,0
1.0,0.89126986,0.8988554,0
1.0,0.8782154,0.90087754,0
1.0,0.8451858,0.9720831,0
1.0,0.8688126,1.2224422,0
1.0,0.91741854,1.4467494,0
1.0,0.9293807,1.5528574,0
1.0,0.9151062,1.4634514,0
1.0,0.93719953,1.4169445,0
1.0,0.943634,1.4044349,0
1.0,0.95385695,1.4162536,0
1.0,0.9396118,1.3867041,0
1.0,0.94752926,1.4228806,0
1.0,0.9542224,1.4872165,0
1.0,0.9651299,1.4957879,0
1.0,0.95502573,1.4640206,0
1.0,0.9500531,1.4668235,0
1.0,0.9409267,1.5355049,0
1.0,0.9525177,1.6012855,0
1.0,0.929504,1.5365614,0
1.0,0.93014896,1.4838147,0
1.0,0.93180037,1.491764,0
1.0,0.94263005,1.4701436,0
1.0,0.94565517,1.4923606,0
1.0,0.93228,1.5880518,0
1.0,0.9404169,1.7317824,0
1.0,0.96497136,1.9963003,0
1.0,0.97049505,2.2757697,0
1.0,0.96430546,2.2932668,0
1.0,0.95962673,2.2750483,0
1.0,0.9684155,2.2898135,0
1.0,0.9674673,2.3599372,0
1.0,0.95646846,2.3256974,0
1.0,0.9436219,2.4274404,0
1.0,0.954523,2.4702535,0
1.0,0.9466805,2.337631,0
1.0,0.9177158,2.1148622,0
1.0,0.8899862,2.0034754,0
1.0,0.9148927,2.0316498,0
1.0,0.9168018,1.9946941,0
1.0,0.9327777,2.0369241,0
1.0,0.929731,2.0316887,0
1.0,0.9344261,2.09721,0
1.0,0.9368639,2.0877275,0
1.0,0.9352287,2.0735874,0
1.0,0.92437845,2.121333,0
1.0,0.9293105,2.213411,0
1.0,0.94237536,2.47261,0
1.0,0.94016486,2.7824726,0
1.0,0.9385953,2.8053474,0
1.0,0.93578815,2.796293,0
1.0,0.94622433,2.9356318,0
1.0,0.9401906,3.0635679,0
1.0,0.93610644,3.052758,0
1.0,0.9229184,3.0508947,0
1.0,0.9337708,3.0236154,0
1.0,0.9327592,2.9035153,0
1.0,0.915404,2.7376928,0
1.0,0.9043129,2.5006757,0
1.0,0.9190037,2.2616515,0
1.0,0.93123233,2.213107,0
1.0,0.9435996,2.4820747,0
1.0,0.9371044,2.709999,0
1.0,0.949809,2.7947445,0
1.0,0.94846505,2.9037733,0
1.0,0.95720273,2.7967434,0
1.0,0.9576218,2.7542958,0
1.0,0.96577495,2.8108282,0
1.0,0.96337724,2.7398465,0
1.0,0.96680194,2.6733499,0
1.0,0.9690369,2.6305084,0
1.0,0.96253544,2.5938935,0
1.0,0.960725,2.6260595,0
1.0,0.95452595,2.8587706,0
1.0,0.95492506,3.0480332,0
1.0,0.9517356,3.24006,0
1.0,0.96211684,3.3781667,0
1.0,0.960776,3.3604665,0
1.0,0.9689757,3.293621,0
1.0,0.96797323,3.0581045,0
1.0,0.9702538,2.756627,0
1.0,0.96545583,2.6339757,0
1.0,0.9694802,2.7720335,0
1.0,0.96883684,2.934317,0
1.0,0.9722304,2.9604256,0
1.0,0.96536803,3.0426888,0
1.0,0.9672181,3.119778,0
1.0,0.9617722,3.0945122,0
1.0,0.9667372,3.1055408,0
1.0,0.9591217,3.130463,0
1.0,0.9604329,3.157682,0
1.0,0.9546111,3.1626258,0
1.0,0.9637038,3.3025472,0
1.0,0.9587338,3.0638592,0
1.0,0.9559405,2.893132,0
1.0,0.9554342,2.9677844,0
1.0,0.96334845,2.9701676,0
1.0,0.96710604,3.0302837,0
1.0,0.9666894,3.1383915,0
1.0,0.963213,3.1165242,0
1.0,0.9639484,3.110464,0
1.0,0.9677165,3.140798,0
1.0,0.9678638,3.379161,0
1.0,0.9673272,3.6937609,0
1.0,0.972528,4.110397,0
1.0,0.97764343,4.3543797,0
1.0,0.97554636,4.253879,0
1.0,0.9681143,4.094795,0
1.0,0.96412724,4.0503635,0
1.0,0.96772826,3.9856596,0
1.0,0.96358645,3.9775171,0
1.0,0.95797896,4.1786175,0
1.0,0.9550136,4.269788,0
1.0,0.9593364,4.2115126,0
1.0,0.95130366,4.0036287,0
1.0,0.9395131,3.6924624,0
1.0,0.92905617,3.5417418,0
1.0,0.9441056,3.4743948,0
1.0,0.9397318,3.7825763,0
1.0,0.9313552,4.3798714,0
1.0,0.9409192,5.1415253,0
1.0,0.9504974,5.892671,0
1.0,0.9494467,6.0793552,0
1.0,0.9470571,6.0420494,0
1.0,0.9407821,5.8459167,0
1.0,0.9403863,5.8099246,0
1.0,0.94459134,5.7648745,0
1.0,0.9465623,5.8550024,0
1.0,0.93428326,6.351536,0
1.0,0.9243573,6.8151937,0
1.0,0.90944153,6.9577293,0
1.0,0.9387206,7.0230436,0
1.0,0.9329249,7.0186186,0
1.0,0.92623395,6.987417,0
1.0,0.9165957,6.6826925,0
1.0,0.9334607,6.4245505,0
1.0,0.94284016,6.1187143,0
1.0,0.939096,5.9019184,0
1.0,0.93442076,6.028217,0
1.0,0.950485,6.5022554,0
1.0,0.9588883,6.6227903,0
1.0,0.9499773,6.5834227,0
1.0,0.9382243,6.6300745,0
1.0,0.9500131,6.806306,0
1.0,0.9556448,6.9683933,0
1.0,0.9468313,7.0814056,0
1.0,0.93449014,7.14217,0
1.0,0.9462681,7.1917505,0
1.0,0.9510993,7.179549,0
1.0,0.94109833,7.1660147,0
1.0,0.91876185,6.6530666,0
1.0,0.92425394,6.0569572,0
1.0,0.9374167,5.605499,0
1.0,0.93553466,5.080009,0
1.0,0.92036504,5.3113146,0
1.0,0.9281779,6.097478,0
1.0,0.93150485,6.4084253,0
1.0,0.93073833,6.4725304,0
1.0,0.9325449,6.5952578,0
1.0,0.9329939,6.3788004,0
1.0,0.9347544,5.7764874,0
1.0,0.9293767,5.2960753,0
1.0,0.92717826,5.1324744,0
1.0,0.9198584,5.2119055,0
1.0,0.92131317,5.7659254,0
1.0,0.9185029,6.48361,0
1.0,0.9233348,6.5641108,0
1.0,0.92315584,6.5647745,0
1.0,0.9185195,6.4248314,0
1.0,0.91734606,6.2485795,0
1.0,0.9254321,5.9939384,0
1.0,0.9369908,5.6996274,0
1.0,0.9281528,5.707998,0
1.0,0.9301347,6.013313,0
1.0,0.9290117,6.8247795,0
1.0,0.9467938,7.2837415,0
1.0,0.94388396,7.2498465,0
1.0,0.9376578,7.336013,0
1.0,0.9259793,7.198523,0
1.0,0.93159866,7.208605,0
1.0,0.9340934,7.351079,0
1.0,0.9329161,7.3832498,0
1.0,0.92536485,7.367935,0
1.0,0.932753,7.556398,0
1.0,0.931586,7.668645,0
1.0,0.9312958,7.768717,0
1.0,0.9217251,7.905246,0
1.0,0.92940587,7.643652,0
1.0,0.925215,7.3307056,0
1.0,0.9215866,7.2173095,0
1.0,0.92446035,7.1072965,0
1.0,0.93329805,7.0699415,0
1.0,0.93637025,7.2310886,0
1.0,0.93660927,7.5748177,0
1.0,0.9382948,7.746415,0
1.0,0.939965,8.008767,0
1.0,0.94463634,7.6941824,0
1.0,0.9356653,6.9142656,0
1.0,0.93671596,6.8817797,0
1.0,0.9316542,6.9029913,0
1.0,0.9388892,7.2512965,0
1.0,0.9324141,7.428508,0
1.0,0.9298733,8.160999,0
1.0,0.92019945,8.424711,0
1.0,0.9351987,8.316406,0
1.0,0.9338735,8.045264,0
1.0,0.9214599,7.133397,0
1.0,0.9114594,6.460942,0
1.0,0.92993987,6.344356,0
1.0,0.9291064,6.134305,0
1.0,0.9213684,6.1522007,0
1.0,0.9143673,6.2149696,0
1.0,0.9249164,6.4596896,0
1.0,0.92268234,6.779613,0
1.0,0.925307,7.0963726,0
1.0,0.92498523,7.296785,0
1.0,0.9245853,6.987995,0
1.0,0.9291294,6.6751494,0
1.0,0.92930245,6.0035686,0
1.0,0.92763656,5.5379753,0
1.0,0.92751867,5.61905,0
1.0,0.93139005,5.9479475,0
1.0,0.93143725,6.2703643,0
1.0,0.93390673,6.432737,0
1.0,0.9303526,6.3937826,0
1.0,0.93573105,6.0913982,0
1.0,0.93226135,5.77696,0
1.0,0.9323778,5.4631143,0
1.0,0.93326783,5.384259,0
1.0,0.9385085,5.4902735,0
1.0,0.9353539,5.572484,0
1.0,0.9394222,5.77872,0
1.0,0.9476069,5.706721,0
1.0,0.9535815,5.5807962,0
1.0,0.9439598,4.9138293,0
1.0,0.94048226,4.539222,0
1.0,0.94441396,4.5235224,0
1.0,0.950314,4.5142717,0
1.0,0.94674385,4.650179,0
1.0,0.946575,4.7762337,0
1.0,0.9568177,4.883917,0
1.0,0.9645128,4.8825455,0
1.0,0.96332663,4.7958326,0
1.0,0.96440804,4.79183,0
1.0,0.96241784,4.800586,0
1.0,0.96672016,4.7411723,0
1.0,0.96322984,4.8139353,0
1.0,0.9673486,4.8166614,0
1.0,0.9648959,4.9404407,0
1.0,0.9639244,5.083536,0
1.0,0.95657456,5.0998793,0
1.0,0.9598457,5.11498,0
1.0,0.9577961,5.166976,0
1.0,0.95863813,5.0693765,0
1.0,0.94903505,4.925927,0
1.0,0.9422808,4.952066,0
1.0,0.9375783,4.787547,0
1.0,0.94119674,4.710767,0
1.0,0.92171395,4.7125874,0
1.0,0.92128503,4.859852,0
1.0,0.9180458,4.9907017,0
1.0,0.9239129,5.2270966,0
1.0,0.9171543,5.142557,0
1.0,0.92909807,5.006208,0
1.0,0.91389275,4.8310757,0
1.0,0.91754687,4.869419,0
1.0,0.9214827,5.0672665,0
1.0,0.9361989,5.1120386,0
1.0,0.9288223,5.1062145,0
1.0,0.92504215,5.1567435,0
1.0,0.922921,4.9584675,0
1.0,0.92623496,4.812503,0
1.0,0.924861,4.740946,0
1.0,0.9248786,4.8265896,0
1.0,0.92740107,5.136545,0
1.0,0.9391618,5.355749,0
1.0,0.93823195,5.2013273,0
1.0,0.9442959,4.980439,0
1.0,0.94017637,4.570187,0
1.0,0.9456749,4.2838473,0
1.0,0.9449276,4.270134,0
1.0,0.9523753,4.2655153,0
1.0,0.95364755,4.330904,0
1.0,0.96252793,4.463086,0
1.0,0.9605559,4.399706,0
1.0,0.9648373,4.463903,0
1.0,0.95774394,4.401408,0
1.0,0.9636896,4.2263775,0
1.0,0.9638243,4.257195,0
1.0,0.9704601,4.4780684,0
1.0,0.9668114,4.6935654,0
1.0,0.9696944,4.7847133,0
1.0,0.969024,4.6544657,0
1.0,0.97275656,4.431912,0
1.0,0.97045666,4.4009113,0
1.0,0.9664293,4.3396764,0
1.0,0.9629981,4.227113,0
1.0,0.9663467,4.083377,0
1.0,0.9614572,3.8103225,0
1.0,0.9586698,3.9792204,0
1.0,0.9576217,4.354676,0
1.0,0.964172,4.680193,0
1.0,0.96521807,4.8579593,0
1.0,0.96257937,4.8710594,0
1.0,0.9631133,4.842778,0
1.0,0.96401924,4.7383366,0
1.0,0.9591666,4.4155426,0
1.0,0.95103997,4.1321764,0
1.0,0.95189446,4.1116166,0
1.0,0.95179814,4.6683464,0
1.0,0.9437978,4.924538,0
1.0,0.9418135,5.0412445,0
1.0,0.9482357,4.9293823,0
1.0,0.9416186,4.782194,0
1.0,0.93782824,4.7217073,0
1.0,0.93583304,4.6843014,0
1.0,0.9451449,4.7199306,0
1.0,0.9461648,4.596857,0
1.0,0.9449111,4.570236,0
1.0,0.9464937,4.8551955,0
1.0,0.9531349,5.0143423,0
1.0,0.9541136,4.812312,0
1.0,0.94299066,4.4595914,0
1.0,0.94169915,4.226122,0
1.0,0.94348955,4.280554,0
1.0,0.9421891,4.542574,0
1.0,0.93895143,4.8355255,0
1.0,0.946786,4.97711,0
1.0,0.9550602,5.014554,0
1.0,0.9495606,5.123728,0
1.0,0.9452269,5.3318233,0
1.0,0.94303876,5.0717034,0
1.0,0.9432393,4.671445,0
1.0,0.9359343,4.408101,0
1.0,0.93415344,4.306878,0
1.0,0.92791474,4.238264,0
1.0,0.928141,4.2922373,0
1.0,0.92294616,4.3168554,0
1.0,0.92577946,4.3401656,0
1.0,0.9371433,4.4614735,0
1.0,0.9413615,4.3501787,0
1.0,0.93268424,3.7408047,0
1.0,0.9305849,3.5584304,0
1.0,0.9362863,3.484229,0
1.0,0.93811035,3.6798499,0
1.0,0.9310577,3.8538227,0
1.0,0.9392095,3.8964124,0
1.0,0.94984335,4.117592,0
1.0,0.9544066,4.415262,0
1.0,0.9535092,4.5021467,0
1.0,0.9563679,4.486734,0
1.0,0.9578205,4.200232,0
1.0,0.96154237,4.0522137,0
1.0,0.95313317,4.0464516,0
1.0,0.9521751,4.0775876,0
1.0,0.951973,4.09235,0
1.0,0.95202863,4.094898,0
1.0,0.94590265,3.9646611,0
1.0,0.9528418,3.7955117,0
1.0,0.9540899,4.0327806,0
1.0,0.9551116,4.35572,0
1.0,0.9541625,4.334167,0
1.0,0.96111315,4.233824,0
1.0,0.9584582,4.2531214,0
1.0,0.95529425,4.2383804,0
1.0,0.9474155,4.1460557,0
1.0,0.94757193,4.07188,0
1.0,0.94849527,4.0359898,0
1.0,0.9427841,4.080598,0
1.0,0.9385176,4.2747583,0
1.0,0.9392208,4.406369,0
1.0,0.9420603,4.446581,0
1.0,0.94248486,4.484348,0
1.0,0.944474,4.60878,0
1.0,0.95256877,4.9144945,0
1.0,0.959794,5.223181,0
1.0,0.95993423,5.092472,0
1.0,0.9636603,4.906853,0
1.0,0.9652997,4.873089,0
1.0,0.9628335,4.660424,0
1.0,0.95863724,4.3310056,0
1.0,0.95413476,4.3338842,0
1.0,0.94849026,4.2987647,0
1.0,0.9434941,4.3067307,0
1.0,0.9444834,4.5340586,0
1.0,0.9443751,4.8181734,0
1.0,0.9448248,4.8357577,0
1.0,0.94216114,4.762615,0
1.0,0.9509551,4.5787973,0
1.0,0.9476074,4.3428464,0
1.0,0.95000577,4.4201193,0
1.0,0.9413935,4.436286,0
1.0,0.9463042,4.284479,0
1.0,0.94504416,4.284394,0
1.0,0.9524696,4.3701754,0
1.0,0.937778,4.285095,0
1.0,0.9479176,4.3156724,0
1.0,0.9436962,4.249486,0
1.0,0.9482803,4.2215343,0
1.0,0.9360777,4.18238,0
1.0,0.94771624,4.205693,0
1.0,0.94241655,3.9695683,0
1.0,0.94496787,3.8297782,0
1.0,0.9203479,3.6524088,0
1.0,0.9218232,3.5680676,0
1.0,0.9068777,3.374866,0
1.0,0.8945586,3.357905,0
1.0,0.88246554,3.829073,0
1.0,0.91946536,4.812641,0
1.0,0.94432724,5.4947543,0
1.0,0.953004,5.583467,0
1.0,0.9451946,5.532607,0
1.0,0.9518522,5.5303593,0
1.0,0.9529475,5.2808456,0
1.0,0.9595383,5.2332497,0
1.0,0.94920117,5.346937,0
1.0,0.94537574,5.276277,0
1.0,0.93040514,4.992816,0
1.0,0.934935,5.0521426,0
1.0,0.9366242,5.0861406,0
1.0,0.9266563,5.088976,0
1.0,0.91629267,5.043686,0
1.0,0.9200131,5.008757,0
1.0,0.9300212,5.1403246,0
1.0,0.9275417,5.886384,0
1.0,0.92785877,6.645385,0
1.0,0.9284646,6.485739,0
1.0,0.9482813,6.681888,0
1.0,0.94975376,6.699463,0
1.0,0.9373023,6.7119713,0
1.0,0.94183534,6.823127,0
1.0,0.9584272,6.931047,0
1.0,0.9515213,6.8614573,0
1.0,0.93389946,7.052457,0
1.0,0.9345275,7.480761,0
1.0,0.95392895,7.588153,0
1.0,0.9554083,7.6315765,0
1.0,0.9419009,7.5602713,0
1.0,0.933395,7.184872,0
1.0,0.95245636,6.6389403,0
1.0,0.949824,5.766365,0
1.0,0.9447949,5.152362,0
1.0,0.92936146,5.028578,0
1.0,0.9193291,5.193089,0
1.0,0.9241753,6.029599,0
1.0,0.9298952,6.8488183,0
1.0,0.9269045,6.889722,0
1.0,0.94169754,6.777712,0
1.0,0.94320756,6.6129565,0
1.0,0.9444371,6.6623607,0
1.0,0.93837816,6.878061,0
1.0,0.9461185,6.994636,0
1.0,0.94564533,6.953864,0
1.0,0.9382322,7.0453258,0
1.0,0.92458797,7.093753,0
1.0,0.91711384,6.6181927,0
1.0,0.92425114,5.737554,0
1.0,0.92393297,4.874589,0
1.0,0.9099741,4.793234,0
1.0,0.9066425,4.908713,0
1.0,0.89072967,5.412714,0
1.0,0.89208955,5.4370375,0
1.0,0.8785375,5.3182793,0
1.0,0.9011257,5.3385,0
1.0,0.8897376,5.3159437,0
1.0,0.9041004,5.494239,0
1.0,0.8921325,5.3117204,0
1.0,0.9228195,5.3896475,0
1.0,0.91628885,5.3275404,0
1.0,0.9201204,5.343136,0
1.0,0.8993559,5.3078685,0
1.0,0.90376127,5.08434,0
1.0,0.9065366,5.00816,0
1.0,0.9030132,5.1056547,0
1.0,0.891573,5.517813,0
1.0,0.9023816,6.0264263,0
1.0,0.89682674,5.3121,0
1.0,0.89531153,4.5165076,0
1.0,0.90129,4.4322233,0
1.0,0.9066695,4.4402056,0
1.0,0.9028761,4.601796,0
1.0,0.90918165,4.841939,0
1.0,0.90459716,4.6866465,0
1.0,0.90562844,4.8427343,0
1.0,0.90832335,5.2982864,0
1.0,0.9233329,5.7237873,0
1.0,0.89863455,5.464824,0
1.0,0.90756637,5.512439,0
1.0,0.9116284,5.5568533,0
1.0,0.9207041,5.627584,0
1.0,0.92260826,5.7936954,0
1.0,0.92148894,5.653411,0
1.0,0.92053723,5.163208,0
1.0,0.9299914,5.1944556,0
1.0,0.936737,5.4262457,0
1.0,0.9310445,5.744872,0
1.0,0.9271888,5.809334,0
1.0,0.9378454,5.430149,0
1.0,0.9404647,5.1594944,0
1.0,0.93833816,5.1432805,0
1.0,0.9318882,5.1488447,0
1.0,0.9367631,5.245202,0
1.0,0.9406273,5.1988077,0
1.0,0.9469695,5.3577204,0
1.0,0.9531146,5.7976317,0
1.0,0.9494526,5.9663134,0
1.0,0.9512143,5.506965,0
1.0,0.94736475,4.979573,0
1.0,0.9476595,4.8641663,0
1.0,0.93802893,4.880705,0
1.0,0.9454485,5.129726,0
1.0,0.94155097,5.623942,0
1.0,0.9494531,6.0529585,0
1.0,0.9478392,6.0285993,0
1.0,0.9630075,6.164134,0
1.0,0.9497174,5.9398713,0
1.0,0.9510004,5.5634913,0
1.0,0.9419232,5.2069044,0
1.0,0.95603514,5.138274,0
1.0,0.9490163,5.4806156,0
1.0,0.94893014,6.309633,0
1.0,0.9409643,6.5563765,0
1.0,0.94110024,6.3925524,0
1.0,0.94858444,6.2928624,0
1.0,0.9399953,6.2060394,0
1.0,0.92537993,6.1123266,0
1.0,0.934811,5.9308243,0
1.0,0.94737405,5.719241,0
1.0,0.93941,5.623272,0
1.0,0.93433905,6.024886,0
1.0,0.94189477,6.6780953,0
1.0,0.9540247,6.750534,0
1.0,0.957725,6.73787,0
1.0,0.9449491,6.6228127,0
1.0,0.94007576,6.5930195,0
1.0,0.956879,6.68447,0
1.0,0.9558435,6.659998,0
1.0,0.9439675,6.5444856,0
1.0,0.9410882,6.5717583,0
1.0,0.9563241,6.6576314,0
1.0,0.9503886,6.947967,0
1.0,0.93662363,6.8714304,0
1.0,0.92305535,6.658017,0
1.0,0.936885,6.4998593,0
1.0,0.93444663,6.1888504,0
1.0,0.93041176,6.2477307,0
1.0,0.9052251,6.012333,0
1.0,0.9218822,5.973998,0
1.0,0.91260165,5.9487066,0
1.0,0.91734356,6.4523926,0
1.0,0.91120106,7.477467,0
1.0,0.9120008,7.7612667,0
1.0,0.90627086,7.161971,0
1.0,0.90602696,7.0089417,0
1.0,0.89775234,7.1460786,0
1.0,0.89606446,7.2869644,0
1.0,0.89900666,7.2744055,0
1.0,0.91081995,7.277961,0
1.0,0.90838486,7.327137,0
1.0,0.9183174,7.671956,0
1.0,0.9104454,8.693215,0
1.0,0.90433913,9.67602,0
1.0,0.89876366,9.493651,0
1.0,0.898988,9.481258,0
1.0,0.90203905,9.5577545,0
1.0,0.90198874,9.772288,0
1.0,0.8993946,9.906335,0
1.0,0.9107931,9.919712,0
1.0,0.91611856,9.732023,0
1.0,0.9109113,9.809866,0
1.0,0.90472895,10.325403,0
1.0,0.9059802,10.626265,0
1.0,0.9108324,10.535324,0
1.0,0.905218,10.57297,0
1.0,0.90096205,10.808788,0
1.0,0.9063653,11.966664,0
1.0,0.9095516,13.174252,0
1.0,0.90860957,13.431066,0
1.0,0.8975984,13.460566,0
1.0,0.9025221,13.626675,0
1.0,0.90950435,13.934084,0
1.0,0.9135491,13.443714,0
1.0,0.90825313,12.361843,0
1.0,0.90622604,11.663925,0
1.0,0.9160338,11.506804,0
1.0,0.9202509,11.671984,0
1.0,0.9111422,12.22707,0
1.0,0.90769315,12.935319,0
1.0,0.9066552,14.521614,0
1.0,0.90508085,15.968756,0
1.0,0.90305454,16.428516,0
1.0,0.9081201,16.405375,0
1.0,0.90453833,15.306849,0
1.0,0.90614986,13.956995,0
1.0,0.9119545,13.667865,0
1.0,0.917631,13.932474,0
1.0,0.9082566,14.239883,0
1.0,0.9019007,14.188438,0
1.0,0.8978953,14.464181,0
1.0,0.9011056,14.991648,0
1.0,0.90500605,15.289043,0
1.0,0.9043373,15.485449,0
1.0,0.90421295,14.956123,0
1.0,0.90743494,14.472531,0
1.0,0.90699565,14.73073,0
1.0,0.9082077,15.475703,0
1.0,0.91430146,15.903087,0
1.0,0.9083582,15.313086,0
1.0,0.9039195,14.474308,0
1.0,0.90476996,14.163393,0
1.0,0.9045961,14.046714,0
1.0,0.9053914,13.949993,0
1.0,0.90957695,13.713466,0
1.0,0.91682786,13.715004,0
1.0,0.9150438,14.083019,0
1.0,0.90813524,14.59297,0
1.0,0.90818405,14.690874,0
1.0,0.9099586,14.489847,0
1.0,0.9122969,13.795319,0
1.0,0.9041558,12.9726925,0
1.0,0.9057074,11.728889,0
1.0,0.9063396,10.673836,0
1.0,0.90567255,10.86681,0
1.0,0.9033148,11.762249,0
1.0,0.9056375,12.530369,0
1.0,0.9002757,12.753685,0
1.0,0.9018963,12.977261,0
1.0,0.8991524,12.78001,0
1.0,0.9041913,12.381969,0
1.0,0.9016157,12.208934,0
1.0,0.912448,11.913746,0
1.0,0.9103102,11.389322,0
1.0,0.9064835,11.188916,0
1.0,0.89986277,10.933734,0
1.0,0.9057544,11.153101,0
1.0,0.90541947,11.320633,0
1.0,0.903495,11.275046,0
1.0,0.8960952,10.672945,0
1.0,0.9085214,10.116432,0
1.0,0.91494006,9.481997,0
1.0,0.9126552,8.888597,0
1.0,0.9108972,8.602486,0
1.0,0.9129698,8.83918,0
1.0,0.91884226,9.379033,0
1.0,0.9160583,9.644282,0
1.0,0.9111856,9.614864,0
1.0,0.9108884,9.291552,0
1.0,0.9097115,9.029591,0
1.0,0.90547544,9.073459,0
1.0,0.9007091,9.105885,0
1.0,0.8995176,9.333014,0
1.0,0.89758,9.477539,0
1.0,0.89861166,9.8497505,0
1.0,0.89563835,9.696989,0
1.0,0.892098,8.934584,0
1.0,0.89638877,7.755993,0
1.0,0.89338344,6.900754,0
1.0,0.8876783,6.5927906,0
1.0,0.89000285,6.6053257,0
1.0,0.8911513,7.3517723,0
1.0,0.88951796,8.274877,0
1.0,0.89165914,8.515541,0
1.0,0.8963518,8.455585,0
1.0,0.89671403,8.3336115,0
1.0,0.8994038,8.074324,0
1.0,0.90550876,7.884879,0
1.0,0.9212904,7.9010324,0
1.0,0.91811657,7.929997,0
1.0,0.90545845,7.7127447,0
1.0,0.8990423,7.4507895,0
1.0,0.9145767,7.5871363,0
1.0,0.91814876,7.962645,0
1.0,0.9113046,7.8609195,0
1.0,0.90856135,7.8007917,0
1.0,0.9173385,7.5383396,0
1.0,0.90925676,7.0474706,0
1.0,0.9031673,7.1017056,0
1.0,0.89751464,7.4106903,0
1.0,0.9006527,7.5789185,0
1.0,0.90856797,7.369898,0
1.0,0.9262903,7.3735228,0
1.0,0.9108354,7.251024,0
1.0,0.92644864,7.0382743,0
1.0,0.9309277,6.819256,0
1.0,0.93102705,6.267619,0
1.0,0.9173397,5.9868565,0
1.0,0.9220212,6.433611,0
1.0,0.9125005,6.6404667,0
1.0,0.90746087,6.70259,0
1.0,0.9022798,6.659422,0
1.0,0.8934769,6.4427433,0
1.0,0.90641177,5.781538,0
1.0,0.9106375,4.8541965,0
1.0,0.91453314,4.638323,0
1.0,0.88303435,5.04628,0
1.0,0.8996598,5.8953133,0
1.0,0.9095798,6.3692913,0
1.0,0.9326259,6.3747807,0
1.0,0.9302296,6.3030496,0
1.0,0.93244964,6.1125493,0
1.0,0.9335719,5.8247213,0
1.0,0.9514105,6.339291,0
1.0,0.9508728,7.03953,0
1.0,0.9385813,6.594302,0
1.0,0.9103285,6.8260226,0
1.0,0.93468946,7.589115,0
1.0,0.92382133,7.629079,0
1.0,0.9046588,7.473946,0
1.0,0.8893848,6.9791856,0
1.0,0.9281212,6.6810055,0
1.0,0.93250865,6.4873037,0
1.0,0.9281526,6.947244,0
1.0,0.92657757,7.1766424,0
1.0,0.9435645,7.147909,0
1.0,0.945468,7.191462,0
1.0,0.9405212,7.133171,0
1.0,0.93074805,6.941596,0
1.0,0.93702,6.936347,0
1.0,0.9460164,6.5482426,0
1.0,0.9453054,6.374528,0
1.0,0.93945646,6.632961,0
1.0,0.94265366,7.303614,0
1.0,0.94524455,7.487594,0
1.0,0.95541745,7.4196806,0
1.0,0.94354653,7.3810167,0
1.0,0.9415019,7.3358774,0
1.0,0.9440034,6.8966494,0
1.0,0.95223373,6.3577576,0
1.0,0.9423766,5.903267,0
1.0,0.9351382,5.870321,0
1.0,0.9329518,5.9044924,0
1.0,0.93124497,6.1479344,0
1.0,0.9140492,6.4632554,0
1.0,0.91099554,6.0253406,0
1.0,0.9093417,5.2691245,0
1.0,0.9009121,5.08601,0
1.0,0.90390265,5.154855,0
1.0,0.8997554,4.952473,0
1.0,0.89889956,5.006711,0
1.0,0.89373803,5.0108757,0
1.0,0.9066451,5.0659146,0
1.0,0.91372436,5.106741,0
1.0,0.912133,5.093258,0
1.0,0.906671,4.740423,0
1.0,0.9152845,4.398409,0
1.0,0.90950024,4.48845,0
1.0,0.904119,4.910208,0
1.0,0.8939692,5.060638,0
1.0,0.90230656,5.245942,0
1.0,0.9097681,5.3038254,0
1.0,0.91033304,5.2960215,0
1.0,0.8908395,5.1570907,0
1.0,0.8879197,4.795923,0
1.0,0.89714354,4.246085,0
1.0,0.90087324,3.9586127,0
1.0,0.90362173,4.084341,0
1.0,0.90638614,4.702479,0
1.0,0.9235694,5.1757755,0
1.0,0.9247028,5.100505,0
1.0,0.92690593,4.8590994,0
1.0,0.9303112,4.845376,0
1.0,0.93778557,4.945416,0
1.0,0.93600285,5.508448,0
1.0,0.93110746,5.540653,0
1.0,0.9334293,5.1759067,0
1.0,0.9352616,5.127991,0
1.0,0.9291107,5.036519,0
1.0,0.927415,5.088683,0
1.0,0.9090423,4.6532936,0
1.0,0.9302323,4.217004,0
1.0,0.9402378,4.0763216,0
1.0,0.9428979,4.144056,0
1.0,0.9282279,4.1580267,0
1.0,0.9424177,4.2302423,0
1.0,0.94797844,4.3183556,0
1.0,0.953859,4.152062,0
1.0,0.9535395,4.143147,0
1.0,0.9555541,4.0400224,0
1.0,0.9508388,3.5210814,0
1.0,0.9511301,3.3842158,0
1.0,0.9477848,3.4649684,0
1.0,0.9587512,3.6809793,0
1.0,0.96107936,3.981283,0
1.0,0.96357995,4.032774,0
1.0,0.9597583,4.074395,0
1.0,0.9667185,4.196375,0
1.0,0.9601689,4.140858,0
1.0,0.9602,4.1713686,0
1.0,0.9507384,3.6978438,0
1.0,0.96922463,3.338498,0
1.0,0.96612775,3.3689914,0
1.0,0.96210206,3.6100206,0
1.0,0.95991,3.8721073,0
1.0,0.9722679,3.951296,0
1.0,0.9760991,3.2261858,0
1.0,0.971309,2.8988347,0
1.0,0.97204125,2.905804,0
1.0,0.97010416,2.8914402,0
1.0,0.9674955,2.8675933,0
1.0,0.9619306,2.8278818,0
1.0,0.96006924,2.8672545,0
1.0,0.960182,2.8657622,0
1.0,0.96171033,2.973795,0
1.0,0.9554208,3.04674,0
1.0,0.9565137,3.0382502,0
1.0,0.95695925,2.9794135,0
1.0,0.9567988,2.9294553,0
1.0,0.949998,3.0323565,0
1.0,0.9509975,3.0564332,0
1.0,0.94302666,3.039504,0
1.0,0.95309985,3.0644307,0
1.0,0.9441812,3.00558,0
1.0,0.93995553,2.762836,0
1.0,0.9202885,2.4955015,0
1.0,0.91035163,2.2046132,0
1.0,0.892146,2.1185708,0
1.0,0.89091915,2.1198559,0
1.0,0.87729335,1.9389007,0
1.0,0.85410434,1.9183735,0
1.0,0.8029403,1.709053,0
1.0,0.8166393,1.6548464,0
1.0,0.7992623,1.6704057,0
1.0,0.8106372,1.7403485,0
1.0,0.76793945,1.4701095,0
1.0,0.80527836,1.3155618,0
1.0,0.7828834,1.3717375,0
1.0,0.7913178,1.4883288,0
1.0,0.8126771,1.5205684,0
1.0,0.81084484,1.5667766,0
1.0,0.79576445,1.5803635,0
1.0,0.83509046,1.7089784,0
1.0,0.86210656,1.8113632,0
1.0,0.8666522,1.7643917,0
1.0,0.856486,1.7757485,0
1.0,0.8589217,1.7133952,0
1.0,0.8424792,1.7503769,0
1.0,0.86763763,1.7481315,0
1.0,0.8672247,1.9357064,0
1.0,0.8813381,2.0286222,0
1.0,0.88484824,1.9100645,0
1.0,0.90072757,1.8939564,0
1.0,0.87207353,1.8406785,0
1.0,0.9014904,1.8476992,0
1.0,0.88861525,1.8884867,0
1.0,0.89394915,1.921601,0
1.0,0.871943,2.011754,0
1.0,0.8759286,2.0012472,0
1.0,0.88297194,2.1064339,0
1.0,0.8737154,2.439879,0
1.0,0.85602516,2.5661447,0
1.0,0.8755792,2.5851574,0
1.0,0.82724,2.556489,0
1.0,0.8295603,2.43006,0
1.0,0.79419273,2.2779877,0
1.0,0.8243357,2.257572,0
1.0,0.80207646,2.2455451,0
1.0,0.7970735,2.2080545,0
1.0,0.7814139,2.0647078,0
1.0,0.74998623,1.9862013,0
1.0,0.7597705,1.972168,0
1.0,0.64875114,1.9268868,0
1.0,0.63119775,2.026155,0
1.0,0.60801107,1.9473295,0
1.0,0.63287,1.9112517,0
1.0,0.6266065,1.98502,0
1.0,0.65430146,2.093684,0
1.0,0.6883137,2.085733,0
1.0,0.6465434,1.9112394,0
1.0,0.6603047,1.8730478,0
1.0,0.6549645,1.9593498,0
1.0,0.6927238,1.9460399,0
1.0,0.7175062,2.1016202,0
1.0,0.72503054,2.2626295,0
1.0,0.72538906,2.371194,0
1.0,0.7891381,2.4383945,0
1.0,0.80497044,2.4205456,0
1.0,0.81965023,2.3959656,0
1.0,0.8142226,2.2809353,0
1.0,0.76556695,2.2640262,0
1.0,0.7708481,2.1977887,0
1.0,0.80158025,1.8438032,0
1.0,0.8213113,1.7112908,0
1.0,0.8319735,2.124925,0
1.0,0.87115407,2.6050375,0
1.0,0.9083806,2.6395135,0
1.0,0.86838895,2.7331562,0
1.0,0.882035,2.8800588,0
1.0,0.88875353,2.8837657,0
1.0,0.88731176,2.8970518,0
1.0,0.8881169,2.8390841,0
1.0,0.87916154,2.8460898,0
1.0,0.9225194,3.1311822,0
1.0,0.9355979,3.2298584,0
1.0,0.94755447,3.1667268,0
1.0,0.9402083,3.3212342,0
1.0,0.9434158,3.495786,0
1.0,0.94165826,3.4197872,0
1.0,0.9523996,3.2460632,0
1.0,0.9280806,3.2246342,0
1.0,0.9454762,3.3104005,0
1.0,0.9428455,3.8054552,0
1.0,0.9633572,4.4938474,0
1.0,0.9706852,4.6388216,0
1.0,0.9660107,4.439102,0
1.0,0.95422864,4.3071146,0
1.0,0.9532446,4.4965515,0
1.0,0.9623387,4.512983,0
1.0,0.95822793,4.584791,0
1.0,0.9459099,4.7716103,0
1.0,0.9522574,5.060875,0
1.0,0.93586856,5.157591,0
1.0,0.95908386,5.1902227,0
1.0,0.95666534,5.1820765,0
1.0,0.96058345,5.2004128,0
1.0,0.9543164,4.850712,0
1.0,0.96318763,4.3502555,0
1.0,0.961654,4.6078544,0
1.0,0.9608888,4.7420263,0
1.0,0.9540079,4.5798635,0
1.0,0.96085364,4.5873737,0
1.0,0.96239686,4.562134,0
1.0,0.9548625,4.5910425,0
1.0,0.93721443,4.482346,0
1.0,0.9462047,4.665313,0
1.0,0.95162374,4.6684093,0
1.0,0.94621366,4.6571403,0
1.0,0.9150329,4.5388927,0
1.0,0.918998,4.3166275,0
1.0,0.92844015,4.324443,0
1.0,0.93191814,4.322507,0
1.0,0.9035891,4.317512,0
1.0,0.89488405,4.1946254,0
1.0,0.9108303,3.7322962,0
1.0,0.9097922,2.8889477,0
1.0,0.883248,2.7088175,0
1.0,0.84275943,2.7051415,0
1.0,0.839168,2.739211,0
1.0,0.8309198,2.8325179,0
1.0,0.8171075,3.4161148,0
1.0,0.84490645,4.1633577,0
1.0,0.84516776,4.113239,0
1.0,0.8755463,3.9033246,0
1.0,0.88959324,3.8945057,0
1.0,0.8821345,3.8969922,0
1.0,0.8822936,4.0184274,0
1.0,0.8981978,4.0191813,0
1.0,0.90761423,3.9444828,0
1.0,0.89062744,3.9118843,0
1.0,0.8907093,4.111546,0
1.0,0.8944723,4.3881817,0
1.0,0.90389186,4.3820424,0
1.0,0.91131586,4.433796,0
1.0,0.9061298,4.549226,0
1.0,0.9258361,4.611405,0
1.0,0.9119102,4.702101,0
1.0,0.92243445,4.3861513,0
1.0,0.92812794,4.2735977,0
1.0,0.931549,4.2760887,0
1.0,0.92240435,4.403375,0
1.0,0.92835724,4.4506435,0
1.0,0.9183834,4.4087553,0
1.0,0.91506875,4.4492106,0
1.0,0.9044758,4.5109067,0
1.0,0.90572613,4.699083,0
1.0,0.89338565,4.956437,0
1.0,0.89151967,5.025237,0
1.0,0.8698371,4.954994,0
1.0,0.8600147,4.88587,0
1.0,0.850444,4.8558974,0
1.0,0.829639,4.3929095,0
1.0,0.78190863,3.7480693,0
1.0,0.7742515,3.2293305,0
1.0,0.7915285,3.1384044,0
1.0,0.81699544,3.2527375,0
1.0,0.7771865,3.1559825,0
1.0,0.7890206,3.1981742,0
1.0,0.80974716,3.1231818,0
1.0,0.80069524,3.3513575,0
1.0,0.8011847,4.002882,0
1.0,0.7805173,4.0925875,0
1.0,0.78573203,3.7033126,0
1.0,0.7605851,3.1642318,0
1.0,0.781764,3.2442822,0
1.0,0.7994409,3.2796686,0
1.0,0.78473157,3.1319966,0
1.0,0.8159793,3.159366,0
1.0,0.8209862,3.766646,0
1.0,0.84991705,4.753622,0
1.0,0.86872685,4.9661617,0
1.0,0.8878487,5.0603895,0
1.0,0.8849698,4.8516445,0
1.0,0.8966964,5.138155,0
1.0,0.8956986,5.1273627,0
1.0,0.9135951,5.4192553,0
1.0,0.90785754,5.325761,0
1.0,0.9096312,5.1355357,0
1.0,0.8975074,4.810586,0
1.0,0.8955492,4.742382,0
1.0,0.88815445,4.920257,0
1.0,0.8820729,5.382413,0
1.0,0.8752599,5.306683,0
1.0,0.88246876,5.4813604,0
1.0,0.88404,5.5475006,0
1.0,0.90475374,5.353137,0
1.0,0.91146463,5.376826,0
1.0,0.9179276,5.355475,0
1.0,0.9193913,5.2858515,0
1.0,0.9285276,5.2812653,0
1.0,0.9297174,5.408322,0
1.0,0.9207301,5.309334,0
1.0,0.92564696,4.6455507,0
1.0,0.9217735,4.608226,0
1.0,0.9176357,4.7510066,0
1.0,0.88557345,4.687953,0
1.0,0.8909992,4.720105,0
1.0,0.8596005,4.611135,0
1.0,0.85917366,4.6674085,0
1.0,0.77409256,4.4859047,0
1.0,0.81225884,4.0233335,0
1.0,0.77517366,3.0363245,0
1.0,0.8079518,3.0388582,0
1.0,0.79333025,3.0037189,0
1.0,0.8032114,2.9809525,0
1.0,0.8167567,2.8416615,0
1.0,0.86131847,3.5215392,0
1.0,0.8298068,3.1653254,0
1.0,0.84579676,3.2454553,0
1.0,0.8140254,3.2016091,0
1.0,0.82666194,3.2598271,0
1.0,0.79221,3.1582446,0
1.0,0.8062798,3.0893722,0
1.0,0.78239787,2.5871625,0
1.0,0.75480354,2.4683957,0
1.0,0.72074056,2.3246884,0
1.0,0.73555154,2.230115,0
1.0,0.74843895,2.2603936,0
1.0,0.7687406,2.3070843,0
1.0,0.7666998,2.3789864,0
1.0,0.7716085,2.3881254,0
1.0,0.76613265,2.5101933,0
1.0,0.76804256,2.5581214,0
1.0,0.76539946,2.5015264,0
1.0,0.7638309,2.5163746,0
1.0,0.778662,3.017809,0
1.0,0.7817451,2.8779364,0
1.0,0.78141487,2.8548675,0
1.0,0.80360436,2.9404383,0
1.0,0.8078676,2.951208,0
1.0,0.8134291,2.902484,0
1.0,0.8115179,3.3433218,0
1.0,0.8250993,3.2286174,0
1.0,0.8211507,3.306508,0
1.0,0.81743103,3.2213635,0
1.0,0.81484073,3.2386372,0
1.0,0.8134203,3.2454896,0
1.0,0.8154877,3.127889,0
1.0,0.8198462,2.631794,0
1.0,0.8162603,2.8069465,0
1.0,0.8074317,2.7544403,0
1.0,0.807667,3.1049075,0
1.0,0.8040279,3.130247,0
1.0,0.7935062,3.1185126,0
1.0,0.79477286,3.059683,0
1.0,0.78886575,3.069344,0
1.0,0.7914894,3.072034,0
1.0,0.7815853,3.0037613,0
1.0,0.7943646,3.0073657,0
1.0,0.7836473,2.9720278,0
1.0,0.78455096,3.274166,0
1.0,0.7673523,3.3518953,0
1.0,0.7622691,3.3421912,0
1.0,0.7483475,3.1878452,0
1.0,0.7529363,3.0870261,0
1.0,0.745959,2.9547014,0
1.0,0.74555105,3.2701888,0
1.0,0.7365733,2.8581219,0
1.0,0.7279443,3.0060945,0
1.0,0.6954872,3.0097156,0
1.0,0.69154626,2.9866242,0
1.0,0.6667143,2.9625285,0
1.0,0.66666794,2.9777718,0
1.0,0.66480565,2.5491164,0
1.0,0.682268,2.617787,0
1.0,0.6496346,2.4785988,0
1.0,0.6664781,2.6249804,0
1.0,0.67022467,2.6018653,0
1.0,0.6842,2.6094878,0
1.0,0.6731702,2.6392162,0
1.0,0.67275393,2.5715413,0
1.0,0.67557526,2.3659654,0
1.0,0.6549996,2.341127,0
1.0,0.67226845,2.0435703,0
1.0,0.66512316,2.1490908,0
1.0,0.68119544,2.1607704,0
1.0,0.6704741,2.1395278,0
1.0,0.67656714,2.12567,0
1.0,0.65398234,2.1196938,0
1.0,0.6423059,2.1594777,0
1.0,0.62728345,2.1252546,0
1.0,0.70019245,2.2391968,0
1.0,0.7089175,1.9438776,0
1.0,0.74296534,2.2045324,0
1.0,0.7265279,2.3107038,0
1.0,0.72863466,2.3570416,0
1.0,0.7400355,2.3444164,0
1.0,0.74267554,2.5021007,0
1.0,0.7391038,2.245288,0
1.0,0.7231267,2.143299,0
1.0,0.7153532,1.9768231,0
1.0,0.7125501,1.9798218,0
1.0,0.71359557,1.9325397,0
1.0,0.69653225,1.9348416,0
1.0,0.695565,1.9132719,0
1.0,0.69311094,1.919451,0
1.0,0.68256456,1.8926375,0
1.0,0.65559256,1.8491662,0
1.0,0.64578205,1.7195244,0
1.0,0.6305683,1.806353,0
1.0,0.60905725,1.8839982,0
1.0,0.598954,2.0826373,0
1.0,0.619001,2.1318848,0
1.0,0.6361583,2.163103,0
1.0,0.66898066,2.1420403,0
1.0,0.601183,2.142335,0
1.0,0.67968726,2.1989474,0
1.0,0.6941165,2.3948538,0
1.0,0.788232,2.6915307,0
1.0,0.78463066,2.6885052,0
1.0,0.7970468,3.32708,0
1.0,0.79574805,3.492417,0
1.0,0.83839256,3.4359026,0
1.0,0.86589426,3.357376,0
1.0,0.8652663,3.5041404,0
1.0,0.8706698,3.199967,0
1.0,0.8619606,3.103418,0
1.0,0.8632303,3.0499084,0
1.0,0.861096,3.0140834,0
1.0,0.87630916,2.8401632,0
1.0,0.8777264,2.827498,0
1.0,0.90168035,2.7868972,0
1.0,0.8895933,2.792736,0
1.0,0.9204923,2.7940645,0
1.0,0.9159519,2.785334,0
1.0,0.93185467,2.9075434,0
1.0,0.883579,3.0807517,0
1.0,0.9004648,3.1181374,0
1.0,0.90725124,3.2132034,0
1.0,0.92465633,3.216323,0
1.0,0.9044542,3.2117133,0
1.0,0.90906835,3.1707826,0
1.0,0.8839377,3.2913277,0
1.0,0.8623721,3.4103026,0
1.0,0.8574129,3.5644789,0
1.0,0.9329689,3.6569629,0
1.0,0.9028308,3.6062038,0
1.0,0.8888548,3.6723924,0
1.0,0.8557147,3.472826,0
1.0,0.89586794,3.3659353,0
1.0,0.894259,3.1406453,0
1.0,0.8917397,3.292972,0
1.0,0.8647947,2.5885358,0
1.0,0.8577325,2.450085,0
1.0,0.85783726,2.4504368,0
1.0,0.86275864,2.4676323,0
1.0,0.8432499,2.303424,0
1.0,0.84708667,2.2243721,0
1.0,0.84229267,2.2283535,0
1.0,0.8548981,2.2661908,0
1.0,0.85015905,2.3777504,0
1.0,0.8710082,2.4931474,0
1.0,0.87279505,2.4447398,0
1.0,0.8969055,2.5032039,0
1.0,0.9089988,2.6099372,0
1.0,0.8823441,2.551996,0
1.0,0.88811755,2.603045,0
1.0,0.89147013,2.6046805,0
1.0,0.88831854,2.6362817,0
1.0,0.8673552,2.868104,0
1.0,0.8977853,3.0626493,0
1.0,0.8981431,3.0492442,0
1.0,0.8928848,3.1868453,0
1.0,0.87020767,3.3437989,0
1.0,0.8671215,3.1204355,0
1.0,0.89182985,2.791936,0
1.0,0.8768388,2.9375844,0
1.0,0.8926913,2.9633288,0
1.0,0.88955826,2.9736013,0
1.0,0.9043936,2.8846765,0
1.0,0.8934793,2.904727,0
1.0,0.8871008,2.9037862,0
1.0,0.9025843,2.902216,0
1.0,0.9163176,2.7560182,0
1.0,0.90260714,2.7402015,0
1.0,0.8977082,2.672615,0
1.0,0.88647056,3.0040193,0
1.0,0.8954226,3.1320462,0
1.0,0.88479465,3.1320906,0
1.0,0.9036234,3.2441187,0
1.0,0.8854069,3.2173936,0
1.0,0.90041196,3.2198598,0
1.0,0.89103425,3.1354694,0
1.0,0.9019809,3.0709593,0
1.0,0.87586415,3.1116602,0
1.0,0.9093206,3.4695897,0
1.0,0.92295897,3.5618174,0
1.0,0.9315361,3.5997949,0
1.0,0.91405576,3.5587082,0
1.0,0.8825926,3.4261553,0
1.0,0.8633021,3.157918,0
1.0,0.886714,2.9038506,0
1.0,0.8662194,2.6575022,0
1.0,0.87767476,2.6563041,0
1.0,0.88043773,2.5118463,0
1.0,0.88167495,2.410074,0
1.0,0.8573006,2.3993406,0
1.0,0.8558972,2.4803786,0
1.0,0.8773149,2.2916934,0
1.0,0.87273526,2.2044253,0
1.0,0.87165415,2.360316,0
1.0,0.87256014,2.592457,0
1.0,0.8813023,2.5770712,0
1.0,0.8862707,2.5598617,0
1.0,0.8937358,2.6338186,0
1.0,0.90718997,2.6533632,0
1.0,0.8992799,3.0496163,0
1.0,0.88813996,3.0834816,0
1.0,0.8849831,2.7943962,0
1.0,0.87463003,2.6871655,0
1.0,0.8437085,2.7362723,0
1.0,0.8322168,2.9756954,0
1.0,0.8242302,2.9551377,0
1.0,0.82799214,2.989884,0
1.0,0.8118057,3.0346193,0
1.0,0.77641785,2.958414,0
1.0,0.7622646,3.30049,0
1.0,0.7691827,3.1798327,0
1.0,0.7453274,3.1596525,0
1.0,0.7902075,3.4543247,0
1.0,0.86544675,3.5718513,0
1.0,0.85516477,3.7109303,0
1.0,0.8598261,4.0245214,0
1.0,0.8659019,4.039521,0
1.0,0.8874857,4.0576963,0
1.0,0.877877,4.064603,0
1.0,0.864017,4.2261333,0
1.0,0.86388564,4.318273,0
1.0,0.87574434,4.406251,0
1.0,0.868669,4.2302566,0
1.0,0.84642494,4.007885,0
1.0,0.8606508,4.0914316,0
1.0,0.87385166,3.9979653,0
1.0,0.8918359,3.8127494,0
1.0,0.8975492,3.833202,0
1.0,0.903088,3.8648715,0
1.0,0.9011484,3.8291793,0
1.0,0.8947696,3.9611797,0
1.0,0.90615886,3.6979299,0
1.0,0.8629023,3.495612,0
1.0,0.85181147,3.4161723,0
1.0,0.8583359,3.8937483,0
1.0,0.8664378,4.196432,0
1.0,0.8389285,3.9990587,0
1.0,0.80380404,3.8992274,0
1.0,0.81201214,3.9141343,0
1.0,0.8164463,3.802706,0
1.0,0.7995444,3.760587,0
1.0,0.79376197,3.285945,0
1.0,0.8407695,3.276277,0
1.0,0.86906964,3.4724977,0
1.0,0.86852086,3.6317816,0
1.0,0.86433935,3.785951,0
1.0,0.8892002,3.6571517,0
1.0,0.902294,3.6662064,0
1.0,0.8907838,3.6983347,0
1.0,0.8816654,4.0488224,0
1.0,0.89445263,4.3766623,0
1.0,0.8784154,4.2797728,0
1.0,0.87618643,4.176492,0
1.0,0.87443674,4.0759373,0
1.0,0.89232993,4.1028523,0
1.0,0.887391,4.114603,0
1.0,0.88314784,4.061468,0
1.0,0.9048818,4.078945,0
1.0,0.92017937,4.234843,0
1.0,0.9256806,4.384505,0
1.0,0.9133329,4.3966246,0
1.0,0.92188054,4.5270844,0
1.0,0.932373,4.416276,0
1.0,0.92601943,4.2900667,0
1.0,0.93301874,4.287649,0
1.0,0.9107707,4.4180603,0
1.0,0.9257431,3.9697168,0
1.0,0.90626764,3.522922,0
1.0,0.9017117,3.4387124,0
1.0,0.8799339,3.6018672,0
1.0,0.89392513,3.620275,0
1.0,0.8626773,3.6615558,0
1.0,0.87072676,3.6812587,0
1.0,0.8454782,3.6224027,0
1.0,0.8544952,3.7888815,0
1.0,0.8411873,3.5979166,0
1.0,0.8223608,3.1545722,0
1.0,0.81788045,3.12533,0
1.0,0.82370627,3.2473836,0
1.0,0.8086373,2.9439087,0
1.0,0.8114792,2.8759217,0
1.0,0.79379606,2.5023012,0
1.0,0.79671013,2.4371831,0
1.0,0.78446126,2.335647,0
1.0,0.8129245,3.2529469,0
1.0,0.78606814,3.8118317,0
1.0,0.82918686,4.103443,0
1.0,0.86556906,4.1944427,0
1.0,0.8771235,4.2120447,0
1.0,0.8800264,4.2040625,0
1.0,0.8871327,4.1387134,0
1.0,0.9025451,4.0344324,0
1.0,0.9153582,4.0172806,0
1.0,0.9121872,3.979999,0
1.0,0.9085595,4.2896304,0
1.0,0.91276264,4.401868,0
1.0,0.9202482,4.437053,0
1.0,0.89612526,4.209698,0
1.0,0.89292955,4.182479,0
1.0,0.9051186,4.5187435,0
1.0,0.90254766,4.5448165,0
1.0,0.89569,4.336607,0
1.0,0.8815405,4.352169,0
1.0,0.904445,4.3099184,0
1.0,0.901374,4.297498,0
1.0,0.8994074,4.2803755,0
1.0,0.8971031,4.0606055,0
1.0,0.9082625,3.952142,0
1.0,0.90805584,4.1829267,0
1.0,0.9208953,4.812155,0
1.0,0.92145646,5.0706363,0
1.0,0.9260542,5.061834,0
1.0,0.91732764,5.1269217,0
1.0,0.91817355,5.1960125,0
1.0,0.9044402,4.9873962,0
1.0,0.9003933,5.179494,0
1.0,0.88162816,4.204923,0
1.0,0.8752827,3.5595465,0
1.0,0.8622974,3.387805,0
1.0,0.88826466,3.5219183,0
1.0,0.86713165,3.4800897,0
1.0,0.8937787,3.5500493,0
1.0,0.8704821,3.4716842,0
1.0,0.89109975,3.5232558,0
1.0,0.8698646,3.588777,0
1.0,0.89277416,3.9064054,0
1.0,0.8713694,3.5748813,0
1.0,0.8919265,3.5179188,0
1.0,0.8733372,3.4379287,0
1.0,0.90059215,3.5129578,0
1.0,0.88674796,3.5356517,0
1.0,0.8944944,3.2461321,0
1.0,0.87960047,3.0555582,0
1.0,0.89102024,3.0987709,0
1.0,0.85876757,3.1209347,0
1.0,0.86138064,3.5387895,0
1.0,0.8173609,3.5455778,0
1.0,0.8234626,3.5654888,0
1.0,0.782765,3.474629,0
1.0,0.77240837,3.4844184,0
1.0,0.7517545,3.2976608,0
1.0,0.771433,2.6144176,0
1.0,0.7765484,2.308461,0
1.0,0.79690546,2.337172,0
1.0,0.79570055,2.2841463,0
1.0,0.7845814,2.5459614,0
1.0,0.7850738,3.0405724,0
1.0,0.84219867,2.9915895,0
1.0,0.8354948,2.9399066,0
1.0,0.8092605,3.0096183,0
1.0,0.84302026,3.009139,0
1.0,0.85093486,2.9481678,0
1.0,0.875008,2.986802,0
1.0,0.8553578,2.98111,0
1.0,0.8762437,3.246313,0
1.0,0.8856083,3.3318624,0
1.0,0.8904703,3.2262807,0
1.0,0.88341343,2.8424242,0
1.0,0.8983334,2.8370085,0
1.0,0.8969772,2.8787792,0
1.0,0.8918694,3.0753398,0
1.0,0.87450475,3.0090885,0
1.0,0.8918152,2.9839082,0
1.0,0.8769551,2.9568682,0
1.0,0.86091405,2.8895144,0
1.0,0.8533781,3.0679355,0
1.0,0.86395293,3.2281318,0
1.0,0.85031056,2.7868278,0
1.0,0.84371996,2.6707892,0
1.0,0.8272421,2.6583064,0
1.0,0.84256774,2.7815504,0
1.0,0.80667907,2.734982,0
1.0,0.8155518,2.715273,0
1.0,0.8021056,2.7179623,0
1.0,0.80975556,2.7904778,0
1.0,0.82056314,3.0985565,0
1.0,0.7696476,3.0463126,0
1.0,0.77413255,2.6945438,0
1.0,0.78097564,2.2761233,0
1.0,0.804881,2.2874784,0
1.0,0.8039425,2.252947,0
1.0,0.8296586,2.2734284,0
1.0,0.80712396,2.3000002,0
1.0,0.83391595,2.3745327,0
1.0,0.8447157,2.8067174,0
1.0,0.87544155,3.0338855,0
1.0,0.8662939,2.7864652,0
1.0,0.8842325,2.752184,0
1.0,0.8765117,2.713967,0
1.0,0.87941575,2.7075193,0
1.0,0.8696052,2.772334,0
1.0,0.88345337,2.8749037,0
1.0,0.8885884,2.835197,0
1.0,0.91085327,2.8832927,0
1.0,0.8979377,2.8568244,0
1.0,0.9185046,2.9223566,0
1.0,0.9192711,2.9174805,0
1.0,0.9214138,2.6694307,0
1.0,0.9026997,2.3741899,0
1.0,0.9088553,2.450469,0
1.0,0.9120505,2.593624,0
1.0,0.9365914,2.8877056,0
1.0,0.9275081,2.9555626,0
1.0,0.9476545,3.0448174,0
1.0,0.9527983,3.0664134,0
1.0,0.954686,3.0383236,0
1.0,0.947974,2.917201,0
1.0,0.95101345,2.6454391,0
1.0,0.9525272,2.5369816,0
1.0,0.93897414,2.6067755,0
1.0,0.9210108,2.7302494,0
1.0,0.9259534,3.0045357,0
1.0,0.9369269,3.0531209,0
1.0,0.91829437,2.993773,0
1.0,0.8895474,2.9364958,0
1.0,0.9045409,2.9617615,0
1.0,0.89548385,2.9481812,0
1.0,0.8863558,3.039442,0
1.0,0.88426965,3.2844973,0
1.0,0.9249252,3.5024197,0
1.0,0.9473838,3.5622134,0
1.0,0.9467493,3.560649,0
1.0,0.9536519,3.4673586,0
1.0,0.94624203,3.322571,0
1.0,0.9555589,3.1807067,0
1.0,0.94785684,3.2623596,0
1.0,0.9530426,3.2861748,0
1.0,0.9395272,3.2649765,0
1.0,0.95024025,3.413948,0
1.0,0.93686974,3.4014678,0
1.0,0.9361496,3.4003239,0
1.0,0.9298342,3.3877265,0
1.0,0.93107647,3.2691739,0
1.0,0.89983314,2.933764,0
1.0,0.89664555,2.9226534,0
1.0,0.8944006,3.1306193,0
1.0,0.8978231,3.153905,0
1.0,0.89497596,3.146664,0
1.0,0.8827718,3.2494636,0
1.0,0.89597684,3.2720613,0
1.0,0.9055513,3.3594732,0
1.0,0.90918195,3.4885998,0
1.0,0.9058778,3.3487077,0
1.0,0.9072451,3.0937264,0
1.0,0.91767174,3.1599815,0
1.0,0.93059564,3.106882,0
1.0,0.91550094,3.0080905,0
1.0,0.9312209,2.9917064,0
1.0,0.9028769,2.5913959,0
1.0,0.90092,2.3052578,0
1.0,0.8688212,2.2648468,0
1.0,0.8886452,2.399749,0
1.0,0.8835653,2.4729948,0
1.0,0.9035067,2.5060902,0
1.0,0.87649745,2.463323,0
1.0,0.89721197,2.6565218,0
1.0,0.8944459,2.84857,0
1.0,0.8985566,2.7758632,0
1.0,0.89046293,2.7683897,0
1.0,0.9026737,2.8026361,0
1.0,0.90009516,2.6771703,0
1.0,0.90040743,2.7485862,0
1.0,0.8839539,2.7646165,0
1.0,0.9037632,2.7577648,0
1.0,0.90444976,2.7796426,0
1.0,0.9269008,2.88501,0
1.0,0.91194695,2.7192159,0
1.0,0.9224428,2.4176173,0
1.0,0.9294844,2.376832,0
1.0,0.9197899,2.3679824,0
1.0,0.90172184,2.2459967,0
1.0,0.89876723,2.4357338,0
1.0,0.9250134,2.545526,0
1.0,0.91885704,2.3107305,0
1.0,0.8873268,2.1847386,0
1.0,0.8853273,2.3475142,0
1.0,0.89254177,2.3338954,0
1.0,0.88153225,2.295752,0
1.0,0.8571181,2.2656915,0
1.0,0.8621151,2.3329318,0
1.0,0.87136155,2.285525,0
1.0,0.88621366,2.6995423,0
1.0,0.85576874,2.5568256,0
1.0,0.86562496,2.3613272,0
1.0,0.89871955,2.350092,0
1.0,0.9024685,2.4214132,0
1.0,0.89094585,2.5237052,0
1.0,0.8898032,2.456593,0
1.0,0.8915727,2.2540984,0
1.0,0.88429004,2.246373,0
1.0,0.8312098,2.141376,0
1.0,0.8274656,2.1197739,0
1.0,0.7886872,2.0706542,0
1.0,0.80935496,2.2731268,0
1.0,0.797209,2.375449,0
1.0,0.83338034,2.5322464,0
1.0,0.8379281,2.6954927,0
1.0,0.8576676,2.8760977,0
1.0,0.8800445,2.8864503,0
1.0,0.90355617,2.9828377,0
1.0,0.8917404,3.0298376,0
1.0,0.8673356,3.267085,0
1.0,0.87187314,3.2587643,0
1.0,0.87711513,3.063063,0
1.0,0.8322024,2.850278,0
1.0,0.79309916,2.79804,0
1.0,0.8140498,2.9442968,0
1.0,0.82448167,2.954053,0
1.0,0.819591,2.942047,0
1.0,0.8047176,2.9268355,0
1.0,0.8115955,2.9399064,0
1.0,0.8194484,2.897192,0
1.0,0.8375932,2.9768915,0
1.0,0.8002274,2.7011473,0
1.0,0.8342104,2.668201,0
1.0,0.84893167,2.7049708,0
1.0,0.8386505,2.7327142,0
1.0,0.828767,2.7036042,0
1.0,0.83883405,2.6373634,0
1.0,0.84273225,2.800643,0
1.0,0.82008904,2.9384184,0
1.0,0.8507007,3.376687,0
1.0,0.88055664,3.807199,0
1.0,0.8887189,3.8324647,0
1.0,0.88586265,3.7977774,0
1.0,0.8955595,3.6615143,0
1.0,0.8901786,3.470704,0
1.0,0.8974934,3.435475,0
1.0,0.8959887,3.4328196,0
1.0,0.9008797,3.4607472,0
1.0,0.891052,3.5578942,0
1.0,0.89439726,3.5502195,0
1.0,0.90948427,3.5117254,0
1.0,0.9154546,3.2186549,0
1.0,0.9106727,3.1888905,0
1.0,0.9330448,3.289174,0
1.0,0.9374825,3.492497,0
1.0,0.9515402,3.837168,0
1.0,0.9446058,3.698042,0
1.0,0.95070034,3.5050626,0
1.0,0.9503886,3.4842668,0
1.0,0.9478439,3.4558525,0
1.0,0.941303,3.4675007,0
1.0,0.94430035,3.4898698,0
1.0,0.9559642,3.44866,0
1.0,0.9471744,3.3487358,0
1.0,0.9370714,3.432358,0
1.0,0.9461112,3.6957412,0
1.0,0.95959187,3.889266,0
1.0,0.96096814,4.006871,0
1.0,0.9634947,4.20347,0
1.0,0.960162,4.147029,0
1.0,0.96694106,3.97013,0
1.0,0.96176016,3.6324618,0
1.0,0.96304476,3.3261259,0
1.0,0.952847,3.262586,0
1.0,0.95303214,3.4051006,0
1.0,0.9415726,3.5123925,0
1.0,0.9452825,3.5627904,0
1.0,0.93719035,3.5072985,0
1.0,0.94422346,3.4371886,0
1.0,0.92883337,3.21359,0
1.0,0.929505,3.077843,0
1.0,0.94452965,3.1133718,0
1.0,0.95538294,3.1961803,0
1.0,0.9481297,3.3409107,0
1.0,0.95361435,3.504156,0
1.0,0.9590748,3.443244,0
1.0,0.95999354,3.2911632,0
1.0,0.9475812,2.9916284,0
1.0,0.95333683,2.9835055,0
1.0,0.95606434,3.061782,0
1.0,0.9539155,3.582477,0
1.0,0.9466879,3.940311,0
1.0,0.9522394,4.0864544,0
1.0,0.96060586,4.3076687,0
1.0,0.96599036,4.377728,0
1.0,0.95636094,4.1990423,0
1.0,0.9614841,4.129774,0
1.0,0.9607614,3.9737353,0
1.0,0.9672793,3.7961378,0
1.0,0.9535357,3.893573,0
1.0,0.96124583,4.062621,0
1.0,0.946028,4.021077,0
1.0,0.95072705,4.0303154,0
1.0,0.9393943,3.9019656,0
1.0,0.94538677,3.847035,0
1.0,0.936045,3.8209,0
1.0,0.9444393,3.8342645,0
1.0,0.9469388,3.695064,0
1.0,0.9503192,3.7782555,0
1.0,0.95027846,4.1039224,0
1.0,0.95909035,4.153433,0
1.0,0.9659723,4.1367292,0
1.0,0.9614262,4.180168,0
1.0,0.9453594,4.1380405,0
1.0,0.95426136,4.084181,0
1.0,0.9642606,4.09988,0
1.0,0.9595992,4.293657,0
1.0,0.9487506,4.477758,0
1.0,0.9569445,4.490238,0
1.0,0.9709499,4.468631,0
1.0,0.9642059,4.4467287,0
1.0,0.9580326,4.3533254,0
1.0,0.94462436,3.821671,0
1.0,0.9613991,3.5055845,0
1.0,0.95779246,3.393107,0
1.0,0.959321,3.457541,0
1.0,0.9452207,3.4480553,0
1.0,0.95646924,3.4663794,0
1.0,0.95580596,3.3671665,0
1.0,0.9612856,3.327909,0
1.0,0.9461004,3.3973134,0
1.0,0.9486368,3.2568433,0
1.0,0.9465123,2.906242,0
1.0,0.9554043,2.8000998,0
1.0,0.9515074,2.7982173,0
1.0,0.9502185,2.874113,0
1.0,0.9471166,2.8798625,0
1.0,0.9574985,2.9039617,0
1.0,0.9466957,2.7747517,0
1.0,0.9354508,2.9908001,0
1.0,0.9453457,3.4853833,0
1.0,0.96354717,3.397999,0
1.0,0.95771,3.272163,0
1.0,0.9487364,3.2496758,0
1.0,0.9519192,3.2092814,0
1.0,0.9632065,3.194655,0
1.0,0.9633473,3.206638,0
1.0,0.9535853,3.0519128,0
1.0,0.95464057,2.7014155,0
1.0,0.9563503,2.5305429,0
1.0,0.9376041,2.5079932,0
1.0,0.92815083,2.545054,0
1.0,0.943923,2.7987177,0
1.0,0.9474927,3.3452902,0
1.0,0.9488446,3.535408,0
1.0,0.94679785,3.5481236,0
1.0,0.9570787,3.50504,0
1.0,0.95651424,3.2113032,0
1.0,0.9570135,3.129413,0
1.0,0.96043015,3.1546607,0
1.0,0.9667944,3.1786115,0
1.0,0.9651096,3.160539,0
1.0,0.9562143,3.0761485,0
1.0,0.9556741,2.9419255,0
1.0,0.95392907,2.9078946,0
1.0,0.93801177,2.8085196,0
1.0,0.9314324,2.8908021,0
1.0,0.93746716,3.00835,0
1.0,0.9518518,3.2232716,0
1.0,0.9517758,3.3805609,0
1.0,0.96393317,3.3873606,0
1.0,0.9647243,3.0731902,0
1.0,0.9731156,2.506125,0
1.0,0.9660262,2.278834,0
1.0,0.96279573,2.298545,0
1.0,0.95316553,2.3902628,0
1.0,0.9639736,2.5646029,0
1.0,0.9615485,2.7172594,0
1.0,0.9632576,2.773129,0
1.0,0.96152866,2.7592099,0
1.0,0.97055155,2.7856376,0
1.0,0.9665327,2.7411032,0
1.0,0.968611,2.6834648,0
1.0,0.96268123,2.6203494,0
1.0,0.96207666,2.47678,0
1.0,0.9528271,2.0475454,0
1.0,0.9582382,1.9308338,0
1.0,0.9539247,2.0409079,0
1.0,0.96696633,2.143059,0
1.0,0.97331625,2.1561425,0
1.0,0.9785848,2.1692472,0
1.0,0.9772282,2.176176,0
1.0,0.9787654,2.2402844,0
1.0,0.9774998,2.3122544,0
1.0,0.9796857,2.3626,0
1.0,0.98067504,2.4474385,0
1.0,0.98400915,2.5145614,0
1.0,0.9831496,2.6914535,0
1.0,0.98249626,2.8136878,0
1.0,0.9808859,2.7381413,0
1.0,0.9807904,2.5545049,0
1.0,0.9790511,2.384544,0
1.0,0.9812851,2.4075508,0
1.0,0.98247164,2.5047421,0
1.0,0.9837,2.5104413,0
1.0,0.9819303,2.4778066,0
1.0,0.9817431,2.4292154,0
1.0,0.9782421,2.339675,0
1.0,0.9741178,2.254216,0
1.0,0.9640977,2.1365008,0
1.0,0.9606577,2.1455579,0
1.0,0.95380485,2.2930374,0
1.0,0.96760726,2.64313,0
1.0,0.9621712,2.7348783,0
1.0,0.96993256,2.7795558,0
1.0,0.9652776,2.8614116,0
1.0,0.9746475,2.895638,0
1.0,0.9614802,2.751081,0
1.0,0.9619241,2.6647758,0
1.0,0.949535,2.470353,0
1.0,0.9622936,2.4099216,0
1.0,0.94717866,2.4167395,0
1.0,0.9538433,2.902545,0
1.0,0.9430803,3.3734157,0
1.0,0.9625031,3.580363,0
1.0,0.95387906,3.6200557,0
1.0,0.95480865,3.5832238,0
1.0,0.9430724,3.4676132,0
1.0,0.955328,3.4496942,0
1.0,0.9448804,3.2461066,0
1.0,0.9521719,3.0440316,0
1.0,0.9496822,2.9616783,0
1.0,0.9673958,3.0975132,0
1.0,0.9619704,3.252671,0
1.0,0.9642121,3.3268507,0
1.0,0.96567756,3.2960033,0
1.0,0.9648921,3.2546291,0
1.0,0.9599973,3.273456,0
1.0,0.9602892,3.5822644,0
1.0,0.9636709,3.8677907,0
1.0,0.96633154,3.8703444,0
1.0,0.96710145,3.8075778,0
1.0,0.9689701,3.744306,0
1.0,0.9665687,3.5541012,0
1.0,0.96322256,3.345991,0
1.0,0.95491856,3.4406948,0
1.0,0.95378363,3.593725,0
1.0,0.9585975,3.5169265,0
1.0,0.95402724,3.4006844,0
1.0,0.94952524,3.398825,0
1.0,0.9469349,3.375972,0
1.0,0.9573209,3.403447,0
1.0,0.95789003,3.457704,0
1.0,0.9625616,3.5617087,0
1.0,0.9621946,3.3715181,0
1.0,0.9689015,2.9746344,0
1.0,0.96078014,2.7405133,0
1.0,0.958423,2.5629852,0
1.0,0.9511683,2.4784515,0
1.0,0.9393332,2.6110606,0
1.0,0.92825234,2.711187,0
1.0,0.92050487,2.6941104,0
1.0,0.91387105,2.6931334,0
1.0,0.9168155,2.6710203,0
1.0,0.88161045,2.4805408,0
1.0,0.8676078,2.3061295,0
1.0,0.8735868,2.2401638,0
1.0,0.9034145,2.2583663,0
1.0,0.8761353,2.3128786,0
1.0,0.858375,2.430903,0
1.0,0.85416263,2.2132192,0
1.0,0.87229156,1.9643333,0
1.0,0.8309426,1.8158653,0
1.0,0.8385647,1.8793007,0
1.0,0.8482263,1.9825212,0
1.0,0.8630533,2.1261103,0
1.0,0.84260315,2.0761678,0
1.0,0.8545042,2.1603498,0
1.0,0.8925831,2.2415226,0
1.0,0.88721114,2.2178574,0
1.0,0.87418395,2.2043,0
1.0,0.8862876,2.19668,0
1.0,0.8911851,2.2148955,0
1.0,0.8887582,2.239378,0
1.0,0.85876983,2.1562278,0
1.0,0.89012915,2.1286588,0
1.0,0.91044855,1.9445623,0
1.0,0.92894095,1.9490317,0
1.0,0.9208711,1.9906467,0
1.0,0.9426963,2.03994,0
1.0,0.95323837,2.1071994,0
1.0,0.9501645,1.9434404,0
1.0,0.9350834,1.8195896,0
1.0,0.95038885,2.1396127,0
1.0,0.94572955,2.3002653,0
1.0,0.94725007,2.3340209,0
1.0,0.95140195,2.4019132,0
1.0,0.96206516,2.4376845,0
1.0,0.96504307,2.457397,0
1.0,0.9650617,2.5250034,0
1.0,0.9494534,2.4718604,0
1.0,0.95301133,2.4142208,0
1.0,0.9549913,2.4598632,0
1.0,0.9657629,2.5794597,0
1.0,0.9624014,2.5574296,0
1.0,0.9652254,2.6168988,0
1.0,0.96395385,2.5233195,0
1.0,0.96621233,2.4331532,0
1.0,0.9594473,2.3869157,0
1.0,0.9545982,2.311061,0
1.0,0.9556973,2.3579164,0
1.0,0.95643497,2.488039,0
1.0,0.9580609,2.6161869,0
1.0,0.95753753,2.7318034,0
1.0,0.9594356,2.726331,0
1.0,0.9673013,2.7931654,0
1.0,0.96601146,2.7598615,0
1.0,0.9639563,2.7171912,0
1.0,0.96618605,2.7848952,0
1.0,0.9631884,3.1562722,0
1.0,0.9606882,3.2259383,0
1.0,0.9553579,3.2792523,0
1.0,0.96581227,3.2860324,0
1.0,0.95377225,3.260897,0
1.0,0.9588577,3.2381616,0
1.0,0.943579,2.9485521,0
1.0,0.956167,2.815001,0
1.0,0.9497206,2.9007185,0
1.0,0.9601466,3.0897672,0
1.0,0.95507824,3.1470914,0
1.0,0.96834546,3.1639283,0
1.0,0.95594144,3.0582838,0
1.0,0.9614162,2.9666326,0
1.0,0.9525164,2.8810081,0
1.0,0.95768213,2.9976866,0
1.0,0.9511353,3.0805178,0
1.0,0.9578028,3.1619053,0
1.0,0.9575575,3.0535414,0
1.0,0.9540902,3.0200205,0
1.0,0.95232433,2.9869573,0
1.0,0.9603616,2.9326298,0
1.0,0.9560114,2.7183173,0
1.0,0.9533298,2.5360813,0
1.0,0.95331144,2.772135,0
1.0,0.9676359,3.1434534,0
1.0,0.96117425,3.0539434,0
1.0,0.95426154,3.0413623,0
1.0,0.94729894,2.939865,0
1.0,0.9588513,2.9651816,0
1.0,0.9602661,2.9807272,0
1.0,0.9510672,2.862269,0
1.0,0.9536302,2.6332808,0
1.0,0.9575348,2.840299,0
1.0,0.95793706,3.0096955,0
1.0,0.95919895,3.0263999,0
1.0,0.9640639,3.0378203,0
1.0,0.9657507,3.0286334,0
1.0,0.9594712,3.054248,0
1.0,0.9549328,3.1459813,0
1.0,0.9571468,3.200563,0
1.0,0.9558768,3.0102372,0
1.0,0.95537424,2.9135513,0
1.0,0.9501915,2.902258,0
1.0,0.94593334,2.9902992,0
1.0,0.9374004,3.1589632,0
1.0,0.9374543,3.1979308,0
1.0,0.9309061,2.9969883,0
1.0,0.93327093,2.8191295,0
1.0,0.9184861,2.7342548,0
1.0,0.91267157,2.730095,0
1.0,0.90006775,2.8174973,0
1.0,0.9208153,3.0142248,0
1.0,0.9151377,3.138413,0
1.0,0.94025815,3.2610261,0
1.0,0.93875533,3.302154,0
1.0,0.9413316,3.0064392,0
1.0,0.9458663,2.5503035,0
1.0,0.94942594,2.5160127,0
1.0,0.9321735,2.4761772,0
1.0,0.9300451,2.522159,0
1.0,0.9314779,2.544683,0
1.0,0.9441391,2.5692606,0
1.0,0.93520164,2.6136827,0
1.0,0.9210989,2.3805313,0
1.0,0.8785889,1.9497716,0
1.0,0.9063956,1.7986503,0
1.0,0.9259683,1.804728,0
1.0,0.9371555,1.8253886,0
1.0,0.90718186,1.8604922,0
1.0,0.9148194,1.8664925,0
1.0,0.91289455,1.7309628,0
1.0,0.9174487,1.6867507,0
1.0,0.9002936,1.8823292,0
1.0,0.93977064,2.1614995,0
1.0,0.9566346,2.5137286,0
1.0,0.9471558,2.4175663,0
1.0,0.93502027,2.1962779,0
1.0,0.92662823,2.188185,0
1.0,0.9285835,2.3181274,0
1.0,0.9206158,2.3441777,0
1.0,0.8943815,2.278934,0
1.0,0.88394034,2.2404666,0
1.0,0.87457484,2.1055026,0
1.0,0.8443268,1.9133663,0
1.0,0.8044556,1.7680311,0
1.0,0.81969965,1.8097382,0
1.0,0.83093494,1.8064682,0
1.0,0.86332893,1.8993287,0
1.0,0.88844305,2.1421812,0
1.0,0.87586963,2.2338533,0
1.0,0.90162337,2.3193974,0
1.0,0.91081196,2.2997952,0
1.0,0.9306672,2.347429,0
1.0,0.91902477,2.424224,0
1.0,0.93407893,2.4572344,0
1.0,0.9364497,2.4710808,0
1.0,0.952334,2.5435462,0
1.0,0.94088805,2.5123825,0
1.0,0.9429681,2.5385098,0
1.0,0.9404207,2.546092,0
1.0,0.95035666,2.5568545,0
1.0,0.94460934,2.721787,0
1.0,0.9601634,3.1476893,0
1.0,0.964271,3.381849,0
1.0,0.9739285,3.1846466,0
1.0,0.9696853,2.9857433,0
1.0,0.9745992,2.817937,0
1.0,0.9779593,2.9427063,0
1.0,0.9838922,2.9623446,0
1.0,0.97873026,3.238071,0
1.0,0.97702426,3.650749,0
1.0,0.967644,4.2666035,0
1.0,0.9707981,4.8378677,0
1.0,0.9663224,4.912277,0
1.0,0.9654247,4.913406,0
1.0,0.95121,4.872966,0
1.0,0.954817,4.8279715,0
1.0,0.96089494,4.758769,0
1.0,0.9585447,4.7291985,0
1.0,0.9408868,4.70739,0
1.0,0.9298972,4.858615,0
1.0,0.92309976,5.190647,0
1.0,0.9410506,5.359663,0
1.0,0.9298753,5.3202457,0
1.0,0.9174102,5.2713504,0
1.0,0.91921365,5.1640034,0
1.0,0.94066966,5.2416954,0
1.0,0.93795204,5.419921,0
1.0,0.9305266,5.5893,0
1.0,0.9315675,5.6992536,0
1.0,0.94710153,5.724912,0
1.0,0.94839,5.708951,0
1.0,0.9236621,5.5551157,0
1.0,0.91452575,5.3268437,0
1.0,0.94437176,5.2023115,0
1.0,0.95029074,5.0024223,0
1.0,0.9400531,5.269329,0
1.0,0.9371582,5.6745334,0
1.0,0.95107013,5.751373,0
1.0,0.9660922,5.744858,0
1.0,0.957174,5.7182813,0
1.0,0.954312,5.3766694,0
1.0,0.9475712,4.7704487,0
1.0,0.9595353,4.4291415,0
1.0,0.9532967,4.492716,0
1.0,0.9530231,4.769858,0
1.0,0.94267666,4.805941,0
1.0,0.9537045,4.8404226,0
1.0,0.94350535,4.829334,0
1.0,0.9454423,4.8817453,0
1.0,0.9418623,4.84627,0
1.0,0.9532547,4.8255844,0
1.0,0.9514227,4.628436,0
1.0,0.9441626,4.38101,0
1.0,0.9407332,4.574719,0
1.0,0.94482243,4.7299275,0
1.0,0.951297,4.7463465,0
1.0,0.94290626,4.717048,0
1.0,0.9392424,4.6471663,0
1.0,0.94509387,4.5510774,0
1.0,0.9421547,4.4657507,0
1.0,0.9364886,4.4762163,0
1.0,0.93847066,4.73694,0
1.0,0.9524223,5.0298104,0
1.0,0.9482574,5.138713,0
1.0,0.947174,5.1067476,0
1.0,0.9440358,4.9290667,0
1.0,0.9527295,4.821522,0
1.0,0.9516285,4.483958,0
1.0,0.9521983,4.223608,0
1.0,0.94676834,4.466777,0
1.0,0.95375216,4.7345195,0
1.0,0.95259935,5.012092,0
1.0,0.95625126,5.2004733,0
1.0,0.95353353,5.2700996,0
1.0,0.95692027,4.989929,0
1.0,0.9505886,4.323486,0
1.0,0.94811666,3.9903047,0
1.0,0.9459783,4.135119,0
1.0,0.9476151,4.4132924,0
1.0,0.9477371,4.4143972,0
1.0,0.9473317,4.3791213,0
1.0,0.94790655,4.395908,0
1.0,0.94365627,4.3398123,0
1.0,0.93773866,4.3007355,0
1.0,0.9364479,4.459157,0
1.0,0.93939126,4.262493,0
1.0,0.9393433,4.1532855,0
1.0,0.946833,4.245141,0
1.0,0.9487985,4.3227196,0
1.0,0.95378494,4.343612,0
1.0,0.9565969,4.290209,0
1.0,0.95977837,4.1926045,0
1.0,0.95260465,4.058375,0
1.0,0.95218694,3.903215,0
1.0,0.95324075,3.841146,0
1.0,0.9554097,3.858208,0
1.0,0.94985455,3.9382305,0
1.0,0.9542988,4.1089315,0
1.0,0.9575549,4.2192144,0
1.0,0.9649273,4.235606,0
1.0,0.9672586,4.084541,0
1.0,0.9708218,3.6902633,0
1.0,0.97068757,3.3574877,0
1.0,0.9681054,3.2851925,0
1.0,0.96194637,3.389116,0
1.0,0.96971804,3.5514443,0
1.0,0.9718955,3.7196326,0
1.0,0.97335964,3.8322089,0
1.0,0.9682055,3.8342686,0
1.0,0.96961045,3.6986148,0
1.0,0.9680606,3.4179637,0
1.0,0.9676618,3.3751743,0
1.0,0.9648769,3.4583132,0
1.0,0.9681379,3.595185,0
1.0,0.96506727,3.7450962,0
1.0,0.9593741,3.6918359,0
1.0,0.9563931,3.2929544,0
1.0,0.9602562,3.2066584,0
1.0,0.9591452,3.2077286,0
1.0,0.9548129,3.1471226,0
1.0,0.9576672,3.0918565,0
1.0,0.9646507,3.0696616,0
1.0,0.96819276,3.1043906,0
1.0,0.9682276,3.293842,0
1.0,0.9705616,3.5354495,0
1.0,0.97733486,3.6415849,0
1.0,0.97875917,3.527,0
1.0,0.9777452,3.430025,0
1.0,0.97733444,3.3234015,0
1.0,0.97847295,3.1731398,0
1.0,0.9776229,3.108142,0
1.0,0.9763846,3.1242964,0
1.0,0.97650653,3.1504362,0
1.0,0.97825783,3.2245038,0
1.0,0.97947216,3.4236922,0
1.0,0.9798218,3.3429832,0
1.0,0.9761692,2.985077,0
1.0,0.97673917,2.77135,0
1.0,0.9777067,2.612074,0
1.0,0.9755141,2.5973482,0
1.0,0.9748071,2.8155212,0
1.0,0.9779895,2.8850532,0
1.0,0.9802822,2.9982915,0
1.0,0.98018265,3.0273366,0
1.0,0.97905195,2.923654,0
1.0,0.9797013,2.7748303,0
1.0,0.9786587,2.605982,0
1.0,0.97901833,2.6467144,0
1.0,0.9725735,2.8079414,0
1.0,0.9751951,2.8306155,0
1.0,0.975217,2.856299,0
1.0,0.9770757,2.8596232,0
1.0,0.9719139,2.8680677,0
1.0,0.9759162,3.0199487,0
1.0,0.97388226,3.0608032,0
1.0,0.97475815,2.8998158,0
1.0,0.9701349,2.6346233,0
1.0,0.9715319,2.4713018,0
1.0,0.97204834,2.4390895,0
1.0,0.9701726,2.4322836,0
1.0,0.96816325,2.5080538,0
1.0,0.968071,2.5309553,0
1.0,0.9653162,2.5096183,0
1.0,0.9636995,2.544433,0
1.0,0.9579025,2.5068922,0
1.0,0.9540391,2.4234018,0
1.0,0.9563786,2.3259265,0
1.0,0.96053547,2.303454,0
1.0,0.9575561,2.373237,0
1.0,0.9642139,2.4522872,0
1.0,0.96738607,2.486299,0
1.0,0.9654011,2.413907,0
1.0,0.9647748,2.2080836,0
1.0,0.9642019,2.1152415,0
1.0,0.9633585,1.9851965,0
1.0,0.9632779,1.9508865,0
1.0,0.9676204,1.9683533,0
1.0,0.9675395,2.0006766,0
1.0,0.9692199,2.218019,0
1.0,0.96877307,2.4014122,0
1.0,0.9725752,2.3973799,0
1.0,0.9730796,2.4093597,0
1.0,0.97279185,2.3849616,0
1.0,0.9734672,2.368244,0
1.0,0.9724459,2.3945656,0
1.0,0.9704371,2.2964735,0
1.0,0.9705508,2.2036455,0
1.0,0.96992177,2.344636,0
1.0,0.96967703,2.6703436,0
1.0,0.97061205,2.8336918,0
1.0,0.97181976,2.8820543,0
1.0,0.97342086,2.9640596,0
1.0,0.9701779,2.9446874,0
1.0,0.96806866,2.9411335,0
1.0,0.9675396,3.0009885,0
1.0,0.9701387,3.0124037,0
1.0,0.96582085,2.9832747,0
1.0,0.9661714,2.9711912,0
1.0,0.96530217,2.9305272,0
1.0,0.96611285,2.8283386,0
1.0,0.9606799,2.7107315,0
1.0,0.95687497,2.6181126,0
1.0,0.9565969,2.5702837,0
1.0,0.9566479,2.6413534,0
1.0,0.9518454,2.9609761,0
1.0,0.9547077,3.2198749,0
1.0,0.9654917,3.3756318,0
1.0,0.97508097,3.4908667,0
1.0,0.972033,3.4764366,0
1.0,0.9786816,3.4628942,0
1.0,0.97553796,3.261612,0
1.0,0.97722775,2.9016256,0
1.0,0.9704033,2.7224429,0
1.0,0.9743036,2.8508372,0
1.0,0.9722297,2.962368,0
1.0,0.97373736,3.0167582,0
1.0,0.9675647,2.9632697,0
1.0,0.96646947,2.9215639,0
1.0,0.96823436,2.9084618,0
1.0,0.9658422,2.7663097,0
1.0,0.96210206,2.5694404,0
1.0,0.9626235,2.4624007,0
1.0,0.967766,2.49817,0
1.0,0.9694633,2.506997,0
1.0,0.9670399,2.4589367,0
1.0,0.9682695,2.438071,0
1.0,0.9745748,2.3759184,0
1.0,0.97465307,2.33982,0
1.0,0.97164714,2.45299,0
1.0,0.9704479,2.5581927,0
1.0,0.97391045,2.522604,0
1.0,0.9749825,2.511708,0
1.0,0.97289896,2.5190215,0
1.0,0.9689326,2.566476,0
1.0,0.9719024,2.7507665,0
1.0,0.9760182,2.913599,0
1.0,0.97197837,2.5238607,0
1.0,0.96782917,2.2124748,0
1.0,0.96711475,2.2538557,0
1.0,0.96322113,2.2122178,0
1.0,0.9585606,2.1929035,0
1.0,0.9509203,2.1930487,0
1.0,0.9504235,2.1763523,0
1.0,0.94763273,2.2078645,0
1.0,0.9353305,2.368281,0
1.0,0.92123747,2.2981858,0
1.0,0.90643173,2.1331022,0
1.0,0.90081555,2.072695,0
1.0,0.88458985,2.0236473,0
1.0,0.8810855,2.1215966,0
1.0,0.85359406,2.1572857,0
1.0,0.85932654,2.3555918,0
1.0,0.8590282,2.52971,0
1.0,0.8676529,2.5587525,0
1.0,0.8651039,2.4988716,0
1.0,0.8832672,2.432231,0
1.0,0.898658,2.4676776,0
1.0,0.9050492,2.4668837,0
1.0,0.903019,2.510216,0
1.0,0.8890051,2.5615675,0
1.0,0.90066224,2.7096303,0
1.0,0.90472806,2.8044538,0
1.0,0.9210629,3.0079455,0
1.0,0.9219138,3.3764265,0
1.0,0.9273691,3.568107,0
1.0,0.92800075,3.5157874,0
1.0,0.9342115,3.3663716,0
1.0,0.9377475,3.119032,0
1.0,0.9424737,3.1042304,0
1.0,0.9520347,3.154469,0
1.0,0.9500289,3.00349,0
1.0,0.9506354,2.947721,0
1.0,0.9511418,2.9844692,0
1.0,0.9520215,3.3632457,0
1.0,0.95531267,4.0119095,0
1.0,0.9590251,4.4343348,0
1.0,0.95472956,4.2855463,0
1.0,0.9600163,4.156718,0
1.0,0.9614054,4.2144375,0
1.0,0.96231204,4.2216716,0
1.0,0.9625028,4.215845,0
1.0,0.9702296,4.1311955,0
1.0,0.96643263,4.1432676,0
1.0,0.961268,4.090031,0
1.0,0.95066166,3.8897507,0
1.0,0.96110106,3.9939342,0
1.0,0.9618334,3.9957454,0
1.0,0.95290905,3.977937,0
1.0,0.9480244,4.1136875,0
1.0,0.96353203,4.5198507,0
1.0,0.9637184,4.6361723,0
1.0,0.9558914,4.656684,0
1.0,0.95589375,4.484576,0
1.0,0.96691084,4.317167,0
1.0,0.9651894,4.155922,0
1.0,0.9565915,3.8027143,0
1.0,0.9490116,3.608992,0
1.0,0.9605046,3.6390178,0
1.0,0.95849603,3.6508772,0
1.0,0.9522042,3.739437,0
1.0,0.9483678,3.7795196,0
1.0,0.96130645,3.8436928,0
1.0,0.9559445,3.8397171,0
1.0,0.95341367,3.834794,0
1.0,0.9574064,3.8917582,0
1.0,0.95850086,3.564199,0
1.0,0.9519914,2.893866,0
1.0,0.9507106,2.449285,0
1.0,0.9504666,2.393158,0
1.0,0.92237455,2.3602362,0
1.0,0.9162971,2.4167066,0
1.0,0.90914303,2.5826702,0
1.0,0.9250245,2.7062783,0
1.0,0.92208934,2.7712107,0
1.0,0.9343671,2.776669,0
1.0,0.92613035,2.550332,0
1.0,0.9471196,2.4362433,0
1.0,0.93804383,2.2990098,0
1.0,0.9417243,2.3366804,0
1.0,0.92395586,2.3105168,0
1.0,0.94192415,2.2823915,0
1.0,0.9236094,1.9938267,0
1.0,0.9228633,1.8244057,0
1.0,0.89033026,1.5923116,0
1.0,0.923374,1.6719522,0
1.0,0.9081897,1.7493396,0
1.0,0.930935,1.9004025,0
1.0,0.9174528,1.8797861,0
1.0,0.93903005,1.9305398,0
1.0,0.9434836,2.0446696,0
1.0,0.9483268,2.070847,0
1.0,0.9372025,1.9381282,0
1.0,0.94634306,1.9628392,0
1.0,0.955753,1.9384577,0
1.0,0.9451054,1.8892338,0
1.0,0.9352185,1.9380491,0
1.0,0.9323238,1.9211046,0
1.0,0.932598,2.0325012,0
1.0,0.9256392,2.3287659,0
1.0,0.93085754,2.734543,0
1.0,0.9384641,2.9963837,0
1.0,0.9463906,3.0109768,0
1.0,0.9332008,2.8149605,0
1.0,0.9366072,2.6314812,0
1.0,0.92703354,2.5266294,0
1.0,0.93165475,2.4653513,0
1.0,0.91346914,2.3570929,0
1.0,0.9320944,2.4462416,0
1.0,0.9335536,2.5352426,0
1.0,0.9403432,2.7375164,0
1.0,0.9249604,2.871098,0
1.0,0.9373973,3.0084434,0
1.0,0.9383266,3.0697775,0
1.0,0.9472538,3.0588055,0
1.0,0.9411576,3.0384083,0
1.0,0.94915044,3.0572808,0
1.0,0.9487154,2.9869678,0
1.0,0.9567497,2.8924427,0
1.0,0.959339,2.9182143,0
1.0,0.96198803,3.2724435,0
1.0,0.96391374,3.692943,0
1.0,0.96281826,3.8478112,0
1.0,0.96177685,4.028619,0
1.0,0.96175534,4.1420674,0
1.0,0.9613602,4.1530843,0
1.0,0.9639004,4.1935043,0
1.0,0.965845,4.189141,0
1.0,0.9684079,4.1430755,0
1.0,0.97029525,4.196742,0
1.0,0.96985626,4.179395,0
1.0,0.9667559,4.027358,0
1.0,0.9612574,3.7058933,0
1.0,0.95950866,3.4991693,0
1.0,0.95514154,3.7503572,0
1.0,0.9504864,4.3251395,0
1.0,0.9498,4.7395225,0
1.0,0.95058227,4.790796,0
1.0,0.9543297,4.7986712,0
1.0,0.95360994,4.7534904,0
1.0,0.94988626,4.6795473,0
1.0,0.95758957,4.625332,0
1.0,0.95926607,4.4019375,0
1.0,0.9520577,4.292951,0
1.0,0.94599515,4.5789633,0
1.0,0.94172305,4.86907,0
1.0,0.95033693,5.09838,0
1.0,0.949538,5.120156,0
1.0,0.94572127,5.106775,0
1.0,0.9409534,5.140432,0
1.0,0.95167416,5.4385324,0
1.0,0.9554349,5.6735744,0
1.0,0.95193434,5.5112,0
1.0,0.9437531,5.1604786,0
1.0,0.9480025,4.9699054,0
1.0,0.9384359,4.766236,0
1.0,0.9252106,4.6891427,0
1.0,0.9068985,4.6382036,0
1.0,0.9243255,4.695924,0
1.0,0.9260598,4.7706747,0
1.0,0.92158633,4.944519,0
1.0,0.9187578,5.130263,0
1.0,0.9340866,5.160646,0
1.0,0.940196,5.021721,0
1.0,0.9428414,4.928488,0
1.0,0.9471382,4.873595,0
1.0,0.94375694,4.8356633,0
1.0,0.94446385,4.485629,0
1.0,0.9434546,4.159318,0
1.0,0.9483592,4.1567206,0
1.0,0.94196063,4.1254873,0
1.0,0.93706775,4.255157,0
1.0,0.9271927,4.516533,0
1.0,0.9381152,4.6114607,0
1.0,0.9405318,4.680277,0
1.0,0.94893265,4.770772,0
1.0,0.944246,4.6990385,0
1.0,0.9530601,4.484176,0
1.0,0.95071036,4.3116293,0
1.0,0.95820516,4.3754635,0
1.0,0.9510108,4.3681703,0
1.0,0.95587534,4.4110293,0
1.0,0.9428211,4.1913185,0
1.0,0.94706964,3.8503323,0
1.0,0.9358792,3.6005006,0
1.0,0.9486156,3.8079,0
1.0,0.93274605,4.040102,0
1.0,0.9426317,4.4202394,0
1.0,0.9368125,4.4815545,0
1.0,0.94710696,4.441061,0
1.0,0.93671185,4.3816414,0
1.0,0.94109285,4.410928,0
1.0,0.9289119,4.1903086,0
1.0,0.92634565,4.068883,0
1.0,0.9284646,4.296526,0
1.0,0.941297,4.4194098,0
1.0,0.94757044,4.629903,0
1.0,0.94582087,4.978465,0
1.0,0.93824697,4.7916903,0
1.0,0.9355135,4.586014,0
1.0,0.9449441,4.6048985,0
1.0,0.93796194,4.799171,0
1.0,0.9407746,5.0926113,0
1.0,0.9404112,5.0797253,0
1.0,0.9523465,4.894806,0
1.0,0.94608676,4.8074307,0
1.0,0.94784987,4.759003,0
1.0,0.9350011,4.553872,0
1.0,0.94436294,4.327479,0
1.0,0.9368055,4.297585,0
1.0,0.9419654,4.3607087,0
1.0,0.93772566,4.3140454,0
1.0,0.94993275,4.4255714,0
1.0,0.94872546,4.5989037,0
1.0,0.9562139,4.607795,0
1.0,0.9567519,4.6534214,0
1.0,0.965402,4.991441,0
1.0,0.96285737,5.0929947,0
1.0,0.962184,5.0068827,0
1.0,0.9588631,4.773326,0
1.0,0.96408415,4.6698623,0
1.0,0.9581325,4.666004,0
1.0,0.95945114,4.661055,0
1.0,0.956188,4.571689,0
1.0,0.96125895,4.5552683,0
1.0,0.95924324,4.462367,0
1.0,0.9604485,4.3301373,0
1.0,0.96008813,4.4311604,0
1.0,0.9648859,4.7288876,0
1.0,0.96510845,4.966526,0
1.0,0.9658074,5.000291,0
1.0,0.96266216,4.948543,0
1.0,0.96340805,4.8740616,0
1.0,0.961254,4.6561937,0
1.0,0.9565802,4.491171,0
1.0,0.949951,4.4633026,0
1.0,0.9460395,4.482711,0
1.0,0.9463539,4.572917,0
1.0,0.9429584,4.6621933,0
1.0,0.9372228,4.609023,0
1.0,0.9353958,4.503397,0
1.0,0.94003004,4.420349,0
1.0,0.9445769,4.3450575,0
1.0,0.9393998,4.35431,0
1.0,0.9484333,4.5235195,0
1.0,0.9549155,4.421881,0
1.0,0.9604001,4.3914404,0
1.0,0.9628607,4.379771,0
1.0,0.96497923,4.1321282,0
1.0,0.96098584,3.833546,0
1.0,0.9611267,3.6458697,0
1.0,0.96264094,3.6055245,0
1.0,0.9635487,3.7474847,0
1.0,0.9640609,3.9074001,0
1.0,0.96767914,4.025503,0
1.0,0.9689298,4.032464,0
1.0,0.9727391,4.044146,0
1.0,0.9762347,3.9443004,0
1.0,0.981375,3.7519357,0
1.0,0.9802029,3.6507907,0
1.0,0.98068774,3.5594108,0
1.0,0.97937316,3.1678786,0
1.0,0.98112637,3.0486991,0
1.0,0.97658724,3.1093516,0
1.0,0.9758956,3.223322,0
1.0,0.97729266,3.2344885,0
1.0,0.9775432,3.1284783,0
1.0,0.975243,2.9869447,0
1.0,0.9721672,2.8727245,0
1.0,0.972409,2.8844757,0
1.0,0.97372663,2.929243,0
1.0,0.9737741,2.9895697,0
1.0,0.9724744,3.1065874,0
1.0,0.9734663,3.1529236,0
1.0,0.97332555,3.1938965,0
1.0,0.9706863,3.2208052,0
1.0,0.9716915,3.110724,0
1.0,0.97243506,2.988052,0
1.0,0.9743313,2.9808345,0
1.0,0.97360253,2.952674,0
1.0,0.9732699,2.9405427,0
1.0,0.97430307,2.9544153,0
1.0,0.9741678,2.9786236,0
1.0,0.97441995,2.93463,0
1.0,0.97107106,2.8071861,0
1.0,0.9698197,2.7478476,0
1.0,0.9669078,2.8104656,0
1.0,0.9709103,2.9152317,0
1.0,0.97468215,2.9968996,0
1.0,0.97338164,3.0145235,0
1.0,0.9698148,2.9853477,0
1.0,0.97282773,2.9556131,0
1.0,0.97603285,2.7826548,0
1.0,0.97581744,2.5919461,0
1.0,0.9727529,2.6241734,0
1.0,0.972493,2.7382693,0
1.0,0.97115135,2.7695656,0
1.0,0.96614987,2.7956128,0
1.0,0.95780253,2.7392824,0
1.0,0.9658107,2.7983513,0
1.0,0.9669757,2.8065162,0
1.0,0.9674327,2.7557328,0
1.0,0.9561479,2.6470633,0
1.0,0.9624441,2.6310444,0
1.0,0.96949446,2.6967127,0
1.0,0.9694538,2.6658087,0
1.0,0.96369255,2.7010694,0
1.0,0.96574914,2.8670545,0
1.0,0.9709769,2.8443015,0
1.0,0.9685467,2.823805,0
1.0,0.959941,2.7897081,0
1.0,0.95280004,2.864305,0
1.0,0.9577665,2.89819,0
1.0,0.9547796,2.8727312,0
1.0,0.9517017,2.8644128,0
1.0,0.94436145,2.7876103,0
1.0,0.9480623,2.8322253,0
1.0,0.9437858,2.8843203,0
1.0,0.9441881,2.796394,0
1.0,0.93909025,2.72011,0
1.0,0.9541978,2.7116265,0
1.0,0.9528102,2.7087152,0
1.0,0.9629669,2.8208435,0
1.0,0.95911634,2.8815928,0
1.0,0.97230715,2.8740497,0
1.0,0.9719886,3.103277,0
1.0,0.97828114,3.4135098,0
1.0,0.9738573,3.3898458,0
1.0,0.9761796,3.3173923,0
1.0,0.9726059,3.283922,0
1.0,0.97550994,3.3114796,0
1.0,0.97071654,3.2676966,0
1.0,0.9709848,3.4019938,0
1.0,0.9654281,3.4320517,0
1.0,0.9711454,3.384029,0
1.0,0.9718517,3.3601727,0
1.0,0.9706296,3.207941,0
1.0,0.9585413,3.0512927,0
1.0,0.9611767,2.9945683,0
1.0,0.9581891,2.8913488,0
1.0,0.9598103,2.8512695,0
1.0,0.9568826,2.9361348,0
1.0,0.9589371,3.308465,0
1.0,0.96139336,3.4161725,0
1.0,0.9618923,3.4851282,0
1.0,0.9652133,3.492262,0
1.0,0.9654665,3.3973868,0
1.0,0.96696156,3.402878,0
1.0,0.9594634,3.303055,0
1.0,0.95933694,3.134225,0
1.0,0.9556018,3.1638966,0
1.0,0.9611662,3.3675823,0
1.0,0.96216005,3.6020932,0
1.0,0.9654057,3.7572503,0
1.0,0.9607992,3.6913593,0
1.0,0.9615666,3.5652192,0
1.0,0.9565002,3.3992975,0
1.0,0.96123165,3.1564577,0
1.0,0.9555894,2.8862848,0
1.0,0.9551617,2.8959146,0
1.0,0.95748585,3.1915534,0
1.0,0.9688777,3.5081065,0
1.0,0.9647778,3.567795,0
1.0,0.9675428,3.617712,0
1.0,0.9644456,3.5143256,0
1.0,0.9674634,3.424564,0
1.0,0.96013004,3.397924,0
1.0,0.9629417,3.4177225,0
1.0,0.95985055,3.420391,0
1.0,0.96749204,3.5613637,0
1.0,0.96522105,3.7849646,0
1.0,0.96689767,3.7748744,0
1.0,0.96548814,3.7803226,0
1.0,0.9677944,3.7242365,0
1.0,0.96563876,3.3756688,0
1.0,0.9651231,3.2568054,0
1.0,0.96272844,3.2250683,0
1.0,0.9656434,3.2110643,0
1.0,0.9679625,3.2365093,0
1.0,0.97066957,3.2946107,0
1.0,0.97178227,3.4207604,0
1.0,0.9732136,3.5302968,0
1.0,0.97146297,3.565834,0
1.0,0.9723575,3.4609766,0
1.0,0.97214085,3.229442,0
1.0,0.9720953,3.0677903,0
1.0,0.9731529,3.0705018,0
1.0,0.9755896,3.1618292,0
1.0,0.97898495,3.3376765,0
1.0,0.9798646,3.5310342,0
1.0,0.9819905,3.5111742,0
1.0,0.98366,3.3391328,0
1.0,0.983177,3.0138416,0
1.0,0.9815925,2.7098365,0
1.0,0.9804183,2.68189,0
1.0,0.9818773,2.7652178,0
1.0,0.98088306,2.7940495,0
1.0,0.9823484,2.8125072,0
1.0,0.9817307,2.8344154,0
1.0,0.9829642,2.8145833,0
1.0,0.97989595,2.79189,0
1.0,0.9812026,2.8223822,0
1.0,0.9809256,2.7496557,0
1.0,0.9822764,2.818345,0
1.0,0.98263353,2.8396852,0
1.0,0.9834095,2.8266034,0
1.0,0.9838297,2.813045,0
1.0,0.98377466,2.745718,0
1.0,0.98329663,2.6508775,0
1.0,0.9831818,2.6166644,0
1.0,0.98279774,2.6295762,0
1.0,0.9840649,2.6098938,0
1.0,0.98358834,2.4786308,0
1.0,0.9796424,2.3808942,0
1.0,0.9733748,2.2952547,0
1.0,0.9750354,2.3214066,0
1.0,0.97714406,2.628921,0
1.0,0.97930944,2.968932,0
1.0,0.9784711,3.0124083,0
1.0,0.98011005,2.9370475,0
1.0,0.9780918,2.7642326,0
1.0,0.9783092,2.5744717,0
1.0,0.97641784,2.5639772,0
1.0,0.9761203,2.6418974,0
1.0,0.9749945,2.627354,0
1.0,0.9737273,2.5990152,0
1.0,0.97071284,2.6284697,0
1.0,0.96905667,2.571652,0
1.0,0.96534103,2.533967,0
1.0,0.9711194,2.6124945,0
1.0,0.97087806,2.6384394,0
1.0,0.9694351,2.6664183,0
1.0,0.96208173,2.7444198,0
1.0,0.9641974,2.7314982,0
1.0,0.9600993,2.5349448,0
1.0,0.95812535,2.3727167,0
1.0,0.9514419,2.3274078,0
1.0,0.96140426,2.3568192,0
1.0,0.9594985,2.36268,0
1.0,0.9640167,2.3895764,0
1.0,0.9552761,2.417429,0
1.0,0.9652758,2.566671,0
1.0,0.96747375,2.6062336,0
1.0,0.97406363,2.5852294,0
1.0,0.9673159,2.5481553,0
1.0,0.9745198,2.536324,0
1.0,0.9724689,2.4707181,0
1.0,0.97671926,2.4427745,0
1.0,0.96738964,2.2226987,0
1.0,0.9739379,1.9361043,0
1.0,0.9730443,1.8946226,0
1.0,0.97540116,2.0120425,0
1.0,0.96912146,2.0914125,0
1.0,0.97259516,2.1529756,0
1.0,0.97279257,2.1136236,0
1.0,0.97495836,2.0723295,0
1.0,0.97060543,2.1688817,0
1.0,0.97475034,2.3990378,0
1.0,0.9782031,2.6051505,0
1.0,0.98137283,2.7711787,0
1.0,0.98033065,2.8395615,0
1.0,0.98135066,2.7898822,0
1.0,0.98035634,2.7339082,0
1.0,0.98085934,2.6836798,0
1.0,0.97728044,2.5424564,0
1.0,0.9781095,2.4964345,0
1.0,0.9752201,2.5768845,0
1.0,0.97717047,2.7407808,0
1.0,0.9753813,2.8269045,0
1.0,0.977696,2.81641,0
1.0,0.97678417,2.7915182,0
1.0,0.97687966,2.7952712,0
1.0,0.97390544,2.770459,0
1.0,0.9734431,2.7572687,0
1.0,0.9704409,2.7947145,0
1.0,0.9727716,2.8823583,0
1.0,0.973301,3.0135121,0
1.0,0.9727668,3.2108207,0
1.0,0.9719669,3.39659,0
1.0,0.9715346,3.3575397,0
1.0,0.97253644,3.2421656,0
1.0,0.9694165,3.2544475,0
1.0,0.9675579,3.320078,0
1.0,0.9699267,3.278582,0
1.0,0.9757506,3.2298994,0
1.0,0.9777604,3.1822145,0
1.0,0.97733945,3.14912,0
1.0,0.97686607,3.1187663,0
1.0,0.97909343,3.0013764,0
1.0,0.97708833,2.8057384,0
1.0,0.97666717,2.6672826,0
1.0,0.9787637,2.5690594,0
1.0,0.97812426,2.627544,0
1.0,0.9784319,2.7511766,0
1.0,0.98027575,2.8671203,0
1.0,0.9839575,3.0495944,0
1.0,0.984309,3.1078331,0
1.0,0.98263377,3.0310378,0
1.0,0.9800776,2.8996537,0
1.0,0.97935075,2.684087,0
1.0,0.97960174,2.5600214,0
1.0,0.97682005,2.643452,0
1.0,0.97419214,2.7795389,0
1.0,0.97369903,2.843502,0
1.0,0.97701454,3.0009317,0
1.0,0.9716964,2.9613352,0
1.0,0.97077036,2.8440154,0
1.0,0.9689285,2.7806184,0
1.0,0.9743095,2.761609,0
1.0,0.9677664,2.563241,0
1.0,0.96571857,2.3530877,0
1.0,0.9692919,2.3332603,0
1.0,0.9756969,2.3632596,0
1.0,0.9705977,2.32399,0
1.0,0.96359944,2.2691703,0
1.0,0.9555342,2.2897482,0
1.0,0.9597391,2.4021487,0
1.0,0.95328516,2.6849935,0
1.0,0.9495108,3.0513313,0
1.0,0.94812983,3.1959088,0
1.0,0.96578604,3.3070002,0
1.0,0.9631936,3.2900753,0
1.0,0.96096605,3.1693563,0
1.0,0.95651984,3.0364277,0
1.0,0.96554726,2.8854575,0
1.0,0.95931095,2.7253554,0
1.0,0.9596503,2.6186402,0
1.0,0.9582545,2.5868485,0
1.0,0.9603379,2.8539474,0
1.0,0.9569174,3.0570807,0
1.0,0.9591072,3.0638926,0
1.0,0.96369797,3.0846324,0
1.0,0.96418685,3.2380083,0
1.0,0.9669766,3.4616435,0
1.0,0.96462214,3.5713627,0
1.0,0.9601974,3.7288744,0
1.0,0.9613807,3.6824427,0
1.0,0.96288,3.5773425,0
1.0,0.96259904,3.6337547,0
1.0,0.9541146,3.6389377,0
1.0,0.951046,3.571239,0
1.0,0.94788074,3.7695293,0
1.0,0.94530123,4.002158,0
1.0,0.94140387,4.3587513,0
1.0,0.94145113,4.4687243,0
1.0,0.9524368,4.46975,0
1.0,0.9564175,4.4133883,0
1.0,0.95112234,4.3131256,0
1.0,0.9496313,4.3109293,0
1.0,0.95664054,4.2042723,0
1.0,0.9575766,3.9862008,0
1.0,0.9460793,3.9789944,0
1.0,0.94422954,4.0638933,0
1.0,0.9447185,4.106165,0
1.0,0.94447416,4.0861998,0
1.0,0.9392847,4.1079645,0
1.0,0.9447624,4.244748,0
1.0,0.9449376,4.3338556,0
1.0,0.94843996,4.423973,0
1.0,0.95343435,4.349497,0
1.0,0.95932573,4.0557256,0
1.0,0.9658053,3.9120045,0
1.0,0.9611455,3.9710875,0
1.0,0.96367615,3.9863281,0
1.0,0.96349275,3.8569117,0
1.0,0.96350753,3.6708963,0
1.0,0.9643699,3.6288354,0
1.0,0.9696307,3.6295586,0
1.0,0.97055346,3.5818706,0
1.0,0.97124803,3.573176,0
1.0,0.97250473,3.5405369,0
1.0,0.9770173,3.5025744,0
1.0,0.97770727,3.5966673,0
1.0,0.978679,3.590612,0
1.0,0.9755113,3.729598,0
1.0,0.9777272,3.7595835,0
1.0,0.97824633,3.8822384,0
1.0,0.9753195,3.910961,0
1.0,0.9701535,3.8977032,0
1.0,0.9703987,3.8762207,0
1.0,0.9682311,3.7486062,0
1.0,0.96803814,3.6413946,0
1.0,0.9601432,3.6224918,0
1.0,0.958141,3.5433898,0
1.0,0.95190805,3.3853827,0
1.0,0.9506438,3.2942517,0
1.0,0.94503915,3.3264904,0
1.0,0.9485959,3.3881512,0
1.0,0.9437117,3.2786741,0
1.0,0.9481931,3.236311,0
1.0,0.94449854,3.2631087,0
1.0,0.9541223,3.4486156,0
1.0,0.95215595,3.6600795,0
1.0,0.96120155,3.7105224,0
1.0,0.9635027,3.6190805,0
1.0,0.9653953,3.6916797,0
1.0,0.9539154,3.6516032,0
1.0,0.9641226,3.558908,0
1.0,0.9642161,3.5086625,0
1.0,0.9601767,3.684309,0
1.0,0.9580514,3.6791584,0
1.0,0.96803856,3.928561,0
1.0,0.97252774,4.3284197,0
1.0,0.9710061,4.4687066,0
1.0,0.970974,4.386941,0
1.0,0.97106844,4.1644354,0
1.0,0.9698126,3.7384884,0
1.0,0.9629795,3.2882996,0
1.0,0.9584272,3.0246267,0
1.0,0.9592359,2.996095,0
1.0,0.9579483,3.0548208,0
1.0,0.9537561,3.2998602,0
1.0,0.94940364,3.8198729,0
1.0,0.94925606,4.0749307,0
1.0,0.9477326,3.9621546,0
1.0,0.9447831,3.839528,0
1.0,0.9453039,3.883274,0
1.0,0.95396674,3.8957543,0
1.0,0.9611098,3.8678513,0
1.0,0.9574716,3.7927094,0
1.0,0.96263045,3.8536086,0
1.0,0.9589703,3.9374788,0
1.0,0.95914143,3.932646,0
1.0,0.955375,3.8751035,0
1.0,0.95602185,3.782392,0
1.0,0.95673025,3.7138863,0
1.0,0.9578431,3.7049353,0
1.0,0.9603071,3.6285295,0
1.0,0.96114784,3.6373677,0
1.0,0.96649677,3.7407622,0
1.0,0.9694382,3.6194448,0
1.0,0.9739609,3.190242,0
1.0,0.9664814,3.03846,0
1.0,0.9531345,2.7869067,0
1.0,0.9394292,2.386533,0
1.0,0.94479275,2.2763085,0
1.0,0.9367492,2.2634695,0
1.0,0.9228424,2.4163275,0
1.0,0.9537369,2.7135239,0
1.0,0.96741694,3.0031586,0
1.0,0.96972376,3.1729155,0
1.0,0.97566366,3.197064,0
1.0,0.9794446,3.1330557,0
1.0,0.98079544,2.8708901,0
1.0,0.9716026,2.300511,0
1.0,0.974678,1.9829239,0
1.0,0.97504824,1.9382292,0
1.0,0.97434616,1.9361119,0
1.0,0.96796507,1.9302773,0
1.0,0.96989787,2.2052221,0
1.0,0.967251,2.407376,0
1.0,0.96434605,2.558454,0
1.0,0.9579504,2.5796936,0
1.0,0.9560903,2.4691088,0
1.0,0.96477294,2.3798244,0
1.0,0.96443474,2.2215474,0
1.0,0.96536416,2.087191,0
1.0,0.9684002,2.0708227,0
1.0,0.9780588,2.1141398,0
1.0,0.97737336,2.2194633,0
1.0,0.9749001,2.2993417,0
1.0,0.97291213,2.3061786,0
1.0,0.9714452,2.3165565,0
1.0,0.96915734,2.3941846,0
1.0,0.9709509,2.5647883,0
1.0,0.9758184,2.7321892,0
1.0,0.9782265,2.8219361,0
1.0,0.97999346,2.8616247,0
1.0,0.97905743,2.8701181,0
1.0,0.98212427,2.707038,0
1.0,0.9827042,2.4680579,0
1.0,0.9818362,2.217321,0
1.0,0.9797172,2.0956674,0
1.0,0.97862786,2.187265,0
1.0,0.97806346,2.3082335,0
1.0,0.9786622,2.4398887,0
1.0,0.9786285,2.5661385,0
1.0,0.98175657,2.7248187,0
1.0,0.9826251,2.8614454,0
1.0,0.98447627,3.0022035,0
1.0,0.9843412,3.0710394,0
1.0,0.98556143,2.8272305,0
1.0,0.9842099,2.5936208,0
1.0,0.98471975,2.4535303,0
1.0,0.9836036,2.3522205,0
1.0,0.983844,2.3274665,0
1.0,0.9814789,2.341904,0
1.0,0.98096025,2.396204,0
1.0,0.97817266,2.5259526,0
1.0,0.97934556,2.954102,0
1.0,0.9802514,3.3306518,0
1.0,0.9815663,3.333569,0
1.0,0.98292625,3.276356,0
1.0,0.9822233,3.1711707,0
1.0,0.9817972,3.1441364,0
1.0,0.9814317,3.0636697,0
1.0,0.9814979,2.9436035,0
1.0,0.97857,2.9054894,0
1.0,0.97630584,3.1529684,0
1.0,0.9745487,3.5472865,0
1.0,0.9720737,3.7972214,0
1.0,0.97047204,3.9461129,0
1.0,0.96326214,4.047231,0
1.0,0.9633403,4.0604687,0
1.0,0.95858246,3.99711,0
1.0,0.9621731,3.8977993,0
1.0,0.9609758,3.7732744,0
1.0,0.9603835,3.7718873,0
1.0,0.9569711,3.9514341,0
1.0,0.9555179,3.898888,0
1.0,0.94924617,3.7406094,0
1.0,0.9399415,3.5821102,0
1.0,0.9296351,3.5344033,0
1.0,0.92572784,3.6727967,0
1.0,0.92105955,3.8604848,0
1.0,0.93063694,4.091907,0
1.0,0.940638,4.1763406,0
1.0,0.9508776,4.3073516,0
1.0,0.954933,4.526815,0
1.0,0.9623492,4.644249,0
1.0,0.9618687,4.560461,0
1.0,0.95886487,4.1293025,0
1.0,0.94886404,3.706854,0
1.0,0.9536328,3.6620076,0
1.0,0.95594746,3.7630382,0
1.0,0.95725244,3.9562647,0
1.0,0.9592999,4.2472787,0
1.0,0.9632276,4.726534,0
1.0,0.9633311,4.8235116,0
1.0,0.96197647,4.71075,0
1.0,0.95850635,4.3622975,0
1.0,0.95048046,3.8868592,0
1.0,0.95122784,3.6000323,0
1.0,0.9422803,3.4706388,0
1.0,0.93509406,3.3978086,0
1.0,0.94785494,3.5510035,0
1.0,0.95884174,3.9091187,0
1.0,0.96195596,4.290979,0
1.0,0.9621273,4.649603,0
1.0,0.95963216,4.6860924,0
1.0,0.95678043,4.3790426,0
1.0,0.95078236,4.2602625,0
1.0,0.95498616,4.300456,0
1.0,0.95560724,4.361474,0
1.0,0.9585,4.2836266,0
1.0,0.95314825,4.181419,0
1.0,0.95549166,4.295699,0
1.0,0.95527405,4.2612066,0
1.0,0.95144534,4.190142,0
1.0,0.94320357,4.068267,0
1.0,0.94089967,3.8434668,0
1.0,0.9415316,3.8015034,0
1.0,0.9446499,4.0714436,0
1.0,0.94126666,4.4548473,0
1.0,0.951841,4.6802692,0
1.0,0.95890933,4.908421,0
1.0,0.96420175,5.0167294,0
1.0,0.95606184,4.8407445,0
1.0,0.9566853,4.595599,0
1.0,0.949891,4.154932,0
1.0,0.9483106,4.0116253,0
1.0,0.9349352,3.9698062,0
1.0,0.94422346,4.0590835,0
1.0,0.94574606,4.1984506,0
1.0,0.95222586,4.3305316,0
1.0,0.9445977,4.282775,0
1.0,0.9543852,4.2908664,0
1.0,0.9540686,4.3163366,0
1.0,0.9572486,4.1525145,0
1.0,0.94795954,3.8830066,0
1.0,0.95934516,3.7776902,0
1.0,0.9555635,3.66033,0
1.0,0.9608506,3.709838,0
1.0,0.9601746,3.7716236,0
1.0,0.9692956,3.779724,0
1.0,0.9703561,3.8092084,0
1.0,0.9704489,4.1693125,0
1.0,0.97053045,4.5198913,0
1.0,0.974312,4.6257315,0
1.0,0.9755307,4.488891,0
1.0,0.97325945,4.4687467,0
1.0,0.97260994,4.4662657,0
1.0,0.97402906,4.486026,0
1.0,0.9745634,4.4970865,0
1.0,0.97272587,4.2987823,0
1.0,0.9725927,4.0040927,0
1.0,0.97069675,3.9946444,0
1.0,0.96898043,3.847878,0
1.0,0.9634925,3.706305,0
1.0,0.96191525,3.7310963,0
1.0,0.96286625,3.6911073,0
1.0,0.96527314,3.6906137,0
1.0,0.95837975,3.7410293,0
1.0,0.95619184,3.831577,0
1.0,0.9592679,3.8304744,0
1.0,0.96374846,3.746709,0
1.0,0.9621398,3.6914809,0
1.0,0.9608277,3.7203898,0
1.0,0.95741916,3.7051883,0
1.0,0.9580003,3.5493445,0
1.0,0.96162236,3.4151042,0
1.0,0.9630343,3.311802,0
1.0,0.96271724,3.334352,0
1.0,0.97059643,3.8118005,0
1.0,0.97691715,4.00441,0
1.0,0.9806147,4.0103464,0
1.0,0.98285,4.120947,0
1.0,0.98427,4.1038847,0
1.0,0.9847984,3.7675104,0
1.0,0.98030764,3.3316598,0
1.0,0.97790694,2.9031959,0
1.0,0.9749439,2.8763094,0
1.0,0.9736414,3.131585,0
1.0,0.9699616,3.4273922,0
1.0,0.97155255,3.6049504,0
1.0,0.96845776,3.5709598,0
1.0,0.9715304,3.5872197,0
1.0,0.97023934,3.580787,0
1.0,0.9684304,3.4227574,0
1.0,0.96282434,3.3177643,0
1.0,0.96592915,3.2639356,0
1.0,0.96288013,3.2859068,0
1.0,0.9645702,3.389759,0
1.0,0.9640456,3.4182558,0
1.0,0.9684285,3.3712578,0
1.0,0.96448916,3.2385619,0
1.0,0.96495736,3.165761,0
1.0,0.9613919,3.2247813,0
1.0,0.96598655,3.5170949,0
1.0,0.96746874,3.8123116,0
1.0,0.9733074,4.138903,0
1.0,0.9769208,4.4006863,0
1.0,0.977831,4.4823036,0
1.0,0.9750991,4.476779,0
1.0,0.97720313,4.249076,0
1.0,0.975964,3.7269115,0
1.0,0.9752808,3.510359,0
1.0,0.9692584,3.496461,0
1.0,0.96839315,3.5253215,0
1.0,0.96734124,3.8044891,0
1.0,0.96667695,4.034173,0
1.0,0.96457416,4.2172947,0
1.0,0.96565765,4.4744797,0
1.0,0.9610542,4.444525,0
1.0,0.9614823,4.1892815,0
1.0,0.9593457,3.890031,0
1.0,0.9627686,3.7684836,0
1.0,0.952735,3.763213,0
1.0,0.95492667,3.8351197,0
1.0,0.9564739,3.8497963,0
1.0,0.95994985,3.8273082,0
1.0,0.9486051,3.780192,0
1.0,0.9404825,3.8636222,0
1.0,0.940487,3.8640308,0
1.0,0.9493217,3.9390192,0
1.0,0.94810593,4.29629,0
1.0,0.9544494,4.528447,0
1.0,0.9613466,4.6109743,0
1.0,0.9657985,4.6489415,0
1.0,0.96596533,4.5361853,0
1.0,0.97097105,4.262311,0
1.0,0.9686396,4.2023244,0
1.0,0.96489847,4.281567,0
1.0,0.9588773,4.222274,0
1.0,0.9609368,4.293816,0
1.0,0.9603659,4.3765707,0
1.0,0.9528864,4.3462906,0
1.0,0.9510264,4.3346066,0
1.0,0.95424855,4.3876996,0
1.0,0.95797133,4.4611244,0
1.0,0.9508768,4.492948,0
1.0,0.9511005,4.2946906,0
1.0,0.9454782,4.096998,0
1.0,0.938158,3.974137,0
1.0,0.9323545,3.8752377,0
1.0,0.94167525,4.0586796,0
1.0,0.95116496,4.126809,0
1.0,0.95393354,4.12287,0
1.0,0.94334716,4.05152,0
1.0,0.94666415,4.022931,0
1.0,0.95332336,4.0618873,0
1.0,0.9606545,4.1968036,0
1.0,0.9628365,4.284894,0
1.0,0.9657298,4.316002,0
1.0,0.9658116,4.303888,0
1.0,0.9670776,4.365795,0
1.0,0.96752596,4.235175,0
1.0,0.96946913,3.8461518,0
1.0,0.9716537,3.6825225,0
1.0,0.9731919,3.7556,0
1.0,0.97439754,3.9183493,0
1.0,0.9772453,3.9572299,0
1.0,0.9797085,3.9166248,0
1.0,0.97964317,3.7344546,0
1.0,0.97880894,3.5788207,0
1.0,0.9783785,3.6039882,0
1.0,0.9794734,3.6103752,0
1.0,0.98023236,3.6083567,0
1.0,0.9798054,3.632523,0
1.0,0.97999716,3.637248,0
1.0,0.9803017,3.6348753,0
1.0,0.98074955,3.5198913,0
1.0,0.9802111,3.3204193,0
1.0,0.9797982,3.2836413,0
1.0,0.979192,3.5460467,0
1.0,0.9784253,4.0123854,0
1.0,0.97632354,4.2894907,0
1.0,0.9752019,4.1319923,0
1.0,0.9732636,4.096815,0
1.0,0.972507,4.089208,0
1.0,0.96960014,4.062109,0
1.0,0.9676335,4.031175,0
1.0,0.9675638,4.040197,0
1.0,0.96685857,4.016046,0
1.0,0.96003133,4.330007,0
1.0,0.958168,4.7893286,0
1.0,0.9610126,4.8234453,0
1.0,0.9581735,4.670162,0
1.0,0.9466005,4.5976987,0
1.0,0.9422785,4.546521,0
1.0,0.94808066,4.640242,0
1.0,0.9501271,4.744275,0
1.0,0.9432674,4.6201787,0
1.0,0.9401168,4.6909027,0
1.0,0.94536495,4.9332714,0
1.0,0.946534,4.875292,0
1.0,0.93711674,4.578614,0
1.0,0.9310159,4.370098,0
1.0,0.9428473,4.277876,0
1.0,0.94214106,4.262885,0
1.0,0.9390978,4.681608,0
1.0,0.9424466,5.0523186,0
1.0,0.954529,5.178731,0
1.0,0.96174675,5.2206697,0
1.0,0.9600794,5.2153196,0
1.0,0.9571549,5.093069,0
1.0,0.9549938,4.8258147,0
1.0,0.9570269,4.511759,0
1.0,0.95224845,4.121034,0
1.0,0.95148706,4.142925,0
1.0,0.95173526,4.3143888,0
1.0,0.95658845,4.428049,0
1.0,0.9537912,4.460898,0
1.0,0.95824,4.512226,0
1.0,0.9650535,4.3838854,0
1.0,0.96621263,4.2783575,0
1.0,0.96166515,4.0892277,0
1.0,0.95933944,3.7769666,0
1.0,0.9640016,3.711211,0
1.0,0.9641441,3.750507,0
1.0,0.9607619,3.8013873,0
1.0,0.96078324,4.0272064,0
1.0,0.9625013,4.1664214,0
1.0,0.96731454,4.049205,0
1.0,0.96399826,3.990748,0
1.0,0.9676281,3.9122124,0
1.0,0.9699756,3.8522694,0
1.0,0.9735835,4.0533524,0
1.0,0.97287154,4.243436,0
1.0,0.9781286,4.599388,0
1.0,0.97890925,4.7960167,0
1.0,0.9796342,4.813313,0
1.0,0.9736665,4.392359,0
1.0,0.9717045,4.025954,0
1.0,0.9689011,3.8933992,0
1.0,0.9686793,3.9677815,0
1.0,0.9627556,4.0255027,0
1.0,0.96335185,4.3155227,0
1.0,0.9618772,4.548128,0
1.0,0.964064,4.4632187,0
1.0,0.9588602,4.3758245,0
1.0,0.95446783,4.2880545,0
1.0,0.95668715,4.183857,0
1.0,0.95696783,4.289568,0
1.0,0.95088536,4.6740837,0
1.0,0.9484172,4.9106417,0
1.0,0.95208764,4.884756,0
1.0,0.95298773,4.8547764,0
1.0,0.944112,4.592368,0
1.0,0.93350196,4.3665752,0
1.0,0.93409204,4.410955,0
1.0,0.9352866,4.5941896,0
1.0,0.9316387,4.795783,0
1.0,0.9216051,4.80887,0
1.0,0.9286082,4.650933,0
1.0,0.9333551,4.5843697,0
1.0,0.9284041,4.5497403,0
1.0,0.91797996,4.492585,0
1.0,0.9388957,4.3884983,0
1.0,0.93688095,4.205159,0
1.0,0.9355883,4.4314966,0
1.0,0.9242863,4.6070824,0
1.0,0.9320972,4.5953703,0
1.0,0.9359593,4.5292134,0
1.0,0.93420386,4.4643636,0
1.0,0.92963964,4.5611596,0
1.0,0.93334883,4.5792413,0
1.0,0.9473203,4.6476965,0
1.0,0.9433602,4.7880335,0
1.0,0.94079775,4.9891653,0
1.0,0.92245984,5.078569,0
1.0,0.94528836,5.060976,0
1.0,0.9504109,5.1075287,0
1.0,0.9426558,5.1191587,0
1.0,0.9294372,5.015337,0
1.0,0.94709694,4.889093,0
1.0,0.9519377,4.4900255,0
1.0,0.9444213,4.17856,0
1.0,0.93850404,4.191527,0
1.0,0.9503448,4.2848287,0
1.0,0.9537987,4.3378434,0
1.0,0.95002365,4.3271875,0
1.0,0.9336232,4.1653147,0
1.0,0.94744235,3.9941044,0
1.0,0.9550285,3.8223834,0
1.0,0.95474565,4.0088115,0
1.0,0.9538174,4.3213816,0
1.0,0.9646815,4.4420176,0
1.0,0.9702077,4.5355625,0
1.0,0.9686877,4.534572,0
1.0,0.9709915,4.5622625,0
1.0,0.96469617,4.4963675,0
1.0,0.9692328,4.063576,0
1.0,0.96663195,3.799541,0
1.0,0.9663934,3.9200516,0
1.0,0.9635872,4.0099344,0
1.0,0.966472,4.189316,0
1.0,0.97078764,4.159007,0
1.0,0.96941155,4.219534,0
1.0,0.97032094,4.176545,0
1.0,0.9701761,3.9572098,0
1.0,0.9666859,3.458191,0
1.0,0.9591579,2.9771028,0
1.0,0.9577784,2.9807014,0
1.0,0.95707357,3.0267885,0
1.0,0.9567369,2.9939175,0
1.0,0.9527927,2.9829962,0
1.0,0.9470276,3.0142283,0
1.0,0.94348454,3.0225103,0
1.0,0.9448495,3.0268443,0
1.0,0.94519824,3.1479506,0
1.0,0.9488529,3.4421754,0
1.0,0.9622571,3.756095,0
1.0,0.96838224,3.9060123,0
1.0,0.96737516,3.9017282,0
1.0,0.9728069,3.9004145,0
1.0,0.9727275,3.810818,0
1.0,0.97142607,3.4367936,0
1.0,0.96765,3.2598891,0
1.0,0.9671386,3.2639768,0
1.0,0.966693,3.1997728,0
1.0,0.965353,3.2108464,0
1.0,0.9624097,3.182737,0
1.0,0.9537527,3.132506,0
1.0,0.9537707,3.2083442,0
1.0,0.9529057,2.9999251,0
1.0,0.9528742,2.967623,0
1.0,0.953222,2.9985933,0
1.0,0.95780516,2.913311,0
1.0,0.9570581,2.96444,0
1.0,0.96262544,2.9714274,0
1.0,0.9657596,3.0000515,0
1.0,0.9680029,3.3146853,0
1.0,0.96443975,3.5779917,0
1.0,0.966003,3.7218108,0
1.0,0.9668842,3.6551867,0
1.0,0.96837854,3.6648192,0
1.0,0.96309185,3.718326,0
1.0,0.9632835,3.7284217,0
1.0,0.9651832,3.7820296,0
1.0,0.96522087,3.9942887,0
1.0,0.96167505,4.2461286,0
1.0,0.9581464,4.228524,0
1.0,0.96584433,3.9837933,0
1.0,0.9624044,3.6947985,0
1.0,0.95864034,3.5536838,0
1.0,0.9602126,3.5505152,0
1.0,0.96969765,3.6258953,0
1.0,0.9700842,3.7887003,0
1.0,0.96470624,3.7481554,0
1.0,0.95732486,3.5167272,0
1.0,0.9552327,3.4432352,0
1.0,0.95220023,3.449583,0
1.0,0.9436137,3.4179995,0
1.0,0.93790275,3.4116502,0
1.0,0.9479422,3.4414122,0
1.0,0.9515963,3.4167051,0
1.0,0.9530024,3.461778,0
1.0,0.9503153,3.2638085,0
1.0,0.955532,3.13488,0
1.0,0.9532828,3.132679,0
1.0,0.9592064,3.0837796,0
1.0,0.95589757,3.1644893,0
1.0,0.9595512,3.377317,0
1.0,0.9618236,3.2475033,0
1.0,0.9677423,3.04601,0
1.0,0.97003055,2.9028943,0
1.0,0.9703761,2.9775941,0
1.0,0.9698546,2.9395409,0
1.0,0.9694336,2.862795,0
1.0,0.97129065,2.8642764,0
1.0,0.970303,2.7537913,0
1.0,0.96504444,2.5211592,0
1.0,0.962329,2.4258952,0
1.0,0.95528054,2.3065948,0
1.0,0.95762265,2.2253451,0
1.0,0.95899844,2.2830749,0
1.0,0.96198875,2.3244116,0
1.0,0.9638994,2.3390543,0
1.0,0.9630713,2.3287058,0
1.0,0.95702815,2.210212,0
1.0,0.9560058,2.1496387,0
1.0,0.9595182,2.2279642,0
1.0,0.9605793,2.3590114,0
1.0,0.9556071,2.3154671,0
1.0,0.95133173,2.2887855,0
1.0,0.95293057,2.2816167,0
1.0,0.9500783,2.290062,0
1.0,0.9470249,2.3623743,0
1.0,0.93081397,2.2636437,0
1.0,0.9418125,2.3154662,0
1.0,0.94758993,2.4442878,0
1.0,0.96091133,2.4976382,0
1.0,0.94374347,2.3929186,0
1.0,0.9591598,2.2831392,0
1.0,0.95465535,1.9957964,0
1.0,0.9605204,1.832751,0
1.0,0.9401219,1.7260354,0
1.0,0.96077794,1.8360459,0
1.0,0.9593888,1.7904892,0
1.0,0.96046805,1.7335713,0
1.0,0.9269554,1.7066423,0
1.0,0.92857414,1.7617917,0
1.0,0.9205873,1.7561855,0
1.0,0.9236002,1.8030274,0
1.0,0.86999965,1.5635614,0
1.0,0.8811066,1.5961072,0
1.0,0.88137704,1.603286,0
1.0,0.9046741,1.5859027,0
1.0,0.87202007,1.4870284,0
1.0,0.91200507,1.5633552,0
1.0,0.90938693,1.6605418,0
1.0,0.9037786,1.683835,0
1.0,0.8665745,1.6378924,0
1.0,0.8970447,1.7987018,0
1.0,0.87223166,1.6194127,0
1.0,0.81714517,1.5000696,0
1.0,0.7841592,1.4409688,0
1.0,0.78167224,1.4430544,0
1.0,0.76476467,1.4242103,0
1.0,0.7503008,1.3060814,0
1.0,0.742567,1.2171676,0
1.0,0.7333914,1.3157947,0
1.0,0.7692914,1.6855376,0
1.0,0.8232432,2.1045592,0
1.0,0.8548102,2.1915708,0
1.0,0.8754352,2.2394948,0
1.0,0.8832084,2.2328744,0
1.0,0.8840977,2.2295876,0
1.0,0.8962224,2.2896562,0
1.0,0.91484857,2.4534345,0
1.0,0.9137574,2.5569012,0
1.0,0.9108944,2.6437962,0
1.0,0.91730136,2.7077475,0
1.0,0.920214,2.657155,0
1.0,0.9195885,2.683956,0
1.0,0.9179038,2.6114285,0
1.0,0.92856306,2.545495,0
1.0,0.92996943,2.6819496,0
1.0,0.9360702,3.1778367,0
1.0,0.95131326,3.5743048,0
1.0,0.95742255,3.6582882,0
1.0,0.96548414,3.6923602,0
1.0,0.9644619,3.586954,0
1.0,0.96430135,3.5070157,0
1.0,0.95474726,3.4302087,0
1.0,0.9614962,3.2620716,0
1.0,0.9611224,3.2383075,0
1.0,0.9563028,3.3555236,0
1.0,0.9482828,3.5695524,0
1.0,0.9473988,3.607763,0
1.0,0.94816446,3.5885386,0
1.0,0.94068414,3.5862656,0
1.0,0.9385741,3.6339195,0
1.0,0.937502,3.5690947,0
1.0,0.9283874,3.2218378,0
1.0,0.93808055,2.845671,0
1.0,0.93677235,2.8122563,0
1.0,0.94253886,2.8399556,0
1.0,0.9228423,2.8357916,0
1.0,0.93470395,2.865794,0
1.0,0.94106656,2.8483768,0
1.0,0.9392423,2.6955667,0
1.0,0.9235229,2.5336537,0
1.0,0.9341416,2.5952551,0
1.0,0.9332695,2.6580198,0
1.0,0.91006523,2.6078393,0
1.0,0.87990826,2.493906,0
1.0,0.8675087,2.606825,0
1.0,0.86446667,2.95197,0
1.0,0.85000813,2.973408,0
1.0,0.7718712,2.3790784,0
1.0,0.785464,2.0677278,0
1.0,0.8173915,2.103318,0
1.0,0.8383422,2.1729722,0
1.0,0.80697083,2.0638762,0
1.0,0.86851126,2.1884727,0
1.0,0.89570403,2.2509465,0
1.0,0.8982789,2.2556,0
1.0,0.8931783,2.2567198,0
1.0,0.90089786,2.3608234,0
1.0,0.9152812,2.3812485,0
1.0,0.90751034,2.373824,0
1.0,0.9145246,2.458809,0
1.0,0.9225272,2.5844142,0
1.0,0.9251323,2.5510316,0
1.0,0.91845894,2.3932428,0
1.0,0.92123777,2.2801585,0
1.0,0.9332638,2.3237743,0
1.0,0.9354486,2.3409867,0
1.0,0.93843484,2.4554126,0
1.0,0.9339964,2.4294767,0
1.0,0.9509656,2.5282469,0
1.0,0.95208967,2.7209399,0
1.0,0.957994,2.7999988,0
1.0,0.9536717,2.8637142,0
1.0,0.96371245,2.8359203,0
1.0,0.96725255,2.6984012,0
1.0,0.97262067,2.7452595,0
1.0,0.96732795,2.9610777,0
1.0,0.9713589,2.9879484,0
1.0,0.9683648,2.6101635,0
1.0,0.9713956,2.3923755,0
1.0,0.9551595,2.4542894,0
1.0,0.9567795,2.4507504,0
1.0,0.95754814,2.527439,0
1.0,0.95061606,2.5467634,0
1.0,0.9331613,2.595851,0
1.0,0.9451764,2.8779392,0
1.0,0.9579406,3.1970901,0
1.0,0.96138644,3.374261,0
1.0,0.9496696,3.3997617,0
1.0,0.95617944,3.257765,0
1.0,0.95750624,3.045995,0
1.0,0.96062416,3.017613,0
1.0,0.9514475,2.9802039,0
1.0,0.955406,2.870754,0
1.0,0.95480347,2.825604,0
1.0,0.9498667,2.81183,0
1.0,0.94158185,2.8408928,0
1.0,0.93983024,2.9653068,0
1.0,0.9414646,3.0866997,0
1.0,0.9431825,3.0498943,0
1.0,0.9421227,3.1127,0
1.0,0.95471877,3.1656704,0
1.0,0.96439695,3.1006253,0
1.0,0.97042817,3.0727468,0
1.0,0.9687395,2.9740329,0
1.0,0.9750622,2.9049177,0
1.0,0.9723026,2.8811977,0
1.0,0.9769811,2.8632708,0
1.0,0.9744255,2.6841214,0
1.0,0.9761061,2.617552,0
1.0,0.97547877,2.739409,0
1.0,0.97747326,2.839884,0
1.0,0.9763022,2.8178906,0
1.0,0.97717845,2.852462,0
1.0,0.9790051,2.748811,0
1.0,0.9803175,2.689962,0
1.0,0.97837776,2.6001215,0
1.0,0.9780402,2.3534873,0
1.0,0.9777645,2.0643475,0
1.0,0.9792118,1.8970716,0
1.0,0.97785395,1.8915578,0
1.0,0.9789438,2.0089166,0
1.0,0.979812,2.2334256,0
1.0,0.9794453,2.5000515,0
1.0,0.97692037,2.6026287,0
1.0,0.97744685,2.6091895,0
1.0,0.9789885,2.611804,0
1.0,0.97805095,2.6097093,0
1.0,0.9780888,2.5501213,0
1.0,0.9786789,2.3831291,0
1.0,0.98040855,2.250884,0
1.0,0.97858137,2.225709,0
1.0,0.97586924,2.5182595,0
1.0,0.9729663,2.9677672,0
1.0,0.9717106,2.944704,0
1.0,0.96958166,2.8551497,0
1.0,0.96681356,2.863724,0
1.0,0.9655749,2.8906693,0
1.0,0.96791303,2.9012525,0
1.0,0.9645519,2.8884926,0
1.0,0.9675185,2.8423095,0
1.0,0.9654447,2.710885,0
1.0,0.9684964,2.595953,0
1.0,0.96199214,2.494155,0
1.0,0.95698905,2.398602,0
1.0,0.9517368,2.4159727,0
1.0,0.9599383,2.6054907,0
1.0,0.96034515,2.799038,0
1.0,0.9629571,2.9752278,0
1.0,0.96846896,3.027997,0
1.0,0.97365505,3.039935,0
1.0,0.9738207,3.0379388,0
1.0,0.9733576,2.991937,0
1.0,0.9758974,2.8383098,0
1.0,0.97146106,2.6468945,0
1.0,0.9690168,2.4734068,0
1.0,0.96776706,2.3578136,0
1.0,0.9704559,2.382047,0
1.0,0.9617562,2.4376588,0
1.0,0.96340775,2.4929266,0
1.0,0.96896064,2.5300765,0
1.0,0.97471017,2.546174,0
1.0,0.9712992,2.5576828,0
1.0,0.97244704,2.5482352,0
1.0,0.9686608,2.229705,0
1.0,0.9734741,1.8482788,0
1.0,0.9732487,1.8269856,0
1.0,0.97704417,1.9115036,0
1.0,0.9722057,1.9495147,0
1.0,0.9733183,1.9220847,0
1.0,0.96775734,1.9025859,0
1.0,0.9678085,1.9243119,0
1.0,0.9638791,1.9492172,0
1.0,0.9667254,2.0131187,0
1.0,0.96260965,2.0652661,0
1.0,0.9672451,2.0752046,0
1.0,0.9693858,2.0286205,0
1.0,0.9672394,1.9838086,0
1.0,0.9655903,1.8071235,0
1.0,0.97177243,1.627282,0
1.0,0.97241896,1.4577372,0
1.0,0.96217483,1.5267129,0
1.0,0.958076,1.6598277,0
1.0,0.9656174,1.805371,0
1.0,0.9694214,1.8403318,0
1.0,0.9518748,1.7878406,0
1.0,0.9471974,1.7243623,0
1.0,0.9551947,1.6474884,0
1.0,0.9524154,1.687194,0
1.0,0.930491,1.6843617,0
1.0,0.92741126,1.7354817,0
1.0,0.951999,1.8842443,0
1.0,0.963984,1.9514174,0
1.0,0.946009,1.969904,0
1.0,0.94925624,1.9622364,0
1.0,0.9652708,2.0236683,0
1.0,0.9617487,1.9336263,0
1.0,0.943156,1.807929,0
1.0,0.929723,1.7707922,0
1.0,0.9521036,1.7573869,0
1.0,0.94924027,1.6875955,0
1.0,0.90807974,1.6617825,0
1.0,0.9026497,1.754708,0
1.0,0.91387075,1.8044746,0
1.0,0.9288073,1.808771,0
1.0,0.9027481,1.7118504,0
1.0,0.89164776,1.6774129,0
1.0,0.89071447,1.7700788,0
1.0,0.9037592,1.8863958,0
1.0,0.8944396,1.8374864,0
1.0,0.8890626,1.8389136,0
1.0,0.90453553,1.8512685,0
1.0,0.9026253,1.8786263,0
1.0,0.8808847,1.7185062,0
1.0,0.86501735,1.6150243,0
1.0,0.8668303,1.6427687,0
1.0,0.8926506,1.7371242,0
1.0,0.9051754,1.8686643,0
1.0,0.8838488,1.9243392,0
1.0,0.89613503,1.9577651,0
1.0,0.92191327,1.9212992,0
1.0,0.9142118,1.8320785,0
1.0,0.9009126,1.7159119,0
1.0,0.9049364,1.6399655,0
1.0,0.9337062,1.6733545,0
1.0,0.9522465,1.6758927,0
1.0,0.9420273,1.7089097,0
1.0,0.9485056,1.8152997,0
1.0,0.95157516,1.9346514,0
1.0,0.96472067,1.9097791,0
1.0,0.9572189,1.8390472,0
1.0,0.9618376,1.9304996,0
1.0,0.951364,2.1548595,0
1.0,0.9675368,2.4490967,0
1.0,0.968163,2.3968773,0
1.0,0.96955824,2.3922632,0
1.0,0.96333957,2.4777765,0
1.0,0.96966594,2.4889836,0
1.0,0.97026336,2.4769764,0
1.0,0.9683744,2.4666862,0
1.0,0.95894116,2.4918938,0
1.0,0.96770257,2.639174,0
1.0,0.9702574,2.7068264,0
1.0,0.97358453,2.7663198,0
1.0,0.96155626,2.7155266,0
1.0,0.96852267,2.7120397,0
1.0,0.96911657,2.6622472,0
1.0,0.9706442,2.5981822,0
1.0,0.9495384,2.5197902,0
1.0,0.9581316,2.4322748,0
1.0,0.955859,2.313601,0
1.0,0.9511686,2.2821565,0
1.0,0.9188491,2.3585687,0
1.0,0.93452525,2.7530422,0
1.0,0.9472703,3.0112302,0
1.0,0.95031613,2.9792593,0
1.0,0.93810785,2.909258,0
1.0,0.9454019,2.926701,0
1.0,0.950213,2.955486,0
1.0,0.9495684,2.8158903,0
1.0,0.9472536,2.714439,0
1.0,0.95462185,2.7312508,0
1.0,0.95864385,2.7936614,0
1.0,0.94972205,2.8352137,0
1.0,0.9449981,2.6640906,0
1.0,0.9377172,2.365578,0
1.0,0.9463165,2.3292003,0
1.0,0.9300973,2.2858033,0
1.0,0.9229676,2.2897193,0
1.0,0.9043059,2.3471198,0
1.0,0.93122405,2.4376438,0
1.0,0.91361916,2.2906933,0
1.0,0.91371876,2.2331347,0
1.0,0.89629215,2.2550902,0
1.0,0.9286089,2.3203812,0
1.0,0.9328566,2.291188,0
1.0,0.9444725,2.3153434,0
1.0,0.9367964,2.29806,0
1.0,0.944325,2.3740067,0
1.0,0.9427692,2.4603689,0
1.0,0.9527197,2.4623034,0
1.0,0.94821054,2.4603438,0
1.0,0.9611453,2.5441785,0
1.0,0.9548391,2.5640125,0
1.0,0.95052505,2.443271,0
1.0,0.939409,2.1104078,0
1.0,0.95130366,1.89875,0
1.0,0.95498616,1.9520285,0
1.0,0.9570909,2.1840076,0
1.0,0.9536096,2.2292447,0
1.0,0.955184,2.162485,0
1.0,0.95598185,2.1256897,0
1.0,0.96188647,2.1365185,0
1.0,0.95607036,2.1942186,0
1.0,0.95346814,2.27972,0
1.0,0.9495377,2.2416992,0
1.0,0.9560429,2.2095609,0
1.0,0.9594767,2.2113757,0
1.0,0.9540978,2.2024577,0
1.0,0.9559943,2.1818,0
1.0,0.9559663,2.0940063,0
1.0,0.95985985,2.0719109,0
1.0,0.9576685,2.1215396,0
1.0,0.9575213,2.2324018,0
1.0,0.9643115,2.301875,0
1.0,0.96381134,2.2440987,0
1.0,0.9638707,2.246286,0
1.0,0.9648687,2.2572484,0
1.0,0.9705602,2.2797093,0
1.0,0.9689432,2.3097372,0
1.0,0.96701324,2.3230534,0
1.0,0.96840906,2.249888,0
1.0,0.9742348,2.2435122,0
1.0,0.97647196,2.2287917,0
1.0,0.9743707,2.1725278,0
1.0,0.97333205,2.1733952,0
1.0,0.9765404,2.2910075,0
1.0,0.9798527,2.4737191,0
1.0,0.97941303,2.6403878,0
1.0,0.980895,2.5926468,0
1.0,0.9785862,2.3549721,0
1.0,0.9791864,2.273993,0
1.0,0.97922224,2.2715063,0
1.0,0.9790997,2.301652,0
1.0,0.97809213,2.3980153,0
1.0,0.97834617,2.45297,0
1.0,0.9790877,2.458434,0
1.0,0.9791407,2.4416003,0
1.0,0.9789786,2.4526823,0
1.0,0.9776977,2.4475555,0
1.0,0.9794389,2.4470763,0
1.0,0.9774221,2.4293203,0
1.0,0.9752558,2.3896916,0
1.0,0.97363824,2.3944216,0
1.0,0.9765703,2.381564,0
1.0,0.9756153,2.3802757,0
1.0,0.97521687,2.454175,0
1.0,0.9746855,2.409966,0
1.0,0.97885746,2.4539428,0
1.0,0.9813126,2.5282526,0
1.0,0.97935635,2.506013,0
1.0,0.9782657,2.466418,0
1.0,0.977019,2.377753,0
1.0,0.9790587,2.3073916,0
1.0,0.97951365,2.349804,0
1.0,0.9815152,2.4331298,0
1.0,0.98342186,2.5612538,0
1.0,0.98452395,2.702818,0
1.0,0.9827535,2.7003992,0
1.0,0.98133284,2.516535,0
1.0,0.98206216,2.437058,0
1.0,0.98260164,2.655919,0
1.0,0.98191607,2.700757,0
1.0,0.98065877,2.6927161,0
1.0,0.980535,2.6918297,0
1.0,0.98216724,2.6652727,0
1.0,0.9813378,2.6645617,0
1.0,0.98014075,2.8118641,0
1.0,0.9797045,2.947579,0
1.0,0.98106235,3.0215845,0
1.0,0.98049736,2.9879093,0
1.0,0.9780738,3.008285,0
1.0,0.9790633,3.149445,0
1.0,0.9808781,3.2789726,0
1.0,0.9794357,3.3359551,0
1.0,0.9768316,3.2911754,0
1.0,0.97704095,3.2469792,0
1.0,0.98042494,3.1682057,0
1.0,0.9793987,3.042295,0
1.0,0.9739342,3.023173,0
1.0,0.9696283,2.9494781,0
1.0,0.9730017,2.9147573,0
1.0,0.970485,3.0378168,0
1.0,0.9671445,3.295384,0
1.0,0.9665228,3.5474093,0
1.0,0.97449535,3.605442,0
1.0,0.97676724,3.563612,0
1.0,0.97622776,3.5657802,0
1.0,0.97405237,3.5163321,0
1.0,0.97828,3.4496012,0
1.0,0.9791891,3.406254,0
1.0,0.97908413,3.357578,0
1.0,0.9759734,3.2405946,0
1.0,0.9772366,3.0584157,0
1.0,0.97693956,3.142109,0
1.0,0.9788168,3.4120426,0
1.0,0.9798622,3.6056423,0
1.0,0.98228884,3.7028332,0
1.0,0.9827041,3.6524673,0
1.0,0.9791628,3.4039645,0
1.0,0.978957,3.1561778,0
1.0,0.98027533,3.037479,0
1.0,0.9794166,3.1641333,0
1.0,0.9774929,3.3085375,0
1.0,0.9790197,3.2340872,0
1.0,0.9811844,3.2006469,0
1.0,0.98082995,3.2939231,0
1.0,0.97828543,3.3395934,0
1.0,0.9770513,3.4420452,0
1.0,0.9796392,3.5713973,0
1.0,0.9801359,3.551047,0
1.0,0.97843176,3.466237,0
1.0,0.97982854,3.442731,0
1.0,0.98159134,3.4080048,0
1.0,0.9792947,3.2680917,0
1.0,0.97893584,3.1104226,0
1.0,0.97939014,3.0439181,0
1.0,0.982154,3.0677059,0
1.0,0.98177975,3.086699,0
1.0,0.97995573,3.0704432,0
1.0,0.97640467,3.118322,0
1.0,0.97981423,3.2800498,0
1.0,0.9792072,3.4304833,0
1.0,0.9801641,3.5963345,0
1.0,0.9783577,3.743927,0
1.0,0.9803775,3.7766948,0
1.0,0.97955555,3.6581717,0
1.0,0.9780767,3.3937101,0
1.0,0.9755054,3.1947782,0
1.0,0.9745258,3.1033142,0
1.0,0.9724062,3.0378876,0
1.0,0.9719953,3.0462055,0
1.0,0.9708138,3.0996351,0
1.0,0.9722883,3.148724,0
1.0,0.973697,3.18201,0
1.0,0.97727364,3.1615322,0
1.0,0.97692615,3.1678822,0
1.0,0.9795185,3.153358,0
1.0,0.9808312,3.0381274,0
1.0,0.9819073,2.962552,0
1.0,0.97948396,2.8728435,0
1.0,0.97848815,2.7733448,0
1.0,0.97701514,2.734076,0
1.0,0.97758013,2.803422,0
1.0,0.9757548,2.823522,0
1.0,0.9731793,2.8146365,0
1.0,0.9723054,2.8271165,0
1.0,0.97405577,2.7684736,0
1.0,0.9741039,2.6096914,0
1.0,0.9757381,2.6251864,0
1.0,0.97915614,2.7603335,0
1.0,0.982666,2.8036523,0
1.0,0.98274696,2.7759447,0
1.0,0.9827542,2.633821,0
1.0,0.98356307,2.418099,0
1.0,0.9854476,2.2993898,0
1.0,0.98424697,2.146628,0
1.0,0.9824608,2.0746098,0
1.0,0.98156816,2.1363893,0
1.0,0.9813354,2.195454,0
1.0,0.97876394,2.2417948,0
1.0,0.9774439,2.2864928,0
1.0,0.97451925,2.3436506,0
1.0,0.97360736,2.3998575,0
1.0,0.970772,2.3343043,0
1.0,0.97007555,2.2850223,0
1.0,0.96677333,2.1311975,0
1.0,0.96920925,1.9787248,0
1.0,0.96955866,1.9130762,0
1.0,0.97525126,1.8649809,0
1.0,0.9761244,1.8431702,0
1.0,0.9767131,1.8717325,0
1.0,0.9746367,1.8664482,0
1.0,0.97869647,1.8886287,0
1.0,0.97703594,1.8712041,0
1.0,0.97694904,1.8280759,0
1.0,0.97407305,1.8409967,0
1.0,0.97938466,1.8967681,0
1.0,0.97635,1.9513394,0
1.0,0.97398776,1.9870614,0
1.0,0.96596843,1.9762912,0
1.0,0.97485685,1.9747345,0
1.0,0.9716655,1.92974,0
1.0,0.9689584,1.9925933,0
1.0,0.96439296,2.0019186,0
1.0,0.97105914,1.9297209,0
1.0,0.96955115,1.8872924,0
1.0,0.9703312,1.8734096,0
1.0,0.96699953,1.9001527,0
1.0,0.97674084,1.9511635,0
1.0,0.9780662,1.9169621,0
1.0,0.978111,1.8632151,0
1.0,0.9759439,1.8564014,0
1.0,0.9814462,2.0141604,0
1.0,0.9792581,2.1277351,0
1.0,0.9789907,2.143179,0
1.0,0.97784984,2.1866164,0
1.0,0.98064786,2.3083472,0
1.0,0.9778326,2.4446435,0
1.0,0.97455466,2.4704523,0
1.0,0.97017527,2.4576967,0
1.0,0.97345227,2.4698768,0
1.0,0.97147346,2.4430902,0
1.0,0.97280055,2.3838763,0
1.0,0.97326374,2.468301,0
1.0,0.97433054,2.5379624,0
1.0,0.97554785,2.5455575,0
1.0,0.9764005,2.626418,0
1.0,0.97542155,2.6399899,0
1.0,0.9771293,2.6238055,0
1.0,0.9780321,2.5958157,0
1.0,0.97684723,2.5116882,0
1.0,0.9774738,2.4899154,0
1.0,0.97304744,2.5400844,0
1.0,0.97327965,2.5398326,0
1.0,0.97256786,2.5534716,0
1.0,0.97597355,2.5680103,0
1.0,0.97157174,2.5378225,0
1.0,0.97229314,2.5543306,0
1.0,0.97077113,2.5850532,0
1.0,0.9709981,2.596073,0
1.0,0.9688496,2.6554387,0
1.0,0.97213674,2.6906219,0
1.0,0.9775531,2.7209468,0
1.0,0.9796464,2.782102,0
1.0,0.9761948,2.8111477,0
1.0,0.97789556,2.777637,0
1.0,0.9803357,2.661488,0
1.0,0.9823976,2.5708566,0
1.0,0.97898084,2.4229007,0
1.0,0.97621083,2.31609,0
1.0,0.97606474,2.345179,0
1.0,0.97587204,2.4528022,0
1.0,0.9737061,2.5489116,0
1.0,0.97307885,2.5959337,0
1.0,0.9734927,2.6131208,0
1.0,0.9747048,2.4601998,0
1.0,0.97546047,2.3107224,0
1.0,0.9757381,2.2949867,0
1.0,0.9740824,2.3509393,0
1.0,0.9755938,2.5551703,0
1.0,0.9796062,2.6708224,0
1.0,0.9806213,2.6518102,0
1.0,0.98044133,2.6375022,0
1.0,0.97951937,2.606927,0
1.0,0.97784984,2.502082,0
1.0,0.9745973,2.40129,0
1.0,0.9709935,2.303211,0
1.0,0.974631,2.4500446,0
1.0,0.9771509,2.7705219,0
1.0,0.978027,2.8932886,0
1.0,0.97750354,2.8396277,0
1.0,0.9786011,2.7895212,0
1.0,0.97974753,2.6965744,0
1.0,0.9808605,2.6333976,0
1.0,0.97839075,2.6014996,0
1.0,0.9770582,2.5133958,0
1.0,0.9770876,2.336076,0
1.0,0.9762897,2.2801664,0
1.0,0.9744319,2.5364833,0
1.0,0.9752601,2.9848368,0
1.0,0.9744845,3.0717583,0
1.0,0.9736032,2.9966793,0
1.0,0.9723964,2.9498715,0
1.0,0.97286135,2.847986,0
1.0,0.9702074,2.7669065,0
1.0,0.97184587,2.7530067,0
1.0,0.9716011,2.733971,0
1.0,0.97353214,2.734383,0
1.0,0.97236156,2.7344258,0
1.0,0.9657386,2.7904086,0
1.0,0.9597608,2.741064,0
1.0,0.95448816,2.55441,0
1.0,0.95907104,2.5098343,0
1.0,0.96160626,2.5281253,0
1.0,0.9666668,2.582016,0
1.0,0.97313327,2.6103244,0
1.0,0.9754243,2.595429,0
1.0,0.97850466,2.5793529,0
1.0,0.977441,2.5579278,0
1.0,0.976487,2.3621848,0
1.0,0.974147,2.0533793,0
1.0,0.9709,1.9129174,0
1.0,0.95689386,1.9076517,0
1.0,0.9501203,2.0512114,0
1.0,0.9545189,2.3738213,0
1.0,0.9618868,2.6142168,0
1.0,0.9632828,2.6473784,0
1.0,0.96394855,2.6306438,0
1.0,0.970116,2.5951777,0
1.0,0.96989834,2.5010178,0
1.0,0.96195185,2.2203734,0
1.0,0.96161205,1.7878356,0
1.0,0.9683271,1.7363027,0
1.0,0.9727675,1.9208457,0
1.0,0.97038513,2.1866083,0
1.0,0.97028905,2.401087,0
1.0,0.9722034,2.4324694,0
1.0,0.97346264,2.4192562,0
1.0,0.97027403,2.4617488,0
1.0,0.9668063,2.5245554,0
1.0,0.96760666,2.555653,0
1.0,0.96225303,2.423156,0
1.0,0.95668954,2.2571745,0
1.0,0.95804757,2.2159698,0
1.0,0.96278447,2.2640095,0
1.0,0.9612562,2.2899518,0
1.0,0.9651999,2.277053,0
1.0,0.9645819,2.2633567,0
1.0,0.9633554,2.2643542,0
1.0,0.9582448,2.3093982,0
1.0,0.95878744,2.3043718,0
1.0,0.9679242,2.2994308,0
1.0,0.9686591,2.4799383,0
1.0,0.97644275,2.901741,0
1.0,0.98055065,3.059474,0
1.0,0.9818635,2.9134848,0
1.0,0.98172206,2.5936806,0
1.0,0.9800694,2.3620787,0
1.0,0.9772011,2.333931,0
1.0,0.97505444,2.4236684,0
1.0,0.97300017,2.5697994,0
1.0,0.9748121,2.6659956,0
1.0,0.97528595,2.7024884,0
1.0,0.9741314,2.7280998,0
1.0,0.9700874,2.6717978,0
1.0,0.9687112,2.4833598,0
1.0,0.9670338,2.2092059,0
1.0,0.964722,2.0593634,0
1.0,0.96159583,2.203453,0
1.0,0.96802396,2.668003,0
1.0,0.9693164,2.86943,0
1.0,0.9737617,2.8179111,0
1.0,0.97096527,2.757326,0
1.0,0.9763767,2.7748802,0
1.0,0.9736173,2.771946,0
1.0,0.9744329,2.7848694,0
1.0,0.96753526,2.834929,0
1.0,0.9682782,2.9737327,0
1.0,0.9669525,3.2435513,0
1.0,0.9726652,3.6654913,0
1.0,0.9720709,3.801757,0
1.0,0.9727088,3.7421598,0
1.0,0.97153825,3.6666076,0
1.0,0.9723733,3.6468816,0
1.0,0.97003585,3.5957086,0
1.0,0.9661022,3.414719,0
1.0,0.96120805,3.3066816,0
1.0,0.96009946,3.3135083,0
1.0,0.9554893,3.3039832,0
1.0,0.94888484,3.2910786,0
1.0,0.94063044,3.324997,0
1.0,0.9381055,3.3513913,0
1.0,0.94437855,3.398714,0
1.0,0.9451109,3.5743895,0
1.0,0.9500758,3.8646393,0
1.0,0.95836085,4.107015,0
1.0,0.9630546,4.210515,0
1.0,0.9657034,4.220447,0
1.0,0.9690211,4.2097435,0
1.0,0.9636374,4.1305637,0
1.0,0.962198,3.9577873,0
1.0,0.9591213,3.6990774,0
1.0,0.9625199,3.8024945,0
1.0,0.95655537,3.9834085,0
1.0,0.9560642,4.1156178,0
1.0,0.95113516,4.1054425,0
1.0,0.95694655,4.120707,0
1.0,0.9570048,4.0839014,0
1.0,0.95734817,3.9328337,0
1.0,0.95737547,3.7686546,0
1.0,0.95614064,3.5392804,0
1.0,0.9535227,3.1600857,0
1.0,0.9584481,3.0809476,0
1.0,0.9642237,3.4107711,0
1.0,0.96327245,3.911001,0
1.0,0.9634394,4.2190075,0
1.0,0.96216667,4.2164993,0
1.0,0.96091473,3.995986,0
1.0,0.9592573,3.915202,0
1.0,0.9589477,3.9503117,0
1.0,0.9634203,4.050368,0
1.0,0.962929,4.1784277,0
1.0,0.9628589,4.198304,0
1.0,0.9635385,4.1071615,0
1.0,0.96334857,3.9626577,0
1.0,0.95808804,3.6986752,0
1.0,0.95376474,3.4110813,0
1.0,0.9547189,3.2780075,0
1.0,0.95951855,3.3004937,0
1.0,0.95917,3.4870057,0
1.0,0.96572936,3.760048,0
1.0,0.96829414,3.8620574,0
1.0,0.97385263,3.8779633,0
1.0,0.97164625,3.684731,0
1.0,0.9717605,3.3966792,0
1.0,0.9685507,3.2389922,0
1.0,0.9686471,3.2224584,0
1.0,0.9660321,3.4168143,0
1.0,0.9695599,3.726897,0
1.0,0.971796,4.1128187,0
1.0,0.9745243,4.4153566,0
1.0,0.974076,4.4482274,0
1.0,0.9757877,4.3896613,0
1.0,0.9777827,4.364815,0
1.0,0.97788405,4.3160114,0
1.0,0.97744614,4.015144,0
1.0,0.97192943,3.6314092,0
1.0,0.97071844,3.4200335,0
1.0,0.968256,3.3748674,0
1.0,0.9654142,3.515555,0
1.0,0.96573544,3.550018,0
1.0,0.9666521,3.4932787,0
1.0,0.9648327,3.4555492,0
1.0,0.96252275,3.4383352,0
1.0,0.9627783,3.4458961,0
1.0,0.9640528,3.5577493,0
1.0,0.965697,3.6815248,0
1.0,0.9688356,3.8596916,0
1.0,0.9709553,4.07745,0
1.0,0.9688885,4.0899854,0
1.0,0.96421427,4.0641456,0
1.0,0.96332026,4.052572,0
1.0,0.96546304,3.9669948,0
1.0,0.96422,3.9139018,0
1.0,0.9651711,3.894828,0
1.0,0.9714479,3.8970513,0
1.0,0.9758326,3.8965952,0
1.0,0.97607476,3.9126134,0
1.0,0.97890306,4.006356,0
1.0,0.9815726,4.036331,0
1.0,0.98203903,3.894229,0
1.0,0.98111075,3.6258779,0
1.0,0.9810342,3.3663528,0
1.0,0.97927356,3.283314,0
1.0,0.97870356,3.2816677,0
1.0,0.9791712,3.2931807,0
1.0,0.9785674,3.3013535,0
1.0,0.9779714,3.350152,0
1.0,0.97884536,3.4000876,0
1.0,0.9786008,3.5250964,0
1.0,0.9758354,3.7238262,0
1.0,0.9747791,3.6554327,0
1.0,0.9746289,3.620429,0
1.0,0.97649664,3.666512,0
1.0,0.97584945,3.6567311,0
1.0,0.9758302,3.578821,0
1.0,0.97511286,3.5266054,0
1.0,0.9763541,3.4638858,0
1.0,0.97692937,3.45898,0
1.0,0.9784307,3.4086637,0
1.0,0.9756874,3.2656522,0
1.0,0.97277606,3.1981094,0
1.0,0.96757585,3.167127,0
1.0,0.9693523,3.1725526,0
1.0,0.968269,3.1385102,0
1.0,0.97090024,3.159999,0
1.0,0.97204566,3.1882396,0
1.0,0.97617334,3.2115474,0
1.0,0.97511065,3.2938633,0
1.0,0.975906,3.3508735,0
1.0,0.97676325,3.1851974,0
1.0,0.97948265,2.9913235,0
1.0,0.97608507,2.8805587,0
1.0,0.97487146,2.7983701,0
1.0,0.9726998,2.8030596,0
1.0,0.9737848,2.8355618,0
1.0,0.97451615,2.851502,0
1.0,0.97330767,2.9050684,0
1.0,0.9728891,3.0464869,0
1.0,0.97526485,3.2414155,0
1.0,0.9788275,3.3982096,0
1.0,0.9778234,3.4286397,0
1.0,0.9764717,3.2688336,0
1.0,0.9775155,3.2074316,0
1.0,0.9772717,3.2181563,0
1.0,0.9770751,3.2279525,0
1.0,0.97462225,3.1982167,0
1.0,0.97235596,3.1586657,0
1.0,0.9711953,3.116691,0
1.0,0.9702028,3.0411725,0
1.0,0.97008395,2.9015622,0
1.0,0.9664942,2.7935667,0
1.0,0.96417856,2.8237276,0
1.0,0.965453,2.9574537,0
1.0,0.9673364,2.9734993,0
1.0,0.96555126,2.846314,0
1.0,0.9678031,2.743823,0
1.0,0.9703968,2.6894164,0
1.0,0.97106487,2.7690752,0
1.0,0.96759605,2.8546534,0
1.0,0.9695479,2.7755575,0
1.0,0.9722262,2.6960196,0
1.0,0.9729859,2.6791954,0
1.0,0.96906394,2.6747856,0
1.0,0.9665558,2.8303115,0
1.0,0.9694337,3.1098027,0
1.0,0.97467256,3.3880134,0
1.0,0.97800213,3.5210264,0
1.0,0.97953886,3.6244369,0
1.0,0.9809528,3.6758847,0
1.0,0.9807664,3.5242496,0
1.0,0.980984,3.2657866,0
1.0,0.97659373,2.977294,0
1.0,0.97529125,2.8263488,0
1.0,0.9760968,2.8776999,0
1.0,0.97665066,2.9631157,0
1.0,0.97359324,2.976842,0
1.0,0.9727039,2.971878,0
1.0,0.9702195,3.1166506,0
1.0,0.97177887,3.3454711,0
1.0,0.9714325,3.3941417,0
1.0,0.972171,3.3990533,0
1.0,0.9694577,3.3965325,0
1.0,0.9721881,3.5286078,0
1.0,0.96969587,3.7004,0
1.0,0.97033757,3.6748314,0
1.0,0.9714139,3.6362915,0
1.0,0.9742562,3.6081142,0
1.0,0.972,3.626624,0
1.0,0.9690159,3.668585,0
1.0,0.9681828,3.623752,0
1.0,0.9720747,3.63104,0
1.0,0.9742123,3.754519,0
1.0,0.9748009,3.9067109,0
1.0,0.9775416,3.988071,0
1.0,0.9785946,3.9663923,0
1.0,0.9775711,3.78916,0
1.0,0.97761893,3.525919,0
1.0,0.9780002,3.253115,0
1.0,0.97741336,3.2065666,0
1.0,0.9765262,3.3267844,0
1.0,0.9761578,3.5397325,0
1.0,0.9798906,3.7973623,0
1.0,0.97955084,3.9356337,0
1.0,0.97835964,3.9541674,0
1.0,0.9765489,3.8585017,0
1.0,0.97917515,3.7241986,0
1.0,0.9770338,3.6658993,0
1.0,0.97622824,3.6637008,0
1.0,0.972635,3.689242,0
1.0,0.97421443,3.624584,0
1.0,0.9753414,3.5171716,0
1.0,0.97344786,3.5946324,0
1.0,0.97025543,3.6668673,0
1.0,0.9707355,3.7413359,0
1.0,0.97139263,3.6491516,0
1.0,0.9670182,3.369365,0
1.0,0.96620244,3.355167,0
1.0,0.96960884,3.5465243,0
1.0,0.975105,3.9879894,0
1.0,0.97614676,4.320881,0
1.0,0.9765177,4.357033,0
1.0,0.9762814,4.344639,0
1.0,0.97547656,4.257511,0
1.0,0.97216135,4.1120396,0
1.0,0.9672642,3.9355168,0
1.0,0.9650727,3.9245262,0
1.0,0.9659352,4.1397185,0
1.0,0.9673537,4.2639427,0
1.0,0.9659218,4.249944,0
1.0,0.9644862,4.19094,0
1.0,0.96078134,4.082014,0
1.0,0.959003,3.8420594,0
1.0,0.963562,3.547854,0
1.0,0.9595936,3.4451811,0
1.0,0.9573549,3.691234,0
1.0,0.9584332,3.9983537,0
1.0,0.96212,4.193108,0
1.0,0.96169853,4.2780447,0
1.0,0.96251976,4.3831053,0
1.0,0.9607191,4.415017,0
1.0,0.960091,4.40082,0
1.0,0.95314616,4.4637885,0
1.0,0.9512039,4.548496,0
1.0,0.9484609,4.6277637,0
1.0,0.9546613,4.729805,0
1.0,0.9517636,4.6465187,0
1.0,0.9519179,4.58576,0
1.0,0.947579,4.5160804,0
1.0,0.9491302,4.509274,0
1.0,0.9459029,4.561708,0
1.0,0.9437352,4.4669867,0
1.0,0.9433405,4.410928,0
1.0,0.94989014,4.4894743,0
1.0,0.94678354,4.4437017,0
1.0,0.9440327,4.402251,0
1.0,0.95050037,4.4035087,0
1.0,0.9514957,4.4075117,0
1.0,0.94799834,4.452921,0
1.0,0.9420238,4.4936743,0
1.0,0.93938243,4.6671395,0
1.0,0.93385214,4.8254333,0
1.0,0.9336587,4.9187574,0
1.0,0.93235856,4.9272537,0
1.0,0.9311671,4.9367256,0
1.0,0.9344557,4.9678593,0
1.0,0.939918,4.9375253,0
1.0,0.9405178,4.690301,0
1.0,0.9417463,4.4422274,0
1.0,0.94139636,4.273703,0
1.0,0.94629925,4.1328087,0
1.0,0.94616807,4.000887,0
1.0,0.9431206,3.9359298,0
1.0,0.9435325,3.9035516,0
1.0,0.9493822,4.0778112,0
1.0,0.9472685,4.4223633,0
1.0,0.9479852,4.586675,0
1.0,0.949881,4.5323915,0
1.0,0.95885015,4.6478815,0
1.0,0.96010464,4.827956,0
1.0,0.9599135,4.9011383,0
1.0,0.9586073,4.7827725,0
1.0,0.9599574,4.5241175,0
1.0,0.95624393,4.2096243,0
1.0,0.95140433,3.9697895,0
1.0,0.948155,3.9007063,0
1.0,0.9448793,3.9418492,0
1.0,0.94558907,3.9968119,0
1.0,0.94496304,4.051175,0
1.0,0.9423069,4.0652466,0
1.0,0.9362427,3.9798095,0
1.0,0.9376259,3.8320684,0
1.0,0.9416817,3.5511422,0
1.0,0.94753885,3.377838,0
1.0,0.9460329,3.4246168,0
1.0,0.9460348,3.585121,0
1.0,0.9586163,3.854916,0
1.0,0.9661582,4.1471653,0
1.0,0.9669319,4.290104,0
1.0,0.96696967,4.1796293,0
1.0,0.96795344,4.0499377,0
1.0,0.9698585,4.026122,0
1.0,0.96592206,4.0186486,0
1.0,0.9676394,3.9932058,0
1.0,0.9663944,4.097668,0
1.0,0.9697288,4.1087627,0
1.0,0.96097594,3.7268858,0
1.0,0.9551774,3.160717,0
1.0,0.9381312,2.7280617,0
1.0,0.9391991,2.634946,0
1.0,0.9250699,2.5879068,0
1.0,0.92523396,2.607082,0
1.0,0.90958554,2.611913,0
1.0,0.93630373,2.9679742,0
1.0,0.9387275,3.364767,0
1.0,0.9452242,3.4363723,0
1.0,0.94181764,3.3466835,0
1.0,0.95379597,3.2953157,0
1.0,0.94766676,3.200249,0
1.0,0.94571316,3.173156,0
1.0,0.93656224,3.245685,0
1.0,0.9410347,3.469849,0
1.0,0.9391319,3.6682363,0
1.0,0.94417703,3.8030252,0
1.0,0.93504757,3.9592316,0
1.0,0.9328135,4.029603,0
1.0,0.92463607,3.888391,0
1.0,0.91876084,3.6895294,0
1.0,0.90617794,3.4239874,0
1.0,0.9169578,3.2632697,0
1.0,0.9231739,3.1127956,0
1.0,0.93126905,3.1089358,0
1.0,0.9300231,3.1209602,0
1.0,0.937906,3.1061459,0
1.0,0.9356723,3.103147,0
1.0,0.9322543,3.1731102,0
1.0,0.9284613,3.1922696,0
1.0,0.9270183,3.290841,0
1.0,0.9419225,3.4754736,0
1.0,0.9551808,3.6708262,0
1.0,0.960204,3.870078,0
1.0,0.9665866,3.9999,0
1.0,0.97039974,4.001028,0
1.0,0.97250944,3.8834596,0
1.0,0.9702106,3.8023674,0
1.0,0.96744686,3.5533495,0
1.0,0.96609056,3.1224728,0
1.0,0.9697786,3.036027,0
1.0,0.96844435,3.0205016,0
1.0,0.96844137,3.0420206,0
1.0,0.9657914,3.0921307,0
1.0,0.96519464,3.0986643,0
1.0,0.95954156,3.037119,0
1.0,0.9597906,3.126237,0
1.0,0.96720725,3.490329,0
1.0,0.9729426,3.8894985,0
1.0,0.9732636,3.8874173,0
1.0,0.97637784,3.7966433,0
1.0,0.9788361,3.7984924,0
1.0,0.9798243,3.8793936,0
1.0,0.98036677,3.895121,0
1.0,0.97922677,3.7935643,0
1.0,0.9748278,3.7256708,0
1.0,0.96727186,4.0896053,0
1.0,0.95238996,4.8541384,0
1.0,0.9422245,5.449539,0
1.0,0.95004547,5.7428865,0
1.0,0.94788086,5.7262836,0
1.0,0.9358891,5.538388,0
1.0,0.93055105,5.3825955,0
1.0,0.9463041,5.286154,0
1.0,0.9454193,5.104621,0
1.0,0.9350463,4.885088,0
1.0,0.9324533,4.7641068,0
1.0,0.94150954,4.7898836,0
1.0,0.9298822,4.8407726,0
1.0,0.90903986,4.825511,0
1.0,0.9110905,4.8696337,0
1.0,0.9322885,5.0549917,0
1.0,0.93362254,5.141427,0
1.0,0.928552,5.3752646,0
1.0,0.9388658,5.6432786,0
1.0,0.95783937,5.729205,0
1.0,0.960747,5.733241,0
1.0,0.9599083,5.617029,0
1.0,0.9633012,5.276061,0
1.0,0.963527,4.6533523,0
1.0,0.96415526,4.0116715,0
1.0,0.9628588,3.7787497,0
1.0,0.967687,3.824438,0
1.0,0.9656435,3.8891013,0
1.0,0.9663901,3.9866433,0
1.0,0.9682408,4.1887016,0
1.0,0.97445333,4.357768,0
1.0,0.97774065,4.4730186,0
1.0,0.9798615,4.172328,0
1.0,0.9834868,3.3782365,0
1.0,0.9842333,2.75312,0
1.0,0.98300695,2.4795556,0
1.0,0.98135465,2.4295769,0
1.0,0.9811111,2.501618,0
1.0,0.97967863,2.6253076,0
1.0,0.9766381,2.7507296,0
1.0,0.97391516,2.832118,0
1.0,0.9728457,2.9373093,0
1.0,0.97303313,3.0976286,0
1.0,0.97457755,3.2066274,0
1.0,0.97865844,3.2547765,0
1.0,0.9816772,3.2104163,0
1.0,0.9812176,3.082438,0
1.0,0.98368734,2.9523199,0
1.0,0.98480785,2.89251,0
1.0,0.98648447,2.7130005,0
1.0,0.9861261,2.5236135,0
1.0,0.9851821,2.44187,0
1.0,0.98172045,2.5636454,0
1.0,0.9782241,2.91649,0
1.0,0.9703049,3.5185194,0
1.0,0.9730258,3.938487,0
1.0,0.97144496,4.0763226,0
1.0,0.96789014,4.1497536,0
1.0,0.9561089,4.0821166,0
1.0,0.96505296,4.020194,0
1.0,0.96597064,3.891868,0
1.0,0.9650132,3.7002249,0
1.0,0.9479269,3.528898,0
1.0,0.9523213,3.4494183,0
1.0,0.93987435,3.3422334,0
1.0,0.93263125,3.3035314,0
1.0,0.9065742,3.2662616,0
1.0,0.9198487,3.4505966,0
1.0,0.9205569,3.663743,0
1.0,0.9375135,3.9477563,0
1.0,0.94274986,4.1395397,0
1.0,0.9601465,4.108329,0
1.0,0.96301854,4.0337915,0
1.0,0.96772546,3.9381387,0
1.0,0.9641097,3.7664127,0
1.0,0.9694482,3.5912228,0
1.0,0.96101624,3.5049794,0
1.0,0.9631662,3.645408,0
1.0,0.96145606,3.8574972,0
1.0,0.9624759,4.0029626,0
1.0,0.9624198,3.9856281,0
1.0,0.9626337,3.9468074,0
1.0,0.96264625,3.9341106,0
1.0,0.96702206,3.974665,0
1.0,0.9694681,3.85604,0
1.0,0.97053516,3.550172,0
1.0,0.9630955,2.9489443,0
1.0,0.9643199,2.5660925,0
1.0,0.96223813,2.4438293,0
1.0,0.9623413,2.355007,0
1.0,0.959335,2.330898,0
1.0,0.96147746,2.4269757,0
1.0,0.9597271,2.6628346,0
1.0,0.9582443,2.7941008,0
1.0,0.9611581,2.9963274,0
1.0,0.9727864,3.1442366,0
1.0,0.9748166,3.215046,0
1.0,0.977275,3.2741542,0
1.0,0.97846746,3.240149,0
1.0,0.98159045,3.09133,0
1.0,0.9798693,2.8397686,0
1.0,0.97863287,2.6746016,0
1.0,0.9764448,2.6513805,0
1.0,0.9774969,2.9162345,0
1.0,0.97523415,3.2138906,0
1.0,0.97274166,3.3802857,0
1.0,0.97152394,3.474438,0
1.0,0.9702233,3.4875457,0
1.0,0.9665818,3.3593533,0
1.0,0.9566376,3.1437368,0
1.0,0.96334267,2.941435,0
1.0,0.96385795,2.895804,0
1.0,0.9615925,3.1667185,0
1.0,0.9546574,3.2478995,0
1.0,0.96003926,3.2151206,0
1.0,0.9574241,3.1932738,0
1.0,0.9509231,3.1575117,0
1.0,0.9447247,3.1067872,0
1.0,0.9416152,3.1669033,0
1.0,0.944455,3.4708903,0
1.0,0.9515144,3.7717927,0
1.0,0.9572616,4.0889373,0
1.0,0.96351916,4.3178015,0
1.0,0.96838903,4.25523,0
1.0,0.9707645,3.971826,0
1.0,0.9593478,3.7719002,0
1.0,0.9568378,3.5387628,0
1.0,0.9611616,3.4232855,0
1.0,0.96023136,3.4389372,0
1.0,0.95212543,3.6744905,0
1.0,0.95047057,4.094553,0
1.0,0.9543812,4.445657,0
1.0,0.95522064,4.648368,0
1.0,0.95025814,4.558731,0
1.0,0.94163084,4.2730045,0
1.0,0.9347073,3.9522026,0
1.0,0.9383539,3.7399015,0
1.0,0.9373158,3.716564,0
1.0,0.9275017,3.6779976,0
1.0,0.9347582,3.769598,0
1.0,0.9440714,3.831908,0
1.0,0.94660884,3.8411539,0
1.0,0.937903,3.8275602,0
1.0,0.9367375,3.7348545,0
1.0,0.94527155,3.473525,0
1.0,0.9492964,3.3534923,0
1.0,0.94893444,3.3382134,0
1.0,0.9559314,3.4119468,0
1.0,0.9641993,3.71003,0
1.0,0.9702406,3.9654224,0
1.0,0.97382814,3.991332,0
1.0,0.9755045,3.7692463,0
1.0,0.9759336,3.4889266,0
1.0,0.97478956,3.1863582,0
1.0,0.97504574,3.0369647,0
1.0,0.9738902,3.1343098,0
1.0,0.97323024,3.3150463,0
1.0,0.9754302,3.606742,0
1.0,0.9790236,3.8414783,0
1.0,0.9820979,3.9244199,0
1.0,0.98167324,3.8606236,0
1.0,0.98029673,3.5861616,0
1.0,0.9800956,3.2483716,0
1.0,0.97686106,2.949437,0
1.0,0.97425306,2.7770162,0
1.0,0.97477585,2.6990623,0
1.0,0.97716355,2.6880283,0
1.0,0.97767305,2.7075279,0
1.0,0.9737249,2.6576033,0
1.0,0.97409034,2.577479,0
1.0,0.97568387,2.563458,0
1.0,0.9777659,2.6334283,0
1.0,0.9748615,2.904275,0
1.0,0.9737958,3.154334,0
1.0,0.97595644,3.3666153,0
1.0,0.9794071,3.569632,0
1.0,0.97829,3.6960235,0
1.0,0.9783044,3.7796974,0
1.0,0.9787344,3.7995863,0
1.0,0.9798396,3.7458305,0
1.0,0.97655743,3.5264087,0
1.0,0.973032,3.4061592,0
1.0,0.97194576,3.4084125,0
1.0,0.9749154,3.447757,0
1.0,0.97377115,3.5240912,0
1.0,0.9714515,3.6296659,0
1.0,0.97233295,3.7358289,0
1.0,0.97285366,3.7329435,0
1.0,0.970974,3.5838866,0
1.0,0.96960866,3.2927232,0
1.0,0.9716725,3.1096501,0
1.0,0.9743381,3.0788407,0
1.0,0.976143,3.0669007,0
1.0,0.97536194,3.0712557,0
1.0,0.9741712,3.4231563,0
1.0,0.9730531,4.2183676,0
1.0,0.964234,5.0203457,0
1.0,0.9616816,5.787016,0
1.0,0.96369696,6.1692104,0
1.0,0.959794,6.278425,0
1.0,0.9520068,6.3248453,0
1.0,0.952406,6.2992735,0
1.0,0.96109474,6.295416,0
1.0,0.9606934,6.171691,0
1.0,0.95385706,5.827837,0
1.0,0.94823986,5.5486374,0
1.0,0.9456961,5.324381,0
1.0,0.93223286,5.0922837,0
1.0,0.91660684,5.0002794,0
1.0,0.90780365,5.055175,0
1.0,0.9198237,5.2693853,0
1.0,0.92753,5.613985,0
1.0,0.93511206,5.8652964,0
1.0,0.9370628,5.9181924,0
1.0,0.9481931,5.93299,0
1.0,0.9575167,5.8574076,0
1.0,0.9594903,5.769187,0
1.0,0.9506487,5.740115,0
1.0,0.9469321,5.8928447,0
1.0,0.95076615,6.2390656,0
1.0,0.9505256,6.7031364,0
1.0,0.9448387,7.0713215,0
1.0,0.9393779,7.1167603,0
1.0,0.9362838,7.0633287,0
1.0,0.93698025,7.0636044,0
1.0,0.9354579,7.0185437,0
1.0,0.94279724,6.658978,0
1.0,0.9504993,5.9227686,0
1.0,0.95560443,5.147853,0
1.0,0.94956994,4.401635,0
1.0,0.9470909,4.147547,0
1.0,0.9447403,4.2411346,0
1.0,0.94676214,4.349449,0
1.0,0.94234395,4.4357305,0
1.0,0.9384292,4.4811244,0
1.0,0.9393959,4.491911,0
1.0,0.944777,4.5191765,0
1.0,0.9462377,4.579481,0
1.0,0.9513556,4.8175783,0
1.0,0.9556632,5.114943,0
1.0,0.96162844,5.474326,0
1.0,0.9633647,5.592718,0
1.0,0.95765156,5.416496,0
1.0,0.95551777,5.0847855,0
1.0,0.9546208,4.7702317,0
1.0,0.9569913,4.5925846,0
1.0,0.9584496,4.568356,0
1.0,0.9583199,4.6536627,0
1.0,0.9616784,4.7053356,0
1.0,0.96723104,4.7490363,0
1.0,0.96768427,4.746073,0
1.0,0.96689767,4.522478,0
1.0,0.96296304,4.105734,0
1.0,0.9656087,3.861278,0
1.0,0.9617705,3.9959576,0
1.0,0.9605399,4.16521,0
1.0,0.955354,4.234644,0
1.0,0.95936304,4.2870655,0
1.0,0.9600256,4.244635,0
1.0,0.9615716,4.1713467,0
1.0,0.95663327,4.1681514,0
1.0,0.95615155,4.290861,0
1.0,0.9561751,4.3872414,0
1.0,0.95830935,4.3874683,0
1.0,0.95675886,4.3600125,0
1.0,0.9580375,4.361661,0
1.0,0.96301955,4.3619823,0
1.0,0.9678238,4.3391256,0
1.0,0.96824396,4.3378034,0
1.0,0.9697114,4.35999,0
1.0,0.9690833,4.4053755,0
1.0,0.97064847,4.4394035,0
1.0,0.9673102,4.267644,0
1.0,0.9659656,4.1221914,0
1.0,0.96234894,4.122997,0
1.0,0.95675385,4.112796,0
1.0,0.9570535,4.125433,0
1.0,0.9555624,4.120869,0
1.0,0.9565438,4.044306,0
1.0,0.9564427,4.019704,0
1.0,0.961056,4.2323737,0
1.0,0.9611011,4.345893,0
1.0,0.96022105,4.116665,0
1.0,0.9599784,3.886877,0
1.0,0.95683587,3.805434,0
1.0,0.9522777,3.6563573,0
1.0,0.94874007,3.4695904,0
1.0,0.9442949,3.4452615,0
1.0,0.94917506,3.7993715,0
1.0,0.9546764,4.146942,0
1.0,0.9604131,4.409501,0
1.0,0.9612954,4.66844,0
1.0,0.96375394,4.64664,0
1.0,0.9621332,4.45328,0
1.0,0.95996475,4.2208705,0
1.0,0.9562285,4.0679297,0
1.0,0.9543712,4.041577,0
1.0,0.9525696,3.9987764,0
1.0,0.9547855,3.9660282,0
1.0,0.95279336,3.9899397,0
1.0,0.94846356,4.04924,0
1.0,0.94669354,4.232312,0
1.0,0.94673413,4.2457128,0
1.0,0.947877,4.0102997,0
1.0,0.94533056,3.759284,0
1.0,0.9509376,3.6345544,0
1.0,0.94790536,3.5883615,0
1.0,0.95445114,3.5826316,0
1.0,0.96058935,3.5911827,0
1.0,0.96785384,3.651477,0
1.0,0.9634051,3.8384504,0
1.0,0.9628377,3.927597,0
1.0,0.9622436,3.736076,0
1.0,0.96468383,3.4892914,0
1.0,0.9634402,3.402624,0
1.0,0.9655542,3.5421748,0
1.0,0.96506727,3.7455683,0
1.0,0.969675,4.168518,0
1.0,0.9736068,4.2960978,0
1.0,0.9768762,4.150029,0
1.0,0.978641,3.8119833,0
1.0,0.9745567,3.5208554,0
1.0,0.97138184,3.3298838,0
1.0,0.96682215,3.104967,0
1.0,0.9670852,3.0608964,0
1.0,0.95774883,3.1667771,0
1.0,0.9644398,3.622262,0
1.0,0.9612271,3.9376366,0
1.0,0.9708826,3.9566472,0
1.0,0.9652626,3.8295922,0
1.0,0.96965605,3.8441274,0
1.0,0.9664116,3.8184323,0
1.0,0.9717728,3.7514696,0
1.0,0.9657051,3.521541,0
1.0,0.9672436,3.380886,0
1.0,0.9623224,3.6398115,0
1.0,0.9556593,4.205569,0
1.0,0.948132,4.6460805,0
1.0,0.9560187,4.8784,0
1.0,0.94880444,4.9635515,0
1.0,0.943482,5.058008,0
1.0,0.93849456,5.25846,0
1.0,0.94160455,5.233758,0
1.0,0.9348079,5.104591,0
1.0,0.9308891,5.1335783,0
1.0,0.93347853,5.16718,0
1.0,0.9294543,5.1411524,0
1.0,0.91695553,5.047557,0
1.0,0.9034595,4.9199715,0
1.0,0.91204464,4.729515,0
1.0,0.9194801,4.827676,0
1.0,0.9217399,5.0059404,0
1.0,0.9219667,4.947543,0
1.0,0.9351584,4.89874,0
1.0,0.94416237,4.863305,0
1.0,0.9521849,4.8733497,0
1.0,0.95590496,5.1800985,0
1.0,0.95408237,5.5567455,0
1.0,0.9542816,5.4014673,0
1.0,0.95621455,5.1728067,0
1.0,0.9553334,5.1700506,0
1.0,0.94462657,5.243353,0
1.0,0.94379663,5.2760563,0
1.0,0.9462556,5.322728,0
1.0,0.9473028,5.410494,0
1.0,0.9387752,5.5593247,0
1.0,0.95014316,6.0228806,0
1.0,0.95420057,6.434102,0
1.0,0.9492956,6.287028,0
1.0,0.93897736,5.931531,0
1.0,0.9396768,5.713256,0
1.0,0.9345563,5.6414537,0
1.0,0.9331164,5.5982895,0
1.0,0.93344706,5.3429365,0
1.0,0.9375818,5.338741,0
1.0,0.93528754,5.7954354,0
1.0,0.9171375,6.466656,0
1.0,0.89894205,7.326047,0
1.0,0.9230591,8.1959915,0
1.0,0.9284007,8.505917,0
1.0,0.9117167,8.29625,0
1.0,0.89084,8.073057,0
1.0,0.8995724,7.8719997,0
1.0,0.9249623,7.787634,0
1.0,0.9159744,7.7800875,0
1.0,0.905664,7.9674506,0
1.0,0.9024312,8.080513,0
1.0,0.9095153,8.113222,0
1.0,0.9124268,7.905533,0
1.0,0.904907,7.5000987,0
1.0,0.9080048,7.4097795,0
1.0,0.9173521,7.6671834,0
1.0,0.9279024,8.063128,0
1.0,0.93421793,8.288744,0
1.0,0.92909557,8.271639,0
1.0,0.9278927,8.218445,0
1.0,0.9309977,8.188782,0
1.0,0.93858814,8.002616,0
1.0,0.92565393,7.950577,0
1.0,0.9194769,8.12401,0
1.0,0.9228018,8.298177,0
1.0,0.9290839,8.483613,0
1.0,0.9192702,8.536986,0
1.0,0.914676,8.557613,0
1.0,0.9167484,8.599241,0
1.0,0.92562574,8.648147,0
1.0,0.92308897,8.4987135,0
1.0,0.9283161,8.011093,0
1.0,0.92692375,7.1913695,0
1.0,0.93298155,6.2588463,0
1.0,0.9246354,5.5162387,0
1.0,0.92285776,5.197462,0
1.0,0.9150819,5.2130213,0
1.0,0.9179533,5.3870516,0
1.0,0.91434383,5.6784678,0
1.0,0.9313355,6.1954236,0
1.0,0.94059575,6.8735456,0
1.0,0.9477985,7.547068,0
1.0,0.946466,7.8272743,0
1.0,0.9501239,7.8175178,0
1.0,0.95129937,7.771618,0
1.0,0.9475481,7.8000636,0
1.0,0.94583184,7.710541,0
1.0,0.95426404,7.341012,0
1.0,0.9525294,6.9440722,0
1.0,0.9466315,6.849115,0
1.0,0.92145324,6.8912334,0
1.0,0.9370729,7.0006356,0
1.0,0.9501598,7.0706005,0
1.0,0.9539619,7.315675,0
1.0,0.9400414,7.128506,0
1.0,0.9481386,6.621826,0
1.0,0.9544666,6.255121,0
1.0,0.9535533,6.0549173,0
1.0,0.9288518,5.9134836,0
1.0,0.9343124,5.876753,0
1.0,0.933037,5.8196983,0
1.0,0.92977846,5.8003635,0
1.0,0.89401203,5.6791077,0
1.0,0.909588,5.8080235,0
1.0,0.9213874,6.047398,0
1.0,0.924799,6.5532455,0
1.0,0.9033524,6.9633093,0
1.0,0.9184348,7.140432,0
1.0,0.9338939,7.19524,0
1.0,0.9363061,7.060568,0
1.0,0.9220289,6.687562,0
1.0,0.9285636,6.2674193,0
1.0,0.9379179,5.649362,0
1.0,0.9422688,4.9584265,0
1.0,0.9411013,4.8636694,0
1.0,0.9364802,5.172699,0
1.0,0.9308957,5.2349453,0
1.0,0.93328124,5.103277,0
1.0,0.9318652,5.0022907,0
1.0,0.9310243,4.9894214,0
1.0,0.93447924,4.970296,0
1.0,0.9391293,5.176383,0
1.0,0.9420472,5.6505313,0
1.0,0.93572176,6.074932,0
1.0,0.9410029,6.1644316,0
1.0,0.94695836,5.9421988,0
1.0,0.9422317,5.5727663,0
1.0,0.92842203,5.217414,0
1.0,0.93419003,4.9996443,0
1.0,0.9409724,5.191014,0
1.0,0.93749744,5.3933516,0
1.0,0.9146905,5.3966208,0
1.0,0.9187515,5.403063,0
1.0,0.939861,5.512562,0
1.0,0.9379574,5.5313106,0
1.0,0.93190414,5.4345565,0
1.0,0.932397,5.3153663,0
1.0,0.9490009,5.207421,0
1.0,0.9490136,5.159116,0
1.0,0.93497396,5.32486,0
1.0,0.9303985,5.453023,0
1.0,0.94478965,5.488001,0
1.0,0.9452181,5.5035124,0
1.0,0.9298182,5.544038,0
1.0,0.9188841,5.60633,0
1.0,0.9358897,5.628704,0
1.0,0.9388834,5.436179,0
1.0,0.9234052,5.0483284,0
1.0,0.9237642,4.937603,0
1.0,0.9337318,4.9456215,0
1.0,0.93081486,5.023219,0
1.0,0.92474276,5.435994,0
1.0,0.92978543,6.0781827,0
1.0,0.9385708,6.0106945,0
1.0,0.944563,5.3975725,0
1.0,0.9428879,4.888783,0
1.0,0.94023234,4.7708874,0
1.0,0.93860567,4.7657833,0
1.0,0.9422022,4.7143974,0
1.0,0.9446458,4.6672225,0
1.0,0.9428564,4.685016,0
1.0,0.9399032,4.5083456,0
1.0,0.9310569,4.3712196,0
1.0,0.9300252,4.243367,0
1.0,0.92175883,4.1629305,0
1.0,0.92848897,4.181529,0
1.0,0.9304717,4.1951404,0
1.0,0.92829126,4.2960963,0
1.0,0.93590057,4.5431304,0
1.0,0.94860846,4.679426,0
1.0,0.95595455,4.598003,0
1.0,0.9635044,4.4015756,0
1.0,0.9655486,4.213506,0
1.0,0.9672002,4.186797,0
1.0,0.9592803,4.1695933,0
1.0,0.96204865,4.071681,0
1.0,0.9626821,3.9361506,0
1.0,0.9602659,3.9040596,0
1.0,0.95806587,4.0233054,0
1.0,0.95550025,4.36186,0
1.0,0.9588197,4.813924,0
1.0,0.96059775,5.0325794,0
1.0,0.9574431,4.9279776,0
1.0,0.94006765,4.460456,0
1.0,0.9307005,3.7204325,0
1.0,0.9388431,3.417668,0
1.0,0.9345669,3.454973,0
1.0,0.9251062,3.6011662,0
1.0,0.935301,3.659132,0
1.0,0.94177073,3.676163,0
1.0,0.93369603,3.661224,0
1.0,0.91401416,3.5945222,0
1.0,0.91940653,3.575269,0
1.0,0.92481095,3.7958024,0
1.0,0.92258966,4.292432,0
1.0,0.934994,4.7221684,0
1.0,0.95145094,4.9077687,0
1.0,0.9601676,4.9200172,0
1.0,0.9666185,4.933266,0
1.0,0.97028786,4.906288,0
1.0,0.95947146,4.6326113,0
1.0,0.9568524,4.2333217,0
1.0,0.9606819,3.908854,0
1.0,0.962631,3.9206505,0
1.0,0.95064515,4.0318666,0
1.0,0.9445607,4.111273,0
1.0,0.9491243,4.1827574,0
1.0,0.9503445,4.187064,0
1.0,0.9491018,4.1670456,0
1.0,0.9451122,4.0572762,0
1.0,0.9399311,3.8054962,0
1.0,0.94959134,3.556405,0
1.0,0.95201105,3.3215308,0
1.0,0.96006453,3.386009,0
1.0,0.9630684,3.6584334,0
1.0,0.97167295,3.7810712,0
1.0,0.9710241,3.7875607,0
1.0,0.9708255,3.7894735,0
1.0,0.972295,3.7147794,0
1.0,0.9713282,3.5291848,0
1.0,0.9702105,3.471292,0
1.0,0.9715765,3.5011177,0
1.0,0.97417307,3.5565033,0
1.0,0.9745008,3.5917788,0
1.0,0.97762364,3.6394033,0
1.0,0.9766392,3.3786068,0
1.0,0.9719606,2.780699,0
1.0,0.9694185,2.4527783,0
1.0,0.973223,2.531921,0
1.0,0.9731415,2.7587314,0
1.0,0.9763415,2.8390007,0
1.0,0.97592247,2.83703,0
1.0,0.977459,2.8384485,0
1.0,0.98019123,2.823995,0
1.0,0.9795659,2.828957,0
1.0,0.97792655,2.7988484,0
1.0,0.9767851,2.830474,0
1.0,0.9780393,3.0271702,0
1.0,0.9777711,3.1120799,0
1.0,0.97767514,3.1132185,0
1.0,0.9789281,3.146924,0
1.0,0.98018366,3.190324,0
1.0,0.9817062,3.215456,0
1.0,0.9824835,3.1502547,0
1.0,0.9808692,3.282537,0
1.0,0.97968894,3.335568,0
1.0,0.9767512,3.1890686,0
1.0,0.9767992,3.2144737,0
1.0,0.97637254,3.2299476,0
1.0,0.9726083,3.249911,0
1.0,0.96540505,3.4495091,0
1.0,0.96544737,3.552605,0
1.0,0.9639732,3.6486835,0
1.0,0.96078193,4.005541,0
1.0,0.9537167,4.1641273,0
1.0,0.9571476,4.1403394,0
1.0,0.95164025,4.0869474,0
1.0,0.941252,3.9953876,0
1.0,0.9299951,3.885987,0
1.0,0.9409499,3.923386,0
1.0,0.93653274,4.02178,0
1.0,0.93627447,4.084181,0
1.0,0.93211854,4.2311997,0
1.0,0.9575575,4.3209424,0
1.0,0.9589657,4.2536707,0
1.0,0.956902,4.2292414,0
1.0,0.9532041,4.142656,0
1.0,0.9564498,4.0366573,0
1.0,0.9580838,3.9756851,0
1.0,0.9564605,3.7811341,0
1.0,0.9519664,3.7451591,0
1.0,0.9477583,3.8092284,0
1.0,0.9451981,3.7713063,0
1.0,0.9426835,3.7257605,0
1.0,0.94162863,3.906771,0
1.0,0.9485548,4.2492113,0
1.0,0.9463458,3.962696,0
1.0,0.943492,3.653068,0
1.0,0.9405888,3.631285,0
1.0,0.9481385,3.571692,0
1.0,0.95473444,3.558374,0
1.0,0.95488244,3.5998359,0
1.0,0.9541969,3.5908427,0
1.0,0.95830774,3.9287496,0
1.0,0.96180516,4.47398,0
1.0,0.96526414,4.8699074,0
1.0,0.9649554,5.1116085,0
1.0,0.95903474,5.3034544,0
1.0,0.9482117,5.3309298,0
1.0,0.9503015,5.3434486,0
1.0,0.95354694,5.447498,0
1.0,0.9565832,5.3823547,0
1.0,0.945413,5.0505,0
1.0,0.93402296,4.839138,0
1.0,0.9161984,4.665093,0
1.0,0.89375484,4.5597496,0
1.0,0.90462786,4.581012,0
1.0,0.9087883,4.5864773,0
1.0,0.9038642,4.5695086,0
1.0,0.9008391,4.6987896,0
1.0,0.9191156,5.0564466,0
1.0,0.93823844,5.5396338,0
1.0,0.94978356,6.026984,0
1.0,0.9454388,6.1605315,0
1.0,0.9537345,6.188119,0
1.0,0.96069545,6.2133694,0
1.0,0.95346785,6.043404,0
1.0,0.940053,5.7518163,0
1.0,0.95289886,5.735971,0
1.0,0.9611724,5.9361143,0
1.0,0.9488311,6.091814,0
1.0,0.91614294,6.0257473,0
1.0,0.9467019,6.1235867,0
1.0,0.95882714,6.1661053,0
1.0,0.9548051,6.016547,0
1.0,0.9304783,5.534907,0
1.0,0.9434033,5.268633,0
1.0,0.950418,5.137024,0
1.0,0.9570593,5.6389594,0
1.0,0.92981845,6.4074163,0
1.0,0.9375366,6.8011427,0
1.0,0.951962,6.8648915,0
1.0,0.94178414,6.758024,0
1.0,0.90453386,6.7807035,0
1.0,0.93209696,7.0211053,0
1.0,0.9550389,6.9926014,0
1.0,0.935965,6.8457437,0
1.0,0.9132006,6.989144,0
1.0,0.8944752,7.6168365,0
1.0,0.9049569,8.6262455,0
1.0,0.9157679,9.09652,0
1.0,0.91086614,8.917169,0
1.0,0.88419396,8.461905,0
1.0,0.88635415,7.969808,0
1.0,0.9096551,7.44413,0
1.0,0.9255493,7.314642,0
1.0,0.9104018,7.5128574,0
1.0,0.89870983,7.7913184,0
1.0,0.8992532,7.8827286,0
1.0,0.923187,7.90423,0
1.0,0.9092108,7.8607197,0
1.0,0.90590334,7.6643667,0
1.0,0.90594035,7.373609,0
1.0,0.9287198,7.3409195,0
1.0,0.9339985,7.4092865,0
1.0,0.92181665,7.300876,0
1.0,0.92462903,7.2406125,0
1.0,0.9349473,7.2639456,0
1.0,0.93120134,6.94324,0
1.0,0.90719026,6.384883,0
1.0,0.89081615,5.799452,0
1.0,0.9241709,5.136994,0
1.0,0.9457956,4.772214,0
1.0,0.9478488,4.7377295,0
1.0,0.93919,4.7019286,0
1.0,0.95461935,4.594268,0
1.0,0.95369273,4.4729137,0
1.0,0.9535945,4.5350723,0
1.0,0.94954574,4.6802387,0
1.0,0.96023595,4.705217,0
1.0,0.963788,4.0840216,0
1.0,0.9659592,3.1734319,0
1.0,0.9636679,2.9339452,0
1.0,0.967627,3.0015345,0
1.0,0.9625374,2.9903953,0
1.0,0.9579504,3.1270247,0
1.0,0.9555143,3.3534842,0
1.0,0.9585508,3.435713,0
1.0,0.9477748,3.2015545,0
1.0,0.9489914,2.8747854,0
1.0,0.9473194,2.7310882,0
1.0,0.960922,2.835582,0
1.0,0.9650202,2.8890781,0
1.0,0.96860015,2.9875374,0
1.0,0.9685371,3.169468,0
1.0,0.9724229,3.2544527,0
1.0,0.97348714,3.209304,0
1.0,0.9726281,3.2061121,0
1.0,0.97489953,3.2072701,0
1.0,0.97882974,3.2350233,0
1.0,0.9817842,3.2344742,0
1.0,0.97886926,3.197494,0
1.0,0.9783651,3.194375,0
1.0,0.98012644,3.2776203,0
1.0,0.980943,3.5000896,0
1.0,0.9784807,3.57158,0
1.0,0.978239,3.5675657,0
1.0,0.97708625,3.5637965,0
1.0,0.9754174,3.5008595,0
1.0,0.97401243,3.4066298,0
1.0,0.97494894,3.2727923,0
1.0,0.97284365,3.0501976,0
1.0,0.97162,3.0928235,0
1.0,0.9680244,3.141987,0
1.0,0.96900773,3.0557039,0
1.0,0.968561,3.0871568,0
1.0,0.9655501,3.0502484,0
1.0,0.9622691,2.879315,0
1.0,0.9661312,2.726568,0
1.0,0.96765476,2.7070932,0
1.0,0.9694853,3.0235925,0
1.0,0.97224617,3.4572847,0
1.0,0.9780466,3.640853,0
1.0,0.98093194,3.5901647,0
1.0,0.97530216,3.5256243,0
1.0,0.9707099,3.4209075,0
1.0,0.9708962,3.249824,0
1.0,0.9720604,3.1903825,0
1.0,0.9646979,3.1648507,0
1.0,0.96666044,3.1601996,0
1.0,0.97191846,3.2020555,0
1.0,0.97405404,3.293221,0
1.0,0.9703856,3.3922684,0
1.0,0.97048134,3.4116087,0
1.0,0.97521305,3.030212,0
1.0,0.97580904,2.6559756,0
1.0,0.97325665,2.4815469,0
1.0,0.9720416,2.4181435,0
1.0,0.9688969,2.4324305,0
1.0,0.9681345,2.5161343,0
1.0,0.96256405,2.5305142,0
1.0,0.9626763,2.5279753,0
1.0,0.957797,2.5839427,0
1.0,0.9560867,2.8829494,0
1.0,0.95732474,3.0626416,0
1.0,0.964417,3.0790339,0
1.0,0.9649469,2.9996417,0
1.0,0.9691376,2.9222493,0
1.0,0.97284645,2.9567854,0
1.0,0.9750172,3.0454898,0
1.0,0.9733132,3.078477,0
1.0,0.97178584,3.0405107,0
1.0,0.9698897,2.7441623,0
1.0,0.97106194,2.327682,0
1.0,0.9681857,2.118198,0
1.0,0.96475786,2.0693355,0
1.0,0.9682728,2.0850673,0
1.0,0.97068465,2.112473,0
1.0,0.96561205,2.1565185,0
1.0,0.96736646,2.240473,0
1.0,0.9702462,2.3791199,0
1.0,0.97384655,2.4548426,0
1.0,0.9719473,2.4181314,0
1.0,0.97098416,2.3228483,0
1.0,0.9726461,2.2058902,0
1.0,0.97575116,2.0991287,0
1.0,0.97539526,2.0965729,0
1.0,0.9746314,2.457077,0
1.0,0.9773636,3.1784935,0
1.0,0.97881943,3.858659,0
1.0,0.97995996,4.0151396,0
1.0,0.979811,3.962004,0
1.0,0.97881716,4.0638075,0
1.0,0.97439516,4.0634794,0
1.0,0.9755882,3.9643884,0
1.0,0.97481275,3.7641995,0
1.0,0.97400767,3.5550041,0
1.0,0.96762645,3.4714034,0
1.0,0.9616138,3.4671755,0
1.0,0.9694704,3.4949987,0
1.0,0.96818954,3.4991117,0
1.0,0.9638506,3.3871102,0
1.0,0.95056576,3.2891726,0
1.0,0.9586882,3.5246582,0
1.0,0.95672816,4.090178,0
1.0,0.9571581,4.4110575,0
1.0,0.95478266,4.4190526,0
1.0,0.969331,4.460022,0
1.0,0.97098136,4.454272,0
1.0,0.959655,4.40122,0
1.0,0.95036775,4.314523,0
1.0,0.9679461,4.258066,0
1.0,0.96627295,4.11915,0
1.0,0.9580519,4.11316,0
1.0,0.9480991,4.156749,0
1.0,0.96458924,4.214285,0
1.0,0.95571417,4.207816,0
1.0,0.9469664,4.180463,0
1.0,0.94358313,4.1615715,0
1.0,0.94514966,3.8262544,0
1.0,0.9269461,3.0871649,0
1.0,0.94163036,2.556691,0
1.0,0.9427043,2.5861893,0
1.0,0.96168995,2.8725195,0
1.0,0.96901166,2.9441247,0
1.0,0.9745035,2.9928606,0
1.0,0.9746509,2.9805002,0
1.0,0.9769671,2.8414645,0
1.0,0.9759838,2.7761655,0
1.0,0.97250205,2.7031088,0
1.0,0.971982,2.6530595,0
1.0,0.976239,2.653555,0
1.0,0.977848,2.6633039,0
1.0,0.97659653,2.6674883,0
1.0,0.97651094,2.7996297,0
1.0,0.9761079,3.2283707,0
1.0,0.96813375,3.6235366,0
1.0,0.9640644,3.9250731,0
1.0,0.97073054,4.0900326,0
1.0,0.96918935,4.08133,0
1.0,0.9576345,4.173149,0
1.0,0.953959,4.3213034,0
1.0,0.96409345,4.344701,0
1.0,0.97374606,4.398013,0
1.0,0.9682749,4.833558,0
1.0,0.94477224,5.7662463,0
1.0,0.9253097,6.0437894,0
1.0,0.95540905,6.151001,0
1.0,0.9557775,6.1386013,0
1.0,0.93293643,6.100219,0
1.0,0.92878747,6.151139,0
1.0,0.9541711,6.232193,0
1.0,0.95959085,6.1781583,0
1.0,0.93998724,6.009722,0
1.0,0.93487614,5.8013225,0
1.0,0.9400474,5.597168,0
1.0,0.9518977,5.6617475,0
1.0,0.9356223,5.855484,0
1.0,0.927411,6.186012,0
1.0,0.9364009,6.535182,0
1.0,0.94541514,6.7892113,0
1.0,0.9344302,7.0795364,0
1.0,0.9336192,7.410681,0
1.0,0.93447727,7.693965,0
1.0,0.9445589,7.958133,0
1.0,0.9361425,8.016174,0
1.0,0.92959255,7.8313465,0
1.0,0.9100351,7.079673,0
1.0,0.925133,6.1528463,0
1.0,0.93392026,5.628558,0
1.0,0.93464273,5.475235,0
1.0,0.9134772,5.458622,0
1.0,0.9167403,5.5727024,0
1.0,0.91119826,5.951827,0
1.0,0.9176084,6.382017,0
1.0,0.92521733,6.634754,0
1.0,0.9264075,6.375597,0
1.0,0.9175718,5.3758307,0
1.0,0.9206784,5.0253367,0
1.0,0.928732,4.9962997,0
1.0,0.9310553,5.0058966,0
1.0,0.91494346,4.9387445,0
1.0,0.90988356,4.952674,0
1.0,0.9173629,5.042451,0
1.0,0.90887105,5.208129,0
1.0,0.8974881,5.738664,0
1.0,0.90865546,6.014792,0
1.0,0.922485,6.0150366,0
1.0,0.91903746,5.801239,0
1.0,0.92254776,5.583285,0
1.0,0.9378642,5.376971,0
1.0,0.9456041,5.2026787,0
1.0,0.9465111,5.0779986,0
1.0,0.9480127,4.8126307,0
1.0,0.95267457,4.4825077,0
1.0,0.94802994,4.259551,0
1.0,0.9356963,4.076501,0
1.0,0.94009954,3.9908648,0
1.0,0.9474829,4.2540064,0
1.0,0.9453116,4.8121505,0
1.0,0.9348754,5.302231,0
1.0,0.93830645,5.6523933,0
1.0,0.9478118,5.937919,0
1.0,0.9535272,6.143632,0
1.0,0.9415451,6.055047,0
1.0,0.94163454,5.510842,0
1.0,0.9414334,5.089012,0
1.0,0.94499755,4.8758154,0
1.0,0.92627853,4.7439117,0
1.0,0.9220572,4.8735943,0
1.0,0.91169244,5.1331043,0
1.0,0.92076445,5.5742326,0
1.0,0.913074,6.043749,0
1.0,0.9146873,6.2643957,0
1.0,0.9028832,6.1438694,0
1.0,0.91019595,6.0577464,0
1.0,0.9150435,5.8827095,0
1.0,0.9291096,5.3428297,0
1.0,0.93249005,5.1112943,0
1.0,0.93859255,5.1073294,0
1.0,0.9387898,5.0841317,0
1.0,0.93401235,5.0986443,0
1.0,0.9170911,5.194859,0
1.0,0.9314652,5.437552,0
1.0,0.93505883,5.6345253,0
1.0,0.9337149,5.682476,0
1.0,0.9301937,5.6979985,0
1.0,0.9406801,5.792785,0
1.0,0.94359905,5.8525934,0
1.0,0.9405316,5.929887,0
1.0,0.9470716,5.959324,0
1.0,0.95778185,5.756425,0
1.0,0.95845085,5.385805,0
1.0,0.9455696,4.9737597,0
1.0,0.9325586,4.6766157,0
1.0,0.9363616,4.492752,0
1.0,0.9359153,4.305021,0
1.0,0.9401772,4.336678,0
1.0,0.9366259,4.4958954,0
1.0,0.95043296,5.0122023,0
1.0,0.95263374,5.6832914,0
1.0,0.9559286,5.929001,0
1.0,0.9588279,5.8931713,0
1.0,0.9592319,5.893056,0
1.0,0.95236987,5.661685,0
1.0,0.9474397,5.482362,0
1.0,0.942174,5.4460735,0
1.0,0.93762046,5.4278193,0
1.0,0.92553127,5.438301,0
1.0,0.92804456,5.5795965,0
1.0,0.92345107,5.625344,0
1.0,0.9202542,5.6269283,0
1.0,0.91030896,5.616822,0
1.0,0.91207814,5.6593237,0
1.0,0.90702206,5.537866,0
1.0,0.9092075,5.516948,0
1.0,0.9162291,5.6923833,0
1.0,0.9385792,5.96348,0
1.0,0.94296616,6.1992497,0
1.0,0.94813967,6.1333857,0
1.0,0.94840103,6.0782843,0
1.0,0.9523784,6.1648765,0
1.0,0.9490796,5.9017744,0
1.0,0.94875985,5.6705036,0
1.0,0.9434844,5.955239,0
1.0,0.94390285,6.5103135,0
1.0,0.9357728,6.849421,0
1.0,0.94764656,7.113794,0
1.0,0.9501299,7.2719355,0
1.0,0.9456673,7.366474,0
1.0,0.94056916,7.340098,0
1.0,0.94826645,6.975429,0
1.0,0.9507237,6.2547984,0
1.0,0.9427274,5.785576,0
1.0,0.9281538,5.492587,0
1.0,0.92870814,5.128406,0
1.0,0.93003184,4.891363,0
1.0,0.92223763,4.890729,0
1.0,0.9152717,4.9107943,0
1.0,0.92332655,4.9861493,0
1.0,0.9328634,5.1427803,0
1.0,0.92088866,5.105212,0
1.0,0.9214824,5.0753675,0
1.0,0.9424481,5.165342,0
1.0,0.9512332,5.198927,0
1.0,0.95118856,5.1728277,0
1.0,0.9532335,5.386894,0
1.0,0.9628618,5.7576323,0
1.0,0.9694082,5.7118835,0
1.0,0.9700337,5.5423317,0
1.0,0.9686679,5.32419,0
1.0,0.96487844,5.2645154,0
1.0,0.9646493,5.1592674,0
1.0,0.9619587,4.989717,0
1.0,0.96278965,4.998046,0
1.0,0.966169,5.06763,0
1.0,0.966608,4.793395,0
1.0,0.96465534,4.6508126,0
1.0,0.9588049,4.9980597,0
1.0,0.96081823,5.0802274,0
1.0,0.9579906,4.9705973,0
1.0,0.95134133,4.7917204,0
1.0,0.93998903,4.591404,0
1.0,0.9451347,4.585588,0
1.0,0.9483495,4.580886,0
1.0,0.9449297,4.5581656,0
1.0,0.93952054,4.555686,0
1.0,0.94029874,4.574802,0
1.0,0.93452257,4.6262627,0
1.0,0.92444223,4.5694394,0
1.0,0.9118547,4.5202003,0
1.0,0.91656315,4.6811314,0
1.0,0.92717344,4.661124,0
1.0,0.92835516,4.599352,0
1.0,0.9329246,4.61429,0
1.0,0.94400877,4.6257396,0
1.0,0.9507038,4.6183248,0
1.0,0.9473822,4.753232,0
1.0,0.95440555,5.3085537,0
1.0,0.9624585,6.411272,0
1.0,0.96326923,7.680834,0
1.0,0.95613694,8.267759,0
1.0,0.9517545,8.269564,0
1.0,0.95082533,8.32906,0
1.0,0.9510227,8.770687,0
1.0,0.95046043,9.201066,0
1.0,0.9536148,9.258389,0
1.0,0.9544727,9.149731,0
1.0,0.9530327,9.37079,0
1.0,0.8971739,9.180725,0
1.0,0.8604791,8.444386,0
1.0,0.9247617,8.397004,0
1.0,0.9439329,8.483572,0
1.0,0.9077194,8.428213,0
1.0,0.9061166,8.482817,0
1.0,0.9392092,8.649328,0
1.0,0.9490562,8.907519,0
1.0,0.9171703,9.1216345,0
1.0,0.91895527,9.40831,0
1.0,0.93779856,9.56234,0
1.0,0.93906313,9.490567,0
1.0,0.88710463,9.278484,0
1.0,0.89267987,9.341583,0
1.0,0.9278663,9.622385,0
1.0,0.9313893,9.98506,0
1.0,0.90109056,10.152166,0
1.0,0.8997828,10.440083,0
1.0,0.92992616,10.69823,0
1.0,0.93046993,10.722685,0
1.0,0.9078123,10.810234,0
1.0,0.903893,10.1102085,0
1.0,0.92933303,8.510576,0
1.0,0.94155455,7.0202794,0
1.0,0.9412698,6.5793676,0
1.0,0.92501736,7.2524924,0
1.0,0.92087704,8.418804,0
1.0,0.9244503,8.887951,0
1.0,0.93642455,8.562328,0
1.0,0.917087,8.618229,0
1.0,0.92416555,8.982735,0
1.0,0.92817193,8.6509285,0
1.0,0.9428259,8.264083,0
1.0,0.929994,8.473867,0
1.0,0.9256115,8.957607,0
1.0,0.87977785,9.015226,0
1.0,0.91614276,9.144051,0
1.0,0.92347175,9.21442,0
1.0,0.92746836,9.284288,0
1.0,0.9025267,9.069771,0
1.0,0.9283228,8.927336,0
1.0,0.935291,8.820656,0
1.0,0.94166756,8.980242,0
1.0,0.9219209,8.982614,0
1.0,0.93656516,9.01074,0
1.0,0.9383367,8.937523,0
1.0,0.9312558,8.607175,0
1.0,0.8912996,8.01553,0
1.0,0.9224308,7.9268656,0
1.0,0.93663293,8.074787,0
1.0,0.9388691,8.441151,0
1.0,0.9097589,8.54561,0
1.0,0.9239356,8.221682,0
1.0,0.94268227,8.141516,0
1.0,0.93845564,8.209644,0
1.0,0.9201507,8.126062,0
1.0,0.91663367,7.8280997,0
1.0,0.93851423,7.1935415,0
1.0,0.9380108,6.3362427,0
1.0,0.93427724,5.742683,0
1.0,0.92391276,5.8460274,0
1.0,0.9308876,5.7128053,0
1.0,0.91857177,5.294368,0
1.0,0.9199142,5.2097588,0
1.0,0.92109525,5.3025427,0
1.0,0.9307401,5.1209736,0
1.0,0.92484695,4.762295,0
1.0,0.93348676,4.65549,0
1.0,0.9388416,4.637059,0
1.0,0.94355345,4.5402803,0
1.0,0.9375562,4.3179584,0
1.0,0.9362709,4.1985326,0
1.0,0.93893915,4.122484,0
1.0,0.9446366,4.104292,0
1.0,0.9427358,4.3217125,0
1.0,0.9464722,4.7937684,0
1.0,0.942222,5.0675473,0
1.0,0.9507105,5.1644573,0
1.0,0.94585884,5.108101,0
1.0,0.94772077,5.1496153,0
1.0,0.9384347,4.935569,0
1.0,0.9483267,4.8053107,0
1.0,0.9402311,4.851086,0
1.0,0.9381158,5.107333,0
1.0,0.9170507,5.2906375,0
1.0,0.9347984,5.3554683,0
1.0,0.9361879,5.3486023,0
1.0,0.9384914,5.3296266,0
1.0,0.93011224,5.30463,0
1.0,0.9460647,5.413101,0
1.0,0.9498227,5.3352556,0
1.0,0.9393923,5.380224,0
1.0,0.92805773,5.307601,0
1.0,0.9404496,5.4744625,0
1.0,0.9555097,5.6817913,0
1.0,0.9442724,5.6325407,0
1.0,0.9292756,5.446906,0
1.0,0.93667495,5.329433,0
1.0,0.95141023,5.1824985,0
1.0,0.9414896,4.9939227,0
1.0,0.93307114,4.9502892,0
1.0,0.93471664,4.9987984,0
1.0,0.9460103,5.1007094,0
1.0,0.94596493,5.222207,0
1.0,0.9382605,5.4903555,0
1.0,0.93898654,5.6230726,0
1.0,0.95987076,5.442084,0
1.0,0.96216303,4.952321,0
1.0,0.9605092,4.639496,0
1.0,0.9652807,4.5792785,0
1.0,0.96536446,4.5863905,0
1.0,0.9684919,4.5927634,0
1.0,0.9640241,4.5911503,0
1.0,0.9626979,4.3089876,0
1.0,0.96140337,3.7372446,0
1.0,0.9621315,3.2484128,0
1.0,0.95325774,2.9565458,0
1.0,0.94464964,3.177611,0
1.0,0.94852597,3.3884861,0
1.0,0.96441364,3.7190256,0
1.0,0.9697501,4.8065915,0
1.0,0.97329855,5.6091638,0
1.0,0.97096753,5.3877583,0
1.0,0.9732766,4.982709,0
1.0,0.96818227,4.9196625,0
1.0,0.96627396,4.763673,0
1.0,0.9672974,4.6774616,0
1.0,0.9659936,4.869532,0
1.0,0.95721596,5.185108,0
1.0,0.945807,5.528254,0
1.0,0.94530606,5.5976644,0
1.0,0.96208525,5.6457067,0
1.0,0.9589621,5.6389565,0
1.0,0.9521864,5.574048,0
1.0,0.94917893,5.5003376,0
1.0,0.95912564,5.4580293,0
1.0,0.9505453,5.162608,0
1.0,0.93605703,4.839654,0
1.0,0.9295123,4.6406455,0
1.0,0.95692724,4.7320595,0
1.0,0.95691186,4.8098927,0
1.0,0.9496572,4.81945,0
1.0,0.9449129,4.803507,0
1.0,0.96273917,4.9262247,0
1.0,0.95986944,5.3688946,0
1.0,0.9585449,5.9377017,0
1.0,0.9600158,6.319167,0
1.0,0.9757337,6.386773,0
1.0,0.97142494,6.438545,0
1.0,0.9627757,6.231719,0
1.0,0.9474725,5.934599,0
1.0,0.96864945,5.6246862,0
1.0,0.9694192,4.675539,0
1.0,0.96746516,4.1319556,0
1.0,0.9443648,4.6616096,0
1.0,0.9577572,5.201809,0
1.0,0.96707124,5.2625804,0
1.0,0.96528006,5.2888193,0
1.0,0.9522143,5.1836414,0
1.0,0.95713216,5.043444,0
1.0,0.960461,4.784599,0
1.0,0.9565872,4.4175596,0
1.0,0.93852574,4.334995,0
1.0,0.9363354,4.3717394,0
1.0,0.93066543,4.350402,0
1.0,0.9282848,4.3546453,0
1.0,0.9030515,4.2848206,0
1.0,0.9078648,4.249852,0
1.0,0.92620736,4.4000525,0
1.0,0.93259674,4.929342,0
1.0,0.9310142,5.4007044,0
1.0,0.9382072,5.591432,0
1.0,0.95557564,5.6140084,0
1.0,0.96234494,5.634453,0
1.0,0.9574125,5.6250577,0
1.0,0.9476658,5.6900835,0
1.0,0.9549528,5.670556,0
1.0,0.95833904,5.285427,0
1.0,0.95549303,4.9034476,0
1.0,0.9421549,4.887339,0
1.0,0.9378168,4.8290596,0
1.0,0.9359325,4.7613378,0
1.0,0.9369564,4.750622,0
1.0,0.94099855,4.7788305,0
1.0,0.9551845,4.9088655,0
1.0,0.9536094,4.9166975,0
1.0,0.9365254,4.503764,0
1.0,0.94964516,4.1130214,0
1.0,0.9622776,3.987197,0
1.0,0.9521193,3.9188552,0
1.0,0.9444016,3.9283166,0
1.0,0.9501685,3.9455833,0
1.0,0.95917565,3.9381008,0
1.0,0.94906443,3.9393203,0
1.0,0.9325429,3.9465435,0
1.0,0.9388513,4.1916347,0
1.0,0.9512878,4.404274,0
1.0,0.9407512,4.462075,0
1.0,0.93276143,4.493455,0
1.0,0.94271445,4.51683,0
1.0,0.944299,4.3945994,0
1.0,0.94022703,3.9199286,0
1.0,0.9497156,3.4295576,0
1.0,0.9662693,3.2805133,0
1.0,0.97182786,3.4482017,0
1.0,0.9738012,3.7981648,0
1.0,0.9721243,4.0893,0
1.0,0.97051215,3.9189138,0
1.0,0.9720276,3.515484,0
1.0,0.97335106,3.4640987,0
1.0,0.97124195,3.5176046,0
1.0,0.9709693,3.48551,0
1.0,0.96810424,3.5276723,0
1.0,0.9696702,3.8520694,0
1.0,0.967437,4.4768386,0
1.0,0.9698757,5.1483383,0
1.0,0.9709938,5.102641,0
1.0,0.9682861,4.714065,0
1.0,0.95173657,4.3425717,0
1.0,0.9530445,4.25563,0
1.0,0.9588028,4.379635,0
1.0,0.9587636,4.542307,0
1.0,0.9469745,4.5325947,0
1.0,0.9428486,4.476963,0
1.0,0.9448288,4.518969,0
1.0,0.93971634,4.6328306,0
1.0,0.9108777,4.4846087,0
1.0,0.91023296,4.2170763,0
1.0,0.92814046,4.136533,0
1.0,0.9368845,4.748479,0
1.0,0.9264809,5.7420783,0
1.0,0.9306276,6.2475276,0
1.0,0.95294315,6.389621,0
1.0,0.9623039,6.3469696,0
1.0,0.9461491,6.3321047,0
1.0,0.9313093,6.22821,0
1.0,0.9479616,6.0835285,0
1.0,0.9593915,5.8242984,0
1.0,0.9492959,5.8470345,0
1.0,0.9140531,6.161783,0
1.0,0.91943294,6.360937,0
1.0,0.9443551,6.348326,0
1.0,0.93830824,6.2729197,0
1.0,0.90889806,6.252963,0
1.0,0.90989333,6.1611843,0
1.0,0.92937034,5.9648814,0
1.0,0.93683845,5.4415956,0
1.0,0.93402904,4.7969003,0
1.0,0.940143,4.639145,0
1.0,0.9438885,4.6517606,0
1.0,0.9409128,4.644434,0
1.0,0.9135112,4.8231525,0
1.0,0.91026175,5.339864,0
1.0,0.93651193,6.00278,0
1.0,0.9567946,6.4225206,0
1.0,0.94956046,6.425682,0
1.0,0.9454701,6.368206,0
1.0,0.9622156,6.313574,0
1.0,0.96485126,6.3752713,0
1.0,0.9647818,6.416309,0
1.0,0.9583597,6.349001,0
1.0,0.96092963,5.969746,0
1.0,0.9455972,5.2649674,0
1.0,0.9332597,5.2803316,0
1.0,0.95058227,5.7617145,0
1.0,0.9521598,5.8211164,0
1.0,0.92632943,5.6792936,0
1.0,0.9195327,5.657013,0
1.0,0.9356079,5.7138453,0
1.0,0.9348277,5.715407,0
1.0,0.9226702,5.622245,0
1.0,0.9128303,5.7261643,0
1.0,0.9068921,6.241582,0
1.0,0.9263144,6.4451838,0
1.0,0.9269174,6.4452505,0
1.0,0.9109863,6.355792,0
1.0,0.9187077,6.487216,0
1.0,0.9339087,6.457936,0
1.0,0.93486613,6.3738174,0
1.0,0.9281292,6.422798,0
1.0,0.93107295,6.6593547,0
1.0,0.9208345,6.952715,0
1.0,0.9328054,7.1705155,0
1.0,0.9395322,6.9658237,0
1.0,0.9320273,6.3101864,0
1.0,0.92294264,5.5507035,0
1.0,0.94165,5.3171773,0
1.0,0.9549356,5.400468,0
1.0,0.9443537,5.345027,0
1.0,0.9280492,5.235782,0
1.0,0.93728834,5.4105434,0
1.0,0.94317937,5.499345,0
1.0,0.9316753,5.4592943,0
1.0,0.90341425,5.081975,0
1.0,0.91704464,4.7179546,0
1.0,0.9255456,4.272438,0
1.0,0.91780406,3.9398181,0
1.0,0.8946766,4.1473184,0
1.0,0.90566033,4.45349,0
1.0,0.9357572,4.738175,0
1.0,0.9459706,4.8662,0
1.0,0.94445026,4.7921624,0
1.0,0.95300484,4.5418415,0
1.0,0.9491614,3.9702516,0
1.0,0.9467619,3.2151923,0
1.0,0.9481993,3.0662975,0
1.0,0.94300187,3.3653288,0
1.0,0.9234939,3.867856,0
1.0,0.91258687,4.352711,0
1.0,0.9067047,4.9603353,0
1.0,0.9024435,5.297859,0
1.0,0.8852937,5.176988,0
1.0,0.8847434,4.9565525,0
1.0,0.89032525,4.656677,0
1.0,0.9114644,4.5388913,0
1.0,0.913774,4.5345135,0
1.0,0.91949105,4.5568504,0
1.0,0.9181999,4.5723567,0
1.0,0.91907924,4.474525,0
1.0,0.93243235,4.471749,0
1.0,0.93285924,4.5723696,0
1.0,0.9308155,4.714178,0
1.0,0.9324489,4.6254525,0
1.0,0.93876827,4.585416,0
1.0,0.9462081,4.661915,0
1.0,0.9487899,4.793955,0
1.0,0.95281476,4.836456,0
1.0,0.962117,4.8012743,0
1.0,0.9683348,4.649304,0
1.0,0.96397847,4.3823915,0
1.0,0.9570379,4.129484,0
1.0,0.9607969,3.996563,0
1.0,0.9668892,4.147818,0
1.0,0.96761256,4.409991,0
1.0,0.9662922,4.5095825,0
1.0,0.9712967,4.727525,0
1.0,0.9764336,5.3781843,0
1.0,0.9794897,5.9392376,0
1.0,0.979886,5.819029,0
1.0,0.98119557,5.265904,0
1.0,0.98153716,4.663887,0
1.0,0.9784113,4.0283813,0
1.0,0.9759577,3.6416607,0
1.0,0.97734183,3.6336908,0
1.0,0.97289973,3.8518832,0
1.0,0.9675075,4.297766,0
1.0,0.95698214,4.5634637,0
1.0,0.9614576,4.6181755,0
1.0,0.962215,4.617813,0
1.0,0.95432705,4.5608234,0
1.0,0.9466881,4.565736,0
1.0,0.95641613,4.687991,0
1.0,0.956463,4.959716,0
1.0,0.94585466,5.065162,0
1.0,0.93892294,4.9591355,0
1.0,0.94709736,4.9443846,0
1.0,0.94619936,4.8968997,0
1.0,0.9302599,4.7755394,0
1.0,0.92082083,4.9285297,0
1.0,0.93582344,5.3440037,0
1.0,0.94151527,5.69368,0
1.0,0.9309618,5.813203,0
1.0,0.9274882,5.782022,0
1.0,0.9367916,5.7443914,0
1.0,0.9418087,5.576645,0
1.0,0.9346563,5.3528285,0
1.0,0.92875934,5.3940344,0
1.0,0.9248531,5.830504,0
1.0,0.931406,5.7684765,0
1.0,0.92889494,5.2352276,0
1.0,0.92197704,5.0141296,0
1.0,0.9065987,4.9479322,0
1.0,0.90409875,4.9745708,0
1.0,0.9208321,5.021972,0
1.0,0.9329579,5.0611835,0
1.0,0.93081874,5.2338185,0
1.0,0.93218595,5.684993,0
1.0,0.9062143,5.7853847,0
1.0,0.9169936,6.039715,0
1.0,0.92545784,6.5562744,0
1.0,0.9290073,6.839856,0
1.0,0.9016661,6.7230706,0
1.0,0.90659183,6.7625823,0
1.0,0.9174067,6.8546934,0
1.0,0.93211395,6.538908,0
1.0,0.91265947,6.2306986,0
1.0,0.9199917,6.281946,0
1.0,0.9154427,6.373171,0
1.0,0.91034716,6.4631863,0
1.0,0.90720135,6.4697742,0
1.0,0.92657214,6.3512406,0
1.0,0.92883873,6.0265856,0
1.0,0.92664146,5.75292,0
1.0,0.9340901,5.8647866,0
1.0,0.95187825,6.5387945,0
1.0,0.94771826,6.987314,0
1.0,0.9435612,6.9905934,0
1.0,0.9457612,6.9231772,0
1.0,0.9532942,6.7763395,0
1.0,0.9394951,6.0883274,0
1.0,0.93047994,5.550947,0
1.0,0.9396846,5.551253,0
1.0,0.94982463,5.7327533,0
1.0,0.93559265,5.990069,0
1.0,0.9217641,5.9943666,0
1.0,0.9397756,6.0411406,0
1.0,0.9519488,6.1125584,0
1.0,0.94725394,5.91407,0
1.0,0.94213724,5.2307496,0
1.0,0.9495569,4.650833,0
1.0,0.9585197,4.693838,0
1.0,0.95749706,4.8435125,0
1.0,0.9591931,4.8338327,0
1.0,0.9603835,4.8680515,0
1.0,0.9550464,4.7591753,0
1.0,0.94682294,4.5825553,0
1.0,0.94102114,4.646696,0
1.0,0.9518292,4.6347675,0
1.0,0.95474,4.6023874,0
1.0,0.9484849,4.539752,0
1.0,0.9460191,4.5047703,0
1.0,0.9460473,4.5134354,0
1.0,0.9609557,4.56258,0
1.0,0.96261686,4.5448446,0
1.0,0.96389085,4.53055,0
1.0,0.96164256,4.5878897,0
1.0,0.9692528,4.4620495,0
1.0,0.96767753,4.3896375,0
1.0,0.96169996,4.630966,0
1.0,0.9548968,4.9381266,0
1.0,0.96483064,5.3249083,0
1.0,0.9611806,5.491678,0
1.0,0.9450726,5.4102306,0
1.0,0.92990416,5.353899,0
1.0,0.9465174,5.260651,0
1.0,0.9492699,4.9621825,0
1.0,0.9371818,4.912307,0
1.0,0.9320887,5.231468,0
1.0,0.9490166,5.467657,0
1.0,0.9494863,5.481224,0
1.0,0.9501913,5.4970417,0
1.0,0.9472324,5.4562106,0
1.0,0.95321643,4.9600115,0
1.0,0.95492494,4.304933,0
1.0,0.9580885,4.2426014,0
1.0,0.9529958,4.743898,0
1.0,0.9392717,5.093383,0
1.0,0.9442222,5.2439737,0
1.0,0.9513455,5.268532,0
1.0,0.9456254,5.242035,0
1.0,0.93197125,5.1570907,0
1.0,0.9337485,5.1103487,0
1.0,0.93934584,5.0295095,0
1.0,0.93868643,5.075861,0
1.0,0.93287617,5.4532976,0
1.0,0.9373755,5.732295,0
1.0,0.94762236,5.9130454,0
1.0,0.9493434,5.60797,0
1.0,0.94456327,5.081131,0
1.0,0.946582,4.6852756,0
1.0,0.9464842,4.3529043,0
1.0,0.9524367,4.0865097,0
1.0,0.94916743,3.947254,0
1.0,0.949685,4.245046,0
1.0,0.943013,4.559102,0
1.0,0.9500389,4.637725,0
1.0,0.94923025,4.7137814,0
1.0,0.9420971,4.732523,0
1.0,0.94238317,4.619329,0
1.0,0.9407198,4.268488,0
1.0,0.93950707,4.182123,0
1.0,0.9368473,4.433943,0
1.0,0.9424626,4.7475834,0
1.0,0.9443975,4.846937,0
1.0,0.9441147,4.836962,0
1.0,0.9435918,4.8065934,0
1.0,0.9397322,4.612699,0
1.0,0.94463444,4.081119,0
1.0,0.94495505,3.7844806,0
1.0,0.9397416,3.9038663,0
1.0,0.9371475,4.3798614,0
1.0,0.9388727,5.2458854,0
1.0,0.9437188,5.8823485,0
1.0,0.94620043,5.8953238,0
1.0,0.9417863,6.0635505,0
1.0,0.94409215,6.156045,0
1.0,0.94682914,5.7292776,0
1.0,0.9488785,5.6982975,0
1.0,0.94283336,5.8311586,0
1.0,0.9365571,6.093617,0
1.0,0.9175068,6.461997,0
1.0,0.9346028,6.8050575,0
1.0,0.94333833,6.9495044,0
1.0,0.9335522,6.898758,0
1.0,0.9244404,6.677395,0
1.0,0.92665714,6.2724266,0
1.0,0.94508857,6.0093784,0
1.0,0.9405762,6.0993037,0
1.0,0.9364303,6.291015,0
1.0,0.93185365,6.388427,0
1.0,0.9477369,6.461892,0
1.0,0.94428533,6.429581,0
1.0,0.9310766,6.2786407,0
1.0,0.9278582,6.1104355,0
1.0,0.94387865,6.2997427,0
1.0,0.94739485,6.952097,0
1.0,0.94429946,7.6216354,0
1.0,0.9300639,7.824295,0
1.0,0.9410764,7.8589687,0
1.0,0.9406943,7.8982754,0
1.0,0.93882114,7.8400507,0
1.0,0.91700083,7.478887,0
1.0,0.9427486,7.0144577,0
1.0,0.9481685,6.193678,0
1.0,0.9441148,5.6984186,0
1.0,0.9069741,6.1019983,0
1.0,0.9268312,6.3908186,0
1.0,0.9408334,6.3640256,0
1.0,0.9380903,6.4270506,0
1.0,0.91742826,6.1532493,0
1.0,0.92632186,5.8328266,0
1.0,0.9380448,5.6415353,0
1.0,0.93780863,5.59602,0
1.0,0.92178446,5.5922422,0
1.0,0.9224017,5.582676,0
1.0,0.9356367,5.633361,0
1.0,0.93075055,5.602848,0
1.0,0.9034747,5.4617615,0
1.0,0.9081733,5.50196,0
1.0,0.9276915,5.3886795,0
1.0,0.92522746,5.1473913,0
1.0,0.91137606,5.341005,0
1.0,0.9230822,5.6154437,0
1.0,0.9375024,5.746958,0
1.0,0.9417761,5.8179526,0
1.0,0.9353351,5.6520805,0
1.0,0.94573253,5.269786,0
1.0,0.9471539,4.580983,0
1.0,0.9521028,3.9134321,0
1.0,0.9473299,3.9519737,0
1.0,0.9466633,4.5933113,0
1.0,0.9407772,5.2245016,0
1.0,0.9499168,5.4815197,0
1.0,0.9517262,5.6194634,0
1.0,0.95148253,5.685542,0
1.0,0.94241285,5.6515174,0
1.0,0.94650877,5.7956114,0
1.0,0.9472537,5.6192846,0
1.0,0.9491188,5.202256,0
1.0,0.94330215,5.1712456,0
1.0,0.94539297,5.1341877,0
1.0,0.9379598,5.1148834,0
1.0,0.93469226,5.389383,0
1.0,0.9133595,5.6509647,0
1.0,0.91980016,5.755887,0
1.0,0.9261268,5.7398396,0
1.0,0.9389396,5.7589417,0
1.0,0.92970353,5.698524,0
1.0,0.94186187,5.7527556,0
1.0,0.94168603,5.7825327,0
1.0,0.95270646,5.7919807,0
1.0,0.95565176,5.7905903,0
1.0,0.95309246,5.833893,0
1.0,0.93863153,5.7361355,0
1.0,0.92672384,5.9046617,0
1.0,0.9394042,6.410084,0
1.0,0.9375554,6.5954304,0
1.0,0.9236849,6.5977273,0
1.0,0.91006064,6.5335083,0
1.0,0.9167649,6.495611,0
1.0,0.92227536,6.510369,0
1.0,0.9149624,6.1891556,0
1.0,0.9202497,5.579037,0
1.0,0.9215162,4.9692144,0
1.0,0.9330046,4.7492566,0
1.0,0.9228402,4.593842,0
1.0,0.90434515,4.466451,0
1.0,0.9063974,4.5403976,0
1.0,0.9124653,4.583388,0
1.0,0.9191453,4.7329206,0
1.0,0.9185012,5.582589,0
1.0,0.943537,6.270504,0
1.0,0.9571773,6.4352612,0
1.0,0.960629,6.4040933,0
1.0,0.96335196,6.127256,0
1.0,0.96452004,5.7222714,0
1.0,0.9637881,5.249803,0
1.0,0.960527,4.9781566,0
1.0,0.961165,4.9169893,0
1.0,0.9577404,5.032563,0
1.0,0.9477235,5.149664,0
1.0,0.9564355,5.301921,0
1.0,0.96406645,5.532402,0
1.0,0.95964885,5.692909,0
1.0,0.95626676,5.7434516,0
1.0,0.9649065,5.519541,0
1.0,0.9565501,5.0431857,0
1.0,0.94268775,4.472145,0
1.0,0.94361395,4.293261,0
1.0,0.9574717,4.4653482,0
1.0,0.9669679,4.6222906,0
1.0,0.9629937,4.62522,0
1.0,0.9571645,4.6488905,0
1.0,0.95966,4.7269573,0
1.0,0.9600187,4.713763,0
1.0,0.9592587,4.6392536,0
1.0,0.95147294,4.643173,0
1.0,0.9604856,4.9843826,0
1.0,0.9664896,5.4101663,0
1.0,0.9708575,5.631857,0
1.0,0.97169346,5.4573607,0
1.0,0.9754505,5.0384364,0
1.0,0.9766758,4.2120085,0
1.0,0.9738263,3.5679748,0
1.0,0.97240835,3.8214617,0
1.0,0.971666,3.903845,0
1.0,0.96748906,3.8633876,0
1.0,0.96445113,3.9719367,0
1.0,0.95463884,4.5711775,0
1.0,0.94761956,5.4973164,0
1.0,0.9541182,6.1351147,0
1.0,0.9572542,6.248957,0
1.0,0.9417363,6.1545944,0
1.0,0.9294769,5.9616804,0
1.0,0.9314137,6.1243687,0
1.0,0.95112205,6.0955076,0
1.0,0.95182675,5.9887714,0
1.0,0.95041716,6.30883,0
1.0,0.95241135,6.964188,0
1.0,0.93005633,7.1871514,0
1.0,0.94078696,7.168008,0
1.0,0.9455236,7.0074587,0
1.0,0.9431192,7.0417156,0
1.0,0.93394023,7.219607,0
1.0,0.942776,7.2070456,0
1.0,0.9540415,7.290415,0
1.0,0.9543725,7.8846645,0
1.0,0.92584497,8.327797,0
1.0,0.93068624,8.498075,0
1.0,0.9576884,8.26697,0
1.0,0.95390326,7.942074,0
1.0,0.9140536,7.724379,0
1.0,0.93288696,7.6490793,0
1.0,0.96084297,7.688378,0
1.0,0.9592491,7.961317,0
1.0,0.9218277,8.649494,0
1.0,0.90668404,9.030182,0
1.0,0.9521532,9.097769,0
1.0,0.9629982,9.405632,0
1.0,0.92976403,9.68918,0
1.0,0.89714587,9.218076,0
1.0,0.9560108,8.368134,0
1.0,0.9656281,8.0493,0
1.0,0.9436292,8.478003,0
1.0,0.8756666,9.216055,0
1.0,0.9249059,9.717302,0
1.0,0.96031195,9.429085,0
1.0,0.9479447,9.518646,0
1.0,0.8828702,9.484213,0
1.0,0.92849284,9.1771755,0
1.0,0.96238714,8.568762,0
1.0,0.95873356,8.264612,0
1.0,0.9206098,8.2285595,0
1.0,0.9203123,8.2427635,0
1.0,0.95231384,8.126329,0
1.0,0.9528447,7.9203873,0
1.0,0.915555,8.041317,0
1.0,0.90369546,8.333876,0
1.0,0.9486439,8.485138,0
1.0,0.95780516,8.213808,0
1.0,0.94907475,8.043968,0
1.0,0.9381606,8.021868,0
1.0,0.9567657,7.9832196,0
1.0,0.96617216,7.865766,0
1.0,0.9573713,7.8486137,0
1.0,0.9371566,8.0964575,0
1.0,0.9523039,8.235462,0
1.0,0.96484286,7.4379206,0
1.0,0.9611103,6.5897155,0
1.0,0.9500595,6.5434,0
1.0,0.95014113,6.265238,0
1.0,0.954248,5.7411327,0
1.0,0.95514417,5.5426044,0
1.0,0.9556718,5.5212526,0
1.0,0.9456095,5.18814,0
1.0,0.94234055,4.4841413,0
1.0,0.9378077,3.5234663,0
1.0,0.93146956,3.1352649,0
1.0,0.9147151,3.1208265,0
1.0,0.9258504,2.9660115,0
1.0,0.9408221,3.0508184,0
1.0,0.96064055,3.2693849,0
1.0,0.9591975,3.3930304,0
1.0,0.961397,3.5616999,0
1.0,0.9678895,3.6029372,0
1.0,0.9735526,3.648045,0
1.0,0.9710188,3.8398523,0
1.0,0.9702617,4.0202785,0
1.0,0.9669184,3.8345177,0
1.0,0.97007006,3.3838332,0
1.0,0.96865284,2.7391038,0
1.0,0.9685932,2.5223925,0
1.0,0.967599,2.4907615,0
1.0,0.9730758,2.6175237,0
1.0,0.972864,2.735814,0
1.0,0.9762632,2.7432945,0
1.0,0.9705838,2.7225819,0
1.0,0.95894957,2.358627,0
1.0,0.94178987,1.9188712,0
1.0,0.9440623,2.1474662,0
1.0,0.94042313,2.7679822,0
1.0,0.95955133,3.2207057,0
1.0,0.96631783,3.3752358,0
1.0,0.97450495,3.4696312,0
1.0,0.96582353,3.4424264,0
1.0,0.9727102,3.4632742,0
1.0,0.9602318,3.42792,0
1.0,0.9618385,3.4331675,0
1.0,0.9510323,3.368517,0
1.0,0.95546305,3.410545,0
1.0,0.9433024,3.627461,0
1.0,0.9473145,4.0075173,0
1.0,0.94482875,3.95576,0
1.0,0.95578295,3.8017323,0
1.0,0.941693,3.6362333,0
1.0,0.95124704,3.4925663,0
1.0,0.9437708,3.3945792,0
1.0,0.94447047,3.340232,0
1.0,0.9425359,3.2103612,0
1.0,0.9429323,3.3054943,0
1.0,0.94677794,3.5412054,0
1.0,0.9554839,3.7581213,0
1.0,0.9611137,3.8063097,0
1.0,0.9556694,3.776954,0
1.0,0.9590491,3.7699199,0
1.0,0.9607863,3.6575212,0
1.0,0.9595801,3.585301,0
1.0,0.9574563,3.578667,0
1.0,0.96344393,3.5861857,0
1.0,0.9652974,3.6170952,0
1.0,0.96624327,3.6754696,0
1.0,0.9592748,3.4818473,0
1.0,0.94896555,2.8415732,0
1.0,0.94489694,2.4448433,0
1.0,0.94188523,2.3356273,0
1.0,0.9190298,2.3714793,0
1.0,0.89847815,2.3896525,0
1.0,0.9081208,2.4633136,0
1.0,0.90533257,2.4809682,0
1.0,0.8998565,2.4774337,0
1.0,0.9025699,2.502942,0
1.0,0.9008394,2.4589434,0
1.0,0.88559514,2.2905204,0
1.0,0.88072133,2.0175302,0
1.0,0.8784568,1.8770295,0
1.0,0.87719595,1.9170587,0
1.0,0.86223316,1.9379499,0
1.0,0.86174,1.9386714,0
1.0,0.86429644,1.9702611,0
1.0,0.87506574,2.0389922,0
1.0,0.8548939,1.9284875,0
1.0,0.85029125,1.8579702,0
1.0,0.8204499,2.047686,0
1.0,0.8794675,2.3142767,0
1.0,0.88604844,2.4019523,0
1.0,0.90029097,2.4348855,0
1.0,0.8815535,2.4835017,0
1.0,0.9082841,2.5477026,0
1.0,0.89457595,2.5080862,0
1.0,0.92571807,2.830028,0
1.0,0.92062056,3.508175,0
1.0,0.9344572,4.3828735,0
1.0,0.9241464,4.8118105,0
1.0,0.9496663,4.7854033,0
1.0,0.9410496,4.790965,0
1.0,0.9459537,4.8197155,0
1.0,0.9376666,4.855237,0
1.0,0.95069927,4.7528667,0
1.0,0.9410522,4.8638186,0
1.0,0.93791914,5.2913218,0
1.0,0.9162738,5.803488,0
1.0,0.92489696,6.13695,0
1.0,0.94054824,6.1586804,0
1.0,0.9419184,6.2463884,0
1.0,0.9232871,6.146262,0
1.0,0.9336027,6.0265102,0
1.0,0.9500702,6.2917433,0
1.0,0.9482147,6.736067,0
1.0,0.92444783,6.864261,0
1.0,0.9239864,6.862219,0
1.0,0.94808125,6.971899,0
1.0,0.9493709,6.9347534,0
1.0,0.9183484,6.883422,0
1.0,0.913718,6.794,0
1.0,0.9525858,6.640017,0
1.0,0.953412,6.419796,0
1.0,0.941897,6.4586825,0
1.0,0.9364867,6.7108703,0
1.0,0.96259373,6.782561,0
1.0,0.96511537,6.827858,0
1.0,0.9546497,6.989542,0
1.0,0.943815,6.985997,0
1.0,0.9594506,6.4126115,0
1.0,0.9608058,5.6202393,0
1.0,0.954784,5.3587875,0
1.0,0.95238423,5.3407335,0
1.0,0.95437807,5.3280134,0
1.0,0.9442005,5.2660785,0
1.0,0.9383475,5.167323,0
1.0,0.9340531,5.163847,0
1.0,0.92790043,5.044376,0
1.0,0.9284349,4.677762,0
1.0,0.91981864,4.186467,0
1.0,0.9306542,4.066775,0
1.0,0.93399054,4.337543,0
1.0,0.94928366,4.431673,0
1.0,0.9611703,4.423295,0
1.0,0.9688731,4.4453053,0
1.0,0.9619533,4.2341733,0
1.0,0.95954597,3.8422546,0
1.0,0.9636497,3.6144443,0
1.0,0.9613019,3.6068845,0
1.0,0.95323163,3.5218904,0
1.0,0.9469088,3.503304,0
1.0,0.94986945,3.4845748,0
1.0,0.9491509,3.3451784,0
1.0,0.9473171,3.1308384,0
1.0,0.9385099,3.048891,0
1.0,0.952308,3.219098,0
1.0,0.9637592,3.765737,0
1.0,0.96698695,4.4905925,0
1.0,0.9689266,5.0691147,0
1.0,0.97499746,4.998271,0
1.0,0.97540504,4.6905193,0
1.0,0.9735503,4.7068505,0
1.0,0.97015846,4.7232504,0
1.0,0.9747215,4.4946947,0
1.0,0.96947396,4.4657626,0
1.0,0.96321106,4.5773726,0
1.0,0.9400218,5.183942,0
1.0,0.9255058,5.979893,0
1.0,0.9386395,6.3312845,0
1.0,0.9456238,6.254511,0
1.0,0.9272796,6.241618,0
1.0,0.9232115,6.2392545,0
1.0,0.9432417,6.119717,0
1.0,0.9526389,6.154542,0
1.0,0.9419709,6.718774,0
1.0,0.9230983,7.255892,0
1.0,0.92055994,7.484354,0
1.0,0.94065577,7.5279255,0
1.0,0.9329462,7.4015765,0
1.0,0.89684725,7.3796387,0
1.0,0.90874076,7.470308,0
1.0,0.9400251,7.5652065,0
1.0,0.9405254,8.023388,0
1.0,0.90940684,8.561167,0
1.0,0.8921832,9.066401,0
1.0,0.9253523,9.373671,0
1.0,0.9448243,9.374023,0
1.0,0.9141222,9.17088,0
1.0,0.88194215,8.520495,0
1.0,0.9320102,7.864397,0
1.0,0.95665246,7.8760586,0
1.0,0.94027793,8.587896,0
1.0,0.892284,9.081523,0
1.0,0.9004541,9.689586,0
1.0,0.9381564,10.057064,0
1.0,0.93703455,10.002725,0
1.0,0.8778034,9.887367,0
1.0,0.88647443,9.772566,0
1.0,0.9426044,9.326426,0
1.0,0.9503234,8.633194,0
1.0,0.9171302,8.290918,0
1.0,0.9119673,8.274182,0
1.0,0.9293317,8.151925,0
1.0,0.92927104,8.1346655,0
1.0,0.89212495,8.238417,0
1.0,0.8781223,8.05057,0
1.0,0.912203,7.494618,0
1.0,0.93181473,7.0834517,0
1.0,0.92015815,7.1078777,0
1.0,0.9264988,7.2777643,0
1.0,0.93433434,7.2926855,0
1.0,0.94874126,7.3329916,0
1.0,0.9393492,7.352851,0
1.0,0.93330365,7.328475,0
1.0,0.93819606,6.9760976,0
1.0,0.95122945,6.5942144,0
1.0,0.94836694,6.1873035,0
1.0,0.94497466,6.3085756,0
1.0,0.9532641,6.89138,0
1.0,0.9565726,6.8785515,0
1.0,0.94693273,6.657263,0
1.0,0.93545514,6.6166553,0
1.0,0.92556524,6.0207086,0
1.0,0.9159255,5.0990863,0
1.0,0.8980912,4.428399,0
1.0,0.88842165,3.7427678,0
1.0,0.9135527,3.6907415,0
1.0,0.91447586,4.2953644,0
1.0,0.92750144,4.495322,0
1.0,0.9293141,4.6093683,0
1.0,0.9391118,4.680869,0
1.0,0.932193,4.557747,0
1.0,0.9313719,4.463458,0
1.0,0.9349002,4.4731817,0
1.0,0.9515046,4.5378017,0
1.0,0.9462951,4.418005,0
1.0,0.95007354,4.19622,0
1.0,0.95020205,4.072034,0
1.0,0.94667435,3.9787583,0
1.0,0.93709457,3.821478,0
1.0,0.93893963,3.5435636,0
1.0,0.94756925,3.420659,0
1.0,0.9488316,3.5712235,0
1.0,0.95143,3.629118,0
1.0,0.9595205,3.6982927,0
1.0,0.9701571,3.8311734,0
1.0,0.97421354,3.8288643,0
1.0,0.97628546,3.640882,0
1.0,0.9779027,3.468138,0
1.0,0.977798,3.1300933,0
1.0,0.97462434,2.7578921,0
1.0,0.97390294,2.5868087,0
1.0,0.9712912,2.6094537,0
1.0,0.96886504,2.6073852,0
1.0,0.9625656,2.5998998,0
1.0,0.96007,2.6135392,0
1.0,0.9520471,2.6441786,0
1.0,0.9483029,2.7671642,0
1.0,0.94414836,2.8330011,0
1.0,0.9647415,2.548507,0
1.0,0.96395075,2.3186855,0
1.0,0.963714,2.2009969,0
1.0,0.9646953,2.152512,0
1.0,0.9728328,2.139062,0
1.0,0.9707497,2.147118,0
1.0,0.967649,2.2114031,0
1.0,0.9619081,2.5161462,0
1.0,0.9611887,3.0819101,0
1.0,0.9519864,3.384076,0
1.0,0.9448714,3.5200186,0
1.0,0.9325282,3.5224123,0
1.0,0.92203075,3.5161214,0
1.0,0.9217228,3.5528734,0
1.0,0.93124855,3.5038905,0
1.0,0.9318119,3.396387,0
1.0,0.9293038,3.4311342,0
1.0,0.9309904,3.6004474,0
1.0,0.93166304,3.6478188,0
1.0,0.94310755,3.6167982,0
1.0,0.94816935,3.606801,0
1.0,0.94425535,3.6541295,0
1.0,0.9449262,3.6216207,0
1.0,0.9550924,3.6699057,0
1.0,0.94707054,4.0421734,0
1.0,0.9477053,4.476401,0
1.0,0.944656,4.9354925,0
1.0,0.957758,5.224308,0
1.0,0.9650989,5.2266603,0
1.0,0.94931084,5.2578344,0
1.0,0.9378303,5.147117,0
1.0,0.95451605,4.9486113,0
1.0,0.9623656,4.8165274,0
1.0,0.94787645,4.7498145,0
1.0,0.9347888,4.957226,0
1.0,0.9335167,5.341512,0
1.0,0.9393163,5.761032,0
1.0,0.94547343,5.909213,0
1.0,0.9401299,5.829836,0
1.0,0.92934364,5.475129,0
1.0,0.92874545,4.909628,0
1.0,0.94614184,4.6424303,0
1.0,0.9478965,4.513832,0
1.0,0.9385308,4.648899,0
1.0,0.9250087,5.1403084,0
1.0,0.9449488,5.509864,0
1.0,0.9476998,5.6848674,0
1.0,0.933693,5.6995926,0
1.0,0.9250385,5.528434,0
1.0,0.9400552,5.2533607,0
1.0,0.94468147,5.164914,0
1.0,0.939859,5.2385564,0
1.0,0.93263584,5.210974,0
1.0,0.9490931,5.2686253,0
1.0,0.9544879,5.630932,0
1.0,0.9404853,5.859741,0
1.0,0.92571163,5.900568,0
1.0,0.9366665,5.564501,0
1.0,0.94972074,5.1263146,0
1.0,0.9391366,4.848821,0
1.0,0.9376644,4.8461847,0
1.0,0.9416014,4.781123,0
1.0,0.94814813,4.9037137,0
1.0,0.93666136,5.0556087,0
1.0,0.9379158,5.356086,0
1.0,0.94339204,5.561204,0
1.0,0.9509664,5.384739,0
1.0,0.92865396,4.9041815,0
1.0,0.919852,4.5804186,0
1.0,0.92789274,4.470819,0
1.0,0.94915295,4.527573,0
1.0,0.9375715,4.554454,0
1.0,0.93759835,4.6120157,0
1.0,0.9366425,4.6865206,0
1.0,0.9533197,5.0591135,0
1.0,0.95493096,5.3180227,0
1.0,0.9462235,4.841122,0
1.0,0.93225765,4.444284,0
1.0,0.95245755,4.3979154,0
1.0,0.9573014,4.3159947,0
1.0,0.95091426,4.6280766,0
1.0,0.937416,5.555376,0
1.0,0.9453852,6.5167036,0
1.0,0.9482506,6.8289647,0
1.0,0.9526172,6.8516235,0
1.0,0.9351584,6.7234693,0
1.0,0.9321036,6.4338627,0
1.0,0.93873405,6.156371,0
1.0,0.95098174,5.7100773,0
1.0,0.9420271,5.661106,0
1.0,0.9417222,5.790685,0
1.0,0.9286154,5.9058676,0
1.0,0.92563426,5.971925,0
1.0,0.94983226,6.0198584,0
1.0,0.95097643,5.8701515,0
1.0,0.93633,5.554059,0
1.0,0.9319648,5.248069,0
1.0,0.9530592,5.5129795,0
1.0,0.9552838,5.8268156,0
1.0,0.9377739,5.8780537,0
1.0,0.93441296,5.7913876,0
1.0,0.9545538,5.9075527,0
1.0,0.9628562,5.9760895,0
1.0,0.9427361,5.9846854,0
1.0,0.9296927,6.1502647,0
1.0,0.9501776,6.1513276,0
1.0,0.95662355,5.814417,0
1.0,0.9412433,5.318722,0
1.0,0.9260852,5.183689,0
1.0,0.95052075,5.3174295,0
1.0,0.95437217,5.7445087,0
1.0,0.95004386,6.155566,0
1.0,0.9475776,5.9052143,0
1.0,0.9596585,4.9795604,0
1.0,0.9577018,3.9679945,0
1.0,0.964877,3.7066746,0
1.0,0.9552208,3.8231936,0
1.0,0.9478164,3.8610787,0
1.0,0.9356131,3.7897573,0
1.0,0.9531097,3.658786,0
1.0,0.93889594,3.6106129,0
1.0,0.9408301,3.565511,0
1.0,0.91691,3.4524913,0
1.0,0.93530536,3.5556164,0
1.0,0.9411282,3.9102924,0
1.0,0.94367856,4.4271007,0
1.0,0.9444794,4.6443267,0
1.0,0.9413931,4.6357393,0
1.0,0.9402614,4.495506,0
1.0,0.9454455,4.1099334,0
1.0,0.93807423,3.741806,0
1.0,0.9432628,3.6487055,0
1.0,0.9453131,3.6675193,0
1.0,0.9468826,3.8945508,0
1.0,0.9359221,4.405611,0
1.0,0.93364793,5.0355487,0
1.0,0.93137056,5.1230993,0
1.0,0.9355932,5.1366577,0
1.0,0.92604464,5.105507,0
1.0,0.9259322,5.133739,0
1.0,0.9404594,5.3573723,0
1.0,0.95006377,5.3714714,0
1.0,0.9346836,4.8594866,0
1.0,0.93371606,4.679722,0
1.0,0.93207854,5.221529,0
1.0,0.91517794,5.8996377,0
1.0,0.9219425,6.4223623,0
1.0,0.92140484,6.4918175,0
1.0,0.91547006,6.323848,0
1.0,0.8943897,6.1957264,0
1.0,0.9053683,6.1972914,0
1.0,0.9261861,6.2724457,0
1.0,0.9324507,6.404007,0
1.0,0.9185723,6.4472847,0
1.0,0.9241374,6.401141,0
1.0,0.92927116,6.23983,0
1.0,0.9212074,5.806572,0
1.0,0.9000661,5.2089005,0
1.0,0.9110569,5.0118003,0
1.0,0.9304488,5.25087,0
1.0,0.9287803,5.6024656,0
1.0,0.92977196,6.061327,0
1.0,0.94418204,6.4838347,0
1.0,0.9553587,6.6013746,0
1.0,0.9650485,6.5946665,0
1.0,0.961333,6.2915535,0
1.0,0.9545389,5.781658,0
1.0,0.94826174,5.3617024,0
1.0,0.9574809,5.3809032,0
1.0,0.9557101,5.5403833,0
1.0,0.94736016,5.6267414,0
1.0,0.94213545,5.602978,0
1.0,0.94794446,5.4468756,0
1.0,0.9446238,5.3673816,0
1.0,0.9416956,5.343812,0
1.0,0.9459114,5.1804495,0
1.0,0.9457158,4.5359344,0
1.0,0.9442149,3.9447188,0
1.0,0.9371786,3.8310611,0
1.0,0.9345085,4.1005816,0
1.0,0.9283757,4.35135,0
1.0,0.9459834,4.481592,0
1.0,0.94183195,4.5642414,0
1.0,0.93173534,4.575444,0
1.0,0.93346757,4.4604654,0
1.0,0.93949795,4.3886623,0
1.0,0.9415202,4.381538,0
1.0,0.934156,4.358832,0
1.0,0.93716854,4.5488434,0
1.0,0.9410593,4.9077096,0
1.0,0.93613863,5.298611,0
1.0,0.9347005,5.423551,0
1.0,0.9413273,5.274255,0
1.0,0.9414974,4.9264107,0
1.0,0.9366661,4.5620966,0
1.0,0.9378988,4.4887686,0
1.0,0.9499959,4.523383,0
1.0,0.9553021,4.578841,0
1.0,0.95417243,4.648787,0
1.0,0.95366454,4.6514063,0
1.0,0.94853926,4.5829287,0
1.0,0.94453895,4.524114,0
1.0,0.939725,4.524519,0
1.0,0.9371358,4.508333,0
1.0,0.9348479,4.544807,0
1.0,0.93481433,4.562559,0
1.0,0.9407335,4.589551,0
1.0,0.9448003,4.787551,0
1.0,0.9463732,5.5371437,0
1.0,0.94816315,5.739775,0
1.0,0.95556426,5.351532,0
1.0,0.95027655,4.8588915,0
1.0,0.9363784,4.557723,0
1.0,0.93499637,4.5171995,0
1.0,0.94099593,4.6802635,0
1.0,0.94418246,4.9872837,0
1.0,0.935913,5.2046576,0
1.0,0.93760806,5.3297005,0
1.0,0.94586724,5.3627467,0
1.0,0.950229,5.3693986,0
1.0,0.9495844,5.2918663,0
1.0,0.9384806,4.952811,0
1.0,0.94327277,4.5394363,0
1.0,0.9450347,4.2417006,0
1.0,0.9382144,4.4341087,0
1.0,0.9308991,4.9434085,0
1.0,0.9426388,5.414817,0
1.0,0.9469729,5.575721,0
1.0,0.93708986,5.540297,0
1.0,0.93254346,5.4804296,0
1.0,0.93318933,5.3032722,0
1.0,0.9373818,4.9529266,0
1.0,0.9427828,4.67285,0
1.0,0.9353824,4.6924105,0
1.0,0.93109125,4.8715506,0
1.0,0.9293251,5.053664,0
1.0,0.9415333,5.0690045,0
1.0,0.9445908,5.0681057,0
1.0,0.946374,5.1145716,0
1.0,0.94651866,4.936339,0
1.0,0.9513853,4.393607,0
1.0,0.9509768,4.3930225,0
1.0,0.9465344,4.5151067,0
1.0,0.9466772,4.5239754,0
1.0,0.9578245,4.5608053,0
1.0,0.95856595,4.614524,0
1.0,0.9520213,4.512049,0
1.0,0.9439194,4.2121687,0
1.0,0.95624167,4.0557227,0
1.0,0.9546584,3.9030232,0
1.0,0.95353806,3.9181743,0
1.0,0.9475991,3.890143,0
1.0,0.96180207,3.9478889,0
1.0,0.9609429,4.215785,0
1.0,0.9648402,4.750148,0
1.0,0.9650008,5.1348705,0
1.0,0.97138447,4.9284015,0
1.0,0.96752745,4.265899,0
1.0,0.9704305,3.9604461,0
1.0,0.96411526,3.8960505,0
1.0,0.9655924,3.9093406,0
1.0,0.96652734,4.0500765,0
1.0,0.969849,4.5985923,0
1.0,0.95637643,5.3066545,0
1.0,0.9475243,6.1783442,0
1.0,0.9548547,6.4437313,0
1.0,0.95469326,6.1883416,0
1.0,0.9326085,5.921543,0
1.0,0.91995764,5.863966,0
1.0,0.92748374,5.9029703,0
1.0,0.94739234,5.910157,0
1.0,0.93094826,5.840496,0
1.0,0.9224068,5.6653113,0
1.0,0.9229411,5.354087,0
1.0,0.9280194,5.3221807,0
1.0,0.9232377,5.3959184,0
1.0,0.9142148,5.4325438,0
1.0,0.9229424,5.632581,0
1.0,0.9360441,6.144042,0
1.0,0.93836284,6.339234,0
1.0,0.9422803,6.313137,0
1.0,0.9401002,6.3069324,0
1.0,0.9499312,6.3011446,0
1.0,0.95256853,6.3477087,0
1.0,0.9519062,6.3666105,0
1.0,0.93068373,6.2331996,0
1.0,0.94196796,6.0441685,0
1.0,0.94718695,5.8095646,0
1.0,0.95376736,5.7248135,0
1.0,0.9390511,5.67761,0
1.0,0.94058233,5.5685177,0
1.0,0.94710207,5.533138,0
1.0,0.9583271,5.5990696,0
1.0,0.9542117,5.4517393,0
1.0,0.95796484,4.979026,0
1.0,0.9539931,4.548901,0
1.0,0.9445139,4.2096148,0
1.0,0.9385235,4.009347,0
1.0,0.94625574,3.971119,0
1.0,0.9313465,3.9259255,0
1.0,0.9235822,3.905479,0
1.0,0.92957085,3.9279213,0
1.0,0.9400969,4.152207,0
1.0,0.9323539,4.3805084,0
1.0,0.9268194,4.666516,0
1.0,0.9298455,4.748348,0
1.0,0.9461101,4.709524,0
1.0,0.93720794,4.585644,0
1.0,0.916032,4.4640303,0
1.0,0.9237187,4.3321605,0
1.0,0.94190544,4.018537,0
1.0,0.93751997,3.9202237,0
1.0,0.9244234,3.9440818,0
1.0,0.93505883,3.970589,0
1.0,0.94725114,4.0409107,0
1.0,0.9460728,4.00013,0
1.0,0.9358151,3.8877616,0
1.0,0.935673,3.707128,0
1.0,0.94166195,3.8138714,0
1.0,0.94671607,4.2059517,0
1.0,0.94378453,4.1548147,0
1.0,0.93610895,4.244978,0
1.0,0.9347402,4.2814403,0
1.0,0.9292611,4.222296,0
1.0,0.93532634,4.3473363,0
1.0,0.9326228,4.548764,0
1.0,0.94180655,4.6616993,0
1.0,0.9388847,4.413526,0
1.0,0.94879514,3.9256845,0
1.0,0.9496105,3.7310407,0
1.0,0.9537539,3.801259,0
1.0,0.9514096,3.9697208,0
1.0,0.9515158,4.0721254,0
1.0,0.9526032,4.0805283,0
1.0,0.9476084,3.8772335,0
1.0,0.94981086,3.575142,0
1.0,0.9468295,3.2313993,0
1.0,0.95669544,3.1738744,0
1.0,0.95918775,3.2216954,0
1.0,0.9620081,3.4063702,0
1.0,0.9620348,3.6273746,0
1.0,0.9653661,3.6010935,0
1.0,0.9667685,3.3517082,0
1.0,0.96482676,3.2144012,0
1.0,0.96932226,3.2145529,0
1.0,0.9697981,3.2157257,0
1.0,0.97158176,3.2305593,0
1.0,0.97389585,3.2437677,0
1.0,0.9762804,3.2119348,0
1.0,0.97642493,3.262477,0
1.0,0.9786614,3.3292513,0
1.0,0.98037374,3.2884285,0
1.0,0.9792214,3.5011585,0
1.0,0.97822315,3.4961967,0
1.0,0.97533154,3.4221017,0
1.0,0.97560966,3.4235837,0
1.0,0.9720937,3.2586884,0
1.0,0.9742295,3.0509322,0
1.0,0.9738931,2.9290707,0
1.0,0.9724587,3.0589263,0
1.0,0.97117,3.2282398,0
1.0,0.96669644,3.370128,0
1.0,0.96591973,3.4293885,0
1.0,0.9626806,3.3598359,0
1.0,0.95792747,3.3400664,0
1.0,0.95374554,3.3469162,0
1.0,0.9579698,3.3772538,0
1.0,0.963017,3.3957496,0
1.0,0.9586285,3.3791761,0
1.0,0.96002287,3.362538,0
1.0,0.9665264,3.3370414,0
1.0,0.9708336,3.2219875,0
1.0,0.96519834,3.15027,0
1.0,0.961871,3.3120022,0
1.0,0.96775705,3.4401755,0
1.0,0.968995,3.383316,0
1.0,0.96461415,3.313628,0
1.0,0.9638381,3.3487115,0
1.0,0.9708537,3.3417568,0
1.0,0.9744805,3.4451907,0
1.0,0.9715575,3.9292068,0
1.0,0.9770159,4.596555,0
1.0,0.97599024,4.6617227,0
1.0,0.97749877,4.239886,0
1.0,0.9744692,3.9878287,0
1.0,0.9687874,3.8742797,0
1.0,0.96270293,3.8510628,0
1.0,0.9651945,3.9011688,0
1.0,0.96595764,4.026465,0
1.0,0.960507,4.155094,0
1.0,0.95558286,4.1243906,0
1.0,0.9551125,4.007214,0
1.0,0.9465363,3.8989463,0
1.0,0.9375548,3.6881342,0
1.0,0.9302221,3.7913656,0
1.0,0.931604,4.5907173,0
1.0,0.942803,5.561208,0
1.0,0.9382651,6.100056,0
1.0,0.9351475,6.1693325,0
1.0,0.9503825,6.2664948,0
1.0,0.9563797,6.407256,0
1.0,0.9482922,6.384463,0
1.0,0.9475149,6.398593,0
1.0,0.95327866,6.42784,0
1.0,0.95609826,6.5973773,0
1.0,0.933036,6.7771387,0
1.0,0.9224597,6.840587,0
1.0,0.9512239,6.9224014,0
1.0,0.9507829,6.920227,0
1.0,0.9298649,6.822797,0
1.0,0.92471075,6.8120174,0
1.0,0.9448778,6.77289,0
1.0,0.93723565,6.2779336,0
1.0,0.92840993,5.5510073,0
1.0,0.93414384,5.16869,0
1.0,0.952609,5.1973486,0
1.0,0.95889467,5.2724957,0
1.0,0.94720954,5.4526463,0
1.0,0.9386619,5.541543,0
1.0,0.96306795,5.57115,0
1.0,0.96574724,5.50237,0
1.0,0.9598051,5.3994102,0
1.0,0.94996727,5.4089828,0
1.0,0.9665122,5.4767723,0
1.0,0.97132134,5.467226,0
1.0,0.9709227,5.4991817,0
1.0,0.96260923,5.3286657,0
1.0,0.967139,4.5618334,0
1.0,0.97097605,3.529362,0
1.0,0.97198874,2.9204655,0
1.0,0.9672085,2.801735,0
1.0,0.97029716,2.8011706,0
1.0,0.97512597,2.682978,0
1.0,0.9744694,2.754245,0
1.0,0.96946037,2.7252836,0
1.0,0.97305954,2.6753054,0
1.0,0.9591966,2.3166516,0
1.0,0.94483584,1.8178504,0
1.0,0.9328976,1.6460946,0
1.0,0.9423106,2.0915527,0
1.0,0.9276509,2.6699948,0
1.0,0.92319787,2.9544425,0
1.0,0.94187444,3.0531116,0
1.0,0.9556495,3.1135185,0
1.0,0.9569958,3.1292737,0
1.0,0.9412054,3.0393188,0
1.0,0.93997884,2.923396,0
1.0,0.94543123,2.874699,0
1.0,0.9335333,2.8210912,0
1.0,0.91132945,2.6489513,0
1.0,0.9089457,2.5532115,0
1.0,0.92134213,2.5824986,0
1.0,0.91802585,2.5874414,0
1.0,0.9046206,2.594071,0
1.0,0.9111467,2.8020246,0
1.0,0.92719954,2.9478834,0
1.0,0.9220581,2.843762,0
1.0,0.92845905,2.8280835,0
1.0,0.93778515,2.7873595,0
1.0,0.9447934,2.6946983,0
1.0,0.95707965,2.7264218,0
1.0,0.9630421,2.737409,0
1.0,0.9629466,2.8278086,0
1.0,0.9610048,2.9611053,0
1.0,0.9616234,3.198785,0
1.0,0.96290123,3.532987,0
1.0,0.9616279,3.8722856,0
1.0,0.96180785,3.9076862,0
1.0,0.95716035,3.891433,0
1.0,0.96339947,3.9272304,0
1.0,0.96334434,3.8938947,0
1.0,0.9625647,3.452803,0
1.0,0.9389323,2.8406878,0
1.0,0.94806755,2.821693,0
1.0,0.93827164,2.9986343,0
1.0,0.9334711,3.0486927,0
1.0,0.9353909,3.1145096,0
1.0,0.94517154,3.226997,0
1.0,0.93530744,3.2027423,0
1.0,0.93414205,3.2057955,0
1.0,0.94628644,3.1970668,0
1.0,0.95850885,3.133799,0
1.0,0.9553296,3.1891055,0
1.0,0.955513,3.3274913,0
1.0,0.95993173,3.371361,0
1.0,0.9653815,3.4679484,0
1.0,0.9593264,3.3479693,0
1.0,0.9572404,3.1037412,0
1.0,0.9635221,3.0921564,0
1.0,0.9641445,3.1184719,0
1.0,0.9564122,3.077316,0
1.0,0.96397865,3.0667605,0
1.0,0.9701193,3.0665917,0
1.0,0.9737336,3.0730743,0
1.0,0.97223467,3.0055156,0
1.0,0.9750568,2.9530144,0
1.0,0.9744057,3.0451021,0
1.0,0.97470856,3.0026174,0
1.0,0.9734239,2.8818214,0
1.0,0.97674567,2.946408,0
1.0,0.9734344,2.9361744,0
1.0,0.97225314,2.9004009,0
1.0,0.968684,2.8485956,0
1.0,0.9717155,2.8615959,0
1.0,0.9730584,2.8863986,0
1.0,0.9700696,2.7453103,0
1.0,0.9631738,2.5247214,0
1.0,0.9622445,2.5204158,0
1.0,0.9657609,2.6684144,0
1.0,0.9644333,3.06933,0
1.0,0.9575892,3.3810399,0
1.0,0.96403974,3.3998885,0
1.0,0.9691557,3.5034184,0
1.0,0.968578,3.8063786,0
1.0,0.9678,3.8917365,0
1.0,0.9725114,3.7434397,0
1.0,0.9726388,3.7377343,0
1.0,0.969081,4.1460605,0
1.0,0.9453541,4.6355004,0
1.0,0.94379294,4.8170176,0
1.0,0.95587194,4.8934803,0
1.0,0.9574581,4.8672967,0
1.0,0.9345271,4.85431,0
1.0,0.94009167,4.8654613,0
1.0,0.9575693,4.9198833,0
1.0,0.9607401,4.9716682,0
1.0,0.9495966,5.0689325,0
1.0,0.95152843,5.072879,0
1.0,0.95558757,4.799051,0
1.0,0.9571855,4.4722157,0
1.0,0.9375797,4.220046,0
1.0,0.9402688,4.1272707,0
1.0,0.9520774,4.160039,0
1.0,0.95692366,4.1640444,0
1.0,0.95070195,4.1748977,0
1.0,0.9536909,4.2123413,0
1.0,0.9666586,4.3603277,0
1.0,0.97324556,4.3977737,0
1.0,0.96944547,4.378343,0
1.0,0.9633865,4.4539127,0
1.0,0.96824294,4.4700384,0
1.0,0.9750668,4.212175,0
1.0,0.9775619,4.2976146,0
1.0,0.973962,4.4936943,0
1.0,0.9716879,4.3982916,0
1.0,0.9734605,4.0990925,0
1.0,0.9738346,3.9638362,0
1.0,0.9729177,3.9770076,0
1.0,0.9708684,3.8825803,0
1.0,0.9686031,3.2926292,0
1.0,0.9640105,2.7934427,0
1.0,0.96448785,2.859757,0
1.0,0.9607392,2.8755083,0
1.0,0.96012706,2.906286,0
1.0,0.96346575,2.8629298,0
1.0,0.9656434,2.8716922,0
1.0,0.96379983,2.8532863,0
1.0,0.9674145,2.848004,0
1.0,0.96810615,2.776667,0
1.0,0.96811837,2.6652036,0
1.0,0.96457833,2.6517177,0
1.0,0.96177596,2.7568843,0
1.0,0.95749545,2.8191307,0
1.0,0.9514039,2.8170888,0
1.0,0.95545125,2.8189874,0
1.0,0.9561694,2.9257584,0
1.0,0.95012325,3.2038019,0
1.0,0.95164555,3.5078452,0
1.0,0.96830755,3.7806647,0
1.0,0.9743318,3.9708786,0
1.0,0.973667,4.0416822,0
1.0,0.9719016,3.8636189,0
1.0,0.9694958,3.6697938,0
1.0,0.9626108,3.4537773,0
1.0,0.9619083,3.0524695,0
1.0,0.9617785,2.8411257,0
1.0,0.9602973,2.9562438,0
1.0,0.9626502,3.338449,0
1.0,0.9560687,3.5605116,0
1.0,0.9589045,3.698927,0
1.0,0.9667595,3.7907307,0
1.0,0.96258646,3.8046699,0
1.0,0.95231634,3.6284459,0
1.0,0.95415354,3.3955512,0
1.0,0.9614748,3.3670206,0
1.0,0.95523,3.4083936,0
1.0,0.9381374,3.3980541,0
1.0,0.9458951,3.4289541,0
1.0,0.9525607,3.4450238,0
1.0,0.9453183,3.404914,0
1.0,0.9260592,3.5555596,0
1.0,0.9428853,4.0390086,0
1.0,0.95220965,4.2618933,0
1.0,0.9536821,4.27462,0
1.0,0.95644665,4.2456474,0
1.0,0.9645759,4.256587,0
1.0,0.9707838,4.2747297,0
1.0,0.9688956,4.2882233,0
1.0,0.9685845,4.3283854,0
1.0,0.9689344,4.1178713,0
1.0,0.9694035,3.75886,0
1.0,0.9682229,3.56627,0
1.0,0.96480656,3.4468675,0
1.0,0.96021026,3.430933,0
1.0,0.9587924,3.370072,0
1.0,0.9626544,3.3414474,0
1.0,0.9590862,3.3823547,0
1.0,0.9553309,3.7613897,0
1.0,0.9593928,4.519405,0
1.0,0.95861006,5.001134,0
1.0,0.9529323,5.1482024,0
1.0,0.94934523,5.1457872,0
1.0,0.95073384,5.08511,0
1.0,0.94273853,5.0888014,0
1.0,0.93886954,5.2249756,0
1.0,0.94681525,5.263444,0
1.0,0.94906974,5.291121,0
1.0,0.9426828,5.377063,0
1.0,0.93045676,5.41327,0
1.0,0.920834,5.392025,0
1.0,0.9461158,5.537391,0
1.0,0.94725776,5.867377,0
1.0,0.9381225,5.9027157,0
1.0,0.93000597,5.574375,0
1.0,0.94491863,5.465215,0
1.0,0.9554549,5.4317074,0
1.0,0.9447697,5.501829,0
1.0,0.9424415,5.6040163,0
1.0,0.9538367,5.6475945,0
1.0,0.961505,5.5640917,0
1.0,0.9422074,5.209978,0
1.0,0.9357458,5.130718,0
1.0,0.9465611,5.2722187,0
1.0,0.9559022,5.231991,0
1.0,0.9446279,5.1715,0
1.0,0.9419397,5.2230864,0
1.0,0.95236564,5.4048424,0
1.0,0.95875436,5.627989,0
1.0,0.9625954,5.801477,0
1.0,0.96303105,5.435226,0
1.0,0.96120137,4.564604,0
1.0,0.9676532,3.7566087,0
1.0,0.9630294,3.3559911,0
1.0,0.96584356,3.2572155,0
1.0,0.9606205,3.2573884,0
1.0,0.9581917,3.2042985,0
1.0,0.9621253,3.2940214,0
1.0,0.96502,3.689461,0
1.0,0.9676885,3.852807,0
1.0,0.96690434,3.8336587,0
1.0,0.9739653,3.9335055,0
1.0,0.9717389,4.10921,0
1.0,0.9690926,4.2118874,0
1.0,0.9621096,3.8680196,0
1.0,0.96650374,3.5723,0
1.0,0.9627585,3.4181893,0
1.0,0.9519163,3.3542588,0
1.0,0.94189876,3.4109423,0
1.0,0.9498923,3.5660853,0
1.0,0.95207447,3.6843486,0
1.0,0.9491639,3.716261,0
1.0,0.9524553,3.715254,0
1.0,0.94416314,3.6247125,0
1.0,0.9509516,3.5779152,0
1.0,0.9499792,3.415892,0
1.0,0.95836467,3.4459743,0
1.0,0.9577506,3.6017199,0
1.0,0.9611171,3.6909156,0
1.0,0.9534274,3.6006942,0
1.0,0.95934975,3.4466405,0
1.0,0.9561584,3.22136,0
1.0,0.95811814,3.2089705,0
1.0,0.950604,3.2220805,0
1.0,0.95738804,3.4079309,0
1.0,0.9542237,3.9432428,0
1.0,0.96454275,4.676662,0
1.0,0.9628377,5.004007,0
1.0,0.9705577,5.0857525,0
1.0,0.9664564,4.814679,0
1.0,0.9692579,4.409286,0
1.0,0.9582735,4.1564355,0
1.0,0.9645911,3.998531,0
1.0,0.96373326,3.8657327,0
1.0,0.96398264,3.7610416,0
1.0,0.95452434,3.7107868,0
1.0,0.9533958,3.9356797,0
1.0,0.96064603,3.9769628,0
1.0,0.96217936,3.987127,0
1.0,0.95856005,3.9599197,0
1.0,0.9577027,3.788842,0
1.0,0.9603039,3.5158682,0
1.0,0.9603595,3.3846629,0
1.0,0.95218015,3.3506098,0
1.0,0.95259136,3.4222333,0
1.0,0.96055955,3.5880141,0
1.0,0.9580398,3.7063656,0
1.0,0.95489585,4.1320763,0
1.0,0.9501725,4.745577,0
1.0,0.9642254,5.1261835,0
1.0,0.96345234,5.204483,0
1.0,0.9603509,5.125339,0
1.0,0.95645624,5.077095,0
1.0,0.96441066,5.123453,0
1.0,0.96499103,5.1799784,0
1.0,0.96971357,5.1611834,0
1.0,0.96958655,4.959248,0
1.0,0.9693579,4.3677683,0
1.0,0.95915157,3.6698008,0
1.0,0.9569414,3.5006745,0
1.0,0.9534721,3.6522145,0
1.0,0.9554271,3.7656765,0
1.0,0.9464024,3.743083,0
1.0,0.949624,3.753707,0
1.0,0.9548761,3.7933364,0
1.0,0.9574641,3.9307323,0
1.0,0.94875586,4.111928,0
1.0,0.9572648,4.213771,0
1.0,0.96377575,3.9918332,0
1.0,0.96356046,3.92989,0
1.0,0.94647384,3.86941,0
1.0,0.94300705,3.8284013,0
1.0,0.9506048,3.9031835,0
1.0,0.9512444,4.1386504,0
1.0,0.9454161,4.357541,0
1.0,0.9532913,4.6478806,0
1.0,0.9667759,4.638415,0
1.0,0.9678306,4.5009317,0
1.0,0.9651945,4.3683558,0
1.0,0.96519566,3.926817,0
1.0,0.97014266,3.2351732,0
1.0,0.96564883,2.7420368,0
1.0,0.9639056,2.769937,0
1.0,0.96282476,3.1451113,0
1.0,0.96309054,3.3229454,0
1.0,0.9545311,3.4867172,0
1.0,0.95279765,3.5888674,0
1.0,0.9522029,3.6211872,0
1.0,0.95475745,3.6371174,0
1.0,0.95343345,3.6223917,0
1.0,0.95216644,3.5569644,0
1.0,0.9520947,3.369518,0
1.0,0.95182264,3.1925526,0
1.0,0.95585215,3.3187227,0
1.0,0.95793223,3.7029874,0
1.0,0.9558793,3.922525,0
1.0,0.95375454,3.8948486,0
1.0,0.9574636,3.738592,0
1.0,0.95510024,3.4336307,0
1.0,0.9491954,3.187945,0
1.0,0.954754,3.2492228,0
1.0,0.9581481,3.3733943,0
1.0,0.9618726,3.4037821,0
1.0,0.961982,3.4028373,0
1.0,0.9599048,3.3877778,0
1.0,0.9499674,3.2082002,0
1.0,0.9427847,2.8742435,0
1.0,0.93739873,2.5872974,0
1.0,0.9276811,2.6656613,0
1.0,0.9142029,2.8604212,0
1.0,0.931949,3.016643,0
1.0,0.9411647,3.0767522,0
1.0,0.94474,3.1192093,0
1.0,0.9393511,3.0988536,0
1.0,0.9500388,2.8776722,0
1.0,0.9427561,2.4972959,0
1.0,0.9397559,2.3155055,0
1.0,0.9224473,2.0834398,0
1.0,0.9373072,1.9636917,0
1.0,0.9262108,2.0807533,0
1.0,0.9343092,2.519743,0
1.0,0.90785503,2.616043,0
1.0,0.93623006,2.6751826,0
1.0,0.926781,2.650935,0
1.0,0.92367464,2.5892496,0
1.0,0.87655056,2.3663735,0
1.0,0.8976125,2.1514113,0
1.0,0.8917914,1.9657054,0
1.0,0.9089301,1.9951713,0
1.0,0.8810459,1.9403045,0
1.0,0.89740765,1.9670038,0
1.0,0.8899351,2.0732236,0
1.0,0.9067674,2.4464736,0
1.0,0.9152835,2.759089,0
1.0,0.93029547,2.938769,0
1.0,0.93715066,3.0303867,0
1.0,0.9492582,3.0294933,0
1.0,0.9481426,2.9502692,0
1.0,0.94836116,2.966582,0
1.0,0.933369,2.9024212,0
1.0,0.9475224,2.972609,0
1.0,0.937606,3.2383318,0
1.0,0.935984,3.5826497,0
1.0,0.92279756,3.6659186,0
1.0,0.9404266,3.6979237,0
1.0,0.9359225,3.6893225,0
1.0,0.9294663,3.7146053,0
1.0,0.92804706,3.6994042,0
1.0,0.9388208,3.7351289,0
1.0,0.94080734,3.7684855,0
1.0,0.93240094,3.830657,0
1.0,0.92849994,4.08273,0
1.0,0.93355006,4.1131124,0
1.0,0.94429195,4.0844884,0
1.0,0.943511,4.085455,0
1.0,0.9413144,4.0844274,0
1.0,0.9446225,4.107931,0
1.0,0.9480561,4.044736,0
1.0,0.9415436,3.9342303,0
1.0,0.945701,3.9217415,0
1.0,0.9503096,3.9376986,0
1.0,0.9552203,3.9559078,0
1.0,0.95061857,4.036257,0
1.0,0.9397551,3.9400485,0
1.0,0.92948794,3.58857,0
1.0,0.9458648,3.3369489,0
1.0,0.94856906,3.2848892,0
1.0,0.9480621,3.3628874,0
1.0,0.94671226,3.4931397,0
1.0,0.9567796,3.5859349,0
1.0,0.95948976,3.6046376,0
1.0,0.9640213,3.6379914,0
1.0,0.96283066,3.5142674,0
1.0,0.9657386,3.076983,0
1.0,0.96530604,2.7120504,0
1.0,0.9673827,2.9372752,0
1.0,0.97053224,3.3285522,0
1.0,0.9733968,3.3840384,0
1.0,0.9762365,3.3486204,0
1.0,0.9749253,3.330688,0
1.0,0.97348267,3.3188462,0
1.0,0.978187,3.2976065,0
1.0,0.9733583,3.1931305,0
1.0,0.96551806,2.8450153,0
1.0,0.96159583,2.6222548,0
1.0,0.96743304,2.7602272,0
1.0,0.96836734,2.9083352,0
1.0,0.97067755,3.0701668,0
1.0,0.9688704,3.0765982,0
1.0,0.96820986,3.0693111,0
1.0,0.9684778,3.288275,0
1.0,0.96793145,3.5722818,0
1.0,0.96275616,3.9073148,0
1.0,0.96233636,4.2573614,0
1.0,0.96454865,4.3641324,0
1.0,0.9639613,4.495947,0
1.0,0.95156145,4.4242897,0
1.0,0.9395051,4.3486137,0
1.0,0.94065344,4.4213514,0
1.0,0.9463723,4.374057,0
1.0,0.9436601,4.221153,0
1.0,0.94784623,4.260859,0
1.0,0.95254713,4.4942284,0
1.0,0.9470485,4.8495173,0
1.0,0.9492624,5.158264,0
1.0,0.96086293,5.3414316,0
1.0,0.9614567,5.3993316,0
1.0,0.94940734,5.0533733,0
1.0,0.940802,4.6341047,0
1.0,0.9487949,4.6101103,0
1.0,0.9474235,4.612664,0
1.0,0.933389,4.59009,0
1.0,0.93085724,4.582671,0
1.0,0.9376972,4.629405,0
1.0,0.9328691,4.7734632,0
1.0,0.9201686,4.895484,0
1.0,0.92572165,4.8008995,0
1.0,0.935387,4.638427,0
1.0,0.9414338,4.571138,0
1.0,0.94543093,4.549295,0
1.0,0.95373267,4.588585,0
1.0,0.95819205,4.577416,0
1.0,0.9641849,4.3589196,0
1.0,0.9627419,4.2285028,0
1.0,0.96326524,4.161227,0
1.0,0.9623233,3.9353135,0
1.0,0.96739155,3.8504474,0
1.0,0.96778375,3.7239702,0
1.0,0.96913445,3.712119,0
1.0,0.965309,3.7118301,0
1.0,0.96813256,3.763942,0
1.0,0.97030634,3.7212052,0
1.0,0.9699589,3.7399497,0
1.0,0.9660244,3.6382275,0
1.0,0.96498704,3.3774533,0
1.0,0.96956855,3.0129716,0
1.0,0.9649282,2.7462392,0
1.0,0.9583958,2.6604555,0
1.0,0.9653537,2.731843,0
1.0,0.9701559,2.9134836,0
1.0,0.9662849,3.0274215,0
1.0,0.96634275,3.0500398,0
1.0,0.972623,3.059558,0
1.0,0.97408843,3.0341516,0
1.0,0.9664218,3.0369325,0
1.0,0.96807,3.1932347,0
1.0,0.9681255,3.253252,0
1.0,0.971292,3.1056504,0
1.0,0.967416,3.07277,0
1.0,0.96623135,3.293747,0
1.0,0.96273386,3.4130993,0
1.0,0.96395266,3.3043776,0
1.0,0.9565091,3.2446785,0
1.0,0.9583065,3.2496085,0
1.0,0.9549555,3.263647,0
1.0,0.9645442,3.24044,0
1.0,0.9595801,3.0521684,0
1.0,0.9655119,2.9509149,0
1.0,0.9678857,2.915217,0
1.0,0.9716239,2.9154825,0
1.0,0.96279305,2.8889318,0
1.0,0.96980417,2.8214688,0
1.0,0.9683948,2.6181345,0
1.0,0.9709655,2.5867472,0
1.0,0.96442765,2.5777845,0
1.0,0.9695878,2.6364696,0
1.0,0.96666694,2.6488714,0
1.0,0.9731453,2.6567416,0
1.0,0.96465474,2.6587334,0
1.0,0.96797645,2.6846185,0
1.0,0.9641765,2.5157347,0
1.0,0.96985054,2.3247743,0
1.0,0.96342045,2.1949084,0
1.0,0.96734077,2.1935267,0
1.0,0.960264,2.3171043,0
1.0,0.9662715,2.4798248,0
1.0,0.96172786,2.4849763,0
1.0,0.96885264,2.327809,0
1.0,0.9649112,2.080944,0
1.0,0.96363074,1.9784808,0
1.0,0.9523505,1.8595864,0
1.0,0.9581558,1.6617798,0
1.0,0.9554106,1.4518682,0
1.0,0.9470794,1.5400271,0
1.0,0.9410797,1.6542706,0
1.0,0.94193697,1.7962933,0
1.0,0.94040614,2.0104098,0
1.0,0.9303036,1.9656191,0
1.0,0.9417798,1.8854995,0
1.0,0.9506534,1.8716813,0
1.0,0.9528767,1.8270216,0
1.0,0.9264723,1.754417,0
1.0,0.9419175,1.8111565,0
1.0,0.94007176,1.9456224,0
1.0,0.95023197,2.1111798,0
1.0,0.9268885,2.1299677,0
1.0,0.94439113,2.2024078,0
1.0,0.9395697,2.15467,0
1.0,0.957103,2.1765692,0
1.0,0.9375631,2.1706445,0
1.0,0.9428597,2.1453676,0
1.0,0.93814635,1.9595172,0
1.0,0.956599,1.9537845,0
1.0,0.9414469,1.9181225,0
1.0,0.9470264,1.9216937,0
1.0,0.92969126,1.8997982,0
1.0,0.93947566,1.8751605,0
1.0,0.9244076,1.804293,0
1.0,0.9430074,1.9269013,0
1.0,0.9452396,2.0564823,0
1.0,0.9572494,2.2279768,0
1.0,0.95508087,2.2359111,0
1.0,0.9602577,2.2483716,0
1.0,0.96497536,2.2324848,0
1.0,0.96908844,2.2459874,0
1.0,0.97175807,2.140519,0
1.0,0.96986747,2.043285,0
1.0,0.9652756,1.9035757,0
1.0,0.96513224,1.7330626,0
1.0,0.9639922,1.7278526,0
1.0,0.95546556,1.8328967,0
1.0,0.9549753,2.0342176,0
1.0,0.95262164,2.1931736,0
1.0,0.95509416,2.3354359,0
1.0,0.952974,2.4233954,0
1.0,0.957093,2.3169618,0
1.0,0.95518756,2.1663744,0
1.0,0.96109486,2.123631,0
1.0,0.9635066,2.0726304,0
1.0,0.9712821,2.0715926,0
1.0,0.9717353,2.183689,0
1.0,0.97429115,2.4251192,0
1.0,0.9708401,2.4571757,0
1.0,0.97027886,2.4708505,0
1.0,0.9689132,2.4806094,0
1.0,0.97166157,2.4622095,0
1.0,0.9732233,2.4671602,0
1.0,0.97055155,2.4406114,0
1.0,0.9684466,2.378726,0
1.0,0.96868324,2.3027925,0
1.0,0.9696816,2.2274287,0
1.0,0.96803355,2.0928822,0
1.0,0.9502213,1.9130642,0
1.0,0.9352153,2.0499222,0
1.0,0.9366899,2.3340833,0
1.0,0.92864025,2.5687165,0
1.0,0.9279562,2.751948,0
1.0,0.92444265,2.7382722,0
1.0,0.9379719,2.88966,0
1.0,0.9521775,2.9824471,0
1.0,0.94552225,2.917097,0
1.0,0.95002913,2.9374845,0
1.0,0.95156515,2.9070923,0
1.0,0.9588484,2.7689056,0
1.0,0.9429793,2.5888486,0
1.0,0.947924,2.495614,0
1.0,0.94411224,2.520171,0
1.0,0.9500334,2.7879133,0
1.0,0.93025684,3.0113506,0
1.0,0.93610215,3.2275143,0
1.0,0.93094546,3.4452078,0
1.0,0.9391473,3.574032,0
1.0,0.9092488,3.3901806,0
1.0,0.9271889,3.1670809,0
1.0,0.917829,3.0286,0
1.0,0.92862105,3.0443673,0
1.0,0.9270881,3.0955486,0
1.0,0.94637835,3.3960326,0
1.0,0.9448797,3.704177,0
1.0,0.94780767,3.7882514,0
1.0,0.9419597,3.743568,0
1.0,0.951277,3.8842826,0
1.0,0.94503736,3.9885497,0
1.0,0.9549805,4.0435123,0
1.0,0.95774764,4.1013727,0
1.0,0.96296793,4.1638308,0
1.0,0.95366716,4.0190735,0
1.0,0.94485164,3.8648396,0
1.0,0.9572307,3.8078933,0
1.0,0.9611506,3.868446,0
1.0,0.9482942,3.7074542,0
1.0,0.933951,3.6186733,0
1.0,0.95357674,3.7281396,0
1.0,0.95888215,3.753604,0
1.0,0.9500515,3.7049787,0
1.0,0.9432353,3.6971397,0
1.0,0.9589953,3.8485014,0
1.0,0.96514034,3.9889998,0
1.0,0.95848686,3.8505745,0
1.0,0.94682807,3.5537503,0
1.0,0.9594515,3.3566678,0
1.0,0.9616518,3.1499815,0
1.0,0.9590312,2.906326,0
1.0,0.9578582,2.8253918,0
1.0,0.9693552,2.8933122,0
1.0,0.9700524,2.9217849,0
1.0,0.9706571,2.9424744,0
1.0,0.96230674,2.9134865,0
1.0,0.95930684,2.8262763,0
1.0,0.94803995,2.7350445,0
1.0,0.9634001,3.2247646,0
1.0,0.9703249,3.7860234,0
1.0,0.97485435,3.8846192,0
1.0,0.96486014,3.7102237,0
1.0,0.9686875,3.581384,0
1.0,0.97097796,3.5597434,0
1.0,0.9701194,3.5936427,0
1.0,0.96307313,3.4037223,0
1.0,0.96290123,3.3061693,0
1.0,0.9582948,3.2563891,0
1.0,0.956713,3.1939197,0
1.0,0.94845206,3.1237488,0
1.0,0.9542039,3.131491,0
1.0,0.9543164,3.2883224,0
1.0,0.95385617,3.4516358,0
1.0,0.9470066,3.4755445,0
1.0,0.9536908,3.4614182,0
1.0,0.9430128,3.3968945,0
1.0,0.9404328,3.320825,0
1.0,0.93745166,3.1227636,0
1.0,0.94946784,3.297465,0
1.0,0.9459054,4.1400285,0
1.0,0.950317,4.7294893,0
1.0,0.9519084,4.9942994,0
1.0,0.9588534,5.1283436,0
1.0,0.95175344,5.0768957,0
1.0,0.94925475,5.14575,0
1.0,0.9466253,5.2869205,0
1.0,0.95771736,5.386554,0
1.0,0.9576837,5.3984222,0
1.0,0.9589933,5.7705007,0
1.0,0.9373803,6.2582417,0
1.0,0.9242369,6.0197983,0
1.0,0.93948513,5.4736648,0
1.0,0.94242054,5.526622,0
1.0,0.9203624,5.5989704,0
1.0,0.92566174,5.5835776,0
1.0,0.9421861,5.6669407,0
1.0,0.947724,5.794714,0
1.0,0.9357883,5.94555,0
1.0,0.92353153,6.024495,0
1.0,0.9440217,6.102437,0
1.0,0.9614585,6.139284,0
1.0,0.944898,6.095747,0
1.0,0.92262906,6.0275774,0
1.0,0.9463979,6.127396,0
1.0,0.9656924,6.0756226,0
1.0,0.9529323,5.896894,0
1.0,0.93425936,5.833046,0
1.0,0.9386123,5.8374805,0
1.0,0.95394534,5.8659325,0
1.0,0.94537985,5.843731,0
1.0,0.9300487,5.628934,0
1.0,0.91896313,4.8611174,0
1.0,0.95037365,4.502534,0
1.0,0.9578279,4.661729,0
1.0,0.95656234,5.016867,0
1.0,0.9558971,5.3545175,0
1.0,0.9658752,5.425887,0
1.0,0.96466744,5.246772,0
1.0,0.95964926,5.1848025,0
1.0,0.9530259,5.207033,0
1.0,0.9625951,4.864082,0
1.0,0.9597666,4.2105293,0
1.0,0.9598472,3.7544703,0
1.0,0.94340986,3.7117658,0
1.0,0.93164355,3.5870128,0
1.0,0.93854433,3.5599978,0
1.0,0.9398055,3.673909,0
1.0,0.9195174,3.704699,0
1.0,0.9252616,3.712042,0
1.0,0.94653034,3.7903376,0
1.0,0.9565269,3.7766964,0
1.0,0.9514639,3.6469314,0
1.0,0.9602331,3.622403,0
1.0,0.97138166,3.6505144,0
1.0,0.9715944,3.6605945,0
1.0,0.9628616,3.6369376,0
1.0,0.9594155,3.973619,0
1.0,0.96693426,4.3378563,0
1.0,0.96820134,4.411358,0
1.0,0.95997083,4.3932514,0
1.0,0.9589963,4.3869843,0
1.0,0.9672693,4.4155746,0
1.0,0.96814203,4.4045415,0
1.0,0.9651459,4.2838974,0
1.0,0.9677241,4.0748806,0
1.0,0.96914536,3.6617577,0
1.0,0.96909326,3.1884985,0
1.0,0.96015626,2.8798404,0
1.0,0.9606609,2.8244476,0
1.0,0.9584978,2.9233007,0
1.0,0.95952207,2.9788387,0
1.0,0.9545233,2.9369397,0
1.0,0.96100557,2.9884825,0
1.0,0.96448153,3.0875735,0
1.0,0.9685981,3.2651024,0
1.0,0.96685386,3.6454225,0
1.0,0.9732983,4.129325,0
1.0,0.97735584,4.2485337,0
1.0,0.97695196,4.159619,0
1.0,0.96656066,3.991383,0
1.0,0.9666763,3.7979465,0
1.0,0.963051,3.4990938,0
1.0,0.96367127,3.3789244,0
1.0,0.9579433,3.443077,0
1.0,0.96614,3.7771113,0
1.0,0.9638421,4.0612454,0
1.0,0.96735406,4.120884,0
1.0,0.96651065,3.9392693,0
1.0,0.9657221,3.5315769,0
1.0,0.9683858,3.2728271,0
1.0,0.9715793,3.3317218,0
1.0,0.9691366,3.3701613,0
1.0,0.9666822,3.3197742,0
1.0,0.9616613,3.3182378,0
1.0,0.963573,3.4017086,0
1.0,0.9577627,3.6400108,0
1.0,0.960835,3.8800688,0
1.0,0.95467967,3.9961927,0
1.0,0.9603715,4.143191,0
1.0,0.9635766,4.1350856,0
1.0,0.9645439,4.0326962,0
1.0,0.96394765,3.9764845,0
1.0,0.97177595,4.056823,0
1.0,0.9731651,4.205664,0
1.0,0.97360176,4.264103,0
1.0,0.9775825,4.089164,0
1.0,0.9808538,3.8248067,0
1.0,0.97759116,3.4032364,0
1.0,0.97661,2.9058928,0
1.0,0.9772484,2.7354336,0
1.0,0.9779896,3.155868,0
1.0,0.9737496,3.6873193,0
1.0,0.97353697,4.029272,0
1.0,0.9764038,4.2336707,0
1.0,0.9781973,4.3387256,0
1.0,0.9743289,4.3882494,0
1.0,0.9701598,4.1258335,0
1.0,0.96940136,3.8486037,0
1.0,0.97108287,3.8008373,0
1.0,0.96554184,3.7803116,0
1.0,0.9604928,3.734606,0
1.0,0.9566576,3.619244,0
1.0,0.9518315,3.4759798,0
1.0,0.9433043,3.4874296,0
1.0,0.9409006,3.5961215,0
1.0,0.93760234,3.743886,0
1.0,0.9394205,3.9811456,0
1.0,0.9356984,4.072122,0
1.0,0.95095265,4.1168566,0
1.0,0.959418,4.191503,0
1.0,0.96309894,4.2597623,0
1.0,0.96543825,4.335802,0
1.0,0.9657998,4.3820133,0
1.0,0.961381,4.337879,0
1.0,0.9588368,4.186531,0
1.0,0.9557437,4.016617,0
1.0,0.95502174,3.9912982,0
1.0,0.9502673,4.253662,0
1.0,0.95233244,4.628177,0
1.0,0.9551724,4.883491,0
1.0,0.9552522,4.914234,0
1.0,0.95661306,4.909626,0
1.0,0.95904154,4.567558,0
1.0,0.9560279,4.0966816,0
1.0,0.9545628,3.749857,0
1.0,0.9508272,3.5531056,0
1.0,0.95072854,3.622829,0
1.0,0.95330876,3.7330654,0
1.0,0.9559678,3.845202,0
1.0,0.95160973,4.0081887,0
1.0,0.94532394,4.1878004,0
1.0,0.9497475,4.4066286,0
1.0,0.9500262,4.640129,0
1.0,0.95083904,4.962436,0
1.0,0.952583,5.2213125,0
1.0,0.9554624,5.2447166,0
1.0,0.9546226,5.1302676,0
1.0,0.9549294,4.9746466,0
1.0,0.95509976,4.6551323,0
1.0,0.95727354,4.4136095,0
1.0,0.9520595,4.6198635,0
1.0,0.94472903,4.7868633,0
1.0,0.9395514,4.7252507,0
1.0,0.9392046,4.7421613,0
1.0,0.93950427,4.773361,0
1.0,0.93432873,4.756439,0
1.0,0.9365508,4.780445,0
1.0,0.9385811,4.7948017,0
1.0,0.9430596,4.816763,0
1.0,0.9366827,4.750446,0
1.0,0.93398607,4.5353155,0
1.0,0.93473935,4.337628,0
1.0,0.9365908,4.3042536,0
1.0,0.92852634,4.274144,0
1.0,0.930965,4.232523,0
1.0,0.9383882,4.25116,0
1.0,0.94305336,4.5060444,0
1.0,0.94549304,4.8703585,0
1.0,0.9539185,4.990363,0
1.0,0.96337795,5.0977798,0
1.0,0.9654754,5.0542784,0
1.0,0.96222687,4.8495846,0
1.0,0.9660045,4.6536427,0
1.0,0.96418023,4.4243097,0
1.0,0.9634312,4.259,0
1.0,0.9574563,4.0795345,0
1.0,0.96227396,3.9451606,0
1.0,0.96256846,4.204406,0
1.0,0.96143293,4.8207326,0
1.0,0.96146023,5.2979918,0
1.0,0.96129817,5.548778,0
1.0,0.961654,5.441202,0
1.0,0.95491135,4.9779944,0
1.0,0.9544789,4.5927553,0
1.0,0.95216167,4.4509625,0
1.0,0.9520728,4.380372,0
1.0,0.9467863,4.35786,0
1.0,0.9461961,4.3751497,0
1.0,0.9426001,4.4016204,0
1.0,0.93949425,4.4590664,0
1.0,0.93304247,4.4677124,0
1.0,0.93572617,4.436051,0
1.0,0.93736804,4.5890903,0
1.0,0.94431233,4.991143,0
1.0,0.95033175,5.1872816,0
1.0,0.95010614,5.1774335,0
1.0,0.9556898,5.164346,0
1.0,0.9636075,5.1349955,0
1.0,0.9671406,4.9069695,0
1.0,0.9568097,4.5144587,0
1.0,0.9490213,4.263973,0
1.0,0.9512069,4.02529,0
1.0,0.9560599,4.179612,0
1.0,0.9483723,4.404829,0
1.0,0.9489062,4.4322133,0
1.0,0.9547617,4.4308357,0
1.0,0.96453285,4.3309746,0
1.0,0.96232367,4.1644573,0
1.0,0.96661323,4.153799,0
1.0,0.96720093,4.0172014,0
1.0,0.97063845,3.5880466,0
1.0,0.96832633,3.2751076,0
1.0,0.9718784,3.1745224,0
1.0,0.9679242,3.2383208,0
1.0,0.966513,3.2361922,0
1.0,0.96451116,3.231966,0
1.0,0.96596766,3.2427742,0
1.0,0.9624852,3.1946735,0
1.0,0.96460754,3.2138557,0
1.0,0.96970075,3.417776,0
1.0,0.9748166,3.429501,0
1.0,0.97206634,3.3748617,0
1.0,0.9722198,3.3574958,0
1.0,0.9705545,3.2035632,0
1.0,0.9720461,3.0839157,0
1.0,0.96637595,2.9214907,0
1.0,0.9654849,2.763505,0
1.0,0.9652925,2.7716565,0
1.0,0.9671487,2.7851896,0
1.0,0.9649966,2.7845483,0
1.0,0.9671149,2.8783252,0
1.0,0.9644653,2.8880725,0
1.0,0.9688259,2.8587584,0
1.0,0.9603022,2.808823,0
1.0,0.9598691,2.5828726,0
1.0,0.9454411,2.3223135,0
1.0,0.9472013,2.3657355,0
1.0,0.9444869,2.4800315,0
1.0,0.95205826,2.6104598,0
1.0,0.9396185,2.6687799,0
1.0,0.948589,2.6869843,0
1.0,0.9441994,2.463438,0
1.0,0.95359635,2.3080168,0
1.0,0.93688536,2.1067579,0
1.0,0.94229174,2.005393,0
1.0,0.9342082,1.9455702,0
1.0,0.9476131,2.0070624,0
1.0,0.9356577,2.042554,0
1.0,0.94380856,2.2312863,0
1.0,0.93593955,2.3576722,0
1.0,0.9496056,2.4553406,0
1.0,0.94400537,2.343654,0
1.0,0.95513654,2.3709583,0
1.0,0.9528942,2.4609065,0
1.0,0.9590787,2.588934,0
1.0,0.95923126,2.6129363,0
1.0,0.9619534,2.46551,0
1.0,0.96280795,2.3054223,0
1.0,0.9654488,2.4035568,0
1.0,0.96972704,2.4222736,0
1.0,0.97241914,2.4173176,0
1.0,0.9732757,2.3977575,0
1.0,0.975343,2.339654,0
1.0,0.97778064,2.3292606,0
1.0,0.97838485,2.3894153,0
1.0,0.9763273,2.7896006,0
1.0,0.9772789,3.283933,0
1.0,0.97750753,3.358818,0
1.0,0.9776282,3.2882082,0
1.0,0.97276795,3.1486044,0
1.0,0.97303444,3.0386035,0
1.0,0.9693516,2.9722953,0
1.0,0.9686895,2.9883373,0
1.0,0.9680978,3.0272427,0
1.0,0.97049564,3.1048667,0
1.0,0.96819335,3.1392472,0
1.0,0.96585363,3.1036847,0
1.0,0.9616662,3.0620217,0
1.0,0.9635708,3.0252585,0
1.0,0.95752037,3.0784228,0
1.0,0.950415,3.2171981,0
1.0,0.95441777,3.4625814,0
1.0,0.96460354,3.5828252,0
1.0,0.9689113,3.5141733,0
1.0,0.9723874,3.476271,0
1.0,0.97118676,3.3722558,0
1.0,0.97039807,3.263564,0
1.0,0.96477723,3.322958,0
1.0,0.9621871,3.5815673,0
1.0,0.9607949,3.7208724,0
1.0,0.96099776,3.6358354,0
1.0,0.9512479,3.6286633,0
1.0,0.9467012,3.6781049,0
1.0,0.940722,3.6775389,0
1.0,0.95813936,3.7097657,0
1.0,0.95874673,3.7194414,0
1.0,0.9590867,4.0482264,0
1.0,0.95216006,3.913167,0
1.0,0.95308995,3.468955,0
1.0,0.9541579,3.3875325,0
1.0,0.95127916,3.380636,0
1.0,0.9491678,3.3790188,0
1.0,0.9498828,3.4149046,0
1.0,0.95297974,3.5369148,0
1.0,0.9486446,3.5641904,0
1.0,0.9472218,3.565112,0
1.0,0.9414476,3.504922,0
1.0,0.953016,3.4664664,0
1.0,0.9487603,3.4617789,0
1.0,0.9508288,3.4561272,0
1.0,0.94220656,3.448262,0
1.0,0.95312387,3.3985405,0
1.0,0.952078,3.3536806,0
1.0,0.96080405,3.503004,0
1.0,0.9662909,3.6289372,0
1.0,0.9746483,3.7607832,0
1.0,0.9748902,3.804945,0
1.0,0.9760122,3.7758665,0
1.0,0.96674347,3.6587396,0
1.0,0.9672579,3.5546927,0
1.0,0.96587557,3.4363322,0
1.0,0.9685109,3.5151255,0
1.0,0.95857775,3.6682782,0
1.0,0.95207065,3.6982286,0
1.0,0.94477296,3.6162415,0
1.0,0.95549184,3.6675427,0
1.0,0.95041746,3.6604838,0
1.0,0.95589375,3.6643,0
1.0,0.95511395,3.2676246,0
1.0,0.9566829,3.029245,0
1.0,0.94922674,3.1621664,0
1.0,0.9447995,3.3818371,0
1.0,0.9522442,3.5256753,0
1.0,0.96080565,3.6129193,0
1.0,0.953439,3.563976,0
1.0,0.94394934,3.3978267,0
1.0,0.9518225,3.286355,0
1.0,0.957988,3.2556777,0
1.0,0.95342124,3.2447066,0
1.0,0.9470208,3.288722,0
1.0,0.956283,3.3579104,0
1.0,0.9613375,3.4886649,0
1.0,0.9617581,3.6286097,0
1.0,0.95251864,3.5806205,0
1.0,0.96355313,3.3179705,0
1.0,0.9665037,2.810596,0
1.0,0.9674115,2.4910161,0
1.0,0.9632709,2.349186,0
1.0,0.97287434,2.3283675,0
1.0,0.97661364,2.3450813,0
1.0,0.9779074,2.3623075,0
1.0,0.9754852,2.3147511,0
1.0,0.9755863,2.1168394,0
1.0,0.97304934,1.7891631,0
1.0,0.9737979,1.6245363,0
1.0,0.971538,1.6551229,0
1.0,0.97629845,1.7979876,0
1.0,0.97557163,1.8065445,0
1.0,0.9776282,1.8453083,0
1.0,0.9780155,1.9123195,0
1.0,0.98355156,1.9243621,0
1.0,0.98418933,1.8326143,0
1.0,0.9832796,1.6049337,0
1.0,0.9792346,1.3498833,0
1.0,0.98062676,1.3181084,0
1.0,0.97967726,1.344065,0
1.0,0.9793282,1.3614137,0
1.0,0.9749213,1.4161141,0
1.0,0.9761302,1.4667555,0
1.0,0.97017753,1.432363,0
1.0,0.97382075,1.4036007,0
1.0,0.966644,1.3281348,0
1.0,0.9693732,1.3450117,0
1.0,0.9603659,1.4319496,0
1.0,0.9677784,1.4844861,0
1.0,0.9681464,1.4708204,0
1.0,0.96737635,1.4723935,0
1.0,0.95466197,1.4817402,0
1.0,0.9676367,1.4878515,0
1.0,0.96314096,1.4692209,0
1.0,0.96476126,1.5249832,0
1.0,0.94709504,1.538012,0
1.0,0.96598554,1.6351272,0
1.0,0.96675026,1.7741543,0
1.0,0.96894294,1.8900666,0
1.0,0.95539284,1.8622792,0
1.0,0.9693527,1.84726,0
1.0,0.96480554,1.7286078,0
1.0,0.96269983,1.6848968,0
1.0,0.9425616,1.8188184,0
1.0,0.9613276,1.8159984,0
1.0,0.9508209,1.8363559,0
1.0,0.9285101,1.9732691,0
1.0,0.90815425,2.0297537,0
1.0,0.9384464,2.076404,0
1.0,0.9345272,2.0803776,0
1.0,0.9177215,2.1031032,0
1.0,0.9246322,2.422001,0
1.0,0.9532217,2.9538393,0
1.0,0.9600077,3.242988,0
1.0,0.9601753,3.3047028,0
1.0,0.9502257,3.3077652,0
1.0,0.9608571,3.5440457,0
1.0,0.96314174,3.7128482,0
1.0,0.9619828,3.6573756,0
1.0,0.95275486,3.60368,0
1.0,0.95149326,4.0101995,0
1.0,0.91973454,4.450741,0
1.0,0.9080743,4.7266197,0
1.0,0.92042804,4.7568965,0
1.0,0.92293805,4.7462673,0
1.0,0.8881615,4.662682,0
1.0,0.8943917,4.630562,0
1.0,0.9191042,4.6371307,0
1.0,0.93845856,4.689963,0
1.0,0.927595,4.7094927,0
1.0,0.93040526,4.8026004,0
1.0,0.93926126,4.8370543,0
1.0,0.95000494,4.863922,0
1.0,0.92646503,4.8701563,0
1.0,0.9246978,4.8336973,0
1.0,0.9395752,4.6460404,0
1.0,0.958409,4.7397814,0
1.0,0.9429405,5.001875,0
1.0,0.93396914,5.3864512,0
1.0,0.9476456,5.418811,0
1.0,0.9661541,5.494333,0
1.0,0.95856136,5.686179,0
1.0,0.93850464,5.740744,0
1.0,0.93876797,5.340859,0
1.0,0.9669806,4.9747257,0
1.0,0.9665745,5.0030327,0
1.0,0.9437275,5.5157423,0
1.0,0.92534757,5.8608527,0
1.0,0.9594227,5.783577,0
1.0,0.9670116,5.639756,0
1.0,0.9383027,5.6655564,0
1.0,0.92201626,5.5714192,0
1.0,0.9559825,5.041878,0
1.0,0.9567333,4.5837736,0
1.0,0.9417463,4.361372,0
1.0,0.9157964,4.4274964,0
1.0,0.93461293,4.7230244,0
1.0,0.95541483,5.1068163,0
1.0,0.9468426,5.285939,0
1.0,0.91547775,5.2248073,0
1.0,0.931247,5.16767,0
1.0,0.9519869,5.0384097,0
1.0,0.94805694,4.9437323,0
1.0,0.93065536,5.0200043,0
1.0,0.9389861,5.04485,0
1.0,0.951255,5.0531573,0
1.0,0.94198203,5.1420965,0
1.0,0.91372126,5.1587753,0
1.0,0.90457803,5.0946774,0
1.0,0.93113154,4.9681606,0
1.0,0.93510747,4.6630883,0
1.0,0.93895215,4.798747,0
1.0,0.9401076,4.834798,0
1.0,0.9568681,4.638623,0
1.0,0.9609741,4.452258,0
1.0,0.96160245,4.4635935,0
1.0,0.954747,4.3572965,0
1.0,0.96542203,4.1768475,0
1.0,0.9625224,3.7526207,0
1.0,0.96047235,3.4864647,0
1.0,0.9535476,3.4340076,0
1.0,0.9596499,3.4717495,0
1.0,0.9504405,3.5058775,0
1.0,0.9400976,3.4732401,0
1.0,0.93535316,3.4653106,0
1.0,0.94796824,3.5888584,0
1.0,0.93440545,3.5642505,0
1.0,0.9323378,3.5093336,0
1.0,0.9404658,3.4003718,0
1.0,0.9658006,3.1621242,0
1.0,0.9663217,2.9757385,0
1.0,0.95785505,2.9471197,0
1.0,0.9559652,2.9735694,0
1.0,0.96985483,3.1486702,0
1.0,0.9666644,3.2181995,0
1.0,0.9588914,3.2243018,0
1.0,0.9561313,3.2194202,0
1.0,0.9656934,3.1986039,0
1.0,0.964314,3.060647,0
1.0,0.9594313,2.991177,0
1.0,0.95987076,2.9577854,0
1.0,0.9624928,2.7483587,0
1.0,0.9612389,2.587357,0
1.0,0.95753175,2.4819965,0
1.0,0.9670778,2.4675374,0
1.0,0.9661986,2.488854,0
1.0,0.95840406,2.4479167,0
1.0,0.96602315,2.4655945,0
1.0,0.9695836,2.480847,0
1.0,0.96585953,2.2991571,0
1.0,0.9660529,2.140501,0
1.0,0.97224975,2.22925,0
1.0,0.97692454,2.3071957,0
1.0,0.9687479,2.3722754,0
1.0,0.9637113,2.3536615,0
1.0,0.9707026,2.3319702,0
1.0,0.9773498,2.365058,0
1.0,0.97083765,2.2205076,0
1.0,0.9676413,2.1379204,0
1.0,0.96117073,2.0131454,0
1.0,0.9714395,1.9019951,0
1.0,0.9723388,1.85738,0
1.0,0.9735919,1.83881,0
1.0,0.9730329,1.8562692,0
1.0,0.974601,1.9121118,0
1.0,0.967533,1.800244,0
1.0,0.9625182,1.6429586,0
1.0,0.9663127,1.5121398,0
1.0,0.96112823,1.5597106,0
1.0,0.96349293,1.6977497,0
1.0,0.9669864,1.7466136,0
1.0,0.9671281,1.7491567,0
1.0,0.97222126,1.7640543,0
1.0,0.9730083,1.760295,0
1.0,0.97142357,1.6473429,0
1.0,0.9734176,1.5647354,0
1.0,0.97525024,1.5328732,0
1.0,0.97173226,1.7241203,0
1.0,0.9694986,2.027146,0
1.0,0.97512585,2.2796154,0
1.0,0.9743779,2.3545098,0
1.0,0.9723574,2.3495216,0
1.0,0.9712413,2.262899,0
1.0,0.97354656,2.055369,0
1.0,0.96682656,2.0057433,0
1.0,0.96113074,2.012533,0
1.0,0.96166813,2.0839887,0
1.0,0.9693164,2.2866428,0
1.0,0.9682465,2.2853918,0
1.0,0.9658866,2.26338,0
1.0,0.9587423,2.22749,0
1.0,0.96140283,2.2293015,0
1.0,0.9646579,2.3261771,0
1.0,0.95457745,2.4083385,0
1.0,0.95314974,2.4290257,0
1.0,0.95775867,2.428555,0
1.0,0.96056384,2.3866735,0
1.0,0.94669855,2.4063272,0
1.0,0.946092,2.541176,0
1.0,0.95104504,2.7451391,0
1.0,0.9534042,2.8376064,0
1.0,0.94972366,2.7545292,0
1.0,0.95499223,2.7173347,0
1.0,0.9590295,2.7177753,0
1.0,0.9585819,2.7140017,0
1.0,0.9558003,2.705449,0
1.0,0.9613678,2.7786636,0
1.0,0.96413743,2.7535887,0
1.0,0.96473765,2.843649,0
1.0,0.9574608,2.714199,0
1.0,0.95986515,2.5591688,0
1.0,0.95733166,2.502693,0
1.0,0.96170133,2.6331615,0
1.0,0.9584205,2.8878512,0
1.0,0.96573114,2.9827738,0
1.0,0.9683212,2.9862084,0
1.0,0.96545404,2.9203248,0
1.0,0.9630104,2.7840967,0
1.0,0.9655762,2.5788336,0
1.0,0.966835,2.3775668,0
1.0,0.96679705,2.3624952,0
1.0,0.9678994,2.3466985,0
1.0,0.9668003,2.3357794,0
1.0,0.9619564,2.4176662,0
1.0,0.95310795,2.4880965,0
1.0,0.9566361,2.526124,0
1.0,0.96445125,2.603209,0
1.0,0.97224325,2.6468413,0
1.0,0.9734037,2.6266203,0
1.0,0.97626,2.5921147,0
1.0,0.97672606,2.49057,0
1.0,0.97906727,2.3186944,0
1.0,0.9768201,2.2489653,0
1.0,0.9777566,2.2084584,0
1.0,0.9739242,2.1847136,0
1.0,0.97121555,2.1978,0
1.0,0.964618,2.2076478,0
1.0,0.9677634,2.2129703,0
1.0,0.9676857,2.154883,0
1.0,0.9663668,2.1622355,0
1.0,0.96039593,2.0820057,0
1.0,0.96343035,2.1398342,0
1.0,0.9625932,2.2062342,0
1.0,0.9490853,1.9932534,0
1.0,0.93726027,1.7554457,0
1.0,0.94855964,1.514052,0
1.0,0.95136505,1.4435244,0
1.0,0.9358454,1.5376989,0
1.0,0.93121386,1.8817906,0
1.0,0.9404533,2.024849,0
1.0,0.9501152,2.046541,0
1.0,0.92307436,1.9509654,0
1.0,0.9075332,1.9155582,0
1.0,0.91856766,1.9516882,0
1.0,0.9091683,2.014311,0
1.0,0.88316774,2.100591,0
1.0,0.87157685,2.0278902,0
1.0,0.9098222,1.9847524,0
1.0,0.9054649,1.9014672,0
1.0,0.8881359,1.8599689,0
1.0,0.8894789,1.8581557,0
1.0,0.9123577,1.8349528,0
1.0,0.9199638,1.8076788,0
1.0,0.9141843,1.9089448,0
1.0,0.92215836,1.9842172,0
1.0,0.93789345,2.0920403,0
1.0,0.9373611,2.0903602,0
1.0,0.9257008,2.0630152,0
1.0,0.93520665,2.0930572,0
1.0,0.9272552,2.1915555,0
1.0,0.9329202,2.365133,0
1.0,0.9225557,2.3983164,0
1.0,0.9399422,2.4073167,0
1.0,0.9269594,2.2277656,0
1.0,0.9095804,1.9816006,0
1.0,0.89436626,1.9702442,0
1.0,0.9259342,2.1243677,0
1.0,0.9189856,2.1430054,0
1.0,0.9214165,2.1768274,0
1.0,0.90643144,2.0689538,0
1.0,0.9252396,1.7847966,0
1.0,0.9193255,1.6810588,0
1.0,0.93662035,1.721946,0
1.0,0.9246417,1.7326496,0
1.0,0.9277733,1.7692881,0
1.0,0.9136566,1.7701759,0
1.0,0.9199753,1.7935009,0
1.0,0.8918661,1.5822554,0
1.0,0.90755737,1.5085151,0
1.0,0.83845466,1.3697536,0
1.0,0.88932353,1.454747,0
1.0,0.8770911,1.4469571,0
1.0,0.89982,1.5754718,0
1.0,0.88028723,1.6658651,0
1.0,0.92538935,1.8282968,0
1.0,0.9277618,1.6783689,0
1.0,0.89365613,1.4657032,0
1.0,0.8899994,1.3712047,0
1.0,0.92322797,1.5259097,0
1.0,0.9381069,1.7358401,0
1.0,0.9173027,1.7302102,0
1.0,0.9170014,1.6406878,0
1.0,0.93694896,1.5596786,0
1.0,0.9308791,1.5651551,0
1.0,0.9092983,1.5645856,0
1.0,0.9166419,1.5790726,0
1.0,0.9304066,1.6208172,0
1.0,0.9153741,1.6872048,0
1.0,0.9049832,1.6920841,0
1.0,0.92408717,1.8822749,0
1.0,0.9488839,2.225749,0
1.0,0.94504046,2.2261627,0
1.0,0.93639326,2.1644235,0
1.0,0.939823,2.1432648,0
1.0,0.9476805,2.153165,0
1.0,0.9533092,2.16251,0
1.0,0.9371508,2.094853,0
1.0,0.94831836,2.111304,0
1.0,0.94404244,2.1894417,0
1.0,0.95274836,2.2761402,0
1.0,0.95237255,2.244197,0
1.0,0.9592645,2.2590928,0
1.0,0.96596485,2.277167,0
1.0,0.96520865,2.2695236,0
1.0,0.9502199,2.1999016,0
1.0,0.9482931,2.0999403,0
1.0,0.9505575,2.1135247,0
1.0,0.96553695,2.3826675,0
1.0,0.9684636,2.691926,0
1.0,0.96495396,2.876094,0
1.0,0.9679272,2.8081155,0
1.0,0.9686724,2.612693,0
1.0,0.9687223,2.5375063,0
1.0,0.9583711,2.4907389,0
1.0,0.961642,2.6027946,0
1.0,0.96340674,2.8750393,0
1.0,0.9722543,3.293828,0
1.0,0.96876055,3.5312574,0
1.0,0.9693888,3.5329204,0
1.0,0.9677884,3.4109128,0
1.0,0.96792567,3.3299325,0
1.0,0.95037955,3.1161485,0
1.0,0.9600347,2.8222902,0
1.0,0.95850736,2.844511,0
1.0,0.95153147,3.0314832,0
1.0,0.935938,3.1227982,0
1.0,0.93802714,3.1672115,0
1.0,0.96192294,3.2093012,0
1.0,0.9618491,3.213335,0
1.0,0.95116603,3.158592,0
1.0,0.9541149,3.0258932,0
1.0,0.95821095,3.0725846,0
1.0,0.95542735,3.4269745,0
1.0,0.9490774,3.6908321,0
1.0,0.96300685,3.8086858,0
1.0,0.9691112,3.8288045,0
1.0,0.970892,3.7709575,0
1.0,0.9573642,3.7554297,0
1.0,0.95765275,3.6717238,0
1.0,0.9673213,3.4741607,0
1.0,0.964801,3.359731,0
1.0,0.9547449,3.6478572,0
1.0,0.9551641,4.4008136,0
1.0,0.96490985,4.811949,0
1.0,0.9692723,4.8240767,0
1.0,0.96287715,4.8482513,0
1.0,0.9607567,4.765213,0
1.0,0.96649295,4.4340243,0
1.0,0.9719648,4.1076818,0
1.0,0.96817434,4.184957,0
1.0,0.95221406,4.4344726,0
1.0,0.93330824,4.476611,0
1.0,0.9529653,4.4758897,0
1.0,0.95745,4.4794188,0
1.0,0.9400361,4.4313583,0
1.0,0.9290644,4.3611474,0
1.0,0.94606054,4.3974476,0
1.0,0.9508163,4.537251,0
1.0,0.94069815,4.6532707,0
1.0,0.9349472,4.812678,0
1.0,0.9524659,4.9089518,0
1.0,0.96195465,4.9264607,0
1.0,0.9528598,4.8500423,0
1.0,0.93874633,4.675786,0
1.0,0.95204216,4.448406,0
1.0,0.95836335,4.3101397,0
1.0,0.95541525,4.3475013,0
1.0,0.94491816,4.394732,0
1.0,0.96063703,4.4699645,0
1.0,0.96372706,4.430794,0
1.0,0.9619539,4.407095,0
1.0,0.95644915,4.374347,0
1.0,0.9614823,4.2061605,0
1.0,0.96702,3.7952492,0
1.0,0.9686608,3.1405094,0
1.0,0.97160757,2.983544,0
1.0,0.9725767,3.1499379,0
1.0,0.9720161,3.1314306,0
1.0,0.97745836,3.095039,0
1.0,0.9802043,3.0973363,0
1.0,0.9805987,3.028455,0
1.0,0.97893023,2.716403,0
1.0,0.979752,2.4162164,0
1.0,0.97989833,2.5007548,0
1.0,0.97968185,2.9409606,0
1.0,0.97983575,3.1833873,0
1.0,0.9811677,3.3561354,0
1.0,0.982588,3.3829691,0
1.0,0.9800874,3.179528,0
1.0,0.9774599,2.923893,0
1.0,0.9737814,2.747558,0
1.0,0.9761028,2.5957732,0
1.0,0.9743187,2.5725384,0
1.0,0.9736434,2.573856,0
1.0,0.96975815,2.5605323,0
1.0,0.96863693,2.5544949,0
1.0,0.96304464,2.662964,0
1.0,0.9560759,2.8275323,0
1.0,0.9602851,2.852229,0
1.0,0.96149,2.8556614,0
1.0,0.9650041,2.8600488,0
1.0,0.9665945,2.8555686,0
1.0,0.97141033,2.8606186,0
1.0,0.96919435,2.918624,0
1.0,0.97019875,3.0771165,0
1.0,0.9701194,3.3353324,0
1.0,0.9737815,3.3818645,0
1.0,0.96997964,3.158165,0
1.0,0.9656334,2.9809256,0
1.0,0.96254593,2.9440808,0
1.0,0.96618575,2.9453425,0
1.0,0.9622532,2.9848094,0
1.0,0.9621699,3.0291147,0
1.0,0.9640927,3.122369,0
1.0,0.9708773,3.2344074,0
1.0,0.96759975,3.0776749,0
1.0,0.9656124,2.6444707,0
1.0,0.9577903,2.4303827,0
1.0,0.97028625,2.5228457,0
1.0,0.96610284,2.8199248,0
1.0,0.9705809,3.1034591,0
1.0,0.96805334,3.1120248,0
1.0,0.9732065,3.1099224,0
1.0,0.9698018,3.0793824,0
1.0,0.9665258,3.0378823,0
1.0,0.9680719,3.039161,0
1.0,0.96703124,3.0350177,0
1.0,0.96560806,3.0206208,0
1.0,0.9605676,2.891302,0
1.0,0.9635609,2.7584848,0
1.0,0.9633279,2.7903886,0
1.0,0.9688066,2.807322,0
1.0,0.9688853,2.8966696,0
1.0,0.97404873,2.9315884,0
1.0,0.97798765,2.9465005,0
1.0,0.97887635,2.9044497,0
1.0,0.9755122,2.7304535,0
1.0,0.9763707,2.3943233,0
1.0,0.97464424,2.2323022,0
1.0,0.97267896,2.2191627,0
1.0,0.96920097,2.2571044,0
1.0,0.9673579,2.4903078,0
1.0,0.9695002,2.7908945,0
1.0,0.97225386,2.9584394,0
1.0,0.9706727,2.997551,0
1.0,0.97502214,2.9380434,0
1.0,0.98024416,2.8598814,0
1.0,0.9816658,2.816217,0
1.0,0.9812639,2.827774,0
1.0,0.9826188,2.8839893,0
1.0,0.98341334,2.9356794,0
1.0,0.9831803,2.8267088,0
1.0,0.9829527,2.5896215,0
1.0,0.97939026,2.5660863,0
1.0,0.9749165,2.5695653,0
1.0,0.9704863,2.556634,0
1.0,0.97257274,2.6901574,0
1.0,0.9627158,2.7787395,0
1.0,0.9656826,2.9595704,0
1.0,0.96786433,3.2196214,0
1.0,0.97408867,3.2491832,0
1.0,0.97033364,3.0744252,0
1.0,0.97077954,2.8997812,0
1.0,0.9709829,2.7988367,0
1.0,0.9715565,2.6809847,0
1.0,0.9674626,2.6826873,0
1.0,0.9649456,2.756568,0
1.0,0.9634823,2.8052824,0
1.0,0.96589893,2.805282,0
1.0,0.9568713,2.7819905,0
1.0,0.9507708,2.7716513,0
1.0,0.9421059,2.7527711,0
1.0,0.9442491,2.7816088,0
1.0,0.9292476,2.7207465,0
1.0,0.9276623,2.6416907,0
1.0,0.94958574,2.7232482,0
1.0,0.96608216,2.7635298,0
1.0,0.96456116,2.7870195,0
1.0,0.9747253,2.8073442,0
1.0,0.9754925,2.8191867,0
1.0,0.9723012,2.8239436,0
1.0,0.9683515,2.842108,0
1.0,0.9694726,2.719182,0
1.0,0.97113276,2.8077145,0
1.0,0.97229195,3.1152208,0
1.0,0.9707675,3.1776602,0
1.0,0.9695173,3.1625712,0
1.0,0.96641326,3.1977189,0
1.0,0.9687094,3.0985706,0
1.0,0.95687836,2.9603162,0
1.0,0.95647347,2.966977,0
1.0,0.9525934,2.9206698,0
1.0,0.9523692,2.8486538,0
1.0,0.9495301,2.840638,0
1.0,0.95457995,2.8612874,0
1.0,0.9616659,2.923723,0
1.0,0.96347725,3.040646,0
1.0,0.952694,3.0227985,0
1.0,0.9541117,2.9651928,0
1.0,0.9488297,2.9814718,0
1.0,0.95570815,3.264633,0
1.0,0.95612437,3.5652385,0
1.0,0.95830905,3.7073252,0
1.0,0.9636559,3.736836,0
1.0,0.9640941,3.6746178,0
1.0,0.95912236,3.4758558,0
1.0,0.9601927,3.2523696,0
1.0,0.9648559,3.0854378,0
1.0,0.96048355,3.384777,0
1.0,0.9626627,3.8174882,0
1.0,0.9616138,3.9941504,0
1.0,0.9652552,4.065501,0
1.0,0.96601737,4.056497,0
1.0,0.9570574,3.9120266,0
1.0,0.9516436,3.7458725,0
1.0,0.9551079,3.411477,0
1.0,0.9626579,3.1034298,0
1.0,0.9418579,3.0935264,0
1.0,0.9358796,3.2705095,0
1.0,0.9405917,3.748669,0
1.0,0.9571732,4.2026,0
1.0,0.95203805,4.344365,0
1.0,0.94446844,4.181937,0
1.0,0.9379255,3.9300814,0
1.0,0.9450039,3.907658,0
1.0,0.9443331,3.9018297,0
1.0,0.9498515,3.9294772,0
1.0,0.9510164,3.8804605,0
1.0,0.9554109,3.8570523,0
1.0,0.95361406,3.9204955,0
1.0,0.95167243,4.1358986,0
1.0,0.9485053,4.2033806,0
1.0,0.9543764,4.057823,0
1.0,0.9540088,3.8173327,0
1.0,0.9554813,3.7926936,0
1.0,0.9583037,4.010247,0
1.0,0.9621222,4.1589093,0
1.0,0.9635525,4.2355223,0
1.0,0.9657529,4.2797136,0
1.0,0.9744753,4.2421837,0
1.0,0.9739092,3.808901,0
1.0,0.96581286,3.286307,0
1.0,0.9639593,3.1249712,0
1.0,0.96892303,3.2137473,0
1.0,0.96863246,3.4069133,0
1.0,0.96425205,3.561317,0
1.0,0.9675261,3.6398938,0
1.0,0.9754986,3.6638856,0
1.0,0.97745913,3.6596994,0
1.0,0.97672117,3.5717497,0
1.0,0.97861457,3.4448225,0
1.0,0.9800183,3.0986164,0
1.0,0.98040456,2.81667,0
1.0,0.98011404,2.7073662,0
1.0,0.9800274,2.7356741,0
1.0,0.9783003,2.7788846,0
1.0,0.9777484,2.7989392,0
1.0,0.9744689,2.905702,0
1.0,0.97371566,3.0242643,0
1.0,0.9712966,3.0651479,0
1.0,0.9733151,3.103149,0
1.0,0.9751863,3.041312,0
1.0,0.9790619,2.8087878,0
1.0,0.97737724,2.6352644,0
1.0,0.9779741,2.5367575,0
1.0,0.98152184,2.5192795,0
1.0,0.9811513,2.4926405,0
1.0,0.97943765,2.3754437,0
1.0,0.98106486,2.410896,0
1.0,0.9835248,2.459063,0
1.0,0.98274857,2.5079055,0
1.0,0.98090106,2.566227,0
1.0,0.9839041,2.59693,0
1.0,0.9857013,2.600154,0
1.0,0.98513806,2.5902858,0
1.0,0.9830419,2.429285,0
1.0,0.98298246,2.272195,0
1.0,0.9815196,2.3325708,0
1.0,0.981914,2.7265797,0
1.0,0.97965103,3.2269883,0
1.0,0.97997415,3.6873035,0
1.0,0.978837,3.7890148,0
1.0,0.9763774,3.7006135,0
1.0,0.9726634,3.5214386,0
1.0,0.97057927,3.4127226,0
1.0,0.9757209,3.384475,0
1.0,0.9742357,3.3875232,0
1.0,0.97161293,3.4140248,0
1.0,0.9678218,3.4036722,0
1.0,0.96382916,3.3140788,0
1.0,0.9674127,3.2308033,0
1.0,0.9632895,3.2958298,0
1.0,0.95688957,3.3257964,0
1.0,0.9544283,3.3627684,0
1.0,0.9617364,3.5690656,0
1.0,0.96269715,3.7004232,0
1.0,0.9559893,3.7631247,0
1.0,0.95976454,3.9025276,0
1.0,0.96787316,3.8837457,0
1.0,0.97216326,3.7918398,0
1.0,0.9616667,3.618198,0
1.0,0.9583614,3.4815962,0
1.0,0.9639416,3.4325588,0
1.0,0.96752006,3.45148,0
1.0,0.96166635,3.463673,0
1.0,0.96311706,3.509561,0
1.0,0.9713634,3.5883212,0
1.0,0.97202593,3.7970676,0
1.0,0.97026134,4.013258,0
1.0,0.9743435,3.8911943,0
1.0,0.9760586,3.4334362,0
1.0,0.9791374,2.9355373,0
1.0,0.9738191,2.4614172,0
1.0,0.9781567,2.3358972,0
1.0,0.97380835,2.371379,0
1.0,0.9717937,2.500811,0
1.0,0.9704864,2.6650958,0
1.0,0.97384316,2.824386,0
1.0,0.9735078,2.821178,0
1.0,0.9736004,2.780333,0
1.0,0.9711316,2.7740586,0
1.0,0.97194946,2.7529678,0
1.0,0.97339284,2.7193213,0
1.0,0.97315174,2.5941305,0
1.0,0.9719581,2.4547472,0
1.0,0.97362465,2.383656,0
1.0,0.97511286,2.2052803,0
1.0,0.9707201,2.0630984,0
1.0,0.9614681,1.9942051,0
1.0,0.95847845,1.9863801,0
1.0,0.9636757,2.242497,0
1.0,0.9703757,2.6419766,0
1.0,0.97241014,2.8903317,0
1.0,0.97673666,2.9577742,0
1.0,0.9812066,3.003978,0
1.0,0.98189527,2.9892316,0
1.0,0.98244286,2.93231,0
1.0,0.9818459,2.8909736,0
1.0,0.9824767,2.820578,0
1.0,0.9806918,2.6276817,0
1.0,0.9781718,2.366668,0
1.0,0.9750072,2.3022053,0
1.0,0.9721552,2.3938553,0
1.0,0.9714039,2.4965203,0
1.0,0.97088873,2.6092305,0
1.0,0.9709646,2.694572,0
1.0,0.9731045,2.6968386,0
1.0,0.97340345,2.6149786,0
1.0,0.97088987,2.4601703,0
1.0,0.9640644,2.2934709,0
1.0,0.9690317,2.2325242,0
1.0,0.9738938,2.193941,0
1.0,0.9748155,2.1806507,0
1.0,0.97045654,2.2375388,0
1.0,0.9684913,2.379549,0
1.0,0.9730037,2.5589647,0
1.0,0.9744678,2.738497,0
1.0,0.9758834,2.8325448,0
1.0,0.97899365,2.8345506,0
1.0,0.9828834,2.8596332,0
1.0,0.98205745,2.8431427,0
1.0,0.9822465,2.684486,0
1.0,0.9833983,2.401187,0
1.0,0.98395556,2.0136151,0
1.0,0.98343444,1.7369199,0
1.0,0.98141426,1.7445868,0
1.0,0.98161215,1.899915,0
1.0,0.9813394,2.0464869,0
1.0,0.97754705,2.3338318,0
1.0,0.9729495,2.6170597,0
1.0,0.9741154,2.7909784,0
1.0,0.97773653,2.8275495,0
1.0,0.9759439,2.792801,0
1.0,0.9757238,2.7447023,0
1.0,0.97515327,2.6467388,0
1.0,0.9768892,2.562026,0
1.0,0.9727927,2.436707,0
1.0,0.96758974,2.3475232,0
1.0,0.9658946,2.3028507,0
1.0,0.96388185,2.231301,0
1.0,0.9560028,2.1483264,0
1.0,0.94423264,2.164239,0
1.0,0.95398355,2.448042,0
1.0,0.969425,2.9076955,0
1.0,0.9753366,3.3612213,0
1.0,0.97800684,3.6649683,0
1.0,0.98150474,3.5750628,0
1.0,0.98184353,3.4090016,0
1.0,0.976904,3.2739217,0
1.0,0.97462815,3.2835608,0
1.0,0.97535443,3.3094537,0
1.0,0.96988904,3.2927303,0
1.0,0.96301466,3.3213096,0
1.0,0.9542224,3.497366,0
1.0,0.94970894,3.8086832,0
1.0,0.9638497,4.1227007,0
1.0,0.9637583,4.352936,0
1.0,0.95679843,4.379058,0
1.0,0.94559735,4.1720943,0
1.0,0.9562522,4.0081472,0
1.0,0.95108795,3.7116213,0
1.0,0.93933517,3.396379,0
1.0,0.9299505,3.208156,0
1.0,0.9528361,3.2356234,0
1.0,0.95262283,3.3034987,0
1.0,0.93963915,3.2957501,0
1.0,0.92804235,3.2854662,0
1.0,0.9388928,3.3063285,0
1.0,0.9307848,3.300706,0
1.0,0.9235399,3.3031633,0
1.0,0.9274541,3.364874,0
1.0,0.9403219,3.5231962,0
1.0,0.9500186,3.839696,0
1.0,0.95354575,3.8825223,0
1.0,0.95949787,3.6406994,0
1.0,0.9531815,3.2009497,0
1.0,0.9492786,2.7488651,0
1.0,0.9495781,2.3781903,0
1.0,0.9534578,2.341586,0
1.0,0.93984854,2.4594474,0
1.0,0.9481953,2.7922363,0
1.0,0.9651805,3.0398204,0
1.0,0.97061366,3.1016521,0
1.0,0.9632284,3.075172,0
1.0,0.9654696,3.0456958,0
1.0,0.96630234,2.85959,0
1.0,0.96519065,2.5299282,0
1.0,0.9386338,2.2977319,0
1.0,0.9387753,2.2406294,0
1.0,0.9412312,2.2477615,0
1.0,0.93847513,2.2928686,0
1.0,0.9283825,2.3105602,0
1.0,0.9452452,2.339231,0
1.0,0.9512814,2.353563,0
1.0,0.95267636,2.368415,0
1.0,0.95134413,2.4124734,0
1.0,0.9493047,2.5202897,0
1.0,0.95413804,2.7214203,0
1.0,0.9617785,2.8759372,0
1.0,0.9702688,3.0156589,0
1.0,0.9747532,3.0781546,0
1.0,0.97139895,3.0472934,0
1.0,0.97020245,2.9955194,0
1.0,0.97221065,2.924995,0
1.0,0.9718597,2.711433,0
1.0,0.9666258,2.6788812,0
1.0,0.9704661,2.703626,0
1.0,0.9759976,2.7393112,0
1.0,0.9760291,2.7866821,0
1.0,0.9747294,2.8067575,0
1.0,0.9735382,2.8160195,0
1.0,0.9769025,2.687418,0
1.0,0.97502226,2.2946467,0
1.0,0.972983,2.0801249,0
1.0,0.9694224,2.1491234,0
1.0,0.96710545,2.174112,0
1.0,0.9654133,2.141939,0
1.0,0.96432817,2.1263435,0
1.0,0.96639663,2.1302643,0
1.0,0.9712219,2.0387886,0
1.0,0.9698197,1.8832743,0
1.0,0.9638817,1.8720672,0
1.0,0.96610117,1.9295554,0
1.0,0.9745701,1.9424329,0
1.0,0.97392535,1.9700301,0
1.0,0.9674209,1.9677048,0
1.0,0.9705409,1.9638524,0
1.0,0.9737995,1.900217,0
1.0,0.96984327,1.7065221,0
1.0,0.96314716,1.494539,0
1.0,0.95549446,1.5253041,0
1.0,0.96490043,1.5809311,0
1.0,0.96902776,1.7639854,0
1.0,0.9646341,1.9885683,0
1.0,0.9672011,2.0288663,0
1.0,0.9716058,2.017107,0
1.0,0.9721059,1.9764454,0
1.0,0.96854323,1.921927,0
1.0,0.97046643,1.9362302,0
1.0,0.9739577,1.9693992,0
1.0,0.9756882,1.9555192,0
1.0,0.97642636,1.9622307,0
1.0,0.97686154,1.9420102,0
1.0,0.9770608,1.9188497,0
1.0,0.9736101,1.9071844,0
1.0,0.9747447,1.9196985,0
1.0,0.97361463,1.9547672,0
1.0,0.97443193,2.086503,0
1.0,0.9747788,2.223749,0
1.0,0.97942936,2.2462885,0
1.0,0.97564334,2.2455118,0
1.0,0.975159,2.236686,0
1.0,0.9733883,2.2236876,0
1.0,0.97829413,2.1271427,0
1.0,0.9717249,2.0138965,0
1.0,0.9747259,2.0930305,0
1.0,0.97310275,2.3770413,0
1.0,0.97784597,2.7995038,0
1.0,0.9747789,2.9583683,0
1.0,0.9775685,2.984169,0
1.0,0.9759713,2.9838433,0
1.0,0.97569454,2.9873197,0
1.0,0.9688139,2.847862,0
1.0,0.9682598,2.7116585,0
1.0,0.9669845,2.4831626,0
1.0,0.9682054,2.2572427,0
1.0,0.96166605,2.2154632,0
1.0,0.9631212,2.211154,0
1.0,0.9598412,2.1730065,0
1.0,0.9563922,2.1564348,0
1.0,0.95477617,2.1255379,0
1.0,0.9569678,2.1455994,0
1.0,0.95165086,2.2815595,0
1.0,0.95892686,2.4739892,0
1.0,0.96621144,2.702415,0
1.0,0.97509277,2.7856467,0
1.0,0.9778681,2.8080206,0
1.0,0.97972476,2.7487893,0
1.0,0.9793661,2.602477,0
1.0,0.97663337,2.505856,0
1.0,0.97498477,2.5487285,0
1.0,0.97559035,2.6730058,0
1.0,0.9768918,2.7114615,0
1.0,0.98006564,2.7362063,0
1.0,0.9788984,2.7341566,0
1.0,0.9784324,2.72582,0
1.0,0.9802203,2.7136998,0
1.0,0.9794058,2.701333,0
1.0,0.97437036,2.6394372,0
1.0,0.9744184,2.5219386,0
1.0,0.9790413,2.4654596,0
1.0,0.979629,2.4666698,0
1.0,0.97925526,2.512247,0
1.0,0.98171955,2.5459566,0
1.0,0.9836765,2.4930089,0
1.0,0.9826757,2.4500513,0
1.0,0.9813911,2.457717,0
1.0,0.9800847,2.6591115,0
1.0,0.98151404,2.8883548,0
1.0,0.98085517,3.0269015,0
1.0,0.9810291,3.1002135,0
1.0,0.9783328,3.099215,0
1.0,0.9800745,3.1635542,0
1.0,0.9796341,3.1970587,0
1.0,0.97780985,3.0593166,0
1.0,0.9752993,2.980847,0
1.0,0.97763765,2.9339333,0
1.0,0.97840524,2.9709597,0
1.0,0.9797595,3.0258913,0
1.0,0.97810864,2.9545937,0
1.0,0.9784362,2.9088144,0
1.0,0.9780212,2.8257165,0
1.0,0.97987753,2.6375883,0
1.0,0.9768926,2.5488212,0
1.0,0.97588253,2.7420988,0
1.0,0.9786865,3.002942,0
1.0,0.9826158,3.2377782,0
1.0,0.98094153,3.4397671,0
1.0,0.98096544,3.5236504,0
1.0,0.9813239,3.4206414,0
1.0,0.9818454,3.1740184,0
1.0,0.9784021,2.8758395,0
1.0,0.9792875,2.7808976,0
1.0,0.9774534,2.7958794,0
1.0,0.97644526,2.9647822,0
1.0,0.97309816,3.2056098,0
1.0,0.97175884,3.4114506,0
1.0,0.971894,3.6314445,0
1.0,0.970787,3.712153,0
1.0,0.9618974,3.4846506,0
1.0,0.95789737,3.2432816,0
1.0,0.9604233,3.088655,0
1.0,0.9671313,3.128688,0
1.0,0.9639883,3.6231344,0
1.0,0.9618787,4.0180283,0
1.0,0.9610527,4.058194,0
1.0,0.9634627,4.0320187,0
1.0,0.9494371,3.8607905,0
1.0,0.93701303,3.6652594,0
1.0,0.9394215,3.5918226,0
1.0,0.9453577,3.6110768,0
1.0,0.93612397,3.6219049,0
1.0,0.93712896,3.6764414,0
1.0,0.9461206,3.8968382,0
1.0,0.9520709,4.085825,0
1.0,0.9512092,4.0699286,0
1.0,0.9544246,3.84729,0
1.0,0.95791686,3.5974867,0
1.0,0.9589908,3.3660045,0
1.0,0.95649135,3.305064,0
1.0,0.9557027,3.4844356,0
1.0,0.9570681,3.578316,0
1.0,0.9607415,3.6009226,0
1.0,0.9548365,3.5662503,0
1.0,0.9487403,3.563064,0
1.0,0.952444,3.5382595,0
1.0,0.95000446,3.3355498,0
1.0,0.9516086,3.1968448,0
1.0,0.94809383,3.3230803,0
1.0,0.9590841,3.5986817,0
1.0,0.96770614,3.8859086,0
1.0,0.97049373,4.0115833,0
1.0,0.9698416,4.03357,0
1.0,0.97256213,4.072463,0
1.0,0.9721404,4.0160265,0
1.0,0.9615878,3.5416977,0
1.0,0.95477706,3.125301,0
1.0,0.95395315,3.127736,0
1.0,0.9536705,3.3774807,0
1.0,0.9436377,3.4642534,0
1.0,0.9363053,3.5424523,0
1.0,0.93818545,3.7750058,0
1.0,0.9398241,3.953906,0
1.0,0.9372788,4.066272,0
1.0,0.93414986,4.0175166,0
1.0,0.9448698,3.8686302,0
1.0,0.94764847,3.7069695,0
1.0,0.95027417,3.6814442,0
1.0,0.95493954,3.7037213,0
1.0,0.9605607,3.7754447,0
1.0,0.96157473,3.8348742,0
1.0,0.9577844,3.7217517,0
1.0,0.95767033,3.498091,0
1.0,0.95611197,3.4515355,0
1.0,0.95912915,3.4973578,0
1.0,0.96272653,3.589547,0
1.0,0.9631072,3.6170685,0
1.0,0.9629095,3.614703,0
1.0,0.9639638,3.607018,0
1.0,0.97048026,3.5492132,0
1.0,0.9727073,3.2715168,0
1.0,0.96892446,2.9029326,0
1.0,0.9675702,2.733218,0
1.0,0.96988916,2.864383,0
1.0,0.9733165,3.102779,0
1.0,0.9719203,3.2562084,0
1.0,0.9742245,3.3521705,0
1.0,0.975583,3.4054337,0
1.0,0.98077035,3.3973656,0
1.0,0.97790194,3.2405581,0
1.0,0.97835815,2.9726715,0
1.0,0.9811079,2.9126117,0
1.0,0.9820915,3.0280676,0
1.0,0.9787598,2.9512782,0
1.0,0.976848,2.7531545,0
1.0,0.97664225,2.5898588,0
1.0,0.9711167,2.561964,0
1.0,0.9647588,2.5425344,0
1.0,0.96316713,2.5788884,0
1.0,0.9645319,2.5769825,0
1.0,0.9642362,2.5638783,0
1.0,0.96234995,2.51903,0
1.0,0.9635505,2.491045,0
1.0,0.9618031,2.5040035,0
1.0,0.9467536,2.5097122,0
1.0,0.94477147,2.545148,0
1.0,0.9470683,2.5298872,0
1.0,0.95338863,2.4778597,0
1.0,0.9500221,2.431756,0
1.0,0.956823,2.4581802,0
1.0,0.96281606,2.5546153,0
1.0,0.9653387,2.6424043,0
1.0,0.96322995,2.7173364,0
1.0,0.96821153,2.7765522,0
1.0,0.97245973,2.6884036,0
1.0,0.97273445,2.48259,0
1.0,0.962829,2.2388978,0
1.0,0.9673208,2.1687098,0
1.0,0.9621371,2.104192,0
1.0,0.96744555,2.0151443,0
1.0,0.96744263,1.9692283,0
1.0,0.9751188,2.0068316,0
1.0,0.9738173,2.0043204,0
1.0,0.9730805,1.9696057,0
1.0,0.9709712,1.9097489,0
1.0,0.97731704,2.083281,0
1.0,0.9793463,2.1787524,0
1.0,0.9809647,2.3561268,0
1.0,0.98203814,2.5793216,0
1.0,0.984387,2.5986378,0
1.0,0.98330575,2.5568123,0
1.0,0.9800812,2.555241,0
1.0,0.9798647,2.5595584,0
1.0,0.98035204,2.574664,0
1.0,0.980807,2.6456118,0
1.0,0.97805005,2.8060884,0
1.0,0.9769414,2.8889356,0
1.0,0.97593415,2.8451405,0
1.0,0.9739545,2.8042517,0
1.0,0.97124344,2.7851815,0
1.0,0.9684364,2.7855504,0
1.0,0.96989846,2.7937386,0
1.0,0.972041,2.7583246,0
1.0,0.9714835,2.7369456,0
1.0,0.9747922,2.7955027,0
1.0,0.97384214,2.7205434,0
1.0,0.9785227,2.6421385,0
1.0,0.9736415,2.580348,0
1.0,0.9766675,2.5638788,0
1.0,0.97039515,2.4391365,0
1.0,0.9740933,2.4120862,0
1.0,0.96820503,2.6383343,0
1.0,0.9722973,3.096157,0
1.0,0.97372967,3.4355855,0
1.0,0.9769363,3.511876,0
1.0,0.9754219,3.4874644,0
1.0,0.9750334,3.342439,0
1.0,0.9704799,3.0232136,0
1.0,0.96935993,2.8733037,0
1.0,0.9670331,2.732358,0
1.0,0.96785605,2.6551898,0
1.0,0.95941967,2.785471,0
1.0,0.9553837,2.969214,0
1.0,0.9614732,3.0791283,0
1.0,0.9659702,3.1003442,0
1.0,0.958304,3.0517423,0
1.0,0.9542416,2.9526267,0
1.0,0.96128714,2.739661,0
1.0,0.96597856,2.553817,0
1.0,0.9588313,2.5747983,0
1.0,0.95728934,2.8334594,0
1.0,0.9641023,3.1565824,0
1.0,0.9704514,3.2607837,0
1.0,0.96521676,3.2361298,0
1.0,0.95604897,3.163606,0
1.0,0.96336967,3.0492163,0
1.0,0.96347713,2.8407183,0
1.0,0.9598528,2.7596736,0
1.0,0.9599564,2.7922292,0
1.0,0.9677824,2.9292598,0
1.0,0.9724496,2.9673223,0
1.0,0.9723662,2.966531,0
1.0,0.969476,2.9074144,0
1.0,0.9685291,2.646201,0
1.0,0.9687112,2.19922,0
1.0,0.96907145,1.9206994,0
1.0,0.9675829,2.0250719,0
1.0,0.9683622,2.2947211,0
1.0,0.9755332,2.5392694,0
1.0,0.979867,2.5513194,0
1.0,0.97930604,2.5475197,0
1.0,0.9814309,2.5090756,0
1.0,0.9787611,2.3664658,0
1.0,0.9771896,2.2072053,0
1.0,0.9743089,2.1199646,0
1.0,0.9758977,2.145544,0
1.0,0.97444123,2.2414963,0
1.0,0.97602594,2.2770016,0
1.0,0.9747059,2.2787006,0
1.0,0.9761321,2.2862682,0
1.0,0.97627664,2.2864857,0
1.0,0.9731217,2.2333086,0
1.0,0.96483797,2.072238,0
1.0,0.96671516,1.907387,0
1.0,0.967879,1.8776113,0
1.0,0.97142786,1.8852941,0
1.0,0.9694425,1.907794,0
1.0,0.9731213,2.0339577,0
1.0,0.9743368,2.194265,0
1.0,0.9694838,2.3867278,0
1.0,0.97021914,2.5064163,0
1.0,0.9720629,2.4156835,0
1.0,0.97350085,2.3802984,0
1.0,0.9706148,2.4177752,0
1.0,0.9711766,2.5270648,0
1.0,0.9736902,2.6281273,0
1.0,0.9756468,2.6315289,0
1.0,0.9706826,2.5974865,0
1.0,0.96460766,2.5421216,0
1.0,0.9508083,2.455208,0
1.0,0.9606268,2.2935364,0
1.0,0.9604706,2.2925205,0
1.0,0.96050555,2.2980285,0
1.0,0.9537063,2.3373,0
1.0,0.97143024,2.39011,0
1.0,0.9728875,2.3796635,0
1.0,0.9716015,2.2774467,0
1.0,0.9629695,2.2840436,0
1.0,0.9653693,2.4900608,0
1.0,0.9640101,2.749187,0
1.0,0.9663983,2.8611097,0
1.0,0.9589691,2.8617053,0
1.0,0.9625155,3.0518608,0
1.0,0.9646279,3.2108872,0
1.0,0.9638967,3.105919,0
1.0,0.9604387,2.9505813,0
1.0,0.96939194,2.9798431,0
1.0,0.97295004,3.0189795,0
1.0,0.9727904,2.992391,0
1.0,0.9673752,2.8696232,0
1.0,0.9671638,2.7455378,0
1.0,0.9640713,2.573911,0
1.0,0.96760815,2.4641244,0
1.0,0.96694213,2.4978576,0
1.0,0.9650016,2.514486,0
1.0,0.96083254,2.4894195,0
1.0,0.9668532,2.409812,0
1.0,0.96863997,2.3215218,0
1.0,0.9685791,2.3596058,0
1.0,0.9696614,2.4128065,0
1.0,0.97184384,2.38095,0
1.0,0.97210634,2.26455,0
1.0,0.9695952,2.2088253,0
1.0,0.9639986,2.169208,0
1.0,0.965888,2.167057,0
1.0,0.96643794,2.1170828,0
1.0,0.9670547,2.0964682,0
1.0,0.9669274,2.1014078,0
1.0,0.97229224,2.114726,0
1.0,0.97935677,2.141774,0
1.0,0.9803248,2.0339282,0
1.0,0.98257875,1.9258214,0
1.0,0.98471695,1.8713878,0
1.0,0.98733044,1.8439415,0
1.0,0.9861312,1.6640823,0
1.0,0.9851886,1.4719936,0
1.0,0.98326415,1.4415132,0
1.0,0.9830783,1.4406786,0
1.0,0.98018056,1.3698158,0
1.0,0.97681844,1.5404873,0
1.0,0.97521996,1.7546543,0
1.0,0.9779519,1.8664184,0
1.0,0.9786587,1.9265304,0
1.0,0.9758564,1.9339563,0
1.0,0.97752327,1.9121104,0
1.0,0.9776373,1.8512658,0
1.0,0.9795166,1.8852608,0
1.0,0.980724,1.8706837,0
1.0,0.98172265,1.8542935,0
1.0,0.98182666,1.8857391,0
1.0,0.981289,2.1007288,0
1.0,0.98163325,2.2095323,0
1.0,0.98031574,2.1633167,0
1.0,0.9786274,2.0755777,0
1.0,0.9750948,2.0512564,0
1.0,0.9738791,2.0824618,0
1.0,0.9716019,2.1477492,0
1.0,0.97136927,2.1725054,0
1.0,0.96902555,2.231639,0
1.0,0.97501695,2.3276362,0
1.0,0.9754832,2.33351,0
1.0,0.9742241,2.191369,0
1.0,0.96314484,1.9965079,0
1.0,0.9647827,1.8872414,0
1.0,0.96321416,1.9233716,0
1.0,0.9584193,1.946118,0
1.0,0.9492605,1.924115,0
1.0,0.96087503,1.9500954,0
1.0,0.9661817,1.9772704,0
1.0,0.962671,2.0180006,0
1.0,0.9620132,2.0632515,0
1.0,0.9683311,1.8767412,0
1.0,0.969175,1.6680605,0
1.0,0.9571224,1.6346612,0
1.0,0.9468911,1.6836734,0
1.0,0.95967746,1.7007024,0
1.0,0.9554308,1.6709061,0
1.0,0.94362146,1.6533291,0
1.0,0.92668647,1.6512101,0
1.0,0.94491154,1.9257956,0
1.0,0.9582613,2.2714539,0
1.0,0.9622506,2.463592,0
1.0,0.963976,2.2524004,0
1.0,0.96305305,2.041785,0
1.0,0.9622255,1.9904344,0
1.0,0.9612606,1.9950501,0
1.0,0.96211636,2.011591,0
1.0,0.9603702,1.974959,0
1.0,0.9597484,1.909997,0
1.0,0.9553863,1.9659564,0
1.0,0.95901394,2.04551,0
1.0,0.95524675,2.0868154,0
1.0,0.951684,2.12994,0
1.0,0.95197463,2.1127453,0
1.0,0.9582154,2.093215,0
1.0,0.95347065,2.0353436,0
1.0,0.9463315,2.0114884,0
1.0,0.95362496,2.1323826,0
1.0,0.9613723,2.3545148,0
1.0,0.96287996,2.6112955,0
1.0,0.96762776,2.7347217,0
1.0,0.9693573,2.7225194,0
1.0,0.9740999,2.7549345,0
1.0,0.97262514,2.8959808,0
1.0,0.9727472,3.0654993,0
1.0,0.96892,3.1736321,0
1.0,0.9736212,3.1547575,0
1.0,0.9758632,3.159932,0
1.0,0.978204,3.188812,0
1.0,0.9742955,3.1714087,0
1.0,0.97382957,3.1229033,0
1.0,0.9743868,2.8768044,0
1.0,0.97298896,2.563572,0
1.0,0.9675533,2.3636796,0
1.0,0.97147816,2.5455644,0
1.0,0.96870965,3.0457878,0
1.0,0.9670495,3.6384878,0
1.0,0.9676146,4.0402126,0
1.0,0.9693142,4.1058273,0
1.0,0.97031087,4.109646,0
1.0,0.9715503,4.128308,0
1.0,0.96821576,4.067772,0
1.0,0.97010744,3.9293365,0
1.0,0.9643877,3.9262927,0
1.0,0.9603715,4.218828,0
1.0,0.94645983,4.4595766,0
1.0,0.9431711,4.5994096,0
1.0,0.9482389,4.7537766,0
1.0,0.9467047,4.7658567,0
1.0,0.93264806,4.5920625,0
1.0,0.93062055,4.3853426,0
1.0,0.946006,4.220389,0
1.0,0.95373267,4.253562,0
1.0,0.94258934,4.4043493,0
1.0,0.9442455,4.4792128,0
1.0,0.9514069,4.395072,0
1.0,0.95700103,4.2525573,0
1.0,0.94101346,3.9921026,0
1.0,0.94244325,3.882836,0
1.0,0.9504348,3.8826532,0
1.0,0.9577657,3.875812,0
1.0,0.94734186,3.8502908,0
1.0,0.9516377,3.833447,0
1.0,0.9626842,3.9527826,0
1.0,0.968857,4.25244,0
1.0,0.96618474,4.5474443,0
1.0,0.96830755,4.6034575,0
1.0,0.9735903,4.1886377,0
1.0,0.9767445,3.6274722,0
1.0,0.9765361,3.280501,0
1.0,0.9776945,3.3131447,0
1.0,0.9762354,3.4753845,0
1.0,0.97486997,3.5540726,0
1.0,0.97573054,3.5663743,0
1.0,0.97796214,3.6286302,0
1.0,0.9788123,3.4856763,0
1.0,0.97433347,3.0929866,0
1.0,0.97213364,2.8657033,0
1.0,0.971018,2.8342931,0
1.0,0.9721439,2.8153841,0
1.0,0.9732838,2.7689915,0
1.0,0.97421277,2.7601256,0
1.0,0.97229385,2.749363,0
1.0,0.9699756,2.7005205,0
1.0,0.9715939,2.582989,0
1.0,0.97278756,2.392865,0
1.0,0.9728458,2.263461,0
1.0,0.97476053,2.3655372,0
1.0,0.97636855,2.7267158,0
1.0,0.9769314,3.0848358,0
1.0,0.97903293,3.3110495,0
1.0,0.97929364,3.4275959,0
1.0,0.9823877,3.5089917,0
1.0,0.98083854,3.5046654,0
1.0,0.98090345,3.4774814,0
1.0,0.9779971,3.4268737,0
1.0,0.97915316,3.2656763,0
1.0,0.9729551,2.940606,0
1.0,0.9715683,2.681707,0
1.0,0.9645479,2.6044848,0
1.0,0.96492606,2.6411686,0
1.0,0.9534134,2.6476746,0
1.0,0.9477688,2.608704,0
1.0,0.94641906,2.523323,0
1.0,0.9500564,2.5789015,0
1.0,0.96082705,2.7917764,0
1.0,0.9606022,2.8823044,0
1.0,0.96483487,2.8902724,0
1.0,0.9701849,2.9301429,0
1.0,0.9697547,2.8685274,0
1.0,0.95816463,2.7607882,0
1.0,0.95842564,2.7069192,0
1.0,0.9516939,2.7114992,0
1.0,0.96070147,2.8191092,0
1.0,0.9525319,2.8132846,0
1.0,0.95569795,2.832959,0
1.0,0.95195484,2.8489118,0
1.0,0.96126115,2.8783839,0
1.0,0.94780093,2.8662186,0
1.0,0.94355005,2.8556452,0
1.0,0.9371105,2.7474604,0
1.0,0.9552761,2.6146922,0
1.0,0.9419596,2.3981833,0
1.0,0.9524611,2.3165836,0
1.0,0.9560153,2.2685907,0
1.0,0.9724946,2.3582377,0
1.0,0.96290094,2.4179428,0
1.0,0.9645774,2.3862798,0
1.0,0.96181095,2.3016474,0
1.0,0.96953493,2.3760016,0
1.0,0.96585023,2.4380856,0
1.0,0.9697409,2.5458004,0
1.0,0.9613275,2.496583,0
1.0,0.971981,2.422114,0
1.0,0.97156006,2.3442602,0
1.0,0.9722802,2.26272,0
1.0,0.97287774,2.11552,0
1.0,0.97772104,1.9154669,0
1.0,0.9728308,1.8609686,0
1.0,0.97486395,2.0150342,0
1.0,0.97901183,2.0622482,0
1.0,0.9805494,2.0678396,0
1.0,0.9769438,2.0153134,0
1.0,0.9777809,1.9407563,0
1.0,0.97574097,1.9216223,0
1.0,0.97476757,2.048112,0
1.0,0.97427297,2.2221625,0
1.0,0.97921103,2.3049667,0
1.0,0.9816414,2.2698834,0
1.0,0.9780285,2.2499628,0
1.0,0.9763277,2.26116,0
1.0,0.9763796,2.1195726,0
1.0,0.97717404,1.8970082,0
1.0,0.970565,1.8871559,0
1.0,0.9719391,2.2449455,0
1.0,0.9711509,2.655375,0
1.0,0.9777339,2.7291982,0
1.0,0.97810555,2.6767225,0
1.0,0.9756599,2.5886111,0
1.0,0.9734534,2.5708814,0
1.0,0.9753611,2.5309763,0
1.0,0.9741707,2.4561312,0
1.0,0.9697729,2.388947,0
1.0,0.9658334,2.318863,0
1.0,0.9589545,2.34055,0
1.0,0.95731676,2.3684988,0
1.0,0.95853734,2.4381073,0
1.0,0.9567267,2.4502919,0
1.0,0.95752376,2.453401,0
1.0,0.9614702,2.4757442,0
1.0,0.95650816,2.3856854,0
1.0,0.95316315,2.2355585,0
1.0,0.9612454,2.1910262,0
1.0,0.9674558,2.221016,0
1.0,0.96293473,2.2108283,0
1.0,0.9564744,2.252947,0
1.0,0.9494774,2.2789621,0
1.0,0.9577129,2.1862679,0
1.0,0.9610678,2.05837,0
1.0,0.9665341,2.0895007,0
1.0,0.9652704,2.295728,0
1.0,0.97240746,2.3791914,0
1.0,0.9751217,2.3225207,0
1.0,0.9739982,2.3393884,0
1.0,0.9762429,2.3620317,0
1.0,0.9769891,2.186942,0
1.0,0.97591805,1.8204277,0
1.0,0.96600926,1.4167112,0
1.0,0.9695612,1.4135575,0
1.0,0.9701864,1.492883,0
1.0,0.9650872,1.5522063,0
1.0,0.9594404,1.59879,0
1.0,0.95910317,1.6186111,0
1.0,0.96492773,1.6220245,0
1.0,0.967458,1.645611,0
1.0,0.9654747,1.6079264,0
1.0,0.96392596,1.5451689,0
1.0,0.96766305,1.5169729,0
1.0,0.9726341,1.4989526,0
1.0,0.96979225,1.5818172,0
1.0,0.96678925,1.7283287,0
1.0,0.96691006,1.7737454,0
1.0,0.96127295,1.7833412,0
1.0,0.95608777,1.7723975,0
1.0,0.95575815,1.7767031,0
1.0,0.9658115,1.7722166,0
1.0,0.964774,1.7707222,0
1.0,0.9646825,1.7049706,0
1.0,0.9652942,1.6238313,0
1.0,0.9770792,1.6139691,0
1.0,0.97504586,1.7218497,0
1.0,0.9776463,1.8189745,0
1.0,0.9750572,1.6575253,0
1.0,0.97875094,1.5747821,0
1.0,0.9720095,1.5617318,0
1.0,0.9651604,1.5332105,0
1.0,0.95680076,1.4872243,0
1.0,0.9650299,1.5537062,0
1.0,0.9597004,1.5649786,0
1.0,0.96556205,1.6148038,0
1.0,0.96545917,1.6386793,0
1.0,0.97195846,1.619422,0
1.0,0.96776026,1.5448303,0
1.0,0.9742054,1.4960976,0
1.0,0.9727298,1.4838121,0
1.0,0.9739624,1.5942729,0
1.0,0.97237915,1.7114133,0
1.0,0.97774404,1.7417048,0
1.0,0.97780484,1.7362151,0
1.0,0.97254556,1.7401776,0
1.0,0.97046554,1.6910152,0
1.0,0.9733084,1.6152138,0
1.0,0.97245854,1.5528615,0
1.0,0.96632886,1.533819,0
1.0,0.96422887,1.5517197,0
1.0,0.9722854,1.5850476,0
1.0,0.9647191,1.5718753,0
1.0,0.9635237,1.5817277,0
1.0,0.96248287,1.5773413,0
1.0,0.9757472,1.605035,0
1.0,0.9761302,1.5978941,0
1.0,0.97170043,1.6576409,0
1.0,0.968038,1.714375,0
1.0,0.97823435,1.5942085,0
1.0,0.97375476,1.5273633,0
1.0,0.96088403,1.5113297,0
1.0,0.9562072,1.5237068,0
1.0,0.9647158,1.5552394,0
1.0,0.9553786,1.5321815,0
1.0,0.94414806,1.507597,0
1.0,0.9465507,1.5206785,0
1.0,0.9658333,1.5483313,0
1.0,0.95789135,1.4670687,0
1.0,0.957759,1.4202859,0
1.0,0.9650347,1.4312217,0
1.0,0.9752245,1.4744178,0
1.0,0.9684203,1.4818618,0
1.0,0.96309525,1.4254322,0
1.0,0.9673899,1.3762364,0
1.0,0.9748351,1.3976933,0
1.0,0.9741663,1.4112678,0
1.0,0.9663404,1.3989962,0
1.0,0.97341543,1.4134823,0
1.0,0.9776658,1.4095876,0
1.0,0.97194606,1.3911915,0
1.0,0.9594766,1.4442451,0
1.0,0.97120756,1.5619352,0
1.0,0.9751952,1.5944118,0
1.0,0.9728416,1.5824686,0
1.0,0.9690479,1.5629461,0
1.0,0.97733206,1.5830537,0
1.0,0.9800938,1.6412969,0
1.0,0.9790789,1.7431526,0
1.0,0.97340494,1.667774,0
1.0,0.98018354,1.4998429,0
1.0,0.9795488,1.4443325,0
1.0,0.97643846,1.4364872,0
1.0,0.9744074,1.422884,0
1.0,0.97954035,1.411922,0
1.0,0.98327684,1.392462,0
1.0,0.9808894,1.4243932,0
1.0,0.9779875,1.6314161,0
1.0,0.9832129,1.7255168,0
1.0,0.9829911,1.6780018,0
1.0,0.98145777,1.6628578,0
1.0,0.9777405,1.6644409,0
1.0,0.981016,1.7038424,0
1.0,0.9796029,1.6911702,0
1.0,0.9743603,1.6440772,0
1.0,0.97318846,1.593921,0
1.0,0.9767229,1.5971513,0
1.0,0.9763584,1.7461205,0
1.0,0.97594357,1.8250142,0
1.0,0.973396,1.8364452,0
1.0,0.976537,1.890452,0
1.0,0.9764689,1.9227152,0
1.0,0.97203976,1.882577,0
1.0,0.96973544,1.8340187,0
1.0,0.97183776,1.7587643,0
1.0,0.97667193,1.7455893,0
1.0,0.97628057,1.7656007,0
1.0,0.9762666,1.7846334,0
1.0,0.9765168,1.7846287,0
1.0,0.9799287,1.7489655,0
1.0,0.9779025,1.6693176,0
1.0,0.9753474,1.6145492,0
1.0,0.9744933,1.6169432,0
1.0,0.9744503,1.8303733,0
1.0,0.9747087,2.0234847,0
1.0,0.97483575,2.1100807,0
1.0,0.9789084,2.2261398,0
1.0,0.98139966,2.2541323,0
1.0,0.98394936,2.1914392,0
1.0,0.9788381,1.9140472,0
1.0,0.9779914,1.7538362,0
1.0,0.979126,1.7354803,0
1.0,0.97908336,1.825148,0
1.0,0.97641164,1.9361758,0
1.0,0.97758,1.974518,0
1.0,0.9771363,1.9993784,0
1.0,0.9765479,2.1149714,0
1.0,0.97481537,2.2695935,0
1.0,0.9755897,2.3692102,0
1.0,0.9776462,2.3937337,0
1.0,0.97797614,2.3064466,0
1.0,0.97608364,2.274895,0
1.0,0.97654176,2.2309284,0
1.0,0.9753632,2.203325,0
1.0,0.97462195,2.1741054,0
1.0,0.97073674,2.081069,0
1.0,0.97160137,2.0437129,0
1.0,0.968542,2.1287804,0
1.0,0.9672831,2.1641903,0
1.0,0.9580952,2.1213818,0
1.0,0.9671327,2.1384053,0
1.0,0.9709179,2.1814861,0
1.0,0.96283615,2.2966578,0
1.0,0.9599788,2.5280838,0
1.0,0.9724008,2.8637614,0
1.0,0.9781667,2.7784162,0
1.0,0.9772132,2.5834599,0
1.0,0.96974593,2.4801338,0
1.0,0.9727262,2.402787,0
1.0,0.96630746,2.3701425,0
1.0,0.95998347,2.388139,0
1.0,0.94881284,2.5047035,0
1.0,0.95552355,2.6605864,0
1.0,0.9601131,2.8067975,0
1.0,0.96486723,2.824316,0
1.0,0.95706964,2.6827247,0
1.0,0.9664769,2.6450095,0
1.0,0.97066766,2.6220188,0
1.0,0.96313894,2.5128057,0
1.0,0.9556923,2.3242428,0
1.0,0.962372,2.1494818,0
1.0,0.9668036,1.9529576,0
1.0,0.9525737,1.9267311,0
1.0,0.94153893,1.9443313,0
1.0,0.94303507,2.0497985,0
1.0,0.95606565,2.2036147,0
1.0,0.960184,2.4524765,0
1.0,0.9660633,2.6966667,0
1.0,0.9674721,2.6945002,0
1.0,0.9729978,2.5938034,0
1.0,0.972973,2.5502481,0
1.0,0.9730977,2.6705847,0
1.0,0.97514504,2.6808095,0
1.0,0.97888595,2.677597,0
1.0,0.97373587,2.5455391,0
1.0,0.9697261,2.4333746,0
1.0,0.9674348,2.1947243,0
1.0,0.97152877,2.1248322,0
1.0,0.97075504,2.1415834,0
1.0,0.96895176,2.1415873,0
1.0,0.9668801,2.12758,0
1.0,0.9703972,2.1729937,0
1.0,0.96728456,2.2496696,0
1.0,0.9630999,2.2721324,0
1.0,0.9656975,2.2513406,0
1.0,0.9725953,2.1887367,0
1.0,0.97533643,2.1012845,0
1.0,0.9729899,2.0933595,0
1.0,0.9716789,2.0921006,0
1.0,0.97264165,2.1270723,0
1.0,0.97133565,2.1650195,0
1.0,0.96816605,2.2833998,0
1.0,0.97444427,2.4989529,0
1.0,0.9808185,2.6826725,0
1.0,0.9807794,2.737905,0
1.0,0.9810346,2.6858597,0
1.0,0.9838585,2.6082513,0
1.0,0.983207,2.4605973,0
1.0,0.9824097,2.2037756,0
1.0,0.98061246,1.9467336,0
1.0,0.9822244,1.9235202,0
1.0,0.9791676,2.0149481,0
1.0,0.97667855,2.1880915,0
1.0,0.97770375,2.2033525,0
1.0,0.9805557,2.347032,0
1.0,0.9811421,2.4455016,0
1.0,0.9801398,2.4515057,0
1.0,0.9793945,2.3437185,0
1.0,0.97877824,2.228961,0
1.0,0.9785413,2.190649,0
1.0,0.97889155,2.1709309,0
1.0,0.97992146,2.170008,0
1.0,0.9802742,2.1816034,0
1.0,0.97989917,2.1400611,0
1.0,0.97877115,2.0192163,0
1.0,0.9775139,1.8776009,0
1.0,0.976597,1.9066997,0
1.0,0.9754454,2.1493974,0
1.0,0.9776628,2.4454856,0
1.0,0.97999865,2.6392057,0
1.0,0.9801365,2.6979928,0
1.0,0.9814291,2.683813,0
1.0,0.9830481,2.724684,0
1.0,0.9838585,2.791179,0
1.0,0.9815555,2.703741,0
1.0,0.9807571,2.5845633,0
1.0,0.9805393,2.5381737,0
1.0,0.9777297,2.5548298,0
1.0,0.9738834,2.5580006,0
1.0,0.96989125,2.5591938,0
1.0,0.9711415,2.5497885,0
1.0,0.9704184,2.5847597,0
1.0,0.9723618,2.7137685,0
1.0,0.9758173,2.795382,0
1.0,0.9768662,2.6243916,0
1.0,0.97091514,2.4804518,0
1.0,0.9670077,2.3348079,0
1.0,0.968525,2.2398896,0
1.0,0.9689288,2.3124332,0
1.0,0.9647597,2.4590516,0
1.0,0.95970654,2.5408282,0
1.0,0.9671573,2.6554253,0
1.0,0.9727779,2.7487633,0
1.0,0.96473765,2.7570915,0
1.0,0.97308975,2.775032,0
1.0,0.9742536,2.7769008,0
1.0,0.9776724,2.782556,0
1.0,0.97135776,2.7344117,0
1.0,0.9743715,2.7064667,0
1.0,0.9695264,2.5074673,0
1.0,0.97717655,2.3173246,0
1.0,0.96877193,2.2411864,0
1.0,0.971431,2.3204975,0
1.0,0.96930367,2.3469124,0
1.0,0.9755299,2.2798471,0
1.0,0.96365666,2.087039,0
1.0,0.9681391,2.0402272,0
1.0,0.9638048,2.102184,0
1.0,0.9710137,2.257936,0
1.0,0.97197807,2.29978,0
1.0,0.9793259,2.312825,0
1.0,0.9807622,2.3660083,0
1.0,0.98306584,2.4070904,0
1.0,0.9786107,2.390365,0
1.0,0.98133826,2.321283,0
1.0,0.976319,2.1576715,0
1.0,0.97816306,2.150064,0
1.0,0.97597325,2.195806,0
1.0,0.97815543,2.2719226,0
1.0,0.9723498,2.2551103,0
1.0,0.97657907,2.1708589,0
1.0,0.9749885,2.036901,0
1.0,0.9786927,2.0575533,0
1.0,0.972818,2.0637295,0
1.0,0.9749025,2.0453517,0
1.0,0.9727586,2.0201406,0
1.0,0.9768985,2.0109599,0
1.0,0.97085243,1.9961327,0
1.0,0.97451144,2.0442526,0
1.0,0.9713495,2.0636525,0
1.0,0.9748068,2.0266707,0
1.0,0.9739644,2.0698156,0
1.0,0.97655404,2.2102551,0
1.0,0.9721286,2.303701,0
1.0,0.97490543,2.223231,0
1.0,0.97299826,2.1845555,0
1.0,0.9734837,2.1851845,0
1.0,0.9676041,2.1451046,0
1.0,0.96898246,2.1647165,0
1.0,0.9648901,2.1115346,0
1.0,0.96788335,1.9753447,0
1.0,0.96263045,1.9254186,0
1.0,0.9667495,2.002402,0
1.0,0.9623399,2.073181,0
1.0,0.964477,2.225905,0
1.0,0.96358705,2.368563,0
1.0,0.9693721,2.412469,0
1.0,0.9669143,2.4214575,0
1.0,0.96859187,2.457833,0
1.0,0.9705046,2.4740047,0
1.0,0.9716481,2.4283621,0
1.0,0.97159576,2.4048252,0
1.0,0.9691132,2.3895311,0
1.0,0.96626097,2.353487,0
1.0,0.96863246,2.2750387,0
1.0,0.9651132,2.1611018,0
1.0,0.9600232,2.1104078,0
1.0,0.9557455,2.1394553,0
1.0,0.9635961,2.3289218,0
1.0,0.96206045,2.5402994,0
1.0,0.9663418,2.6754184,0
1.0,0.9720133,2.833086,0
1.0,0.97697234,2.9117198,0
1.0,0.9764282,2.768878,0
1.0,0.9771196,2.5605555,0
1.0,0.979007,2.3258834,0
1.0,0.98077524,2.2894375,0
1.0,0.97966856,2.2696862,0
1.0,0.979673,2.3175097,0
1.0,0.9788143,2.4099562,0
1.0,0.97892076,2.4132705,0
1.0,0.9780968,2.358901,0
1.0,0.97448593,2.330484,0
1.0,0.97010225,2.3052392,0
1.0,0.9741742,2.2296197,0
1.0,0.97348285,2.0939946,0
1.0,0.97405463,1.9212453,0
1.0,0.9719097,1.9942842,0
1.0,0.97582924,2.413336,0
1.0,0.978567,2.6985981,0
1.0,0.97868437,2.7404141,0
1.0,0.98023224,2.680035,0
1.0,0.97865504,2.6526673,0
1.0,0.9749273,2.6390495,0
1.0,0.9700416,2.5976481,0
1.0,0.9723254,2.5803459,0
1.0,0.97210974,2.7529829,0
1.0,0.9720658,3.0395784,0
1.0,0.96749395,3.1670442,0
1.0,0.9712058,3.1484976,0
1.0,0.970199,2.974401,0
1.0,0.965886,2.7506704,0
1.0,0.95622736,2.5792716,0
1.0,0.96069556,2.5660768,0
1.0,0.957156,2.7796593,0
1.0,0.9542135,3.201692,0
1.0,0.95801145,3.5505707,0
1.0,0.9674901,3.6284409,0
1.0,0.9677546,3.6306982,0
1.0,0.9568025,3.6524763,0
1.0,0.94602865,3.6263015,0
1.0,0.9588325,3.556888,0
1.0,0.9603811,3.5894399,0
1.0,0.95366204,3.7775002,0
1.0,0.9334458,3.9434717,0
1.0,0.93783736,4.0481954,0
1.0,0.9555699,4.090663,0
1.0,0.95625466,4.11043,0
1.0,0.946292,4.1830716,0
1.0,0.9481178,4.0135407,0
1.0,0.9591316,3.5985694,0
1.0,0.9586883,3.3310437,0
1.0,0.94507015,3.2804465,0
1.0,0.94394714,3.4346387,0
1.0,0.9547936,3.6688108,0
1.0,0.96236813,3.7714906,0
1.0,0.9495242,3.740189,0
1.0,0.9503209,3.7282648,0
1.0,0.9599045,3.6081207,0
1.0,0.9639591,3.324348,0
1.0,0.9573794,3.1617014,0
1.0,0.96348256,3.1817048,0
1.0,0.97000575,3.2050457,0
1.0,0.97306925,3.2524467,0
1.0,0.96999884,3.3469646,0
1.0,0.9671408,3.2472432,0
1.0,0.96507674,2.950769,0
1.0,0.9736528,2.5550585,0
1.0,0.9724763,2.2417812,0
1.0,0.9745919,2.3062582,0
1.0,0.96320987,2.4061258,0
1.0,0.9696797,2.4555721,0
1.0,0.96883214,2.4458275,0
1.0,0.9715076,2.5388498,0
1.0,0.96413666,2.5049481,0
1.0,0.96545905,2.3109846,0
1.0,0.9633222,2.1050222,0
1.0,0.9683452,2.0259795,0
1.0,0.9616851,2.0375054,0
1.0,0.9654601,2.1144013,0
1.0,0.96656287,2.118426,0
1.0,0.9703822,2.1559284,0
1.0,0.9691674,2.153287,0
1.0,0.97261196,2.1201649,0
1.0,0.9682594,2.0455637,0
1.0,0.96773773,1.9047391,0
1.0,0.96802026,1.7343291,0
1.0,0.97255254,1.749472,0
1.0,0.9709798,1.8358994,0
1.0,0.97822285,1.9007643,0
1.0,0.9778928,1.9090897,0
1.0,0.9749308,1.9260032,0
1.0,0.9743129,1.959168,0
1.0,0.97683,1.9969826,0
1.0,0.9764222,2.032899,0
1.0,0.9711627,2.0957673,0
1.0,0.97182083,2.1650658,0
1.0,0.9757243,2.2700062,0
1.0,0.97813326,2.2757862,0
1.0,0.9761999,2.2283108,0
1.0,0.9769234,2.1988697,0
1.0,0.9786887,2.0882773,0
1.0,0.9814401,1.9564228,0
1.0,0.9793016,1.8974329,0
1.0,0.9785178,1.9169567,0
1.0,0.97818595,1.9840012,0
1.0,0.9824484,2.051938,0
1.0,0.9802932,2.04632,0
1.0,0.97966605,2.0365918,0
1.0,0.98050445,2.0317125,0
1.0,0.98349977,2.0262072,0
1.0,0.97854817,2.0029843,0
1.0,0.9772629,2.06987,0
1.0,0.9773769,2.2150173,0
1.0,0.9807026,2.3333333,0
1.0,0.9786254,2.4065375,0
1.0,0.97767067,2.4761238,0
1.0,0.976717,2.5406375,0
1.0,0.9807406,2.6822424,0
1.0,0.97885466,2.785481,0
1.0,0.9766465,2.751267,0
1.0,0.9755259,2.7029834,0
1.0,0.9806507,2.6654792,0
1.0,0.9820562,2.6393762,0
1.0,0.9806904,2.6008654,0
1.0,0.98077434,2.5460067,0
1.0,0.98374635,2.5094686,0
1.0,0.98252857,2.4128017,0
1.0,0.9812882,2.2950826,0
1.0,0.98042506,2.1810493,0
1.0,0.9813091,2.1934159,0
1.0,0.97663397,2.2683475,0
1.0,0.9782427,2.389881,0
1.0,0.98091483,2.5375152,0
1.0,0.98331004,2.616081,0
1.0,0.9830184,2.5994349,0
1.0,0.983579,2.5316544,0
1.0,0.981942,2.3898435,0
1.0,0.98131186,2.292407,0
1.0,0.9803892,2.4060822,0
1.0,0.9806621,2.4692965,0
1.0,0.98147476,2.4760509,0
1.0,0.980864,2.5017848,0
1.0,0.9784424,2.4975169,0
1.0,0.9766741,2.4207778,0
1.0,0.9795267,2.3311987,0
1.0,0.9820671,2.2734594,0
1.0,0.980588,2.2774181,0
1.0,0.9806207,2.3553138,0
1.0,0.9796504,2.3943887,0
1.0,0.9801585,2.2481318,0
1.0,0.9811576,2.0555482,0
1.0,0.98185617,1.9886525,0
1.0,0.9812533,1.9605263,0
1.0,0.98175496,1.9833115,0
1.0,0.9803223,2.1254184,0
1.0,0.98117125,2.2288532,0
1.0,0.9811086,2.258608,0
1.0,0.9803073,2.2879689,0
1.0,0.97781897,2.2852492,0
1.0,0.97973,2.2191145,0
1.0,0.9811751,2.1750598,0
1.0,0.979571,2.121047,0
1.0,0.9765667,2.053671,0
1.0,0.97554046,2.008799,0
1.0,0.9779522,1.9981848,0
1.0,0.9780588,1.9858844,0
1.0,0.97642696,2.0096393,0
1.0,0.9748673,2.011056,0
1.0,0.9784636,2.026915,0
1.0,0.9734755,2.14365,0
1.0,0.97291225,2.2313929,0
1.0,0.97379196,2.276608,0
1.0,0.979958,2.3010972,0
1.0,0.980888,2.2513146,0
1.0,0.9787845,2.1856945,0
1.0,0.9754048,2.0654469,0
1.0,0.9826833,2.027192,0
1.0,0.97780585,2.1596515,0
1.0,0.97691613,2.2342308,0
1.0,0.974415,2.0993452,0
1.0,0.9770288,1.9805735,0
1.0,0.9673623,1.9840523,0
1.0,0.97089493,2.0037162,0
1.0,0.9647977,1.9959679,0
1.0,0.9739643,2.051764,0
1.0,0.9697231,2.1107817,0
1.0,0.9730821,2.0761206,0
1.0,0.9680365,2.0148804,0
1.0,0.9762161,2.092578,0
1.0,0.9710925,2.07829,0
1.0,0.9680034,2.0777836,0
1.0,0.962752,2.0975156,0
1.0,0.9617386,2.1191216,0
1.0,0.95369023,2.2914448,0
1.0,0.9568397,2.6408691,0
1.0,0.96010673,2.824871,0
1.0,0.96809185,2.7862191,0
1.0,0.9693484,2.7666445,0
1.0,0.967172,2.7809243,0
1.0,0.9687557,2.7899663,0
1.0,0.9610903,2.7583153,0
1.0,0.95951676,2.585535,0
1.0,0.9606164,2.355445,0
1.0,0.96118915,2.3236616,0
1.0,0.963324,2.4407766,0
1.0,0.9621731,2.4719958,0
1.0,0.967581,2.4830363,0
1.0,0.96716833,2.4984012,0
1.0,0.9662189,2.406918,0
1.0,0.96519285,2.1913602,0
1.0,0.9652964,2.0341692,0
1.0,0.9678583,2.0166252,0
1.0,0.9606877,1.9961767,0
1.0,0.9628206,1.9645207,0
1.0,0.9604256,1.9720874,0
1.0,0.9692434,2.0097704,0
1.0,0.96855944,1.9838037,0
1.0,0.96824586,1.8996118,0
1.0,0.96599656,1.8254367,0
1.0,0.9701036,1.8205025,0
1.0,0.97016746,1.7749218,0
1.0,0.969838,1.8051383,0
1.0,0.9719215,1.9204046,0
1.0,0.9711194,2.0666971,0
1.0,0.97368425,2.1204093,0
1.0,0.97441983,1.9707958,0
1.0,0.9729111,1.6766405,0
1.0,0.9710245,1.481131,0
1.0,0.97099686,1.445389,0
1.0,0.9731121,1.4191835,0
1.0,0.97385275,1.3613539,0
1.0,0.97594905,1.3725879,0
1.0,0.9754156,1.4325507,0
1.0,0.9757456,1.4671257,0
1.0,0.97633743,1.4898269,0
1.0,0.97586787,1.4234889,0
1.0,0.9698491,1.2772671,0
1.0,0.9688335,1.2429883,0
1.0,0.97008866,1.2673037,0
1.0,0.97316825,1.2975157,0
1.0,0.9667351,1.2708435,0
1.0,0.9627829,1.244952,0
1.0,0.95572996,1.2461107,0
1.0,0.9547779,1.2675543,0
1.0,0.93286103,1.2772541,0
1.0,0.9337289,1.3643792,0
1.0,0.93878454,1.4535921,0
1.0,0.96038073,1.5878798,0
1.0,0.95598316,1.6729765,0
1.0,0.9576913,1.7174698,0
1.0,0.9652614,1.7908008,0
1.0,0.9732483,1.9170066,0
1.0,0.9646651,1.9531767,0
1.0,0.96009564,1.987357,0
1.0,0.9607509,1.9434289,0
1.0,0.9687838,1.8981081,0
1.0,0.9541838,1.8335795,0
1.0,0.9506442,1.7705708,0
1.0,0.9541349,1.6888833,0
1.0,0.9661392,1.6438458,0
1.0,0.9667946,1.620792,0
1.0,0.9660909,1.6229343,0
1.0,0.96864825,1.7413528,0
1.0,0.9726628,1.9535806,0
1.0,0.9755104,2.1208909,0
1.0,0.973383,2.237628,0
1.0,0.9779259,2.2765152,0
1.0,0.9821768,2.304103,0
1.0,0.98376393,2.3093371,0
1.0,0.98232436,2.2987149,0
1.0,0.9825623,2.270841,0
1.0,0.9808132,2.2877092,0
1.0,0.97908235,2.4189296,0
1.0,0.9771573,2.6733422,0
1.0,0.97612745,2.8042557,0
1.0,0.9753602,2.9045353,0
1.0,0.9739543,2.9722705,0
1.0,0.9735179,2.9086227,0
1.0,0.9744571,2.802693,0
1.0,0.975447,2.6940787,0
1.0,0.97706056,2.5874615,0
1.0,0.9807478,2.5354104,0
1.0,0.9802742,2.4522157,0
1.0,0.98077583,2.361772,0
1.0,0.98129624,2.2975001,0
1.0,0.98175514,2.2074049,0
1.0,0.97807753,2.1476173,0
1.0,0.9765562,2.10816,0
1.0,0.97645956,2.1585917,0
1.0,0.978526,2.3324475,0
1.0,0.9774884,2.5141642,0
1.0,0.97895914,2.6458921,0
1.0,0.9782085,2.6942143,0
1.0,0.98143137,2.7154593,0
1.0,0.98338103,2.6145504,0
1.0,0.98275065,2.381601,0
1.0,0.98071665,2.1449594,0
1.0,0.97960335,2.0325963,0
1.0,0.9787553,2.1163237,0
1.0,0.97936946,2.2044814,0
1.0,0.9802373,2.3064253,0
1.0,0.9825682,2.3937109,0
1.0,0.98358786,2.393376,0
1.0,0.9839888,2.3313286,0
1.0,0.9846875,2.205381,0
1.0,0.98508424,1.973724,0
1.0,0.98453933,1.9362283,0
1.0,0.9842131,2.1299417,0
1.0,0.98493075,2.2393732,0
1.0,0.98496187,2.284942,0
1.0,0.9840798,2.33927,0
1.0,0.98249924,2.3761864,0
1.0,0.98205805,2.3916483,0
1.0,0.9797325,2.4079173,0
1.0,0.97834796,2.459958,0
1.0,0.9766524,2.4340086,0
1.0,0.9799468,2.4145586,0
1.0,0.9820226,2.4534264,0
1.0,0.9801588,2.4726043,0
1.0,0.9759971,2.4275544,0
1.0,0.9768595,2.3498626,0
1.0,0.9778146,2.1894157,0
1.0,0.9770402,2.0078256,0
1.0,0.9738807,1.8890452,0
1.0,0.9747079,1.9332777,0
1.0,0.97602355,2.1032572,0
1.0,0.97933286,2.4324768,0
1.0,0.98047936,2.726508,0
1.0,0.98288226,2.8241937,0
1.0,0.9842753,2.834566,0
1.0,0.98407346,2.7097783,0
1.0,0.98151416,2.584534,0
1.0,0.97940606,2.560762,0
1.0,0.97872126,2.6429486,0
1.0,0.9779284,2.7252328,0
1.0,0.9778562,2.7882514,0
1.0,0.977759,2.796864,0
1.0,0.9754735,2.7710133,0
1.0,0.97121364,2.674707,0
1.0,0.96949446,2.3869956,0
1.0,0.97065455,2.1714737,0
1.0,0.9706944,2.1326587,0
1.0,0.97122407,2.2196822,0
1.0,0.9730934,2.2974124,0
1.0,0.97361755,2.353466,0
1.0,0.97244996,2.4467373,0
1.0,0.9726461,2.595508,0
1.0,0.976606,2.8459198,0
1.0,0.97723573,2.996418,0
1.0,0.9764889,3.0197983,0
1.0,0.97317255,3.007377,0
1.0,0.97735924,2.9998307,0
1.0,0.97828925,2.9887552,0
1.0,0.9785446,2.9827623,0
1.0,0.9784268,2.977497,0
1.0,0.98114187,2.9714034,0
1.0,0.97977054,2.960251,0
1.0,0.9792971,3.0753462,0
1.0,0.97746664,3.180409,0
1.0,0.97597075,3.1656017,0
1.0,0.97620016,3.1589394,0
1.0,0.97619706,3.0982807,0
1.0,0.9763593,3.0811555,0
1.0,0.9758414,3.0851448,0
1.0,0.97516996,3.0195332,0
1.0,0.97298086,2.9287143,0
1.0,0.9702157,2.9921198,0
1.0,0.9671244,3.1984615,0
1.0,0.9638614,3.334868,0
1.0,0.9641414,3.4303749,0
1.0,0.96216327,3.470605,0
1.0,0.957998,3.4811194,0
1.0,0.9589302,3.5451584,0
1.0,0.9634465,3.5706282,0
1.0,0.96638775,3.4915385,0
1.0,0.963686,3.4320583,0
1.0,0.9672908,3.4126148,0
1.0,0.9709534,3.3524733,0
1.0,0.96862507,3.1709218,0
1.0,0.95516646,2.8811586,0
1.0,0.9484476,2.765823,0
1.0,0.9524886,2.7755337,0
1.0,0.94857454,2.7397866,0
1.0,0.9361657,2.736095,0
1.0,0.93653464,2.819141,0
1.0,0.9487001,3.031589,0
1.0,0.9539078,3.2812133,0
1.0,0.9584597,3.5091243,0
1.0,0.96827734,3.607254,0
1.0,0.9744499,3.3687592,0
1.0,0.9723789,2.9561934,0
1.0,0.97027314,2.7612982,0
1.0,0.97026205,2.748691,0
1.0,0.96968955,2.7874513,0
1.0,0.9643803,2.8093674,0
1.0,0.9582751,2.788149,0
1.0,0.9595877,2.7790997,0
1.0,0.9561351,2.7472153,0
1.0,0.9504907,2.66325,0
1.0,0.9506327,2.4883265,0
1.0,0.9562056,2.406353,0
1.0,0.9612527,2.4041114,0
1.0,0.96163154,2.455524,0
1.0,0.96476704,2.561788,0
1.0,0.969773,2.6701682,0
1.0,0.97140986,2.6543894,0
1.0,0.9733376,2.6081152,0
1.0,0.97486275,2.5500684,0
1.0,0.97684526,2.5385253,0
1.0,0.97886103,2.5410013,0
1.0,0.97612816,2.6085856,0
1.0,0.9783498,2.7507334,0
1.0,0.9798994,2.8099408,0
1.0,0.98179114,2.8073115,0
1.0,0.9799912,2.7722237,0
1.0,0.9810946,2.7333918,0
1.0,0.98191833,2.6953588,0
1.0,0.9810579,2.6024456,0
1.0,0.9774366,2.4861414,0
1.0,0.9793337,2.3911471,0
1.0,0.98149693,2.2621052,0
1.0,0.9832344,2.2207644,0
1.0,0.9798078,2.182294,0
1.0,0.97766507,2.11584,0
1.0,0.97817403,2.1130528,0
1.0,0.97751117,2.1460648,0
1.0,0.9758009,2.1806815,0
1.0,0.9779117,2.2869518,0
1.0,0.98014086,2.434513,0
1.0,0.98172003,2.5096388,0
1.0,0.9811669,2.450939,0
1.0,0.9825586,2.3785038,0
1.0,0.9849576,2.4083455,0
1.0,0.98291105,2.432083,0
1.0,0.98192066,2.3152938,0
1.0,0.9824019,2.157937,0
1.0,0.9841339,1.9939749,0
1.0,0.9786728,1.977778,0
1.0,0.97747827,2.0119812,0
1.0,0.9759353,2.0558796,0
1.0,0.9783558,2.0547435,0
1.0,0.97212255,2.0273123,0
1.0,0.97314376,2.0805316,0
1.0,0.96689737,2.0475807,0
1.0,0.97513247,2.0150003,0
1.0,0.9716637,1.9515052,0
1.0,0.978621,1.9560027,0
1.0,0.9739091,1.9691751,0
1.0,0.9769473,1.9564446,0
1.0,0.970066,1.8988087,0
1.0,0.9742508,1.8311212,0
1.0,0.9680669,1.7070086,0
1.0,0.97157806,1.7215577,0
1.0,0.95872235,1.7097181,0
1.0,0.9593936,1.7144654,0
1.0,0.95135564,1.6910577,0
1.0,0.9627955,1.6752267,0
1.0,0.9501531,1.6085265,0
1.0,0.9565576,1.5756228,0
1.0,0.9447467,1.4752488,0
1.0,0.9515664,1.3990016,0
1.0,0.9411301,1.2614758,0
1.0,0.95525324,1.2573658,0
1.0,0.9392544,1.2616978,0
1.0,0.9470271,1.2190609,0
1.0,0.9313099,1.0872777,0
1.0,0.94525707,1.111922,0
1.0,0.9342334,1.0947596,0
1.0,0.93921214,1.102731,0
1.0,0.93143535,1.0602129,0
1.0,0.94981945,1.0604558,0
1.0,0.94825095,1.0454487,0
1.0,0.9497558,1.1344368,0
1.0,0.94453466,1.1941717,0
1.0,0.953315,1.0972333,0
1.0,0.95058936,0.97473735,0
1.0,0.95340496,0.9497074,0
1.0,0.9550226,0.99462485,0
1.0,0.9636562,1.0683165,0
1.0,0.96052986,1.0994867,0
1.0,0.9543239,1.09586,0
1.0,0.95597106,1.0496879,0
1.0,0.9651634,1.0137107,0
1.0,0.96537226,1.0158696,0
1.0,0.9644247,1.0474093,0
1.0,0.96680886,1.1991136,0
1.0,0.9725575,1.412365,0
1.0,0.97499293,1.5312312,0
1.0,0.9758297,1.576196,0
1.0,0.97875583,1.546462,0
1.0,0.9827734,1.5216187,0
1.0,0.9825264,1.4920789,0
1.0,0.9809039,1.4321094,0
1.0,0.9830256,1.4353542,0
1.0,0.9840337,1.4972122,0
1.0,0.98410773,1.5280403,0
1.0,0.9827963,1.5192224,0
1.0,0.98253655,1.5347455,0
1.0,0.9794617,1.6372136,0
1.0,0.9773856,1.7580818,0
1.0,0.97786033,1.8505156,0
1.0,0.97582394,1.9398198,0
1.0,0.9767105,1.9755478,0
1.0,0.97566277,1.9392987,0
1.0,0.9792403,1.8949172,0
1.0,0.9785957,1.8123133,0
1.0,0.97968197,1.7700754,0
1.0,0.9802657,1.8254204,0
1.0,0.97869545,2.0100617,0
1.0,0.9782204,2.254578,0
1.0,0.97614497,2.3486235,0
1.0,0.97670835,2.2815804,0
1.0,0.97736937,2.2490497,0
1.0,0.978745,2.2745311,0
1.0,0.97644335,2.2928243,0
1.0,0.9775013,2.35644,0
1.0,0.9772117,2.4187016,0
1.0,0.97808915,2.2976766,0
1.0,0.97593826,2.1013322,0
1.0,0.97319174,1.9751297,0
1.0,0.96791995,1.9097571,0
1.0,0.96520066,1.9046054,0
1.0,0.9658016,1.9173104,0
1.0,0.96189564,1.9413822,0
1.0,0.9574139,1.9462204,0
1.0,0.9624233,1.9469728,0
1.0,0.96666825,1.9011409,0
1.0,0.9619651,1.8107264,0
1.0,0.9530723,1.8412158,0
1.0,0.9632156,2.0974708,0
1.0,0.9684342,2.1204915,0
1.0,0.9659217,2.0841696,0
1.0,0.969102,2.068898,0
1.0,0.97409725,1.9852759,0
1.0,0.97748774,1.9552583,0
1.0,0.9681675,1.9454913,0
1.0,0.96649015,1.9251474,0
1.0,0.9705422,2.087982,0
1.0,0.97907627,2.430732,0
1.0,0.97516596,2.4529605,0
1.0,0.9705174,2.2199023,0
1.0,0.95372146,1.9901928,0
1.0,0.96893543,1.9845965,0
1.0,0.96408117,1.9758458,0
1.0,0.9648527,2.0763144,0
1.0,0.95451355,2.3461583,0
1.0,0.96246,2.638659,0
1.0,0.952283,2.7031646,0
1.0,0.96235996,2.6288733,0
1.0,0.95818335,2.578693,0
1.0,0.96348166,2.5693674,0
1.0,0.959394,2.543908,0
1.0,0.96693265,2.5526383,0
1.0,0.9599444,2.6894293,0
1.0,0.96135515,2.9969978,0
1.0,0.9512656,3.1505105,0
1.0,0.95836574,3.2676685,0
1.0,0.9601173,3.3187394,0
1.0,0.9561291,3.3009257,0
1.0,0.9482112,3.2756014,0
1.0,0.9536938,3.2340581,0
1.0,0.9535688,2.9697752,0
1.0,0.95408887,2.8370104,0
1.0,0.9525457,2.7464547,0
1.0,0.96644205,2.7308183,0
1.0,0.9686046,2.8145406,0
1.0,0.969105,2.8885312,0
1.0,0.95835084,2.861924,0
1.0,0.95597935,2.8540957,0
1.0,0.9654227,2.7951746,0
1.0,0.96761405,2.558672,0
1.0,0.9631195,2.5128648,0
1.0,0.9625313,2.5925987,0
1.0,0.96676934,2.6138046,0
1.0,0.97156763,2.6179204,0
1.0,0.97284216,2.7386954,0
1.0,0.972123,2.7461789,0
1.0,0.972514,2.4504158,0
1.0,0.97224414,2.1554236,0
1.0,0.97179496,2.023307,0
1.0,0.9707484,1.9941541,0
1.0,0.97533065,2.0058737,0
1.0,0.9792681,2.015665,0
1.0,0.98019904,2.017539,0
1.0,0.97840923,2.0206878,0
1.0,0.9798568,1.8860537,0
1.0,0.9799095,1.601525,0
1.0,0.97798425,1.5306106,0
1.0,0.97551835,1.6362712,0
1.0,0.97932935,1.8039392,0
1.0,0.9802368,1.8962487,0
1.0,0.97943294,1.8915329,0
1.0,0.9793205,1.8962348,0
1.0,0.9797677,1.9522421,0
1.0,0.9800007,1.9605532,0
1.0,0.9796969,1.9568862,0
1.0,0.97704405,1.9270022,0
1.0,0.9748337,1.871651,0
1.0,0.9748775,1.9233179,0
1.0,0.9749537,2.0887456,0
1.0,0.9757607,2.2248194,0
1.0,0.9746547,2.1687217,0
1.0,0.9754076,2.087274,0
1.0,0.97820777,2.0213342,0
1.0,0.97930294,1.9444026,0
1.0,0.97715706,1.8270767,0
1.0,0.97679853,1.7101678,0
1.0,0.97878975,1.5939028,0
1.0,0.9810945,1.5394316,0
1.0,0.9784783,1.654881,0
1.0,0.97350866,1.784946,0
1.0,0.9736875,1.8684506,0
1.0,0.9740665,1.9441526,0
1.0,0.9725823,1.9868753,0
1.0,0.9723182,2.0285144,0
1.0,0.979439,2.1081367,0
1.0,0.9802847,2.2027001,0
1.0,0.9807036,2.2047231,0
1.0,0.98203605,2.1710424,0
1.0,0.9843704,2.0331192,0
1.0,0.98261327,1.8196712,0
1.0,0.97952086,1.6549358,0
1.0,0.9789469,1.6388595,0
1.0,0.9790151,1.6795378,0
1.0,0.97502875,1.6722094,0
1.0,0.9710603,1.6177604,0
1.0,0.9730287,1.6281981,0
1.0,0.97719824,1.6865283,0
1.0,0.97667766,1.72648,0
1.0,0.97712505,1.7061868,0
1.0,0.97545856,1.5832571,0
1.0,0.97777224,1.4359995,0
1.0,0.9753999,1.2895153,0
1.0,0.9668842,1.2759831,0
1.0,0.96263355,1.3887138,0
1.0,0.9661524,1.4756492,0
1.0,0.96714,1.4899733,0
1.0,0.95257264,1.4692986,0
1.0,0.9506858,1.4839501,0
1.0,0.9585398,1.5192081,0
1.0,0.9619468,1.4999485,0
1.0,0.95219636,1.3637686,0
1.0,0.9498852,1.217807,0
1.0,0.9567376,1.1199051,0
1.0,0.9589979,1.0780619,0
1.0,0.9415923,1.033417,0
1.0,0.9285424,0.9957127,0
1.0,0.946203,0.99384815,0
1.0,0.94327044,0.90632033,0
1.0,0.93227243,0.8640655,0
1.0,0.92132735,0.85023385,0
1.0,0.94980884,0.8962697,0
1.0,0.9552679,0.888027,0
1.0,0.9534093,0.87073994,0
1.0,0.94638544,0.89123917,0
1.0,0.96638983,0.96447,0
1.0,0.97227657,0.9774312,0
1.0,0.96904343,0.9658707,0
1.0,0.9601944,0.93634546,0
1.0,0.97355294,0.9035884,0
1.0,0.9653611,0.8570255,0
1.0,0.96659374,0.8770796,0
1.0,0.9486344,0.89564466,0
1.0,0.9703115,0.96275413,0
1.0,0.96955687,1.001206,0
1.0,0.9696558,0.98487157,0
1.0,0.9564302,0.8467525,0
1.0,0.9747967,0.79721,0
1.0,0.97392523,0.7818953,0
1.0,0.9722696,0.7677711,0
1.0,0.9690409,0.74718523,0
1.0,0.9786421,0.7501554,0
1.0,0.97970676,0.7362801,0
1.0,0.9797825,0.7926466,0
1.0,0.9783813,0.887916,0
1.0,0.98215723,0.92610025,0
1.0,0.9832124,0.9167944,0
1.0,0.97945625,0.8778515,0
1.0,0.97879684,0.85430664,0
1.0,0.980146,0.86974394,0
1.0,0.97531396,0.8597417,0
1.0,0.9758002,0.8569645,0
1.0,0.9723322,0.8485775,0
1.0,0.9758375,0.85213876,0
1.0,0.97246855,0.85054183,0
1.0,0.9681465,0.81685007,0
1.0,0.96437806,0.69854736,0
1.0,0.9593302,0.6175997,0
1.0,0.96251523,0.67486864,0
1.0,0.9712205,0.9609476,0
1.0,0.9790125,1.2590942,0
1.0,0.9791556,1.3819407,0
1.0,0.980907,1.4260023,0
1.0,0.9818075,1.4102385,0
1.0,0.98356503,1.3606464,0
1.0,0.9795782,1.3065641,0
1.0,0.97681844,1.2462062,0
1.0,0.97688735,1.2350593,0
1.0,0.9779894,1.3279413,0
1.0,0.9733498,1.384968,0
1.0,0.97159475,1.3905978,0
1.0,0.9649693,1.3787725,0
1.0,0.9598263,1.3665446,0
1.0,0.96162426,1.3824269,0
1.0,0.96226925,1.5149692,0
1.0,0.96337986,1.6518564,0
1.0,0.9666791,1.6904011,0
1.0,0.97251046,1.7102674,0
1.0,0.9751594,1.6963366,0
1.0,0.97500664,1.7549901,0
1.0,0.9785442,1.8222325,0
1.0,0.97885156,1.7831728,0
1.0,0.9801194,1.7738183,0
1.0,0.972717,1.8423504,0
1.0,0.9739256,1.9629288,0
1.0,0.97214115,2.02305,0
1.0,0.978833,2.1138155,0
1.0,0.9757776,2.164598,0
1.0,0.97569567,2.1686275,0
1.0,0.97319555,2.1550593,0
1.0,0.9772289,2.088268,0
1.0,0.9656879,1.8005104,0
1.0,0.96635747,1.5473312,0
1.0,0.9655096,1.516843,0
1.0,0.9689547,1.5788261,0
1.0,0.9700918,1.6290655,0
1.0,0.9721457,1.6931003,0
1.0,0.97067654,1.7308822,0
1.0,0.97540265,1.7524129,0
1.0,0.9741198,1.7413443,0
1.0,0.9738531,1.6512171,0
1.0,0.9742245,1.5934938,0
1.0,0.98020536,1.6061487,0
1.0,0.9811633,1.6080623,0
1.0,0.9821831,1.6110313,0
1.0,0.9830172,1.5876282,0
1.0,0.9844848,1.4472969,0
1.0,0.9832066,1.2576029,0
1.0,0.98185974,1.1930252,0
1.0,0.98252696,1.2619841,0
1.0,0.9841122,1.3474422,0
1.0,0.9833156,1.31774,0
1.0,0.98408777,1.2836003,0
1.0,0.9850348,1.2970521,0
1.0,0.9861637,1.296201,0
1.0,0.9859665,1.2262491,0
1.0,0.9851221,1.1124761,0
1.0,0.98402,1.0498815,0
1.0,0.9839278,0.99119616,0
1.0,0.9836146,0.9545809,0
1.0,0.98130107,0.9711884,0
1.0,0.9804663,1.0122262,0
1.0,0.97878015,1.0623335,0
1.0,0.9781155,1.134718,0
1.0,0.97545797,1.16831,0
1.0,0.97734046,1.0977144,0
1.0,0.9789019,0.99568665,0
1.0,0.9796586,0.9399483,0
1.0,0.9772981,0.87476623,0
1.0,0.98126847,0.83466834,0
1.0,0.9853683,0.8236252,0
1.0,0.9854857,0.9048298,0
1.0,0.9838795,1.1455407,0
1.0,0.9861,1.5280226,0
1.0,0.9855619,1.6291866,0
1.0,0.98322576,1.6303251,0
1.0,0.9794135,1.6506345,0
1.0,0.9795288,1.6567066,0
1.0,0.97624844,1.6888243,0
1.0,0.97482896,1.820458,0
1.0,0.96929044,1.8510386,0
1.0,0.97404444,1.8229644,0
1.0,0.97340435,1.7579603,0
1.0,0.97147727,1.7236012,0
1.0,0.96826094,1.6926405,0
1.0,0.97085965,1.6903881,0
1.0,0.96626365,1.6838981,0
1.0,0.9667518,1.818827,0
1.0,0.9631895,2.061269,0
1.0,0.9718079,2.33601,0
1.0,0.9714624,2.4424455,0
1.0,0.976103,2.424802,0
1.0,0.97178257,2.3973622,0
1.0,0.9736646,2.3616886,0
1.0,0.9612331,2.287723,0
1.0,0.9682339,2.2675033,0
1.0,0.9621912,2.2706919,0
1.0,0.96656054,2.3373303,0
1.0,0.9538997,2.336995,0
1.0,0.9648494,2.3561716,0
1.0,0.95938104,2.3469577,0
1.0,0.9680932,2.3977075,0
1.0,0.9565077,2.4234772,0
1.0,0.96021366,2.392241,0
1.0,0.9564673,2.3181496,0
1.0,0.9708245,2.153089,0
1.0,0.972146,2.1725152,0
1.0,0.97574836,2.3231459,0
1.0,0.977047,2.3436491,0
1.0,0.98147434,2.3473496,0
1.0,0.9788005,2.303044,0
1.0,0.9752299,2.1525269,0
1.0,0.9752104,2.075756,0
1.0,0.97696066,2.036275,0
1.0,0.97660863,2.0502589,0
1.0,0.9764812,2.1134512,0
1.0,0.97767466,2.184585,0
1.0,0.9785997,2.217237,0
1.0,0.9816627,2.23531,0
1.0,0.9777909,2.0960095,0
1.0,0.9774606,1.888792,0
1.0,0.97483665,1.6939247,0
1.0,0.97224075,1.6429714,0
1.0,0.97096765,1.707125,0
1.0,0.97372323,1.7191818,0
1.0,0.9754048,1.729882,0
1.0,0.9784178,1.7679262,0
1.0,0.97571236,1.8077738,0
1.0,0.977589,1.8295366,0
1.0,0.9728084,1.783046,0
1.0,0.97598857,1.7926881,0
1.0,0.97556686,1.8262328,0
1.0,0.9789292,1.8693419,0
1.0,0.97374547,1.8253781,0
1.0,0.9788163,1.797975,0
1.0,0.97920007,1.800905,0
1.0,0.9796632,1.6512012,0
1.0,0.97184134,1.4525337,0
1.0,0.97405255,1.3306199,0
1.0,0.97073406,1.1979258,0
1.0,0.9684125,1.1892006,0
1.0,0.954215,1.2022893,0
1.0,0.95869935,1.3218458,0
1.0,0.95908606,1.4631797,0
1.0,0.96566755,1.6211475,0
1.0,0.9664492,1.6782798,0
1.0,0.97317284,1.6836436,0
1.0,0.97276443,1.6477787,0
1.0,0.975441,1.5871301,0
1.0,0.9718127,1.5453516,0
1.0,0.9755205,1.5632322,0
1.0,0.97541034,1.5463119,0
1.0,0.97514886,1.5025861,0
1.0,0.9707079,1.4213642,0
1.0,0.9724907,1.3396633,0
1.0,0.97262484,1.3157585,0
1.0,0.97040504,1.4304981,0
1.0,0.9701891,1.5339422,0
1.0,0.9717827,1.6779952,0
1.0,0.97412634,1.8087459,0
1.0,0.97634184,1.8128625,0
1.0,0.9782622,1.8043727,0
1.0,0.97820854,1.7750909,0
1.0,0.98031324,1.745511,0
1.0,0.9809125,1.7656531,0
1.0,0.9819857,1.8635027,0
1.0,0.98099685,1.9316143,0
1.0,0.98119515,1.8786265,0
1.0,0.97627425,1.8480555,0
1.0,0.9703658,1.830829,0
1.0,0.9645461,1.8562353,0
1.0,0.96196115,1.8809079,0
1.0,0.9575149,1.8570249,0
1.0,0.94402194,1.7997328,0
1.0,0.95141286,1.757651,0
1.0,0.94761926,1.6485186,0
1.0,0.9361091,1.4653239,0
1.0,0.9362567,1.3898194,0
1.0,0.95495844,1.40837,0
1.0,0.94794863,1.4003965,0
1.0,0.9355596,1.4193946,0
1.0,0.9238684,1.414763,0
1.0,0.94124615,1.4692556,0
1.0,0.93734515,1.4831214,0
1.0,0.91904813,1.456342,0
1.0,0.9098534,1.5097587,0
1.0,0.9203242,1.5698342,0
1.0,0.9049015,1.5339129,0
1.0,0.85820717,1.3532984,0
1.0,0.8313254,1.2241323,0
1.0,0.8677815,1.1594603,0
1.0,0.85220385,0.93439347,0
1.0,0.87371224,0.881886,0
1.0,0.89207095,0.88648844,0
1.0,0.93881977,0.968401,0
1.0,0.9375932,0.9749003,0
1.0,0.93380004,0.9637331,0
1.0,0.94342756,0.91324586,0
1.0,0.95526564,0.8622824,0
1.0,0.9465504,0.87439746,0
1.0,0.93716407,0.8536814,0
1.0,0.94496155,0.85906976,0
1.0,0.9496856,0.8242747,0
1.0,0.95224696,0.8185804,0
1.0,0.94010174,0.91971457,0
1.0,0.946695,1.0226722,0
1.0,0.961341,1.1102345,0
1.0,0.9634155,1.1183224,0
1.0,0.9575631,1.0979187,0
1.0,0.95994115,1.097468,0
1.0,0.968597,1.1058276,0
1.0,0.9645439,1.0676953,0
1.0,0.96633655,1.0799294,0
1.0,0.9677749,1.127296,0
1.0,0.9760668,1.1425571,0
1.0,0.9776783,1.2304847,0
1.0,0.9760498,1.2970665,0
1.0,0.9737095,1.2458723,0
1.0,0.97898877,1.2353518,0
1.0,0.97803324,1.21509,0
1.0,0.97296876,1.1842701,0
1.0,0.9709004,1.1625109,0
1.0,0.9761696,1.1388016,0
1.0,0.9759,1.1280569,0
1.0,0.97425234,1.1247054,0
1.0,0.9702707,1.1552404,0
1.0,0.97746915,1.3083377,0
1.0,0.97873884,1.4463055,0
1.0,0.9789371,1.4534332,0
1.0,0.9779781,1.4292614,0
1.0,0.9768932,1.4204721,0
1.0,0.97993386,1.3975315,0
1.0,0.980606,1.395848,0
1.0,0.98053265,1.4426473,0
1.0,0.9810837,1.5052557,0
1.0,0.9840926,1.5394332,0
1.0,0.9857416,1.4361607,0
1.0,0.9836294,1.3363075,0
1.0,0.9792309,1.2167845,0
1.0,0.9806327,1.1686246,0
1.0,0.9791894,1.201186,0
1.0,0.97669256,1.2379887,0
1.0,0.9694365,1.2556272,0
1.0,0.9742966,1.2827082,0
1.0,0.9760543,1.2487919,0
1.0,0.9719938,1.2067933,0
1.0,0.96390045,1.1534889,0
1.0,0.96977264,1.0610402,0
1.0,0.97567546,0.98200536,0
1.0,0.9736362,0.9454256,0
1.0,0.968596,0.9149343,0
1.0,0.9737925,0.90358174,0
1.0,0.9764153,0.9045624,0
1.0,0.97595006,0.9406004,0
1.0,0.9746918,0.991536,0
1.0,0.98060405,1.1133289,0
1.0,0.9833144,1.2749089,0
1.0,0.981703,1.4067364,0
1.0,0.97737825,1.4038138,0
1.0,0.9823972,1.3126307,0
1.0,0.98093,1.2545898,0
1.0,0.9793026,1.2413281,0
1.0,0.9750777,1.2270033,0
1.0,0.9804695,1.260745,0
1.0,0.9794835,1.2996196,0
1.0,0.9769637,1.2824543,0
1.0,0.97662896,1.2418529,0
1.0,0.9782236,1.2019197,0
1.0,0.97732395,1.1841314,0
1.0,0.97548115,1.192348,0
1.0,0.97835755,1.2101668,0
1.0,0.97930944,1.2056947,0
1.0,0.9778922,1.1961027,0
1.0,0.9707808,1.200275,0
1.0,0.9744957,1.2105011,0
1.0,0.97641796,1.258955,0
1.0,0.9770973,1.2899976,0
1.0,0.97134405,1.2869058,0
1.0,0.97229487,1.3312979,0
1.0,0.9691133,1.3352237,0
1.0,0.96891487,1.340446,0
1.0,0.9625607,1.3431259,0
1.0,0.96420926,1.3678553,0
1.0,0.96647155,1.4012067,0
1.0,0.96882397,1.45696,0
1.0,0.9666998,1.505213,0
1.0,0.9730602,1.5367935,0
1.0,0.97268164,1.4680104,0
1.0,0.97113603,1.3238664,0
1.0,0.9649637,1.1436418,0
1.0,0.9688873,1.0151067,0
1.0,0.96683615,1.0012219,0
1.0,0.96474683,1.0188284,0
1.0,0.9547144,1.0009912,0
1.0,0.95662713,1.0159724,0
1.0,0.954177,1.0508932,0
1.0,0.9582049,1.176631,0
1.0,0.9625739,1.3670759,0
1.0,0.96839386,1.4470332,0
1.0,0.96984553,1.4458196,0
1.0,0.9711856,1.4455577,0
1.0,0.9753401,1.4530919,0
1.0,0.97563314,1.4773183,0
1.0,0.9743567,1.5282651,0
1.0,0.9726309,1.5528321,0
1.0,0.97697294,1.6515145,0
1.0,0.9795395,1.7600799,0
1.0,0.97845286,1.7390289,0
1.0,0.97577673,1.6880069,0
1.0,0.97786736,1.649782,0
1.0,0.9788396,1.62887,0
1.0,0.97791183,1.6949205,0
1.0,0.9748957,1.7592891,0
1.0,0.97585857,1.8307292,0
1.0,0.9780387,1.9037693,0
1.0,0.9778586,1.9916829,0
1.0,0.97443694,1.950418,0
1.0,0.97766465,1.8650625,0
1.0,0.98038864,1.7973711,0
1.0,0.979737,1.7989283,0
1.0,0.9765876,1.8309395,0
1.0,0.9747036,1.9060563,0
1.0,0.9780513,2.122156,0
1.0,0.97966456,2.2571964,0
1.0,0.9788157,2.292663,0
1.0,0.97664624,2.2960372,0
1.0,0.9806341,2.296082,0
1.0,0.979537,2.2577367,0
1.0,0.9751815,2.1444144,0
1.0,0.9701441,2.0353978,0
1.0,0.9765711,2.2433221,0
1.0,0.97926986,2.4631445,0
1.0,0.9795822,2.5217896,0
1.0,0.97777504,2.5011408,0
1.0,0.9812273,2.4721591,0
1.0,0.9795228,2.4100049,0
1.0,0.9773007,2.441142,0
1.0,0.97131944,2.446936,0
1.0,0.9728263,2.369309,0
1.0,0.97231984,2.3753033,0
1.0,0.9737535,2.4107933,0
1.0,0.9668825,2.4367857,0
1.0,0.9673372,2.56539,0
1.0,0.9706665,2.5462956,0
1.0,0.9734157,2.477642,0
1.0,0.96416724,2.380186,0
1.0,0.96196544,2.3215668,0
1.0,0.96187127,2.2179103,0
1.0,0.9650562,2.191502,0
1.0,0.9568608,2.1761742,0
1.0,0.9520156,2.182768,0
1.0,0.9552573,2.2195354,0
1.0,0.9568733,2.2630599,0
1.0,0.9446037,2.1935306,0
1.0,0.9344367,2.0178688,0
1.0,0.95339173,1.9713082,0
1.0,0.9548745,1.9816468,0
1.0,0.95589536,2.0320451,0
1.0,0.94428176,2.025316,0
1.0,0.9614597,2.0463836,0
1.0,0.9563765,1.9815192,0
1.0,0.95259655,1.9014432,0
1.0,0.94370705,1.7458918,0
1.0,0.9511054,1.6161647,0
1.0,0.95749706,1.5866983,0
1.0,0.95897514,1.6304938,0
1.0,0.94957185,1.6128814,0
1.0,0.95771253,1.6356831,0
1.0,0.961533,1.5643958,0
1.0,0.96904063,1.4144552,0
1.0,0.9654606,1.3531474,0
1.0,0.9718989,1.3300233,0
1.0,0.97096664,1.3394964,0
1.0,0.9745705,1.4536453,0
1.0,0.9755887,1.4305898,0
1.0,0.97869235,1.4418073,0
1.0,0.9786773,1.4866998,0
1.0,0.98161423,1.5060408,0
1.0,0.9804966,1.4967054,0
1.0,0.97910345,1.5257764,0
1.0,0.9771035,1.5540283,0
1.0,0.9771453,1.6125617,0
1.0,0.9778315,1.7068446,0
1.0,0.9778902,1.8057529,0
1.0,0.978686,1.8545241,0
1.0,0.97871333,1.8101069,0
1.0,0.97726625,1.7415233,0
1.0,0.97770643,1.671745,0
1.0,0.9770792,1.602869,0
1.0,0.9798463,1.5521352,0
1.0,0.98006505,1.5386167,0
1.0,0.98119235,1.545869,0
1.0,0.98102194,1.5721052,0
1.0,0.98111916,1.5577478,0
1.0,0.98190826,1.4250348,0
1.0,0.9812841,1.3370179,0
1.0,0.98248553,1.3014988,0
1.0,0.98000675,1.2585511,0
1.0,0.9737897,1.2900379,0
1.0,0.97077626,1.3965869,0
1.0,0.9742454,1.5275888,0
1.0,0.9773866,1.6402926,0
1.0,0.9781675,1.6763884,0
1.0,0.97502655,1.6536324,0
1.0,0.9793615,1.6138514,0
1.0,0.9780783,1.4608399,0
1.0,0.9758304,1.325706,0
1.0,0.97385275,1.3054249,0
1.0,0.97860754,1.3198371,0
1.0,0.9833681,1.3084954,0
1.0,0.97981757,1.2740521,0
1.0,0.97203267,1.2197335,0
1.0,0.9751124,1.1891719,0
1.0,0.9771154,1.147002,0
1.0,0.9718679,1.1218457,0
1.0,0.9568387,1.05904,0
1.0,0.9750704,1.0375237,0
1.0,0.9808482,1.1467911,0
1.0,0.97671026,1.1934923,0
1.0,0.9732694,1.1924646,0
1.0,0.97986645,1.2112558,0
1.0,0.9824401,1.2166535,0
1.0,0.9809988,1.20966,0
1.0,0.97747517,1.1936936,0
1.0,0.9808637,1.2028207,0
1.0,0.9800702,1.2129815,0
1.0,0.98038745,1.2158607,0
1.0,0.97699124,1.2150165,0
1.0,0.9669166,1.1971099,0
1.0,0.96522564,1.1867667,0
1.0,0.95310265,1.1198386,0
1.0,0.93778515,0.9969167,0
1.0,0.9306187,0.8659129,0
1.0,0.9281572,0.7801603,0
1.0,0.9492756,0.81368977,0
1.0,0.9638966,0.8842616,0
1.0,0.97078997,0.9344372,0
1.0,0.97065175,0.9333397,0
1.0,0.978687,0.9559749,0
1.0,0.97602016,0.9194188,0
1.0,0.9600747,0.90521896,0
1.0,0.94432116,0.9586314,0
1.0,0.96358746,1.0762597,0
1.0,0.9720426,1.102513,0
1.0,0.9441674,1.0601985,0
1.0,0.9192371,1.0023122,0
1.0,0.9450921,0.9478072,0
1.0,0.94131756,0.8147901,0
1.0,0.90119696,0.68487585,0
1.0,0.8882942,0.606911,0
1.0,0.9380539,0.68892187,0
1.0,0.95579374,0.78393775,0
1.0,0.9550515,0.8050805,0
1.0,0.9450589,0.79062,0
1.0,0.9679321,0.8117734,0
1.0,0.97588956,0.8211538,0
1.0,0.9638572,0.79260075,0
1.0,0.96058077,0.7665808,0
1.0,0.96599245,0.7707331,0
1.0,0.96761686,0.76550764,0
1.0,0.9425889,0.73644656,0
1.0,0.9269219,0.72156,0
1.0,0.92448443,0.7184167,0
1.0,0.95068073,0.73735297,0
1.0,0.94836885,0.7262519,0
1.0,0.9375403,0.70688796,0
1.0,0.9397584,0.738222,0
1.0,0.9573003,0.74745435,0
1.0,0.967459,0.7287003,0
1.0,0.96016407,0.73455954,0
1.0,0.9631225,0.72634476,0
1.0,0.97668743,0.738366,0
1.0,0.97432953,0.7782585,0
1.0,0.9705193,0.8439536,0
1.0,0.9679736,0.748149,0
1.0,0.97492254,0.81314087,0
1.0,0.95957935,0.94286704,0
1.0,0.963597,1.1609535,0
1.0,0.9599528,1.2809314,0
1.0,0.9722187,1.2990501,0
1.0,0.9631741,1.3013523,0
1.0,0.9489604,1.2782199,0
1.0,0.9474741,1.1878115,0
1.0,0.957531,1.1338799,0
1.0,0.9591315,1.1258793,0
1.0,0.9633483,1.1871419,0
1.0,0.9665637,1.2111541,0
1.0,0.9703446,1.2152646,0
1.0,0.95958155,1.1911213,0
1.0,0.9574949,1.1936529,0
1.0,0.9608626,1.2582603,0
1.0,0.95527893,1.2621009,0
1.0,0.9539074,1.262239,0
1.0,0.95906895,1.3109963,0
1.0,0.9665099,1.4111263,0
1.0,0.9695976,1.5180944,0
1.0,0.9723421,1.5740442,0
1.0,0.9770672,1.5678877,0
1.0,0.9754102,1.4922585,0
1.0,0.9737127,1.4507517,0
1.0,0.97102016,1.4379685,0
1.0,0.971298,1.5688481,0
1.0,0.9684609,1.8637803,0
1.0,0.9660306,2.004233,0
1.0,0.9695682,1.9251709,0
1.0,0.9670009,1.7845001,0
1.0,0.9690141,1.8184569,0
1.0,0.9606031,1.7302625,0
1.0,0.9529356,1.6288651,0
1.0,0.94203055,1.4659584,0
1.0,0.9436107,1.4446507,0
1.0,0.9568856,1.5576441,0
1.0,0.9664876,1.5834888,0
1.0,0.9608847,1.5515584,0
1.0,0.96313876,1.5543828,0
1.0,0.9727403,1.5633643,0
1.0,0.9699625,1.563579,0
1.0,0.9681989,1.5066853,0
1.0,0.96782416,1.5037527,0
1.0,0.972626,1.521656,0
1.0,0.96771777,1.5309565,0
1.0,0.9616784,1.5110512,0
1.0,0.95754814,1.4450263,0
1.0,0.9651046,1.4726281,0
1.0,0.96435225,1.528204,0
1.0,0.9570004,1.5183231,0
1.0,0.95421845,1.4483832,0
1.0,0.9516965,1.3722782,0
1.0,0.9525639,1.3612243,0
1.0,0.9596781,1.4113102,0
1.0,0.9591144,1.4268239,0
1.0,0.96778697,1.4480416,0
1.0,0.96975166,1.4591656,0
1.0,0.9654444,1.3169771,0
1.0,0.9630819,1.0256795,0
1.0,0.9618997,0.87847227,0
1.0,0.96447545,0.8690853,0
1.0,0.9688474,0.8656782,0
1.0,0.9675002,0.8353415,0
1.0,0.96760666,0.8352214,0
1.0,0.97464246,0.7951927,0
1.0,0.9748511,0.75272995,0
1.0,0.9705385,0.7731003,0
1.0,0.97386885,0.83889425,0
1.0,0.97956514,1.0037807,0
1.0,0.9798504,1.1241529,0
1.0,0.9747167,1.1280881,0
1.0,0.97356695,1.1096997,0
1.0,0.9756291,1.0892234,0
1.0,0.9747809,1.0830799,0
1.0,0.9736987,1.0707092,0
1.0,0.9762734,1.1310604,0
1.0,0.97879344,1.2060583,0
1.0,0.9789176,1.2567492,0
1.0,0.97842705,1.3507392,0
1.0,0.9788735,1.402242,0
1.0,0.97701705,1.3424115,0
1.0,0.9774426,1.3361127,0
1.0,0.9735623,1.3121202,0
1.0,0.97620517,1.2937193,0
1.0,0.9768736,1.3352871,0
1.0,0.9746274,1.3574704,0
1.0,0.97436315,1.3735276,0
1.0,0.9773666,1.4350104,0
1.0,0.98115987,1.5435706,0
1.0,0.979369,1.6508031,0
1.0,0.97913456,1.7366431,0
1.0,0.9779092,1.7787923,0
1.0,0.97733736,1.8141329,0
1.0,0.9715954,1.8622237,0
1.0,0.97272307,1.8884515,0
1.0,0.97528994,1.9027803,0
1.0,0.97868973,1.9112477,0
1.0,0.9776414,1.890077,0
1.0,0.97632056,1.8030559,0
1.0,0.9736163,1.7100699,0
1.0,0.97286993,1.6618086,0
1.0,0.97188437,1.6273991,0
1.0,0.97111183,1.6524236,0
1.0,0.97324705,1.7795182,0
1.0,0.9764115,1.8894371,0
1.0,0.977527,1.9346058,0
1.0,0.9806081,1.9645156,0
1.0,0.98080325,1.8980103,0
1.0,0.9820855,1.8173214,0
1.0,0.98225373,1.8336093,0
1.0,0.9825401,1.8227532,0
1.0,0.9816569,1.8160862,0
1.0,0.9809503,1.8569899,0
1.0,0.9792006,1.8097848,0
1.0,0.9736231,1.7847669,0
1.0,0.97246474,1.7843695,0
1.0,0.97532505,1.7367767,0
1.0,0.9781701,1.7614963,0
1.0,0.97825897,1.9178089,0
1.0,0.9801794,2.0202904,0
1.0,0.9820255,2.0381703,0
1.0,0.98466194,1.9630938,0
1.0,0.9845174,1.8649534,0
1.0,0.9847505,1.8436106,0
1.0,0.983216,1.8828484,0
1.0,0.9821858,1.9350637,0
1.0,0.97958565,1.9666274,0
1.0,0.98077893,1.972789,0
1.0,0.980634,1.9898529,0
1.0,0.97898877,2.0225804,0
1.0,0.9747877,2.011286,0
1.0,0.9757244,1.987784,0
1.0,0.97850126,1.9130791,0
1.0,0.97618824,1.8559308,0
1.0,0.97287095,1.8622532,0
1.0,0.97081965,1.8406303,0
1.0,0.9691905,1.8231217,0
1.0,0.96996003,1.8582716,0
1.0,0.96785104,1.8588071,0
1.0,0.9709057,1.8623791,0
1.0,0.97611177,1.8631902,0
1.0,0.9745803,1.8108244,0
1.0,0.9737491,1.8002529,0
1.0,0.97147363,1.8904514,0
1.0,0.9754926,2.0799527,0
1.0,0.97641367,2.2659428,0
1.0,0.97781646,2.3905206,0
1.0,0.97511077,2.4312754,0
1.0,0.9783765,2.4315603,0
1.0,0.97695655,2.345069,0
1.0,0.9736608,2.1718893,0
1.0,0.9651196,2.0514617,0
1.0,0.9712024,1.995787,0
1.0,0.9725529,2.038714,0
1.0,0.9763407,2.116839,0
1.0,0.97043365,2.1238925,0
1.0,0.96713793,2.0791895,0
1.0,0.96419454,1.9816295,0
1.0,0.967992,1.9394177,0
1.0,0.96651924,1.9444664,0
1.0,0.96788657,2.026534,0
1.0,0.9689061,2.1489124,0
1.0,0.97480416,2.219178,0
1.0,0.97564656,2.2344594,0
1.0,0.97694314,2.26682,0
1.0,0.9789227,2.3530178,0
1.0,0.9803038,2.4330041,0
1.0,0.97907835,2.4470417,0
1.0,0.97689337,2.4162283,0
1.0,0.97574323,2.4102535,0
1.0,0.9767358,2.482277,0
1.0,0.9766259,2.5498307,0
1.0,0.97507656,2.6136084,0
1.0,0.9742381,2.5949028,0
1.0,0.97718346,2.5225682,0
1.0,0.9768966,2.4084463,0
1.0,0.97403926,2.2478766,0
1.0,0.97040325,2.1457505,0
1.0,0.9720781,2.080553,0
1.0,0.9741233,2.0469642,0
1.0,0.9709363,2.0754614,0
1.0,0.9690494,2.1491165,0
1.0,0.9683014,2.2209463,0
1.0,0.97577727,2.274783,0
1.0,0.9743526,2.2835243,0
1.0,0.9728079,2.2525673,0
1.0,0.97011054,2.2767406,0
1.0,0.97188526,2.4375396,0
1.0,0.97152114,2.509577,0
1.0,0.9707691,2.5036962,0
1.0,0.96980995,2.5313804,0
1.0,0.97118795,2.5980482,0
1.0,0.96989596,2.5557323,0
1.0,0.9698935,2.4561834,0
1.0,0.97189146,2.4376166,0
1.0,0.9726927,2.4389124,0
1.0,0.9714779,2.3729243,0
1.0,0.9710152,2.284869,0
1.0,0.9666912,2.2143598,0
1.0,0.9675167,2.1906242,0
1.0,0.9702327,2.3432293,0
1.0,0.97309303,2.4840276,0
1.0,0.9715191,2.487143,0
1.0,0.9735824,2.5128722,0
1.0,0.9741905,2.4972496,0
1.0,0.9760056,2.5073323,0
1.0,0.975994,2.503973,0
1.0,0.97414994,2.4510279,0
1.0,0.97427905,2.43437,0
1.0,0.9749555,2.4637527,0
1.0,0.97711974,2.5627108,0
1.0,0.978288,2.6351366,0
1.0,0.9779585,2.6072674,0
1.0,0.9772485,2.5498056,0
1.0,0.97828954,2.5190551,0
1.0,0.9788876,2.4769695,0
1.0,0.9782637,2.433271,0
1.0,0.9764153,2.4228153,0
1.0,0.97329336,2.4014342,0
1.0,0.9750226,2.296082,0
1.0,0.97523075,2.264531,0
1.0,0.97504866,2.3026524,0
1.0,0.9743119,2.3141527,0
1.0,0.97559875,2.2886739,0
1.0,0.97156054,2.2783904,0
1.0,0.9681501,2.3380594,0
1.0,0.96856916,2.3879936,0
1.0,0.97053707,2.4043696,0
1.0,0.97276115,2.4362338,0
1.0,0.9704816,2.4227962,0
1.0,0.9705932,2.3973541,0
1.0,0.9723733,2.3623304,0
1.0,0.97337127,2.1707337,0
1.0,0.97091144,1.9732876,0
1.0,0.96856827,1.909184,0
1.0,0.96642214,1.8818673,0
1.0,0.9657,1.8614215,0
1.0,0.9627611,1.8432927,0
1.0,0.95843124,1.833422,0
1.0,0.95596224,1.8288186,0
1.0,0.95891255,1.8069285,0
1.0,0.9570841,1.7764865,0
1.0,0.9584033,1.8376296,0
1.0,0.96388465,2.000186,0
1.0,0.9709848,2.2337604,0
1.0,0.972582,2.390186,0
1.0,0.9741917,2.3646855,0
1.0,0.974026,2.3149502,0
1.0,0.9763604,2.3053331,0
1.0,0.97406965,2.2560976,0
1.0,0.9740548,2.1909332,0
1.0,0.9718041,2.1674337,0
1.0,0.97321963,2.155923,0
1.0,0.9723016,2.1387997,0
1.0,0.97228605,2.0913765,0
1.0,0.9669672,2.0254824,0
1.0,0.9690127,2.0049481,0
1.0,0.96610296,1.8940544,0
1.0,0.96681255,1.7865951,0
1.0,0.9603665,1.7345214,0
1.0,0.9652626,1.7369432,0
1.0,0.968473,1.7700617,0
1.0,0.9691423,1.7778423,0
1.0,0.964278,1.7482603,0
1.0,0.9674296,1.7625648,0
1.0,0.96640825,1.7554133,0
1.0,0.96124285,1.693002,0
1.0,0.9553257,1.617217,0
1.0,0.9651814,1.6188943,0
1.0,0.9699519,1.688056,0
1.0,0.9707873,1.7582943,0
1.0,0.96921545,1.7973778,0
1.0,0.9762596,1.8432704,0
1.0,0.97956127,1.8087056,0
1.0,0.9751731,1.6179005,0
1.0,0.9698009,1.3803871,0
1.0,0.97587955,1.1686345,0
1.0,0.97509676,0.99419963,0
1.0,0.9670893,0.94551903,0
1.0,0.9648318,0.9399891,0
1.0,0.9730033,0.94990784,0
1.0,0.9766169,1.0565464,0
1.0,0.9725434,1.196429,0
1.0,0.97687846,1.3038244,0
1.0,0.97878313,1.4203007,0
1.0,0.98052144,1.4846156,0
1.0,0.9769672,1.4811168,0
1.0,0.9810168,1.4870294,0
1.0,0.98186666,1.454474,0
1.0,0.98180354,1.4300418,0
1.0,0.9795243,1.4192734,0
1.0,0.9830562,1.4294425,0
1.0,0.9830027,1.4419383,0
1.0,0.982042,1.4100635,0
1.0,0.9794135,1.355685,0
1.0,0.9764547,1.3218088,0
1.0,0.9734822,1.3189037,0
1.0,0.97189486,1.354923,0
1.0,0.9654108,1.4091015,0
1.0,0.9630432,1.4593914,0
1.0,0.9663679,1.5235282,0
1.0,0.9748883,1.5487214,0
1.0,0.9703789,1.5071114,0
1.0,0.97593224,1.4782648,0
1.0,0.97746354,1.4310157,0
1.0,0.97854155,1.4114746,0
1.0,0.97128606,1.442973,0
1.0,0.9711558,1.4779491,0
1.0,0.97232246,1.4853798,0
1.0,0.9756025,1.488614,0
1.0,0.9701039,1.4792018,0
1.0,0.97127974,1.4781996,0
1.0,0.9767943,1.4862348,0
1.0,0.9820049,1.4054996,0
1.0,0.974662,1.2663649,0
1.0,0.9693425,1.1692617,0
1.0,0.97398293,1.0643753,0
1.0,0.9774955,0.9951924,0
1.0,0.9640088,0.9605864,0
1.0,0.96888417,0.98352855,0
1.0,0.9741468,0.9925434,0
1.0,0.9785997,1.0206971,0
1.0,0.97431076,1.1495391,0
1.0,0.97618073,1.3055832,0
1.0,0.98136526,1.3569134,0
1.0,0.98183286,1.3618172,0
1.0,0.9770472,1.3526375,0
1.0,0.97655994,1.3423973,0
1.0,0.9789546,1.3203623,0
1.0,0.974779,1.282704,0
1.0,0.9706873,1.2406727,0
1.0,0.9710986,1.2307155,0
1.0,0.9787452,1.2525368,0
1.0,0.9811298,1.2122678,0
1.0,0.97829986,1.179122,0
1.0,0.9781597,1.1868598,0
1.0,0.9829366,1.1990383,0
1.0,0.97828853,1.2004149,0
1.0,0.97327405,1.2129966,0
1.0,0.96995115,1.2136618,0
1.0,0.9761179,1.2378445,0
1.0,0.97141,1.2301348,0
1.0,0.96803766,1.2247604,0
1.0,0.9671784,1.2245955,0
1.0,0.9778592,1.2612039,0
1.0,0.97537655,1.3385836,0
1.0,0.9721452,1.5185901,0
1.0,0.97578,1.6385571,0
1.0,0.9813223,1.6772968,0
1.0,0.9808488,1.667196,0
1.0,0.98018664,1.6685753,0
1.0,0.9816923,1.6667979,0
1.0,0.98407906,1.6705822,0
1.0,0.98455215,1.7130998,0
1.0,0.9792619,1.7173378,0
1.0,0.97973907,1.5905772,0
1.0,0.97995293,1.5027306,0
1.0,0.97429365,1.4732109,0
1.0,0.9630893,1.4518859,0
1.0,0.9632762,1.4518137,0
1.0,0.96482795,1.465804,0
1.0,0.9673693,1.4813697,0
1.0,0.9594553,1.5600667,0
1.0,0.9724839,1.7401414,0
1.0,0.9752459,1.7889733,0
1.0,0.978404,1.8249161,0
1.0,0.9768307,1.8195384,0
1.0,0.98157895,1.8162421,0
1.0,0.9797974,1.8371739,0
1.0,0.97727704,1.8262533,0
1.0,0.9728395,1.795557,0
1.0,0.97668445,1.8020121,0
1.0,0.9780759,1.7709273,0
1.0,0.9777589,1.7779841,0
1.0,0.9711889,1.7709506,0
1.0,0.97267514,1.7877184,0
1.0,0.97615516,1.8311782,0
1.0,0.96987,1.7961589,0
1.0,0.96504974,1.6880536,0
1.0,0.972808,1.6113834,0
1.0,0.9736018,1.5267882,0
1.0,0.97567517,1.5073812,0
1.0,0.97657937,1.5063877,0
1.0,0.98065186,1.5163646,0
1.0,0.9832479,1.5627708,0
1.0,0.9806394,1.5884914,0
1.0,0.9812584,1.6302824,0
1.0,0.9828358,1.6551746,0
1.0,0.98355204,1.6640334,0
1.0,0.98051274,1.6926278,0
1.0,0.98113096,1.70312,0
1.0,0.98106533,1.7028636,0
1.0,0.97986186,1.7244159,0
1.0,0.9749381,1.7772474,0
1.0,0.97426766,1.7956393,0
1.0,0.9762023,1.744156,0
1.0,0.9772421,1.648941,0
1.0,0.97319126,1.5974095,0
1.0,0.975552,1.6444957,0
1.0,0.98039013,1.675927,0
1.0,0.9778211,1.6769238,0
1.0,0.9748001,1.7055024,0
1.0,0.9744347,1.7236843,0
1.0,0.97773975,1.8340654,0
1.0,0.97789896,1.9505738,0
1.0,0.97607315,1.9624996,0
1.0,0.9750811,1.9725777,0
1.0,0.98126936,1.9876293,0
1.0,0.98011637,1.9303446,0
1.0,0.9796816,1.9027948,0
1.0,0.9758827,1.929007,0
1.0,0.9800419,1.9734011,0
1.0,0.97983724,2.0410066,0
1.0,0.9807546,2.0683045,0
1.0,0.97614485,2.0609202,0
1.0,0.98010135,2.0622113,0
1.0,0.9801436,2.0252075,0
1.0,0.9810301,1.959496,0
1.0,0.97737145,1.8157487,0
1.0,0.9779659,1.8047513,0
1.0,0.97983027,1.8608696,0
1.0,0.9822214,1.9008634,0
1.0,0.9787402,1.960766,0
1.0,0.97792494,2.0005996,0
1.0,0.9812021,1.9961603,0
1.0,0.97952557,1.9118658,0
1.0,0.9761934,1.7662586,0
1.0,0.9735604,1.6256305,0
1.0,0.9791141,1.636497,0
1.0,0.9797555,1.6577686,0
1.0,0.97697884,1.6256922,0
1.0,0.975087,1.6835024,0
1.0,0.9793059,1.8294828,0
1.0,0.97777075,1.9543613,0
1.0,0.9768996,2.0643325,0
1.0,0.97713727,1.9984918,0
1.0,0.9800513,1.9383905,0
1.0,0.98126286,1.9552162,0
1.0,0.98145616,1.9489844,0
1.0,0.98100406,1.9355409,0
1.0,0.98365223,1.9414017,0
1.0,0.98325723,1.9129755,0
1.0,0.9818164,1.7838589,0
1.0,0.9796509,1.6772759,0
1.0,0.9808152,1.617682,0
1.0,0.9772003,1.6047546,0
1.0,0.9726183,1.6646417,0
1.0,0.9717442,1.8362556,0
1.0,0.97551763,2.1226754,0
1.0,0.9756855,2.272151,0
1.0,0.9771622,2.2619433,0
1.0,0.97915286,2.2155654,0
1.0,0.9809095,2.1529315,0
1.0,0.98065335,2.0784273,0
1.0,0.9800531,2.069205,0
1.0,0.9790714,2.155148,0
1.0,0.97762614,2.310467,0
1.0,0.97963387,2.4914453,0
1.0,0.97798276,2.540588,0
1.0,0.97754353,2.5393157,0
1.0,0.97636956,2.516732,0
1.0,0.98011637,2.4872723,0
1.0,0.977805,2.5719967,0
1.0,0.9765696,2.6203775,0
1.0,0.9733313,2.5976167,0
1.0,0.9776857,2.5402846,0
1.0,0.975453,2.3915606,0
1.0,0.97632754,2.3474157,0
1.0,0.97208977,2.2973983,0
1.0,0.9769365,2.2958488,0
1.0,0.97256225,2.3444958,0
1.0,0.972071,2.403008,0
1.0,0.9648645,2.4720106,0
1.0,0.97357756,2.5775023,0
1.0,0.9757454,2.5924523,0
1.0,0.97615665,2.5942035,0
1.0,0.9669379,2.6099415,0
1.0,0.973836,2.6921372,0
1.0,0.97084224,2.6537457,0
1.0,0.97067654,2.5257506,0
1.0,0.95787245,2.291277,0
1.0,0.96717584,2.1813254,0
1.0,0.9618943,2.1460714,0
1.0,0.9614694,2.159298,0
1.0,0.953065,2.1534154,0
1.0,0.9658057,2.1894836,0
1.0,0.96793115,2.1427255,0
1.0,0.968083,2.0589933,0
1.0,0.9596803,1.9332762,0
1.0,0.96621853,1.895054,0
1.0,0.9667135,1.9186943,0
1.0,0.9664579,1.9346399,0
1.0,0.9606399,1.9408133,0
1.0,0.96527416,2.0113113,0
1.0,0.9683479,2.0047154,0
1.0,0.96669346,1.9852111,0
1.0,0.95975477,1.8862027,0
1.0,0.9614652,1.8153325,0
1.0,0.96519,1.8456162,0
1.0,0.96555907,1.8688493,0
1.0,0.95855564,1.9151247,0
1.0,0.96278995,1.9711763,0
1.0,0.96429104,1.92377,0
1.0,0.9618486,1.8838125,0
1.0,0.95835876,1.8166147,0
1.0,0.960581,1.7455252,0
1.0,0.96677756,1.779106,0
1.0,0.96786726,1.8320113,0
1.0,0.9653913,1.8485655,0
1.0,0.967278,1.8723997,0
1.0,0.9709373,1.9031138,0
1.0,0.96719766,1.879445,0
1.0,0.9666536,1.8277215,0
1.0,0.9671007,1.8381505,0
1.0,0.96738136,1.903836,0
1.0,0.96545225,2.0197675,0
1.0,0.96633554,2.1528196,0
1.0,0.96928596,2.1956081,0
1.0,0.97030824,2.2022111,0
1.0,0.96814317,2.1828475,0
1.0,0.96456224,2.1203253,0
1.0,0.9652193,2.0719829,0
1.0,0.9667176,2.1522155,0
1.0,0.9646985,2.2264333,0
1.0,0.9680083,2.2671864,0
1.0,0.96932876,2.2439804,0
1.0,0.9715568,2.1755302,0
1.0,0.9703965,2.0797772,0
1.0,0.9719935,2.0474596,0
1.0,0.97583145,2.0829787,0
1.0,0.9757317,2.144359,0
1.0,0.97474253,2.2488627,0
1.0,0.9761622,2.3339682,0
1.0,0.97826433,2.4122505,0
1.0,0.9773637,2.451083,0
1.0,0.9775333,2.4370418,0
1.0,0.9793479,2.4372349,0
1.0,0.9811835,2.4708018,0
1.0,0.98052764,2.5362597,0
1.0,0.98040444,2.6678915,0
1.0,0.98132366,2.6883268,0
1.0,0.98269916,2.6337214,0
1.0,0.98257786,2.6078951,0
1.0,0.98178536,2.5738838,0
1.0,0.98257256,2.5455966,0
1.0,0.98356426,2.5377243,0
1.0,0.9814431,2.525202,0
1.0,0.97935563,2.4635665,0
1.0,0.98003894,2.4962456,0
1.0,0.9825668,2.6634953,0
1.0,0.98198605,2.7834127,0
1.0,0.9813348,2.818448,0
1.0,0.9829937,2.8077745,0
1.0,0.98379993,2.7303495,0
1.0,0.98191637,2.6023378,0
1.0,0.97898656,2.5254583,0
1.0,0.98069143,2.482758,0
1.0,0.981961,2.4559627,0
1.0,0.9814186,2.4282343,0
1.0,0.97961617,2.3911982,0
1.0,0.9785074,2.3592672,0
1.0,0.97640073,2.3514204,0
1.0,0.9774639,2.384272,0
1.0,0.97860795,2.4167776,0
1.0,0.98063743,2.4303436,0
1.0,0.98266983,2.408441,0
1.0,0.9840709,2.4003859,0
1.0,0.9842188,2.3917637,0
1.0,0.9845632,2.366425,0
1.0,0.98439217,2.3161016,0
1.0,0.98414296,2.2134228,0
1.0,0.9827765,2.079767,0
1.0,0.9812011,2.038003,0
1.0,0.98265207,2.0537786,0
1.0,0.98204386,2.0352335,0
1.0,0.9785049,2.0228426,0
1.0,0.97782326,2.021068,0
1.0,0.97843605,1.9942063,0
1.0,0.9786265,1.990685,0
1.0,0.9753346,2.0130415,0
1.0,0.97742236,1.9568169,0
1.0,0.9792844,1.9106764,0
1.0,0.9808133,1.9297786,0
1.0,0.98309904,2.0242414,0
1.0,0.9861274,2.148943,0
1.0,0.9865889,2.1922708,0
1.0,0.9846086,2.1616402,0
1.0,0.98194814,2.135641,0
1.0,0.98098695,2.1505828,0
1.0,0.9824953,2.1950598,0
1.0,0.9836908,2.2673764,0
1.0,0.9823418,2.326274,0
1.0,0.9824172,2.3666189,0
1.0,0.9827155,2.347272,0
1.0,0.98006034,2.1912048,0
1.0,0.97363764,1.9906932,0
1.0,0.97497547,1.861432,0
1.0,0.97533697,1.7773421,0
1.0,0.97299427,1.7898736,0
1.0,0.9713217,1.852931,0
1.0,0.9746807,1.9106324,0
1.0,0.97676975,1.9813607,0
1.0,0.9733285,1.999839,0
1.0,0.9706608,1.9686979,0
1.0,0.9672477,1.9768215,0
1.0,0.9644152,1.9630153,0
1.0,0.9542606,1.9220383,0
1.0,0.9582726,1.9320899,0
1.0,0.9625005,1.9457512,0
1.0,0.9694508,1.9546456,0
1.0,0.9664115,1.9037205,0
1.0,0.9655246,1.8124796,0
1.0,0.96951073,1.7590877,0
1.0,0.97258323,1.665278,0
1.0,0.96413404,1.4998693,0
1.0,0.95677096,1.3394442,0
1.0,0.96383315,1.2559171,0
1.0,0.9658878,1.2394319,0
1.0,0.95736814,1.2621452,0
1.0,0.95403343,1.3622484,0
1.0,0.965776,1.5170474,0
1.0,0.97473925,1.6338844,0
1.0,0.9712261,1.6383307,0
1.0,0.9694438,1.6074281,0
1.0,0.97419125,1.5670156,0
1.0,0.9774508,1.515889,0
1.0,0.9730302,1.5014589,0
1.0,0.9732314,1.5555674,0
1.0,0.9772186,1.7098897,0
1.0,0.9833181,1.8648742,0
1.0,0.98409617,1.8326589,0
1.0,0.98047787,1.7499459,0
1.0,0.9788785,1.7182776,0
1.0,0.983602,1.6774614,0
1.0,0.9820759,1.6088514,0
1.0,0.9793236,1.5560281,0
1.0,0.9791374,1.5571177,0
1.0,0.9807358,1.6951668,0
1.0,0.9776084,1.9632432,0
1.0,0.9754498,2.157913,0
1.0,0.9779528,2.1662717,0
1.0,0.98032254,2.1924722,0
1.0,0.9794698,2.152672,0
1.0,0.97473097,2.1194227,0
1.0,0.97370285,2.1238558,0
1.0,0.97374505,2.2142022,0
1.0,0.975343,2.3036015,0
1.0,0.9741967,2.405947,0
1.0,0.97483236,2.5015619,0
1.0,0.9733276,2.5218039,0
1.0,0.9741542,2.5105689,0
1.0,0.9699915,2.4080591,0
1.0,0.96762645,2.267285,0
1.0,0.9610026,2.1847122,0
1.0,0.9671553,2.2222679,0
1.0,0.9715675,2.2347417,0
1.0,0.976115,2.2483828,0
1.0,0.9744152,2.2510157,0
1.0,0.97581315,2.2491257,0
1.0,0.97452277,2.1836948,0
1.0,0.97735536,2.0182784,0
1.0,0.97345144,1.8546673,0
1.0,0.9742683,1.8446684,0
1.0,0.9711104,1.9012352,0
1.0,0.9752635,2.01085,0
1.0,0.9706072,2.1046576,0
1.0,0.97741485,2.2356129,0
1.0,0.9819319,2.279048,0
1.0,0.9854172,2.2074087,0
1.0,0.98263377,2.0320048,0
1.0,0.98187214,1.7925655,0
1.0,0.98313046,1.6292074,0
1.0,0.9824111,1.6442711,0
1.0,0.97782934,1.650913,0
1.0,0.976396,1.7216276,0
1.0,0.9760065,1.7267263,0
1.0,0.97402054,1.679069,0
1.0,0.972345,1.5590658,0
1.0,0.97265345,1.4640846,0
1.0,0.97358996,1.3634394,0
1.0,0.97491586,1.3326659,0
1.0,0.97370106,1.4185255,0
1.0,0.97677386,1.574556,0
1.0,0.9803491,1.6848025,0
1.0,0.9817006,1.7539434,0
1.0,0.9816673,1.7417275,0
1.0,0.98238117,1.6693894,0
1.0,0.98312885,1.6362484,0
1.0,0.98153573,1.6266012,0
1.0,0.98049724,1.6455164,0
1.0,0.98016924,1.7381055,0
1.0,0.9797346,1.8306798,0
1.0,0.9808539,1.9961007,0
1.0,0.979702,2.0630841,0
1.0,0.98036855,2.070818,0
1.0,0.97821724,2.0561314,0
1.0,0.97866714,1.9587123,0
1.0,0.9758394,1.8548557,0
1.0,0.97652847,1.8594637,0
1.0,0.9748447,1.9653174,0
1.0,0.9782058,2.1268039,0
1.0,0.9790466,2.214395,0
1.0,0.98096126,2.186222,0
1.0,0.9811524,2.1527352,0
1.0,0.98245907,2.1357205,0
1.0,0.98160124,2.126666,0
1.0,0.98027945,2.170702,0
1.0,0.9780057,2.3768263,0
1.0,0.98185366,2.6146271,0
1.0,0.9834906,2.683424,0
1.0,0.98348963,2.6944652,0
1.0,0.9809787,2.6750612,0
1.0,0.9832728,2.596198,0
1.0,0.9840799,2.4598136,0
1.0,0.98324454,2.3409493,0
1.0,0.97981,2.398843,0
1.0,0.98107564,2.56615,0
1.0,0.98037213,2.7122753,0
1.0,0.9797794,2.745078,0
1.0,0.9778106,2.7364826,0
1.0,0.9757986,2.73144,0
1.0,0.9759473,2.7085214,0
1.0,0.9746951,2.6489108,0
1.0,0.97246134,2.7160368,0
1.0,0.9718925,2.7562056,0
1.0,0.9727796,2.7958183,0
1.0,0.9758672,2.8633335,0
1.0,0.9753111,2.8464613,0
1.0,0.9755071,2.827733,0
1.0,0.9746693,2.823574,0
1.0,0.9736356,2.7898033,0
1.0,0.9712922,2.7616324,0
1.0,0.9709207,2.8265588,0
1.0,0.9737925,2.9677134,0
1.0,0.97759503,3.067385,0
1.0,0.97834796,3.0716567,0
1.0,0.97736883,3.0759175,0
1.0,0.97703254,3.0427046,0
1.0,0.9772519,2.9416718,0
1.0,0.9753499,2.7855566,0
1.0,0.97244817,2.6684396,0
1.0,0.973898,2.7586908,0
1.0,0.97646797,2.9052439,0
1.0,0.9761716,2.9975982,0
1.0,0.9771294,3.0724406,0
1.0,0.9805493,3.1237698,0
1.0,0.9819865,3.0590475,0
1.0,0.98138994,2.8717928,0
1.0,0.9781456,2.7041597,0
1.0,0.97919285,2.6596866,0
1.0,0.98024803,2.7582629,0
1.0,0.9801517,2.8346202,0
1.0,0.97929585,2.8538868,0
1.0,0.9785367,2.8641338,0
1.0,0.9782315,2.8522258,0
1.0,0.9767662,2.783421,0
1.0,0.97617847,2.6641817,0
1.0,0.97626084,2.6202524,0
1.0,0.97951895,2.6216826,0
1.0,0.9819458,2.5957818,0
1.0,0.9820259,2.5912743,0
1.0,0.9824455,2.6134942,0
1.0,0.9843315,2.672243,0
1.0,0.9852722,2.8115587,0
1.0,0.9854778,2.8127317,0
1.0,0.9845558,2.64067,0
1.0,0.9858532,2.5741014,0
1.0,0.9847274,2.5697155,0
1.0,0.9843121,2.5794961,0
1.0,0.98130023,2.5706837,0
1.0,0.98347175,2.579574,0
1.0,0.98125386,2.5084531,0
1.0,0.98216164,2.4076858,0
1.0,0.9799274,2.3257406,0
1.0,0.9808442,2.329313,0
1.0,0.97724676,2.358717,0
1.0,0.9788836,2.4037676,0
1.0,0.97850305,2.3953505,0
1.0,0.98089725,2.3920262,0
1.0,0.9794953,2.384299,0
1.0,0.97714853,2.3524313,0
1.0,0.97649175,2.2563734,0
1.0,0.9762071,2.2316623,0
1.0,0.97743773,2.3390298,0
1.0,0.97873724,2.4495685,0
1.0,0.9786323,2.5472255,0
1.0,0.977462,2.535806,0
1.0,0.9779394,2.4275296,0
1.0,0.9772134,2.3429313,0
1.0,0.9778024,2.3364863,0
1.0,0.97943944,2.4219348,0
1.0,0.9820545,2.550761,0
1.0,0.9832028,2.5836809,0
1.0,0.9842626,2.543429,0
1.0,0.9814594,2.3956866,0
1.0,0.98287475,2.1312933,0
1.0,0.98191077,1.9847913,0
1.0,0.9820519,2.0735152,0
1.0,0.98031235,2.19926,0
1.0,0.9827307,2.3414755,0
1.0,0.9828373,2.394464,0
1.0,0.98323214,2.4129767,0
1.0,0.98237085,2.390351,0
1.0,0.983481,2.375795,0
1.0,0.9843775,2.3448153,0
1.0,0.9835745,2.2946703,0
1.0,0.9798937,2.2211323,0
1.0,0.9805634,2.2171662,0
1.0,0.9828098,2.170317,0
1.0,0.97975165,2.1285458,0
1.0,0.9729537,2.1122627,0
1.0,0.973443,2.1013572,0
1.0,0.9745103,2.0483007,0
1.0,0.97041905,2.0304265,0
1.0,0.9648727,1.9692154,0
1.0,0.9700623,1.8956728,0
1.0,0.9767595,1.9138086,0
1.0,0.977146,1.9052103,0
1.0,0.97723615,1.881345,0
1.0,0.98069143,1.9234629,0
1.0,0.9804782,1.9070705,0
1.0,0.9734101,1.8204916,0
1.0,0.97224337,1.6620016,0
1.0,0.9702354,1.5970371,0
1.0,0.9767766,1.6159728,0
1.0,0.9725073,1.615849,0
1.0,0.9707435,1.7039218,0
1.0,0.9697794,1.8793525,0
1.0,0.97519284,1.8831215,0
1.0,0.96802014,1.7576166,0
1.0,0.964426,1.6699709,0
1.0,0.9643659,1.5866325,0
1.0,0.9628048,1.5601984,0
1.0,0.9615159,1.5601913,0
1.0,0.9668947,1.5712497,0
1.0,0.97260046,1.5774792,0
1.0,0.9732737,1.5814835,0
1.0,0.9714101,1.5436008,0
1.0,0.9712281,1.4806889,0
1.0,0.9708971,1.3830137,0
1.0,0.96905184,1.3699188,0
1.0,0.9699821,1.5089068,0
1.0,0.9757296,1.7108147,0
1.0,0.9763575,1.8366964,0
1.0,0.9782708,1.8675394,0
1.0,0.9801814,1.815549,0
1.0,0.9822985,1.74154,0
1.0,0.98107845,1.7061063,0
1.0,0.9800812,1.6134838,0
1.0,0.97986025,1.5384213,0
1.0,0.981156,1.581986,0
1.0,0.9805116,1.664196,0
1.0,0.98005015,1.9317697,0
1.0,0.97611994,2.0825584,0
1.0,0.9774958,2.1221805,0
1.0,0.97958004,2.0729966,0
1.0,0.98207676,2.0444674,0
1.0,0.980431,2.033108,0
1.0,0.98126835,1.959647,0
1.0,0.98098445,1.8271916,0
1.0,0.98255664,1.8360925,0
1.0,0.9828067,1.8668469,0
1.0,0.9842801,1.895443,0
1.0,0.9828096,1.9335726,0
1.0,0.98127705,1.9076481,0
1.0,0.9808662,1.9232919,0
1.0,0.98118675,1.9923307,0
1.0,0.97848034,2.0973656,0
1.0,0.9774865,2.2247622,0
1.0,0.9763798,2.2435682,0
1.0,0.9794826,2.2267413,0
1.0,0.9799834,2.1984212,0
1.0,0.9771987,2.138912,0
1.0,0.97737783,2.0076768,0
1.0,0.9764776,1.8177559,0
1.0,0.9761437,1.6939733,0
1.0,0.9735441,1.6865921,0
1.0,0.97731507,1.7536204,0
1.0,0.9801925,1.8650758,0
1.0,0.9821361,1.9251306,0
1.0,0.9809357,1.9105963,0
1.0,0.9852742,1.9279671,0
1.0,0.98580253,1.963424,0
1.0,0.98614997,1.9813151,0
1.0,0.98277664,1.8510386,0
1.0,0.985168,1.7327338,0
1.0,0.98426867,1.6966547,0
1.0,0.98320836,1.6822691,0
1.0,0.97922826,1.6710604,0
1.0,0.98067284,1.6793137,0
1.0,0.980455,1.6792394,0
1.0,0.98026717,1.7076339,0
1.0,0.97959685,1.7329674,0
1.0,0.9841447,1.7889004,0
1.0,0.9848467,1.7464457,0
1.0,0.98427445,1.6506169,0
1.0,0.9847089,1.6261473,0
1.0,0.9850472,1.6116402,0
1.0,0.9854704,1.5870676,0
1.0,0.9831214,1.5560526,0
1.0,0.98271906,1.4666629,0
1.0,0.98314303,1.4415917,0
1.0,0.9783945,1.4391193,0
1.0,0.970426,1.4327569,0
1.0,0.96655154,1.442159,0
1.0,0.9686168,1.4805925,0
1.0,0.9662743,1.564092,0
1.0,0.9643702,1.7965391,0
1.0,0.973893,2.0456653,0
1.0,0.97893584,2.0947368,0
1.0,0.98120224,2.031458,0
1.0,0.9797276,1.9420191,0
1.0,0.9824296,1.9341397,0
1.0,0.9815947,1.9225355,0
1.0,0.9796537,1.8604687,0
1.0,0.97435975,1.7364067,0
1.0,0.97751653,1.7525575,0
1.0,0.9772315,1.9660916,0
1.0,0.97512656,2.1241856,0
1.0,0.9726261,2.1834154,0
1.0,0.9738757,2.1882133,0
1.0,0.9782963,2.1913397,0
1.0,0.9735324,2.1818588,0
1.0,0.97298163,2.1673636,0
1.0,0.9723689,2.1638355,0
1.0,0.9741451,2.1382146,0
1.0,0.9770304,2.1420221,0
1.0,0.9798703,2.1663556,0
1.0,0.97911453,2.1648657,0
1.0,0.98119223,2.1492047,0
1.0,0.9796316,2.112485,0
1.0,0.9810683,2.119166,0
1.0,0.9765227,2.304938,0
1.0,0.9797163,2.6631844,0
1.0,0.98186374,2.912976,0
1.0,0.9836404,2.94807,0
1.0,0.9816228,2.924369,0
1.0,0.98223674,2.9045978,0
1.0,0.97995293,2.876054,0
1.0,0.97993416,2.671232,0
1.0,0.9736405,2.4929256,0
1.0,0.97522765,2.5992599,0
1.0,0.97526747,2.6354084,0
1.0,0.97788346,2.6367311,0
1.0,0.9742897,2.6163454,0
1.0,0.97496504,2.5907123,0
1.0,0.9772798,2.589182,0
1.0,0.9783176,2.6496644,0
1.0,0.9730944,2.6302385,0
1.0,0.9749531,2.5000913,0
1.0,0.97592825,2.4779196,0
1.0,0.9795425,2.5099802,0
1.0,0.9760572,2.5035486,0
1.0,0.97918653,2.5336385,0
1.0,0.97878814,2.5835428,0
1.0,0.9786209,2.571486,0
1.0,0.97373766,2.538698,0
1.0,0.9758553,2.5230389,0
1.0,0.97681296,2.503834,0
1.0,0.9795129,2.5643466,0
1.0,0.9765262,2.6320825,0
1.0,0.9768118,2.6639085,0
1.0,0.97761476,2.6983035,0
1.0,0.976036,2.7026868,0
1.0,0.9707802,2.5657172,0
1.0,0.9696482,2.337355,0
1.0,0.97274643,2.1645403,0
1.0,0.97550833,2.1399941,0
1.0,0.97464776,2.156266,0
1.0,0.97494316,2.220881,0
1.0,0.9786679,2.272424,0
1.0,0.9796178,2.3168063,0
1.0,0.9778763,2.2475858,0
1.0,0.97829664,2.097118,0
1.0,0.97893894,2.0970588,0
1.0,0.97675806,2.154571,0
1.0,0.9733087,2.203061,0
1.0,0.9728084,2.2096128,0
1.0,0.97506,2.215519,0
1.0,0.9724324,2.2222505,0
1.0,0.971007,2.2342732,0
1.0,0.9696333,2.2956963,0
1.0,0.9740329,2.2636185,0
1.0,0.9742278,2.1977918,0
1.0,0.9743636,2.211671,0
1.0,0.9760032,2.2232933,0
1.0,0.97803843,2.1789646,0
1.0,0.979325,2.1585617,0
1.0,0.97928256,2.1995091,0
1.0,0.98012495,2.3612251,0
1.0,0.9820306,2.525611,0
1.0,0.98298097,2.5665803,0
1.0,0.9823371,2.492753,0
1.0,0.9826482,2.4817753,0
1.0,0.9824906,2.4354556,0
1.0,0.98049474,2.3330793,0
1.0,0.9781637,2.2238586,0
1.0,0.9746113,2.2543297,0
1.0,0.9782073,2.3514056,0
1.0,0.9775171,2.4279985,0
1.0,0.97763294,2.4948251,0
1.0,0.9770373,2.445885,0
1.0,0.98008794,2.3728776,0
1.0,0.98041797,2.376781,0
1.0,0.97942287,2.4697258,0
1.0,0.97588843,2.5366733,0
1.0,0.97581726,2.5699723,0
1.0,0.9780753,2.597825,0
1.0,0.9792843,2.5808854,0
1.0,0.9767645,2.5794394,0
1.0,0.9757642,2.582602,0
1.0,0.97557735,2.4942155,0
1.0,0.9755735,2.361711,0
1.0,0.9708537,2.3490853,0
1.0,0.9735398,2.5026693,0
1.0,0.97765464,2.6695411,0
1.0,0.9825187,2.7353933,0
1.0,0.9811779,2.7191544,0
1.0,0.983096,2.7359345,0
1.0,0.9850904,2.7793405,0
1.0,0.98599863,2.7003603,0
1.0,0.9834115,2.4721177,0
1.0,0.98327315,2.2789268,0
1.0,0.98405313,2.1926193,0
1.0,0.98348665,2.2513995,0
1.0,0.9795831,2.3187652,0
1.0,0.97789246,2.393529,0
1.0,0.97838813,2.4611166,0
1.0,0.97978413,2.5384088,0
1.0,0.9759294,2.430924,0
1.0,0.9765123,2.3369086,0
1.0,0.9768693,2.3220656,0
1.0,0.97938114,2.3143997,0
1.0,0.9715186,2.3407812,0
1.0,0.9719925,2.4385362,0
1.0,0.97372353,2.4550343,0
1.0,0.9762324,2.362655,0
1.0,0.97066754,2.2572246,0
1.0,0.97044075,2.173577,0
1.0,0.9680341,2.0859857,0
1.0,0.97012275,2.1076274,0
1.0,0.965023,2.138907,0
1.0,0.96522397,2.1657574,0
1.0,0.9645272,2.1890934,0
1.0,0.96563184,2.1746128,0
1.0,0.9558885,1.9867524,0
1.0,0.9536666,1.7705052,0
1.0,0.9561801,1.6349891,0
1.0,0.9596296,1.6128643,0
1.0,0.94982874,1.6632664,0
1.0,0.9524251,1.7375833,0
1.0,0.94949836,1.7200745,0
1.0,0.94551307,1.7077733,0
1.0,0.93522865,1.6891203,0
1.0,0.94054943,1.7057502,0
1.0,0.9420447,1.6935111,0
1.0,0.9502409,1.6576948,0
1.0,0.9544864,1.5982704,0
1.0,0.95718,1.5391434,0
1.0,0.9575855,1.5375323,0
1.0,0.9628594,1.6679422,0
1.0,0.9642085,1.6990253,0
1.0,0.9641206,1.6920542,0
1.0,0.966812,1.6678157,0
1.0,0.9681787,1.6175119,0
1.0,0.9687686,1.5649395,0
1.0,0.96548593,1.4651515,0
1.0,0.9671803,1.4057131,0
1.0,0.9693804,1.4209743,0
1.0,0.9717243,1.4363633,0
1.0,0.9701801,1.4318382,0
1.0,0.96694785,1.4239267,0
1.0,0.9643129,1.3898138,0
1.0,0.9648453,1.3484812,0
1.0,0.9620355,1.3115262,0
1.0,0.96202946,1.293707,0
1.0,0.9616567,1.3010089,0
1.0,0.9624514,1.306487,0
1.0,0.95732313,1.2658229,0
1.0,0.9550437,1.2407006,0
1.0,0.9469869,1.2130977,0
1.0,0.94675916,1.1723391,0
1.0,0.9435415,1.178396,0
1.0,0.94850236,1.2050548,0
1.0,0.9413985,1.1883714,0
1.0,0.94807273,1.2179599,0
1.0,0.9443358,1.2057065,0
1.0,0.95836544,1.2339929,0
1.0,0.947652,1.2134688,0
1.0,0.95144165,1.2330589,0
1.0,0.9448198,1.251017,0
1.0,0.9527899,1.2362537,0
1.0,0.940324,1.012156,0
1.0,0.92279524,0.8841058,0
1.0,0.9155789,0.8310983,0
1.0,0.9325751,0.846678,0
1.0,0.92726904,0.8540536,0
1.0,0.9234589,0.8361736,0
1.0,0.9033636,0.79602873,0
1.0,0.93942976,0.86933804,0
1.0,0.94015753,0.87522256,0
1.0,0.9450348,0.90132535,0
1.0,0.936767,0.9146515,0
1.0,0.9603509,0.94982386,0
1.0,0.9571136,0.9214415,0
1.0,0.9543079,0.9182693,0
1.0,0.94597995,0.9162184,0
1.0,0.9652637,0.9751147,0
1.0,0.9639493,1.0235342,0
1.0,0.95938927,1.0284967,0
1.0,0.9534786,1.0275295,0
1.0,0.95865554,1.047955,0
1.0,0.95168257,1.016012,0
1.0,0.92944443,0.9329493,0
1.0,0.9372279,0.86099213,0
1.0,0.9456829,0.8615807,0
1.0,0.940202,0.8889851,0
1.0,0.9501473,0.93472815,0
1.0,0.9554835,1.0287709,0
1.0,0.966076,1.1139054,0
1.0,0.9662937,1.1203449,0
1.0,0.97033226,1.0910954,0
1.0,0.97439516,1.0553712,0
1.0,0.9735101,1.0202292,0
1.0,0.9705166,1.0599222,0
1.0,0.9694921,1.1360754,0
1.0,0.9733304,1.2104865,0
1.0,0.97497034,1.2284403,0
1.0,0.9723283,1.1952741,0
1.0,0.9688468,1.1767662,0
1.0,0.9750691,1.1736879,0
1.0,0.9708081,1.1472898,0
1.0,0.96915734,1.1733699,0
1.0,0.96573347,1.1828632,0
1.0,0.9761514,1.2142897,0
1.0,0.97892636,1.2479619,0
1.0,0.9757488,1.2627156,0
1.0,0.9758387,1.2646174,0
1.0,0.9803874,1.2583671,0
1.0,0.9801839,1.2173194,0
1.0,0.9775588,1.1373408,0
1.0,0.9768152,1.1234708,0
1.0,0.97970897,1.1557195,0
1.0,0.98144174,1.2329205,0
1.0,0.983036,1.3852185,0
1.0,0.98112893,1.5087254,0
1.0,0.9837209,1.6032727,0
1.0,0.9855381,1.5787411,0
1.0,0.98409295,1.5016465,0
1.0,0.9815353,1.4358329,0
1.0,0.98295355,1.3501663,0
1.0,0.9811163,1.290997,0
1.0,0.9809972,1.2889823,0
1.0,0.97890663,1.298984,0
1.0,0.983826,1.3551288,0
1.0,0.98401374,1.3817089,0
1.0,0.9822107,1.3839182,0
1.0,0.980139,1.4061909,0
1.0,0.98121154,1.387537,0
1.0,0.98124725,1.4101763,0
1.0,0.9809434,1.4854469,0
1.0,0.9794241,1.5023448,0
1.0,0.9781699,1.5355593,0
1.0,0.9774709,1.6257172,0
1.0,0.97945327,1.6397963,0
1.0,0.9781877,1.653877,0
1.0,0.97880447,1.653142,0
1.0,0.9766658,1.6272781,0
1.0,0.9753254,1.6845484,0
1.0,0.97229576,1.7818444,0
1.0,0.972904,1.8456355,0
1.0,0.9744684,1.8728716,0
1.0,0.97537404,1.875537,0
1.0,0.9744917,1.8550332,0
1.0,0.97668195,1.8505518,0
1.0,0.97882265,1.8217647,0
1.0,0.97863775,1.6933882,0
1.0,0.9769042,1.5595546,0
1.0,0.97421557,1.4471138,0
1.0,0.96856314,1.4181825,0
1.0,0.9598739,1.4312248,0
1.0,0.95052433,1.4670191,0
1.0,0.9507066,1.5065551,0
1.0,0.9396067,1.4825705,0
1.0,0.9381112,1.4797392,0
1.0,0.93129605,1.4833758,0
1.0,0.94239867,1.5091263,0
1.0,0.93172157,1.4840066,0
1.0,0.92713296,1.4553294,0
1.0,0.9174804,1.4106519,0
1.0,0.94389665,1.4996343,0
1.0,0.9364505,1.481297,0
1.0,0.93691474,1.4247538,0
1.0,0.9386123,1.4039001,0
1.0,0.95539206,1.4102113,0
1.0,0.9417703,1.3365135,0
1.0,0.94123507,1.2890158,0
1.0,0.92887247,1.2314458,0
1.0,0.9498586,1.2929513,0
1.0,0.92831045,1.2722366,0
1.0,0.92591476,1.2896969,0
1.0,0.91007984,1.2093382,0
1.0,0.9456978,1.2306193,0
1.0,0.9414301,1.2367675,0
1.0,0.950067,1.3090687,0
1.0,0.9421456,1.3507189,0
1.0,0.9611399,1.4150901,0
1.0,0.9528593,1.3563483,0
1.0,0.9570779,1.3579664,0
1.0,0.947152,1.394625,0
1.0,0.96122736,1.4897385,0
1.0,0.9561643,1.4859115,0
1.0,0.95843726,1.4604528,0
1.0,0.9562986,1.3997341,0
1.0,0.9650069,1.3829378,0
1.0,0.96348995,1.4103204,0
1.0,0.9654386,1.5007292,0
1.0,0.9601242,1.549196,0
1.0,0.9723746,1.6157111,0
1.0,0.97438264,1.6855515,0
1.0,0.9736043,1.7020658,0
1.0,0.969738,1.6553401,0
1.0,0.97557515,1.6113199,0
1.0,0.97328454,1.5458422,0
1.0,0.97135293,1.5210674,0
1.0,0.96737415,1.5323741,0
1.0,0.9737554,1.5714152,0
1.0,0.9727946,1.5143802,0
1.0,0.97384,1.5032063,0
1.0,0.97261465,1.4799223,0
1.0,0.971617,1.416045,0
1.0,0.96916157,1.4114517,0
1.0,0.96911967,1.3948715,0
1.0,0.971099,1.4155145,0
1.0,0.97273546,1.5373316,0
1.0,0.96963733,1.5996873,0
1.0,0.97112346,1.6038437,0
1.0,0.9729346,1.5696701,0
1.0,0.97949123,1.5293019,0
1.0,0.979704,1.5105472,0
1.0,0.9798671,1.5153815,0
1.0,0.9791732,1.4853468,0
1.0,0.9789595,1.4570227,0
1.0,0.97684735,1.4472914,0
1.0,0.9758399,1.4529843,0
1.0,0.9696333,1.4444724,0
1.0,0.9670346,1.4491265,0
1.0,0.9645104,1.4655831,0
1.0,0.9649196,1.4474318,0
1.0,0.96203375,1.4342455,0
1.0,0.9649497,1.4734461,0
1.0,0.9694244,1.5018966,0
1.0,0.97048587,1.5198058,0
1.0,0.9733976,1.4894141,0
1.0,0.9748248,1.4638005,0
1.0,0.97534925,1.463207,0
1.0,0.97345316,1.4779187,0
1.0,0.9736168,1.504409,0
1.0,0.9744942,1.5088512,0
1.0,0.97990876,1.5581787,0
1.0,0.98065346,1.6177549,0
1.0,0.9805555,1.6656959,0
1.0,0.97793365,1.7061303,0
1.0,0.9814565,1.7292005,0
1.0,0.977629,1.6794856,0
1.0,0.97244835,1.5975827,0
1.0,0.9666885,1.4968345,0
1.0,0.96933395,1.4761198,0
1.0,0.96688306,1.4529128,0
1.0,0.96831405,1.4720292,0
1.0,0.96942407,1.5050497,0
1.0,0.9728904,1.5263762,0
1.0,0.9697842,1.5409162,0
1.0,0.96604955,1.5822715,0
1.0,0.9629361,1.6338757,0
1.0,0.963621,1.6449413,0
1.0,0.9658648,1.6428939,0
1.0,0.9655157,1.6542157,0
1.0,0.9622611,1.6713536,0
1.0,0.96493495,1.6876019,0
1.0,0.97066915,1.678827,0
1.0,0.9680351,1.5933853,0
1.0,0.96276224,1.4747248,0
1.0,0.9561683,1.3611047,0
1.0,0.9576398,1.296154,0
1.0,0.95367223,1.2923285,0
1.0,0.9546523,1.3337697,0
1.0,0.9426793,1.3895876,0
1.0,0.9560127,1.6062216,0
1.0,0.95889217,1.7111924,0
1.0,0.96529984,1.7463825,0
1.0,0.9645279,1.7619535,0
1.0,0.97011113,1.7296822,0
1.0,0.970318,1.6813383,0
1.0,0.9726165,1.6866431,0
1.0,0.96819276,1.6866415,0
1.0,0.97211635,1.7361917,0
1.0,0.9742895,1.7676464,0
1.0,0.97585255,1.7409898,0
1.0,0.97174734,1.6534977,0
1.0,0.9752246,1.6208438,0
1.0,0.97710323,1.5847242,0
1.0,0.980212,1.5686358,0
1.0,0.97654,1.5574925,0
1.0,0.9768876,1.5766478,0
1.0,0.979427,1.5316157,0
1.0,0.9824148,1.4575016,0
1.0,0.9794814,1.5077984,0
1.0,0.98127663,1.5632998,0
1.0,0.9841374,1.5946329,0
1.0,0.98442554,1.6237296,0
1.0,0.98143137,1.5741343,0
1.0,0.97872454,1.5320814,0
1.0,0.9777049,1.5384629,0
1.0,0.9770315,1.5479426,0
1.0,0.9733148,1.5774853,0
1.0,0.9692384,1.6726015,0
1.0,0.96975154,1.8238823,0
1.0,0.97311753,1.9873315,0
1.0,0.9733881,2.1049201,0
1.0,0.97489876,1.9835565,0
1.0,0.9763797,1.8713597,0
1.0,0.98083615,1.830717,0
1.0,0.9807746,1.7572415,0
1.0,0.9800795,1.7248907,0
1.0,0.97954136,1.7043867,0
1.0,0.9803454,1.6888744,0
1.0,0.9806954,1.6863323,0
1.0,0.98074186,1.6623361,0
1.0,0.97873837,1.7028794,0
1.0,0.97717404,1.785964,0
1.0,0.97393996,1.8396106,0
1.0,0.9763823,1.8605785,0
1.0,0.9733681,1.8620346,0
1.0,0.9732434,1.9044474,0
1.0,0.9727931,1.9638249,0
1.0,0.97550565,1.9900433,0
1.0,0.9768838,2.0818372,0
1.0,0.9792668,2.1645854,0
1.0,0.98036665,2.1898408,0
1.0,0.9803365,2.2073793,0
1.0,0.97786707,2.1709766,0
1.0,0.9778566,2.1543527,0
1.0,0.9779548,2.1893508,0
1.0,0.9775134,2.2532594,0
1.0,0.98089325,2.4163237,0
1.0,0.98150337,2.488418,0
1.0,0.9825926,2.5091586,0
1.0,0.98295134,2.4597626,0
1.0,0.9825141,2.3276663,0
1.0,0.98124874,2.1556485,0
1.0,0.97887486,1.9603791,0
1.0,0.9790799,1.8868052,0
1.0,0.9786784,1.8763993,0
1.0,0.97761744,1.9154315,0
1.0,0.97661066,1.9686666,0
1.0,0.9750044,2.0237932,0
1.0,0.976494,2.1354876,0
1.0,0.97605634,2.2053585,0
1.0,0.9764524,2.2017007,0
1.0,0.9764015,2.1415439,0
1.0,0.97757316,2.052587,0
1.0,0.97728115,1.9649688,0
1.0,0.9761095,1.9457166,0
1.0,0.97467935,1.9916055,0
1.0,0.97765553,2.1480958,0
1.0,0.9795918,2.375154,0
1.0,0.98139656,2.5389955,0
1.0,0.9815703,2.5558214,0
1.0,0.981223,2.4744453,0
1.0,0.9805511,2.4303124,0
1.0,0.9793722,2.374018,0
1.0,0.9791474,2.3421073,0
1.0,0.9784626,2.3546848,0
1.0,0.97791415,2.31347,0
1.0,0.9782029,2.2505674,0
1.0,0.9780358,2.168439,0
1.0,0.97705704,2.0023105,0
1.0,0.9770445,1.9267755,0
1.0,0.97616094,1.913573,0
1.0,0.9777148,1.9449933,0
1.0,0.9783326,1.9936286,0
1.0,0.9778642,2.0853882,0
1.0,0.97895014,2.160793,0
1.0,0.980576,2.1819282,0
1.0,0.9816024,2.1978745,0
1.0,0.98221093,2.170631,0
1.0,0.9823156,2.1256578,0
1.0,0.9821469,2.0799692,0
1.0,0.98014224,1.9684147,0
1.0,0.9784067,1.8534402,0
1.0,0.97706956,1.8128811,0
1.0,0.9756172,1.8894002,0
1.0,0.97372234,1.940551,0
1.0,0.9705202,1.9454231,0
1.0,0.9704362,1.9244087,0
1.0,0.9685489,1.8630099,0
1.0,0.96962893,1.7206273,0
1.0,0.9689577,1.4710796,0
1.0,0.9713405,1.2496004,0
1.0,0.9702913,1.1478436,0
1.0,0.97294056,1.1463737,0
1.0,0.97148883,1.1946561,0
1.0,0.9695156,1.1614481,0
1.0,0.9631035,1.1329823,0
1.0,0.9585444,1.1638513,0
1.0,0.9568135,1.1833379,0
1.0,0.9530918,1.2283466,0
1.0,0.94896215,1.2990042,0
1.0,0.93656117,1.3171594,0
1.0,0.9406724,1.35602,0
1.0,0.9319225,1.310576,0
1.0,0.9288451,1.2448469,0
1.0,0.9171558,1.193104,0
1.0,0.92376363,1.1269343,0
1.0,0.9224126,1.047366,0
1.0,0.9286469,1.0404654,0
1.0,0.92550236,1.0493262,0
1.0,0.9325087,1.1022329,0
1.0,0.9303594,1.1215434,0
1.0,0.9333943,1.1315168,0
1.0,0.918147,1.1084255,0
1.0,0.9239296,1.1382174,0
1.0,0.9099884,1.105209,0
1.0,0.9154643,1.063896,0
1.0,0.8939384,1.0295382,0
1.0,0.9042931,1.0863233,0
1.0,0.8963906,1.1209856,0
1.0,0.91073513,1.1920693,0
1.0,0.90250784,1.1822426,0
1.0,0.91831034,1.2036494,0
1.0,0.9185859,1.2000014,0
1.0,0.9334842,1.237628,0
1.0,0.93742025,1.2772269,0
1.0,0.936238,1.2617154,0
1.0,0.94405115,1.3532718,0
1.0,0.95742375,1.4748733,0
1.0,0.95794547,1.4698359,0
1.0,0.9553952,1.4399049,0
1.0,0.9596103,1.3939383,0
1.0,0.9662099,1.3237437,0
1.0,0.96303445,1.2662575,0
1.0,0.9626332,1.2382534,0
1.0,0.9629316,1.2557504,0
1.0,0.968908,1.3193967,0
1.0,0.9711934,1.3926531,0
1.0,0.9699469,1.461478,0
1.0,0.9710344,1.5219445,0
1.0,0.97413003,1.5390756,0
1.0,0.9780392,1.499607,0
1.0,0.9774605,1.4449346,0
1.0,0.9785937,1.4374288,0
1.0,0.9801326,1.4384273,0
1.0,0.9830498,1.4486629,0
1.0,0.98212045,1.4339042,0
1.0,0.9824968,1.436234,0
1.0,0.98144794,1.4364799,0
1.0,0.9787063,1.400158,0
1.0,0.97701573,1.386498,0
1.0,0.9749288,1.3259467,0
1.0,0.9734095,1.2703388,0
1.0,0.97137195,1.2445238,0
1.0,0.97806484,1.2458191,0
1.0,0.97949654,1.2537625,0
1.0,0.97896725,1.3370396,0
1.0,0.9774433,1.4311264,0
1.0,0.9832349,1.4399086,0
1.0,0.9832876,1.3698035,0
1.0,0.9808718,1.2538285,0
1.0,0.9767908,1.1853167,0
1.0,0.98162454,1.1846617,0
1.0,0.9783276,1.1788327,0
1.0,0.97774,1.2041237,0
1.0,0.9716807,1.2272391,0
1.0,0.97899455,1.278842,0
1.0,0.9801206,1.3019474,0
1.0,0.97826743,1.2672212,0
1.0,0.96933794,1.1396549,0
1.0,0.9755391,1.0395348,0
1.0,0.97615254,0.97922575,0
1.0,0.9739915,0.9761992,0
1.0,0.96981144,1.0077004,0
1.0,0.97595334,1.0721864,0
1.0,0.9805917,1.124931,0
1.0,0.98172194,1.1671066,0
1.0,0.9797854,1.1732206,0
1.0,0.9821862,1.1873338,0
1.0,0.98479915,1.1717023,0
1.0,0.9827414,1.1267955,0
1.0,0.98000014,1.0904491,0
1.0,0.98066586,1.0432184,0
1.0,0.9810687,1.0542225,0
1.0,0.9825915,1.117135,0
1.0,0.982599,1.1542888,0
1.0,0.9837879,1.1700194,0
1.0,0.98264265,1.1704208,0
1.0,0.98081595,1.0812063,0
1.0,0.9799385,0.93017626,0
1.0,0.9774349,0.8686933,0
1.0,0.9776634,0.8906105,0
1.0,0.9710159,0.9362401,0
1.0,0.9784515,1.0262841,0
1.0,0.9761019,1.100915,0
1.0,0.97871166,1.1408875,0
1.0,0.97958654,1.1353071,0
1.0,0.98273325,1.1351485,0
1.0,0.9782381,1.1560209,0
1.0,0.97577024,1.1949573,0
1.0,0.9743381,1.1908948,0
1.0,0.9788316,1.2205834,0
1.0,0.97698337,1.2346797,0
1.0,0.9751922,1.2310903,0
1.0,0.9721643,1.2223125,0
1.0,0.97929597,1.2268958,0
1.0,0.9763672,1.1718488,0
1.0,0.97047776,1.1170914,0
1.0,0.9672733,1.1015257,0
1.0,0.9747336,1.1449208,0
1.0,0.96764404,1.141496,0
1.0,0.9661053,1.1367589,0
1.0,0.9673552,1.138869,0
1.0,0.97856605,1.1604705,0
1.0,0.97512686,1.1940333,0
1.0,0.972659,1.248719,0
1.0,0.9738176,1.2998701,0
1.0,0.97972095,1.3922002,0
1.0,0.97814894,1.4764392,0
1.0,0.9765645,1.5597858,0
1.0,0.97678465,1.5808499,0
1.0,0.9811007,1.5762317,0
1.0,0.979598,1.5385373,0
1.0,0.97844315,1.5067807,0
1.0,0.977284,1.5215865,0
1.0,0.98052925,1.5322613,0
1.0,0.9815492,1.5498605,0
1.0,0.98140806,1.5426896,0
1.0,0.97949743,1.5224085,0
1.0,0.97825617,1.5326449,0
1.0,0.9782267,1.5009855,0
1.0,0.9760636,1.4427472,0
1.0,0.97711223,1.5278203,0
1.0,0.9775097,1.5956695,0
1.0,0.9789371,1.6562486,0
1.0,0.9791059,1.7303901,0
1.0,0.976118,1.719497,0
1.0,0.98000187,1.6982726,0
1.0,0.98288685,1.6897011,0
1.0,0.982213,1.6877301,0
1.0,0.9786522,1.6868279,0
1.0,0.9784499,1.7083755,0
1.0,0.98219854,1.7543826,0
1.0,0.98204684,1.7860291,0
1.0,0.9803027,1.884935,0
1.0,0.9773632,2.0317273,0
1.0,0.98256093,2.0685117,0
1.0,0.9822083,2.0446658,0
1.0,0.97879595,2.0095232,0
1.0,0.97278637,1.9105939,0
1.0,0.9768882,1.8455949,0
1.0,0.9739643,1.7868341,0
1.0,0.97450227,1.7949469,0
1.0,0.9694651,1.8128796,0
1.0,0.9753406,1.9154519,0
1.0,0.9730207,2.0224323,0
1.0,0.9691321,1.9860036,0
1.0,0.96468127,1.9132016,0
1.0,0.9704121,1.8574215,0
1.0,0.9709919,1.8621929,0
1.0,0.97168744,1.9424778,0
1.0,0.9697655,1.9803227,0
1.0,0.9743411,1.9833488,0
1.0,0.9752499,1.9813477,0
1.0,0.9741303,1.9104964,0
1.0,0.9678668,1.8468302,0
1.0,0.96604294,1.8041444,0
1.0,0.962804,1.7359669,0
1.0,0.9617337,1.7350211,0
1.0,0.95258516,1.7764343,0
1.0,0.9505829,1.870441,0
1.0,0.9483504,1.862968,0
1.0,0.95296663,1.8125694,0
1.0,0.9493252,1.7178242,0
1.0,0.94285476,1.6271484,0
1.0,0.9452444,1.6426122,0
1.0,0.9456018,1.6654403,0
1.0,0.9473289,1.6246119,0
1.0,0.9515549,1.598159,0
1.0,0.9595842,1.5718195,0
1.0,0.9568885,1.5185835,0
1.0,0.96133155,1.5140026,0
1.0,0.9620172,1.524968,0
1.0,0.96207446,1.5136034,0
1.0,0.9571509,1.4996792,0
1.0,0.95108265,1.5729599,0
1.0,0.95013326,1.6151757,0
1.0,0.94753224,1.5082864,0
1.0,0.94973814,1.4653274,0
1.0,0.9479528,1.451123,0
1.0,0.9551682,1.5089928,0
1.0,0.95433754,1.6641873,0
1.0,0.95538205,1.7460126,0
1.0,0.9569586,1.6902373,0
1.0,0.9641053,1.6727712,0
1.0,0.9650181,1.7126428,0
1.0,0.96209043,1.7089658,0
1.0,0.9641008,1.684014,0
1.0,0.97421265,1.703402,0
1.0,0.9749291,1.7623236,0
1.0,0.97244185,1.8482397,0
1.0,0.97354114,1.8668331,0
1.0,0.9728961,1.8424839,0
1.0,0.9673788,1.8347794,0
1.0,0.9626983,1.8341191,0
1.0,0.9641472,1.8648839,0
1.0,0.9633928,1.8777394,0
1.0,0.962134,1.8557135,0
1.0,0.9603889,1.8139937,0
1.0,0.96435624,1.7920959,0
1.0,0.9674124,1.8944343,0
1.0,0.9681042,2.010289,0
1.0,0.96492475,2.0635526,0
1.0,0.9680788,2.209999,0
1.0,0.9705039,2.3782935,0
1.0,0.9715189,2.451807,0
1.0,0.96633655,2.4634492,0
1.0,0.9660401,2.4254985,0
1.0,0.96931547,2.3507423,0
1.0,0.97239405,2.32891,0
1.0,0.97163624,2.3696043,0
1.0,0.97234464,2.457167,0
1.0,0.9712253,2.436945,0
1.0,0.9708063,2.3654108,0
1.0,0.9694215,2.3110445,0
1.0,0.97006243,2.3107665,0
1.0,0.9705906,2.330451,0
1.0,0.9708797,2.2955267,0
1.0,0.968977,2.2851043,0
1.0,0.96978855,2.3132534,0
1.0,0.9713401,2.2885442,0
1.0,0.97310567,2.2231977,0
1.0,0.9708303,2.1441274,0
1.0,0.96993244,2.2702234,0
1.0,0.967432,2.3930879,0
1.0,0.9725434,2.4460232,0
1.0,0.9737144,2.4814692,0
1.0,0.9730507,2.5201259,0
1.0,0.9703039,2.550697,0
1.0,0.9751101,2.6206458,0
1.0,0.9735911,2.5660348,0
1.0,0.9739778,2.4940422,0
1.0,0.9679506,2.463288,0
1.0,0.9702482,2.4520168,0
1.0,0.9690579,2.41253,0
1.0,0.97059524,2.3699555,0
1.0,0.96405613,2.1716247,0
1.0,0.9634049,2.0736456,0
1.0,0.95406914,2.0001307,0
1.0,0.96018213,1.9900086,0
1.0,0.9494013,1.9465517,0
1.0,0.9496834,1.9559215,0
1.0,0.940928,1.9267911,0
1.0,0.95005614,1.9266467,0
1.0,0.9427737,2.023469,0
1.0,0.94884527,2.1576076,0
1.0,0.94619757,2.0969777,0
1.0,0.9644336,2.1388686,0
1.0,0.95830905,2.1797092,0
1.0,0.9531896,2.1988623,0
1.0,0.9390431,2.1959736,0
1.0,0.9598718,2.2683735,0
1.0,0.9560664,2.258238,0
1.0,0.94489527,2.2278013,0
1.0,0.9331434,2.2308474,0
1.0,0.9491019,2.2710547,0
1.0,0.95095176,2.2126899,0
1.0,0.9534974,2.2822514,0
1.0,0.9547185,2.3810472,0
1.0,0.9632469,2.3815384,0
1.0,0.96807,2.3722472,0
1.0,0.96972823,2.2895622,0
1.0,0.9724672,2.2665818,0
1.0,0.9736622,2.2838335,0
1.0,0.97701365,2.2194026,0
1.0,0.9753076,2.1108851,0
1.0,0.9769231,2.0658824,0
1.0,0.97601545,1.957903,0
1.0,0.9672408,1.943671,0
1.0,0.958049,2.061752,0
1.0,0.9642601,2.2637153,0
1.0,0.9628109,2.2752275,0
1.0,0.95794976,2.2387934,0
1.0,0.95669585,2.2198744,0
1.0,0.9666061,2.2178612,0
1.0,0.9581429,2.1626735,0
1.0,0.95225537,2.033301,0
1.0,0.95152175,1.8034445,0
1.0,0.9629205,1.772406,0
1.0,0.9534268,1.7844237,0
1.0,0.93440074,1.8955302,0
1.0,0.9365232,2.1316495,0
1.0,0.9561243,2.3201246,0
1.0,0.9598723,2.3421183,0
1.0,0.9564594,2.3428788,0
1.0,0.9538178,2.339993,0
1.0,0.9623102,2.2979836,0
1.0,0.94782245,2.0848603,0
1.0,0.93910646,1.9282066,0
1.0,0.9372496,1.9067595,0
1.0,0.94776636,1.9759169,0
1.0,0.94549114,2.114984,0
1.0,0.95153576,2.1196027,0
1.0,0.9586804,2.1352324,0
1.0,0.95966977,2.1333861,0
1.0,0.9596618,2.118548,0
1.0,0.95467025,2.0682163,0
1.0,0.96073437,2.0659664,0
1.0,0.96249115,2.0639825,0
1.0,0.9662516,2.091371,0
1.0,0.963123,2.1302724,0
1.0,0.9643003,2.1193843,0
1.0,0.96170795,1.9484556,0
1.0,0.9611614,1.8777034,0
1.0,0.96166986,1.8720559,0
1.0,0.95590323,1.8737389,0
1.0,0.94203204,1.8927433,0
1.0,0.954,1.9375098,0
1.0,0.9568205,1.904667,0
1.0,0.9532461,1.8985103,0
1.0,0.9412578,1.9233247,0
1.0,0.9417463,1.9200958,0
1.0,0.9440388,1.688585,0
1.0,0.92879087,1.3548661,0
1.0,0.92009175,1.1590127,0
1.0,0.9005119,1.1000435,0
1.0,0.90053666,1.2160339,0
1.0,0.92082083,1.368614,0
1.0,0.9216464,1.3853388,0
1.0,0.9325012,1.4200945,0
1.0,0.94625527,1.4961314,0
1.0,0.9489981,1.4217825,0
1.0,0.93143183,1.2301261,0
1.0,0.92272496,1.0246974,0
1.0,0.9305753,1.0225745,0
1.0,0.92985916,1.0799321,0
1.0,0.91430914,1.2105095,0
1.0,0.92273164,1.4109266,0
1.0,0.93547213,1.4788587,0
1.0,0.95217776,1.5231172,0
1.0,0.9486712,1.5148118,0
1.0,0.94416463,1.4854096,0
1.0,0.95625836,1.4457773,0
1.0,0.9671861,1.3352513,0
1.0,0.96691763,1.3160018,0
1.0,0.96542156,1.3545222,0
1.0,0.9706627,1.4086455,0
1.0,0.9750788,1.4430636,0
1.0,0.97142494,1.4053433,0
1.0,0.9738273,1.3681252,0
1.0,0.9780553,1.3782196,0
1.0,0.9798013,1.3820032,0
1.0,0.97458446,1.3366598,0
1.0,0.9726987,1.2976062,0
1.0,0.9737031,1.3481826,0
1.0,0.97480583,1.4087305,0
1.0,0.97065014,1.3626708,0
1.0,0.9647129,1.3239815,0
1.0,0.96369606,1.2007276,0
1.0,0.9669222,1.0783944,0
1.0,0.95908797,1.0471225,0
1.0,0.9575706,1.0284698,0
1.0,0.9527298,0.9848837,0
1.0,0.96229625,0.96518123,0
1.0,0.955748,0.93031704,0
1.0,0.94003665,0.9085198,0
1.0,0.9223695,0.8872688,0
1.0,0.9370345,0.880581,0
1.0,0.9168448,0.70381457,0
1.0,0.90633243,0.5072867,0
1.0,0.8672524,0.43040895,0
1.0,0.89546835,0.4547847,0
1.0,0.825662,0.414765,0
1.0,0.7829398,0.43027142,0
1.0,0.6877755,0.3935749,0
1.0,0.7953035,0.5504308,0
1.0,0.8247282,0.6201622,0
1.0,0.84839594,0.6506878,0
1.0,0.8336109,0.59648633,0
1.0,0.8938641,0.643787,0
1.0,0.8791725,0.61210704,0
1.0,0.8957937,0.6258284,0
1.0,0.87565494,0.5997673,0
1.0,0.90351564,0.62216556,0
1.0,0.8787107,0.6149796,0
1.0,0.8305354,0.56114596,0
1.0,0.79302806,0.49068248,0
1.0,0.8396149,0.47678077,0
1.0,0.8465782,0.49431267,0
1.0,0.84333146,0.50827694,0
1.0,0.8545653,0.54917055,0
1.0,0.9292195,0.6884706,0
1.0,0.93231297,0.7170886,0
1.0,0.92903847,0.69119465,0
1.0,0.93833554,0.7030281,0
1.0,0.9555018,0.7531156,0
1.0,0.9419558,0.7401506,0
1.0,0.94454294,0.74831,0
1.0,0.9369843,0.74780965,0
1.0,0.9575728,0.81570256,0
1.0,0.943945,0.8396883,0
1.0,0.94868815,0.8857395,0
1.0,0.9430156,0.9143926,0
1.0,0.9542573,0.9192833,0
1.0,0.93522704,0.86077833,0
1.0,0.9309163,0.78838617,0
1.0,0.9213661,0.7084511,0
1.0,0.9495378,0.67664826,0
1.0,0.9455382,0.6245109,0
1.0,0.95572853,0.5930854,0
1.0,0.96068543,0.60186654,0
1.0,0.97434074,0.6098525,0
1.0,0.9689956,0.5924062,0
1.0,0.96539503,0.5954381,0
1.0,0.96515965,0.6242969,0
1.0,0.97090405,0.681474,0
1.0,0.9725754,0.6759653,0
1.0,0.9755112,0.6787312,0
1.0,0.9740898,0.67530835,0
1.0,0.97849214,0.68407893,0
1.0,0.97538847,0.68934834,0
1.0,0.96974933,0.70665735,0
1.0,0.96729684,0.65806377,0
1.0,0.96721673,0.5870351,0
1.0,0.9523097,0.549183,0
1.0,0.925091,0.5291978,0
1.0,0.9172172,0.5107436,0
1.0,0.9259122,0.4992077,0
1.0,0.8954539,0.47483814,0
1.0,0.8611808,0.44528258,0
1.0,0.86557424,0.44599247,0
1.0,0.85931754,0.3714493,0
1.0,0.81563604,0.31221646,0
1.0,0.74671227,0.25996304,0
1.0,0.7822742,0.23686916,0
1.0,0.80017966,0.24115023,0
1.0,0.76864576,0.25680876,0
1.0,0.69354,0.24663746,0
1.0,0.6773359,0.25216505,0
1.0,0.60512245,0.2371966,0
1.0,0.4553115,0.2606678,0
1.0,0.3996249,0.26257575,0
1.0,0.39493972,0.23854598,0
1.0,0.36294886,0.2408813,0
1.0,0.36041844,0.24025196,0
1.0,0.34847468,0.25467706,0
1.0,0.3650873,0.28979135,0
1.0,0.3840323,0.27204716,0
1.0,0.40069517,0.27636802,0
1.0,0.40698725,0.2847269,0
1.0,0.41917974,0.27916795,0
1.0,0.38750917,0.28952554,0
1.0,0.38606334,0.28571373,0
1.0,0.4321675,0.25090796,0
1.0,0.4008112,0.2614613,0
1.0,0.5068794,0.25529358,0
1.0,0.54901934,0.31990924,0
1.0,0.6204367,0.33785716,0
1.0,0.5212454,0.32214057,0
1.0,0.62915444,0.34376305,0
1.0,0.61408937,0.3555576,0
1.0,0.6385656,0.36613393,0
1.0,0.61860615,0.39427733,0
1.0,0.7413898,0.45339376,0
1.0,0.7631881,0.46083993,0
1.0,0.7529317,0.45446843,0
1.0,0.69200206,0.42614108,0
1.0,0.7886642,0.4967177,0
1.0,0.8341095,0.5071464,0
1.0,0.8722669,0.5279989,0
1.0,0.83445704,0.5503204,0
1.0,0.8765205,0.83379054,0
1.0,0.9276016,1.1048794,0
1.0,0.94318753,1.1863822,0
1.0,0.9361539,1.1944816,0
1.0,0.95745,1.2240481,0
1.0,0.96899265,1.239489,0
1.0,0.9586823,1.20222,0
1.0,0.95510226,1.1165782,0
1.0,0.9528691,1.1227386,0
1.0,0.9646742,1.1828592,0
1.0,0.9590795,1.1977422,0
1.0,0.96447533,1.2190082,0
1.0,0.95484966,1.193761,0
1.0,0.9696343,1.2084562,0
1.0,0.9686784,1.215317,0
1.0,0.9671486,1.2036219,0
1.0,0.9669748,1.1260989,0
1.0,0.97414637,1.0284773,0
1.0,0.97732955,1.0355403,0
1.0,0.97898567,1.1387582,0
1.0,0.9798431,1.2622895,0
1.0,0.984388,1.3792117,0
1.0,0.98490554,1.4305701,0
1.0,0.9839101,1.3786119,0
1.0,0.98271745,1.3562429,0
1.0,0.9835833,1.3600409,0
1.0,0.98129165,1.3649787,0
1.0,0.98227787,1.3744372,0
1.0,0.9810081,1.3774164,0
1.0,0.9841255,1.3888383,0
1.0,0.98432493,1.3967054,0
1.0,0.9811302,1.3703909,0
1.0,0.973539,1.1527627,0
1.0,0.973525,0.9246721,0
1.0,0.9709183,0.85023403,0
1.0,0.97132766,0.8548887,0
1.0,0.9625298,0.8901248,0
1.0,0.9578387,0.93256855,0
1.0,0.95429826,0.9674522,0
1.0,0.9567128,0.98617256,0
1.0,0.95754004,1.0282096,0
1.0,0.9646611,1.0643985,0
1.0,0.96556795,1.0579213,0
1.0,0.9682464,1.0685751,0
1.0,0.9643592,1.0680918,0
1.0,0.95531625,1.0595756,0
1.0,0.95673656,1.0824978,0
1.0,0.9608288,1.1355324,0
1.0,0.95523626,1.2110871,0
1.0,0.95589775,1.3092232,0
1.0,0.9551327,1.354407,0
1.0,0.9511611,1.3286564,0
1.0,0.93544203,1.2434151,0
1.0,0.93415445,1.1579559,0
1.0,0.9409624,1.1437999,0
1.0,0.94805694,1.2225659,0
1.0,0.9389144,1.2510047,0
1.0,0.94102013,1.2700162,0
1.0,0.9503368,1.28159,0
1.0,0.9602926,1.2959733,0
1.0,0.96641505,1.2977418,0
1.0,0.9738763,1.3054693,0
1.0,0.97774476,1.3082826,0
1.0,0.97815406,1.3364084,0
1.0,0.9777089,1.4231281,0
1.0,0.9783934,1.527823,0
1.0,0.98010933,1.6433613,0
1.0,0.97997874,1.7155485,0
1.0,0.97957623,1.691129,0
1.0,0.98256207,1.67399,0
1.0,0.9833561,1.6609043,0
1.0,0.98179436,1.6654894,0
1.0,0.9789933,1.641044,0
1.0,0.9801624,1.6030686,0
1.0,0.9805386,1.5985284,0
1.0,0.9785446,1.5825773,0
1.0,0.9744659,1.5748634,0
1.0,0.97387695,1.5706495,0
1.0,0.97647107,1.5620774,0
1.0,0.9762581,1.6147176,0
1.0,0.97630423,1.6346102,0
1.0,0.98091584,1.6895562,0
1.0,0.98379093,1.7774293,0
1.0,0.98383754,1.7348801,0
1.0,0.9841118,1.6683551,0
1.0,0.9868047,1.6468219,0
1.0,0.9872279,1.6122417,0
1.0,0.98663646,1.5683615,0
1.0,0.98384666,1.5730472,0
1.0,0.9848304,1.7085874,0
1.0,0.98547965,1.9231684,0
1.0,0.98437434,2.024228,0
1.0,0.9805432,2.0337994,0
1.0,0.9801098,2.0330472,0
1.0,0.98047584,2.0312858,0
1.0,0.97896063,1.95064,0
1.0,0.97722423,1.8228816,0
1.0,0.97739524,1.764883,0
1.0,0.98034644,1.7222321,0
1.0,0.98038566,1.7097628,0
1.0,0.9803412,1.7751826,0
1.0,0.98148555,1.830294,0
1.0,0.9812205,1.830765,0
1.0,0.98145443,1.788008,0
1.0,0.98006976,1.735188,0
1.0,0.9797381,1.7624571,0
1.0,0.9779008,1.796214,0
1.0,0.98034763,1.8416395,0
1.0,0.9806049,1.8709748,0
1.0,0.98081124,1.8774393,0
1.0,0.97873884,1.8661447,0
1.0,0.9783654,1.7647815,0
1.0,0.9779483,1.6502678,0
1.0,0.97937304,1.5308561,0
1.0,0.97627705,1.410183,0
1.0,0.9767487,1.4311688,0
1.0,0.9807289,1.56176,0
1.0,0.9818324,1.6871303,0
1.0,0.981478,1.7122898,0
1.0,0.98380315,1.6979185,0
1.0,0.9864825,1.7126805,0
1.0,0.9861615,1.6106031,0
1.0,0.98198307,1.4073114,0
1.0,0.9816523,1.3060963,0
1.0,0.982701,1.2905693,0
1.0,0.9814735,1.3069099,0
1.0,0.97625536,1.3689176,0
1.0,0.97414035,1.4885924,0
1.0,0.9772504,1.5523721,0
1.0,0.97922975,1.5934309,0
1.0,0.9772159,1.6054268,0
1.0,0.9746541,1.5364339,0
1.0,0.97980917,1.4646318,0
1.0,0.9828188,1.3965037,0
1.0,0.98115104,1.385781,0
1.0,0.9787973,1.5263529,0
1.0,0.9829221,1.7316217,0
1.0,0.98531973,1.8871701,0
1.0,0.9855757,1.9166986,0
1.0,0.983955,1.8655026,0
1.0,0.9849567,1.8265678,0
1.0,0.9844787,1.8224314,0
1.0,0.9822772,1.8493818,0
1.0,0.9794561,1.9111929,0
1.0,0.979787,1.9872329,0
1.0,0.9820796,2.0464075,0
1.0,0.98323697,2.1175084,0
1.0,0.9808513,2.2059402,0
1.0,0.97990394,2.162032,0
1.0,0.98311377,2.0968566,0
1.0,0.98369986,2.1418252,0
1.0,0.98031,2.187746,0
1.0,0.97643673,2.180892,0
1.0,0.979506,2.1568978,0
1.0,0.9803924,2.140352,0
1.0,0.97855943,2.1692312,0
1.0,0.9743524,2.3043358,0
1.0,0.9776993,2.428488,0
1.0,0.97985154,2.4374986,0
1.0,0.9793361,2.3919096,0
1.0,0.97679317,2.399218,0
1.0,0.9779246,2.4011214,0
1.0,0.97901094,2.3862734,0
1.0,0.9802499,2.3855162,0
1.0,0.9796562,2.3772683,0
1.0,0.9821998,2.3930864,0
1.0,0.98252225,2.513876,0
1.0,0.98298395,2.574883,0
1.0,0.98089385,2.51987,0
1.0,0.98323834,2.3907182,0
1.0,0.98213446,2.3698401,0
1.0,0.98054045,2.5067952,0
1.0,0.97801447,2.6423168,0
1.0,0.97840756,2.6681309,0
1.0,0.97870857,2.6254075,0
1.0,0.97829115,2.5561752,0
1.0,0.9776728,2.5308692,0
1.0,0.9784212,2.5638568,0
1.0,0.97969866,2.5721917,0
1.0,0.980572,2.4816773,0
1.0,0.9813612,2.4533615,0
1.0,0.98067725,2.5257463,0
1.0,0.97739375,2.531155,0
1.0,0.9773705,2.4893205,0
1.0,0.97785246,2.502853,0
1.0,0.97842765,2.5901842,0
1.0,0.97473323,2.6869972,0
1.0,0.97727394,2.8525405,0
1.0,0.9779023,2.792664,0
1.0,0.9808313,2.667986,0
1.0,0.9794393,2.58597,0
1.0,0.9793595,2.5078852,0
1.0,0.97817093,2.4477725,0
1.0,0.97689044,2.447928,0
1.0,0.9739767,2.454868,0
1.0,0.9787689,2.513804,0
1.0,0.9791794,2.5838645,0
1.0,0.9796435,2.6447496,0
1.0,0.9768777,2.499231,0
1.0,0.98187137,2.3019028,0
1.0,0.98300076,2.1688318,0
1.0,0.9811748,2.1532855,0
1.0,0.9751961,2.1623774,0
1.0,0.97892,2.1338174,0
1.0,0.979883,2.0615728,0
1.0,0.97896534,2.0753536,0
1.0,0.9720906,2.1210198,0
1.0,0.9740813,2.1698961,0
1.0,0.97521234,2.1377506,0
1.0,0.9744582,2.0376425,0
1.0,0.9708775,1.9495308,0
1.0,0.9717239,1.9285426,0
1.0,0.9752797,1.9430966,0
1.0,0.9763564,1.9462686,0
1.0,0.97510874,1.969856,0
1.0,0.9796419,2.0626497,0
1.0,0.9811508,2.113053,0
1.0,0.9793729,2.0334425,0
1.0,0.9780362,1.9206195,0
1.0,0.9807334,1.7308159,0
1.0,0.98108655,1.6484039,0
1.0,0.97989804,1.6468449,0
1.0,0.9775727,1.7248574,0
1.0,0.9773767,1.8403091,0
1.0,0.9801989,1.8917136,0
1.0,0.98123324,1.8985639,0
1.0,0.9799836,1.8868282,0
1.0,0.9781108,1.8547134,0
1.0,0.97938067,1.8397853,0
1.0,0.97820604,1.8347731,0
1.0,0.97683537,1.902662,0
1.0,0.97482204,2.0668755,0
1.0,0.9758221,2.1949654,0
1.0,0.9774959,2.1879268,0
1.0,0.97939986,2.1541345,0
1.0,0.97817206,2.0936413,0
1.0,0.9775259,2.0684433,0
1.0,0.977285,2.1277297,0
1.0,0.97754943,2.1751552,0
1.0,0.97514343,2.1856596,0
1.0,0.9767572,2.221111,0
1.0,0.9798947,2.2652504,0
1.0,0.97983927,2.2695494,0
1.0,0.97539026,2.2550664,0
1.0,0.97828877,2.2984328,0
1.0,0.97989994,2.2427971,0
1.0,0.97924006,2.1683233,0
1.0,0.97427535,2.1194248,0
1.0,0.97408694,2.045359,0
1.0,0.9697676,2.1013875,0
1.0,0.9657539,2.244874,0
1.0,0.9567423,2.3154263,0
1.0,0.9568326,2.3970573,0
1.0,0.9550607,2.469786,0
1.0,0.95662475,2.4592745,0
1.0,0.9515133,2.410193,0
1.0,0.95419544,2.4399095,0
1.0,0.95199376,2.3971944,0
1.0,0.9526015,2.3348517,0
1.0,0.95125014,2.307087,0
1.0,0.9560729,2.3537922,0
1.0,0.9557404,2.3781435,0
1.0,0.9539398,2.3990204,0
1.0,0.95316434,2.3131518,0
1.0,0.9573861,2.2042391,0
1.0,0.9585486,2.1981492,0
1.0,0.9568696,2.2259893,0
1.0,0.9603659,2.2525702,0
1.0,0.96317977,2.3138876,0
1.0,0.96431077,2.4154782,0
1.0,0.96487224,2.4886909,0
1.0,0.96909696,2.5967479,0
1.0,0.97287446,2.708071,0
1.0,0.97403485,2.6719248,0
1.0,0.97413105,2.641978,0
1.0,0.97617173,2.6282625,0
1.0,0.9752088,2.5709813,0
1.0,0.9749033,2.5901225,0
1.0,0.97308415,2.6657515,0
1.0,0.97756714,2.679119,0
1.0,0.9777517,2.6962469,0
1.0,0.97663534,2.6672113,0
1.0,0.97474843,2.5849786,0
1.0,0.97890943,2.54361,0
1.0,0.9797157,2.471223,0
1.0,0.9772515,2.4108326,0
1.0,0.97152764,2.380309,0
1.0,0.97351426,2.4470088,0
1.0,0.97657686,2.5048742,0
1.0,0.9756059,2.4848793,0
1.0,0.9751466,2.5581362,0
1.0,0.97548795,2.7012684,0
1.0,0.97583276,2.7179568,0
1.0,0.97162634,2.717391,0
1.0,0.9719259,2.6736856,0
1.0,0.9731924,2.6068184,0
1.0,0.976846,2.6155303,0
1.0,0.9769052,2.6123104,0
1.0,0.97723013,2.555414,0
1.0,0.97913045,2.5211718,0
1.0,0.98080003,2.4776359,0
1.0,0.9798206,2.3791242,0
1.0,0.97753066,2.2996297,0
1.0,0.9754262,2.1968546,0
1.0,0.97576874,2.1190646,0
1.0,0.9728529,2.143993,0
1.0,0.97188956,2.202517,0
1.0,0.96869296,2.3579543,0
1.0,0.9725635,2.4543562,0
1.0,0.9717149,2.4352942,0
1.0,0.9772036,2.3969653,0
1.0,0.97395575,2.3762364,0
1.0,0.9742585,2.4075434,0
1.0,0.97040695,2.4304862,0
1.0,0.9744701,2.423273,0
1.0,0.97092956,2.424177,0
1.0,0.97072655,2.4791555,0
1.0,0.9669222,2.501752,0
1.0,0.967995,2.4853463,0
1.0,0.9656308,2.3633554,0
1.0,0.9635129,2.262045,0
1.0,0.9617286,2.3437066,0
1.0,0.96860385,2.5198503,0
1.0,0.9672558,2.5119045,0
1.0,0.96990675,2.458477,0
1.0,0.968035,2.4014418,0
1.0,0.9719239,2.4649858,0
1.0,0.9700833,2.5487282,0
1.0,0.9724132,2.591228,0
1.0,0.97169346,2.5895858,0
1.0,0.97339815,2.584175,0
1.0,0.9727692,2.5894387,0
1.0,0.9726819,2.6392431,0
1.0,0.9719971,2.5864544,0
1.0,0.9722626,2.509584,0
1.0,0.97348154,2.473672,0
1.0,0.9719939,2.4527771,0
1.0,0.97138345,2.6056688,0
1.0,0.9687247,2.813616,0
1.0,0.97307646,2.744258,0
1.0,0.9739754,2.623286,0
1.0,0.9750794,2.561408,0
1.0,0.9733103,2.5077965,0
1.0,0.9761044,2.4662452,0
1.0,0.9756859,2.4148512,0
1.0,0.9777809,2.3752618,0
1.0,0.97537804,2.360426,0
1.0,0.9791748,2.3749173,0
1.0,0.9762248,2.3171978,0
1.0,0.975398,2.2587464,0
1.0,0.974627,2.2285976,0
1.0,0.9782242,2.2252164,0
1.0,0.9719117,2.26439,0
1.0,0.97192097,2.3783374,0
1.0,0.9740555,2.3526864,0
1.0,0.9800031,2.2815237,0
1.0,0.9778087,2.246388,0
1.0,0.9767669,2.192086,0
1.0,0.97603136,2.0739744,0
1.0,0.97723186,2.0223353,0
1.0,0.9742974,2.043785,0
1.0,0.9743955,2.0898447,0
1.0,0.975718,2.2212799,0
1.0,0.98010683,2.3609405,0
1.0,0.9800332,2.3170378,0
1.0,0.9794016,2.264104,0
1.0,0.982928,2.2498407,0
1.0,0.9846784,2.2484353,0
1.0,0.9825911,2.2487497,0
1.0,0.9795123,2.208912,0
1.0,0.98234314,2.0574162,0
1.0,0.98306847,1.9859712,0
1.0,0.9811972,1.9859409,0
1.0,0.977004,1.9732981,0
1.0,0.979675,1.961772,0
1.0,0.98203504,2.0021768,0
1.0,0.9806802,2.027248,0
1.0,0.9778495,2.117403,0
1.0,0.9809817,2.2522304,0
1.0,0.983538,2.3048773,0
1.0,0.9842827,2.3127553,0
1.0,0.9835429,2.3038383,0
1.0,0.9854688,2.3182206,0
1.0,0.98545176,2.334689,0
1.0,0.9836897,2.2491355,0
1.0,0.98007375,2.0888999,0
1.0,0.9824049,1.9552546,0
1.0,0.9837884,1.9612978,0
1.0,0.9822004,2.0603764,0
1.0,0.97747916,2.0932665,0
1.0,0.9794493,2.1095142,0
1.0,0.9803547,2.098175,0
1.0,0.9774254,2.0310047,0
1.0,0.97011876,1.9446999,0
1.0,0.97378933,1.8463546,0
1.0,0.9741324,1.7240342,0
1.0,0.97382843,1.6875987,0
1.0,0.9683062,1.6979108,0
1.0,0.97263193,1.7304745,0
1.0,0.9693561,1.7065401,0
1.0,0.96829355,1.6447121,0
1.0,0.9631287,1.4903558,0
1.0,0.9677049,1.4499596,0
1.0,0.96167165,1.5299138,0
1.0,0.96677834,1.6407068,0
1.0,0.96643627,1.6987185,0
1.0,0.97333455,1.7766302,0
1.0,0.9711273,1.8158431,0
1.0,0.9767314,1.7938921,0
1.0,0.96978116,1.6181508,0
1.0,0.9727629,1.4565039,0
1.0,0.9651752,1.3516489,0
1.0,0.96844125,1.3653897,0
1.0,0.96406376,1.4440821,0
1.0,0.96791685,1.4818386,0
1.0,0.9631151,1.4640069,0
1.0,0.9664543,1.469209,0
1.0,0.9621276,1.3787599,0
1.0,0.9639607,1.3308424,0
1.0,0.95942116,1.2786657,0
1.0,0.96923864,1.1927379,0
1.0,0.96691453,1.1514452,0
1.0,0.9693578,1.2122331,0
1.0,0.96722543,1.213541,0
1.0,0.9708505,1.1977997,0
1.0,0.9635934,1.1787992,0
1.0,0.96298814,1.16885,0
1.0,0.9606432,1.150235,0
1.0,0.95874023,1.136609,0
1.0,0.94599736,1.0955024,0
1.0,0.9417254,1.0694425,0
1.0,0.9419798,1.1002235,0
1.0,0.940637,1.2833916,0
1.0,0.9287287,1.3958225,0
1.0,0.93746823,1.3867564,0
1.0,0.9507372,1.3104402,0
1.0,0.9502958,1.2083704,0
1.0,0.9341018,1.1220441,0
1.0,0.93820405,1.0739676,0
1.0,0.9460253,1.0023943,0
1.0,0.9478212,0.9715936,0
1.0,0.9393173,1.011057,0
1.0,0.9475266,1.0731958,0
1.0,0.9529836,1.0934904,0
1.0,0.94281065,1.076082,0
1.0,0.93609065,1.0051702,0
1.0,0.9454645,1.0074837,0
1.0,0.94814277,1.0771129,0
1.0,0.9411104,1.1513138,0
1.0,0.9452025,1.2202622,0
1.0,0.9550216,1.2831602,0
1.0,0.96138597,1.3149161,0
1.0,0.96044225,1.3220942,0
1.0,0.963003,1.3250754,0
1.0,0.9703699,1.2635345,0
1.0,0.9729383,1.2247028,0
1.0,0.970875,1.2304586,0
1.0,0.9712195,1.3353177,0
1.0,0.9743258,1.4874983,0
1.0,0.9808133,1.5691719,0
1.0,0.9796727,1.5742862,0
1.0,0.9787906,1.5682371,0
1.0,0.9814138,1.5747521,0
1.0,0.9845243,1.5613183,0
1.0,0.98035204,1.375139,0
1.0,0.9793906,1.2189286,0
1.0,0.9787052,1.1980804,0
1.0,0.97983485,1.2452397,0
1.0,0.974004,1.2967668,0
1.0,0.96963567,1.3731439,0
1.0,0.96689177,1.4004979,0
1.0,0.9726662,1.417128,0
1.0,0.9716717,1.4309142,0
1.0,0.9714346,1.4105273,0
1.0,0.9690457,1.36627,0
1.0,0.976508,1.3697772,0
1.0,0.97441036,1.3535639,0
1.0,0.97286093,1.3561391,0
1.0,0.9682502,1.3494498,0
1.0,0.97149897,1.2876627,0
1.0,0.96302277,1.1719545,0
1.0,0.9562796,1.1228222,0
1.0,0.9538166,1.1447005,0
1.0,0.9538758,1.1907806,0
1.0,0.9375363,1.1819487,0
1.0,0.9438813,1.246543,0
1.0,0.9436557,1.3292484,0
1.0,0.94836897,1.3794484,0
1.0,0.9378625,1.3820554,0
1.0,0.93798614,1.2901696,0
1.0,0.93614215,1.144284,0
1.0,0.93380743,1.0836632,0
1.0,0.9296591,1.0606111,0
1.0,0.9354326,1.079079,0
1.0,0.9322943,1.1171626,0
1.0,0.931449,1.1206135,0
1.0,0.9146745,1.0965915,0
1.0,0.91604984,1.1361936,0
1.0,0.9063909,1.1182547,0
1.0,0.8991046,1.072751,0
1.0,0.8862174,1.0301642,0
1.0,0.8890399,1.0313549,0
1.0,0.8906041,1.123935,0
1.0,0.898719,1.2066205,0
1.0,0.9095003,1.2314847,0
1.0,0.9205386,1.2445122,0
1.0,0.92635214,1.2522769,0
1.0,0.93023044,1.2566853,0
1.0,0.94178784,1.2650421,0
1.0,0.94748944,1.2532619,0
1.0,0.947432,1.254692,0
1.0,0.94447905,1.2694418,0
1.0,0.95315915,1.3597189,0
1.0,0.9568063,1.3903794,0
1.0,0.9510572,1.3175216,0
1.0,0.95015544,1.276382,0
1.0,0.9552944,1.25169,0
1.0,0.9588747,1.2075367,0
1.0,0.95408475,1.1125762,0
1.0,0.95814407,1.0806146,0
1.0,0.9596246,1.078367,0
1.0,0.96143645,1.158184,0
1.0,0.9649347,1.2420307,0
1.0,0.9690372,1.274145,0
1.0,0.97272676,1.2974286,0
1.0,0.9726097,1.2978612,0
1.0,0.9770414,1.2631483,0
1.0,0.9762666,1.2442963,0
1.0,0.9764072,1.2199495,0
1.0,0.9772943,1.183928,0
1.0,0.9782989,1.1979536,0
1.0,0.97767967,1.2371562,0
1.0,0.9771872,1.2518616,0
1.0,0.9770001,1.1820114,0
1.0,0.9697714,1.0337753,0
1.0,0.96909016,0.95717025,0
1.0,0.96753055,0.93531805,0
1.0,0.9625593,0.92970407,0
1.0,0.9663824,0.97167945,0
1.0,0.9648718,0.9825329,0
1.0,0.9709406,0.98934543,0
1.0,0.9562847,0.95711726,0
1.0,0.9588449,0.93048286,0
1.0,0.9566225,0.8954123,0
1.0,0.9704362,0.8685023,0
1.0,0.9549971,0.88835686,0
1.0,0.96944684,1.0226772,0
1.0,0.9723976,1.0598316,0
1.0,0.9787738,1.0782229,0
1.0,0.97249866,1.0560234,0
1.0,0.9772504,1.06583,0
1.0,0.97058153,1.0946643,0
1.0,0.9757416,1.1672544,0
1.0,0.96321946,1.1090701,0
1.0,0.9660768,1.0222291,0
1.0,0.9557269,0.95125294,0
1.0,0.95619786,0.9362464,0
1.0,0.92569345,0.8752095,0
1.0,0.9600619,0.91467893,0
1.0,0.9586448,0.9379011,0
1.0,0.9608126,0.9819024,0
1.0,0.96233946,1.1074525,0
1.0,0.9740936,1.2881609,0
1.0,0.9742192,1.3837497,0
1.0,0.9768447,1.3940077,0
1.0,0.97667944,1.3888048,0
1.0,0.98321044,1.4123244,0
1.0,0.9817583,1.4153589,0
1.0,0.97954786,1.4015405,0
1.0,0.97875607,1.3693051,0
1.0,0.9830088,1.3265926,0
1.0,0.977476,1.3397983,0
1.0,0.97760755,1.3953323,0
1.0,0.9747765,1.3935093,0
1.0,0.97042805,1.383986,0
1.0,0.956188,1.3504163,0
1.0,0.9547001,1.3040464,0
1.0,0.95396954,1.2691866,0
1.0,0.94128853,1.2109933,0
1.0,0.9446751,1.1745697,0
1.0,0.9569276,1.201901,0
1.0,0.9688516,1.2373984,0
1.0,0.9591529,1.2200387,0
1.0,0.9652057,1.190373,0
1.0,0.963772,1.0984455,0
1.0,0.9661854,1.0423989,0
1.0,0.9481535,1.0428301,0
1.0,0.95655996,1.1941702,0
1.0,0.96523243,1.3195381,0
1.0,0.96978205,1.3975768,0
1.0,0.9597137,1.4052827,0
1.0,0.9602478,1.3930955,0
1.0,0.9669672,1.3876028,0
1.0,0.9586113,1.2541503,0
1.0,0.92048216,0.99838996,0
1.0,0.93179286,0.86082566,0
1.0,0.9439368,0.86339855,0
1.0,0.94847536,0.9741294,0
1.0,0.945545,0.99829566,0
1.0,0.96102846,1.0308203,0
1.0,0.9608258,1.0408578,0
1.0,0.9623658,1.0430372,0
1.0,0.9632489,1.0548928,0
1.0,0.9694261,1.0299358,0
1.0,0.9696092,0.97782516,0
1.0,0.96678054,0.9888458,0
1.0,0.9690337,1.0047116,0
1.0,0.97075975,1.013298,0
1.0,0.96848977,1.0326393,0
1.0,0.960263,0.9884925,0
1.0,0.96678555,0.95499027,0
1.0,0.96887,0.99198645,0
1.0,0.9673615,1.0754998,0
1.0,0.95499617,1.1222976,0
1.0,0.9642913,1.1510719,0
1.0,0.97258323,1.1707788,0
1.0,0.971892,1.182873,0
1.0,0.9635163,1.1693523,0
1.0,0.96997964,1.1467533,0
1.0,0.9723083,1.0131505,0
1.0,0.9643872,0.89171267,0
1.0,0.95554096,0.8459675,0
1.0,0.9671485,0.9965289,0
1.0,0.9697631,1.1360339,0
1.0,0.9752666,1.2472874,0
1.0,0.9740649,1.2821059,0
1.0,0.9785437,1.2911477,0
1.0,0.9792621,1.2989063,0
1.0,0.9772568,1.2529389,0
1.0,0.9737691,1.1330636,0
1.0,0.9758505,1.0991805,0
1.0,0.9788632,1.1611763,0
1.0,0.9787235,1.2762728,0
1.0,0.979812,1.3307431,0
1.0,0.97867215,1.3253542,0
1.0,0.97267747,1.3046818,0
1.0,0.97349,1.316587,0
1.0,0.9715413,1.3441161,0
1.0,0.9679806,1.3506093,0
1.0,0.9689762,1.3433447,0
1.0,0.9670346,1.3168159,0
1.0,0.9684986,1.3443198,0
1.0,0.95431423,1.3200784,0
1.0,0.93741846,1.2280008,0
1.0,0.931404,1.1194512,0
1.0,0.93827665,1.0495069,0
1.0,0.907346,0.9938723,0
1.0,0.89093196,1.0035119,0
1.0,0.87248915,0.9882054,0
1.0,0.8952072,1.0553234,0
1.0,0.8945108,1.0952098,0
1.0,0.90953887,1.1521161,0
1.0,0.9205844,1.2596271,0
1.0,0.93187994,1.3259659,0
1.0,0.9275161,1.1601484,0
1.0,0.8931123,0.9650395,0
1.0,0.8917906,0.86412394,0
1.0,0.8635792,0.7926903,0
1.0,0.87721765,0.81133014,0
1.0,0.89932626,0.8478472,0
1.0,0.8823336,0.8524276,0
1.0,0.8854814,0.89460194,0
1.0,0.9083759,0.9797404,0
1.0,0.90505224,0.9405127,0
1.0,0.8936773,0.8021426,0
1.0,0.90434474,0.76924515,0
1.0,0.9265169,0.820495,0
1.0,0.9236473,0.864249,0
1.0,0.9264756,0.9205961,0
1.0,0.92576677,0.8977661,0
1.0,0.94838786,0.90821564,0
1.0,0.93366486,0.8936888,0
1.0,0.9251534,0.8987911,0
1.0,0.9225162,0.8489377,0
1.0,0.9399978,0.8298874,0
1.0,0.9108706,0.7929695,0
1.0,0.89808196,0.813481,0
1.0,0.8945049,0.8291054,0
1.0,0.9162345,0.87167585,0
1.0,0.8451425,0.7264991,0
1.0,0.8625105,0.7222929,0
1.0,0.8563859,0.69853914,0
1.0,0.8780787,0.7301835,0
1.0,0.80887836,0.68263817,0
1.0,0.8674778,0.8428962,0
1.0,0.9189726,0.99070656,0
1.0,0.9448816,1.0982883,0
1.0,0.9150748,1.0760186,0
1.0,0.9454568,1.1155118,0
1.0,0.942416,1.0969567,0
1.0,0.9545418,1.120013,0
1.0,0.9295978,1.0993071,0
1.0,0.94271076,1.1298645,0
1.0,0.9437408,1.1446787,0
1.0,0.9614283,1.194644,0
1.0,0.9570031,1.1673907,0
1.0,0.96327955,1.1801565,0
1.0,0.96703714,1.2051985,0
1.0,0.9683756,1.1848298,0
1.0,0.9633552,1.1241448,0
1.0,0.96818876,1.0868285,0
1.0,0.9703488,1.0952294,0
1.0,0.97296,1.1216314,0
1.0,0.9720933,1.1513054,0
1.0,0.9698622,1.1489582,0
1.0,0.9714938,1.1449997,0
1.0,0.97637886,1.1994725,0
1.0,0.97212243,1.2494442,0
1.0,0.96437573,1.1991708,0
1.0,0.96126765,1.1746528,0
1.0,0.96516156,1.1942697,0
1.0,0.9628555,1.2176852,0
1.0,0.9542394,1.2544398,0
1.0,0.9482758,1.2396094,0
1.0,0.9490668,1.193877,0
1.0,0.93725944,1.0945715,0
1.0,0.91056854,0.89385235,0
1.0,0.90780514,0.74573684,0
1.0,0.91036785,0.68711585,0
1.0,0.90024316,0.6534396,0
1.0,0.88148195,0.6831987,0
1.0,0.88651925,0.81662697,0
1.0,0.91942966,0.9967259,0
1.0,0.91683173,0.9931221,0
1.0,0.9053068,0.9372173,0
1.0,0.9091308,0.910752,0
1.0,0.9280523,0.8838819,0
1.0,0.9076361,0.8673356,0
1.0,0.9042207,0.9402338,0
1.0,0.9261417,1.0102881,0
1.0,0.93594384,1.0534053,0
1.0,0.93221766,1.1239331,0
1.0,0.9274747,1.173193,0
1.0,0.93488455,1.1624153,0
1.0,0.9473288,1.171288,0
1.0,0.9478832,1.1862085,0
1.0,0.9449475,1.2474003,0
1.0,0.95125395,1.3572865,0
1.0,0.96406645,1.3697468,0
1.0,0.96357715,1.3045454,0
1.0,0.9588057,1.294538,0
1.0,0.96221757,1.3253858,0
1.0,0.96677566,1.3757805,0
1.0,0.97134644,1.4246627,0
1.0,0.96900094,1.4448905,0
1.0,0.9732775,1.4802647,0
1.0,0.97322196,1.5336082,0
1.0,0.96976525,1.6352503,0
1.0,0.9689159,1.6848824,0
1.0,0.9681773,1.6912295,0
1.0,0.9697038,1.7371566,0
1.0,0.96486413,1.9349382,0
1.0,0.9628079,2.0628605,0
1.0,0.96704227,2.0082147,0
1.0,0.9713867,1.910596,0
1.0,0.9695304,1.882112,0
1.0,0.9704476,1.9356065,0
1.0,0.9707753,1.9745543,0
1.0,0.97166425,1.9617305,0
1.0,0.9681188,1.9162166,0
1.0,0.9676761,1.8972473,0
1.0,0.9686601,1.9744627,0
1.0,0.9688247,2.1185913,0
1.0,0.9697721,2.1484456,0
1.0,0.97017765,2.0731134,0
1.0,0.9720794,2.0839725,0
1.0,0.9750558,2.2118742,0
1.0,0.96860427,2.298726,0
1.0,0.96888214,2.26823,0
1.0,0.96889037,2.1975937,0
1.0,0.9716431,2.1972406,0
1.0,0.9689826,2.2248206,0
1.0,0.96746516,2.377799,0
1.0,0.9641175,2.3929563,0
1.0,0.9676416,2.355323,0
1.0,0.96062624,2.2721906,0
1.0,0.9508759,2.282102,0
1.0,0.9315489,2.3082333,0
1.0,0.9402084,2.427879,0
1.0,0.93424374,2.3854876,0
1.0,0.92853785,2.309563,0
1.0,0.9133677,2.3240907,0
1.0,0.92268497,2.4955986,0
1.0,0.91867644,2.3068216,0
1.0,0.9085778,2.0972383,0
1.0,0.9035713,2.0557795,0
1.0,0.9074838,2.1122928,0
1.0,0.8944908,2.2302763,0
1.0,0.89731866,2.3139842,0
1.0,0.90560627,2.3026025,0
1.0,0.91089183,2.320668,0
1.0,0.912809,2.4313927,0
1.0,0.89592296,2.5905397,0
1.0,0.89613646,2.5518587,0
1.0,0.904039,2.4216368,0
1.0,0.89909977,2.3103063,0
1.0,0.896831,2.299819,0
1.0,0.90597653,2.3579621,0
1.0,0.91000843,2.2838874,0
1.0,0.91351485,2.1510756,0
1.0,0.90902686,2.0840282,0
1.0,0.92493576,2.1605332,0
1.0,0.9139919,2.2818596,0
1.0,0.91270494,2.329053,0
1.0,0.89106584,2.1311183,0
1.0,0.8981822,2.1039586,0
1.0,0.88882124,2.1339655,0
1.0,0.8806268,2.3414948,0
1.0,0.85421497,2.2730384,0
1.0,0.86639625,2.1926215,0
1.0,0.8702862,2.065221,0
1.0,0.85263294,1.9454963,0
1.0,0.8066487,1.8829243,0
1.0,0.8127315,1.902892,0
1.0,0.8199503,1.7458574,0
1.0,0.7825161,1.6465497,0
1.0,0.7423153,1.626293,0
1.0,0.7204736,1.7463572,0
1.0,0.71457523,1.7834426,0
1.0,0.7106647,1.6408582,0
1.0,0.6791467,1.4977181,0
1.0,0.68013114,1.494576,0
1.0,0.66614336,1.4955369,0
1.0,0.6553342,1.4666802,0
1.0,0.66541517,1.2675608,0
1.0,0.66764414,1.23152,0
1.0,0.71616125,1.3781352,0
1.0,0.75953144,1.5904791,0
1.0,0.7596966,1.6870449,0
1.0,0.8252264,1.7794639,0
1.0,0.8508473,1.8092654,0
1.0,0.8681208,1.8303914,0
1.0,0.83089155,1.8353148,0
1.0,0.85157704,1.8626579,0
1.0,0.85207754,1.7020042,0
1.0,0.86368227,1.6497196,0
1.0,0.7938674,1.5598657,0
1.0,0.80054677,1.703457,0
1.0,0.79199487,1.7253428,0
1.0,0.82506776,1.5693381,0
1.0,0.7857621,1.4358354,0
1.0,0.8123841,1.4831114,0
1.0,0.80798477,1.642072,0
1.0,0.83056337,1.8226261,0
1.0,0.79345775,1.7341757,0
1.0,0.8124536,1.7231097,0
1.0,0.8428887,1.8210814,0
1.0,0.8608768,1.9434159,0
1.0,0.80614966,1.87075,0
1.0,0.8228164,1.7137262,0
1.0,0.8441756,1.6392875,0
1.0,0.8390471,1.6520622,0
1.0,0.7943004,1.6653434,0
1.0,0.78342295,1.7169845,0
1.0,0.8027764,1.7662289,0
1.0,0.805084,1.7205553,0
1.0,0.80845016,1.7687571,0
1.0,0.7862322,1.7899772,0
1.0,0.82473683,1.816785,0
1.0,0.83332187,1.6802406,0
1.0,0.87291205,1.683105,0
1.0,0.8525585,1.6511875,0
1.0,0.8627124,1.8333162,0
1.0,0.8603772,1.9537268,0
1.0,0.8948761,2.0070481,0
1.0,0.8867383,1.9419984,0
1.0,0.8880418,1.9617935,0
1.0,0.88103276,2.1199462,0
1.0,0.9109059,2.2571876,0
1.0,0.8907485,2.0675745,0
1.0,0.90826505,1.9923862,0
1.0,0.9035794,1.9826791,0
1.0,0.9071635,2.007571,0
1.0,0.8934876,2.0345259,0
1.0,0.8614047,1.7955598,0
1.0,0.8609444,1.6506169,0
1.0,0.88455075,1.6785343,0
1.0,0.84088176,1.735706,0
1.0,0.791846,1.7473764,0
1.0,0.77928025,1.655832,0
1.0,0.80630815,1.6110477,0
1.0,0.7657319,1.5509243,0
1.0,0.73269033,1.5516,0
1.0,0.71422654,1.5638235,0
1.0,0.7363916,1.518568,0
1.0,0.74024713,1.4534988,0
1.0,0.7081751,1.3697643,0
1.0,0.6889158,1.3783658,0
1.0,0.7023862,1.4539173,0
1.0,0.7096746,1.4051886,0
1.0,0.73034,1.4008464,0
1.0,0.7155748,1.3943555,0
1.0,0.70643175,1.4730701,0
1.0,0.70368505,1.5710015,0
1.0,0.7138286,1.4534324,0
1.0,0.7043552,1.3300575,0
1.0,0.72059005,1.3406096,0
1.0,0.6767708,1.381001,0
1.0,0.68870604,1.4859142,0
1.0,0.70328856,1.370382,0
1.0,0.74320656,1.3489997,0
1.0,0.75329214,1.3645337,0
1.0,0.751557,1.4085112,0
1.0,0.76074356,1.4618032,0
1.0,0.799125,1.5127063,0
1.0,0.8186928,1.496026,0
1.0,0.81789243,1.5915815,0
1.0,0.83280504,1.8748091,0
1.0,0.83395946,2.041101,0
1.0,0.84417576,1.9458762,0
1.0,0.8441014,1.794176,0
1.0,0.8785762,1.8565893,0
1.0,0.8494399,1.891164,0
1.0,0.85079783,1.9313391,0
1.0,0.8504098,1.8829479,0
1.0,0.89139444,1.9189528,0
1.0,0.8886757,1.9293439,0
1.0,0.89989007,2.1079183,0
1.0,0.88477945,2.2303433,0
1.0,0.9051856,2.2628307,0
1.0,0.9080176,2.1577358,0
1.0,0.92816085,2.1955504,0
1.0,0.918844,2.2790542,0
1.0,0.9290207,2.393777,0
1.0,0.93375987,2.28863,0
1.0,0.9424054,2.1766338,0
1.0,0.9444443,2.164579,0
1.0,0.95044357,2.2943897,0
1.0,0.9447223,2.3437505,0
1.0,0.9548014,2.2542448,0
1.0,0.9532652,2.147948,0
1.0,0.9593612,2.1565154,0
1.0,0.9544192,2.1881201,0
1.0,0.95865226,2.272871,0
1.0,0.95506924,2.2456117,0
1.0,0.95856833,2.20566,0
1.0,0.9627731,2.2135406,0
1.0,0.96150994,2.3278773,0
1.0,0.9559563,2.370986,0
1.0,0.9557131,2.1528342,0
1.0,0.9620471,1.9912897,0
1.0,0.9613122,1.9527415,0
1.0,0.9597795,2.0714912,0
1.0,0.9581481,2.2539475,0
1.0,0.9605603,2.2070482,0
1.0,0.95805544,2.128527,0
1.0,0.9543777,2.0879567,0
1.0,0.9502829,2.0917897,0
1.0,0.94121003,2.1325364,0
1.0,0.9356032,2.03579,0
1.0,0.9368376,1.8829668,0
1.0,0.9333172,1.8071446,0
1.0,0.93083143,1.8457347,0
1.0,0.90904063,1.9966573,0
1.0,0.89888626,1.9640049,0
1.0,0.90755814,1.8774437,0
1.0,0.9105717,1.8534377,0
1.0,0.897237,1.8381416,0
1.0,0.8983339,1.8403018,0
1.0,0.8947858,1.7376398,0
1.0,0.90649855,1.6609681,0
1.0,0.90762097,1.6343601,0
1.0,0.91008586,1.7186903,0
1.0,0.90492845,1.9340466,0
1.0,0.92507654,2.1193373,0
1.0,0.9335108,2.1312149,0
1.0,0.93950087,2.1325195,0
1.0,0.9409784,2.1787357,0
1.0,0.94713277,2.2531266,0
1.0,0.9453314,2.1650372,0
1.0,0.9444115,1.9874725,0
1.0,0.94847596,1.9408829,0
1.0,0.9543939,2.0018768,0
1.0,0.95478195,2.1157422,0
1.0,0.9491787,2.042676,0
1.0,0.9550393,1.8789245,0
1.0,0.9568029,1.8278561,0
1.0,0.9600158,1.8792467,0
1.0,0.95704395,2.040275,0
1.0,0.95530635,2.1060421,0
1.0,0.9629814,2.0649085,0
1.0,0.96571076,2.009954,0
1.0,0.96743506,1.9974219,0
1.0,0.9672162,1.998088,0
1.0,0.96880084,1.934108,0
1.0,0.97298807,1.7083557,0
1.0,0.97588456,1.6096884,0
1.0,0.974609,1.6471028,0
1.0,0.97374433,1.8042336,0
1.0,0.975066,1.8728186,0
1.0,0.97543794,1.8821812,0
1.0,0.9691432,1.8511157,0
1.0,0.9666331,1.8482852,0
1.0,0.9671125,1.8913002,0
1.0,0.9566747,1.7940794,0
1.0,0.9519208,1.5330801,0
1.0,0.94555867,1.3388357,0
1.0,0.95314336,1.3379385,0
1.0,0.94241,1.4506319,0
1.0,0.9334209,1.526146,0
1.0,0.9430061,1.5221801,0
1.0,0.95569235,1.5138263,0
1.0,0.9528475,1.5119729,0
1.0,0.95158726,1.5118449,0
1.0,0.94919115,1.4520893,0
1.0,0.9674008,1.3553245,0
1.0,0.9710932,1.3165406,0
1.0,0.96805286,1.3317027,0
1.0,0.96728843,1.3849428,0
1.0,0.97526294,1.4300927,0
1.0,0.9707136,1.2779853,0
1.0,0.9570879,1.160322,0
1.0,0.957395,1.1672435,0
1.0,0.96537304,1.2372687,0
1.0,0.9510185,1.241037,0
1.0,0.95835656,1.2532194,0
1.0,0.95564836,1.2490749,0
1.0,0.96858704,1.2738361,0
1.0,0.9668814,1.3355501,0
1.0,0.96531785,1.3409201,0
1.0,0.9642166,1.1673208,0
1.0,0.96307814,1.0798576,0
1.0,0.9518264,1.0763826,0
1.0,0.9430302,1.1327788,0
1.0,0.9476818,1.2216574,0
1.0,0.9520503,1.2630899,0
1.0,0.9473265,1.2329905,0
1.0,0.9415224,1.2201872,0
1.0,0.95063245,1.2488483,0
1.0,0.9474693,1.188113,0
1.0,0.9506011,1.0277858,0
1.0,0.94662803,0.89322966,0
1.0,0.95123494,0.8876363,0
1.0,0.9427313,0.9386639,0
1.0,0.947626,1.0824268,0
1.0,0.93460125,1.071332,0
1.0,0.9095263,1.038775,0
1.0,0.8965689,1.0209762,0
1.0,0.91415054,1.0326487,0
1.0,0.8832156,0.9640812,0
1.0,0.87749535,0.9419348,0
1.0,0.84967583,0.90437293,0
1.0,0.9118533,1.1058576,0
1.0,0.9165865,1.2443086,0
1.0,0.9244947,1.2861676,0
1.0,0.92661077,1.2249496,0
1.0,0.9626311,1.2532899,0
1.0,0.95997334,1.2699536,0
1.0,0.9506167,1.3009304,0
1.0,0.9467131,1.3527582,0
1.0,0.96985894,1.3556641,0
1.0,0.9691868,1.2926841,0
1.0,0.95906687,1.283937,0
1.0,0.9472814,1.3226542,0
1.0,0.95493484,1.3272196,0
1.0,0.9483516,1.2542067,0
1.0,0.9284006,1.1572738,0
1.0,0.9176792,1.0923595,0
1.0,0.9215589,1.1297843,0
1.0,0.92520654,1.1858162,0
1.0,0.9236556,1.1827174,0
1.0,0.92062974,1.1793824,0
1.0,0.93593997,1.2014076,0
1.0,0.94911987,1.2200737,0
1.0,0.9536485,1.1982062,0
1.0,0.9486884,1.1257112,0
1.0,0.9497567,1.0054752,0
1.0,0.9509496,1.0169786,0
1.0,0.9544234,1.0760617,0
1.0,0.94366837,1.1297014,0
1.0,0.9385409,1.1233491,0
1.0,0.9378548,1.1150213,0
1.0,0.9356698,1.0949737,0
1.0,0.8877912,0.9796605,0
1.0,0.86442894,0.8357402,0
1.0,0.88069856,0.73619866,0
1.0,0.8931484,0.67923343,0
1.0,0.87128216,0.65359056,0
1.0,0.8559487,0.6351454,0
1.0,0.8816319,0.65636814,0
1.0,0.8859854,0.62317026,0
1.0,0.8880146,0.57639885,0
1.0,0.86263996,0.608387,0
1.0,0.93444353,0.82864285,0
1.0,0.9544439,0.9387547,0
1.0,0.951525,0.9423189,0
1.0,0.9435536,0.92083687,0
1.0,0.9632713,0.9402478,0
1.0,0.9662515,0.92765087,0
1.0,0.9508692,0.88068473,0
1.0,0.9395176,0.8285769,0
1.0,0.96026117,0.80936,0
1.0,0.95877224,0.7927183,0
1.0,0.94311064,0.77987444,0
1.0,0.9332401,0.8234378,0
1.0,0.9486298,0.87171155,0
1.0,0.94797915,0.8732909,0
1.0,0.95110434,0.8940104,0
1.0,0.94841623,0.97532743,0
1.0,0.9602638,1.1101291,0
1.0,0.9677545,1.1719694,0
1.0,0.96927357,1.1442925,0
1.0,0.97402406,1.1528894,0
1.0,0.9803284,1.1648431,0
1.0,0.9819806,1.139593,0
1.0,0.98053735,1.0970571,0
1.0,0.98182696,1.0708623,0
1.0,0.981684,1.0750494,0
1.0,0.9804684,1.1111135,0
1.0,0.97963506,1.1336907,0
1.0,0.98161227,1.1572437,0
1.0,0.9768984,1.13794,0
1.0,0.975834,1.1308293,0
1.0,0.975295,1.1227425,0
1.0,0.969873,1.0436478,0
1.0,0.96398365,0.9367608,0
1.0,0.96125776,0.84310496,0
1.0,0.9642751,0.78381395,0
1.0,0.95716465,0.82371724,0
1.0,0.9618102,0.9014184,0
1.0,0.9636766,0.9336723,0
1.0,0.96980226,0.94649696,0
1.0,0.9665299,0.93733215,0
1.0,0.9645993,0.9412397,0
1.0,0.9518883,0.95752865,0
1.0,0.9641042,1.0072556,0
1.0,0.9662181,0.9642087,0
1.0,0.96273893,0.92557335,0
1.0,0.9510215,0.91197085,0
1.0,0.9498696,0.8966224,0
1.0,0.9471854,0.78654575,0
1.0,0.93781763,0.6349941,0
1.0,0.9306909,0.53336966,0
1.0,0.9285784,0.514313,0
1.0,0.9153632,0.5485511,0
1.0,0.9403701,0.62954426,0
1.0,0.9156994,0.59804213,0
1.0,0.9005906,0.5841324,0
1.0,0.9000274,0.5916822,0
1.0,0.90683323,0.5872818,0
1.0,0.87596107,0.53659093,0
1.0,0.8526963,0.5201091,0
1.0,0.874256,0.5433407,0
1.0,0.90433306,0.5937519,0
1.0,0.87357026,0.5825598,0
1.0,0.8549407,0.56687576,0
1.0,0.88334656,0.58701235,0
1.0,0.90392303,0.5974325,0
1.0,0.86646473,0.5629139,0
1.0,0.820019,0.5250758,0
1.0,0.84201276,0.52360094,0
1.0,0.8833374,0.5099416,0
1.0,0.8403147,0.434139,0
1.0,0.798971,0.41063932,0
1.0,0.8296712,0.46161893,0
1.0,0.8501412,0.48198527,0
1.0,0.76387054,0.36908925,0
1.0,0.70261055,0.2962093,0
1.0,0.74107033,0.32808068,0
1.0,0.7401735,0.34369045,0
1.0,0.68986124,0.31978387,0
1.0,0.6661934,0.30568308,0
1.0,0.7202754,0.35426295,0
1.0,0.77565366,0.41884416,0
1.0,0.7460563,0.3951591,0
1.0,0.67638665,0.32285076,0
1.0,0.7243549,0.33235496,0
1.0,0.73178715,0.30300194,0
1.0,0.6654118,0.26131755,0
1.0,0.5903958,0.2474984,0
1.0,0.6150316,0.29429364,0
1.0,0.64341235,0.3209898,0
1.0,0.6318153,0.3026341,0
1.0,0.6219352,0.28253633,0
1.0,0.6289566,0.3106643,0
1.0,0.6586009,0.36121774,0
1.0,0.7138847,0.41932374,0
1.0,0.6968841,0.40061906,0
1.0,0.7334723,0.443948,0
1.0,0.7376651,0.4410094,0
1.0,0.77145946,0.4716316,0
1.0,0.78944117,0.47910872,0
1.0,0.8368061,0.51404214,0
1.0,0.82385266,0.5054563,0
1.0,0.86059326,0.5920338,0
1.0,0.85842365,0.6236622,0
1.0,0.88751763,0.69842947,0
1.0,0.88405454,0.705513,0
1.0,0.908775,0.7834559,0
1.0,0.9124354,0.86937886,0
1.0,0.93229824,0.9098781,0
1.0,0.9232632,0.878556,0
1.0,0.9385479,0.87831676,0
1.0,0.9400132,0.8623606,0
1.0,0.9507588,0.8851125,0
1.0,0.94434756,0.87417674,0
1.0,0.95681965,0.8731954,0
1.0,0.9536703,0.8537657,0
1.0,0.9608307,0.86054796,0
1.0,0.95243853,0.88870156,0
1.0,0.95082843,0.98407966,0
1.0,0.95704365,0.9970947,0
1.0,0.9651748,1.0067356,0
1.0,0.965784,1.0238036,0
1.0,0.96753657,1.06074,0
1.0,0.97216785,1.0989805,0
1.0,0.9734562,1.0774187,0
1.0,0.97422737,1.0351353,0
1.0,0.9728414,1.0036811,0
1.0,0.97484,0.9978746,0
1.0,0.97422296,0.9967287,0
1.0,0.9738966,1.0247433,0
1.0,0.9719701,1.0473108,0
1.0,0.97398055,1.0903951,0
1.0,0.97405225,1.153872,0
1.0,0.97312963,1.1701556,0
1.0,0.9698287,1.1204696,0
1.0,0.9753322,1.0735111,0
1.0,0.9770033,1.0318236,0
1.0,0.9748639,1.0053276,0
1.0,0.97420913,0.9643338,0
1.0,0.97721446,0.8860073,0
1.0,0.98015654,0.8755904,0
1.0,0.9794382,0.86375165,0
1.0,0.97445303,0.8579397,0
1.0,0.97214204,0.86295927,0
1.0,0.9731694,0.8507509,0
1.0,0.97237444,0.8377192,0
1.0,0.96355015,0.82527035,0
1.0,0.9527238,0.8116313,0
1.0,0.95828235,0.8802018,0
1.0,0.96329314,0.9157728,0
1.0,0.96135515,0.79286593,0
1.0,0.94332147,0.67515934,0
1.0,0.955603,0.64945185,0
1.0,0.95520365,0.6421619,0
1.0,0.93237245,0.6144627,0
1.0,0.9000972,0.5384178,0
1.0,0.9144451,0.53180754,0
1.0,0.9241638,0.5355141,0
1.0,0.89986527,0.5087068,0
1.0,0.8647265,0.4755938,0
1.0,0.891158,0.49439794,0
1.0,0.91538286,0.49323076,0
1.0,0.8430988,0.43258697,0
1.0,0.8639174,0.4419241,0
1.0,0.891803,0.42390385,0
1.0,0.91260326,0.41932786,0
1.0,0.88816184,0.39717156,0
1.0,0.8901809,0.4112984,0
1.0,0.87927014,0.4515592,0
1.0,0.86933064,0.4716247,0
1.0,0.8512608,0.44837657,0
1.0,0.8938098,0.48399934,0
1.0,0.87843406,0.46568242,0
1.0,0.8585576,0.45130205,0
1.0,0.81661636,0.40620863,0
1.0,0.915043,0.50374305,0
1.0,0.87351525,0.47404402,0
1.0,0.90420926,0.5227499,0
1.0,0.9141338,0.5597788,0
1.0,0.94764763,0.6085582,0
1.0,0.9302588,0.54783535,0
1.0,0.9409668,0.5043967,0
1.0,0.9473929,0.50462186,0
1.0,0.9619622,0.5312441,0
1.0,0.9421041,0.50725234,0
1.0,0.9406472,0.4895277,0
1.0,0.9476642,0.4813585,0
1.0,0.94561744,0.48094553,0
1.0,0.8958092,0.42820907,0
1.0,0.9033555,0.44697177,0
1.0,0.89520913,0.44197655,0
1.0,0.8962435,0.44454527,0
1.0,0.8812556,0.42872536,0
1.0,0.9148944,0.4638121,0
1.0,0.9036068,0.42732704,0
1.0,0.9096599,0.4040819,0
1.0,0.900985,0.39153814,0
1.0,0.92744434,0.43022233,0
1.0,0.9272264,0.43883416,0
1.0,0.91740507,0.4116794,0
1.0,0.9187607,0.37272647,0
1.0,0.9185212,0.38173997,0
1.0,0.90138286,0.3831652,0
1.0,0.8878277,0.4063391,0
1.0,0.8932146,0.44367474,0
1.0,0.89895916,0.4447534,0
1.0,0.8962527,0.4435346,0
1.0,0.88640594,0.46979484,0
1.0,0.90523595,0.53432643,0
1.0,0.8999567,0.55602795,0
1.0,0.9078633,0.6020193,0
1.0,0.9097697,0.6418953,0
1.0,0.92509604,0.6961638,0
1.0,0.9282698,0.6975946,0
1.0,0.9486137,0.7361816,0
1.0,0.9507569,0.7377652,0
1.0,0.95705414,0.74227196,0
1.0,0.9576467,0.7412812,0
1.0,0.96607834,0.79451483,0
1.0,0.96587056,0.86600083,0
1.0,0.9696259,0.93781024,0
1.0,0.9676789,0.9623768,0
1.0,0.97074956,1.0007676,0
1.0,0.9702143,1.0448895,0
1.0,0.9720919,1.063014,0
1.0,0.97064275,1.0808753,0
1.0,0.9728794,1.1182666,0
1.0,0.9678321,1.124095,0
1.0,0.9697146,1.1226782,0
1.0,0.9679387,1.1157166,0
1.0,0.9694203,1.1210208,0
1.0,0.96784985,1.1042039,0
1.0,0.9681597,1.071959,0
1.0,0.9678285,1.0515957,0
1.0,0.96653473,1.0397131,0
1.0,0.964332,1.0065465,0
1.0,0.965005,0.98052937,0
1.0,0.96124715,0.9747642,0
1.0,0.95629543,0.97053695,0
1.0,0.95274615,0.9346092,0
1.0,0.9564862,0.91134727,0
1.0,0.9526411,0.87949204,0
1.0,0.953928,0.8407414,0
1.0,0.955131,0.82056034,0
1.0,0.9579927,0.77757895,0
1.0,0.94135517,0.742464,0
1.0,0.9507944,0.74387985,0
1.0,0.9449955,0.7258388,0
1.0,0.9443808,0.7506597,0
1.0,0.92711914,0.77356684,0
1.0,0.94412965,0.7910097,0
1.0,0.9539432,0.77857137,0
1.0,0.95986855,0.7480807,0
1.0,0.9489734,0.7245789,0
1.0,0.9607267,0.73216724,0
1.0,0.9637616,0.7150802,0
1.0,0.9591559,0.7254282,0
1.0,0.9383809,0.6898652,0
1.0,0.94298494,0.6778015,0
1.0,0.9503484,0.688199,0
1.0,0.9499741,0.68602145,0
1.0,0.943761,0.6728164,0
1.0,0.94755566,0.68689346,0
1.0,0.954642,0.7341144,0
1.0,0.9528279,0.74747145,0
1.0,0.94145066,0.71686304,0
1.0,0.9328447,0.69407105,0
1.0,0.9316479,0.67805004,0
1.0,0.93326825,0.68495464,0
1.0,0.9235237,0.70768607,0
1.0,0.91531277,0.7262702,0
1.0,0.92593026,0.76369226,0
1.0,0.9469183,0.7891248,0
1.0,0.9315612,0.7423401,0
1.0,0.9217984,0.7028195,0
1.0,0.92526054,0.68297744,0
1.0,0.9234169,0.70762837,0
1.0,0.90767205,0.75098443,0
1.0,0.87585634,0.79296005,0
1.0,0.9035971,0.9251062,0
1.0,0.925748,0.96653056,0
1.0,0.91964406,0.9071205,0
1.0,0.9351478,0.89023733,0
1.0,0.94249153,0.87323284,0
1.0,0.9542139,0.88928175,0
1.0,0.94782054,0.88229984,0
1.0,0.9508319,0.91292673,0
1.0,0.9585126,0.9352435,0
1.0,0.96550846,0.93523324,0
1.0,0.9581421,0.9314755,0
1.0,0.9618223,0.9504478,0
1.0,0.96608216,0.95275867,0
1.0,0.97013694,0.94972205,0
1.0,0.9641154,0.9354457,0
1.0,0.96559536,0.9360563,0
1.0,0.9709235,0.9224638,0
1.0,0.9673153,0.9243126,0
1.0,0.9646194,0.9538991,0
1.0,0.96573144,0.99938834,0
1.0,0.9738546,1.0667554,0
1.0,0.9728994,1.0769334,0
1.0,0.9684203,1.0529373,0
1.0,0.9710941,1.0523876,0
1.0,0.9691321,1.0485083,0
1.0,0.96103597,1.0876677,0
1.0,0.9579105,1.2008082,0
1.0,0.9610695,1.2766281,0
1.0,0.96564865,1.2802945,0
1.0,0.96208656,1.2329302,0
1.0,0.9554011,1.1581136,0
1.0,0.959784,1.0731299,0
1.0,0.96096945,0.99035645,0
1.0,0.953894,0.9747303,0
1.0,0.9568185,1.0283893,0
1.0,0.9658442,1.1206157,0
1.0,0.9683031,1.1705761,0
1.0,0.9623492,1.1477592,0
1.0,0.9650925,1.1186968,0
1.0,0.9730523,1.0823619,0
1.0,0.97117394,1.0530078,0
1.0,0.9688718,1.0429357,0
1.0,0.9689507,1.0488083,0
1.0,0.974066,1.1181285,0
1.0,0.97302634,1.2206856,0
1.0,0.97072023,1.3479414,0
1.0,0.9712195,1.4676985,0
1.0,0.97535604,1.5212271,0
1.0,0.9777745,1.5161254,0
1.0,0.97870135,1.4894176,0
1.0,0.97783136,1.4762619,0
1.0,0.97991115,1.4788778,0
1.0,0.9814725,1.4915423,0
1.0,0.98169565,1.5354514,0
1.0,0.983052,1.5552626,0
1.0,0.9842928,1.5510272,0
1.0,0.98213756,1.5072079,0
1.0,0.981487,1.4306642,0
1.0,0.98217875,1.3164263,0
1.0,0.9832291,1.2674112,0
1.0,0.9788719,1.3145905,0
1.0,0.9799652,1.3975415,0
1.0,0.9814851,1.4400831,0
1.0,0.9814029,1.4770474,0
1.0,0.9814742,1.5078578,0
1.0,0.9819209,1.5146892,0
1.0,0.9833679,1.5269554,0
1.0,0.9796149,1.500901,0
1.0,0.9762211,1.5063922,0
1.0,0.972959,1.6194234,0
1.0,0.9761186,1.7984071,0
1.0,0.9757343,1.9250484,0
1.0,0.97492903,1.9298811,0
1.0,0.9742786,1.9117527,0
1.0,0.9792594,1.8828708,0
1.0,0.9784484,1.7836571,0
1.0,0.9775932,1.6776788,0
1.0,0.97452885,1.5901451,0
1.0,0.9765687,1.5457771,0
1.0,0.9789195,1.5532022,0
1.0,0.9791019,1.5832124,0
1.0,0.97523075,1.5975211,0
1.0,0.9773936,1.5652965,0
1.0,0.98008233,1.5224822,0
1.0,0.9787677,1.4696563,0
1.0,0.9756068,1.439739,0
1.0,0.97391313,1.4930345,0
1.0,0.97615004,1.587363,0
1.0,0.97671425,1.6889735,0
1.0,0.97485584,1.7443571,0
1.0,0.9733141,1.7638556,0
1.0,0.9792244,1.7831377,0
1.0,0.9801998,1.7349055,0
1.0,0.9788984,1.6590446,0
1.0,0.9764414,1.6249955,0
1.0,0.98058003,1.6206267,0
1.0,0.982998,1.6567816,0
1.0,0.98350245,1.6829948,0
1.0,0.9812687,1.6566589,0
1.0,0.9830839,1.6476378,0
1.0,0.9813818,1.6062981,0
1.0,0.98008555,1.5364292,0
1.0,0.975271,1.4506478,0
1.0,0.9770892,1.4037049,0
1.0,0.96966434,1.4225981,0
1.0,0.9708045,1.4409055,0
1.0,0.9694846,1.4456148,0
1.0,0.97482306,1.4637864,0
1.0,0.97624046,1.4604161,0
1.0,0.9786187,1.4485705,0
1.0,0.9765104,1.431979,0
1.0,0.977258,1.4272722,0
1.0,0.9769538,1.4343568,0
1.0,0.9756467,1.4412154,0
1.0,0.97098666,1.459842,0
1.0,0.97218794,1.4931763,0
1.0,0.9693011,1.5325861,0
1.0,0.96819055,1.5480973,0
1.0,0.96083736,1.4670632,0
1.0,0.96145153,1.4003205,0
1.0,0.95720154,1.3447196,0
1.0,0.9551336,1.3145925,0
1.0,0.9437561,1.2848132,0
1.0,0.94507176,1.2743942,0
1.0,0.94502854,1.2786553,0
1.0,0.941722,1.2829232,0
1.0,0.93493134,1.2705727,0
1.0,0.94321656,1.2865608,0
1.0,0.9492463,1.269738,0
1.0,0.9520792,1.25823,0
1.0,0.94143367,1.2399316,0
1.0,0.94129866,1.2160928,0
1.0,0.9446584,1.1863616,0
1.0,0.94694704,1.136873,0
1.0,0.934251,1.029084,0
1.0,0.9327942,0.9723002,0
1.0,0.9321684,0.9937482,0
1.0,0.92795515,1.0077832,0
1.0,0.9245373,1.019015,0
1.0,0.92294884,1.058114,0
1.0,0.9247169,1.1063896,0
1.0,0.9328581,1.1197889,0
1.0,0.935903,1.0973482,0
1.0,0.93169826,1.081767,0
1.0,0.9267391,1.0615181,0
1.0,0.92892987,1.0798054,0
1.0,0.9358655,1.1226635,0
1.0,0.92909384,1.1113155,0
1.0,0.921863,1.0610168,0
1.0,0.9242149,1.0097312,0
1.0,0.93083555,1.0047854,0
1.0,0.9280816,0.9852859,0
1.0,0.9265523,0.9478944,0
1.0,0.92627186,0.9420611,0
1.0,0.9331595,0.9610009,0
1.0,0.9315191,0.9704497,0
1.0,0.91717106,0.9397355,0
1.0,0.9133893,0.9159939,0
1.0,0.93574256,0.93471503,0
1.0,0.949913,0.9339719,0
1.0,0.94353825,0.89898664,0
1.0,0.9415235,0.8924898,0
1.0,0.95020163,0.90747523,0
1.0,0.9568601,0.94319236,0
1.0,0.95462906,0.9902456,0
1.0,0.952587,1.0155838,0
1.0,0.9572956,1.0193408,0
1.0,0.96389097,1.0140274,0
1.0,0.96386635,0.95996964,0
1.0,0.9623962,0.92461497,0
1.0,0.9660421,0.9170122,0
1.0,0.9720133,0.9020108,0
1.0,0.9718668,0.85258263,0
1.0,0.9693103,0.8249986,0
1.0,0.96565574,0.7917445,0
1.0,0.96450824,0.73668253,0
1.0,0.9639924,0.7030213,0
1.0,0.96738225,0.66286963,0
1.0,0.96687394,0.62921727,0
1.0,0.9684448,0.6396481,0
1.0,0.9749767,0.6747657,0
1.0,0.9785694,0.707792,0
1.0,0.97828865,0.7043083,0
1.0,0.9780463,0.67595553,0
1.0,0.98306113,0.66079426,0
1.0,0.98122704,0.6287263,0
1.0,0.9798835,0.59990144,0
1.0,0.9782924,0.58431673,0
1.0,0.978457,0.5920283,0
1.0,0.9765793,0.6102195,0
1.0,0.9730662,0.62242043,0
1.0,0.9657011,0.6204207,0
1.0,0.9658793,0.61585075,0
1.0,0.9686484,0.58684814,0
1.0,0.9623454,0.53640777,0
1.0,0.95151246,0.47361952,0
1.0,0.96079147,0.42857236,0
1.0,0.9684668,0.40169057,0
1.0,0.96863884,0.42752254,0
1.0,0.96139216,0.44296604,0
1.0,0.97239876,0.47920728,0
1.0,0.9781637,0.5315848,0
1.0,0.9789013,0.53711003,0
1.0,0.9721024,0.5081561,0
1.0,0.97879285,0.5145426,0
1.0,0.97655743,0.5202569,0
1.0,0.9729297,0.55126804,0
1.0,0.9658829,0.56784546,0
1.0,0.96809244,0.5918652,0
1.0,0.97084856,0.6157086,0
1.0,0.9635558,0.58359355,0
1.0,0.9497425,0.52633846,0
1.0,0.95858556,0.49217469,0
1.0,0.9704865,0.47558862,0
1.0,0.96640635,0.46915424,0
1.0,0.95853263,0.49114048,0
1.0,0.967188,0.50879246,0
1.0,0.9705593,0.52048814,0
1.0,0.95961416,0.50995415,0
1.0,0.943591,0.478351,0
1.0,0.9554688,0.48294103,0
1.0,0.9654186,0.47600442,0
1.0,0.9664774,0.47479352,0
1.0,0.9604034,0.4597981,0
1.0,0.96608424,0.4933653,0
1.0,0.9697695,0.55131906,0
1.0,0.9661823,0.59851736,0
1.0,0.9650177,0.63219184,0
1.0,0.9683681,0.6505525,0
1.0,0.97307026,0.6493435,0
1.0,0.96980304,0.6245879,0
1.0,0.9638967,0.5985757,0
1.0,0.9679767,0.5612314,0
1.0,0.9757415,0.5379917,0
1.0,0.9773885,0.5663868,0
1.0,0.97724754,0.5895084,0
1.0,0.9770667,0.60101604,0
1.0,0.9751942,0.5854993,0
1.0,0.96965224,0.53859735,0
1.0,0.97083956,0.5137205,0
1.0,0.9682841,0.49085733,0
1.0,0.96777445,0.46829236,0
1.0,0.9751619,0.47961932,0
1.0,0.979257,0.50366056,0
1.0,0.98021585,0.5350505,0
1.0,0.98028356,0.5451477,0
1.0,0.98018503,0.53737235,0
1.0,0.9816034,0.49986663,0
1.0,0.9804925,0.48967102,0
1.0,0.97525996,0.49354196,0
1.0,0.96967375,0.52959216,0
1.0,0.96763456,0.579868,0
1.0,0.9754538,0.62727356,0
1.0,0.9793778,0.64964056,0
1.0,0.9756235,0.6327647,0
1.0,0.97913706,0.64593095,0
1.0,0.9838128,0.6162747,0
1.0,0.9816482,0.5571209,0
1.0,0.978378,0.505745,0
1.0,0.978246,0.52125794,0
1.0,0.9807161,0.5694079,0
1.0,0.98047113,0.5915726,0
1.0,0.9783166,0.58992505,0
1.0,0.97466964,0.57588786,0
1.0,0.9821003,0.5842177,0
1.0,0.980027,0.58321077,0
1.0,0.96953124,0.5704384,0
1.0,0.9625523,0.6071216,0
1.0,0.9752076,0.67030257,0
1.0,0.97655314,0.6951076,0
1.0,0.9680895,0.69957054,0
1.0,0.9621039,0.6919208,0
1.0,0.97721195,0.7212205,0
1.0,0.9794317,0.72305125,0
1.0,0.97744024,0.7170745,0
1.0,0.9734213,0.72865266,0
1.0,0.9790526,0.7597763,0
1.0,0.9811162,0.7851314,0
1.0,0.9822749,0.80904186,0
1.0,0.9777868,0.81185657,0
1.0,0.98210484,0.8253111,0
1.0,0.98445255,0.82701176,0
1.0,0.9803741,0.7787838,0
1.0,0.97281915,0.7433311,0
1.0,0.9752696,0.7531457,0
1.0,0.97611487,0.7715373,0
1.0,0.9716068,0.7948452,0
1.0,0.9640417,0.7935842,0
1.0,0.9667231,0.83298314,0
1.0,0.9758086,0.9000174,0
1.0,0.9722944,0.9046612,0
1.0,0.9620536,0.86399704,0
1.0,0.95859396,0.82974744,0
1.0,0.9625339,0.82801586,0
1.0,0.9651643,0.8430358,0
1.0,0.9598489,0.8465277,0
1.0,0.95664483,0.8456184,0
1.0,0.96488225,0.8368521,0
1.0,0.96699923,0.7984755,0
1.0,0.9615483,0.7388288,0
1.0,0.95596474,0.73294103,0
1.0,0.9618791,0.81114864,0
1.0,0.9662361,0.88316834,0
1.0,0.9595748,0.93083525,0
1.0,0.9537479,0.9400393,0
1.0,0.95977694,0.96356636,0
1.0,0.96851885,1.0161437,0
1.0,0.96492976,1.0191085,0
1.0,0.9614954,0.9818937,0
1.0,0.9579106,0.96016276,0
1.0,0.96119773,0.9564246,0
1.0,0.95938396,0.97171056,0
1.0,0.9577889,1.0208994,0
1.0,0.9505756,1.053262,0
1.0,0.95604235,1.0680603,0
1.0,0.9550628,1.0442162,0
1.0,0.9557341,1.0009453,0
1.0,0.9568453,0.96753293,0
1.0,0.9691004,0.96463454,0
1.0,0.97200173,1.0220425,0
1.0,0.96981704,1.1025996,0
1.0,0.97353595,1.1777676,0
1.0,0.9813991,1.2349576,0
1.0,0.9819786,1.2312739,0
1.0,0.9796189,1.241508,0
1.0,0.9805946,1.287581,0
1.0,0.98169494,1.3165604,0
1.0,0.97809505,1.3621438,0
1.0,0.97168565,1.4048488,0
1.0,0.9704855,1.4489772,0
1.0,0.9693973,1.4818746,0
1.0,0.96683437,1.4840786,0
1.0,0.9580559,1.4134474,0
1.0,0.9616807,1.3390138,0
1.0,0.9604704,1.3156495,0
1.0,0.95874625,1.3316996,0
1.0,0.9490171,1.3440707,0
1.0,0.96139634,1.4608651,0
1.0,0.9658365,1.5121204,0
1.0,0.96549857,1.5021493,0
1.0,0.9586035,1.4802014,0
1.0,0.9704536,1.4963694,0
1.0,0.97344863,1.5118561,0
1.0,0.97200304,1.5621881,0
1.0,0.965478,1.6355855,0
1.0,0.9728482,1.7155626,0
1.0,0.9732684,1.8049109,0
1.0,0.9712414,1.8837177,0
1.0,0.9631954,1.879327,0
1.0,0.96766126,1.9019933,0
1.0,0.96764934,1.9165015,0
1.0,0.9648699,1.8692552,0
1.0,0.9571728,1.8047175,0
1.0,0.96548516,1.7780526,0
1.0,0.9706396,1.7965944,0
1.0,0.9725639,1.8172817,0
1.0,0.969556,1.7835023,0
1.0,0.97219974,1.7634921,0
1.0,0.97548735,1.7404413,0
1.0,0.9737892,1.7023306,0
1.0,0.9717296,1.7061166,0
1.0,0.97041357,1.7407086,0
1.0,0.9745668,1.8629067,0
1.0,0.975179,1.9500462,0
1.0,0.9741623,1.9610864,0
1.0,0.9738348,1.9707415,0
1.0,0.9788466,1.9612205,0
1.0,0.9778697,1.9553399,0
1.0,0.9770741,2.073733,0
1.0,0.9764033,2.1780596,0
1.0,0.9799653,2.2586067,0
1.0,0.98057556,2.318659,0
1.0,0.97995317,2.3191323,0
1.0,0.9789766,2.3102784,0
1.0,0.980716,2.2917185,0
1.0,0.98078316,2.2234664,0
1.0,0.9784107,2.132409,0
1.0,0.9754225,2.070949,0
1.0,0.97808653,2.0627165,0
1.0,0.97762614,2.0799775,0
1.0,0.97698396,2.1214097,0
1.0,0.9734591,2.1753612,0
1.0,0.97771555,2.2380552,0
1.0,0.9791423,2.2665932,0
1.0,0.97773564,2.2503593,0
1.0,0.97277373,2.2079697,0
1.0,0.97322726,2.186883,0
1.0,0.97430557,2.2384682,0
1.0,0.97242016,2.3180246,0
1.0,0.9683359,2.3225193,0
1.0,0.9687978,2.3285098,0
1.0,0.9705138,2.324267,0
1.0,0.9658275,2.2797647,0
1.0,0.9587511,2.2554255,0
1.0,0.963589,2.1980314,0
1.0,0.9672027,2.164409,0
1.0,0.9708772,2.2320664,0
1.0,0.96543413,2.2992487,0
1.0,0.96918845,2.3616374,0
1.0,0.9683405,2.3467758,0
1.0,0.9686619,2.2768373,0
1.0,0.96027005,2.1539469,0
1.0,0.9593025,2.0685153,0
1.0,0.95521444,2.0654066,0
1.0,0.95168936,2.11301,0
1.0,0.93944883,2.1414046,0
1.0,0.933093,2.2184243,0
1.0,0.9275801,2.2457123,0
1.0,0.9324336,2.2254634,0
1.0,0.93345344,2.191,0
1.0,0.93873835,2.1621087,0
1.0,0.93404573,2.0755692,0
1.0,0.93973327,2.0641513,0
1.0,0.938193,2.0332727,0
1.0,0.9414598,2.0177343,0
1.0,0.93256325,2.01543,0
1.0,0.9341053,2.0252929,0
1.0,0.92707086,1.9789066,0
1.0,0.9265617,1.945945,0
1.0,0.91953987,1.8868277,0
1.0,0.91762775,1.8535879,0
1.0,0.92053294,1.895209,0
1.0,0.9304361,2.0817575,0
1.0,0.9365964,2.2541974,0
1.0,0.943848,2.323402,0
1.0,0.94447345,2.3058796,0
1.0,0.9470148,2.253664,0
1.0,0.9499661,2.1932206,0
1.0,0.9548467,2.11708,0
1.0,0.9524889,2.03296,0
1.0,0.9557061,2.013045,0
1.0,0.9556083,2.0197687,0
1.0,0.96406245,2.0361528,0
1.0,0.96238524,1.9790001,0
1.0,0.96399796,1.9568242,0
1.0,0.9633395,1.8767068,0
1.0,0.9710192,1.8275342,0
1.0,0.96987724,1.7863803,0
1.0,0.97052884,1.7217455,0
1.0,0.968779,1.6795127,0
1.0,0.9734098,1.7103822,0
1.0,0.97444296,1.7811955,0
1.0,0.9749278,1.7933204,0
1.0,0.97252446,1.7781603,0
1.0,0.97326106,1.8395122,0
1.0,0.9722651,1.9491819,0
1.0,0.9690777,1.9799111,0
1.0,0.9670244,1.939271,0
1.0,0.97043097,1.8867152,0
1.0,0.9752641,1.8799324,0
1.0,0.97682595,1.8834817,0
1.0,0.9749971,1.8550828,0
1.0,0.9776664,1.8100173,0
1.0,0.9789135,1.8127959,0
1.0,0.98010075,1.7518748,0
1.0,0.97789747,1.6382208,0
1.0,0.9780985,1.6058531,0
1.0,0.9773746,1.582423,0
1.0,0.97889334,1.5813141,0
1.0,0.97666305,1.5955502,0
1.0,0.9721743,1.6495912,0
1.0,0.9718891,1.6693331,0
1.0,0.9736549,1.6564258,0
1.0,0.975662,1.6595919,0
1.0,0.9725662,1.5783118,0
1.0,0.9696042,1.5457873,0
1.0,0.96852845,1.5593686,0
1.0,0.97026867,1.5436466,0
1.0,0.9700899,1.5394737,0
1.0,0.9683575,1.5422535,0
1.0,0.96874744,1.5514195,0
1.0,0.9699155,1.620056,0
1.0,0.97239685,1.6270199,0
1.0,0.9680513,1.5305399,0
1.0,0.964035,1.4821401,0
1.0,0.9648968,1.4831516,0
1.0,0.9648595,1.4455531,0
1.0,0.962589,1.3117172,0
1.0,0.95491254,1.2399389,0
1.0,0.95471805,1.2436829,0
1.0,0.9534015,1.2410777,0
1.0,0.94698626,1.2368811,0
1.0,0.9351223,1.2293854,0
1.0,0.9384133,1.2483567,0
1.0,0.9414509,1.285391,0
1.0,0.93402267,1.2511728,0
1.0,0.9279085,1.1802657,0
1.0,0.9235354,1.1705778,0
1.0,0.93481475,1.1872739,0
1.0,0.93618196,1.1738753,0
1.0,0.9368941,1.1869845,0
1.0,0.9331966,1.1999924,0
1.0,0.9309724,1.1643171,0
1.0,0.92998564,1.1500125,0
1.0,0.9233381,1.1469793,0
1.0,0.9273807,1.1002558,0
1.0,0.918349,1.0736777,0
1.0,0.9183608,1.134316,0
1.0,0.9230454,1.1533523,0
1.0,0.92322856,1.1859287,0
1.0,0.92509806,1.2056226,0
1.0,0.916408,1.1666477,0
1.0,0.9290632,1.1660019,0
1.0,0.9275068,1.115447,0
1.0,0.9328328,1.168859,0
1.0,0.93154424,1.2714086,0
1.0,0.94488895,1.3827993,0
1.0,0.9507684,1.4467047,0
1.0,0.9524729,1.4466114,0
1.0,0.9465486,1.422226,0
1.0,0.9576661,1.4477446,0
1.0,0.9560567,1.4636056,0
1.0,0.9549483,1.4989177,0
1.0,0.94547397,1.5225551,0
1.0,0.95373523,1.5455697,0
1.0,0.95534647,1.513968,0
1.0,0.96006,1.4803071,0
1.0,0.95198447,1.4085344,0
1.0,0.96386224,1.3714374,0
1.0,0.96652937,1.3260044,0
1.0,0.9686243,1.3455126,0
1.0,0.9620069,1.3739834,0
1.0,0.97431844,1.530441,0
1.0,0.9720867,1.569454,0
1.0,0.97228175,1.5694472,0
1.0,0.96961683,1.5757929,0
1.0,0.9786483,1.6097224,0
1.0,0.9778746,1.6476442,0
1.0,0.9757622,1.6359816,0
1.0,0.96987164,1.534013,0
1.0,0.9758632,1.4922708,0
1.0,0.9724687,1.4769907,0
1.0,0.97051114,1.4798272,0
1.0,0.9637574,1.4734046,0
1.0,0.9683261,1.5079339,0
1.0,0.96645033,1.5430022,0
1.0,0.96371853,1.5332742,0
1.0,0.9564847,1.512332,0
1.0,0.9660195,1.6066259,0
1.0,0.968915,1.6433587,0
1.0,0.9681705,1.6119518,0
1.0,0.9659258,1.6230705,0
1.0,0.9745095,1.6776803,0
1.0,0.9749337,1.6179237,0
1.0,0.97479093,1.5868824,0
1.0,0.9735347,1.6104573,0
1.0,0.97322977,1.6267619,0
1.0,0.97361565,1.719788,0
1.0,0.97340506,1.8037002,0
1.0,0.96733934,1.8180676,0
1.0,0.96403116,1.8477507,0
1.0,0.96538424,1.8745694,0
1.0,0.96621144,1.8430053,0
1.0,0.96178347,1.7786009,0
1.0,0.9594528,1.6643819,0
1.0,0.96055746,1.6803074,0
1.0,0.96361727,1.7485628,0
1.0,0.9582371,1.7625442,0
1.0,0.9623799,1.7338376,0
1.0,0.95810676,1.6875832,0
1.0,0.9651169,1.7267131,0
1.0,0.9599751,1.7721764,0
1.0,0.9660103,1.8452816,0
1.0,0.9622594,1.8660966,0
1.0,0.96720827,1.9190378,0
1.0,0.9633572,1.9712448,0
1.0,0.96472687,2.066046,0
1.0,0.9584187,2.0871007,0
1.0,0.96114945,2.0416734,0
1.0,0.9542823,1.9596136,0
1.0,0.95664525,1.86911,0
1.0,0.9499038,1.8000027,0
1.0,0.95568836,1.8922467,0
1.0,0.95925915,1.9664595,0
1.0,0.960962,1.9310937,0
1.0,0.95626336,1.9260606,0
1.0,0.95708275,1.9404087,0
1.0,0.9598334,1.88174,0
1.0,0.96392155,1.8969716,0
1.0,0.9631542,1.9445624,0
1.0,0.9651392,1.9751183,0
1.0,0.96919227,2.1253026,0
1.0,0.97086394,2.2392282,0
1.0,0.97115356,2.249761,0
1.0,0.969863,2.2680585,0
1.0,0.97383547,2.3026388,0
1.0,0.9719276,2.3178232,0
1.0,0.96978587,2.3753152,0
1.0,0.9679014,2.4155493,0
1.0,0.9717985,2.4322224,0
1.0,0.97371453,2.4602637,0
1.0,0.97415143,2.49188,0
1.0,0.9744353,2.5017152,0
1.0,0.97399503,2.4751017,0
1.0,0.9755645,2.4746723,0
1.0,0.97492677,2.4850354,0
1.0,0.9726114,2.4625459,0
1.0,0.9697753,2.4300582,0
1.0,0.97157866,2.3646722,0
1.0,0.96750724,2.2866445,0
1.0,0.96493596,2.282707,0
1.0,0.9626109,2.2949252,0
1.0,0.9652635,2.343998,0
1.0,0.958879,2.4071698,0
1.0,0.9595843,2.514054,0
1.0,0.9588428,2.5699346,0
1.0,0.96591,2.6189868,0
1.0,0.9621009,2.6239138,0
1.0,0.9652456,2.6627412,0
1.0,0.96281326,2.7619405,0
1.0,0.96964574,2.8773327,0
1.0,0.96676743,2.8391938,0
1.0,0.96678925,2.8147354,0
1.0,0.9637867,2.7041345,0
1.0,0.9667963,2.6147022,0
1.0,0.962648,2.5732071,0
1.0,0.96070963,2.5404162,0
1.0,0.96233183,2.5405061,0
1.0,0.96331125,2.4950984,0
1.0,0.9575242,2.3837466,0
1.0,0.9594014,2.4165292,0
1.0,0.9625269,2.437272,0
1.0,0.96701425,2.4677122,0
1.0,0.9680902,2.4902315,0
1.0,0.96863794,2.4827013,0
1.0,0.9731919,2.5002635,0
1.0,0.97383285,2.5015516,0
1.0,0.97384363,2.5200453,0
1.0,0.9719775,2.5574381,0
1.0,0.9730353,2.5948558,0
1.0,0.9733637,2.6383371,0
1.0,0.973253,2.6671865,0
1.0,0.96923864,2.649403,0
1.0,0.9719607,2.5900266,0
1.0,0.9737456,2.4853098,0
1.0,0.9727436,2.3850954,0
1.0,0.9683331,2.2111459,0
1.0,0.9689029,2.0980246,0
1.0,0.9705519,2.1215117,0
1.0,0.9722191,2.1553984,0
1.0,0.96929806,2.1222916,0
1.0,0.9658015,2.019453,0
1.0,0.96931386,1.8959509,0
1.0,0.9725113,1.8014863,0
1.0,0.9691037,1.7290592,0
1.0,0.96622914,1.6860936,0
1.0,0.9672218,1.709872,0
1.0,0.970064,1.7658885,0
1.0,0.96985483,1.7667202,0
1.0,0.963044,1.7380233,0
1.0,0.96486413,1.7564874,0
1.0,0.96605563,1.7270272,0
1.0,0.9640229,1.5824285,0
1.0,0.9586736,1.4933239,0
1.0,0.95784134,1.4674263,0
1.0,0.9633542,1.4727302,0
1.0,0.96296084,1.4482676,0
1.0,0.95549536,1.4121593,0
1.0,0.95070666,1.361351,0
1.0,0.9589236,1.2880435,0
1.0,0.9534835,1.2075654,0
1.0,0.94496477,1.1677732,0
1.0,0.9377722,1.1309605,0
1.0,0.9494138,1.1414686,0
1.0,0.9513332,1.1375324,0
1.0,0.93916243,1.1228116,0
1.0,0.93645936,1.1159616,0
1.0,0.9479516,1.1117643,0
1.0,0.9562096,1.0936719,0
1.0,0.95391494,1.0505998,0
1.0,0.9490253,1.0163448,0
1.0,0.95485973,0.9993177,0
1.0,0.95323783,0.9692178,0
1.0,0.94686204,0.95343107,0
1.0,0.9277929,0.91137123,0
1.0,0.9388353,0.92171335,0
1.0,0.9416872,0.9061098,0
1.0,0.93662757,0.87487817,0
1.0,0.9187045,0.8011745,0
1.0,0.9330976,0.7812489,0
1.0,0.94591993,0.8032923,0
1.0,0.94730955,0.80575484,0
1.0,0.94469553,0.7950716,0
1.0,0.9477927,0.8175073,0
1.0,0.96153575,0.85013795,0
1.0,0.95299935,0.83761555,0
1.0,0.94527847,0.8042886,0
1.0,0.9372916,0.74707764,0
1.0,0.953017,0.759852,0
1.0,0.95884776,0.74506986,0
1.0,0.9577568,0.7168365,0
1.0,0.9562952,0.71162665,0
1.0,0.9600807,0.69585425,0
1.0,0.955009,0.6315721,0
1.0,0.9460364,0.541911,0
1.0,0.9373954,0.4697049,0
1.0,0.93495697,0.44539547,0
1.0,0.93037665,0.4391352,0
1.0,0.936257,0.47916472,0
1.0,0.93182766,0.5101105,0
1.0,0.9398779,0.5142224,0
1.0,0.92697436,0.5016482,0
1.0,0.9436669,0.5303947,0
1.0,0.9262964,0.5142339,0
1.0,0.9249231,0.53294575,0
1.0,0.883057,0.49967134,0
1.0,0.91439724,0.56030035,0
1.0,0.9139242,0.5870254,0
1.0,0.91827095,0.6097841,0
1.0,0.8933279,0.5688531,0
1.0,0.93508154,0.6014563,0
1.0,0.9408412,0.5821566,0
1.0,0.9421273,0.56260556,0
1.0,0.9249528,0.52454686,0
1.0,0.9409419,0.5406951,0
1.0,0.93469393,0.5083498,0
1.0,0.93531686,0.48958096,0
1.0,0.90835035,0.45122796,0
1.0,0.9159531,0.43908083,0
1.0,0.924188,0.439551,0
1.0,0.9457886,0.45774746,0
1.0,0.93114704,0.4490931,0
1.0,0.9476667,0.48156515,0
1.0,0.93912053,0.47975022,0
1.0,0.9509561,0.5048509,0
1.0,0.954884,0.5042198,0
1.0,0.950114,0.4992775,0
1.0,0.9543825,0.5018193,0
1.0,0.9636347,0.5162691,0
1.0,0.9501557,0.5180282,0
1.0,0.94392246,0.48316097,0
1.0,0.9389685,0.4347323,0
1.0,0.95076543,0.4439309,0
1.0,0.9268422,0.4195253,0
1.0,0.9124647,0.36513895,0
1.0,0.91897523,0.3429739,0
1.0,0.96047986,0.34326255,0
1.0,0.928464,0.28112906,0
1.0,0.91791934,0.25835308,0
1.0,0.93049866,0.30938593,0
1.0,0.9628376,0.3604809,0
1.0,0.94087464,0.35788292,0
1.0,0.94198436,0.3567435,0
1.0,0.9475317,0.36626127,0
1.0,0.96807957,0.38324592,0
1.0,0.9465789,0.37093097,0
1.0,0.93688536,0.34906548,0
1.0,0.950436,0.33997834,0
1.0,0.96387523,0.35042793,0
1.0,0.9514395,0.37366903,0
1.0,0.9586585,0.4010249,0
1.0,0.96165335,0.40237737,0
1.0,0.9686326,0.4134159,0
1.0,0.96820134,0.4073384,0
1.0,0.9626856,0.38673115,0
1.0,0.96869934,0.38470995,0
1.0,0.9773516,0.38993382,0
1.0,0.9784534,0.3947128,0
1.0,0.9804349,0.4051556,0
1.0,0.98205525,0.42552355,0
1.0,0.98075473,0.4155572,0
1.0,0.9825737,0.3890892,0
1.0,0.97862226,0.37692857,0
1.0,0.9760296,0.37511975,0
1.0,0.9710344,0.40945315,0
1.0,0.97071487,0.50552905,0
1.0,0.978079,0.581457,0
1.0,0.98095864,0.5894977,0
1.0,0.9757766,0.58590686,0
1.0,0.9796753,0.58909506,0
1.0,0.98103094,0.5773948,0
1.0,0.97268313,0.49435273,0
1.0,0.97179645,0.4367317,0
1.0,0.97266567,0.42780083,0
1.0,0.974414,0.4754372,0
1.0,0.9759561,0.5115244,0
1.0,0.97331345,0.5111152,0
1.0,0.9699341,0.5092213,0
1.0,0.9797121,0.51323676,0
1.0,0.97687304,0.50126356,0
1.0,0.96521777,0.47400644,0
1.0,0.97125435,0.44023097,0
1.0,0.9757201,0.4234281,0
1.0,0.97110814,0.44153166,0
1.0,0.9655825,0.46413553,0
1.0,0.9691093,0.4810034,0
1.0,0.9743785,0.48654303,0
1.0,0.9756816,0.48722893,0
1.0,0.9693853,0.46448871,0
1.0,0.965982,0.45059615,0
1.0,0.9653984,0.49069762,0
1.0,0.9647991,0.5306086,0
1.0,0.9712019,0.5592457,0
1.0,0.97537136,0.5701721,0
1.0,0.9711494,0.56586367,0
1.0,0.97498626,0.56925935,0
1.0,0.97087383,0.5380553,0
1.0,0.9587226,0.4296625,0
1.0,0.9562626,0.36535582,0
1.0,0.94728273,0.37426013,0
1.0,0.95912915,0.39388978,0
1.0,0.9629571,0.40640736,0
1.0,0.9464999,0.39770123,0
1.0,0.95313275,0.40551,0
1.0,0.96372044,0.4212637,0
1.0,0.9512778,0.4028102,0
1.0,0.9247663,0.33645624,0
1.0,0.93266696,0.3211705,0
1.0,0.948014,0.36642945,0
1.0,0.93453014,0.3892033,0
1.0,0.92702526,0.40578038,0
1.0,0.9402023,0.4304085,0
1.0,0.9490724,0.44280243,0
1.0,0.95878255,0.45181823,0
1.0,0.9400207,0.44134685,0
1.0,0.9343085,0.4588641,0
1.0,0.94674236,0.48655054,0
1.0,0.93725723,0.50685835,0
1.0,0.95571667,0.5505438,0
1.0,0.9462088,0.5457305,0
1.0,0.96098036,0.5695328,0
1.0,0.9661492,0.58374476,0
1.0,0.96025,0.53834915,0
1.0,0.96286327,0.5155355,0
1.0,0.952911,0.5311488,0
1.0,0.95953125,0.57485723,0
1.0,0.9658968,0.6287589,0
1.0,0.96296483,0.6585312,0
1.0,0.9580144,0.68320537,0
1.0,0.96929,0.7352871,0
1.0,0.972369,0.74589133,0
1.0,0.965164,0.73413694,0
1.0,0.9553196,0.7391033,0
1.0,0.9602252,0.7664422,0
1.0,0.96007276,0.77897453,0
1.0,0.9480127,0.7858969,0
1.0,0.9398515,0.8140607,0
1.0,0.9403353,0.8299419,0
1.0,0.9477184,0.8541914,0
1.0,0.9395074,0.8427142,0
1.0,0.9265056,0.812817,0
1.0,0.9263898,0.86209595,0
1.0,0.928811,0.9576426,0
1.0,0.9336273,1.080996,0
1.0,0.9324561,1.1690121,0
1.0,0.9433236,1.2239792,0
1.0,0.9503168,1.2434167,0
1.0,0.95744145,1.2148404,0
1.0,0.95285994,1.1593313,0
1.0,0.9543773,1.1456673,0
1.0,0.9518893,1.153145,0
1.0,0.9502589,1.1985588,0
1.0,0.94980055,1.28441,0
1.0,0.9472997,1.3153406,0
1.0,0.9455911,1.3370827,0
1.0,0.9492279,1.3518097,0
1.0,0.9581592,1.3362193,0
1.0,0.9596567,1.323628,0
1.0,0.95711124,1.3272402,0
1.0,0.9570895,1.351958,0
1.0,0.9628596,1.3818729,0
1.0,0.96497446,1.3702785,0
1.0,0.96359986,1.3547747,0
1.0,0.96396947,1.3358908,0
1.0,0.9700595,1.338356,0
1.0,0.97379124,1.3966889,0
1.0,0.9708819,1.4586215,0
1.0,0.96978724,1.4841596,0
1.0,0.9751295,1.4994816,0
1.0,0.9775059,1.51894,0
1.0,0.973739,1.5422502,0
1.0,0.97351944,1.5617973,0
1.0,0.97611165,1.5368404,0
1.0,0.97899014,1.4532713,0
1.0,0.9734881,1.332813,0
1.0,0.97182155,1.269743,0
1.0,0.972401,1.2407858,0
1.0,0.9735536,1.237971,0
1.0,0.96850866,1.2534823,0
1.0,0.96469384,1.2796515,0
1.0,0.96266466,1.3179084,0
1.0,0.96729225,1.3516018,0
1.0,0.9648628,1.350573,0
1.0,0.9660621,1.3571696,0
1.0,0.9573161,1.3299935,0
1.0,0.96039647,1.3753109,0
1.0,0.9597829,1.3857762,0
1.0,0.9620517,1.3727055,0
1.0,0.96046907,1.3616525,0
1.0,0.9637511,1.3424304,0
1.0,0.9639884,1.3117213,0
1.0,0.96679103,1.2826824,0
1.0,0.95751446,1.2080837,0
1.0,0.96101505,1.2052548,0
1.0,0.9608397,1.2167009,0
1.0,0.9583308,1.2110324,0
1.0,0.9462397,1.179789,0
1.0,0.9417017,1.1065848,0
1.0,0.9500033,1.0403645,0
1.0,0.94438434,0.9951112,0
1.0,0.9306022,0.9749118,0
1.0,0.9274141,0.9907852,0
1.0,0.93842435,0.9852668,0
1.0,0.9276319,0.9291023,0
1.0,0.91452914,0.9087044,0
1.0,0.8877936,0.90172493,0
1.0,0.8879639,0.97051466,0
1.0,0.9028963,1.006412,0
1.0,0.9225905,1.0221127,0
1.0,0.93754375,1.0943483,0
1.0,0.94788826,1.1711206,0
1.0,0.9479633,1.1876153,0
1.0,0.95647377,1.1899439,0
1.0,0.94903535,1.1232281,0
1.0,0.9492017,1.0852282,0
1.0,0.93297625,0.9966885,0
1.0,0.9474569,0.9364754,0
1.0,0.940227,0.8540652,0
1.0,0.9476489,0.8302755,0
1.0,0.9466082,0.86437184,0
1.0,0.96443653,1.0131074,0
1.0,0.96805567,1.0778997,0
1.0,0.9717481,1.1050527,0
1.0,0.9708374,1.1081882,0
1.0,0.9778195,1.1475468,0
1.0,0.97701716,1.1948359,0
1.0,0.97267216,1.2018112,0
1.0,0.97146297,1.2333388,0
1.0,0.9740122,1.2811764,0
1.0,0.9781486,1.319081,0
1.0,0.97620195,1.4195809,0
1.0,0.97176546,1.4929222,0
1.0,0.97032577,1.4484133,0
1.0,0.9718739,1.4054224,0
1.0,0.96984214,1.4056479,0
1.0,0.9678285,1.453332,0
1.0,0.97171956,1.5268443,0
1.0,0.9742931,1.5119537,0
1.0,0.9716536,1.4347441,0
1.0,0.9703617,1.3902459,0
1.0,0.9708735,1.4174848,0
1.0,0.97228044,1.4370375,0
1.0,0.96979874,1.4279838,0
1.0,0.9706207,1.5090656,0
1.0,0.96915203,1.5950726,0
1.0,0.9675207,1.6951399,0
1.0,0.95981354,1.7982018,0
1.0,0.9557043,1.8496209,0
1.0,0.95191324,1.8780898,0
1.0,0.9497916,1.9367411,0
1.0,0.94998395,1.995929,0
1.0,0.9518547,2.0017266,0
1.0,0.9553872,1.938084,0
1.0,0.954677,1.8994269,0
1.0,0.9586874,1.8797069,0
1.0,0.9583949,1.8830495,0
1.0,0.9620473,1.8982198,0
1.0,0.9576445,1.8529091,0
1.0,0.9565652,1.8758506,0
1.0,0.9570302,1.9629567,0
1.0,0.9614022,2.142192,0
1.0,0.9592298,2.3533194,0
1.0,0.96361756,2.4199433,0
1.0,0.96852744,2.4413316,0
1.0,0.9716081,2.4914327,0
1.0,0.97138536,2.545463,0
1.0,0.9706965,2.6485138,0
1.0,0.9695273,2.6422362,0
1.0,0.96844494,2.5870855,0
1.0,0.96543056,2.5870368,0
1.0,0.96668285,2.6194148,0
1.0,0.96644217,2.6620498,0
1.0,0.9648582,2.6636336,0
1.0,0.9621795,2.6405911,0
1.0,0.96654576,2.6504178,0
1.0,0.96604043,2.623633,0
1.0,0.9635796,2.6371832,0
1.0,0.9598703,2.6073143,0
1.0,0.9636777,2.5439568,0
1.0,0.9651891,2.5347562,0
1.0,0.9660937,2.571322,0
1.0,0.96394587,2.6133833,0
1.0,0.97235715,2.6767764,0
1.0,0.971883,2.7334676,0
1.0,0.97250473,2.8400486,0
1.0,0.96942633,3.0020933,0
1.0,0.9729935,3.1815145,0
1.0,0.9719597,3.2327306,0
1.0,0.9727246,3.2324736,0
1.0,0.9708311,3.231843,0
1.0,0.97463894,3.2689257,0
1.0,0.9722262,3.259668,0
1.0,0.9745744,3.1683156,0
1.0,0.9714016,3.0249114,0
1.0,0.9766409,2.9859495,0
1.0,0.97428244,2.939928,0
1.0,0.9749513,2.9442875,0
1.0,0.96958005,2.8912058,0
1.0,0.97326976,2.7842338,0
1.0,0.97252196,2.764361,0
1.0,0.9741959,2.8180144,0
1.0,0.9729795,2.8969698,0
1.0,0.9778658,3.0294247,0
1.0,0.9780822,3.0469327,0
1.0,0.9800828,3.0833046,0
1.0,0.97868747,3.154064,0
1.0,0.9781974,3.1784701,0
1.0,0.97708625,3.158594,0
1.0,0.9775634,3.1303139,0
1.0,0.9762155,3.1475608,0
1.0,0.97642505,3.2063656,0
1.0,0.97683674,3.2409816,0
1.0,0.9792429,3.1922286,0
1.0,0.978471,3.0896888,0
1.0,0.979018,3.0238895,0
1.0,0.97762316,2.9587603,0
1.0,0.9788135,2.9046068,0
1.0,0.97542506,2.7803452,0
1.0,0.9761363,2.7016678,0
1.0,0.97609496,2.682548,0
1.0,0.9758556,2.7153816,0
1.0,0.9725792,2.7825818,0
1.0,0.97353077,2.8075886,0
1.0,0.97527134,2.8224063,0
1.0,0.97495735,2.8002014,0
1.0,0.9724511,2.810555,0
1.0,0.97049886,2.8405905,0
1.0,0.97050357,2.798845,0
1.0,0.97002035,2.7715497,0
1.0,0.96928096,2.781384,0
1.0,0.9665835,2.8148026,0
1.0,0.96795905,2.8773499,0
1.0,0.96884996,2.8682165,0
1.0,0.9691076,2.7953773,0
1.0,0.96937144,2.6937757,0
1.0,0.9672106,2.62754,0
1.0,0.96420026,2.5568614,0
1.0,0.96088743,2.499321,0
1.0,0.96085167,2.4582765,0
1.0,0.96083355,2.422398,0
1.0,0.95551157,2.4417224,0
1.0,0.9493135,2.4856215,0
1.0,0.94862646,2.492511,0
1.0,0.95396984,2.5330107,0
1.0,0.9532912,2.5643387,0
1.0,0.95140314,2.5554638,0
1.0,0.95621735,2.5795748,0
1.0,0.95627576,2.5707674,0
1.0,0.9576099,2.4941256,0
1.0,0.9543749,2.457949,0
1.0,0.95657796,2.4734392,0
1.0,0.9583697,2.4994867,0
1.0,0.9586852,2.517468,0
1.0,0.9540254,2.4407382,0
1.0,0.9549839,2.3592687,0
1.0,0.95496726,2.2612388,0
1.0,0.9511874,2.1908543,0
1.0,0.94707435,2.0849676,0
1.0,0.9504542,2.0609612,0
1.0,0.95535386,2.1879826,0
1.0,0.96088076,2.3163218,0
1.0,0.9615449,2.393227,0
1.0,0.96486247,2.4013176,0
1.0,0.96580017,2.331903,0
1.0,0.9717121,2.3081532,0
1.0,0.9718507,2.3231196,0
1.0,0.9730276,2.3867087,0
1.0,0.97111535,2.402312,0
1.0,0.9742735,2.4091315,0
1.0,0.97485965,2.364608,0
1.0,0.97361666,2.3576567,0
1.0,0.972007,2.454805,0
1.0,0.97126704,2.4559228,0
1.0,0.97313845,2.3393524,0
1.0,0.97135746,2.2615561,0
1.0,0.97088575,2.2322679,0
1.0,0.97253954,2.2532725,0
1.0,0.97417986,2.304988,0
1.0,0.97628284,2.2962708,0
1.0,0.9734978,2.25737,0
1.0,0.9753994,2.3092837,0
1.0,0.97333014,2.340176,0
1.0,0.97272575,2.305738,0
1.0,0.96970403,2.268733,0
1.0,0.97334754,2.2490048,0
1.0,0.9717011,2.2876854,0
1.0,0.9721643,2.3494258,0
1.0,0.9661971,2.3416677,0
1.0,0.9686686,2.337422,0
1.0,0.965995,2.294721,0
1.0,0.9644304,2.206448,0
1.0,0.95769274,2.0896525,0
1.0,0.95924467,1.9900963,0
1.0,0.95433277,1.8864541,0
1.0,0.9567184,1.8678911,0
1.0,0.9477262,1.8782017,0
1.0,0.95184445,1.965544,0
1.0,0.9429827,1.9768571,0
1.0,0.94456285,1.9114935,0
1.0,0.9407588,1.8648565,0
1.0,0.94400185,1.8772228,0
1.0,0.9376763,1.8744019,0
1.0,0.932306,1.8360138,0
1.0,0.9379423,1.721632,0
1.0,0.93810207,1.609305,0
1.0,0.93526804,1.6238686,0
1.0,0.9338947,1.6562887,0
1.0,0.9287115,1.6362152,0
1.0,0.9280108,1.6260924,0
1.0,0.9287874,1.5987931,0
1.0,0.92338854,1.5927218,0
1.0,0.9268349,1.672013,0
1.0,0.9225515,1.6707132,0
1.0,0.9267282,1.6125691,0
1.0,0.9241712,1.5481842,0
1.0,0.9281333,1.5363442,0
1.0,0.921758,1.5519946,0
1.0,0.9319093,1.5653968,0
1.0,0.93195045,1.5522075,0
1.0,0.94280887,1.62725,0
1.0,0.94059414,1.6290008,0
1.0,0.9463028,1.6358913,0
1.0,0.9425537,1.6175613,0
1.0,0.9494543,1.6036141,0
1.0,0.95071906,1.6337583,0
1.0,0.95248413,1.7388748,0
1.0,0.9540058,1.8299654,0
1.0,0.9588916,1.9222115,0
1.0,0.9632978,1.8822463,0
1.0,0.96343064,1.8048098,0
1.0,0.9661794,1.8024088,0
1.0,0.96754867,1.8217039,0
1.0,0.96762085,1.8792106,0
1.0,0.96759295,1.912226,0
1.0,0.9693851,1.9233022,0
1.0,0.97401863,1.9791597,0
1.0,0.9745179,2.0051045,0
1.0,0.97281986,1.9866467,0
1.0,0.9723155,1.9754198,0
1.0,0.973838,1.9633934,0
1.0,0.97300184,1.9368048,0
1.0,0.9675916,1.9134966,0
1.0,0.9637809,1.8882467,0
1.0,0.9633855,1.8430663,0
1.0,0.96415675,1.8321476,0
1.0,0.9588973,1.867631,0
1.0,0.95870245,1.9826134,0
1.0,0.9609732,2.0667582,0
1.0,0.96085256,2.056788,0
1.0,0.95677054,2.0403504,0
1.0,0.9539755,2.0124264,0
1.0,0.95461154,1.9712645,0
1.0,0.9502703,1.9606111,0
1.0,0.9489849,1.969675,0
1.0,0.9394204,1.9823167,0
1.0,0.9414673,2.0110455,0
1.0,0.9335126,1.9385439,0
1.0,0.92711663,1.8429041,0
1.0,0.9100233,1.7342299,0
1.0,0.90165716,1.6225269,0
1.0,0.9013917,1.6493475,0
1.0,0.89033026,1.6726222,0
1.0,0.8810028,1.6481466,0
1.0,0.8731444,1.6337626,0
1.0,0.880744,1.620539,0
1.0,0.8789309,1.5537966,0
1.0,0.87469256,1.517468,0
1.0,0.88008964,1.4898968,0
1.0,0.89073735,1.4711783,0
1.0,0.8924863,1.4374858,0
1.0,0.8882153,1.4075358,0
1.0,0.89253193,1.4342119,0
1.0,0.89835876,1.4806073,0
1.0,0.90449154,1.5364248,0
1.0,0.89954066,1.546438,0
1.0,0.8898114,1.5132444,0
1.0,0.89666975,1.5038528,0
1.0,0.9036208,1.47821,0
1.0,0.8999603,1.3595266,0
1.0,0.89535713,1.2575061,0
1.0,0.8992906,1.2537977,0
1.0,0.91067284,1.2937651,0
1.0,0.91312855,1.3324504,0
1.0,0.91914254,1.3628459,0
1.0,0.9223977,1.3961148,0
1.0,0.9297187,1.4770429,0
1.0,0.9302492,1.5023499,0
1.0,0.93109477,1.5060633,0
1.0,0.9332779,1.5074582,0
1.0,0.93864614,1.4925363,0
1.0,0.9416614,1.4810379,0
1.0,0.94667655,1.4822065,0
1.0,0.94783616,1.4694645,0
1.0,0.9502146,1.4372377,0
1.0,0.9508,1.4107096,0
1.0,0.94580024,1.3751036,0
1.0,0.94284564,1.3367095,0
1.0,0.9331311,1.3196591,0
1.0,0.9368575,1.3366231,0
1.0,0.9314555,1.3127993,0
1.0,0.92770916,1.3033757,0
1.0,0.90946805,1.2929494,0
1.0,0.92210096,1.3521774,0
1.0,0.92166066,1.321901,0
1.0,0.93042845,1.3102758,0
1.0,0.9171436,1.2559855,0
1.0,0.9321465,1.2594635,0
1.0,0.92446977,1.2561593,0
1.0,0.9270569,1.2737358,0
1.0,0.91897625,1.238183,0
1.0,0.9224811,1.2786453,0
1.0,0.9103592,1.3156841,0
1.0,0.9132213,1.3200097,0
1.0,0.9078647,1.2801762,0
1.0,0.9192974,1.2508643,0
1.0,0.8991227,1.1686647,0
1.0,0.9007459,1.1526489,0
1.0,0.885502,1.1069545,0
1.0,0.9097759,1.1664977,0
1.0,0.89472795,1.1281202,0
1.0,0.91025484,1.1925381,0
1.0,0.90507567,1.2158263,0
1.0,0.91526943,1.2385516,0
1.0,0.89595693,1.2460155,0
1.0,0.90843236,1.2548543,0
1.0,0.91018844,1.2377136,0
1.0,0.91987485,1.2782768,0
1.0,0.9069534,1.2547947,0
1.0,0.90489477,1.2677584,0
1.0,0.9105726,1.3039807,0
1.0,0.90946543,1.3211708,0
1.0,0.9033102,1.3498603,0
1.0,0.90390205,1.3674953,0
1.0,0.9044923,1.3734138,0
1.0,0.9147918,1.3465128,0
1.0,0.91430247,1.3070197,0
1.0,0.92702556,1.3036778,0
1.0,0.9254705,1.2660943,0
1.0,0.9344971,1.2841907,0
1.0,0.93226916,1.2614586,0
1.0,0.9370974,1.2560074,0
1.0,0.93762153,1.26531,0
1.0,0.9325979,1.2277799,0
1.0,0.92935765,1.2176337,0
1.0,0.9300148,1.2233932,0
1.0,0.9386634,1.2225733,0
1.0,0.93456024,1.2291384,0
1.0,0.9346677,1.2325675,0
1.0,0.9383285,1.2502326,0
1.0,0.94293517,1.2503048,0
1.0,0.94377214,1.188558,0
1.0,0.94731563,1.1706762,0
1.0,0.9501713,1.1370151,0
1.0,0.9470924,1.093674,0
1.0,0.9520503,1.0954887,0
1.0,0.95087653,1.0607566,0
1.0,0.9535709,1.0922968,0
1.0,0.95794547,1.1348524,0
1.0,0.96023905,1.1650074,0
1.0,0.9557504,1.1756713,0
1.0,0.95325285,1.1263311,0
1.0,0.95954686,1.078252,0
1.0,0.9608145,1.043963,0
1.0,0.9566831,1.017862,0
1.0,0.95369667,1.0378225,0
1.0,0.9574775,1.0527999,0
1.0,0.9607478,1.0725136,0
1.0,0.9566873,1.1158123,0
1.0,0.9496866,1.1507411,0
1.0,0.95283014,1.1898072,0
1.0,0.95369136,1.2562747,0
1.0,0.9510215,1.283303,0
1.0,0.9371389,1.2450131,0
1.0,0.944303,1.2647715,0
1.0,0.9531729,1.2702329,0
1.0,0.9539419,1.1960387,0
1.0,0.95234346,1.1382883,0
1.0,0.96119124,1.1280009,0
1.0,0.9633134,1.1105732,0
1.0,0.9598459,1.0869913,0
1.0,0.95369405,1.0357533,0
1.0,0.95366687,1.0240958,0
1.0,0.9529845,1.0499606,0
1.0,0.9517599,1.0832593,0
1.0,0.9492448,1.1233927,0
1.0,0.9469577,1.1292517,0
1.0,0.9556755,1.1306977,0
1.0,0.96105653,1.09673,0
1.0,0.96043825,1.0367352,0
1.0,0.9640323,1.0061966,0
1.0,0.9647089,0.9783186,0
1.0,0.9636728,0.9841808,0
1.0,0.9663656,1.0188742,0
1.0,0.9685299,1.0327599,0
1.0,0.96893424,1.0336816,0
1.0,0.9687046,1.008421,0
1.0,0.97561014,0.97318965,0
1.0,0.97607064,0.9209132,0
1.0,0.97575605,0.88563716,0
1.0,0.97302747,0.8501185,0
1.0,0.9729963,0.8427162,0
1.0,0.97201633,0.85742235,0
1.0,0.97359776,0.8187058,0
1.0,0.9718303,0.7563665,0
1.0,0.970821,0.7311231,0
1.0,0.97442764,0.71399593,0
1.0,0.972961,0.71444744,0
1.0,0.97379094,0.74595904,0
1.0,0.97265685,0.7798258,0
1.0,0.97935474,0.810009,0
1.0,0.98052716,0.82010895,0
1.0,0.97889566,0.82574344,0
1.0,0.9770577,0.804668,0
1.0,0.9830487,0.7620466,0
1.0,0.98139244,0.70728844,0
1.0,0.9797554,0.6635754,0
1.0,0.97723377,0.6296483,0
1.0,0.9794907,0.6300278,0
1.0,0.97766644,0.6248481,0
1.0,0.9681806,0.61234754,0
1.0,0.9523357,0.59256196,0
1.0,0.9579456,0.6097851,0
1.0,0.9575268,0.6002562,0
1.0,0.94687927,0.535627,0
1.0,0.92348176,0.46855983,0
1.0,0.9348879,0.46457434,0
1.0,0.92551,0.4396453,0
1.0,0.90260327,0.4298449,0
1.0,0.86518687,0.39931434,0
1.0,0.8908942,0.4266887,0
1.0,0.9029962,0.44168603,0
1.0,0.88947946,0.41659147,0
1.0,0.8407598,0.34037215,0
1.0,0.8815001,0.32112288,0
1.0,0.89516544,0.29588538,0
1.0,0.885674,0.28651944,0
1.0,0.8549203,0.2666508,0
1.0,0.8671762,0.2853279,0
1.0,0.8798838,0.2929586,0
1.0,0.8397473,0.24136889,0
1.0,0.81199586,0.1938268,0
1.0,0.830699,0.18632188,0
1.0,0.8528663,0.18951234,0
1.0,0.8841935,0.20264566,0
1.0,0.8776982,0.21641445,0
1.0,0.88599205,0.25805575,0
1.0,0.907539,0.3368186,0
1.0,0.9346369,0.39841044,0
1.0,0.9364489,0.3831132,0
1.0,0.94743925,0.3697653,0
1.0,0.9607458,0.38594764,0
1.0,0.96859366,0.3937515,0
1.0,0.9724822,0.39713645,0
1.0,0.97142327,0.38474387,0
1.0,0.9735588,0.37800255,0
1.0,0.9757943,0.38173527,0
1.0,0.97668433,0.3888629,0
1.0,0.97109985,0.4019912,0
1.0,0.9710477,0.41533184,0
1.0,0.97436255,0.40475273,0
1.0,0.9742959,0.39279765,0
1.0,0.97190845,0.3812986,0
1.0,0.9670447,0.36615476,0
1.0,0.9677976,0.35931826,0
1.0,0.96519697,0.36201486,0
1.0,0.9636266,0.41653726,0
1.0,0.96287894,0.44553804,0
1.0,0.97513264,0.47545162,0
1.0,0.9726098,0.47091234,0
1.0,0.972368,0.45640817,0
1.0,0.9748062,0.4588916,0
1.0,0.97092795,0.45124626,0
1.0,0.97206205,0.44651586,0
1.0,0.9706194,0.44025236,0
1.0,0.9725124,0.4293244,0
1.0,0.9704342,0.41431588,0
1.0,0.9626644,0.38491377,0
1.0,0.9478235,0.3303412,0
1.0,0.9478848,0.265715,0
1.0,0.9389907,0.2226818,0
1.0,0.93178695,0.2303612,0
1.0,0.93094957,0.25213015,0
1.0,0.94750506,0.29760718,0
1.0,0.9551712,0.36347812,0
1.0,0.9586334,0.40723157,0
1.0,0.9591171,0.4397279,0
1.0,0.9717587,0.4670936,0
1.0,0.9758984,0.46903497,0
1.0,0.9726238,0.46233726,0
1.0,0.9641554,0.43577188,0
1.0,0.973609,0.43716937,0
1.0,0.96430445,0.44558308,0
1.0,0.9678762,0.47746295,0
1.0,0.96427906,0.48720104,0
1.0,0.96686304,0.4910605,0
1.0,0.96174324,0.48797283,0
1.0,0.9635368,0.4744764,0
1.0,0.9606481,0.4158228,0
1.0,0.96928734,0.39070624,0
1.0,0.96903396,0.40056354,0
1.0,0.9714893,0.4885869,0
1.0,0.9783879,0.5852454,0
1.0,0.9830913,0.60957634,0
1.0,0.9829904,0.6049274,0
1.0,0.98403245,0.6041875,0
1.0,0.9842466,0.6025362,0
1.0,0.9807756,0.6026941,0
1.0,0.97822225,0.6081704,0
1.0,0.9787909,0.64492,0
1.0,0.98155516,0.6883064,0
1.0,0.983868,0.7083688,0
1.0,0.97880846,0.7139213,0
1.0,0.9758657,0.6903353,0
1.0,0.97992367,0.6710061,0
1.0,0.9770313,0.62834495,0
1.0,0.96895814,0.55877966,0
1.0,0.97200215,0.520036,0
1.0,0.9757189,0.48831102,0
1.0,0.97865856,0.47319162,0
1.0,0.9766698,0.4766124,0
1.0,0.9734717,0.47605133,0
1.0,0.97785646,0.4964109,0
1.0,0.9804314,0.49315286,0
1.0,0.97624594,0.4734994,0
1.0,0.9745737,0.47435844,0
1.0,0.97289884,0.48323232,0
1.0,0.9723638,0.55595255,0
1.0,0.9732131,0.6109997,0
1.0,0.9726915,0.61830854,0
1.0,0.977399,0.6298938,0
1.0,0.9801036,0.6499052,0
1.0,0.9743447,0.6323939,0
1.0,0.9702294,0.5508628,0
1.0,0.9721382,0.47591108,0
1.0,0.9694504,0.45460314,0
1.0,0.96500885,0.47382694,0
1.0,0.9653486,0.4918762,0
1.0,0.95888174,0.49390846,0
1.0,0.95672184,0.4984686,0
1.0,0.9515476,0.48457503,0
1.0,0.9442655,0.4443224,0
1.0,0.9395249,0.4088245,0
1.0,0.9463713,0.41580826,0
1.0,0.9448842,0.43294865,0
1.0,0.94250995,0.46261752,0
1.0,0.9538206,0.5100097,0
1.0,0.9609693,0.5465754,0
1.0,0.9567322,0.5576581,0
1.0,0.9576205,0.573269,0
1.0,0.96177024,0.5978813,0
1.0,0.95540404,0.60274565,0
1.0,0.9384478,0.58845276,0
1.0,0.9363734,0.58123505,0
1.0,0.9464259,0.58228004,0
1.0,0.94543856,0.57773155,0
1.0,0.9486401,0.5681503,0
1.0,0.9400686,0.5304477,0
1.0,0.9491287,0.5400007,0
1.0,0.95009863,0.4906426,0
1.0,0.95530033,0.46020806,0
1.0,0.9587845,0.4685328,0
1.0,0.9643898,0.48155218,0
1.0,0.9685749,0.4879793,0
1.0,0.96598923,0.48095745,0
1.0,0.9652012,0.48231047,0
1.0,0.96344006,0.4889787,0
1.0,0.96191734,0.5033387,0
1.0,0.95902413,0.51544476,0
1.0,0.962426,0.544643,0
1.0,0.9570102,0.5525196,0
1.0,0.9486389,0.55251515,0
1.0,0.9451232,0.5662658,0
1.0,0.9467785,0.56986773,0
1.0,0.9427189,0.5597862,0
1.0,0.95205575,0.5633125,0
1.0,0.96209913,0.54346895,0
1.0,0.9658016,0.5162934,0
1.0,0.96034384,0.4906573,0
1.0,0.9623136,0.48602787,0
1.0,0.96698016,0.49712306,0
1.0,0.9707727,0.5087206,0
1.0,0.95882636,0.5031125,0
1.0,0.9639964,0.5473905,0
1.0,0.96004957,0.56815684,0
1.0,0.9614606,0.59135103,0
1.0,0.94995004,0.6083573,0
1.0,0.94620115,0.62435085,0
1.0,0.94193655,0.6278847,0
1.0,0.95142484,0.64960265,0
1.0,0.95744944,0.6450106,0
1.0,0.9598435,0.6493951,0
1.0,0.9579418,0.6595255,0
1.0,0.9565756,0.6879425,0
1.0,0.9605997,0.74667406,0
1.0,0.96352595,0.7725723,0
1.0,0.9606118,0.7767174,0
1.0,0.9599737,0.77843213,0
1.0,0.9663335,0.7703324,0
1.0,0.96690416,0.74500394,0
1.0,0.9670165,0.7165913,0
1.0,0.96810156,0.7093586,0
1.0,0.9698445,0.7459566,0
1.0,0.97155637,0.7612799,0
1.0,0.9694923,0.7656474,0
1.0,0.96473044,0.7704076,0
1.0,0.96453863,0.76615703,0
1.0,0.9670944,0.7692546,0
1.0,0.96063566,0.7630731,0
1.0,0.9602013,0.7663302,0
1.0,0.9609262,0.81687975,0
1.0,0.96688896,0.8714005,0
1.0,0.9689053,0.90252995,0
1.0,0.97052896,0.9153434,0
1.0,0.96850485,0.89165545,0
1.0,0.9733772,0.8572316,0
1.0,0.9742692,0.8476258,0
1.0,0.9711043,0.8444944,0
1.0,0.96871334,0.8244003,0
1.0,0.9689417,0.8416884,0
1.0,0.9738971,0.8809724,0
1.0,0.9735031,0.94035035,0
1.0,0.9672085,1.0179365,0
1.0,0.9689048,1.0416138,0
1.0,0.9722635,1.037785,0
1.0,0.969995,1.0089415,0
1.0,0.9621853,0.9352342,0
1.0,0.96632785,0.9116565,0
1.0,0.9718792,0.93477166,0
1.0,0.9732613,0.9589807,0
1.0,0.9670119,1.0093166,0
1.0,0.97053456,1.1412616,0
1.0,0.9766138,1.2272546,0
1.0,0.97559536,1.2275441,0
1.0,0.9705006,1.189554,0
1.0,0.9744441,1.1878337,0
1.0,0.97786623,1.2088758,0
1.0,0.97055894,1.2679346,0
1.0,0.96553427,1.3149812,0
1.0,0.9633951,1.318306,0
1.0,0.9712399,1.3434038,0
1.0,0.9697645,1.3643919,0
1.0,0.96433806,1.3329186,0
1.0,0.9667781,1.3297619,0
1.0,0.97068775,1.3316514,0
1.0,0.9679213,1.3201172,0
1.0,0.9649009,1.3436248,0
1.0,0.96426547,1.369586,0
1.0,0.9657976,1.368223,0
1.0,0.96264136,1.3550974,0
1.0,0.9615075,1.3396478,0
1.0,0.961939,1.323318,0
1.0,0.96045077,1.351888,0
1.0,0.9566276,1.3356826,0
1.0,0.95714575,1.2994001,0
1.0,0.95968693,1.3107686,0
1.0,0.95708895,1.3155389,0
1.0,0.94811416,1.3187704,0
1.0,0.9499439,1.3381882,0
1.0,0.9450351,1.3331114,0
1.0,0.94714206,1.3111506,0
1.0,0.94280136,1.2678022,0
1.0,0.9442313,1.2758696,0
1.0,0.9454345,1.2648497,0
1.0,0.94830763,1.2572618,0
1.0,0.9526239,1.3034846,0
1.0,0.9591148,1.3267347,0
1.0,0.9526295,1.3177638,0
1.0,0.95587206,1.3107119,0
1.0,0.95480573,1.230488,0
1.0,0.95894796,1.2020361,0
1.0,0.9554477,1.22364,0
1.0,0.9575277,1.2491553,0
1.0,0.95796233,1.2506149,0
1.0,0.9614511,1.2532282,0
1.0,0.9592824,1.226356,0
1.0,0.9577796,1.2052661,0
1.0,0.95657176,1.1967603,0
1.0,0.9591727,1.1755986,0
1.0,0.9517787,1.1265955,0
1.0,0.95291847,1.1128192,0
1.0,0.9552254,1.1198815,0
1.0,0.9576888,1.1417775,0
1.0,0.9514383,1.1654254,0
1.0,0.95699745,1.1801419,0
1.0,0.96282136,1.1681606,0
1.0,0.9653818,1.1419283,0
1.0,0.9589796,1.0970402,0
1.0,0.965344,1.0986536,0
1.0,0.9611363,1.109499,0
1.0,0.95878595,1.1546391,0
1.0,0.95059603,1.1682103,0
1.0,0.9543124,1.179199,0
1.0,0.9497476,1.1726128,0
1.0,0.95363325,1.1292481,0
1.0,0.94665617,1.0131998,0
1.0,0.95674795,0.9697404,0
1.0,0.9551758,0.9081713,0
1.0,0.95498085,0.87518203,0
1.0,0.9515858,0.8517524,0
1.0,0.9594449,0.8588081,0
1.0,0.9506395,0.85729337,0
1.0,0.9491796,0.8610357,0
1.0,0.9478793,0.8347201,0
1.0,0.9554346,0.84032583,0
1.0,0.9449882,0.8356187,0
1.0,0.9432326,0.8223651,0
1.0,0.9428158,0.8042447,0
1.0,0.9491184,0.8148508,0
1.0,0.92481834,0.78534144,0
1.0,0.9069996,0.7737299,0
1.0,0.90561426,0.80438125,0
1.0,0.91281,0.8442,0
1.0,0.88966614,0.80339074,0
1.0,0.8770751,0.769235,0
1.0,0.8909309,0.7427449,0
1.0,0.9163519,0.7121736,0
1.0,0.9122085,0.6717981,0
1.0,0.9098334,0.66220945,0
1.0,0.91536367,0.6634027,0
1.0,0.9202901,0.6618185,0
1.0,0.8992152,0.63288474,0
1.0,0.88988775,0.58980244,0
1.0,0.90366185,0.58333385,0
1.0,0.9194186,0.611241,0
1.0,0.92916137,0.6289061,0
1.0,0.92229074,0.62788296,0
1.0,0.9075926,0.6531893,0
1.0,0.92029655,0.71266794,0
1.0,0.92554647,0.7359177,0
1.0,0.9307947,0.74881375,0
1.0,0.9160245,0.7179376,0
1.0,0.9355733,0.73184603,0
1.0,0.94408154,0.72184587,0
1.0,0.95973104,0.7225603,0
1.0,0.9554852,0.6997999,0
1.0,0.96282214,0.70625484,0
1.0,0.9685168,0.72093797,0
1.0,0.9739787,0.7203646,0
1.0,0.96822506,0.7284913,0
1.0,0.97032297,0.7480432,0
1.0,0.9704936,0.7370002,0
1.0,0.97432876,0.7286757,0
1.0,0.9700818,0.6829504,0
1.0,0.9714137,0.6464473,0
1.0,0.971942,0.6380054,0
1.0,0.9742187,0.66673756,0
1.0,0.964168,0.69262874,0
1.0,0.9672586,0.7208601,0
1.0,0.96491444,0.7249818,0
1.0,0.9642264,0.70446384,0
1.0,0.96133333,0.69576365,0
1.0,0.96577215,0.7074065,0
1.0,0.9614462,0.6688564,0
1.0,0.96463114,0.6869589,0
1.0,0.9641441,0.72055864,0
1.0,0.97379375,0.76423573,0
1.0,0.9737124,0.7884907,0
1.0,0.9716817,0.77208126,0
1.0,0.9763075,0.73216015,0
1.0,0.9789265,0.6856736,0
1.0,0.97618526,0.65056217,0
1.0,0.9746215,0.63955903,0
1.0,0.9759346,0.63965034,0
1.0,0.9771106,0.65022784,0
1.0,0.9744601,0.6703769,0
1.0,0.9697296,0.7257283,0
1.0,0.9727749,0.88046753,0
1.0,0.97575366,0.9278887,0
1.0,0.97453,0.8848716,0
1.0,0.9686131,0.8598652,0
1.0,0.973216,0.8329687,0
1.0,0.97398347,0.7924554,0
1.0,0.97219276,0.7752905,0
1.0,0.9736086,0.76194483,0
1.0,0.97638595,0.77159,0
1.0,0.98054963,0.7908735,0
1.0,0.9800321,0.78754693,0
1.0,0.9758699,0.7622514,0
1.0,0.9759355,0.72796124,0
1.0,0.9747843,0.7081305,0
1.0,0.97488654,0.7033968,0
1.0,0.9720559,0.71371186,0
1.0,0.967368,0.74013495,0
1.0,0.96262866,0.7422874,0
1.0,0.9651409,0.72963154,0
1.0,0.9601966,0.6893064,0
1.0,0.95785993,0.6554191,0
1.0,0.95013654,0.60152614,0
1.0,0.9627264,0.58401495,0
1.0,0.9595766,0.57537055,0
1.0,0.9571512,0.5698104,0
1.0,0.93754095,0.5939906,0
1.0,0.958266,0.67841005,0
1.0,0.9618974,0.6855541,0
1.0,0.94657874,0.6649351,0
1.0,0.92934006,0.63220584,0
1.0,0.9504192,0.6366033,0
1.0,0.9438602,0.5739127,0
1.0,0.93116784,0.4182246,0
1.0,0.89259845,0.3311836,0
1.0,0.939325,0.41288966,0
1.0,0.94825864,0.457596,0
1.0,0.94568086,0.48412153,0
1.0,0.92368793,0.46270603,0
1.0,0.9501319,0.48959702,0
1.0,0.95771986,0.5199511,0
1.0,0.949146,0.53723794,0
1.0,0.9313943,0.53947425,0
1.0,0.95140874,0.6025332,0
1.0,0.96163803,0.61941665,0
1.0,0.9551558,0.60027623,0
1.0,0.9435943,0.5819971,0
1.0,0.95841724,0.6018362,0
1.0,0.96966964,0.5988825,0
1.0,0.9659891,0.5670444,0
1.0,0.95728797,0.5539372,0
1.0,0.9675994,0.5565275,0
1.0,0.9732816,0.5576466,0
1.0,0.97249526,0.5587629,0
1.0,0.9654066,0.5528187,0
1.0,0.9712488,0.5868918,0
1.0,0.9769886,0.627264,0
1.0,0.9729927,0.6423219,0
1.0,0.95919377,0.6081296,0
1.0,0.9682465,0.5788814,0
1.0,0.9703177,0.59592295,0
1.0,0.960411,0.59144914,0
1.0,0.941384,0.5687905,0
1.0,0.9543354,0.58694327,0
1.0,0.9653355,0.59406155,0
1.0,0.9662387,0.5882536,0
1.0,0.9595396,0.5684129,0
1.0,0.9677793,0.5437737,0
1.0,0.97370714,0.5420333,0
1.0,0.97639114,0.5485661,0
1.0,0.97237915,0.54363,0
1.0,0.97115356,0.5470767,0
1.0,0.9744343,0.5456115,0
1.0,0.96970695,0.5059579,0
1.0,0.96073514,0.45797452,0
1.0,0.9583927,0.42040318,0
1.0,0.96345896,0.42465693,0
1.0,0.9557683,0.44854552,0
1.0,0.94796795,0.46950954,0
1.0,0.95196694,0.4861283,0
1.0,0.95977664,0.5182283,0
1.0,0.9608393,0.5228746,0
1.0,0.9640577,0.5072065,0
1.0,0.9613823,0.5089725,0
1.0,0.96461385,0.5126623,0
1.0,0.9612117,0.49874744,0
1.0,0.963816,0.523407,0
1.0,0.95855945,0.5105628,0
1.0,0.9586584,0.48898447,0
1.0,0.9548267,0.49206632,0
1.0,0.96110976,0.50073224,0
1.0,0.9492567,0.4824437,0
1.0,0.95363396,0.47064626,0
1.0,0.9448546,0.45127076,0
1.0,0.94552433,0.47705284,0
1.0,0.9444696,0.5374665,0
1.0,0.94437164,0.57079935,0
1.0,0.9438408,0.58761024,0
1.0,0.94875896,0.60824513,0
1.0,0.94280165,0.59396756,0
1.0,0.9436462,0.5693591,0
1.0,0.9466826,0.5568795,0
1.0,0.9517665,0.5683198,0
1.0,0.9403975,0.55891234,0
1.0,0.9396533,0.5561522,0
1.0,0.93522894,0.56163913,0
1.0,0.9315075,0.57648003,0
1.0,0.9115803,0.5501973,0
1.0,0.9193161,0.54961765,0
1.0,0.9294175,0.535628,0
1.0,0.91850764,0.50424993,0
1.0,0.89383143,0.49015352,0
1.0,0.8996782,0.49851087,0
1.0,0.91257644,0.5241047,0
1.0,0.904948,0.5527574,0
1.0,0.90893674,0.5691456,0
1.0,0.8954365,0.54054195,0
1.0,0.93163794,0.5824137,0
1.0,0.92826104,0.5560647,0
1.0,0.9273447,0.54054576,0
1.0,0.9176374,0.55297583,0
1.0,0.9363701,0.57345766,0
1.0,0.9390621,0.5480416,0
1.0,0.93486875,0.5376631,0
1.0,0.9018978,0.49376875,0
1.0,0.92450196,0.5200006,0
1.0,0.91306734,0.49192852,0
1.0,0.92125744,0.47964674,0
1.0,0.87704396,0.43655565,0
1.0,0.9307941,0.5338352,0
1.0,0.9440486,0.56068593,0
1.0,0.946068,0.56055117,0
1.0,0.9270278,0.52909297,0
1.0,0.9548078,0.5489349,0
1.0,0.9585368,0.5470376,0
1.0,0.96658385,0.5691459,0
1.0,0.9523648,0.5837182,0
1.0,0.970067,0.6380861,0
1.0,0.9731866,0.6593262,0
1.0,0.9740137,0.6727991,0
1.0,0.963465,0.6567718,0
1.0,0.9734504,0.6667005,0
1.0,0.97270954,0.6529139,0
1.0,0.9679672,0.62172467,0
1.0,0.9567765,0.60699725,0
1.0,0.9678441,0.616295,0
1.0,0.9718151,0.60513043,0
1.0,0.9726437,0.609334,0
1.0,0.9681405,0.6193403,0
1.0,0.97300714,0.6295293,0
1.0,0.9794206,0.6357156,0
1.0,0.97655505,0.632379,0
1.0,0.97429967,0.59008723,0
1.0,0.97473824,0.5598303,0
1.0,0.9753636,0.5647765,0
1.0,0.976229,0.5647329,0
1.0,0.9726376,0.5716765,0
1.0,0.9742051,0.60119003,0
1.0,0.97731197,0.615945,0
1.0,0.9765512,0.60232955,0
1.0,0.9727587,0.579584,0
1.0,0.9728978,0.53730667,0
1.0,0.9750572,0.51899713,0
1.0,0.9707018,0.52503514,0
1.0,0.9646447,0.5325977,0
1.0,0.95818055,0.5465888,0
1.0,0.965397,0.5841966,0
1.0,0.96323884,0.5787995,0
1.0,0.95948964,0.5496969,0
1.0,0.94767815,0.4977468,0
1.0,0.95786107,0.47229016,0
1.0,0.95773923,0.45158345,0
1.0,0.9543703,0.4605739,0
1.0,0.9440848,0.47522485,0
1.0,0.94704956,0.50620455,0
1.0,0.9534795,0.5234722,0
1.0,0.9562448,0.5205776,0
1.0,0.94776464,0.5068581,0
1.0,0.9494488,0.5058967,0
1.0,0.95895463,0.5152859,0
1.0,0.9530226,0.50139284,0
1.0,0.9335923,0.49453717,0
1.0,0.9260795,0.5229066,0
1.0,0.93687373,0.56140256,0
1.0,0.92545295,0.5640555,0
1.0,0.90103084,0.5469073,0
1.0,0.8813704,0.51750875,0
1.0,0.91865367,0.5631907,0
1.0,0.926326,0.5646242,0
1.0,0.921016,0.56419677,0
1.0,0.9058575,0.5657587,0
1.0,0.9330552,0.62217623,0
1.0,0.9477184,0.68778884,0
1.0,0.9467415,0.7281202,0
1.0,0.93574846,0.73604083,0
1.0,0.9503165,0.7642131,0
1.0,0.96010923,0.78619045,0
1.0,0.9527517,0.80950445,0
1.0,0.9345434,0.8344119,0
1.0,0.94200295,0.91884017,0
1.0,0.9515321,0.9903529,0
1.0,0.95255697,1.0414556,0
1.0,0.9413118,1.0651624,0
1.0,0.9423864,1.0996352,0
1.0,0.95594394,1.1442128,0
1.0,0.95817596,1.164958,0
1.0,0.95113724,1.1574194,0
1.0,0.94469094,1.1471086,0
1.0,0.95507294,1.1858336,0
1.0,0.956476,1.1976886,0
1.0,0.9488272,1.1880977,0
1.0,0.9381752,1.2089552,0
1.0,0.9478122,1.2623898,0
1.0,0.94513434,1.2632935,0
1.0,0.9341437,1.2318144,0
1.0,0.92188776,1.2130651,0
1.0,0.9256728,1.263202,0
1.0,0.91772914,1.3023612,0
1.0,0.89561343,1.2970712,0
1.0,0.87865704,1.3042307,0
1.0,0.88151366,1.3531401,0
1.0,0.88747555,1.3591903,0
1.0,0.87865216,1.3070288,0
1.0,0.87641656,1.279001,0
1.0,0.87833124,1.2521515,0
1.0,0.8668372,1.2131007,0
1.0,0.85960925,1.209732,0
1.0,0.8534311,1.2140629,0
1.0,0.8559287,1.2132473,0
1.0,0.84291685,1.1433003,0
1.0,0.8511901,1.0983176,0
1.0,0.86090213,1.0613979,0
1.0,0.87587786,1.0555227,0
1.0,0.86478126,1.039737,0
1.0,0.8909838,1.1600795,0
1.0,0.9070111,1.2534169,0
1.0,0.9178658,1.2894771,0
1.0,0.9181892,1.298866,0
1.0,0.9305585,1.3603165,0
1.0,0.9383366,1.4106568,0
1.0,0.936664,1.4480681,0
1.0,0.93161327,1.4868004,0
1.0,0.93714386,1.4938097,0
1.0,0.9457087,1.4794536,0
1.0,0.94356126,1.4885228,0
1.0,0.9358715,1.4906392,0
1.0,0.94296044,1.503467,0
1.0,0.94734937,1.4921297,0
1.0,0.9410788,1.4350607,0
1.0,0.9327881,1.3614621,0
1.0,0.94010514,1.35502,0
1.0,0.9429225,1.3799832,0
1.0,0.93596995,1.3844392,0
1.0,0.9343359,1.3992453,0
1.0,0.9400259,1.4290916,0
1.0,0.94271713,1.4637647,0
1.0,0.9358704,1.4628139,0
1.0,0.9343609,1.4528522,0
1.0,0.93131477,1.4532256,0
1.0,0.92461544,1.463459,0
1.0,0.9109424,1.4739178,0
1.0,0.90574634,1.503872,0
1.0,0.89787287,1.5085123,0
1.0,0.8872593,1.4887326,0
1.0,0.88085335,1.4570153,0
1.0,0.86962277,1.4031782,0
1.0,0.8720974,1.3347538,0
1.0,0.85704225,1.22719,0
1.0,0.8567861,1.2073559,0
1.0,0.85589796,1.1769531,0
1.0,0.8475719,1.1232088,0
1.0,0.83118975,1.0766441,0
1.0,0.8200038,1.0028859,0
1.0,0.8171319,0.94644356,0
1.0,0.81585747,0.93707407,0
1.0,0.8064272,0.9061643,0
1.0,0.79962105,0.85545355,0
1.0,0.8046085,0.8283471,0
1.0,0.7967428,0.8045135,0
1.0,0.79800284,0.8137624,0
1.0,0.76890194,0.75730044,0
1.0,0.76431155,0.7435248,0
1.0,0.7368,0.6941029,0
1.0,0.7486757,0.67275435,0
1.0,0.7284197,0.5985074,0
1.0,0.73415667,0.5853125,0
1.0,0.7108888,0.5364301,0
1.0,0.7517907,0.5587533,0
1.0,0.7343364,0.4994405,0
1.0,0.7537896,0.51400036,0
1.0,0.7184689,0.46521345,0
1.0,0.767023,0.5104073,0
1.0,0.798907,0.52123445,0
1.0,0.8231865,0.52431357,0
1.0,0.7938508,0.45423996,0
1.0,0.844147,0.49131453,0
1.0,0.8635434,0.511464,0
1.0,0.87575185,0.5113675,0
1.0,0.8466823,0.4725266,0
1.0,0.8740072,0.52443874,0
1.0,0.90479696,0.5714745,0
1.0,0.90802723,0.6018057,0
1.0,0.8927386,0.5609175,0
1.0,0.9131582,0.55389655,0
1.0,0.93871,0.580871,0
1.0,0.94133943,0.57154655,0
1.0,0.9352133,0.5657771,0
1.0,0.9464953,0.59550476,0
1.0,0.95572037,0.61714107,0
1.0,0.95845026,0.64675975,0
1.0,0.95499206,0.64827,0
1.0,0.9546686,0.63189405,0
1.0,0.9637326,0.6383507,0
1.0,0.96350235,0.63051176,0
1.0,0.955815,0.60229945,0
1.0,0.9576279,0.5982412,0
1.0,0.96092695,0.5980856,0
1.0,0.957383,0.59124607,0
1.0,0.9526267,0.61496824,0
1.0,0.95031875,0.6412158,0
1.0,0.960463,0.67564416,0
1.0,0.9633888,0.70066464,0
1.0,0.9589583,0.6584826,0
1.0,0.9604407,0.6180232,0
1.0,0.9641463,0.6069705,0
1.0,0.96117556,0.59719825,0
1.0,0.96049565,0.6123042,0
1.0,0.9582846,0.62918085,0
1.0,0.9596528,0.6304167,0
1.0,0.95946366,0.61732423,0
1.0,0.9449007,0.559474,0
1.0,0.93817174,0.5174527,0
1.0,0.95463145,0.50998366,0
1.0,0.96390736,0.47690478,0
1.0,0.9534794,0.48435596,0
1.0,0.95238715,0.50957453,0
1.0,0.9677778,0.58111656,0
1.0,0.9717705,0.6527897,0
1.0,0.9703166,0.63934433,0
1.0,0.9690953,0.6098099,0
1.0,0.9765995,0.60121745,0
1.0,0.9750056,0.57034975,0
1.0,0.9694773,0.5594838,0
1.0,0.96885353,0.5749856,0
1.0,0.9747454,0.5854384,0
1.0,0.9737824,0.5860565,0
1.0,0.9652736,0.57082254,0
1.0,0.95615536,0.54656774,0
1.0,0.96526104,0.54661584,0
1.0,0.96867865,0.53746337,0
1.0,0.9618298,0.4974072,0
1.0,0.9513897,0.45319927,0
1.0,0.9656603,0.44337577,0
1.0,0.97092223,0.4325596,0
1.0,0.968049,0.4529487,0
1.0,0.9648573,0.48327297,0
1.0,0.97862524,0.5235277,0
1.0,0.98105776,0.5513947,0
1.0,0.9772717,0.53981555,0
1.0,0.9748273,0.5110997,0
1.0,0.98083776,0.5003586,0
1.0,0.9769,0.4929561,0
1.0,0.9719767,0.48812777,0
1.0,0.96891296,0.4908308,0
1.0,0.97441983,0.51754147,0
1.0,0.9759327,0.54819787,0
1.0,0.9718999,0.5470273,0
1.0,0.96842796,0.5306196,0
1.0,0.972042,0.48336017,0
1.0,0.97390974,0.42342427,0
1.0,0.976046,0.42371762,0
1.0,0.97430336,0.42738426,0
1.0,0.9733372,0.43745402,0
1.0,0.9727906,0.4625767,0
1.0,0.97116405,0.47098368,0
1.0,0.9735855,0.4513354,0
1.0,0.9658156,0.42840856,0
1.0,0.96730953,0.4236699,0
1.0,0.9635441,0.42368174,0
1.0,0.9636325,0.4328041,0
1.0,0.9554362,0.43973112,0
1.0,0.9482816,0.45569277,0
1.0,0.9646081,0.5128758,0
1.0,0.9731304,0.57488525,0
1.0,0.9695944,0.6229919,0
1.0,0.97065866,0.62517244,0
1.0,0.9781465,0.5984959,0
1.0,0.98058313,0.5672674,0
1.0,0.9691311,0.53293324,0
1.0,0.9716969,0.4987498,0
1.0,0.9737748,0.48659277,0
1.0,0.9719953,0.4958316,0
1.0,0.9604346,0.50679696,0
1.0,0.9591771,0.5593881,0
1.0,0.9654956,0.6236603,0
1.0,0.9703773,0.65994227,0
1.0,0.96476173,0.6711062,0
1.0,0.9650213,0.65961945,0
1.0,0.9726519,0.66591954,0
1.0,0.97511953,0.71701884,0
1.0,0.9727328,0.7538719,0
1.0,0.969242,0.7689867,0
1.0,0.97429186,0.77514994,0
1.0,0.97866917,0.77544737,0
1.0,0.97765076,0.7585876,0
1.0,0.9789129,0.7300197,0
1.0,0.98020375,0.71646595,0
1.0,0.97969854,0.74886376,0
1.0,0.9773343,0.78220296,0
1.0,0.97980267,0.8232322,0
1.0,0.9805377,0.8425077,0
1.0,0.9772226,0.83407474,0
1.0,0.9791364,0.83100116,0
1.0,0.97954077,0.82335806,0
1.0,0.9790385,0.7907309,0
1.0,0.9755145,0.74811286,0
1.0,0.97406197,0.71471894,0
1.0,0.97473586,0.71429396,0
1.0,0.9712657,0.7301818,0
1.0,0.96347666,0.7448362,0
1.0,0.9580528,0.783124,0
1.0,0.9587384,0.8315543,0
1.0,0.9523662,0.8378314,0
1.0,0.9462231,0.8434478,0
1.0,0.95114607,0.8450508,0
1.0,0.9591499,0.8183806,0
1.0,0.9579923,0.8012068,0
1.0,0.9529775,0.77547646,0
1.0,0.95110357,0.73801273,0
1.0,0.9544611,0.73180455,0
1.0,0.9477734,0.69815767,0
1.0,0.9413349,0.62424505,0
1.0,0.9447206,0.58779895,0
1.0,0.9483831,0.593752,0
1.0,0.9255095,0.58315676,0
1.0,0.9245217,0.6178392,0
1.0,0.9252753,0.6691767,0
1.0,0.9327788,0.70715284,0
1.0,0.9267656,0.6977476,0
1.0,0.93922174,0.69206834,0
1.0,0.94445735,0.67464006,0
1.0,0.9406188,0.6581863,0
1.0,0.9342915,0.68775314,0
1.0,0.94745934,0.7716087,0
1.0,0.9582404,0.86675775,0
1.0,0.9589122,0.9242954,0
1.0,0.9541563,0.9266762,0
1.0,0.9601454,0.93015325,0
1.0,0.9683184,0.92603725,0
1.0,0.9663853,0.9102478,0
1.0,0.9658097,0.9179925,0
1.0,0.9664078,0.9254018,0
1.0,0.9736104,0.9047096,0
1.0,0.9743113,0.8831569,0
1.0,0.972293,0.8805884,0
1.0,0.9691189,0.87314945,0
1.0,0.9733406,0.8924923,0
1.0,0.97267455,0.9093526,0
1.0,0.9689698,0.91438425,0
1.0,0.9591081,0.8974232,0
1.0,0.9596669,0.90166104,0
1.0,0.9588428,0.9055718,0
1.0,0.9578053,0.9035094,0
1.0,0.94613844,0.8891846,0
1.0,0.9591135,0.9122975,0
1.0,0.96116096,0.8999792,0
1.0,0.96156365,0.90684867,0
1.0,0.9492033,0.8718382,0
1.0,0.9566388,0.85749024,0
1.0,0.95468795,0.8437574,0
1.0,0.9550313,0.83773035,0
1.0,0.9454308,0.8382032,0
1.0,0.9447701,0.883283,0
1.0,0.9381262,0.87125117,0
1.0,0.92688185,0.79392564,0
1.0,0.91511023,0.71032244,0
1.0,0.9111593,0.62710893,0
1.0,0.8963157,0.5712725,0
1.0,0.8762599,0.5766989,0
1.0,0.88398236,0.59172654,0
1.0,0.87831837,0.5902458,0
1.0,0.8576564,0.5913279,0
1.0,0.86191016,0.62793136,0
1.0,0.9018872,0.71646017,0
1.0,0.89855504,0.7084619,0
1.0,0.8972189,0.68855155,0
1.0,0.8827525,0.66224384,0
1.0,0.9042891,0.69430786,0
1.0,0.8807868,0.65857387,0
1.0,0.89219856,0.65289533,0
1.0,0.86349535,0.5706196,0
1.0,0.90064126,0.63606226,0
1.0,0.865421,0.6337621,0
1.0,0.8853493,0.6918607,0
1.0,0.85342795,0.64127105,0
1.0,0.88679266,0.6859424,0
1.0,0.85400903,0.6619526,0
1.0,0.8788485,0.76589,0
1.0,0.8485847,0.7559781,0
1.0,0.88847435,0.8199049,0
1.0,0.85795784,0.7571175,0
1.0,0.88501513,0.80568814,0
1.0,0.85595816,0.8148688,0
1.0,0.8851437,0.90692306,0
1.0,0.88830876,0.90811104,0
1.0,0.9168913,0.96152073,0
1.0,0.89754164,0.94264305,0
1.0,0.91072315,0.9982788,0
1.0,0.8969798,1.0114348,0
1.0,0.90977603,1.0129933,0
1.0,0.8970379,0.94015086,0
1.0,0.91425145,0.98186684,0
1.0,0.90324277,1.0172737,0
1.0,0.89878005,1.0534031,0
1.0,0.89849997,1.0496504,0
1.0,0.91825736,1.0636925,0
1.0,0.9197567,1.0893583,0
1.0,0.9216562,1.1465007,0
1.0,0.9305971,1.2050247,0
1.0,0.93905115,1.210031,0
1.0,0.94259846,1.2150407,0
1.0,0.9419287,1.3210994,0
1.0,0.94736475,1.393651,0
1.0,0.9472521,1.374692,0
1.0,0.95374596,1.3394625,0
1.0,0.95328504,1.2993429,0
1.0,0.9571609,1.3174961,0
1.0,0.95841414,1.3686705,0
1.0,0.9557911,1.3607457,0
1.0,0.9460746,1.2694507,0
1.0,0.952987,1.2368054,0
1.0,0.94946957,1.229367,0
1.0,0.94690645,1.2436883,0
1.0,0.93827343,1.2395163,0
1.0,0.9402536,1.194548,0
1.0,0.9421348,1.1351688,0
1.0,0.9335337,1.1019782,0
1.0,0.92291564,1.1000184,0
1.0,0.9248194,1.163127,0
1.0,0.9342929,1.2952225,0
1.0,0.93640715,1.3175501,0
1.0,0.9355258,1.3347511,0
1.0,0.9363362,1.4067223,0
1.0,0.9464505,1.4553825,0
1.0,0.9457174,1.3948917,0
1.0,0.94570154,1.3313166,0
1.0,0.9467043,1.3085403,0
1.0,0.9512977,1.2938491,0
1.0,0.94884527,1.2948027,0
1.0,0.94498944,1.2850802,0
1.0,0.94607186,1.2515614,0
1.0,0.9473529,1.298045,0
1.0,0.9381794,1.3610202,0
1.0,0.932398,1.2981143,0
1.0,0.9312547,1.2681623,0
1.0,0.94481575,1.3105426,0
1.0,0.9430762,1.2988403,0
1.0,0.94555473,1.3132287,0
1.0,0.9478982,1.4279472,0
1.0,0.9570173,1.5297716,0
1.0,0.96087843,1.5924213,0
1.0,0.9681824,1.6931353,0
1.0,0.9698785,1.721021,0
1.0,0.9698061,1.7046993,0
1.0,0.96980065,1.6920544,0
1.0,0.97012234,1.7029884,0
1.0,0.9707125,1.728225,0
1.0,0.96809846,1.738208,0
1.0,0.9672331,1.7548723,0
1.0,0.9688759,1.7318732,0
1.0,0.96570724,1.6459156,0
1.0,0.96261406,1.5275152,0
1.0,0.9602069,1.4832067,0
1.0,0.9615397,1.4748111,0
1.0,0.962584,1.5012037,0
1.0,0.9566489,1.526969,0
1.0,0.9607059,1.5986345,0
1.0,0.9656934,1.6919577,0
1.0,0.9676837,1.7357754,0
1.0,0.9652895,1.755316,0
1.0,0.9668938,1.7655493,0
1.0,0.9682749,1.7629426,0
1.0,0.9643713,1.7541914,0
1.0,0.95904493,1.7205864,0
1.0,0.9586068,1.6767604,0
1.0,0.95727104,1.6616342,0
1.0,0.953695,1.6880989,0
1.0,0.9497443,1.6971815,0
1.0,0.9472229,1.6925932,0
1.0,0.94714385,1.6860359,0
1.0,0.9406095,1.5615642,0
1.0,0.9450511,1.4648726,0
1.0,0.94322944,1.4546916,0
1.0,0.9452506,1.451198,0
1.0,0.95055467,1.4740887,0
1.0,0.95678866,1.5213826,0
1.0,0.95865214,1.544362,0
1.0,0.9606476,1.5125451,0
1.0,0.96543634,1.4816518,0
1.0,0.9684848,1.4790418,0
1.0,0.9670921,1.4788175,0
1.0,0.96198773,1.5233337,0
1.0,0.9647964,1.6168114,0
1.0,0.9680607,1.6275978,0
1.0,0.9655576,1.6059092,0
1.0,0.9601492,1.5976906,0
1.0,0.9676523,1.5895891,0
1.0,0.9689446,1.5435815,0
1.0,0.9710537,1.4823053,0
1.0,0.96602136,1.3767052,0
1.0,0.97103846,1.3382659,0
1.0,0.97272044,1.3785056,0
1.0,0.9745762,1.4290859,0
1.0,0.9682856,1.3939638,0
1.0,0.9732327,1.3987626,0
1.0,0.97195756,1.3744574,0
1.0,0.9717622,1.3355176,0
1.0,0.96261793,1.3557165,0
1.0,0.97035563,1.3681917,0
1.0,0.96760166,1.3335596,0
1.0,0.9696648,1.3446944,0
1.0,0.9602517,1.3323524,0
1.0,0.96468085,1.3562248,0
1.0,0.96104753,1.3390261,0
1.0,0.96690714,1.2952857,0
1.0,0.95477706,1.2547479,0
1.0,0.96257466,1.2510266,0
1.0,0.9498326,1.212268,0
1.0,0.95668346,1.2150073,0
1.0,0.94594574,1.182776,0
1.0,0.95756596,1.2119402,0
1.0,0.9472228,1.2075489,0
1.0,0.9554859,1.2243444,0
1.0,0.9428518,1.1397727,0
1.0,0.9535855,1.0719733,0
1.0,0.9379969,1.0030864,0
1.0,0.93269455,0.9937904,0
1.0,0.91141874,0.97053045,0
1.0,0.9252828,0.95996404,0
1.0,0.90950406,0.8951694,0
1.0,0.8944598,0.86825687,0
1.0,0.87270373,0.86665225,0
1.0,0.87188345,0.89131474,0
1.0,0.84949934,0.81847304,0
1.0,0.82101524,0.6876268,0
1.0,0.81021947,0.6589608,0
1.0,0.81429815,0.6566484,0
1.0,0.8228833,0.65862405,0
1.0,0.7739487,0.5830528,0
1.0,0.8212178,0.5676539,0
1.0,0.78743434,0.47639334,0
1.0,0.8702729,0.5745117,0
1.0,0.8488852,0.57811606,0
1.0,0.87336856,0.61431986,0
1.0,0.83243847,0.5430253,0
1.0,0.87843746,0.58644974,0
1.0,0.82356685,0.51628554,0
1.0,0.815458,0.4671731,0
1.0,0.76393956,0.39919695,0
1.0,0.8653379,0.4721024,0
1.0,0.8269787,0.4182371,0
1.0,0.80442894,0.40052772,0
1.0,0.74308074,0.36597592,0
1.0,0.8396619,0.4378488,0
1.0,0.81223845,0.36806512,0
1.0,0.79783475,0.34397173,0
1.0,0.75055605,0.31443974,0
1.0,0.82612324,0.37038445,0
1.0,0.80565006,0.34642708,0
1.0,0.79276186,0.31830633,0
1.0,0.81199026,0.32333118,0
1.0,0.86602944,0.3557698,0
1.0,0.8483641,0.3455092,0
1.0,0.8135298,0.29467303,0
1.0,0.8318943,0.264978,0
1.0,0.8588931,0.24909142,0
1.0,0.7449002,0.2144996,0
1.0,0.72536504,0.19648921,0
1.0,0.75173146,0.20132224,0
1.0,0.7328025,0.19627014,0
1.0,0.6782006,0.18331179,0
1.0,0.72150797,0.20516518,0
1.0,0.81568617,0.25023127,0
1.0,0.84667826,0.25496954,0
1.0,0.827794,0.21378872,0
1.0,0.8507568,0.21891166,0
1.0,0.9134327,0.25785044,0
1.0,0.8860674,0.24675134,0
1.0,0.8914107,0.23855753,0
1.0,0.9155807,0.22400554,0
1.0,0.94892186,0.22115776,0
1.0,0.944213,0.21948564,0
1.0,0.92873883,0.21392566,0
1.0,0.91804504,0.20597322,0
1.0,0.92254746,0.18401638,0
1.0,0.9159211,0.16229995,0
1.0,0.87919915,0.16055582,0
1.0,0.85990155,0.18933535,0
1.0,0.88708174,0.20478453,0
1.0,0.9044741,0.20859692,0
1.0,0.86872774,0.19996227,0
1.0,0.8592195,0.19177309,0
1.0,0.8698907,0.17674673,0
1.0,0.8980309,0.19028115,0
1.0,0.87676316,0.17916456,0
1.0,0.8709979,0.16893408,0
1.0,0.8542642,0.17225659,0
1.0,0.8527774,0.17528984,0
1.0,0.83033246,0.16735034,0
1.0,0.8064984,0.16444628,0
1.0,0.7852219,0.17677717,0
1.0,0.8103032,0.18423879,0
1.0,0.7484506,0.18355082,0
1.0,0.671712,0.17920932,0
1.0,0.71334267,0.16820425,0
1.0,0.6850018,0.17991221,0
1.0,0.67337435,0.18396038,0
1.0,0.6147955,0.1859704,0
1.0,0.6639888,0.14104432,0
1.0,0.67837554,0.13265474,0
1.0,0.7373426,0.1262864,0
1.0,0.78753227,0.12811515,0
1.0,0.8133133,0.132404,0
1.0,0.7850436,0.13016854,0
1.0,0.86358446,0.14106143,0
1.0,0.83270794,0.13660873,0
1.0,0.84330535,0.1391736,0
1.0,0.85586154,0.14088373,0
1.0,0.8736305,0.14339857,0
1.0,0.85562503,0.10753197,0
1.0,0.85619795,0.09392956,0
1.0,0.8673705,0.100009985,0
1.0,0.89509207,0.10544787,0
1.0,0.89968365,0.103051774,0
1.0,0.9050201,0.1049694,0
1.0,0.90507597,0.09930409,0
1.0,0.91311395,0.11542954,0
1.0,0.9022203,0.1537771,0
1.0,0.8997858,0.1523265,0
1.0,0.9174192,0.15377782,0
1.0,0.89120746,0.1451839,0
1.0,0.90433836,0.14908674,0
1.0,0.895205,0.13879624,0
1.0,0.8821566,0.14296201,0
1.0,0.85218984,0.13152605,0
1.0,0.82059175,0.13238333,0
1.0,0.81459326,0.122781105,0
1.0,0.7886795,0.115472175,0
1.0,0.7098741,0.1043662,0
1.0,0.70104057,0.11544286,0
1.0,0.7249145,0.117673516,0
1.0,0.6315844,0.120418236,0
1.0,0.54724455,0.14045694,0
1.0,0.54659927,0.14051893,0
1.0,0.6048964,0.13039799,0
1.0,0.53097093,0.15322955,0
1.0,0.5143083,0.15392469,0
1.0,0.4843804,0.16427079,0
1.0,0.5468415,0.1436893,0
1.0,0.51770884,0.14892459,0
1.0,0.4988854,0.1568515,0
1.0,0.49798977,0.15506788,0
1.0,0.49192056,0.17894691,0
1.0,0.42620692,0.20580441,0
1.0,0.46001056,0.20323311,0
1.0,0.42139885,0.21324357,0
1.0,0.45839056,0.19145033,0
1.0,0.40845975,0.19991873,0
1.0,0.4189979,0.19916968,0
1.0,0.3829021,0.20152028,0
1.0,0.4188769,0.21126625,0
1.0,0.38694394,0.22339404,0
1.0,0.42346886,0.20866516,0
1.0,0.3898884,0.21663517,0
1.0,0.41584712,0.21291128,0
1.0,0.3974956,0.22034371,0
1.0,0.41786367,0.20586395,0
1.0,0.39603937,0.1862141,0
1.0,0.4226078,0.17969975,0
1.0,0.43993032,0.17743525,0
1.0,0.44974577,0.16811264,0
1.0,0.49071383,0.15008026,0
1.0,0.53868324,0.16124909,0
1.0,0.55371124,0.18755752,0
1.0,0.5541275,0.18708338,0
1.0,0.606677,0.20759702,0
1.0,0.6232332,0.21027966,0
1.0,0.629667,0.21525477,0
1.0,0.6372665,0.21759161,0
1.0,0.72055876,0.25517657,0
1.0,0.73079634,0.25278175,0
1.0,0.73996115,0.2561747,0
1.0,0.72617555,0.24878335,0
1.0,0.7801005,0.32476094,0
1.0,0.7756372,0.30770773,0
1.0,0.82740676,0.3452361,0
1.0,0.8567581,0.40757662,0
1.0,0.9113623,0.510805,0
1.0,0.8860576,0.49355498,0
1.0,0.9233865,0.5247153,0
1.0,0.9262591,0.50716674,0
1.0,0.9515355,0.5372536,0
1.0,0.92953223,0.5167049,0
1.0,0.9434047,0.5478708,0
1.0,0.94489545,0.5382614,0
1.0,0.9551898,0.55526465,0
1.0,0.93599194,0.5551926,0
1.0,0.94727725,0.5956722,0
1.0,0.9546671,0.6317696,0
1.0,0.9617206,0.63119805,0
1.0,0.95186293,0.5878889,0
1.0,0.96043926,0.59489095,0
1.0,0.9534925,0.600957,0
1.0,0.95372844,0.60587925,0
1.0,0.9473696,0.5932321,0
1.0,0.95423007,0.56146,0
1.0,0.94632274,0.5390538,0
1.0,0.94078034,0.54255056,0
1.0,0.9320746,0.54540074,0
1.0,0.9325813,0.5457939,0
1.0,0.91674006,0.5228832,0
1.0,0.8932016,0.5036973,0
1.0,0.9000437,0.51980776,0
1.0,0.9005757,0.5405123,0
1.0,0.886805,0.547742,0
1.0,0.83907485,0.44981423,0
1.0,0.855415,0.4415459,0
1.0,0.84484404,0.42019093,0
1.0,0.8010764,0.35741425,0
1.0,0.72044414,0.27086413,0
1.0,0.7704453,0.31324592,0
1.0,0.7667875,0.31132987,0
1.0,0.68999916,0.24739654,0
1.0,0.6117861,0.18422863,0
1.0,0.7128121,0.26323104,0
1.0,0.7156112,0.262484,0
1.0,0.7520645,0.2970376,0
1.0,0.69617665,0.24207143,0
1.0,0.7503648,0.28414935,0
1.0,0.7669654,0.28933775,0
1.0,0.7880881,0.30392238,0
1.0,0.8012148,0.3203079,0
1.0,0.8502207,0.38763896,0
1.0,0.8665501,0.4570983,0
1.0,0.85997254,0.44751912,0
1.0,0.87776244,0.4630155,0
1.0,0.8911017,0.48118424,0
1.0,0.894574,0.4869762,0
1.0,0.8939638,0.4849187,0
1.0,0.9195176,0.5078465,0
1.0,0.93125755,0.51293176,0
1.0,0.93852586,0.5220922,0
1.0,0.94005173,0.5496131,0
1.0,0.95299685,0.5806032,0
1.0,0.955821,0.57853556,0
1.0,0.956829,0.5768224,0
1.0,0.95769113,0.5640216,0
1.0,0.9633979,0.58396125,0
1.0,0.96116745,0.62971175,0
1.0,0.95503575,0.674737,0
1.0,0.94833994,0.70503354,0
1.0,0.96037924,0.7760791,0
1.0,0.9643162,0.8181822,0
1.0,0.96310335,0.8226205,0
1.0,0.9626947,0.8185,0
1.0,0.9681436,0.82596457,0
1.0,0.9694444,0.8359115,0
1.0,0.96703255,0.83440006,0
1.0,0.96619785,0.8305452,0
1.0,0.97076786,0.83376867,0
1.0,0.97404057,0.8289851,0
1.0,0.9724162,0.84261966,0
1.0,0.96904355,0.84459305,0
1.0,0.96787393,0.8466908,0
1.0,0.96819556,0.8375331,0
1.0,0.9629939,0.7715885,0
1.0,0.9619583,0.74613714,0
1.0,0.95781523,0.7477338,0
1.0,0.948767,0.75357616,0
1.0,0.9422778,0.7554683,0
1.0,0.9373719,0.76924473,0
1.0,0.9475371,0.8441387,0
1.0,0.95330745,0.89902985,0
1.0,0.95735437,0.95466626,0
1.0,0.95846057,0.9623758,0
1.0,0.9651316,0.94600946,0
1.0,0.96591705,0.9464421,0
1.0,0.9620835,0.9380017,0
1.0,0.9623794,0.9180899,0
1.0,0.9676101,0.90734786,0
1.0,0.9666036,0.8561806,0
1.0,0.95876414,0.79246664,0
1.0,0.9566578,0.79786843,0
1.0,0.95888764,0.7920488,0
1.0,0.9555379,0.74896,0
1.0,0.9432326,0.70946413,0
1.0,0.95204407,0.7230122,0
1.0,0.9580939,0.7796253,0
1.0,0.94436604,0.7951598,0
1.0,0.9456768,0.81371486,0
1.0,0.9409179,0.8122394,0
1.0,0.95852804,0.8582126,0
1.0,0.9460658,0.8908452,0
1.0,0.94419545,0.9066637,0
1.0,0.93937904,0.8786112,0
1.0,0.9552369,0.8839721,0
1.0,0.9388535,0.8512941,0
1.0,0.9324081,0.85098827,0
1.0,0.9262227,0.87438893,0
1.0,0.9532444,0.92579925,0
1.0,0.93022364,0.84623516,0
1.0,0.926272,0.8249286,0
1.0,0.89301074,0.7617421,0
1.0,0.9247125,0.7581303,0
1.0,0.8835698,0.65348345,0
1.0,0.9086825,0.6341077,0
1.0,0.86725533,0.5499674,0
1.0,0.9129439,0.65351015,0
1.0,0.8708485,0.6694369,0
1.0,0.9230177,0.76015043,0
1.0,0.8758344,0.6943089,0
1.0,0.9227016,0.76401806,0
1.0,0.91156554,0.7459254,0
1.0,0.9229969,0.76506627,0
1.0,0.878642,0.6619785,0
1.0,0.9247611,0.66677296,0
1.0,0.91673446,0.64377373,0
1.0,0.93976444,0.69147426,0
1.0,0.9080295,0.6547218,0
1.0,0.92082447,0.631219,0
1.0,0.9159257,0.580283,0
1.0,0.94279957,0.5893523,0
1.0,0.91523546,0.54470366,0
1.0,0.9181598,0.5708647,0
1.0,0.91722465,0.54889774,0
1.0,0.94852346,0.5463819,0
1.0,0.9280025,0.5183486,0
1.0,0.9123268,0.5010468,0
1.0,0.91749376,0.50506836,0
1.0,0.93762106,0.5260751,0
1.0,0.91339445,0.46302983,0
1.0,0.89767396,0.4289766,0
1.0,0.88848084,0.45287552,0
1.0,0.91820604,0.5120028,0
1.0,0.90574145,0.50025713,0
1.0,0.8796574,0.46941438,0
1.0,0.88057244,0.4680567,0
1.0,0.9295256,0.5250021,0
1.0,0.9209495,0.5075786,0
1.0,0.9045744,0.44437152,0
1.0,0.9194525,0.37710148,0
1.0,0.9438022,0.3699426,0
1.0,0.9451615,0.37205482,0
1.0,0.9309639,0.35922423,0
1.0,0.9262164,0.36955076,0
1.0,0.94201916,0.37708655,0
1.0,0.9368681,0.33850762,0
1.0,0.9251138,0.31382608,0
1.0,0.9230568,0.3019389,0
1.0,0.9291924,0.291945,0
1.0,0.9260153,0.27907616,0
1.0,0.9418027,0.2934132,0
1.0,0.92429066,0.28308636,0
1.0,0.94817966,0.31666964,0
1.0,0.9512714,0.33287805,0
1.0,0.95700216,0.2983325,0
1.0,0.9469469,0.25011367,0
1.0,0.9601508,0.2550826,0
1.0,0.94585186,0.22985701,0
1.0,0.9592393,0.2540497,0
1.0,0.94321895,0.24928392,0
1.0,0.95794517,0.26017648,0
1.0,0.9531872,0.2579925,0
1.0,0.93782,0.23917043,0
1.0,0.9073105,0.18923226,0
1.0,0.9229311,0.16919535,0
1.0,0.9075383,0.14984477,0
1.0,0.9200922,0.15172863,0
1.0,0.8933201,0.16665214,0
1.0,0.92020184,0.19755273,0
1.0,0.9302221,0.20461592,0
1.0,0.92149967,0.20224205,0
1.0,0.8995174,0.19508424,0
1.0,0.93826437,0.22080368,0
1.0,0.9282241,0.2201125,0
1.0,0.88302124,0.20156057,0
1.0,0.86912125,0.17952386,0
1.0,0.9007582,0.20070998,0
1.0,0.9006611,0.21736863,0
1.0,0.8235072,0.18174186,0
1.0,0.8251795,0.18752652,0
1.0,0.84241843,0.19518696,0
1.0,0.88241595,0.20900391,0
1.0,0.75467616,0.1739428,0
1.0,0.769551,0.18614261,0
1.0,0.791864,0.18709031,0
1.0,0.8456049,0.20355567,0
1.0,0.7632956,0.17361413,0
1.0,0.79702336,0.18741363,0
1.0,0.83588463,0.20343426,0
1.0,0.8633391,0.22078891,0
1.0,0.71294683,0.15649131,0
1.0,0.75938356,0.18077208,0
1.0,0.8076969,0.20437336,0
1.0,0.7944075,0.19481069,0
1.0,0.6700491,0.1453211,0
1.0,0.74195945,0.16121131,0
1.0,0.7839331,0.17856932,0
1.0,0.8523924,0.22423902,0
1.0,0.8069844,0.20424403,0
1.0,0.841341,0.20200029,0
1.0,0.88598645,0.21608941,0
1.0,0.8731444,0.21200582,0
1.0,0.82448816,0.18151467,0
1.0,0.8470774,0.19339602,0
1.0,0.8971805,0.2223628,0
1.0,0.88045305,0.20381024,0
1.0,0.85868204,0.18577646,0
1.0,0.86712545,0.20395038,0
1.0,0.91801316,0.2421501,0
1.0,0.9248799,0.23556665,0
1.0,0.9156486,0.22817953,0
1.0,0.91367936,0.23218784,0
1.0,0.94716614,0.26966068,0
1.0,0.9406992,0.27116847,0
1.0,0.9213184,0.22909021,0
1.0,0.91361934,0.2128368,0
1.0,0.93110603,0.23031364,0
1.0,0.93172145,0.22889487,0
1.0,0.91119885,0.21780586,0
1.0,0.89012647,0.19933909,0
1.0,0.9099365,0.21003036,0
1.0,0.8832365,0.19347262,0
1.0,0.83718324,0.16162786,0
1.0,0.8105784,0.13999808,0
1.0,0.84153193,0.1471732,0
1.0,0.8521097,0.15389833,0
1.0,0.8192306,0.14035974,0
1.0,0.7850174,0.1210771,0
1.0,0.807785,0.13803497,0
1.0,0.79677504,0.123150885,0
1.0,0.76168716,0.10479584,0
1.0,0.7117747,0.08889963,0
1.0,0.7185259,0.10894929,0
1.0,0.65689105,0.096089296,0
1.0,0.6099499,0.09295351,0
1.0,0.5331246,0.07973268,0
1.0,0.5306612,0.065569356,0
1.0,0.5143223,0.06248356,0
1.0,0.5309968,0.06599389,0
1.0,0.47360078,0.06313486,0
1.0,0.50119376,0.05549937,0
1.0,0.49255085,0.060806133,0
1.0,0.55162007,0.06411236,0
1.0,0.5183726,0.06223724,0
1.0,0.510699,0.065613694,0
1.0,0.5605445,0.08900899,0
1.0,0.5568716,0.09552847,0
1.0,0.5643407,0.09567925,0
1.0,0.5429914,0.101518154,0
1.0,0.64561146,0.1119557,0
1.0,0.6796346,0.11753253,0
1.0,0.718098,0.14112014,0
1.0,0.71942914,0.18177778,0
1.0,0.7859425,0.25039646,0
1.0,0.8086632,0.27371025,0
1.0,0.824558,0.27993098,0
1.0,0.8300433,0.28195262,0
1.0,0.8475079,0.29811013,0
1.0,0.8418713,0.30617195,0
1.0,0.8909853,0.34046268,0
1.0,0.9024854,0.35149348,0
1.0,0.9112252,0.35817984,0
1.0,0.90850705,0.35511705,0
1.0,0.9351601,0.37720096,0
1.0,0.93130845,0.36490932,0
1.0,0.92141306,0.35946485,0
1.0,0.9337978,0.41999656,0
1.0,0.96243507,0.5144765,0
1.0,0.9678349,0.5446067,0
1.0,0.96229506,0.5370241,0
1.0,0.96887904,0.526712,0
1.0,0.97474355,0.53964156,0
1.0,0.97104496,0.5749506,0
1.0,0.9612617,0.5786071,0
1.0,0.9621826,0.61671114,0
1.0,0.9735875,0.64804643,0
1.0,0.96825165,0.64166105,0
1.0,0.9514487,0.6161213,0
1.0,0.95160735,0.61945987,0
1.0,0.96694213,0.6317078,0
1.0,0.9675225,0.6187599,0
1.0,0.95889807,0.6220544,0
1.0,0.96808195,0.68720967,0
1.0,0.97602797,0.7052077,0
1.0,0.9696166,0.636378,0
1.0,0.95662683,0.57264316,0
1.0,0.97014546,0.5638354,0
1.0,0.9746801,0.58122873,0
1.0,0.9699424,0.5991645,0
1.0,0.9645746,0.59161615,0
1.0,0.9671186,0.58348864,0
1.0,0.96858495,0.5964723,0
1.0,0.95682967,0.5919279,0
1.0,0.94322497,0.5909133,0
1.0,0.95091146,0.6055765,0
1.0,0.9561101,0.6104495,0
1.0,0.9444164,0.58762866,0
1.0,0.9079212,0.5829347,0
1.0,0.9247447,0.62923825,0
1.0,0.9412873,0.63370156,0
1.0,0.9565209,0.6474314,0
1.0,0.9324934,0.61624694,0
1.0,0.9547016,0.6505487,0
1.0,0.96249104,0.6719229,0
1.0,0.95258325,0.6533863,0
1.0,0.9292793,0.63930905,0
1.0,0.942672,0.66009474,0
1.0,0.9544254,0.7004658,0
1.0,0.951791,0.73042053,0
1.0,0.9392252,0.7221656,0
1.0,0.9504739,0.7372935,0
1.0,0.96756405,0.761842,0
1.0,0.9690871,0.7700708,0
1.0,0.95320696,0.7639215,0
1.0,0.9622888,0.77394164,0
1.0,0.97056514,0.77389365,0
1.0,0.96322346,0.7637007,0
1.0,0.93866205,0.7267132,0
1.0,0.93362576,0.72950333,0
1.0,0.95144284,0.75877064,0
1.0,0.9509947,0.7509166,0
1.0,0.936776,0.7376909,0
1.0,0.94172347,0.80184907,0
1.0,0.96516186,0.9164616,0
1.0,0.9632856,0.9735068,0
1.0,0.96357626,0.99382997,0
1.0,0.96403563,0.9935549,0
1.0,0.978011,1.0266521,0
1.0,0.9693552,1.036179,0
1.0,0.96131957,1.0099095,0
1.0,0.9628764,0.9657991,0
1.0,0.9736493,0.9498418,0
1.0,0.9677663,0.9388254,0
1.0,0.96079004,0.9696419,0
1.0,0.9517139,0.9902189,0
1.0,0.96168953,1.0248532,0
1.0,0.9440224,0.9875952,0
1.0,0.92674077,0.9165299,0
1.0,0.9221849,0.8853223,0
1.0,0.93569505,0.890838,0
1.0,0.93514794,0.8604374,0
1.0,0.9429249,0.86261,0
1.0,0.9555662,0.88407767,0
1.0,0.96273935,0.9483482,0
1.0,0.96167475,1.0913757,0
1.0,0.9630034,1.1619568,0
1.0,0.9685621,1.1959518,0
1.0,0.96909595,1.2341866,0
1.0,0.9665944,1.2551107,0
1.0,0.96619964,1.2936003,0
1.0,0.9686794,1.3415904,0
1.0,0.96226645,1.3467245,0
1.0,0.96057224,1.3638059,0
1.0,0.95645875,1.4069104,0
1.0,0.9587088,1.4239389,0
1.0,0.95028377,1.3514303,0
1.0,0.94747734,1.2740936,0
1.0,0.95184994,1.2509192,0
1.0,0.96256214,1.2940278,0
1.0,0.9618827,1.3170624,0
1.0,0.9608606,1.3032277,0
1.0,0.96136767,1.2819062,0
1.0,0.96964633,1.2839905,0
1.0,0.9684946,1.3389428,0
1.0,0.9633649,1.4077609,0
1.0,0.9619793,1.38591,0
1.0,0.9716736,1.4157212,0
1.0,0.9709995,1.4433117,0
1.0,0.9647692,1.4387797,0
1.0,0.961746,1.5100363,0
1.0,0.9658738,1.6003695,0
1.0,0.96419173,1.6137004,0
1.0,0.95283306,1.6515887,0
1.0,0.9439587,1.7537775,0
1.0,0.94689584,1.7757627,0
1.0,0.9506244,1.7366718,0
1.0,0.94427633,1.5727737,0
1.0,0.941239,1.4862161,0
1.0,0.9472953,1.4601873,0
1.0,0.9507723,1.4971395,0
1.0,0.94898605,1.5625303,0
1.0,0.9479689,1.5700967,0
1.0,0.9540144,1.652442,0
1.0,0.9543344,1.8456205,0
1.0,0.9548493,1.8839985,0
1.0,0.95734704,1.8834052,0
1.0,0.9583945,1.8610044,0
1.0,0.95083416,1.8305647,0
1.0,0.9497941,1.9619997,0
1.0,0.95222026,2.0680232,0
1.0,0.9550776,2.0646899,0
1.0,0.9528511,2.122474,0
1.0,0.95441866,2.3060093,0
1.0,0.95576715,2.3701124,0
1.0,0.95664245,2.3720374,0
1.0,0.9557463,2.3135738,0
1.0,0.9625638,2.2686102,0
1.0,0.96417344,2.3173597,0
1.0,0.96676755,2.3706307,0
1.0,0.96621096,2.338419,0
1.0,0.97016364,2.3414228,0
1.0,0.9738333,2.3729844,0
1.0,0.9749214,2.3777416,0
1.0,0.97061193,2.4137483,0
1.0,0.97383887,2.4377704,0
1.0,0.9743438,2.3689702,0
1.0,0.9719526,2.4040804,0
1.0,0.96775323,2.4579926,0
1.0,0.96644354,2.5267096,0
1.0,0.96582866,2.5271146,0
1.0,0.9637564,2.5143025,0
1.0,0.96004826,2.5254567,0
1.0,0.95953554,2.5356483,0
1.0,0.96132946,2.5550194,0
1.0,0.9634894,2.4803681,0
1.0,0.9628404,2.2950778,0
1.0,0.96397126,2.2869158,0
1.0,0.9634062,2.297274,0
1.0,0.9648111,2.3331769,0
1.0,0.9613743,2.3166602,0
1.0,0.96289384,2.1849551,0
1.0,0.9617548,2.138125,0
1.0,0.96272093,2.1996098,0
1.0,0.95770425,2.2035618,0
1.0,0.96389496,2.1598911,0
1.0,0.96304375,2.1208878,0
1.0,0.96668774,2.1553352,0
1.0,0.96415365,2.2061949,0
1.0,0.9641299,2.2528157,0
1.0,0.9618064,2.2139206,0
1.0,0.96422046,2.1669674,0
1.0,0.9562455,2.175364,0
1.0,0.9615473,2.217061,0
1.0,0.9570887,2.2109308,0
1.0,0.9624066,2.1684532,0
1.0,0.9574868,2.0552187,0
1.0,0.965728,1.9978752,0
1.0,0.961368,1.9683275,0
1.0,0.9648576,2.0023417,0
1.0,0.9594665,2.0475154,0
1.0,0.9670054,2.0815587,0
1.0,0.96801454,2.0888362,0
1.0,0.97120935,2.1117606,0
1.0,0.965892,2.0685124,0
1.0,0.9738878,2.0312724,0
1.0,0.9734317,1.9763179,0
1.0,0.9766806,1.972743,0
1.0,0.9685434,2.0405579,0
1.0,0.97077227,2.1704807,0
1.0,0.97252584,2.2711616,0
1.0,0.97617257,2.258778,0
1.0,0.9706343,2.2323906,0
1.0,0.9731429,2.2419057,0
1.0,0.9722226,2.1875644,0
1.0,0.9739162,2.1401758,0
1.0,0.97073865,2.0627816,0
1.0,0.97366273,1.9579906,0
1.0,0.97690445,1.9926493,0
1.0,0.98027796,2.0778246,0
1.0,0.97765654,2.0584426,0
1.0,0.97716504,1.9875972,0
1.0,0.98132217,1.9576161,0
1.0,0.9836632,1.9584239,0
1.0,0.9784933,1.9677792,0
1.0,0.97747505,1.9796448,0
1.0,0.97888374,1.9467874,0
1.0,0.9821805,1.9619093,0
1.0,0.97893757,2.0076544,0
1.0,0.97675806,2.034821,0
1.0,0.9778234,2.0049293,0
1.0,0.9809131,1.9283419,0
1.0,0.97935337,1.8169383,0
1.0,0.97742,1.7790596,0
1.0,0.9765079,1.8089423,0
1.0,0.9808201,1.890364,0
1.0,0.9824635,1.8659825,0
1.0,0.9801722,1.8124759,0
1.0,0.9790355,1.8195028,0
1.0,0.9820477,1.8357639,0
1.0,0.9797361,1.7383654,0
1.0,0.9777494,1.5786288,0
1.0,0.9733523,1.4020752,0
1.0,0.977372,1.3587146,0
1.0,0.97182065,1.370166,0
1.0,0.9692342,1.3699479,0
1.0,0.95798695,1.3790414,0
1.0,0.9693028,1.4903134,0
1.0,0.9691056,1.5563505,0
1.0,0.97236145,1.6563567,0
1.0,0.96378076,1.6494915,0
1.0,0.97157186,1.5843763,0
1.0,0.97482884,1.5697384,0
1.0,0.9764654,1.6055439,0
1.0,0.96523994,1.6149302,0
1.0,0.9717737,1.6167061,0
1.0,0.9722543,1.5287027,0
1.0,0.97402894,1.4684833,0
1.0,0.96422976,1.4319363,0
1.0,0.96936697,1.4888322,0
1.0,0.9661055,1.5491773,0
1.0,0.973077,1.5620254,0
1.0,0.9651959,1.5688782,0
1.0,0.9661055,1.6577182,0
1.0,0.9666969,1.7300731,0
1.0,0.971,1.7531023,0
1.0,0.9680752,1.690623,0
1.0,0.96796584,1.588997,0
1.0,0.9711403,1.6126039,0
1.0,0.97632045,1.6712022,0
1.0,0.9761702,1.6779032,0
1.0,0.97473735,1.6990504,0
1.0,0.97447836,1.7063712,0
1.0,0.97483283,1.7511711,0
1.0,0.97244656,1.935834,0
1.0,0.96513134,1.9769609,0
1.0,0.9662863,1.9527361,0
1.0,0.9672171,1.9431272,0
1.0,0.9673605,1.9168304,0
1.0,0.9634305,1.8751782,0
1.0,0.96477926,1.8362646,0
1.0,0.9643012,1.7164572,0
1.0,0.9615981,1.6273415,0
1.0,0.95003504,1.6339875,0
1.0,0.9432359,1.6847614,0
1.0,0.93824285,1.696327,0
1.0,0.93767536,1.6765721,0
1.0,0.94128263,1.6660185,0
1.0,0.92888635,1.668184,0
1.0,0.9206714,1.7168955,0
1.0,0.91744864,1.7188067,0
1.0,0.9322017,1.6981921,0
1.0,0.929408,1.6006818,0
1.0,0.933481,1.6034431,0
1.0,0.9285241,1.5962033,0
1.0,0.91996884,1.5258018,0
1.0,0.9227212,1.460073,0
1.0,0.92614996,1.405558,0
1.0,0.918723,1.4189479,0
1.0,0.92522156,1.472959,0
1.0,0.9250029,1.413469,0
1.0,0.9281175,1.3766139,0
1.0,0.9246325,1.3497684,0
1.0,0.9251151,1.3014996,0
1.0,0.9165756,1.2898338,0
1.0,0.9204823,1.2766974,0
1.0,0.92446494,1.1354306,0
1.0,0.9418396,1.1051003,0
1.0,0.9427447,1.1160393,0
1.0,0.9408335,1.1412139,0
1.0,0.94540334,1.1466502,0
1.0,0.9391788,1.0647825,0
1.0,0.9500374,1.0145277,0
1.0,0.9538818,1.0150671,0
1.0,0.9552597,1.0594057,0
1.0,0.9346602,1.0479617,0
1.0,0.93183696,0.98001844,0
1.0,0.93432814,0.92564344,0
1.0,0.9066276,0.8687897,0
1.0,0.8840856,0.8438847,0
1.0,0.8832949,0.81478214,0
1.0,0.8839991,0.7603695,0
1.0,0.89454776,0.73487484,0
1.0,0.8679397,0.6900986,0
1.0,0.9203079,0.75387,0
1.0,0.9359568,0.75866306,0
1.0,0.9167115,0.7026151,0
1.0,0.91422683,0.6778548,0
1.0,0.9411621,0.69286346,0
1.0,0.9431488,0.6870208,0
1.0,0.93317443,0.640658,0
1.0,0.913618,0.58422923,0
1.0,0.9500611,0.61638284,0
1.0,0.954395,0.63920164,0
1.0,0.93416965,0.6281405,0
1.0,0.92124003,0.60431373,0
1.0,0.9481313,0.5764166,0
1.0,0.94077337,0.5151019,0
1.0,0.9253652,0.47762173,0
1.0,0.9176006,0.46728483,0
1.0,0.9571453,0.48707518,0
1.0,0.9474955,0.46036246,0
1.0,0.95822954,0.4603021,0
1.0,0.9498087,0.45048672,0
1.0,0.96028906,0.45782775,0
1.0,0.95070237,0.4536161,0
1.0,0.93898696,0.39784065,0
1.0,0.93090034,0.30743438,0
1.0,0.9275148,0.27281824,0
1.0,0.9121482,0.28675756,0
1.0,0.94505244,0.30662882,0
1.0,0.9441358,0.29742515,0
1.0,0.9292122,0.2893721,0
1.0,0.9259484,0.26828438,0
1.0,0.9137322,0.23406088,0
1.0,0.85974646,0.18293115,0
1.0,0.87434286,0.16487491,0
1.0,0.85352486,0.15429881,0
1.0,0.87482375,0.15731664,0
1.0,0.8304486,0.13816822,0
1.0,0.79260206,0.13908827,0
1.0,0.8152978,0.1483917,0
1.0,0.8405107,0.15755267,0
1.0,0.8021489,0.16947195,0
1.0,0.7080426,0.19111004,0
1.0,0.7676648,0.1639596,0
1.0,0.7849932,0.152019,0
1.0,0.81087744,0.14945738,0
1.0,0.80367374,0.14979327,0
1.0,0.8526923,0.14427827,0
1.0,0.8817316,0.13854675,0
1.0,0.8998925,0.14836751,0
1.0,0.8226729,0.15208165,0
1.0,0.89125234,0.14941615,0
1.0,0.8340009,0.16328524,0
1.0,0.8964366,0.1617785,0
1.0,0.77818453,0.17353895,0
1.0,0.8234959,0.16502725,0
1.0,0.7916082,0.19138084,0
1.0,0.8864268,0.18704587,0
1.0,0.7236838,0.22121502,0
1.0,0.86267066,0.1732229,0
1.0,0.7734705,0.22174478,0
1.0,0.90530825,0.17523867,0
1.0,0.713684,0.2517367,0
1.0,0.81170803,0.20892128,0
1.0,0.7394625,0.2405242,0
1.0,0.83319104,0.22039059,0
1.0,0.6545265,0.32825747,0
1.0,0.70069987,0.29464,0
1.0,0.57992625,0.3902375,0
1.0,0.6818499,0.31508547,0
1.0,0.4720158,0.49954113,0
1.0,0.5644239,0.38979846,0
1.0,0.46448407,0.49609292,0
1.0,0.5634676,0.4034897,0
1.0,0.43611592,0.5719982,0
1.0,0.4444371,0.58281034,0
1.0,0.40099472,0.6402485,0
1.0,0.3957209,0.6542895,0
1.0,0.48712036,0.5393251,0
1.0,0.5012271,0.5742612,0
1.0,0.42143583,0.6898137,0
1.0,0.42357484,0.6639943,0
1.0,0.37870747,0.7207665,0
1.0,0.30874342,0.8237743,0
1.0,0.30998966,0.8356849,0
1.0,0.29006192,0.8850925,0
1.0,0.32147497,0.8562425,0
1.0,0.28824648,0.93273836,0
1.0,0.28401887,0.9192468,0
1.0,0.29476774,0.9108273,0
1.0,0.37046644,0.8020094,0
1.0,0.3430989,0.8140965,0
1.0,0.40402985,0.679328,0
1.0,0.45254955,0.62212133,0
1.0,0.5798032,0.49825782,0
1.0,0.45180446,0.6457452,0
1.0,0.54192656,0.5385326,0
1.0,0.52105343,0.5347067,0
1.0,0.576181,0.48372403,0
1.0,0.38208506,0.7262075,0
1.0,0.6053365,0.47857976,0
1.0,0.5263576,0.5465924,0
1.0,0.6052909,0.46259204,0
1.0,0.44924387,0.6176561,0
1.0,0.6870232,0.37722287,0
1.0,0.5627075,0.44106293,0
1.0,0.6969678,0.32326305,0
1.0,0.50282305,0.45317382,0
1.0,0.7316347,0.31114918,0
1.0,0.66303873,0.3393902,0
1.0,0.8400488,0.27106196,0
1.0,0.6202134,0.33110029,0
1.0,0.8405805,0.21881393,0
1.0,0.6869223,0.25482085,0
1.0,0.73738134,0.22515753,0
1.0,0.5749073,0.30077907,0
1.0,0.7235765,0.21513602,0
1.0,0.57641274,0.28570062,0
1.0,0.6356311,0.21755289,0
1.0,0.5436072,0.23801708,0
1.0,0.6463817,0.16906641,0
1.0,0.6173362,0.1588636,0
1.0,0.7529403,0.12774074,0
1.0,0.7227915,0.1290168,0
1.0,0.7126205,0.12966797,0
1.0,0.728868,0.10922279,0
1.0,0.7788349,0.105893746,0
1.0,0.7028961,0.115458935,0
1.0,0.689973,0.121480696,0
1.0,0.72926813,0.112116635,0
1.0,0.7616517,0.10516872,0
1.0,0.69422686,0.09419134,0
1.0,0.67262584,0.089159995,0
1.0,0.69878024,0.12906347,0
1.0,0.67562604,0.13685584,0
1.0,0.6946528,0.1395973,0
1.0,0.60729355,0.13867807,0
1.0,0.692109,0.14310464,0
1.0,0.68738955,0.14166921,0
1.0,0.6099155,0.14028387,0
1.0,0.59283906,0.13329542,0
1.0,0.5991836,0.12352437,0
1.0,0.72656846,0.12769774,0
1.0,0.75321627,0.13687524,0
1.0,0.7490242,0.13686611,0
1.0,0.7415778,0.14284036,0
1.0,0.8032393,0.17870852,0
1.0,0.79127276,0.17333892,0
1.0,0.7575949,0.15742703,0
1.0,0.71095383,0.13973026,0
1.0,0.8077071,0.18362013,0
1.0,0.8406897,0.20175308,0
1.0,0.8469801,0.19981538,0
1.0,0.820224,0.18199298,0
1.0,0.88822734,0.2135415,0
1.0,0.9050054,0.21566993,0
1.0,0.88587976,0.19956437,0
1.0,0.8348021,0.17620566,0
1.0,0.9103111,0.21694511,0
1.0,0.9053176,0.2201148,0
1.0,0.92083037,0.23528159,0
1.0,0.90267193,0.2264716,0
1.0,0.9468894,0.25759003,0
1.0,0.94790256,0.27056605,0
1.0,0.9319582,0.26222402,0
1.0,0.9118142,0.1929124,0
1.0,0.90134907,0.16733715,0
1.0,0.90567666,0.17395979,0
1.0,0.8676143,0.15520377,0
1.0,0.85364646,0.15370685,0
1.0,0.836774,0.15839192,0
1.0,0.8796569,0.1936874,0
1.0,0.8896055,0.20137353,0
1.0,0.88211226,0.19141653,0
1.0,0.8578879,0.17225692,0
1.0,0.8703699,0.16746359,0
1.0,0.8495065,0.15625195,0
1.0,0.85403645,0.15368219,0
1.0,0.8208227,0.13246498,0
1.0,0.86666244,0.15396681,0
1.0,0.8660883,0.15255916,0
1.0,0.86828846,0.15539938,0
1.0,0.8410451,0.14410806,0
1.0,0.8786654,0.16392598,0
1.0,0.86380327,0.15353905,0
1.0,0.83618957,0.13608631,0
1.0,0.79636574,0.123803586,0
1.0,0.84156835,0.19447678,0
1.0,0.81872123,0.18906419,0
1.0,0.794978,0.17876813,0
1.0,0.749531,0.15424028,0
1.0,0.7661729,0.15671614,0
1.0,0.7503344,0.14010127,0
1.0,0.6932837,0.12001921,0
1.0,0.70687824,0.12426297,0
1.0,0.7093916,0.12307007,0
1.0,0.667707,0.11020936,0
1.0,0.64054275,0.12524113,0
1.0,0.5933061,0.12048122,0
1.0,0.6103571,0.12767708,0
1.0,0.526576,0.12834883,0
1.0,0.48092294,0.14304283,0
1.0,0.43295705,0.16402224,0
1.0,0.46477464,0.15758824,0
1.0,0.40747935,0.21237192,0
1.0,0.46198168,0.24632592,0
1.0,0.38901493,0.25379553,0
1.0,0.43104637,0.25569212,0
1.0,0.38702497,0.27003747,0
1.0,0.41908565,0.26157153,0
1.0,0.39065433,0.26909178,0
1.0,0.41210875,0.26873922,0
1.0,0.37249035,0.27688813,0
1.0,0.4350817,0.26472834,0
1.0,0.42789152,0.27883083,0
1.0,0.53972244,0.2582839,0
1.0,0.49453622,0.26328307,0
1.0,0.6504333,0.27800637,0
1.0,0.6242837,0.27127498,0
1.0,0.5918779,0.24465081,0
1.0,0.5504171,0.2578397,0
1.0,0.62182224,0.24519391,0
1.0,0.6111648,0.28242213,0
1.0,0.585115,0.29754084,0
1.0,0.5935697,0.29813287,0
1.0,0.70987713,0.3303352,0
1.0,0.723007,0.35138392,0
1.0,0.6555538,0.33193922,0
1.0,0.70853335,0.36942703,0
1.0,0.75953573,0.37891763,0
1.0,0.8022013,0.40016022,0
1.0,0.69393814,0.34007347,0
1.0,0.76591426,0.370662,0
1.0,0.84403807,0.3927272,0
1.0,0.8807058,0.38371396,0
1.0,0.82292795,0.36211327,0
1.0,0.88576657,0.4230014,0
1.0,0.9292414,0.45114154,0
1.0,0.9325353,0.46243525,0
1.0,0.83624804,0.33220157,0
1.0,0.89558923,0.36385983,0
1.0,0.90741765,0.36328405,0
1.0,0.9141542,0.36349392,0
1.0,0.8969394,0.3523151,0
1.0,0.9246499,0.39483905,0
1.0,0.9462775,0.4401598,0
1.0,0.9565664,0.49280542,0
1.0,0.9534525,0.5627779,0
1.0,0.9632648,0.60313237,0
1.0,0.96925753,0.6163415,0
1.0,0.97354215,0.641429,0
1.0,0.971038,0.6469727,0
1.0,0.9727577,0.65775603,0
1.0,0.97630036,0.683911,0
1.0,0.97786194,0.64495176,0
1.0,0.9771199,0.6139077,0
1.0,0.97759056,0.6168528,0
1.0,0.97568536,0.5981066,0
1.0,0.9711264,0.56539404,0
1.0,0.9697009,0.5463471,0
1.0,0.9710389,0.5302912,0
1.0,0.96793115,0.5193574,0
1.0,0.95898455,0.5410663,0
1.0,0.9679213,0.59148467,0
1.0,0.96131974,0.5816016,0
1.0,0.94758266,0.56248486,0
1.0,0.93047905,0.5560605,0
1.0,0.9356905,0.538821,0
1.0,0.9163049,0.4924965,0
1.0,0.8951007,0.47510844,0
1.0,0.8599337,0.43972278,0
1.0,0.8961936,0.532074,0
1.0,0.8961447,0.616014,0
1.0,0.8793317,0.6322692,0
1.0,0.84016323,0.5935395,0
1.0,0.89970255,0.6739342,0
1.0,0.8915009,0.6482184,0
1.0,0.8534834,0.60253155,0
1.0,0.80546594,0.52817774,0
1.0,0.88254964,0.5636172,0
1.0,0.8708868,0.517823,0
1.0,0.8639835,0.52932334,0
1.0,0.8392479,0.5166239,0
1.0,0.9057455,0.61786294,0
1.0,0.8949517,0.62160784,0
1.0,0.87881523,0.59164006,0
1.0,0.8732973,0.60514796,0
1.0,0.8945674,0.7061654,0
1.0,0.8944588,0.73471564,0
1.0,0.9036179,0.7650296,0
1.0,0.9066427,0.80852914,0
1.0,0.9284605,0.90924007,0
1.0,0.94293094,0.9618981,0
1.0,0.94510484,0.98673856,0
1.0,0.9537999,0.9745875,0
1.0,0.9558178,0.9436581,0
1.0,0.95390475,0.95495504,0
1.0,0.9505588,1.038414,0
1.0,0.9517866,1.0858313,0
1.0,0.9486769,1.1010685,0
1.0,0.9482644,1.1062937,0
1.0,0.9376112,1.1080687,0
1.0,0.93515646,1.1293347,0
1.0,0.9338813,1.103812,0
1.0,0.9350813,1.0321164,0
1.0,0.93995893,1.0087303,0
1.0,0.9312372,1.0139848,0
1.0,0.9231421,1.0237676,0
1.0,0.9280383,1.043806,0
1.0,0.93154126,1.039332,0
1.0,0.92234635,0.9998749,0
1.0,0.92482585,1.0012841,0
1.0,0.925162,1.0606111,0
1.0,0.9206344,1.059986,0
1.0,0.91218626,1.0130088,0
1.0,0.91233414,0.9995855,0
1.0,0.89643687,0.9868289,0
1.0,0.89297813,1.0241091,0
1.0,0.8815139,0.98789245,0
1.0,0.8755627,0.8950652,0
1.0,0.8852201,0.8800438,0
1.0,0.8514205,0.83683515,0
1.0,0.8428082,0.8481928,0
1.0,0.814963,0.75354517,0
1.0,0.80256855,0.7072873,0
1.0,0.7838594,0.665153,0
1.0,0.75201774,0.6291865,0
1.0,0.7007727,0.6068487,0
1.0,0.6907562,0.65709007,0
1.0,0.6136967,0.51187015,0
1.0,0.6307184,0.48951444,0
1.0,0.5992113,0.4518607,0
1.0,0.62907386,0.4841727,0
1.0,0.55857027,0.39362413,0
1.0,0.6385511,0.44672364,0
1.0,0.6456182,0.4342421,0
1.0,0.6947553,0.4770548,0
1.0,0.66816646,0.4629897,0
1.0,0.7231293,0.49756932,0
1.0,0.70414,0.47938934,0
1.0,0.7275348,0.49299604,0
1.0,0.63374907,0.42585012,0
1.0,0.6910727,0.486167,0
1.0,0.6601468,0.4850654,0
1.0,0.66673726,0.44439858,0
1.0,0.55941194,0.34862307,0
1.0,0.63209915,0.4080598,0
1.0,0.5803331,0.42030102,0
1.0,0.6067013,0.4234109,0
1.0,0.5468126,0.35549963,0
1.0,0.65097517,0.4085685,0
1.0,0.63200134,0.39690065,0
1.0,0.65529644,0.44102556,0
1.0,0.56913584,0.4090793,0
1.0,0.6549615,0.4274113,0
1.0,0.59699726,0.39111778,0
1.0,0.59507567,0.39959925,0
1.0,0.48080793,0.36043108,0
1.0,0.5090537,0.37432516,0
1.0,0.3866062,0.31073993,0
1.0,0.390788,0.28961718,0
1.0,0.33411032,0.29345387,0
1.0,0.37077606,0.31930542,0
1.0,0.341233,0.33506805,0
1.0,0.3788923,0.33563957,0
1.0,0.35237214,0.3340141,0
1.0,0.39567995,0.33650923,0
1.0,0.35774946,0.34804493,0
1.0,0.39980844,0.38677976,0
1.0,0.3720138,0.3825113,0
1.0,0.44348076,0.45370832,0
1.0,0.38647896,0.40854007,0
1.0,0.42551923,0.47366858,0
1.0,0.3927395,0.49884486,0
1.0,0.44783545,0.51603764,0
1.0,0.3927298,0.49967423,0
1.0,0.42213222,0.5248875,0
1.0,0.39415777,0.506319,0
1.0,0.43564507,0.52415884,0
1.0,0.42325383,0.48377115,0
1.0,0.44860512,0.5127289,0
1.0,0.43525532,0.5102547,0
1.0,0.4494622,0.5278044,0
1.0,0.43066573,0.53132087,0
1.0,0.4479465,0.5208089,0
1.0,0.43494886,0.49783722,0
1.0,0.45706335,0.50401187,0
1.0,0.4383953,0.5136387,0
1.0,0.4487614,0.53589946,0
1.0,0.44030416,0.5292806,0
1.0,0.47140953,0.6044986,0
1.0,0.4616467,0.5990392,0
1.0,0.45248693,0.6002635,0
1.0,0.45703664,0.6268271,0
1.0,0.444715,0.58782184,0
1.0,0.447386,0.6421484,0
1.0,0.4263005,0.6876086,0
1.0,0.43886796,0.70078653,0
1.0,0.42178157,0.71736616,0
1.0,0.45575354,0.6920206,0
1.0,0.43423802,0.65724784,0
1.0,0.4637238,0.66758585,0
1.0,0.42517176,0.6216476,0
1.0,0.43651235,0.65803146,0
1.0,0.42924413,0.6080028,0
1.0,0.44959158,0.63553905,0
1.0,0.45158395,0.6471652,0
1.0,0.45800826,0.63239783,0
1.0,0.45664117,0.622583,0
1.0,0.46881992,0.6214053,0
1.0,0.4610916,0.6575687,0
1.0,0.46665868,0.69429094,0
1.0,0.45356232,0.6741587,0
1.0,0.4591128,0.6868315,0
1.0,0.4450208,0.6733781,0
1.0,0.43155813,0.68724084,0
1.0,0.43634325,0.68830276,0
1.0,0.4105108,0.685457,0
1.0,0.41076973,0.70242023,0
1.0,0.40311903,0.68759894,0
1.0,0.4083557,0.70462704,0
1.0,0.3935029,0.7498137,0
1.0,0.3895293,0.6782869,0
1.0,0.3719576,0.6910374,0
1.0,0.3847616,0.68089014,0
1.0,0.3694621,0.66659856,0
1.0,0.39515164,0.6596258,0
1.0,0.37436348,0.59087366,0
1.0,0.38094833,0.5702851,0
1.0,0.3686207,0.5714395,0
1.0,0.3767568,0.55581605,0
1.0,0.39467785,0.56899214,0
1.0,0.37294072,0.57910216,0
1.0,0.37697387,0.5583825,0
1.0,0.37859958,0.5554165,0
1.0,0.42377204,0.5132848,0
1.0,0.3886204,0.52012855,0
1.0,0.40739232,0.43652564,0
1.0,0.3754735,0.46614566,0
1.0,0.4470812,0.4670152,0
1.0,0.37930107,0.49790925,0
1.0,0.42428288,0.5116112,0
1.0,0.3766846,0.4655117,0
1.0,0.4250671,0.42048228,0
1.0,0.37515405,0.44140506,0
1.0,0.41632727,0.43175626,0
1.0,0.37648383,0.48025772,0
1.0,0.4250835,0.44885007,0
1.0,0.3694055,0.45366207,0
1.0,0.4081459,0.4637084,0
1.0,0.3749551,0.44130486,0
1.0,0.44888747,0.4374573,0
1.0,0.38589048,0.40341914,0
1.0,0.42920354,0.3625276,0
1.0,0.3810846,0.37502134,0
1.0,0.4303103,0.3756277,0
1.0,0.37587106,0.38508335,0
1.0,0.40861455,0.38245183,0
1.0,0.35668683,0.38348538,0
1.0,0.37266126,0.38137838,0
1.0,0.34801322,0.35136846,0
1.0,0.36741063,0.3418727,0
1.0,0.34824315,0.34678057,0
1.0,0.36523807,0.32507092,0
1.0,0.34849802,0.32118082,0
1.0,0.38367924,0.33991718,0
1.0,0.44011104,0.3551481,0
1.0,0.4642968,0.3478092,0
1.0,0.45009404,0.35685256,0
1.0,0.50323737,0.35317737,0
1.0,0.57340944,0.316342,0
1.0,0.44605774,0.3451872,0
1.0,0.4680467,0.34409314,0
1.0,0.4574424,0.32396337,0
1.0,0.5322434,0.3163756,0
1.0,0.4160403,0.3310995,0
1.0,0.46018493,0.29681006,0
1.0,0.5246245,0.28523424,0
1.0,0.6956516,0.27796027,0
1.0,0.5817841,0.258118,0
1.0,0.651587,0.25394893,0
1.0,0.7342721,0.25000358,0
1.0,0.8410589,0.29460078,0
1.0,0.6586963,0.24339508,0
1.0,0.70554703,0.26332283,0
1.0,0.7959746,0.27956077,0
1.0,0.8935385,0.28528827,0
1.0,0.7225512,0.22896591,0
1.0,0.7413796,0.25594917,0
1.0,0.78273284,0.2951017,0
1.0,0.8021132,0.2894408,0
1.0,0.56196785,0.2155208,0
1.0,0.5811704,0.21587907,0
1.0,0.6398261,0.22602561,0
1.0,0.68373936,0.2394748,0
1.0,0.6014059,0.22237554,0
1.0,0.57598794,0.21934047,0
1.0,0.7021511,0.23720224,0
1.0,0.74410754,0.24948569,0
1.0,0.65574515,0.20945892,0
1.0,0.6226631,0.17986372,0
1.0,0.6791657,0.18983713,0
1.0,0.60770184,0.1678788,0
1.0,0.51364106,0.15562046,0
1.0,0.47572288,0.13728401,0
1.0,0.61007404,0.18356201,0
1.0,0.61840105,0.19013393,0
1.0,0.6478527,0.21725295,0
1.0,0.65064055,0.24510969,0
1.0,0.7569973,0.3204332,0
1.0,0.7638045,0.31811127,0
1.0,0.8055607,0.34282982,0
1.0,0.7775224,0.32175747,0
1.0,0.8488302,0.40554285,0
1.0,0.8395319,0.41341358,0
1.0,0.878455,0.44189537,0
1.0,0.8596142,0.41624248,0
1.0,0.9160804,0.5056454,0
1.0,0.9104009,0.5733139,0
1.0,0.9059642,0.5529506,0
1.0,0.91039443,0.5171791,0
1.0,0.9262551,0.50666714,0
1.0,0.9219376,0.50188494,0
1.0,0.92064035,0.52481186,0
1.0,0.9251489,0.552125,0
1.0,0.9232486,0.5389394,0
1.0,0.9126662,0.5158982,0
1.0,0.8981643,0.5049984,0
1.0,0.89969563,0.5341792,0
1.0,0.8871203,0.5350272,0
1.0,0.861287,0.5043403,0
1.0,0.8397276,0.48610505,0
1.0,0.84667563,0.5299126,0
1.0,0.8510675,0.6030979,0
1.0,0.8463974,0.62606406,0
1.0,0.802399,0.5229323,0
1.0,0.86525667,0.56740564,0
1.0,0.8518431,0.5414703,0
1.0,0.82625103,0.5176509,0
1.0,0.7967576,0.48256135,0
1.0,0.8634019,0.5171693,0
1.0,0.84541804,0.48392403,0
1.0,0.8126778,0.45158243,0
1.0,0.7523984,0.40291572,0
1.0,0.7908739,0.4790764,0
1.0,0.7714756,0.45536846,0
1.0,0.7920581,0.46240753,0
1.0,0.76840293,0.46974245,0
1.0,0.82080597,0.59345955,0
1.0,0.823914,0.5911374,0
1.0,0.86070603,0.5703489,0
1.0,0.8763568,0.5798142,0
1.0,0.89977676,0.61298627,0
1.0,0.892629,0.6118792,0
1.0,0.91588396,0.65011585,0
1.0,0.92124313,0.639483,0
1.0,0.9276946,0.62398034,0
1.0,0.911406,0.61009216,0
1.0,0.9035299,0.62671375,0
1.0,0.9100572,0.6335566,0
1.0,0.9060186,0.608184,0
1.0,0.88658786,0.56863165,0
1.0,0.8835079,0.5703202,0
1.0,0.87300444,0.6104995,0
1.0,0.8695672,0.6031194,0
1.0,0.8587754,0.5303211,0
1.0,0.8540712,0.4946342,0
1.0,0.85568357,0.49507192,0
1.0,0.8771303,0.55017793,0
1.0,0.854147,0.55442405,0
1.0,0.8617287,0.5448504,0
1.0,0.83371884,0.49975342,0
1.0,0.85164624,0.5379627,0
1.0,0.8021552,0.5170941,0
1.0,0.8199595,0.56904465,0
1.0,0.764935,0.49374935,0
1.0,0.79645264,0.4915268,0
1.0,0.73400366,0.40611377,0
1.0,0.73831064,0.41005892,0
1.0,0.6763949,0.3187896,0
1.0,0.7874446,0.36177397,0
1.0,0.7297171,0.29981256,0
1.0,0.81909835,0.39902127,0
1.0,0.8020575,0.39784187,0
1.0,0.85905707,0.47791082,0
1.0,0.82704157,0.44190526,0
1.0,0.88234884,0.5169319,0
1.0,0.8729488,0.5098518,0
1.0,0.8923878,0.5450281,0
1.0,0.84650755,0.50699586,0
1.0,0.88645566,0.5430738,0
1.0,0.8744101,0.51786137,0
1.0,0.8916749,0.54791725,0
1.0,0.8554322,0.50176835,0
1.0,0.86424446,0.5036368,0
1.0,0.8729398,0.46131498,0
1.0,0.88224846,0.4377805,0
1.0,0.85170233,0.39386848,0
1.0,0.8606615,0.40318495,0
1.0,0.8640614,0.41199538,0
1.0,0.86497533,0.3867155,0
1.0,0.8172045,0.3013656,0
1.0,0.8228543,0.31262228,0
1.0,0.816652,0.3068108,0
1.0,0.7856385,0.2633754,0
1.0,0.7211004,0.19087559,0
1.0,0.7094928,0.15786524,0
1.0,0.71878797,0.16794616,0
1.0,0.72923553,0.2338233,0
1.0,0.65774226,0.18491629,0
1.0,0.6263337,0.16493434,0
1.0,0.66258496,0.19278482,0
1.0,0.6575527,0.18821359,0
1.0,0.6244543,0.16405073,0
1.0,0.615812,0.15228106,0
1.0,0.6945834,0.18716502,0
1.0,0.6668814,0.1606998,0
1.0,0.64669746,0.14954269,0
1.0,0.62693644,0.13666987,0
1.0,0.673069,0.1596633,0
1.0,0.6279374,0.13691059,0
1.0,0.60932076,0.12111004,0
1.0,0.57723176,0.11203814,0
1.0,0.6266386,0.15695252,0
1.0,0.6318298,0.17768998,0
1.0,0.5792028,0.16485082,0
1.0,0.54388636,0.15648085,0
1.0,0.5727163,0.17938185,0
1.0,0.55718637,0.18009254,0
1.0,0.51646805,0.16930078,0
1.0,0.49382848,0.1662776,0
1.0,0.49758568,0.16990447,0
1.0,0.45668453,0.16279231,0
1.0,0.4408446,0.16408437,0
1.0,0.43126935,0.1617507,0
1.0,0.43825874,0.16755259,0
1.0,0.45323855,0.16855265,0
1.0,0.43208393,0.16201448,0
1.0,0.40392104,0.16211316,0
1.0,0.37023085,0.16089258,0
1.0,0.3840165,0.1278182,0
1.0,0.36297658,0.1298937,0
1.0,0.42652813,0.13247162,0
1.0,0.5000699,0.14014879,0
1.0,0.49031734,0.13978365,0
1.0,0.52496743,0.14676186,0
1.0,0.5700118,0.16065353,0
1.0,0.58298635,0.16637874,0
1.0,0.5020672,0.15536417,0
1.0,0.56235373,0.19060199,0
1.0,0.62632203,0.2172221,0
1.0,0.63444066,0.2170629,0
1.0,0.5629817,0.21880677,0
1.0,0.60449255,0.25040767,0
1.0,0.66631883,0.2899115,0
1.0,0.671654,0.26598787,0
1.0,0.62504256,0.2139079,0
1.0,0.67182726,0.23429118,0
1.0,0.73494434,0.2992826,0
1.0,0.73766154,0.29095677,0
1.0,0.66960263,0.23039967,0
1.0,0.70194405,0.24765553,0
1.0,0.71567905,0.24955031,0
1.0,0.7295513,0.26077712,0
1.0,0.66782635,0.2255234,0
1.0,0.6938307,0.23526451,0
1.0,0.63457924,0.19513965,0
1.0,0.6141261,0.19244057,0
1.0,0.64647025,0.24164706,0
1.0,0.65935,0.25512677,0
1.0,0.6411401,0.24447381,0
1.0,0.67460316,0.27614212,0
1.0,0.7073483,0.30721265,0
1.0,0.66056764,0.27839375,0
1.0,0.6310011,0.24152306,0
1.0,0.687738,0.27867448,0
1.0,0.74533224,0.33325192,0
1.0,0.7002613,0.2966977,0
1.0,0.6753764,0.29810974,0
1.0,0.72892976,0.38002524,0
1.0,0.7981625,0.45265695,0
1.0,0.758036,0.3800229,0
1.0,0.7187638,0.3460523,0
1.0,0.751452,0.39501715,0
1.0,0.76126903,0.38883844,0
1.0,0.742591,0.37147135,0
1.0,0.73521084,0.41306055,0
1.0,0.8367959,0.55241215,0
1.0,0.87112916,0.61021876,0
1.0,0.8475063,0.5980742,0
1.0,0.85852057,0.62418276,0
1.0,0.8846968,0.6656314,0
1.0,0.8895824,0.6792743,0
1.0,0.84553045,0.63234067,0
1.0,0.8433682,0.64595306,0
1.0,0.8734196,0.70478827,0
1.0,0.87356275,0.7026994,0
1.0,0.8557689,0.6587339,0
1.0,0.8801185,0.6911305,0
1.0,0.90299076,0.7210687,0
1.0,0.909329,0.7086319,0
1.0,0.890575,0.69069195,0
1.0,0.91396725,0.7653875,0
1.0,0.92966676,0.8154779,0
1.0,0.9355511,0.8448591,0
1.0,0.92538494,0.8711227,0
1.0,0.94197494,0.92306554,0
1.0,0.9538465,0.94110763,0
1.0,0.9630507,0.94802624,0
1.0,0.9488115,0.92810416,0
1.0,0.9595867,0.956529,0
1.0,0.95654184,0.93178844,0
1.0,0.9610669,0.9335132,0
1.0,0.9511237,0.92863095,0
1.0,0.9518447,0.9520763,0
1.0,0.9501168,1.0074781,0
1.0,0.95196253,1.0263629,0
1.0,0.9442171,1.0096819,0
1.0,0.951026,0.9699235,0
1.0,0.94916075,0.9309476,0
1.0,0.9579547,0.93583786,0
1.0,0.9573155,0.9328395,0
1.0,0.9634707,0.9493204,0
1.0,0.96212244,0.94395065,0
1.0,0.9677055,0.969858,0
1.0,0.96814126,0.98633873,0
1.0,0.9653147,0.9675179,0
1.0,0.95707834,0.9534823,0
1.0,0.9615916,0.98127353,0
1.0,0.95760256,1.0039335,0
1.0,0.95079696,1.0623022,0
1.0,0.9372623,1.0798476,0
1.0,0.9453267,1.0823772,0
1.0,0.9486538,1.0627887,0
1.0,0.95140886,1.0164918,0
1.0,0.94192976,0.9585046,0
1.0,0.9578779,0.97869223,0
1.0,0.95309216,0.9628033,0
1.0,0.9588243,0.9676143,0
1.0,0.95678306,0.9838538,0
1.0,0.9652074,1.0536187,0
1.0,0.9626877,1.0771617,0
1.0,0.96657914,1.0879107,0
1.0,0.96680003,1.1110717,0
1.0,0.96955967,1.0982888,0
1.0,0.9656875,1.0800626,0
1.0,0.9579304,1.0902753,0
1.0,0.9606242,1.0588185,0
1.0,0.9655812,1.011216,0
1.0,0.9574159,0.99445474,0
1.0,0.9536415,0.9940784,0
1.0,0.9565049,1.0001521,0
1.0,0.9546412,1.0138538,0
1.0,0.948817,1.001901,0
1.0,0.9516382,0.96680564,0
1.0,0.95550144,0.9730425,0
1.0,0.95719105,0.9782786,0
1.0,0.9499752,0.9390718,0
1.0,0.94710773,0.95456165,0
1.0,0.9500201,0.961952,0
1.0,0.945125,0.92511004,0
1.0,0.93536574,0.918692,0
1.0,0.9233987,0.88101673,0
1.0,0.918522,0.82236886,0
1.0,0.91401196,0.8027734,0
1.0,0.9088545,0.8026056,0
1.0,0.88558495,0.7855388,0
1.0,0.86859775,0.79841125,0
1.0,0.8912417,0.9162134,0
1.0,0.8765024,0.8538616,0
1.0,0.8544051,0.7925887,0
1.0,0.8084733,0.71270597,0
1.0,0.8230938,0.69361,0
1.0,0.80834323,0.63219404,0
1.0,0.82587534,0.6249089,0
1.0,0.7761707,0.5230553,0
1.0,0.8243501,0.57669425,0
1.0,0.8036383,0.56574154,0
1.0,0.7499801,0.48755538,0
1.0,0.6754343,0.37538463,0
1.0,0.74233305,0.43628997,0
1.0,0.719196,0.40914512,0
1.0,0.6961477,0.3987304,0
1.0,0.61909366,0.34591144,0
1.0,0.7049829,0.41814542,0
1.0,0.6620905,0.37115598,0
1.0,0.6553741,0.3644318,0
1.0,0.55679923,0.29676172,0
1.0,0.62450594,0.32877725,0
1.0,0.5994493,0.30970028,0
1.0,0.5758395,0.29266918,0
1.0,0.49290046,0.24890363,0
1.0,0.546408,0.27504128,0
1.0,0.55975723,0.27574906,0
1.0,0.5645208,0.2515427,0
1.0,0.5558849,0.278264,0
1.0,0.57720125,0.30129403,0
1.0,0.59818447,0.310366,0
1.0,0.5651552,0.29084554,0
1.0,0.57329804,0.28144985,0
1.0,0.5642441,0.2126152,0
1.0,0.6771138,0.24157356,0
1.0,0.73392826,0.30686924,0
1.0,0.7628072,0.35126925,0
1.0,0.75950325,0.3470518,0
1.0,0.8348583,0.40789366,0
1.0,0.82382077,0.39920026,0
1.0,0.81329966,0.38620678,0
1.0,0.7736537,0.35510412,0
1.0,0.8664587,0.42585796,0
1.0,0.8475843,0.38387316,0
1.0,0.84780043,0.3843851,0
1.0,0.79255265,0.3863174,0
1.0,0.81792265,0.4206661,0
1.0,0.81300765,0.38899618,0
1.0,0.8123494,0.37423223,0
1.0,0.7293345,0.3135637,0
1.0,0.7871034,0.3484497,0
1.0,0.77367705,0.36579075,0
1.0,0.7436252,0.32806736,0
1.0,0.6795375,0.3017187,0
1.0,0.7303517,0.32763535,0
1.0,0.69942707,0.2971543,0
1.0,0.6645105,0.27504745,0
1.0,0.57103133,0.25410146,0
1.0,0.5916008,0.25893304,0
1.0,0.51443624,0.24951181,0
1.0,0.53516215,0.2178629,0
1.0,0.45683718,0.21318267,0
1.0,0.50305593,0.22050317,0
1.0,0.4960075,0.21643724,0
1.0,0.59189975,0.23683408,0
1.0,0.5524975,0.21734491,0
1.0,0.5359453,0.21681643,0
1.0,0.51396066,0.18696359,0
1.0,0.62728894,0.20362191,0
1.0,0.5838826,0.2001854,0
1.0,0.5866896,0.20855379,0
1.0,0.5270407,0.20871261,0
1.0,0.60389614,0.22339499,0
1.0,0.5702067,0.215452,0
1.0,0.5442185,0.21344799,0
1.0,0.51418304,0.21282898,0
1.0,0.6137562,0.26107177,0
1.0,0.55244106,0.23815654,0
1.0,0.5467967,0.21855912,0
1.0,0.5199324,0.21615972,0
1.0,0.60789216,0.22655952,0
1.0,0.5804893,0.21623178,0
1.0,0.57193965,0.21554801,0
1.0,0.50873697,0.19159427,0
1.0,0.4798472,0.21244901,0
1.0,0.4542338,0.19612011,0
1.0,0.40736076,0.19771522,0
1.0,0.37863362,0.20892528,0
1.0,0.36357743,0.21819308,0
1.0,0.32796046,0.22745122,0
1.0,0.31170106,0.22858688,0
1.0,0.31308994,0.22693828,0
1.0,0.30269104,0.23119989,0
1.0,0.2972101,0.22169301,0
1.0,0.29728302,0.22922648,0
1.0,0.30862612,0.22144255,0
1.0,0.307216,0.2199151,0
1.0,0.31506947,0.21923387,0
1.0,0.35385287,0.20899841,0
1.0,0.38314986,0.2204996,0
1.0,0.38545546,0.21549541,0
1.0,0.40053332,0.20287347,0
1.0,0.43184668,0.20471768,0
1.0,0.46545675,0.19036345,0
1.0,0.4640805,0.19053528,0
1.0,0.4214737,0.19906202,0
1.0,0.49641374,0.19232452,0
1.0,0.4976183,0.18844412,0
1.0,0.46487954,0.16486537,0
1.0,0.43830642,0.15495867,0
1.0,0.49320766,0.14406514,0
1.0,0.5391957,0.15138653,0
1.0,0.6216437,0.155323,0
1.0,0.57431775,0.15255356,0
1.0,0.65983593,0.17559873,0
1.0,0.70207584,0.20150386,0
1.0,0.7316531,0.23147649,0
1.0,0.7083773,0.27883986,0
1.0,0.765724,0.31083712,0
1.0,0.8231215,0.35905594,0
1.0,0.8407356,0.43967438,0
1.0,0.8145452,0.43589973,0
1.0,0.80719984,0.4363839,0
1.0,0.84699535,0.51043165,0
1.0,0.860077,0.5389192,0
1.0,0.8390306,0.5287485,0
1.0,0.84146917,0.5636729,0
1.0,0.86823666,0.6173141,0
1.0,0.88566184,0.64257705,0
1.0,0.8955765,0.66073644,0
1.0,0.8932744,0.66568005,0
1.0,0.9242008,0.711229,0
1.0,0.93522406,0.7675696,0
1.0,0.932327,0.79611933,0
1.0,0.9338207,0.7983355,0
1.0,0.9450321,0.89953387,0
1.0,0.93934286,1.0016389,0
1.0,0.94049555,1.0509349,0
1.0,0.9455286,1.105975,0
1.0,0.95321107,1.1716586,0
1.0,0.9523854,1.2062184,0
1.0,0.94298035,1.2806426,0
1.0,0.9494373,1.3922963,0
1.0,0.95307416,1.4318135,0
1.0,0.9570379,1.516904,0
1.0,0.95333356,1.6221344,0
1.0,0.9574893,1.687908,0
1.0,0.95656943,1.6949306,0
1.0,0.9610704,1.6734571,0
1.0,0.96115464,1.6011796,0
1.0,0.96508193,1.613385,0
1.0,0.9689965,1.6814977,0
1.0,0.9714386,1.7083298,0
1.0,0.9708868,1.7211761,0
1.0,0.9746372,1.7925758,0
1.0,0.97656393,1.865348,0
1.0,0.97616935,1.8883538,0
1.0,0.97416425,1.9171753,0
1.0,0.97512645,1.9595659,0
1.0,0.97365904,2.0110936,0
1.0,0.9682921,2.1108556,0
1.0,0.966349,2.2001183,0
1.0,0.96713614,2.2237823,0
1.0,0.96735024,2.2418642,0
1.0,0.9659267,2.274122,0
1.0,0.9676413,2.2926326,0
1.0,0.9701436,2.3388042,0
1.0,0.97155017,2.37574,0
1.0,0.9705977,2.3099866,0
1.0,0.97312737,2.3051214,0
1.0,0.9743198,2.3560114,0
1.0,0.97296137,2.3393712,0
1.0,0.97040254,2.3236864,0
1.0,0.97054315,2.3065808,0
1.0,0.97044563,2.2217197,0
1.0,0.96861434,2.198864,0
1.0,0.96269363,2.2183006,0
1.0,0.9586639,2.1584144,0
1.0,0.9561718,2.0971355,0
1.0,0.95354426,2.1142483,0
1.0,0.94550776,2.163734,0
1.0,0.9445928,2.2331977,0
1.0,0.94624364,2.3135228,0
1.0,0.9484679,2.3508863,0
1.0,0.94821644,2.3159518,0
1.0,0.942602,2.2995052,0
1.0,0.94448936,2.329446,0
1.0,0.94264823,2.2825499,0
1.0,0.94428235,2.2553198,0
1.0,0.9420054,2.2484858,0
1.0,0.9390391,2.2443442,0
1.0,0.93270653,2.2652082,0
1.0,0.93813384,2.3037152,0
1.0,0.93662745,2.2304776,0
1.0,0.94106126,2.2180057,0
1.0,0.94365627,2.2363915,0
1.0,0.9473089,2.249961,0
1.0,0.94778425,2.2699718,0
1.0,0.95527023,2.3141592,0
1.0,0.9590855,2.2650428,0
1.0,0.96326196,2.2653913,0
1.0,0.96492785,2.2947316,0
1.0,0.96574867,2.2578206,0
1.0,0.965059,2.2407064,0
1.0,0.96843344,2.23035,0
1.0,0.9663884,2.183237,0
1.0,0.96434,2.231236,0
1.0,0.96347934,2.2905831,0
1.0,0.9673584,2.2557125,0
1.0,0.9699131,2.2277834,0
1.0,0.9697753,2.2251065,0
1.0,0.9694995,2.1825318,0
1.0,0.9721335,2.1155508,0
1.0,0.9737587,2.055364,0
1.0,0.97455186,1.9738426,0
1.0,0.97273344,1.918434,0
1.0,0.9728325,2.0120654,0
1.0,0.97556335,2.093335,0
1.0,0.97631913,2.090999,0
1.0,0.9765645,2.075737,0
1.0,0.9773276,2.0688612,0
1.0,0.9790517,2.0679402,0
1.0,0.9765761,2.094327,0
1.0,0.97272056,2.0495253,0
1.0,0.9722873,1.9334534,0
1.0,0.9748343,1.9239724,0
1.0,0.9737476,1.9484904,0
1.0,0.97379804,1.946754,0
1.0,0.97089696,1.8822691,0
1.0,0.9764315,1.8139858,0
1.0,0.97395384,1.7284579,0
1.0,0.9731963,1.7168176,0
1.0,0.9672993,1.7074138,0
1.0,0.96819323,1.6844214,0
1.0,0.96301025,1.6702987,0
1.0,0.96268314,1.6743009,0
1.0,0.9557401,1.6821872,0
1.0,0.9578852,1.7043386,0
1.0,0.9487537,1.610172,0
1.0,0.9524103,1.521006,0
1.0,0.94546455,1.4493107,0
1.0,0.9484379,1.4497826,0
1.0,0.9365215,1.4601562,0
1.0,0.94172084,1.5057547,0
1.0,0.93570477,1.5192229,0
1.0,0.9403904,1.5575659,0
1.0,0.9221639,1.5578038,0
1.0,0.92824256,1.6102169,0
1.0,0.91331595,1.4666094,0
1.0,0.92641765,1.3764205,0
1.0,0.9055773,1.2385328,0
1.0,0.9216621,1.2228706,0
1.0,0.92135173,1.2362782,0
1.0,0.92917156,1.2687386,0
1.0,0.9145375,1.168282,0
1.0,0.9319493,1.1336472,0
1.0,0.9370982,1.1499346,0
1.0,0.9420855,1.2037866,0
1.0,0.9353643,1.1892583,0
1.0,0.9480643,1.1902498,0
1.0,0.9543182,1.1905354,0
1.0,0.95719695,1.2076881,0
1.0,0.9480636,1.2039735,0
1.0,0.9577377,1.2107956,0
1.0,0.9591456,1.1707168,0
1.0,0.9601445,1.1335564,0
1.0,0.9455848,1.0894513,0
1.0,0.9489075,1.1025116,0
1.0,0.9461349,1.0718813,0
1.0,0.94694585,1.0296652,0
1.0,0.9285785,0.9819499,0
1.0,0.9368841,0.99492675,0
1.0,0.928806,1.0213625,0
1.0,0.92605275,1.0506163,0
1.0,0.8933299,0.9324165,0
1.0,0.9112668,0.9184878,0
1.0,0.8933311,0.8644781,0
1.0,0.8883073,0.8335649,0
1.0,0.83490485,0.7228514,0
1.0,0.8684421,0.7011663,0
1.0,0.84295285,0.62625027,0
1.0,0.8321699,0.6095201,0
1.0,0.7438734,0.5006139,0
1.0,0.7951334,0.56564325,0
1.0,0.73803914,0.47667736,0
1.0,0.75844526,0.466525,0
1.0,0.6920512,0.3940727,0
1.0,0.8293358,0.59176636,0
1.0,0.8206806,0.58756566,0
1.0,0.8489085,0.5766915,0
1.0,0.8415221,0.54321104,0
1.0,0.9034493,0.6180356,0
1.0,0.8786524,0.5818251,0
1.0,0.89470124,0.59304833,0
1.0,0.8900576,0.5539537,0
1.0,0.92983544,0.57118404,0
1.0,0.9150087,0.552464,0
1.0,0.9070515,0.56137544,0
1.0,0.89267445,0.5326013,0
1.0,0.9347477,0.56012124,0
1.0,0.9238454,0.54154205,0
1.0,0.91561586,0.52982855,0
1.0,0.9084112,0.5215559,0
1.0,0.92946476,0.5517484,0
1.0,0.9185246,0.49139237,0
1.0,0.8936156,0.40097862,0
1.0,0.879437,0.38437688,0
1.0,0.9030134,0.41982722,0
1.0,0.8937414,0.4069101,0
1.0,0.8590099,0.35365313,0
1.0,0.8530574,0.32219148,0
1.0,0.8563739,0.31944397,0
1.0,0.8328184,0.30692363,0
1.0,0.7889873,0.28369877,0
1.0,0.7680143,0.2634401,0
1.0,0.749109,0.25316602,0
1.0,0.7121137,0.2377888,0
1.0,0.55647993,0.20089984,0
1.0,0.5586412,0.20173164,0
1.0,0.58114135,0.17791294,0
1.0,0.5889181,0.1597491,0
1.0,0.56637275,0.15404892,0
1.0,0.6185364,0.1679787,0
1.0,0.5980532,0.15785764,0
1.0,0.6104568,0.16500933,0
1.0,0.64661163,0.17013139,0
1.0,0.6803733,0.192667,0
1.0,0.70433867,0.20822227,0
1.0,0.68305075,0.19564486,0
1.0,0.64641863,0.16938004,0
1.0,0.6641549,0.16659515,0
1.0,0.6860862,0.17624146,0
1.0,0.6717962,0.18021417,0
1.0,0.66150707,0.17849906,0
1.0,0.67556983,0.18360679,0
1.0,0.67709005,0.17997679,0
1.0,0.6757791,0.20178932,0
1.0,0.63488334,0.21008381,0
1.0,0.6754192,0.23263228,0
1.0,0.6710344,0.22402513,0
1.0,0.7496265,0.26409253,0
1.0,0.66787237,0.22631094,0
1.0,0.6952185,0.26781064,0
1.0,0.64118195,0.24739656,0
1.0,0.7514043,0.3241907,0
1.0,0.6802084,0.27066922,0
1.0,0.7236266,0.29951498,0
1.0,0.6769505,0.25834364,0
1.0,0.7965869,0.34120792,0
1.0,0.68822044,0.2225167,0
1.0,0.78631145,0.25364196,0
1.0,0.7279567,0.21209726,0
1.0,0.85188663,0.31391466,0
1.0,0.8169255,0.31238872,0
1.0,0.8801683,0.36216488,0
1.0,0.83470297,0.32325375,0
1.0,0.9065713,0.4051304,0
1.0,0.8818885,0.38186982,0
1.0,0.91689205,0.40641224,0
1.0,0.8865061,0.3688223,0
1.0,0.9355624,0.4140968,0
1.0,0.9195383,0.41840386,0
1.0,0.9357969,0.46329504,0
1.0,0.9217012,0.45152003,0
1.0,0.94064623,0.4490924,0
1.0,0.9196539,0.41716754,0
1.0,0.9388826,0.43491393,0
1.0,0.91623193,0.42047942,0
1.0,0.9291331,0.40112132,0
1.0,0.9199725,0.34773746,0
1.0,0.92575955,0.3399784,0
1.0,0.91030866,0.32686552,0
1.0,0.8922728,0.3120967,0
1.0,0.85922337,0.27743238,0
1.0,0.8639954,0.2387827,0
1.0,0.8308377,0.19939461,0
1.0,0.8028989,0.17682135,0
1.0,0.7599079,0.1531002,0
1.0,0.75659937,0.15935346,0
1.0,0.7670745,0.1666349,0
1.0,0.7262694,0.15106565,0
1.0,0.6958005,0.14113145,0
1.0,0.6710659,0.16553599,0
1.0,0.75430346,0.24354368,0
1.0,0.71239203,0.2142088,0
1.0,0.6920108,0.18219835,0
1.0,0.71341926,0.18826595,0
1.0,0.7617768,0.21268362,0
1.0,0.7064102,0.17808172,0
1.0,0.79677045,0.22113419,0
1.0,0.82756877,0.2404142,0
1.0,0.8643774,0.2623366,0
1.0,0.8397233,0.25333562,0
1.0,0.8602618,0.26008296,0
1.0,0.87420106,0.27931303,0
1.0,0.90715224,0.30560327,0
1.0,0.9129041,0.31084785,0
1.0,0.9241588,0.32956573,0
1.0,0.9381606,0.35601294,0
1.0,0.9430711,0.34626654,0
1.0,0.9352036,0.33201268,0
1.0,0.9432552,0.3535325,0
1.0,0.94490504,0.40283218,0
1.0,0.94355863,0.42995024,0
1.0,0.9468139,0.44952267,0
1.0,0.9357233,0.436336,0
1.0,0.94167686,0.44400632,0
1.0,0.9358497,0.4499522,0
1.0,0.92651063,0.4360687,0
1.0,0.94134885,0.44715276,0
1.0,0.95132643,0.4484471,0
1.0,0.9525769,0.45132178,0
1.0,0.9521516,0.48627555,0
1.0,0.9493758,0.51850206,0
1.0,0.9500337,0.47814095,0
1.0,0.9454046,0.41562808,0
1.0,0.94676214,0.40267712,0
1.0,0.9446831,0.40387136,0
1.0,0.9419287,0.41377616,0
1.0,0.92662054,0.41424105,0
1.0,0.9159221,0.40337342,0
1.0,0.91839945,0.40956005,0
1.0,0.9075234,0.40097827,0
1.0,0.8735514,0.36438692,0
1.0,0.8904706,0.37401915,0
1.0,0.90269905,0.37489885,0
1.0,0.91485906,0.36708733,0
1.0,0.87594277,0.3338586,0
1.0,0.9021514,0.38222745,0
1.0,0.9447288,0.43374717,0
1.0,0.9432064,0.42380345,0
1.0,0.9192712,0.4087236,0
1.0,0.93552744,0.45174652,0
1.0,0.9494423,0.4613052,0
1.0,0.9296245,0.39066693,0
1.0,0.90189207,0.3356685,0
1.0,0.92111516,0.34989965,0
1.0,0.9386152,0.3824542,0
1.0,0.90800947,0.3634324,0
1.0,0.9070769,0.35912782,0
1.0,0.9014008,0.35635096,0
1.0,0.92377716,0.38156727,0
1.0,0.8951834,0.35433984,0
1.0,0.9083233,0.36385068,0
1.0,0.9022074,0.32361984,0
1.0,0.9341056,0.3077374,0
1.0,0.9057051,0.293442,0
1.0,0.92780626,0.35355002,0
1.0,0.920756,0.35006917,0
1.0,0.9170858,0.34169155,0
1.0,0.84978807,0.26607743,0
1.0,0.884085,0.27243912,0
1.0,0.86590225,0.2562009,0
1.0,0.85242885,0.25135335,0
1.0,0.8195086,0.2273107,0
1.0,0.84973884,0.2576354,0
1.0,0.89623433,0.31124446,0
1.0,0.8943181,0.3217339,0
1.0,0.8811055,0.29535714,0
1.0,0.89442253,0.28792104,0
1.0,0.91233355,0.2779559,0
1.0,0.8844862,0.24066418,0
1.0,0.87249625,0.27468336,0
1.0,0.8896677,0.33367777,0
1.0,0.93589956,0.36470902,0
1.0,0.92853117,0.35351464,0
1.0,0.91858447,0.35105616,0
1.0,0.9200571,0.35946882,0
1.0,0.9527504,0.38046384,0
1.0,0.93222004,0.342624,0
1.0,0.9422807,0.34058064,0
1.0,0.94002223,0.34231383,0
1.0,0.96126217,0.43678588,0
1.0,0.96102613,0.5425955,0
1.0,0.96259826,0.5408582,0
1.0,0.9448994,0.51800895,0
1.0,0.9656944,0.5659234,0
1.0,0.95842314,0.5836251,0
1.0,0.9374326,0.55780107,0
1.0,0.917971,0.50386274,0
1.0,0.9299582,0.50891376,0
1.0,0.91836554,0.5003335,0
1.0,0.8829872,0.47341168,0
1.0,0.8254812,0.4216131,0
1.0,0.87462986,0.46427715,0
1.0,0.89489603,0.4779899,0
1.0,0.844428,0.4301589,0
1.0,0.79233384,0.3814608,0
1.0,0.7998311,0.3809241,0
1.0,0.8281768,0.39438987,0
1.0,0.7949655,0.37256956,0
1.0,0.72523683,0.32620323,0
1.0,0.7387341,0.34962997,0
1.0,0.7776247,0.3830104,0
1.0,0.6938033,0.29191422,0
1.0,0.5969031,0.2142097,0
1.0,0.57508487,0.2156,0
1.0,0.6311741,0.27117506,0
1.0,0.62263805,0.2873003,0
1.0,0.65929794,0.30777162,0
1.0,0.6544357,0.29780802,0
1.0,0.7233364,0.3385762,0
1.0,0.71949214,0.3489677,0
1.0,0.6878196,0.33019644,0
1.0,0.7542463,0.325975,0
1.0,0.7594971,0.2466387,0
1.0,0.78960425,0.26990873,0
1.0,0.7503187,0.24333066,0
1.0,0.78909665,0.2539459,0
1.0,0.7756718,0.23598254,0
1.0,0.80998385,0.24566892,0
1.0,0.78747004,0.22762477,0
1.0,0.8624725,0.29488364,0
1.0,0.85899943,0.31009662,0
1.0,0.8728473,0.3209882,0
1.0,0.8571754,0.30797228,0
1.0,0.9033305,0.3508946,0
1.0,0.8689353,0.33868015,0
1.0,0.8572887,0.34157932,0
1.0,0.8460316,0.35613275,0
1.0,0.9165948,0.43562204,0
1.0,0.8890179,0.42368636,0
1.0,0.9054038,0.49571046,0
1.0,0.90354264,0.5335679,0
1.0,0.9462937,0.57768214,0
1.0,0.9265429,0.546583,0
1.0,0.9358583,0.5582324,0
1.0,0.921593,0.5387193,0
1.0,0.9478109,0.5523578,0
1.0,0.9456645,0.4903111,0
1.0,0.945578,0.45000422,0
1.0,0.9452547,0.43976313,0
1.0,0.95891845,0.46685812,0
1.0,0.95062214,0.46962553,0
1.0,0.94538283,0.45431697,0
1.0,0.9412091,0.44522423,0
1.0,0.95458233,0.46348378,0
1.0,0.949798,0.46336347,0
1.0,0.94596064,0.48173624,0
1.0,0.9390354,0.50381404,0
1.0,0.9422706,0.5301108,0
1.0,0.9411393,0.52902925,0
1.0,0.9365499,0.5185855,0
1.0,0.9408572,0.5333062,0
1.0,0.93031925,0.51668507,0
1.0,0.9331266,0.49677682,0
1.0,0.93223286,0.48908696,0
1.0,0.9472982,0.5081095,0
1.0,0.9327334,0.4867586,0
1.0,0.9374987,0.46744144,0
1.0,0.93114054,0.44067892,0
1.0,0.9427529,0.4224113,0
1.0,0.9185075,0.37861124,0
1.0,0.9087002,0.34744465,0
1.0,0.8896192,0.27764615,0
1.0,0.90935373,0.25975376,0
1.0,0.8841432,0.22766872,0
1.0,0.8963054,0.23923704,0
1.0,0.90418464,0.27265847,0
1.0,0.92626554,0.32206362,0
1.0,0.9144709,0.31645682,0
1.0,0.91292834,0.31483608,0
1.0,0.9328382,0.33341178,0
1.0,0.93437225,0.33510664,0
1.0,0.91697806,0.3112613,0
1.0,0.93034995,0.30642968,0
1.0,0.9518644,0.32585344,0
1.0,0.94835436,0.34272587,0
1.0,0.95337504,0.36207026,0
1.0,0.95697844,0.36546302,0
1.0,0.9515468,0.33612454,0
1.0,0.94790095,0.30006492,0
1.0,0.9421169,0.26897052,0
1.0,0.94881886,0.26246673,0
1.0,0.95259386,0.27200878,0
1.0,0.9538681,0.2653268,0
1.0,0.9551712,0.25859827,0
1.0,0.96017873,0.2672769,0
1.0,0.9635328,0.2787028,0
1.0,0.9637728,0.2893496,0
1.0,0.9660555,0.29413295,0
1.0,0.9614779,0.29863936,0
1.0,0.9578188,0.3213701,0
1.0,0.9450883,0.32901812,0
1.0,0.9490123,0.34090388,0
1.0,0.9418397,0.3370871,0
1.0,0.93592376,0.33051172,0
1.0,0.9216221,0.3129513,0
1.0,0.9509508,0.33465293,0
1.0,0.9515826,0.32589233,0
1.0,0.9464544,0.2885891,0
1.0,0.93467647,0.25081035,0
1.0,0.9521747,0.2652155,0
1.0,0.95246285,0.29134542,0
1.0,0.960995,0.3111808,0
1.0,0.9352177,0.28815973,0
1.0,0.96014047,0.30673373,0
1.0,0.94841677,0.2931265,0
1.0,0.93831915,0.27525917,0
1.0,0.8995999,0.22878417,0
1.0,0.94326687,0.24719322,0
1.0,0.94033116,0.24832296,0
1.0,0.9556341,0.27294737,0
1.0,0.9367462,0.26536474,0
1.0,0.9561701,0.28059936,0
1.0,0.96280444,0.28156656,0
1.0,0.96564287,0.27375025,0
1.0,0.95495766,0.26451474,0
1.0,0.9635368,0.2771057,0
1.0,0.96915114,0.28432685,0
1.0,0.97160125,0.2874875,0
1.0,0.9592607,0.2675366,0
1.0,0.9552278,0.26301378,0
1.0,0.95841503,0.25878555,0
1.0,0.9531561,0.24517249,0
1.0,0.92930895,0.21434996,0
1.0,0.92827326,0.2078481,0
1.0,0.92025787,0.2032631,0
1.0,0.9111005,0.20117824,0
1.0,0.8865217,0.19564301,0
1.0,0.88346595,0.20156619,0
1.0,0.8869262,0.2037311,0
1.0,0.9067041,0.2170101,0
1.0,0.86227155,0.19429839,0
1.0,0.82823944,0.1652631,0
1.0,0.8191335,0.13948503,0
1.0,0.8111156,0.12843555,0
1.0,0.7476353,0.10626273,0
1.0,0.68643963,0.077622995,0
1.0,0.66330874,0.07555617,0
1.0,0.67143565,0.0795791,0
1.0,0.6185197,0.06723592,0
1.0,0.61059684,0.066351146,0
1.0,0.6675914,0.089848176,0
1.0,0.6953757,0.09798394,0
1.0,0.7038156,0.09918086,0
1.0,0.76064366,0.11914931,0
1.0,0.7791987,0.12742022,0
1.0,0.70891905,0.13210447,0
1.0,0.6802283,0.15196097,0
1.0,0.74596816,0.17849813,0
1.0,0.78873867,0.20845345,0
1.0,0.7178667,0.1752084,0
1.0,0.7174252,0.1778728,0
1.0,0.7868791,0.21120052,0
1.0,0.857468,0.26548612,0
1.0,0.8463319,0.25554436,0
1.0,0.8651578,0.2668238,0
1.0,0.90779465,0.30987167,0
1.0,0.933679,0.3374397,0
1.0,0.9106115,0.31393993,0
1.0,0.9064003,0.3026883,0
1.0,0.9212894,0.30909985,0
1.0,0.9416056,0.33272284,0
1.0,0.9330644,0.3404076,0
1.0,0.9292684,0.32957882,0
1.0,0.92674893,0.33031392,0
1.0,0.92623943,0.3518752,0
1.0,0.91472775,0.3765816,0
1.0,0.92397445,0.42826614,0
1.0,0.92476255,0.44764048,0
1.0,0.9228699,0.4429968,0
1.0,0.94353837,0.47488242,0
1.0,0.9496152,0.4825064,0
1.0,0.9381163,0.46258643,0
1.0,0.9421292,0.45128953,0
1.0,0.96298075,0.45976764,0
1.0,0.96191525,0.45852965,0
1.0,0.9550054,0.4688833,0
1.0,0.9481922,0.46951604,0
1.0,0.95527166,0.43507826,0
1.0,0.94205827,0.37196368,0
1.0,0.90930396,0.33182615,0
1.0,0.8941895,0.31503147,0
1.0,0.913182,0.3298447,0
1.0,0.8905259,0.32480976,0
1.0,0.8784145,0.31607026,0
1.0,0.8385027,0.2813992,0
1.0,0.8757107,0.32142162,0
1.0,0.8061758,0.2739776,0
1.0,0.79904455,0.2592048,0
1.0,0.7611857,0.22518392,0
1.0,0.8103801,0.26348138,0
1.0,0.69980586,0.1848861,0
1.0,0.68157566,0.1826827,0
1.0,0.6490514,0.16671236,0
1.0,0.69718134,0.1893088,0
1.0,0.57099587,0.12791657,0
1.0,0.5923601,0.1362956,0
1.0,0.51319784,0.11430201,0
1.0,0.53515136,0.10531515,0
1.0,0.4332121,0.08544172,0
1.0,0.4598971,0.08930008,0
1.0,0.4028663,0.0946398,0
1.0,0.43805286,0.089850076,0
1.0,0.3875001,0.09767569,0
1.0,0.42942128,0.09113389,0
1.0,0.39530456,0.09528817,0
1.0,0.4648881,0.08335158,0
1.0,0.42642966,0.09114009,0
1.0,0.48390046,0.08952406,0
1.0,0.4460215,0.0915092,0
1.0,0.55356705,0.10216087,0
1.0,0.53970253,0.095662065,0
1.0,0.62090564,0.11896817,0
1.0,0.5898317,0.105612956,0
1.0,0.6805963,0.13803668,0
1.0,0.67210335,0.12175257,0
1.0,0.7519549,0.16129403,0
1.0,0.7237862,0.14486524,0
1.0,0.7936297,0.18094113,0
1.0,0.7796378,0.16014162,0
1.0,0.81102794,0.18049514,0
1.0,0.74952364,0.14414325,0
1.0,0.8083924,0.19363484,0
1.0,0.79585713,0.18225352,0
1.0,0.8257916,0.19327569,0
1.0,0.7684121,0.14796524,0
1.0,0.8168188,0.17770785,0
1.0,0.8083853,0.17369023,0
1.0,0.8216657,0.18126251,0
1.0,0.7708252,0.13220826,0
1.0,0.7774199,0.14077628,0
1.0,0.7858515,0.14764708,0
1.0,0.7816098,0.14486003,0
1.0,0.73275644,0.11349294,0
1.0,0.7216565,0.10141759,0
1.0,0.72087383,0.10062551,0
1.0,0.72042,0.09956243,0
1.0,0.6633745,0.07926664,0
1.0,0.6739441,0.089455776,0
1.0,0.7580622,0.123675115,0
1.0,0.73355573,0.10137362,0
1.0,0.69275343,0.07501065,0
1.0,0.7171014,0.07748139,0
1.0,0.73733914,0.08342098,0
1.0,0.73651975,0.07728168,0
1.0,0.76740533,0.09203787,0
1.0,0.7799384,0.104944095,0
1.0,0.8290306,0.15216058,0
1.0,0.8597504,0.19391672,0
1.0,0.88014966,0.21483684,0
1.0,0.88106245,0.2116029,0
1.0,0.919522,0.24178523,0
1.0,0.92352873,0.24777167,0
1.0,0.917011,0.2405903,0
1.0,0.9128041,0.23803136,0
1.0,0.92950726,0.25310254,0
1.0,0.9323764,0.24926707,0
1.0,0.92561704,0.2420069,0
1.0,0.9053183,0.22340903,0
1.0,0.9350564,0.24520308,0
1.0,0.93988645,0.24641219,0
1.0,0.94402075,0.24705186,0
1.0,0.91660905,0.22444712,0
1.0,0.9394043,0.25666785,0
1.0,0.94935006,0.2689526,0
1.0,0.9423486,0.26415753,0
1.0,0.9193231,0.24548286,0
1.0,0.9444702,0.27062777,0
1.0,0.94617814,0.27367592,0
1.0,0.91709167,0.244668,0
1.0,0.88221025,0.20221251,0
1.0,0.9144074,0.21397519,0
1.0,0.8981337,0.21371889,0
1.0,0.8302435,0.17129974,0
1.0,0.7974821,0.15112135,0
1.0,0.8290013,0.18117808,0
1.0,0.8132571,0.17796455,0
1.0,0.7637938,0.14450176,0
1.0,0.72619575,0.11981457,0
1.0,0.7715023,0.1252924,0
1.0,0.7641444,0.111341774,0
1.0,0.70832574,0.08664681,0
1.0,0.69659644,0.08847281,0
1.0,0.7697479,0.12597826,0
1.0,0.74885696,0.115951225,0
1.0,0.6778199,0.086893685,0
1.0,0.6754997,0.07907138,0
1.0,0.7199865,0.095251545,0
1.0,0.6159311,0.063441105,0
1.0,0.6517942,0.07182942,0
1.0,0.59330076,0.057560798,0
1.0,0.7001118,0.093007416,0
1.0,0.6329619,0.07375406,0
1.0,0.72458553,0.11390342,0
1.0,0.6211486,0.06663229,0
1.0,0.76402974,0.1189204,0
1.0,0.6567566,0.07033552,0
1.0,0.7462458,0.11168701,0
1.0,0.6719868,0.07497044,0
1.0,0.81353503,0.144799,0
1.0,0.70378417,0.08762999,0
1.0,0.76757306,0.11258297,0
1.0,0.68811834,0.077768,0
1.0,0.78216934,0.12578829,0
1.0,0.6883769,0.08065525,0
1.0,0.78570265,0.13740747,0
1.0,0.8000132,0.15474868,0
1.0,0.85110444,0.19184494,0
1.0,0.7830647,0.14922976,0
1.0,0.84643394,0.19291273,0
1.0,0.86010396,0.20561714,0
1.0,0.8713972,0.21983922,0
1.0,0.8370217,0.18347034,0
1.0,0.86140084,0.19769935,0
1.0,0.8872002,0.20773986,0
1.0,0.8817511,0.191149,0
1.0,0.8618495,0.17569968,0
1.0,0.8696048,0.18268827,0
1.0,0.9018051,0.20319605,0
1.0,0.8682171,0.17196634,0
1.0,0.8877548,0.18418849,0
1.0,0.8869712,0.18290538,0
1.0,0.89941376,0.20651996,0
1.0,0.8465764,0.17162403,0
1.0,0.89369774,0.19140406,0
1.0,0.89725554,0.19401647,0
1.0,0.9026972,0.1963461,0
1.0,0.88017607,0.18009312,0
1.0,0.909172,0.20283213,0
1.0,0.88574,0.1800684,0
1.0,0.8824547,0.18035287,0
1.0,0.8412879,0.16793221,0
1.0,0.89368534,0.20337005,0
1.0,0.8749458,0.19373801,0
1.0,0.841128,0.17107823,0
1.0,0.80783796,0.14643466,0
1.0,0.8551521,0.16010565,0
1.0,0.81251884,0.1231246,0
1.0,0.7816829,0.10176997,0
1.0,0.7850723,0.093410656,0
1.0,0.82185686,0.094623916,0
1.0,0.80466634,0.08698639,0
1.0,0.7580008,0.07298758,0
1.0,0.76462865,0.07175782,0
1.0,0.775958,0.07692148,0
1.0,0.775084,0.080505095,0
1.0,0.71884817,0.07212361,0
1.0,0.7489621,0.08117984,0
1.0,0.71279675,0.0836119,0
1.0,0.7418434,0.0879045,0
1.0,0.7138278,0.08340946,0
1.0,0.6959744,0.08490754,0
1.0,0.7045229,0.08944152,0
1.0,0.72474813,0.091787025,0
1.0,0.62746376,0.078271836,0
1.0,0.70338327,0.06837262,0
1.0,0.6463176,0.082546994,0
1.0,0.81795627,0.10874045,0
1.0,0.8280064,0.121285856,0
1.0,0.84781474,0.12899026,0
1.0,0.83076286,0.13591069,0
1.0,0.90288734,0.16813943,0
1.0,0.8697234,0.15111735,0
1.0,0.88912773,0.14369844,0
1.0,0.8809346,0.14220588,0
1.0,0.92896134,0.1528489,0
1.0,0.9240159,0.1513087,0
1.0,0.93236154,0.1620453,0
1.0,0.9143811,0.15207659,0
1.0,0.95398426,0.16755287,0
1.0,0.9490374,0.16266492,0
1.0,0.9444678,0.15825811,0
1.0,0.93101054,0.15380405,0
1.0,0.9503424,0.16056019,0
1.0,0.94295067,0.15650427,0
1.0,0.93907464,0.15985066,0
1.0,0.9291667,0.15863219,0
1.0,0.9566014,0.17381567,0
1.0,0.9519047,0.1710363,0
1.0,0.93729955,0.1519037,0
1.0,0.9241347,0.13257115,0
1.0,0.91733664,0.12597457,0
1.0,0.8962086,0.1249153,0
1.0,0.8916891,0.12874636,0
1.0,0.8754828,0.120291814,0
1.0,0.8772465,0.12570444,0
1.0,0.87546825,0.13653581,0
1.0,0.841115,0.12797052,0
1.0,0.8306291,0.10884691,0
1.0,0.8025253,0.09310037,0
1.0,0.81343836,0.087041825,0
1.0,0.7701083,0.08054886,0
1.0,0.7768476,0.06321339,0
1.0,0.7428735,0.04830616,0
1.0,0.81450427,0.065776415,0
1.0,0.7806451,0.057894547,0
1.0,0.81357676,0.070655346,0
1.0,0.77163744,0.0651783,0
1.0,0.83394074,0.08337518,0
1.0,0.7778228,0.06391303,0
1.0,0.7821574,0.064569965,0
1.0,0.74527854,0.055101562,0
1.0,0.7983862,0.06858584,0
1.0,0.71699136,0.05195244,0
1.0,0.76829976,0.06304203,0
1.0,0.7641482,0.062069725,0
1.0,0.79613775,0.06976774,0
1.0,0.7101898,0.05182856,0
1.0,0.73211044,0.054851457,0
1.0,0.7229306,0.052573293,0
1.0,0.7518246,0.058811586,0
1.0,0.6663354,0.048932016,0
1.0,0.6684805,0.048872884,0
1.0,0.6809297,0.050650023,0
1.0,0.68257004,0.0493817,0
1.0,0.6362771,0.055686835,0
1.0,0.6475378,0.06546526,0
1.0,0.6300688,0.06789571,0
1.0,0.55458003,0.093501724,0
1.0,0.52192056,0.11470504,0
1.0,0.5150952,0.117867865,0
1.0,0.5112204,0.1224804,0
1.0,0.4881154,0.13942203,0
1.0,0.4947984,0.13405085,0
1.0,0.5076482,0.12589912,0
1.0,0.53507835,0.11089575,0
1.0,0.59543854,0.08754633,0
1.0,0.6447123,0.081869066,0
1.0,0.63324326,0.07980758,0
1.0,0.67206705,0.07193285,0
1.0,0.729191,0.066804595,0
1.0,0.7007735,0.068842195,0
1.0,0.68577933,0.07004216,0
1.0,0.76264685,0.06632729,0
1.0,0.794461,0.07558285,0
1.0,0.7832722,0.08463451,0
1.0,0.7436266,0.085494936,0
1.0,0.8087182,0.085687995,0
1.0,0.8127748,0.085941434,0
1.0,0.80432963,0.08413127,0
1.0,0.75692254,0.08372428,0
1.0,0.8193879,0.08468165,0
1.0,0.8155742,0.08454595,0
1.0,0.79984874,0.0838504,0
1.0,0.73381376,0.09209408,0
1.0,0.7924066,0.08788915,0
1.0,0.77965224,0.088265635,0
1.0,0.77040637,0.08945815,0
1.0,0.710545,0.08999923,0
1.0,0.77772486,0.09025742,0
1.0,0.7018702,0.088410765,0
1.0,0.69267446,0.08477576,0
1.0,0.5964607,0.10373661,0
1.0,0.66318107,0.088232286,0
1.0,0.5817615,0.10488547,0
1.0,0.64040005,0.09059245,0
1.0,0.539034,0.12268112,0
1.0,0.56343937,0.11434789,0
1.0,0.48676747,0.15124404,0
1.0,0.5341356,0.13380137,0
1.0,0.49119645,0.18106154,0
1.0,0.5338877,0.15087807,0
1.0,0.5026126,0.17483091,0
1.0,0.546321,0.15483381,0
1.0,0.64835155,0.11820568,0
1.0,0.73586255,0.10174499,0
1.0,0.6719617,0.09930977,0
1.0,0.72787136,0.07982233,0
1.0,0.7804433,0.08254558,0
1.0,0.8022979,0.086308815,0
1.0,0.8264035,0.089395516,0
1.0,0.84843576,0.0956142,0
1.0,0.8845565,0.13085093,0
1.0,0.890611,0.15925983,0
1.0,0.90456975,0.16561647,0
1.0,0.8954224,0.16156882,0
1.0,0.93303597,0.17522535,0
1.0,0.93431926,0.17731413,0
1.0,0.9183032,0.17480916,0
1.0,0.9036897,0.16542095,0
1.0,0.93885976,0.17223747,0
1.0,0.9367232,0.17295457,0
1.0,0.93525845,0.17464262,0
1.0,0.9046192,0.16029248,0
1.0,0.93673897,0.17480879,0
1.0,0.9306234,0.17144002,0
1.0,0.92953414,0.17026487,0
1.0,0.90112823,0.16828418,0
1.0,0.9117825,0.18112165,0
1.0,0.9159969,0.18543544,0
1.0,0.92755735,0.19347057,0
1.0,0.8701361,0.16447288,0
1.0,0.9017228,0.17547476,0
1.0,0.8945354,0.1760276,0
1.0,0.8748114,0.15249488,0
1.0,0.7605063,0.10302386,0
1.0,0.822398,0.11419396,0
1.0,0.8072446,0.10946365,0
1.0,0.7446691,0.09712532,0
1.0,0.6855734,0.092927024,0
1.0,0.7541492,0.10074988,0
1.0,0.8151347,0.11330979,0
1.0,0.83418745,0.12150052,0
1.0,0.7700466,0.105033435,0
1.0,0.8402274,0.10291079,0
1.0,0.87201,0.09036792,0
1.0,0.8408682,0.07749937,0
1.0,0.8337625,0.0754375,0
1.0,0.8671911,0.08712506,0
1.0,0.8869286,0.10107975,0
1.0,0.80986214,0.08331725,0
1.0,0.82254803,0.09451465,0
1.0,0.88865834,0.13320959,0
1.0,0.91331875,0.15527181,0
1.0,0.8632869,0.12878522,0
1.0,0.90119094,0.15145177,0
1.0,0.9262667,0.17014664,0
1.0,0.93352574,0.1794948,0
1.0,0.89139766,0.16766328,0
1.0,0.91723657,0.19006827,0
1.0,0.94068414,0.20436561,0
1.0,0.94927037,0.2134196,0
1.0,0.90314513,0.18084773,0
1.0,0.9310718,0.20014915,0
1.0,0.9437325,0.20646596,0
1.0,0.94650394,0.20108843,0
1.0,0.90357417,0.17303361,0
1.0,0.9299345,0.20669997,0
1.0,0.94579566,0.2413365,0
1.0,0.95163506,0.24946138,0
1.0,0.91427964,0.22488254,0
1.0,0.9310336,0.23908629,0
1.0,0.95037216,0.2550752,0
1.0,0.9520971,0.2700761,0
1.0,0.927671,0.2616241,0
1.0,0.93183905,0.27420816,0
1.0,0.9438477,0.2925593,0
1.0,0.94619304,0.32209182,0
1.0,0.93675905,0.34048206,0
1.0,0.9236935,0.32861096,0
1.0,0.9542771,0.36096114,0
1.0,0.95541537,0.35350627,0
1.0,0.9445486,0.324426,0
1.0,0.9332825,0.30797935,0
1.0,0.9581226,0.31497216,0
1.0,0.9601695,0.3092543,0
1.0,0.9600185,0.3268218,0
1.0,0.9437256,0.33102012,0
1.0,0.964975,0.36417937,0
1.0,0.9638883,0.37111825,0
1.0,0.9524143,0.35402757,0
1.0,0.9404244,0.32662186,0
1.0,0.95803946,0.34134296,0
1.0,0.9451824,0.33628672,0
1.0,0.9420776,0.34226304,0
1.0,0.92681783,0.35916346,0
1.0,0.9507803,0.4020919,0
1.0,0.94507134,0.39637417,0
1.0,0.9322546,0.3770908,0
1.0,0.9239027,0.34013313,0
1.0,0.9489381,0.33896297,0
1.0,0.94863087,0.33839273,0
1.0,0.94622,0.3582682,0
1.0,0.93633777,0.37089932,0
1.0,0.95978916,0.3970849,0
1.0,0.9521557,0.38679215,0
1.0,0.9351574,0.36736956,0
1.0,0.9255369,0.3438726,0
1.0,0.9500869,0.36588022,0
1.0,0.9391783,0.335724,0
1.0,0.912213,0.2927819,0
1.0,0.8961328,0.30162698,0
1.0,0.93367505,0.35613725,0
1.0,0.91120124,0.3371757,0
1.0,0.8797982,0.3069691,0
1.0,0.84974366,0.27418983,0
1.0,0.9096777,0.3297792,0
1.0,0.9014064,0.32323307,0
1.0,0.8908217,0.3051786,0
1.0,0.8475867,0.24634317,0
1.0,0.9142937,0.30387425,0
1.0,0.8960196,0.33928108,0
1.0,0.90983385,0.36847785,0
1.0,0.8991218,0.38231522,0
1.0,0.93758494,0.4321341,0
1.0,0.9005105,0.38092473,0
1.0,0.8985642,0.3921978,0
1.0,0.8340024,0.3315416,0
1.0,0.8783262,0.360649,0
1.0,0.8424179,0.33056515,0
1.0,0.8751727,0.37404543,0
1.0,0.81865364,0.32510787,0
1.0,0.8603043,0.3804589,0
1.0,0.81776965,0.34218293,0
1.0,0.84452283,0.34948444,0
1.0,0.8110774,0.3041469,0
1.0,0.83188725,0.33377498,0
1.0,0.80522364,0.32143158,0
1.0,0.8241752,0.33966118,0
1.0,0.7773213,0.29419857,0
1.0,0.78756136,0.29903084,0
1.0,0.7298684,0.2469331,0
1.0,0.74954057,0.2623887,0
1.0,0.71116924,0.23888582,0
1.0,0.74298745,0.25548184,0
1.0,0.70222485,0.23382482,0
1.0,0.78170335,0.31638253,0
1.0,0.75678766,0.31125075,0
1.0,0.77671486,0.34373227,0
1.0,0.77913964,0.343974,0
1.0,0.82567906,0.38889322,0
1.0,0.84003896,0.40462977,0
1.0,0.8448963,0.4086741,0
1.0,0.8201468,0.3357945,0
1.0,0.8651612,0.3616389,0
1.0,0.87753755,0.35932136,0
1.0,0.88328195,0.36276782,0
1.0,0.88749576,0.38116604,0
1.0,0.9222432,0.42141062,0
1.0,0.93036115,0.40465587,0
1.0,0.930831,0.40710422,0
1.0,0.9250269,0.4149583,0
1.0,0.92816824,0.41870254,0
1.0,0.9314049,0.4157392,0
1.0,0.9372535,0.40239704,0
1.0,0.9398511,0.3954103,0
1.0,0.93145156,0.39589813,0
1.0,0.9339538,0.4108299,0
1.0,0.93008935,0.40557966,0
1.0,0.93495584,0.39183503,0
1.0,0.9037515,0.34815383,0
1.0,0.9137629,0.36617744,0
1.0,0.90150976,0.3607464,0
1.0,0.91890806,0.38618398,0
1.0,0.85651845,0.31488916,0
1.0,0.8935696,0.3207928,0
1.0,0.8617517,0.28525293,0
1.0,0.8911635,0.30715013,0
1.0,0.7761098,0.19143623,0
1.0,0.8275893,0.20951079,0
1.0,0.7773972,0.16012049,0
1.0,0.81378514,0.19032589,0
1.0,0.6754096,0.106719606,0
1.0,0.7379326,0.14183182,0
1.0,0.68069094,0.10421496,0
1.0,0.75626117,0.14016882,0
1.0,0.66867447,0.09383269,0
1.0,0.71662235,0.12910074,0
1.0,0.6327322,0.090400085,0
1.0,0.6639986,0.09670831,0
1.0,0.58444685,0.06087305,0
1.0,0.630043,0.07162407,0
1.0,0.5637372,0.062015444,0
1.0,0.5982692,0.06793407,0
1.0,0.5479299,0.053738933,0
1.0,0.56676066,0.05669962,0
1.0,0.52620864,0.04819581,0
1.0,0.5389352,0.048349865,0
1.0,0.5354247,0.047065385,0
1.0,0.5672873,0.04707911,0
1.0,0.598816,0.056508716,0
1.0,0.5960618,0.055146016,0
1.0,0.6060607,0.059365198,0
1.0,0.6584997,0.06873319,0
1.0,0.66973776,0.072377354,0
1.0,0.6770106,0.07510327,0
1.0,0.6977676,0.082813285,0
1.0,0.756086,0.111658625,0
1.0,0.76661235,0.1168693,0
1.0,0.76979864,0.119076535,0
1.0,0.7555375,0.12346729,0
1.0,0.79722404,0.16333288,0
1.0,0.82899266,0.20251669,0
1.0,0.82380193,0.19525328,0
1.0,0.82096684,0.18410394,0
1.0,0.8576285,0.21007515,0
1.0,0.86654454,0.22090116,0
1.0,0.8759496,0.23320478,0
1.0,0.8846406,0.24036744,0
1.0,0.89241004,0.22004932,0
1.0,0.91113675,0.23190199,0
1.0,0.89549667,0.22499436,0
1.0,0.88622475,0.21423267,0
1.0,0.86683095,0.20667961,0
1.0,0.87667686,0.20419627,0
1.0,0.8538825,0.17339751,0
1.0,0.8502357,0.1693216,0
1.0,0.81722623,0.14823696,0
1.0,0.8320612,0.15548775,0
1.0,0.7969176,0.13600554,0
1.0,0.7815868,0.1283724,0
1.0,0.73641914,0.1106562,0
1.0,0.78529197,0.14258112,0
1.0,0.7732902,0.13665861,0
1.0,0.778731,0.13270287,0
1.0,0.75928193,0.13364424,0
1.0,0.78496754,0.15010262,0
1.0,0.7890136,0.1485519,0
1.0,0.8030165,0.15298073,0
1.0,0.79052514,0.14193459,0
1.0,0.8034101,0.15869388,0
1.0,0.82370377,0.17732589,0
1.0,0.85062647,0.19461124,0
1.0,0.8576605,0.18139741,0
1.0,0.8609855,0.16533516,0
1.0,0.89372736,0.17867698,0
1.0,0.886596,0.17488676,0
1.0,0.87557125,0.16984873,0
1.0,0.9000097,0.18426338,0
1.0,0.91490513,0.19117442,0
1.0,0.923373,0.19619352,0
1.0,0.9081218,0.19184445,0
1.0,0.92011154,0.20100711,0
1.0,0.92949957,0.1959024,0
1.0,0.93618774,0.19581981,0
1.0,0.9092938,0.1701948,0
1.0,0.9154319,0.1664741,0
1.0,0.909652,0.16370395,0
1.0,0.92714053,0.17257991,0
1.0,0.8895388,0.14826849,0
1.0,0.8840659,0.14349139,0
1.0,0.88276273,0.15285596,0
1.0,0.90256065,0.17032066,0
1.0,0.87337184,0.14685678,0
1.0,0.8656698,0.13361193,0
1.0,0.8610314,0.12876952,0
1.0,0.8361916,0.1240661,0
1.0,0.74770063,0.09383292,0
1.0,0.74911696,0.087429695,0
1.0,0.72432715,0.08082715,0
1.0,0.76768756,0.09433995,0
1.0,0.71337,0.07803175,0
1.0,0.6228953,0.06007345,0
1.0,0.64109045,0.05266857,0
1.0,0.6552111,0.043324817,0
1.0,0.64561886,0.04333567,0
1.0,0.60098094,0.03970858,0
1.0,0.62399083,0.038942695,0
1.0,0.6134586,0.038181834,0
1.0,0.6115857,0.03863299,0
1.0,0.5749382,0.040264513,0
1.0,0.60599315,0.04293903,0
1.0,0.58507985,0.04889251,0
1.0,0.58460546,0.048909627,0
1.0,0.5609013,0.053141356,0
1.0,0.58748674,0.04979038,0
1.0,0.61978054,0.047607932,0
1.0,0.67731136,0.05676332,0
1.0,0.7038955,0.06293217,0
1.0,0.6970084,0.059606805,0
1.0,0.78497714,0.08677895,0
1.0,0.7880147,0.08786312,0
1.0,0.7867213,0.09256244,0
1.0,0.7701974,0.08610445,0
1.0,0.840361,0.11258793,0
1.0,0.8632944,0.13056208,0
1.0,0.8662049,0.14332458,0
1.0,0.8547258,0.13763934,0
1.0,0.8917127,0.15392739,0
1.0,0.91474545,0.15516344,0
1.0,0.9152116,0.15241328,0
1.0,0.9163958,0.15365526,0
1.0,0.9440694,0.18108714,0
1.0,0.9502618,0.2007625,0
1.0,0.9485948,0.191863,0
1.0,0.9489513,0.20010719,0
1.0,0.9535879,0.2080012,0
1.0,0.9624194,0.21966106,0
1.0,0.95731646,0.22246096,0
1.0,0.9603324,0.22544608,0
1.0,0.948404,0.23225316,0
1.0,0.94361544,0.24881539,0
1.0,0.9419307,0.27869967,0
1.0,0.9539488,0.2983423,0
1.0,0.9322017,0.27933118,0
1.0,0.94919664,0.28866154,0
1.0,0.9345548,0.2673429,0
1.0,0.9557824,0.27567488,0
1.0,0.94013655,0.2543167,0
1.0,0.94909817,0.24812445,0
1.0,0.9418784,0.24314211,0
1.0,0.9583812,0.2666617,0
1.0,0.9354322,0.25395554,0
1.0,0.9422743,0.2639512,0
1.0,0.9260192,0.24503037,0
1.0,0.9485144,0.24958315,0
1.0,0.8987403,0.20820083,0
1.0,0.9021523,0.21354103,0
1.0,0.8740976,0.19132309,0
1.0,0.90396565,0.21584481,0
1.0,0.87201804,0.20619366,0
1.0,0.87490517,0.21321657,0
1.0,0.85785174,0.19899715,0
1.0,0.891108,0.21938115,0
1.0,0.88646364,0.20619646,0
1.0,0.88945204,0.19611862,0
1.0,0.87106484,0.19035313,0
1.0,0.88682234,0.20524336,0
1.0,0.90130615,0.21466556,0
1.0,0.88018644,0.19863126,0
1.0,0.8592967,0.18379535,0
1.0,0.84139425,0.16468053,0
1.0,0.8570878,0.1595648,0
1.0,0.82184523,0.12424396,0
1.0,0.8083337,0.09438797,0
1.0,0.7974341,0.08555026,0
1.0,0.8473612,0.12138118,0
1.0,0.8070943,0.111591175,0
1.0,0.83156145,0.13409583,0
1.0,0.8452198,0.1550137,0
1.0,0.8856502,0.18286195,0
1.0,0.886656,0.18619713,0
1.0,0.886818,0.2002849,0
1.0,0.85628134,0.17219406,0
1.0,0.8555407,0.17669636,0
1.0,0.8550479,0.18263684,0
1.0,0.84902,0.1760512,0
1.0,0.81988406,0.15512988,0
1.0,0.79884756,0.1412333,0
1.0,0.8354575,0.15836205,0
1.0,0.8229537,0.14310685,0
1.0,0.81558317,0.13519377,0
1.0,0.77668875,0.11317218,0
1.0,0.85663956,0.17407545,0
1.0,0.88676584,0.19764291,0
1.0,0.86293614,0.18200237,0
1.0,0.83311945,0.16470677,0
1.0,0.8885163,0.2025178,0
1.0,0.88326037,0.19717684,0
1.0,0.84731036,0.17948394,0
1.0,0.81610566,0.17017376,0
1.0,0.89244545,0.23863447,0
1.0,0.90575045,0.24759458,0
1.0,0.8439824,0.20222381,0
1.0,0.84929955,0.20712389,0
1.0,0.89921385,0.2433532,0
1.0,0.90702087,0.2558343,0
1.0,0.8878287,0.24443269,0
1.0,0.88380104,0.2315042,0
1.0,0.9251656,0.2580566,0
1.0,0.92438835,0.25558287,0
1.0,0.9077745,0.2327604,0
1.0,0.888122,0.21631491,0
1.0,0.93200976,0.25048152,0
1.0,0.91790026,0.21870896,0
1.0,0.9105277,0.20967804,0
1.0,0.8779634,0.18410833,0
1.0,0.9288549,0.23283622,0
1.0,0.9014888,0.22585812,0
1.0,0.9323229,0.26257575,0
1.0,0.913593,0.26046574,0
1.0,0.9446099,0.29072282,0
1.0,0.9462571,0.3022833,0
1.0,0.958569,0.31192586,0
1.0,0.94121134,0.28340295,0
1.0,0.9567137,0.2804827,0
1.0,0.9452191,0.2665918,0
1.0,0.9601496,0.2796453,0
1.0,0.94276863,0.26580885,0
1.0,0.94535667,0.2660018,0
1.0,0.9292931,0.24081428,0
1.0,0.9257105,0.22038999,0
1.0,0.9143467,0.19730747,0
1.0,0.9066818,0.17226186,0
1.0,0.90704805,0.16741449,0
1.0,0.90155065,0.17257899,0
1.0,0.90162235,0.18913183,0
1.0,0.89226407,0.18590105,0
1.0,0.8939745,0.17718565,0
1.0,0.8772649,0.16095775,0
1.0,0.88286,0.16366807,0
1.0,0.8441404,0.13827276,0
1.0,0.85837924,0.13738008,0
1.0,0.83978677,0.12563372,0
1.0,0.82104987,0.11857882,0
1.0,0.8081224,0.108954325,0
1.0,0.7680414,0.096616775,0
1.0,0.73072624,0.088534325,0
1.0,0.72949225,0.08842533,0
1.0,0.7122635,0.073357075,0
1.0,0.6573689,0.06880443,0
1.0,0.67223734,0.065103605,0
1.0,0.6540576,0.06230809,0
1.0,0.7402751,0.05863011,0
1.0,0.68349725,0.0561482,0
1.0,0.7038722,0.05610898,0
1.0,0.6826319,0.061414182,0
1.0,0.7494628,0.054060362,0
1.0,0.6799119,0.05894394,0
1.0,0.7095882,0.05923131,0
1.0,0.67164606,0.06504972,0
1.0,0.7168851,0.06217946,0
1.0,0.63400054,0.07890813,0
1.0,0.71862483,0.07070486,0
1.0,0.6160519,0.09328568,0
1.0,0.7110988,0.08234818,0
1.0,0.565437,0.122252114,0
1.0,0.5667305,0.11892608,0
1.0,0.51157594,0.14197795,0
1.0,0.57667065,0.11140482,0
1.0,0.5052774,0.14823428,0
1.0,0.57668805,0.104610324,0
1.0,0.5259859,0.1277282,0
1.0,0.6383448,0.09641852,0
1.0,0.596513,0.104948275,0
1.0,0.6204188,0.099666566,0
1.0,0.6044745,0.104203,0
1.0,0.6249122,0.099599525,0
1.0,0.58501107,0.11164155,0
1.0,0.69483054,0.092831396,0
1.0,0.7115136,0.08910556,0
1.0,0.7415358,0.08874731,0
1.0,0.7110074,0.091187984,0
1.0,0.7641262,0.090382665,0
1.0,0.72117287,0.10602452,0
1.0,0.7103244,0.11321112,0
1.0,0.66715217,0.12329207,0
1.0,0.7303102,0.11991499,0
1.0,0.7147758,0.11694926,0
1.0,0.701458,0.11925413,0
1.0,0.6739982,0.13084868,0
1.0,0.7413411,0.117672466,0
1.0,0.69940466,0.12282918,0
1.0,0.6651826,0.12488948,0
1.0,0.6686183,0.1174767,0
1.0,0.7200747,0.10521012,0
1.0,0.66645247,0.11133444,0
1.0,0.62149924,0.1183912,0
1.0,0.573466,0.13230103,0
1.0,0.7199324,0.1045531,0
1.0,0.6250145,0.11960077,0
1.0,0.6551634,0.11501584,0
1.0,0.5937961,0.13836429,0
1.0,0.62864476,0.13702317,0
1.0,0.5623199,0.15140903,0
1.0,0.6796028,0.101632535,0
1.0,0.5973929,0.13680947,0
1.0,0.7024185,0.09526503,0
1.0,0.6573436,0.11008544,0
1.0,0.7543667,0.08911306,0
1.0,0.7347229,0.09351997,0
1.0,0.8253173,0.08709343,0
1.0,0.79679585,0.08757721,0
1.0,0.8558529,0.08956681,0
1.0,0.82683223,0.08224943,0
1.0,0.8545009,0.08117546,0
1.0,0.84864193,0.06775986,0
1.0,0.89147466,0.07348268,0
1.0,0.8559307,0.07304014,0
1.0,0.88151556,0.08159904,0
1.0,0.8911675,0.084339,0
1.0,0.88131565,0.085699424,0
1.0,0.88294345,0.0850991,0
1.0,0.84995055,0.0805407,0
1.0,0.8656176,0.08336045,0
1.0,0.8547055,0.08055555,0
1.0,0.8601659,0.08018264,0
1.0,0.828208,0.073553026,0
1.0,0.8144762,0.07168574,0
1.0,0.73666877,0.059475653,0
1.0,0.7596697,0.05232376,0
1.0,0.6868101,0.0601855,0
1.0,0.7196031,0.05382867,0
1.0,0.6680526,0.060211863,0
1.0,0.67655706,0.052288994,0
1.0,0.5760792,0.067093685,0
1.0,0.61042863,0.05488806,0
1.0,0.5607894,0.06186875,0
1.0,0.5942719,0.050462335,0
1.0,0.5612322,0.058606848,0
1.0,0.5620922,0.058383718,0
1.0,0.52212995,0.06969677,0
1.0,0.594066,0.052916817,0
1.0,0.6088851,0.058132388,0
1.0,0.62792134,0.057034574,0
1.0,0.65978557,0.05383222,0
1.0,0.7185974,0.058852296,0
1.0,0.7299256,0.06261852,0
1.0,0.7476793,0.064864084,0
1.0,0.7877373,0.07225241,0
1.0,0.8303828,0.07877295,0
1.0,0.83209133,0.07378715,0
1.0,0.838943,0.07698117,0
1.0,0.83400905,0.0721378,0
1.0,0.863638,0.09355337,0
1.0,0.8808483,0.11578755,0
1.0,0.9006925,0.13554555,0
1.0,0.91301876,0.15510735,0
1.0,0.9290003,0.17983033,0
1.0,0.93607825,0.19385645,0
1.0,0.9439432,0.20253928,0
1.0,0.9485461,0.20716402,0
1.0,0.94950104,0.21580975,0
1.0,0.9523651,0.22511515,0
1.0,0.9554714,0.2275815,0
1.0,0.95274603,0.2226881,0
1.0,0.9471884,0.2188386,0
1.0,0.9440537,0.21888416,0
1.0,0.94578713,0.2203275,0
1.0,0.93390423,0.20858648,0
1.0,0.91720104,0.19418769,0
1.0,0.9147576,0.19813961,0
1.0,0.9178903,0.20609711,0
1.0,0.90640676,0.202407,0
1.0,0.90904933,0.20870966,0
1.0,0.9266426,0.23072273,0
1.0,0.9432278,0.25245205,0
1.0,0.9410848,0.25246215,0
1.0,0.9521719,0.2653492,0
1.0,0.9465569,0.2667104,0
1.0,0.93553734,0.27115178,0
1.0,0.91382694,0.27190214,0
1.0,0.92692876,0.31584224,0
1.0,0.9321415,0.36648795,0
1.0,0.9359528,0.39599925,0
1.0,0.9214028,0.37915188,0
1.0,0.9446237,0.39214402,0
1.0,0.9514709,0.38023752,0
1.0,0.9496756,0.36713207,0
1.0,0.9477492,0.34904784,0
1.0,0.96133554,0.34918255,0
1.0,0.9640426,0.35228723,0
1.0,0.962553,0.35769433,0
1.0,0.96122384,0.36154592,0
1.0,0.9687377,0.3722265,0
1.0,0.96985215,0.37023577,0
1.0,0.96928126,0.37494063,0
1.0,0.9656213,0.39685315,0
1.0,0.96246475,0.40758514,0
1.0,0.95296293,0.40276337,0
1.0,0.9487536,0.4225183,0
1.0,0.9477899,0.43751073,0
1.0,0.93787223,0.4258057,0
1.0,0.9369257,0.41805923,0
1.0,0.9471325,0.4221341,0
1.0,0.9441441,0.4201941,0
1.0,0.9290165,0.4057368,0
1.0,0.91967463,0.3790597,0
1.0,0.9304953,0.39656883,0
1.0,0.9429438,0.4228164,0
1.0,0.92056936,0.39599758,0
1.0,0.91859543,0.38858992,0
1.0,0.93683857,0.39315617,0
1.0,0.94212514,0.3776064,0
1.0,0.9159254,0.3281101,0
1.0,0.90236974,0.28363732,0
1.0,0.92619324,0.2892672,0
1.0,0.93777096,0.31474987,0
1.0,0.920565,0.31467703,0
1.0,0.9212634,0.32499775,0
1.0,0.9363122,0.35804188,0
1.0,0.9472301,0.38786095,0
1.0,0.9381319,0.39123738,0
1.0,0.93921584,0.39965224,0
1.0,0.93933433,0.4086238,0
1.0,0.94318116,0.43184865,0
1.0,0.93403494,0.42110175,0
1.0,0.9269513,0.41078836,0
1.0,0.9304788,0.40897942,0
1.0,0.94612175,0.40293562,0
1.0,0.94821876,0.39518636,0
1.0,0.94561476,0.38502413,0
1.0,0.94482297,0.37611634,0
1.0,0.9565078,0.39389575,0
1.0,0.96211207,0.40363285,0
1.0,0.9545727,0.41601035,0
1.0,0.9495237,0.42111808,0
1.0,0.9607907,0.4259351,0
1.0,0.9623281,0.42108452,0
1.0,0.9488665,0.41011435,0
1.0,0.93363017,0.4050741,0
1.0,0.9357821,0.4132476,0
1.0,0.93329304,0.41744348,0
1.0,0.911839,0.39800176,0
1.0,0.88944334,0.37315977,0
1.0,0.89828765,0.3850405,0
1.0,0.9220884,0.40695792,0
1.0,0.93215984,0.40709782,0
1.0,0.923339,0.387053,0
1.0,0.9340486,0.38193882,0
1.0,0.9449011,0.37971288,0
1.0,0.9472029,0.37720287,0
1.0,0.9255771,0.34906876,0
1.0,0.9300411,0.34593624,0
1.0,0.9452598,0.35480115,0
1.0,0.94913954,0.36607635,0
1.0,0.9297706,0.3426339,0
1.0,0.9316479,0.33799303,0
1.0,0.9375157,0.34912038,0
1.0,0.94149286,0.3588857,0
1.0,0.9205707,0.34672326,0
1.0,0.90436566,0.33195734,0
1.0,0.9215182,0.3433327,0
1.0,0.94578147,0.3660912,0
1.0,0.94603974,0.352153,0
1.0,0.9432816,0.33001572,0
1.0,0.95631266,0.33959958,0
1.0,0.96487546,0.3295372,0
1.0,0.9573385,0.30561894,0
1.0,0.9422287,0.2896726,0
1.0,0.947214,0.30489713,0
1.0,0.95523745,0.3096575,0
1.0,0.95405424,0.29070777,0
1.0,0.941925,0.2757357,0
1.0,0.94916594,0.27547047,0
1.0,0.96204585,0.28630075,0
1.0,0.9604005,0.29529637,0
1.0,0.93965137,0.2795868,0
1.0,0.9342947,0.2820909,0
1.0,0.9426666,0.3076424,0
1.0,0.9419062,0.33374745,0
1.0,0.92873883,0.34168753,0
1.0,0.9342094,0.36438078,0
1.0,0.94561505,0.3995604,0
1.0,0.94920075,0.40024924,0
1.0,0.9471784,0.38772184,0
1.0,0.9440429,0.375148,0
1.0,0.94877917,0.3593241,0
1.0,0.9516355,0.34908617,0
1.0,0.9478443,0.34866983,0
1.0,0.94267833,0.34694847,0
1.0,0.9537163,0.3666401,0
1.0,0.96066266,0.39345843,0
1.0,0.9626079,0.40838662,0
1.0,0.961057,0.41166842,0
1.0,0.96510935,0.42414203,0
1.0,0.96065634,0.43133855,0
1.0,0.9500934,0.4346824,0
1.0,0.9458513,0.44930828,0
1.0,0.9466571,0.46830967,0
1.0,0.95152754,0.4896554,0
1.0,0.95075434,0.49697995,0
1.0,0.9461649,0.47312388,0
1.0,0.95277625,0.4675187,0
1.0,0.9551783,0.46134502,0
1.0,0.94624835,0.44838068,0
1.0,0.9388871,0.44129014,0
1.0,0.94385886,0.4479708,0
1.0,0.9486385,0.45468098,0
1.0,0.93396145,0.43537304,0
1.0,0.91613966,0.40944177,0
1.0,0.9216858,0.40299773,0
1.0,0.92491436,0.38549024,0
1.0,0.90454894,0.3428506,0
1.0,0.88053954,0.29950517,0
1.0,0.88351095,0.27915633,0
1.0,0.8770691,0.2702191,0
1.0,0.8214108,0.23222417,0
1.0,0.7957058,0.21682194,0
1.0,0.7974934,0.22080077,0
1.0,0.83722174,0.2650819,0
1.0,0.8314936,0.2564963,0
1.0,0.8320196,0.2503306,0
1.0,0.8478843,0.25958797,0
1.0,0.86112,0.2655869,0
1.0,0.8468525,0.24575408,0
1.0,0.8198151,0.2216097,0
1.0,0.82023114,0.22217423,0
1.0,0.85240984,0.23933949,0
1.0,0.84504455,0.2200097,0
1.0,0.82517606,0.18857914,0
1.0,0.8460494,0.18687685,0
1.0,0.87553066,0.20997924,0
1.0,0.88368,0.21892332,0
1.0,0.8888823,0.22659153,0
1.0,0.90774983,0.24638267,0
1.0,0.91349995,0.24543157,0
1.0,0.9238154,0.23961492,0
1.0,0.91307837,0.22637558,0
1.0,0.92402077,0.23134685,0
1.0,0.9341599,0.2442942,0
1.0,0.94117975,0.2770155,0
1.0,0.9405404,0.29490936,0
1.0,0.95360285,0.31709474,0
1.0,0.9512479,0.32107523,0
1.0,0.9547176,0.33462113,0
1.0,0.9551706,0.34702075,0
1.0,0.95841336,0.34792367,0
1.0,0.9561358,0.34000832,0
1.0,0.9633865,0.33517063,0
1.0,0.96736485,0.3341355,0
1.0,0.96807456,0.33728597,0
1.0,0.96270674,0.31848934,0
1.0,0.96140397,0.2960567,0
1.0,0.95757985,0.2813896,0
1.0,0.94863397,0.2849003,0
1.0,0.93808717,0.29065368,0
1.0,0.94299495,0.3053589,0
1.0,0.9450393,0.30826738,0
1.0,0.93081677,0.2963668,0
1.0,0.93584996,0.30831978,0
1.0,0.92400235,0.29789147,0
1.0,0.9435226,0.3152594,0
1.0,0.93864393,0.30732834,0
1.0,0.9416439,0.29698104,0
1.0,0.92875767,0.28856593,0
1.0,0.94274807,0.3068673,0
1.0,0.92718816,0.29994002,0
1.0,0.923219,0.29647803,0
1.0,0.89331317,0.27018216,0
1.0,0.9118883,0.29581815,0
1.0,0.8772825,0.273862,0
1.0,0.8721476,0.25641155,0
1.0,0.8346217,0.19989252,0
1.0,0.8653994,0.20430961,0
1.0,0.81830865,0.16985506,0
1.0,0.8086696,0.17626992,0
1.0,0.79277617,0.17347944,0
1.0,0.8508591,0.20347235,0
1.0,0.8217516,0.18363959,0
1.0,0.8150449,0.18730134,0
1.0,0.76373696,0.16719529,0
1.0,0.7908887,0.19219163,0
1.0,0.7847733,0.1851584,0
1.0,0.7477003,0.16386053,0
1.0,0.7179949,0.1461305,0
1.0,0.7187544,0.1489007,0
1.0,0.66522014,0.11920044,0
1.0,0.6104317,0.08734448,0
1.0,0.60003763,0.08190857,0
1.0,0.5823994,0.08027569,0
1.0,0.55771625,0.08312013,0
1.0,0.5558986,0.09594074,0
1.0,0.6042665,0.1102891,0
1.0,0.6073862,0.11255184,0
1.0,0.618332,0.11476839,0
1.0,0.66615945,0.13385609,0
1.0,0.6749223,0.12969172,0
1.0,0.6631113,0.122890495,0
1.0,0.7363223,0.14767177,0
1.0,0.7565966,0.15944958,0
1.0,0.7644166,0.17668113,0
1.0,0.76582885,0.20890893,0
1.0,0.82384974,0.24519624,0
1.0,0.7939065,0.2239031,0
1.0,0.81739265,0.24047086,0
1.0,0.8116968,0.23506564,0
1.0,0.8447601,0.25307268,0
1.0,0.8376681,0.22724272,0
1.0,0.8844802,0.24531366,0
1.0,0.8613344,0.23398136,0
1.0,0.90641266,0.27982563,0
1.0,0.8710788,0.26136047,0
1.0,0.9139782,0.29003674,0
1.0,0.9040966,0.27463263,0
1.0,0.93385,0.3073163,0
1.0,0.91673696,0.31087983,0
1.0,0.92869484,0.36379808,0
1.0,0.9091224,0.35025036,0
1.0,0.93514323,0.3685236,0
1.0,0.91425043,0.35695046,0
1.0,0.9144983,0.3662102,0
1.0,0.8892829,0.3494033,0
1.0,0.89629227,0.34752578,0
1.0,0.8587904,0.28797108,0
1.0,0.85412806,0.27202976,0
1.0,0.80959797,0.23541313,0
1.0,0.823803,0.263947,0
1.0,0.8323144,0.2685914,0
1.0,0.82675046,0.26015446,0
1.0,0.79919904,0.23688129,0
1.0,0.81375635,0.24896209,0
1.0,0.8156866,0.25504577,0
1.0,0.76215607,0.21031381,0
1.0,0.7541873,0.17760856,0
1.0,0.7665476,0.19030464,0
1.0,0.83960664,0.26034823,0
1.0,0.7922095,0.25262243,0
1.0,0.7942405,0.2782916,0
1.0,0.8000866,0.30839133,0
1.0,0.84558773,0.37512878,0
1.0,0.82519567,0.35972548,0
1.0,0.83665156,0.37719935,0
1.0,0.8384972,0.37615174,0
1.0,0.88320166,0.41062433,0
1.0,0.8926997,0.41263345,0
1.0,0.90362114,0.42429376,0
1.0,0.9042896,0.42464468,0
1.0,0.9310391,0.4404459,0
1.0,0.93224746,0.41840842,0
1.0,0.9334518,0.42270553,0
1.0,0.9343975,0.4346298,0
1.0,0.9525961,0.48290008,0
1.0,0.951082,0.48780158,0
1.0,0.9490494,0.4697494,0
1.0,0.9512662,0.46523142,0
1.0,0.95850515,0.4797747,0
1.0,0.9544044,0.48786616,0
1.0,0.9506773,0.49237776,0
1.0,0.94271904,0.48256633,0
1.0,0.94350237,0.51934373,0
1.0,0.95104665,0.57384825,0
1.0,0.95174295,0.6099652,0
1.0,0.94358504,0.62154377,0
1.0,0.9501096,0.64197373,0
1.0,0.95560133,0.64981216,0
1.0,0.9491118,0.63011575,0
1.0,0.946558,0.6179653,0
1.0,0.9556878,0.6122273,0
1.0,0.95885,0.57421565,0
1.0,0.9544921,0.5433583,0
1.0,0.95423335,0.5285262,0
1.0,0.9583226,0.5154073,0
1.0,0.9598547,0.51660067,0
1.0,0.954219,0.5084156,0
1.0,0.9524865,0.51587856,0
1.0,0.9506966,0.5385707,0
1.0,0.95340735,0.5642692,0
1.0,0.94448936,0.56790596,0
1.0,0.9424168,0.57939696,0
1.0,0.9452295,0.607357,0
1.0,0.9541723,0.63222086,0
1.0,0.94986874,0.6383513,0
1.0,0.9479509,0.6423752,0
1.0,0.9406736,0.60948825,0
1.0,0.9378356,0.612345,0
1.0,0.91972876,0.6170018,0
1.0,0.9188405,0.62323654,0
1.0,0.9077551,0.6033744,0
1.0,0.91779,0.6090493,0
1.0,0.90745497,0.58074474,0
1.0,0.90904635,0.5804511,0
1.0,0.89068204,0.53848267,0
1.0,0.8902731,0.5075681,0
1.0,0.86372304,0.45885193,0
1.0,0.8694658,0.45642942,0
1.0,0.84731275,0.42680004,0
1.0,0.85102475,0.43316382,0
1.0,0.84065896,0.4209181,0
1.0,0.8407664,0.42761633,0
1.0,0.79687566,0.38885742,0
1.0,0.77490425,0.38258275,0
1.0,0.7790368,0.413207,0
1.0,0.7864117,0.41407168,0
1.0,0.74915266,0.36782795,0
1.0,0.7490897,0.3680816,0
1.0,0.7549642,0.373152,0
1.0,0.7681176,0.3880802,0
1.0,0.76461804,0.37002957,0
1.0,0.74168986,0.33106607,0
1.0,0.7629137,0.34327465,0
1.0,0.74868023,0.31923562,0
1.0,0.7315052,0.28806263,0
1.0,0.6837534,0.22855039,0
1.0,0.6991705,0.23401314,0
1.0,0.6862532,0.22603363,0
1.0,0.70744413,0.26429912,0
1.0,0.70738876,0.2744938,0
1.0,0.72018623,0.27324352,0
1.0,0.73293406,0.28125298,0
1.0,0.76324975,0.31141686,0
1.0,0.7314287,0.28597903,0
1.0,0.73637193,0.29737824,0
1.0,0.7773495,0.32887548,0
1.0,0.8003111,0.33835822,0
1.0,0.7965615,0.32766962,0
1.0,0.7882698,0.30880842,0
1.0,0.82328635,0.34414944,0
1.0,0.8408843,0.3562404,0
1.0,0.82861006,0.33686376,0
1.0,0.83131635,0.34330675,0
1.0,0.8748672,0.3890702,0
1.0,0.8611654,0.365424,0
1.0,0.86853915,0.35872802,0
1.0,0.8540697,0.31048426,0
1.0,0.8888016,0.34149557,0
1.0,0.85059637,0.31395346,0
1.0,0.8577072,0.32340336,0
1.0,0.8483281,0.31287584,0
1.0,0.878431,0.33580235,0
1.0,0.8102527,0.25987998,0
1.0,0.80930054,0.26159638,0
1.0,0.7999829,0.25194693,0
1.0,0.8346015,0.2743319,0
1.0,0.75350183,0.20169006,0
1.0,0.7737621,0.2145617,0
1.0,0.7521571,0.1935565,0
1.0,0.78833914,0.22312057,0
1.0,0.72075754,0.1462857,0
1.0,0.7007963,0.11470447,0
1.0,0.72152054,0.11866876,0
1.0,0.73248947,0.12310493,0
1.0,0.66929454,0.09686805,0
1.0,0.673172,0.097675726,0
1.0,0.67913413,0.103354394,0
1.0,0.73999506,0.13645181,0
1.0,0.76136255,0.15230083,0
1.0,0.7452575,0.1565702,0
1.0,0.7752948,0.17483035,0
1.0,0.83289033,0.21129414,0
1.0,0.81246305,0.19501176,0
1.0,0.80779606,0.19240351,0
1.0,0.7826511,0.18050134,0
1.0,0.8597069,0.23198739,0
1.0,0.80268717,0.18568769,0
1.0,0.77536577,0.16225122,0
1.0,0.7487784,0.14844565,0
1.0,0.8276893,0.19759078,0
1.0,0.7556001,0.1434809,0
1.0,0.7597116,0.1409893,0
1.0,0.7159244,0.11984667,0
1.0,0.7979452,0.15335622,0
1.0,0.6902408,0.11440979,0
1.0,0.7116002,0.119276404,0
1.0,0.6439027,0.10028805,0
1.0,0.7536997,0.1331372,0
1.0,0.66035795,0.10166898,0
1.0,0.66542685,0.106193215,0
1.0,0.6054057,0.10163678,0
1.0,0.6747317,0.100121364,0
1.0,0.5171134,0.09318702,0
1.0,0.55362433,0.08493428,0
1.0,0.471508,0.08725305,0
1.0,0.53284466,0.086407065,0
1.0,0.4476754,0.08929874,0
1.0,0.4463826,0.088286355,0
1.0,0.44739005,0.085451186,0
1.0,0.46657717,0.08490132,0
1.0,0.48923013,0.09007768,0
1.0,0.5750789,0.08010671,0
1.0,0.66359246,0.08376021,0
1.0,0.6512817,0.07288821,0
1.0,0.69104034,0.08209185,0
1.0,0.7262255,0.09979904,0
1.0,0.78985786,0.12370677,0
1.0,0.80757594,0.13080007,0
1.0,0.80549926,0.12946217,0
1.0,0.8410546,0.14720938,0
1.0,0.8654099,0.15831275,0
1.0,0.8580298,0.14758274,0
1.0,0.88202286,0.16176766,0
1.0,0.9035567,0.19684398,0
1.0,0.9229129,0.23481122,0
1.0,0.92967975,0.24133521,0
1.0,0.92986596,0.23082066,0
1.0,0.93427235,0.23170663,0
1.0,0.9489882,0.24378076,0
1.0,0.94608647,0.23926948,0
1.0,0.93984,0.2368812,0
1.0,0.9528016,0.23656419,0
1.0,0.95678633,0.2181124,0
1.0,0.9589364,0.23071426,0
1.0,0.9459691,0.23876694,0
1.0,0.9495808,0.23723786,0
1.0,0.94072306,0.21495345,0
1.0,0.9482308,0.20317465,0
1.0,0.9164316,0.18060407,0
1.0,0.91487056,0.1795347,0
1.0,0.88725555,0.16519113,0
1.0,0.9067946,0.17943884,0
1.0,0.86465126,0.156402,0
1.0,0.8695413,0.16429797,0
1.0,0.8407353,0.15539628,0
1.0,0.8877025,0.19504625,0
1.0,0.81608796,0.14809099,0
1.0,0.79654855,0.12174366,0
1.0,0.7726639,0.10106817,0
1.0,0.7791228,0.10183908,0
1.0,0.72239405,0.08394588,0
1.0,0.76262635,0.09600023,0
1.0,0.78839695,0.10446273,0
1.0,0.8062776,0.11224614,0
1.0,0.78185207,0.10425921,0
1.0,0.7681184,0.090382405,0
1.0,0.8279533,0.09858886,0
1.0,0.8007277,0.083048895,0
1.0,0.8040582,0.10125969,0
1.0,0.79320985,0.11128398,0
1.0,0.85695714,0.1481559,0
1.0,0.8174649,0.13157663,0
1.0,0.83446664,0.14702821,0
1.0,0.83005613,0.14902157,0
1.0,0.8560547,0.17776114,0
1.0,0.79727435,0.13743663,0
1.0,0.8298421,0.14435205,0
1.0,0.80772585,0.128651,0
1.0,0.84093755,0.14675623,0
1.0,0.8108384,0.12858415,0
1.0,0.8481321,0.14964417,0
1.0,0.8465612,0.146478,0
1.0,0.84805936,0.1432435,0
1.0,0.84238374,0.14295146,0
1.0,0.8636859,0.17781833,0
1.0,0.84346104,0.16170174,0
1.0,0.79640394,0.12731884,0
1.0,0.796235,0.11970951,0
1.0,0.8149447,0.124311976,0
1.0,0.77951187,0.10719082,0
1.0,0.71888465,0.08599045,0
1.0,0.7899864,0.11489833,0
1.0,0.7766167,0.11510103,0
1.0,0.80618894,0.14060633,0
1.0,0.78600556,0.13128448,0
1.0,0.83092093,0.15975234,0
1.0,0.82608,0.15277332,0
1.0,0.86269236,0.16668186,0
1.0,0.8261503,0.14414318,0
1.0,0.8591151,0.16416083,0
1.0,0.8630267,0.14830722,0
1.0,0.89447665,0.14863345,0
1.0,0.8528332,0.12589188,0
1.0,0.8642909,0.13225132,0
1.0,0.8387941,0.11193944,0
1.0,0.86602515,0.121442,0
1.0,0.80043834,0.080828846,0
1.0,0.83042115,0.08989901,0
1.0,0.81005806,0.08272239,0
1.0,0.8557271,0.10796772,0
1.0,0.76836777,0.07318516,0
1.0,0.8053147,0.086505234,0
1.0,0.77885556,0.08276819,0
1.0,0.8379408,0.11032801,0
1.0,0.76076156,0.08284611,0
1.0,0.77010804,0.092359245,0
1.0,0.74991286,0.06860955,0
1.0,0.7707226,0.074237145,0
1.0,0.6390721,0.045887582,0
1.0,0.6733234,0.05300965,0
1.0,0.6352373,0.04729209,0
1.0,0.6643282,0.051438306,0
1.0,0.5778305,0.04219111,0
1.0,0.6177878,0.045184217,0
1.0,0.5487415,0.04120113,0
1.0,0.5630225,0.03730819,0
1.0,0.5044382,0.045119617,0
1.0,0.5353017,0.040936086,0
1.0,0.49478158,0.050287925,0
1.0,0.5536644,0.048465326,0
1.0,0.5673435,0.048414398,0
1.0,0.5228125,0.056570627,0
1.0,0.5528719,0.04638894,0
1.0,0.52093685,0.043247286,0
1.0,0.53898686,0.04352521,0
1.0,0.508645,0.04569278,0
1.0,0.5414817,0.04690668,0
1.0,0.5130406,0.05767033,0
1.0,0.529511,0.059195913,0
1.0,0.49024662,0.0669414,0
1.0,0.5515982,0.06505612,0
1.0,0.5838502,0.06733321,0
1.0,0.6014269,0.07151531,0
1.0,0.59667563,0.07169221,0
1.0,0.64080405,0.07072404,0
1.0,0.6268896,0.07142822,0
1.0,0.6688256,0.07307811,0
1.0,0.70931405,0.07288858,0
1.0,0.7389062,0.078743294,0
1.0,0.7528324,0.08256248,0
1.0,0.77098966,0.08567942,0
1.0,0.75371397,0.07641146,0
1.0,0.7529096,0.073663175,0
1.0,0.736306,0.07115618,0
1.0,0.72286075,0.068069324,0
1.0,0.75325286,0.07737961,0
1.0,0.7148157,0.0663886,0
1.0,0.74590045,0.08082049,0
1.0,0.7438131,0.0805439,0
1.0,0.768688,0.08558911,0
1.0,0.7216995,0.06554731,0
1.0,0.7707134,0.06270787,0
1.0,0.7520737,0.057912596,0
1.0,0.76055306,0.057009034,0
1.0,0.6904544,0.051341817,0
1.0,0.66763633,0.0494108,0
1.0,0.6795963,0.047506988,0
1.0,0.6542703,0.042504266,0
1.0,0.6304544,0.049769282,0
1.0,0.6285794,0.050012134,0
1.0,0.6617402,0.054166585,0
1.0,0.6169686,0.050624207,0
1.0,0.58970225,0.058275625,0
1.0,0.59209895,0.05813076,0
1.0,0.59185797,0.055150755,0
1.0,0.64005154,0.06019594,0
1.0,0.71808577,0.068447575,0
1.0,0.70344216,0.06382303,0
1.0,0.7361676,0.06591837,0
1.0,0.7585535,0.07262836,0
1.0,0.8084556,0.091081664,0
1.0,0.7925352,0.08610825,0
1.0,0.7910228,0.08761617,0
1.0,0.8174514,0.095086895,0
1.0,0.827622,0.10191968,0
1.0,0.77803797,0.106021136,0
1.0,0.7944182,0.11290239,0
1.0,0.83409554,0.120358385,0
1.0,0.8175575,0.11697283,0
1.0,0.790694,0.103489704,0
1.0,0.7635247,0.09717955,0
1.0,0.83474916,0.124700755,0
1.0,0.78342897,0.11011335,0
1.0,0.7775924,0.11539775,0
1.0,0.7937236,0.12872395,0
1.0,0.8525739,0.15861711,0
1.0,0.8141112,0.13555291,0
1.0,0.8020937,0.12977554,0
1.0,0.79994357,0.12874855,0
1.0,0.8218499,0.1402607,0
1.0,0.7244411,0.108169526,0
1.0,0.6977375,0.09448084,0
1.0,0.71929896,0.0963236,0
1.0,0.748366,0.10538833,0
1.0,0.6506425,0.07628007,0
1.0,0.6579954,0.07542317,0
1.0,0.6938629,0.0833543,0
1.0,0.7109091,0.08470266,0
1.0,0.7057572,0.08934638,0
1.0,0.70973045,0.10860685,0
1.0,0.80610394,0.19279628,0
1.0,0.8498761,0.24141225,0
1.0,0.85540247,0.24476624,0
1.0,0.8457237,0.23986754,0
1.0,0.9133092,0.2973516,0
1.0,0.9100242,0.29884225,0
1.0,0.9116055,0.313344,0
1.0,0.90542376,0.2861955,0
1.0,0.9187053,0.29973564,0
1.0,0.9202915,0.31287923,0
1.0,0.90897477,0.30248994,0
1.0,0.8970658,0.2985081,0
1.0,0.92558926,0.32668886,0
1.0,0.92943156,0.33026326,0
1.0,0.9024705,0.32486337,0
1.0,0.89441013,0.3185496,0
1.0,0.9101593,0.3322352,0
1.0,0.91898346,0.35512275,0
1.0,0.8925498,0.33617532,0
1.0,0.87769413,0.32557595,0
1.0,0.8980782,0.36696163,0
1.0,0.9036011,0.3809622,0
1.0,0.8686108,0.32817435,0
1.0,0.84332097,0.30296242,0
1.0,0.8441115,0.3070831,0
1.0,0.8240869,0.29257044,0
1.0,0.7729656,0.24613214,0
1.0,0.7540898,0.23221645,0
1.0,0.7304444,0.21969797,0
1.0,0.7419268,0.22826236,0
1.0,0.6638351,0.16257903,0
1.0,0.65894264,0.14406155,0
1.0,0.6564444,0.11709708,0
1.0,0.6730358,0.11310198,0
1.0,0.67216045,0.117954336,0
1.0,0.6768297,0.12404167,0
1.0,0.72582906,0.15795088,0
1.0,0.7752967,0.2088684,0
1.0,0.79646844,0.22923952,0
1.0,0.8060238,0.25244516,0
1.0,0.8326315,0.2843947,0
1.0,0.8557106,0.29827464,0
1.0,0.8615467,0.3059802,0
1.0,0.8257535,0.28573745,0
1.0,0.84406537,0.3234887,0
1.0,0.87511396,0.36942244,0
1.0,0.88139147,0.35793287,0
1.0,0.8436693,0.30895627,0
1.0,0.86115146,0.324979,0
1.0,0.881967,0.34522694,0
1.0,0.8865826,0.34445328,0
1.0,0.84958595,0.29832062,0
1.0,0.86095226,0.30641764,0
1.0,0.8768223,0.33282334,0
1.0,0.8953117,0.38173485,0
1.0,0.8691495,0.37391663,0
1.0,0.87236875,0.37545407,0
1.0,0.89559054,0.39968264,0
1.0,0.9151352,0.43488485,0
1.0,0.87691617,0.41731277,0
1.0,0.84833586,0.42013478,0
1.0,0.855608,0.45257127,0
1.0,0.88767505,0.520898,0
1.0,0.87226313,0.54242414,0
1.0,0.8421222,0.52709615,0
1.0,0.8651894,0.58065534,0
1.0,0.89241403,0.61625314,0
1.0,0.91355467,0.6371044,0
1.0,0.88908446,0.5959046,0
1.0,0.90648896,0.6089501,0
1.0,0.9300327,0.6298501,0
1.0,0.94248176,0.64180326,0
1.0,0.9277744,0.6210749,0
1.0,0.9348593,0.64462864,0
1.0,0.9457689,0.6714105,0
1.0,0.9464336,0.6732998,0
1.0,0.9365671,0.647191,0
1.0,0.94128716,0.637957,0
1.0,0.9420532,0.6423097,0
1.0,0.9229455,0.65349424,0
1.0,0.9149394,0.7044443,0
1.0,0.9222342,0.7419902,0
1.0,0.93616337,0.76811695,0
1.0,0.9210708,0.7468845,0
1.0,0.932282,0.7672482,0
1.0,0.9284812,0.7495135,0
1.0,0.9447338,0.74207115,0
1.0,0.93516463,0.700701,0
1.0,0.9425776,0.70659035,0
1.0,0.9390141,0.7098851,0
1.0,0.9522493,0.7470839,0
1.0,0.9264736,0.6769742,0
1.0,0.92768353,0.6301992,0
1.0,0.9101762,0.58579314,0
1.0,0.9273901,0.6025888,0
1.0,0.8783904,0.5268244,0
1.0,0.8889142,0.5470653,0
1.0,0.8794709,0.53716433,0
1.0,0.91075134,0.5845544,0
1.0,0.88232875,0.56124425,0
1.0,0.8950899,0.60266197,0
1.0,0.8914988,0.61448,0
1.0,0.9094403,0.6541988,0
1.0,0.88666403,0.6199029,0
1.0,0.8884216,0.6346888,0
1.0,0.88663614,0.651283,0
1.0,0.89259815,0.66863066,0
1.0,0.8798903,0.64589,0
1.0,0.8643879,0.6175448,0
1.0,0.8844764,0.64635146,0
1.0,0.871757,0.61592895,0
1.0,0.8551708,0.5559609,0
1.0,0.85372376,0.49739474,0
1.0,0.88560706,0.506225,0
1.0,0.8714338,0.48639655,0
1.0,0.8783444,0.51321244,0
1.0,0.8822132,0.53522086,0
1.0,0.91991085,0.62188494,0
1.0,0.91882205,0.64917505,0
1.0,0.9276137,0.684278,0
1.0,0.9277612,0.71476734,0
1.0,0.9446709,0.7419362,0
1.0,0.93160737,0.70744145,0
1.0,0.92434436,0.71667504,0
1.0,0.9168857,0.73549294,0
1.0,0.92947197,0.8136821,0
1.0,0.9304201,0.84306467,0
1.0,0.93296903,0.84668607,0
1.0,0.93283683,0.84597087,0
1.0,0.9379451,0.82373536,0
1.0,0.94843906,0.8254979,0
1.0,0.9526504,0.83163774,0
1.0,0.9569837,0.8272515,0
1.0,0.9554295,0.82381594,0
1.0,0.95969045,0.8575609,0
1.0,0.9590569,0.8720388,0
1.0,0.9590785,0.86150706,0
1.0,0.9544749,0.8406726,0
1.0,0.9623177,0.8364791,0
1.0,0.962608,0.82092375,0
1.0,0.96058166,0.84539837,0
1.0,0.94870746,0.85533315,0
1.0,0.9476519,0.89816916,0
1.0,0.9510917,0.9675375,0
1.0,0.9473374,0.9952807,0
1.0,0.93290466,0.9939804,0
1.0,0.94131136,1.0224916,0
1.0,0.9529482,1.045169,0
1.0,0.9504724,1.0245922,0
1.0,0.9398756,0.9687921,0
1.0,0.9439197,0.9568376,0
1.0,0.95692766,0.96081495,0
1.0,0.956173,0.9252198,0
1.0,0.95204616,0.9023535,0
1.0,0.95170254,0.9001803,0
1.0,0.96207225,0.9160977,0
1.0,0.95656115,0.90259653,0
1.0,0.95388657,0.9067093,0
1.0,0.95403916,0.9361704,0
1.0,0.96573865,0.9867823,0
1.0,0.96119374,0.9653021,0
1.0,0.9636275,0.9669809,0
1.0,0.96332043,0.97078013,0
1.0,0.96882206,0.9705435,0
1.0,0.96669936,0.9582632,0
1.0,0.96752757,0.9555361,0
1.0,0.9690504,0.93669915,0
1.0,0.97253644,0.9277711,0
1.0,0.9681286,0.9025804,0
1.0,0.9610747,0.8680861,0
1.0,0.96180815,0.86207896,0
1.0,0.9647968,0.8566512,0
1.0,0.96597564,0.8253035,0
1.0,0.9651117,0.8084092,0
1.0,0.9644247,0.78364027,0
1.0,0.9721094,0.761914,0
1.0,0.9750225,0.7593391,0
1.0,0.9762783,0.7601675,0
1.0,0.97734183,0.76464975,0
1.0,0.9805597,0.7491251,0
1.0,0.9808539,0.7332642,0
1.0,0.97755957,0.7275078,0
1.0,0.9756242,0.7150589,0
1.0,0.976389,0.7190563,0
1.0,0.9770095,0.7448668,0
1.0,0.97245795,0.75514245,0
1.0,0.96810895,0.73733175,0
1.0,0.96484596,0.71113133,0
1.0,0.95912796,0.67550004,0
1.0,0.9435703,0.5843255,0
1.0,0.93586093,0.51094455,0
1.0,0.9323596,0.4510544,0
1.0,0.9293688,0.42838773,0
1.0,0.9267093,0.4280786,0
1.0,0.9087806,0.40633035,0
1.0,0.9023382,0.40463954,0
1.0,0.89666486,0.41304454,0
1.0,0.89000654,0.41167414,0
1.0,0.89143527,0.41388524,0
1.0,0.9088342,0.45068622,0
1.0,0.9141967,0.49825132,0
1.0,0.8991808,0.5032105,0
1.0,0.91127074,0.529063,0
1.0,0.9063801,0.54057664,0
1.0,0.8898882,0.5311119,0
1.0,0.85703003,0.48828813,0
1.0,0.87704945,0.5056493,0
1.0,0.8705485,0.47238576,0
1.0,0.8613689,0.43632483,0
1.0,0.8305558,0.37688434,0
1.0,0.87444603,0.4141909,0
1.0,0.9001142,0.44834924,0
1.0,0.90963507,0.45450288,0
1.0,0.87434214,0.41122556,0
1.0,0.912378,0.48220223,0
1.0,0.9104442,0.49293506,0
1.0,0.9287012,0.5255056,0
1.0,0.9124745,0.51585567,0
1.0,0.93573374,0.55816305,0
1.0,0.9425566,0.5837463,0
1.0,0.9508888,0.6159431,0
1.0,0.9359978,0.6021947,0
1.0,0.9360304,0.6029033,0
1.0,0.9229773,0.59161234,0
1.0,0.91500604,0.58450913,0
1.0,0.89223546,0.55520403,0
1.0,0.88383555,0.5509969,0
1.0,0.87038106,0.53720075,0
1.0,0.87638736,0.5342528,0
1.0,0.8618586,0.4906914,0
1.0,0.83876276,0.4445807,0
1.0,0.8270472,0.4142078,0
1.0,0.8298954,0.39209995,0
1.0,0.8254399,0.39803138,0
1.0,0.8039853,0.3885904,0
1.0,0.80277073,0.38556966,0
1.0,0.8121598,0.3928579,0
1.0,0.8281492,0.40259764,0
1.0,0.8143214,0.37887937,0
1.0,0.82870084,0.39215046,0
1.0,0.84515035,0.4083044,0
1.0,0.8355391,0.41477084,0
1.0,0.825101,0.42297888,0
1.0,0.823937,0.43170404,0
1.0,0.8434945,0.4608916,0
1.0,0.8201283,0.4326356,0
1.0,0.8388236,0.4439246,0
1.0,0.8493446,0.44199032,0
1.0,0.8753808,0.45280775,0
1.0,0.8659042,0.418186,0
1.0,0.88221633,0.42669064,0
1.0,0.8797564,0.40946054,0
1.0,0.9025285,0.4286698,0
1.0,0.88518596,0.41466513,0
1.0,0.90205675,0.43378392,0
1.0,0.91406125,0.44045377,0
1.0,0.91384685,0.43442172,0
1.0,0.9102969,0.4255403,0
1.0,0.9137543,0.42335588,0
1.0,0.90721285,0.4068949,0
1.0,0.90986806,0.41632068,0
1.0,0.8909876,0.40463984,0
1.0,0.9091852,0.42729434,0
1.0,0.9116111,0.4314047,0
1.0,0.9021676,0.41382667,0
1.0,0.8726187,0.34420216,0
1.0,0.90699863,0.35624966,0
1.0,0.88895446,0.32842648,0
1.0,0.8801175,0.3129149,0
1.0,0.8780022,0.30907094,0
1.0,0.9103859,0.3535751,0
1.0,0.89479905,0.3542474,0
1.0,0.9001509,0.3626231,0
1.0,0.8700512,0.30826974,0
1.0,0.9129358,0.32733145,0
1.0,0.898771,0.29694605,0
1.0,0.8766048,0.27731106,0
1.0,0.84552675,0.25743735,0
1.0,0.89295363,0.32763654,0
1.0,0.89541006,0.3504395,0
1.0,0.92255133,0.39138913,0
1.0,0.8866935,0.35202378,0
1.0,0.93432677,0.40646031,0
1.0,0.9383836,0.41130203,0
1.0,0.93927747,0.40207088,0
1.0,0.92176276,0.36705637,0
1.0,0.9390908,0.3907779,0
1.0,0.93970484,0.39123917,0
1.0,0.94447565,0.4130789,0
1.0,0.9272826,0.41496027,0
1.0,0.9344074,0.42314184,0
1.0,0.9456353,0.43397164,0
1.0,0.9499726,0.4222892,0
1.0,0.9329282,0.38684103,0
1.0,0.9375093,0.39327294,0
1.0,0.94737065,0.40123916,0
1.0,0.94432384,0.39521945,0
1.0,0.93665177,0.39907473,0
1.0,0.9288317,0.4051261,0
1.0,0.9497958,0.4384367,0
1.0,0.95428926,0.45485142,0
1.0,0.94837016,0.45021772,0
1.0,0.9416724,0.43384558,0
1.0,0.9422014,0.43180126,0
1.0,0.92038643,0.42959365,0
1.0,0.9111852,0.44604665,0
1.0,0.89451724,0.43972802,0
1.0,0.8995261,0.4525817,0
1.0,0.88503015,0.42867553,0
1.0,0.8734193,0.3947786,0
1.0,0.865431,0.35889238,0
1.0,0.8848097,0.36915118,0
1.0,0.8667332,0.34577894,0
1.0,0.8451917,0.35569543,0
1.0,0.88327754,0.4372344,0
1.0,0.9025023,0.47921973,0
1.0,0.88593775,0.47059965,0
1.0,0.87982845,0.46076423,0
1.0,0.9158363,0.49278605,0
1.0,0.9148712,0.48935032,0
1.0,0.90358263,0.48192188,0
1.0,0.8934209,0.4758221,0
1.0,0.9240268,0.5212134,0
1.0,0.92054206,0.51772916,0
1.0,0.89559144,0.4904968,0
1.0,0.8779301,0.48149568,0
1.0,0.90984756,0.52330315,0
1.0,0.91649467,0.52045965,0
1.0,0.9159694,0.5175021,0
1.0,0.902806,0.49395385,0
1.0,0.9172528,0.49769944,0
1.0,0.91944146,0.48574388,0
1.0,0.9254614,0.47534633,0
1.0,0.89982617,0.43654805,0
1.0,0.91439646,0.46165383,0
1.0,0.90844595,0.4643023,0
1.0,0.9229673,0.4794499,0
1.0,0.92089427,0.46081227,0
1.0,0.9305073,0.46468416,0
1.0,0.9192596,0.4443342,0
1.0,0.9265817,0.453273,0
1.0,0.91269827,0.4467714,0
1.0,0.8912454,0.4198474,0
1.0,0.8876084,0.40778807,0
1.0,0.88042384,0.4018864,0
1.0,0.875559,0.36897218,0
1.0,0.8580288,0.31966725,0
1.0,0.8487004,0.29091528,0
1.0,0.8924333,0.3188531,0
1.0,0.90930253,0.33021712,0
1.0,0.9140577,0.3318956,0
1.0,0.9151525,0.32827994,0
1.0,0.9275501,0.32622254,0
1.0,0.9378102,0.32024962,0
1.0,0.9486816,0.33711326,0
1.0,0.9506385,0.34057844,0
1.0,0.9435894,0.32604533,0
1.0,0.95696414,0.32590422,0
1.0,0.9549528,0.3127322,0
1.0,0.94947,0.3120053,0
1.0,0.9386244,0.32355377,0
1.0,0.9404694,0.3426878,0
1.0,0.9428766,0.3704836,0
1.0,0.9527201,0.40199757,0
1.0,0.9384642,0.3887564,0
1.0,0.94784284,0.4034687,0
1.0,0.9583109,0.40326652,0
1.0,0.9574489,0.37343916,0
1.0,0.9549155,0.34111792,0
1.0,0.9627252,0.33494753,0
1.0,0.9691186,0.33723047,0
1.0,0.9720304,0.3359352,0
1.0,0.9646762,0.3235779,0
1.0,0.96029985,0.30961332,0
1.0,0.9581104,0.30034888,0
1.0,0.95883393,0.29580078,0
1.0,0.94299096,0.26720402,0
1.0,0.9404441,0.26016992,0
1.0,0.9281724,0.25848228,0
1.0,0.9370511,0.2912363,0
1.0,0.9354439,0.31039363,0
1.0,0.921172,0.30028862,0
1.0,0.91947466,0.3011555,0
1.0,0.94154227,0.32500038,0
1.0,0.93245506,0.3131026,0
1.0,0.9048943,0.2959756,0
1.0,0.89959323,0.28851724,0
1.0,0.9069807,0.28971508,0
1.0,0.90556735,0.2858234,0
1.0,0.8532719,0.23774952,0
1.0,0.85716003,0.23898432,0
1.0,0.8870327,0.26021785,0
1.0,0.8945408,0.24774608,0
1.0,0.7860482,0.16215019,0
1.0,0.86616427,0.22192883,0
1.0,0.9079456,0.26234552,0
1.0,0.9229212,0.28363332,0
1.0,0.87490404,0.23998846,0
1.0,0.9319721,0.286328,0
1.0,0.9424696,0.3008852,0
1.0,0.9404945,0.30825192,0
1.0,0.9088228,0.30479988,0
1.0,0.94365096,0.35869828,0
1.0,0.947743,0.36307675,0
1.0,0.9239034,0.34072733,0
1.0,0.8894611,0.30506262,0
1.0,0.928986,0.33991003,0
1.0,0.9451648,0.3549583,0
1.0,0.95131034,0.35584086,0
1.0,0.9360748,0.3357483,0
1.0,0.9539411,0.359311,0
1.0,0.96546733,0.34490013,0
1.0,0.961478,0.31923756,0
1.0,0.93557626,0.2979268,0
1.0,0.9544268,0.31213018,0
1.0,0.96020675,0.31195322,0
1.0,0.9445608,0.29440603,0
1.0,0.92581,0.25272626,0
1.0,0.93306845,0.24747726,0
1.0,0.9365365,0.25244468,0
1.0,0.8816867,0.21564656,0
1.0,0.85220677,0.20013061,0
1.0,0.8493944,0.20115912,0
1.0,0.8847833,0.22616379,0
1.0,0.8318427,0.193423,0
1.0,0.79103214,0.16673619,0
1.0,0.8122257,0.15515271,0
1.0,0.84285,0.14766815,0
1.0,0.8266292,0.13170023,0
1.0,0.79171544,0.11605043,0
1.0,0.81086665,0.124097854,0
1.0,0.8353104,0.13135742,0
1.0,0.77303517,0.105097346,0
1.0,0.7174439,0.07848859,0
1.0,0.7571169,0.06745019,0
1.0,0.767282,0.06853053,0
1.0,0.7617694,0.069524385,0
1.0,0.77677053,0.07049118,0
1.0,0.80718976,0.07633008,0
1.0,0.8357253,0.09131324,0
1.0,0.8355546,0.099312894,0
1.0,0.80129117,0.09492913,0
1.0,0.8527669,0.10589145,0
1.0,0.84582233,0.101735964,0
1.0,0.8701594,0.11276896,0
1.0,0.8341351,0.09378801,0
1.0,0.87449306,0.10838289,0
1.0,0.8781002,0.111877345,0
1.0,0.9129689,0.12968513,0
1.0,0.871944,0.10807143,0
1.0,0.90894973,0.1260782,0
1.0,0.8887803,0.11050659,0
1.0,0.89667386,0.114318684,0
1.0,0.85105324,0.091795,0
1.0,0.89008343,0.10585414,0
1.0,0.8636753,0.091560446,0
1.0,0.8709405,0.08857351,0
1.0,0.8107897,0.0644113,0
1.0,0.86479336,0.07853122,0
1.0,0.8504944,0.078259766,0
1.0,0.8816706,0.09901354,0
1.0,0.8435655,0.08759346,0
1.0,0.88972366,0.10853761,0
1.0,0.8888831,0.10890599,0
1.0,0.9005857,0.116670035,0
1.0,0.85030144,0.093212344,0
1.0,0.9006535,0.11194167,0
1.0,0.9145145,0.11470907,0
1.0,0.90855575,0.10784426,0
1.0,0.87968004,0.09329057,0
1.0,0.8999815,0.09835065,0
1.0,0.8810423,0.08410452,0
1.0,0.8404544,0.064978,0
1.0,0.82384604,0.0516471,0
1.0,0.84605193,0.044804327,0
1.0,0.8619022,0.048253514,0
1.0,0.84045196,0.052456737,0
1.0,0.8281927,0.053692546,0
1.0,0.84884924,0.05853245,0
1.0,0.8275051,0.05281228,0
1.0,0.81157136,0.049332764,0
1.0,0.7887597,0.055540126,0
1.0,0.8056265,0.05765719,0
1.0,0.8090762,0.05812729,0
1.0,0.8001776,0.057972956,0
1.0,0.7567293,0.056804027,0
1.0,0.8132324,0.058066003,0
1.0,0.79783666,0.056431334,0
1.0,0.7902879,0.05595624,0
1.0,0.7620104,0.054479428,0
1.0,0.80263793,0.05999457,0
1.0,0.7445526,0.06015183,0
1.0,0.7746731,0.053842735,0
1.0,0.72119224,0.057986014,0
1.0,0.8036585,0.050114896,0
1.0,0.75364095,0.050740812,0
1.0,0.7626814,0.047213778,0
1.0,0.7044698,0.056798078,0
1.0,0.78462917,0.046647675,0
1.0,0.74227244,0.047644503,0
1.0,0.7521175,0.048250034,0
1.0,0.7241835,0.05208551,0
1.0,0.8143467,0.056731746,0
1.0,0.8146489,0.063597016,0
1.0,0.8046248,0.063056566,0
1.0,0.80666524,0.063654944,0
1.0,0.8614677,0.074340336,0
1.0,0.79338217,0.06828715,0
1.0,0.7550221,0.06965354,0
1.0,0.8335438,0.07145045,0
1.0,0.8790381,0.07519361,0
1.0,0.8467744,0.07079018,0
1.0,0.84691256,0.07081243,0
1.0,0.87520665,0.070108145,0
1.0,0.8750311,0.06930117,0
1.0,0.8385603,0.06617947,0
1.0,0.824058,0.06521771,0
1.0,0.8777037,0.07629718,0
1.0,0.89152133,0.08510147,0
1.0,0.8865349,0.083668455,0
1.0,0.8821571,0.085786,0
1.0,0.9248185,0.09537965,0
1.0,0.92830276,0.09428705,0
1.0,0.8971067,0.08600919,0
1.0,0.9019657,0.08303559,0
1.0,0.92891246,0.088921234,0
1.0,0.92275655,0.08730467,0
1.0,0.88323164,0.079130754,0
1.0,0.8814958,0.07810305,0
1.0,0.8982286,0.08428827,0
1.0,0.88476664,0.079216786,0
1.0,0.8452609,0.0790129,0
1.0,0.8463284,0.08145881,0
1.0,0.8185612,0.07834983,0
1.0,0.78554034,0.078364104,0
1.0,0.727062,0.088130794,0
1.0,0.77746725,0.07721828,0
1.0,0.8010782,0.07276328,0
1.0,0.8316435,0.07389117,0
1.0,0.8243534,0.06977777,0
1.0,0.8791223,0.06593433,0
1.0,0.87697417,0.06334418,0
1.0,0.8384059,0.06022843,0
1.0,0.77920806,0.06303497,0
1.0,0.8495722,0.06375159,0
1.0,0.84456056,0.059549548,0
1.0,0.8028243,0.056071244,0
1.0,0.7689758,0.05603793,0
1.0,0.8011686,0.056432143,0
1.0,0.78669006,0.04695441,0
1.0,0.7345045,0.048433233,0
1.0,0.7016239,0.06338012,0
1.0,0.7665215,0.05666447,0
1.0,0.79366267,0.052954145,0
1.0,0.7487221,0.05791211,0
1.0,0.7131158,0.06491363,0
1.0,0.7683785,0.054878153,0
1.0,0.79250443,0.052884407,0
1.0,0.7540688,0.058399923,0
1.0,0.73422223,0.06378028,0
1.0,0.7447894,0.062061176,0
1.0,0.75134146,0.05558742,0
1.0,0.7015749,0.061947457,0
1.0,0.6219578,0.066938885,0
1.0,0.627793,0.054555226,0
1.0,0.6440128,0.05149147,0
1.0,0.63919985,0.05232314,0
1.0,0.57805306,0.069017775,0
1.0,0.63584214,0.059372764,0
1.0,0.6440865,0.0600783,0
1.0,0.65760344,0.061374415,0
1.0,0.6000688,0.08272606,0
1.0,0.66311157,0.07256306,0
1.0,0.6975527,0.06579011,0
1.0,0.7694021,0.06262122,0
1.0,0.6901341,0.065006435,0
1.0,0.7732373,0.0614287,0
1.0,0.77420527,0.06373515,0
1.0,0.8232904,0.077688016,0
1.0,0.78362054,0.08264112,0
1.0,0.844748,0.0954659,0
1.0,0.84194046,0.098021135,0
1.0,0.8753671,0.10705791,0
1.0,0.7821914,0.08365959,0
1.0,0.8247841,0.0898601,0
1.0,0.82835764,0.092495084,0
1.0,0.85959107,0.10795978,0
1.0,0.82038814,0.096767,0
1.0,0.8891122,0.123493016,0
1.0,0.8632893,0.112075895,0
1.0,0.91267323,0.12770706,0
1.0,0.8439303,0.09483906,0
1.0,0.8909541,0.11197008,0
1.0,0.8755153,0.11780323,0
1.0,0.912486,0.13356826,0
1.0,0.8787364,0.11770899,0
1.0,0.889022,0.122124776,0
1.0,0.8464144,0.101863824,0
1.0,0.8621574,0.10913656,0
1.0,0.80132896,0.08856031,0
1.0,0.80260605,0.084401615,0
1.0,0.776141,0.08133923,0
1.0,0.8351178,0.10248247,0
1.0,0.79144454,0.090976804,0
1.0,0.7574736,0.0787093,0
1.0,0.75409436,0.08056554,0
1.0,0.790071,0.09395141,0
1.0,0.8061338,0.10171881,0
1.0,0.7636204,0.08885111,0
1.0,0.7560622,0.08684828,0
1.0,0.8012071,0.09777709,0
1.0,0.79091954,0.08303017,0
1.0,0.71655375,0.07032439,0
1.0,0.75450695,0.07170401,0
1.0,0.7641293,0.07667663,0
1.0,0.76585686,0.075540885,0
1.0,0.6653611,0.058545258,0
1.0,0.6973216,0.0724082,0
1.0,0.7828023,0.0997189,0
1.0,0.7915469,0.100195944,0
1.0,0.718751,0.08048968,0
1.0,0.7805555,0.09643229,0
1.0,0.83246905,0.11607359,0
1.0,0.7885177,0.1026547,0
1.0,0.71776927,0.08592239,0
1.0,0.79146385,0.10203249,0
1.0,0.8119964,0.105022565,0
1.0,0.7564622,0.08646582,0
1.0,0.66521525,0.067242295,0
1.0,0.7331303,0.08064516,0
1.0,0.76676166,0.08848727,0
1.0,0.7333084,0.07459709,0
1.0,0.65172064,0.06344724,0
1.0,0.7081464,0.06941271,0
1.0,0.72167325,0.07503493,0
1.0,0.69137377,0.07204629,0
1.0,0.6812515,0.07227943,0
1.0,0.7541793,0.084332086,0
1.0,0.7650118,0.08903851,0
1.0,0.7850822,0.096240155,0
1.0,0.7709566,0.091413856,0
1.0,0.7758526,0.092214786,0
1.0,0.7388403,0.07762085,0
1.0,0.7152907,0.07228299,0
1.0,0.7451323,0.078367114,0
1.0,0.72467256,0.07248874,0
1.0,0.708743,0.065274954,0
1.0,0.75114447,0.07774171,0
1.0,0.76673263,0.08334737,0
1.0,0.7198768,0.06125561,0
1.0,0.72281206,0.054391287,0
1.0,0.747859,0.060332112,0
1.0,0.8195016,0.094846725,0
1.0,0.8000399,0.09205305,0
1.0,0.8101757,0.10085493,0
1.0,0.8136407,0.10277876,0
1.0,0.87671894,0.1326999,0
1.0,0.8504459,0.11780186,0
1.0,0.8248284,0.106389485,0
1.0,0.80785114,0.09921847,0
1.0,0.84337926,0.1167908,0
1.0,0.8106932,0.10161588,0
1.0,0.77813894,0.08652351,0
1.0,0.76059085,0.07902534,0
1.0,0.8112603,0.1124555,0
1.0,0.8006,0.10528922,0
1.0,0.75342363,0.07390225,0
1.0,0.7358897,0.060262892,0
1.0,0.78890795,0.07732961,0
1.0,0.7687144,0.06859997,0
1.0,0.72107357,0.05030181,0
1.0,0.68172795,0.040198453,0
1.0,0.7421147,0.052463677,0
1.0,0.7130864,0.04548739,0
1.0,0.6812817,0.040958185,0
1.0,0.6642234,0.037452366,0
1.0,0.68490046,0.042798,0
1.0,0.6582834,0.043077916,0
1.0,0.6563714,0.0475491,0
1.0,0.6959313,0.06737389,0
1.0,0.70255935,0.06961016,0
1.0,0.71827567,0.07354097,0
1.0,0.75308347,0.08551648,0
1.0,0.7406665,0.07970193,0
1.0,0.7686539,0.08431126,0
1.0,0.8026795,0.09449895,0
1.0,0.8165399,0.09728293,0
1.0,0.82551664,0.09915252,0
1.0,0.82097125,0.09444553,0
1.0,0.8276594,0.09687778,0
1.0,0.8314924,0.096505396,0
1.0,0.84968513,0.103168935,0
1.0,0.83539724,0.09977026,0
1.0,0.8517936,0.1140495,0
1.0,0.8438035,0.110799536,0
1.0,0.8728454,0.12976572,0
1.0,0.8335435,0.100353785,0
1.0,0.84735256,0.105388045,0
1.0,0.82630754,0.09727816,0
1.0,0.8493907,0.11743478,0
1.0,0.79812235,0.09637928,0
1.0,0.8083186,0.099745765,0
1.0,0.75996876,0.085498676,0
1.0,0.7835335,0.09439589,0
1.0,0.7345782,0.07839215,0
1.0,0.73443973,0.07849047,0
1.0,0.6827403,0.06701063,0
1.0,0.7408779,0.08886584,0
1.0,0.66488785,0.080941565,0
1.0,0.6652404,0.0732971,0
1.0,0.63345885,0.07419387,0
1.0,0.6938225,0.074389234,0
1.0,0.6553642,0.09695369,0
1.0,0.6858362,0.099879384,0
1.0,0.6510513,0.1053254,0
1.0,0.6908582,0.0972097,0
1.0,0.65976644,0.10753091,0
1.0,0.69163525,0.10094095,0
1.0,0.6950655,0.102191284,0
1.0,0.751292,0.10068169,0
1.0,0.7582813,0.10331446,0
1.0,0.7592224,0.10558359,0
1.0,0.7967064,0.108556546,0
1.0,0.8001908,0.10737552,0
1.0,0.7310479,0.109417796,0
1.0,0.71222603,0.10556105,0
1.0,0.779116,0.10101144,0
1.0,0.7770977,0.097907834,0
1.0,0.72916234,0.10715009,0
1.0,0.7099513,0.105411634,0
1.0,0.7693981,0.09859743,0
1.0,0.75431174,0.093876526,0
1.0,0.67373145,0.11027835,0
1.0,0.6166493,0.13121405,0
1.0,0.70217294,0.102453776,0
1.0,0.648784,0.12047144,0
1.0,0.57760465,0.15801463,0
1.0,0.53723806,0.18927836,0
1.0,0.6301266,0.13163489,0
1.0,0.6074793,0.12825829,0
1.0,0.56972605,0.14008564,0
1.0,0.5337111,0.15721056,0
1.0,0.5857427,0.1248973,0
1.0,0.52663517,0.13406785,0
1.0,0.48056385,0.13268405,0
1.0,0.46733245,0.11983308,0
1.0,0.4914558,0.105750926,0
1.0,0.48162207,0.11536203,0
1.0,0.49942267,0.10209453,0
1.0,0.484805,0.11114419,0
1.0,0.50296205,0.105902925,0
1.0,0.50303155,0.1074653,0
1.0,0.5258162,0.09557244,0
1.0,0.5132861,0.09469321,0
1.0,0.543584,0.07215091,0
1.0,0.51862276,0.08343391,0
1.0,0.54217637,0.07284846,0
1.0,0.5263824,0.081975624,0
1.0,0.5604428,0.06685569,0
1.0,0.54339325,0.07681174,0
1.0,0.55295146,0.0614728,0
1.0,0.526551,0.06961334,0
1.0,0.5647677,0.05620035,0
1.0,0.57281446,0.051057342,0
1.0,0.67395973,0.037286952,0
1.0,0.61328167,0.044478618,0
1.0,0.68932337,0.036750138,0
1.0,0.6632744,0.040967867,0
1.0,0.71772075,0.040095564,0
1.0,0.71936285,0.03767208,0
1.0,0.78106934,0.04812049,0
1.0,0.76422954,0.047362935,0
1.0,0.82824045,0.062552206,0
1.0,0.76815104,0.04734148,0
1.0,0.7996139,0.053921238,0
1.0,0.76962924,0.047635928,0
1.0,0.815064,0.05946958,0
1.0,0.7583238,0.04820322,0
1.0,0.7913389,0.05324454,0
1.0,0.76829034,0.05352376,0
1.0,0.8056786,0.06316699,0
1.0,0.7357104,0.04831831,0
1.0,0.76455337,0.056285232,0
1.0,0.7420664,0.05318958,0
1.0,0.7982993,0.066663414,0
1.0,0.73063,0.051027425,0
1.0,0.7499594,0.055023003,0
1.0,0.712123,0.04462875,0
1.0,0.7122142,0.044536497,0
1.0,0.6798801,0.0412741,0
1.0,0.6767273,0.0410403,0
1.0,0.66293174,0.038449414,0
1.0,0.6742232,0.039245218,0
1.0,0.5605778,0.044746608,0
1.0,0.5506126,0.045465894,0
1.0,0.55557114,0.04316137,0
1.0,0.6011302,0.036676437,0
1.0,0.58481234,0.036019906,0
1.0,0.60626704,0.03406802,0
1.0,0.6161343,0.038781565,0
1.0,0.6650512,0.041265033,0
1.0,0.63940406,0.03941997,0
1.0,0.6519108,0.044513963,0
1.0,0.6655992,0.046292882,0
1.0,0.68058735,0.050834917,0
1.0,0.65938807,0.05166106,0
1.0,0.6826418,0.057490073,0
1.0,0.7019926,0.061344888,0
1.0,0.72217125,0.065898016,0
1.0,0.7095879,0.062456243,0
1.0,0.7343005,0.074490085,0
1.0,0.7463548,0.07542385,0
1.0,0.7405744,0.07220186,0
1.0,0.70161486,0.072451785,0
1.0,0.71497774,0.08244838,0
1.0,0.7509186,0.099617794,0
1.0,0.7788247,0.12296236,0
1.0,0.72764236,0.09895549,0
1.0,0.7762846,0.12626934,0
1.0,0.77846557,0.12902248,0
1.0,0.80303717,0.1445397,0
1.0,0.70425487,0.100696616,0
1.0,0.7621386,0.14210288,0
1.0,0.74338543,0.13980183,0
1.0,0.8388826,0.22562581,0
1.0,0.7556982,0.16289528,0
1.0,0.8127767,0.20488286,0
1.0,0.800449,0.19508933,0
1.0,0.8934903,0.2709655,0
1.0,0.8103504,0.1985574,0
1.0,0.87025607,0.24769248,0
1.0,0.8364715,0.20296735,0
1.0,0.91344255,0.27286685,0
1.0,0.83397394,0.20897667,0
1.0,0.87669885,0.24286006,0
1.0,0.8614785,0.24835113,0
1.0,0.9370697,0.32775563,0
1.0,0.88914984,0.2742545,0
1.0,0.9230892,0.3144104,0
1.0,0.8981327,0.29135877,0
1.0,0.9342838,0.33682907,0
1.0,0.89098567,0.30508208,0
1.0,0.91431165,0.36876157,0
1.0,0.89573216,0.3914054,0
1.0,0.942868,0.46036384,0
1.0,0.91895264,0.4323298,0
1.0,0.93021584,0.44840622,0
1.0,0.9355041,0.44595063,0
1.0,0.95273924,0.4497772,0
1.0,0.9467488,0.43936726,0
1.0,0.95544374,0.44208834,0
1.0,0.95202434,0.44181055,0
1.0,0.96227133,0.46005806,0
1.0,0.9538084,0.43277133,0
1.0,0.9500989,0.42934117,0
1.0,0.94567615,0.4112031,0
1.0,0.9527699,0.3966566,0
1.0,0.95019966,0.39408273,0
1.0,0.94632125,0.39200008,0
1.0,0.9313109,0.3965451,0
1.0,0.9291869,0.4217496,0
1.0,0.9410355,0.44964775,0
1.0,0.9387502,0.45122492,0
1.0,0.92859185,0.43787262,0
1.0,0.9389984,0.45337427,0
1.0,0.9533268,0.4584164,0
1.0,0.947702,0.43881106,0
1.0,0.9404809,0.41427678,0
1.0,0.9456909,0.41484007,0
1.0,0.9546509,0.41815203,0
1.0,0.95377713,0.4087982,0
1.0,0.9264434,0.37637913,0
1.0,0.91523594,0.35904133,0
1.0,0.90906674,0.33468056,0
1.0,0.8968727,0.27929854,0
1.0,0.8468791,0.2151998,0
1.0,0.8307903,0.1967192,0
1.0,0.87347966,0.20824055,0
1.0,0.8801269,0.20612572,0
1.0,0.81399727,0.16439602,0
1.0,0.8257291,0.18465263,0
1.0,0.8306387,0.19112802,0
1.0,0.86453104,0.21601117,0
1.0,0.8148067,0.18000762,0
1.0,0.80249166,0.17227942,0
1.0,0.76935095,0.15286465,0
1.0,0.8073135,0.16363022,0
1.0,0.7660493,0.13849756,0
1.0,0.73329544,0.12286484,0
1.0,0.70054376,0.1064584,0
1.0,0.7280539,0.11493198,0
1.0,0.65895844,0.0750846,0
1.0,0.6191995,0.05611772,0
1.0,0.6010813,0.049837604,0
1.0,0.63063747,0.04746236,0
1.0,0.61711717,0.046529293,0
1.0,0.61887246,0.044545926,0
1.0,0.610673,0.051887754,0
1.0,0.6403339,0.056061745,0
1.0,0.61118376,0.054136768,0
1.0,0.59590626,0.054416932,0
1.0,0.5437647,0.06447503,0
1.0,0.56140894,0.060549766,0
1.0,0.54267204,0.05812949,0
1.0,0.5423229,0.059852645,0
1.0,0.5174634,0.063814744,0
1.0,0.53597945,0.06319067,0
1.0,0.5207234,0.063037775,0
1.0,0.5317023,0.062279068,0
1.0,0.5118255,0.072039306,0
1.0,0.52927536,0.06591013,0
1.0,0.4895663,0.08004144,0
1.0,0.5099239,0.075080946,0
1.0,0.48030278,0.09564262,0
1.0,0.50532496,0.084240966,0
1.0,0.45510036,0.117577925,0
1.0,0.46552837,0.11606524,0
1.0,0.45200485,0.12589082,0
1.0,0.4727157,0.11561769,0
1.0,0.45590746,0.12485829,0
1.0,0.50776017,0.09988308,0
1.0,0.5719571,0.073288105,0
1.0,0.63429326,0.061015993,0
1.0,0.6066099,0.06662567,0
1.0,0.69926304,0.05518935,0
1.0,0.6960841,0.05730964,0
1.0,0.6885298,0.057102915,0
1.0,0.6384437,0.061674155,0
1.0,0.73567766,0.056856796,0
1.0,0.7291105,0.05271448,0
1.0,0.7348017,0.053253688,0
1.0,0.6592701,0.048856206,0
1.0,0.7465543,0.05505969,0
1.0,0.7333581,0.05283066,0
1.0,0.7397006,0.052305646,0
1.0,0.65765494,0.06587179,0
1.0,0.742508,0.08117989,0
1.0,0.72556436,0.08507964,0
1.0,0.79477817,0.12691611,0
1.0,0.7670564,0.11898081,0
1.0,0.8156101,0.14511235,0
1.0,0.8334118,0.15749165,0
1.0,0.8773861,0.18064049,0
1.0,0.81883305,0.14889437,0
1.0,0.8432031,0.18987036,0
1.0,0.81168574,0.18874507,0
1.0,0.85362226,0.22314014,0
1.0,0.81919813,0.20606717,0
1.0,0.77538085,0.177322,0
1.0,0.7994475,0.19390489,0
1.0,0.85286397,0.24692567,0
1.0,0.812101,0.20884798,0
1.0,0.78273064,0.1932731,0
1.0,0.8169557,0.23027523,0
1.0,0.8864648,0.30098435,0
1.0,0.882989,0.3101552,0
1.0,0.8460333,0.27855235,0
1.0,0.8955204,0.33081993,0
1.0,0.9168513,0.3554113,0
1.0,0.903155,0.34782848,0
1.0,0.86448634,0.3437173,0
1.0,0.90194297,0.39432722,0
1.0,0.902073,0.3988467,0
1.0,0.8749492,0.38245082,0
1.0,0.81858575,0.32473674,0
1.0,0.87265223,0.3906864,0
1.0,0.86756426,0.4013722,0
1.0,0.86961854,0.37749547,0
1.0,0.77847385,0.28320017,0
1.0,0.8442952,0.35475504,0
1.0,0.829663,0.3161325,0
1.0,0.8371335,0.33403945,0
1.0,0.7696108,0.27391455,0
1.0,0.8187724,0.3186897,0
1.0,0.8251774,0.33045903,0
1.0,0.8362217,0.35451967,0
1.0,0.7563612,0.27733368,0
1.0,0.8063656,0.33677524,0
1.0,0.77764034,0.30538282,0
1.0,0.74143296,0.27054417,0
1.0,0.68848187,0.23346025,0
1.0,0.68298846,0.2340307,0
1.0,0.68682665,0.23711623,0
1.0,0.6886363,0.24663766,0
1.0,0.6504004,0.22708428,0
1.0,0.69331944,0.28388703,0
1.0,0.7333141,0.3192842,0
1.0,0.71927905,0.30584127,0
1.0,0.74639493,0.34102377,0
1.0,0.76218486,0.35021955,0
1.0,0.7735387,0.3677912,0
1.0,0.7737194,0.36843947,0
1.0,0.7966577,0.3644132,0
1.0,0.8094675,0.37271118,0
1.0,0.8197398,0.38181534,0
1.0,0.8205202,0.3875351,0
1.0,0.84510607,0.4370542,0
1.0,0.8604719,0.45966202,0
1.0,0.8568401,0.45741418,0
1.0,0.8657563,0.49161667,0
1.0,0.8853283,0.5196714,0
1.0,0.8928395,0.53446174,0
1.0,0.87316185,0.5269828,0
1.0,0.88668174,0.5423032,0
1.0,0.8752091,0.54174596,0
1.0,0.88768613,0.5759151,0
1.0,0.87314665,0.55644,0
1.0,0.88129157,0.56669533,0
1.0,0.8754762,0.5292123,0
1.0,0.8698143,0.49610206,0
1.0,0.86255175,0.49900392,0
1.0,0.8733227,0.5197259,0
1.0,0.8497664,0.49866062,0
1.0,0.85679495,0.540905,0
1.0,0.85972744,0.5521828,0
1.0,0.867042,0.56387776,0
1.0,0.83984375,0.5140034,0
1.0,0.86245203,0.5253462,0
1.0,0.8496956,0.5267965,0
1.0,0.8462123,0.52825385,0
1.0,0.81808454,0.4866984,0
1.0,0.84245706,0.5228886,0
1.0,0.8607079,0.5390177,0
1.0,0.8693458,0.53981894,0
1.0,0.8779822,0.5508059,0
1.0,0.8989516,0.57858264,0
1.0,0.9119326,0.6104716,0
1.0,0.9210732,0.6336399,0
1.0,0.93107873,0.6626374,0
1.0,0.9425576,0.6911491,0
1.0,0.9430469,0.6755914,0
1.0,0.94698626,0.65928245,0
1.0,0.9517128,0.65705115,0
1.0,0.9551034,0.6423762,0
1.0,0.9523736,0.62538177,0
1.0,0.9538386,0.63394356,0
1.0,0.95837474,0.63988596,0
1.0,0.9632438,0.6598897,0
1.0,0.9610429,0.67353183,0
1.0,0.9598374,0.684484,0
1.0,0.9628382,0.7087965,0
1.0,0.9655339,0.71555936,0
1.0,0.964393,0.6966368,0
1.0,0.964439,0.68891585,0
1.0,0.96852386,0.6865351,0
1.0,0.9707791,0.659927,0
1.0,0.9687321,0.6667593,0
1.0,0.9682608,0.6767894,0
1.0,0.9679576,0.6575911,0
1.0,0.9649685,0.63040787,0
1.0,0.9630796,0.584674,0
1.0,0.9653356,0.56600213,0
1.0,0.96934927,0.5604026,0
1.0,0.96606845,0.5456465,0
1.0,0.9623613,0.5472019,0
1.0,0.96459574,0.5676767,0
1.0,0.9626512,0.5764898,0
1.0,0.96431845,0.58048785,0
1.0,0.9600761,0.553247,0
1.0,0.9616884,0.5438464,0
1.0,0.96011835,0.5215926,0
1.0,0.956622,0.51209414,0
1.0,0.9474429,0.51797324,0
1.0,0.9480843,0.5319128,0
1.0,0.9455139,0.5478004,0
1.0,0.93772686,0.5405838,0
1.0,0.9343352,0.5263212,0
1.0,0.9408641,0.5226482,0
1.0,0.942615,0.4921515,0
1.0,0.93952864,0.457215,0
1.0,0.9435816,0.4539554,0
1.0,0.9455284,0.4414031,0
1.0,0.9531659,0.44049865,0
1.0,0.95936435,0.44603825,0
1.0,0.9429634,0.42533132,0
1.0,0.9403179,0.4194907,0
1.0,0.9365729,0.39764225,0
1.0,0.9345469,0.39631224,0
1.0,0.9009748,0.34987658,0
1.0,0.8955999,0.32436794,0
1.0,0.91407084,0.36758757,0
1.0,0.9279078,0.4091645,0
1.0,0.9101379,0.40238166,0
1.0,0.912975,0.4130357,0
1.0,0.9348791,0.44213852,0
1.0,0.9388651,0.4565937,0
1.0,0.9138857,0.42847976,0
1.0,0.91491365,0.42046177,0
1.0,0.9379355,0.44119853,0
1.0,0.9432697,0.44820485,0
1.0,0.9128819,0.41178823,0
1.0,0.90673923,0.38683635,0
1.0,0.9213481,0.3833384,0
1.0,0.9350912,0.37875292,0
1.0,0.900693,0.32226297,0
1.0,0.8964797,0.31316352,0
1.0,0.91114116,0.3162644,0
1.0,0.92620593,0.35252988,0
1.0,0.93350804,0.37790978,0
1.0,0.9378065,0.38628998,0
1.0,0.9480562,0.41635564,0
1.0,0.960043,0.44066155,0
1.0,0.9621605,0.43505037,0
1.0,0.9572544,0.41650742,0
1.0,0.9541322,0.3972547,0
1.0,0.9541846,0.39465815,0
1.0,0.9588827,0.41011637,0
1.0,0.95237744,0.4072879,0
1.0,0.94632465,0.39449143,0
1.0,0.9443796,0.37254816,0
1.0,0.9433508,0.35448477,0
1.0,0.9258667,0.32319987,0
1.0,0.92691445,0.29127014,0
1.0,0.94280845,0.27517825,0
1.0,0.94885343,0.2650656,0
1.0,0.9320912,0.2465166,0
1.0,0.9383234,0.26283595,0
1.0,0.93424463,0.2570371,0
1.0,0.9453181,0.2589847,0
1.0,0.92722416,0.24567227,0
1.0,0.93827075,0.26014635,0
1.0,0.93159336,0.26240182,0
1.0,0.9329762,0.28920525,0
1.0,0.8862542,0.25410414,0
1.0,0.9091496,0.2725991,0
1.0,0.87843794,0.2482208,0
1.0,0.8605215,0.23326631,0
1.0,0.8152401,0.19565383,0
1.0,0.86534166,0.23001395,0
1.0,0.8255191,0.1802268,0
1.0,0.80698085,0.15653306,0
1.0,0.7493977,0.11908206,0
1.0,0.8032562,0.1360769,0
1.0,0.78815144,0.12352046,0
1.0,0.8043116,0.12549807,0
1.0,0.76088834,0.10825631,0
1.0,0.8166002,0.141557,0
1.0,0.7427931,0.10958813,0
1.0,0.78507954,0.13232666,0
1.0,0.781532,0.13297191,0
1.0,0.8372679,0.18202078,0
1.0,0.8155992,0.18433717,0
1.0,0.8418913,0.20883322,0
1.0,0.8472006,0.21391371,0
1.0,0.8720788,0.23398803,0
1.0,0.83878195,0.20838223,0
1.0,0.87596476,0.23768911,0
1.0,0.8950537,0.25442076,0
1.0,0.9108235,0.2544095,0
1.0,0.8947384,0.23515874,0
1.0,0.9238958,0.2582273,0
1.0,0.9218455,0.24816519,0
1.0,0.9094242,0.22966865,0
1.0,0.88381183,0.20070484,0
1.0,0.91195756,0.19123816,0
1.0,0.9209365,0.20047137,0
1.0,0.9297872,0.21952637,0
1.0,0.91310203,0.20507507,0
1.0,0.92827255,0.21662971,0
1.0,0.93208194,0.21161066,0
1.0,0.9229072,0.19516577,0
1.0,0.8844736,0.17004097,0
1.0,0.886323,0.17311206,0
1.0,0.8853403,0.17336313,0
1.0,0.8718068,0.16030034,0
1.0,0.8103094,0.12897943,0
1.0,0.8210374,0.14469525,0
1.0,0.8262499,0.14603151,0
1.0,0.8130091,0.13679823,0
1.0,0.7411052,0.097551554,0
1.0,0.73417854,0.08602543,0
1.0,0.6974699,0.06811601,0
1.0,0.6911903,0.055059876,0
1.0,0.650138,0.041796856,0
1.0,0.675213,0.038938545,0
1.0,0.68235403,0.03914433,0
1.0,0.72899014,0.044744994,0
1.0,0.72799474,0.04735316,0
1.0,0.73344636,0.05123946,0
1.0,0.7398044,0.052392393,0
1.0,0.76854044,0.0635715,0
1.0,0.7765171,0.069167614,0
1.0,0.78472173,0.07730514,0
1.0,0.78080076,0.07704525,0
1.0,0.81583333,0.09334211,0
1.0,0.83193153,0.09887017,0
1.0,0.7922166,0.08013505,0
1.0,0.7830532,0.0774086,0
1.0,0.82281953,0.08772023,0
1.0,0.83741987,0.09385811,0
1.0,0.80188286,0.079021,0
1.0,0.78436464,0.07205854,0
1.0,0.8146209,0.08418465,0
1.0,0.83367884,0.09000674,0
1.0,0.79764503,0.07146167,0
1.0,0.7825581,0.07826881,0
1.0,0.82582206,0.11690535,0
1.0,0.8603818,0.1352218,0
1.0,0.81242126,0.102166414,0
1.0,0.80732334,0.097530246,0
1.0,0.8505606,0.11589044,0
1.0,0.8325904,0.11444406,0
1.0,0.7643787,0.089533314,0
1.0,0.75845027,0.10406616,0
1.0,0.82737565,0.15197758,0
1.0,0.84351623,0.16646299,0
1.0,0.7895526,0.1361978,0
1.0,0.79142517,0.13689445,0
1.0,0.8697227,0.18925811,0
1.0,0.87850934,0.19087294,0
1.0,0.87817657,0.18392622,0
1.0,0.8685042,0.18091509,0
1.0,0.9187883,0.2205764,0
1.0,0.91701657,0.2096642,0
1.0,0.8837893,0.17682478,0
1.0,0.85790896,0.15723732,0
1.0,0.91376895,0.1929811,0
1.0,0.9159469,0.19711208,0
1.0,0.8952499,0.18301412,0
1.0,0.8661,0.15839428,0
1.0,0.9016403,0.18458153,0
1.0,0.87553304,0.16908622,0
1.0,0.83512604,0.14248571,0
1.0,0.7871634,0.11752365,0
1.0,0.83567446,0.14302951,0
1.0,0.83484894,0.14053418,0
1.0,0.8157507,0.12905318,0
1.0,0.7584721,0.09108426,0
1.0,0.8009751,0.08912678,0
1.0,0.76882726,0.073756754,0
1.0,0.7606639,0.07042696,0
1.0,0.68574345,0.058549307,0
1.0,0.7198263,0.06378962,0
1.0,0.67475486,0.04999044,0
1.0,0.6023935,0.04696562,0
1.0,0.5488811,0.045932952,0
1.0,0.58980674,0.04126855,0
1.0,0.62184834,0.039407507,0
1.0,0.59896517,0.039916653,0
1.0,0.62846863,0.03725239,0
1.0,0.6337864,0.036061004,0
1.0,0.64287955,0.0363802,0
1.0,0.6084787,0.036487192,0
1.0,0.6896029,0.036867786,0
1.0,0.6540839,0.03182131,0
1.0,0.68805486,0.03331817,0
1.0,0.62017685,0.031589307,0
1.0,0.67741394,0.032895498,0
1.0,0.6303653,0.034884788,0
1.0,0.6751453,0.03574287,0
1.0,0.5972532,0.036204364,0
1.0,0.6665869,0.03524594,0
1.0,0.611055,0.035446282,0
1.0,0.6582654,0.035766594,0
1.0,0.58063066,0.04594233,0
1.0,0.6455192,0.038128488,0
1.0,0.5853374,0.041755587,0
1.0,0.6289119,0.043819033,0
1.0,0.58173025,0.046267457,0
1.0,0.70374864,0.05245795,0
1.0,0.6777888,0.058374673,0
1.0,0.7192939,0.07375613,0
1.0,0.7083687,0.07245167,0
1.0,0.8040124,0.104197055,0
1.0,0.7907282,0.098511994,0
1.0,0.80016184,0.102975324,0
1.0,0.76173615,0.088807076,0
1.0,0.82484245,0.1124537,0
1.0,0.83490384,0.10216434,0
1.0,0.82701063,0.09370822,0
1.0,0.8040475,0.084443405,0
1.0,0.84102154,0.10369507,0
1.0,0.84333146,0.11246063,0
1.0,0.84811056,0.11312816,0
1.0,0.81606525,0.09734981,0
1.0,0.8612956,0.12094283,0
1.0,0.84823155,0.11595517,0
1.0,0.84247476,0.1150808,0
1.0,0.80244505,0.09276359,0
1.0,0.8474119,0.113469124,0
1.0,0.8323657,0.10515737,0
1.0,0.8321208,0.10691207,0
1.0,0.7821778,0.09104304,0
1.0,0.7934214,0.09972167,0
1.0,0.7827558,0.0971926,0
1.0,0.78445584,0.100654185,0
1.0,0.75945294,0.0930289,0
1.0,0.753536,0.100392446,0
1.0,0.76970047,0.11003953,0
1.0,0.76094383,0.098377466,0
1.0,0.7461463,0.09283147,0
1.0,0.6936134,0.07050051,0
1.0,0.6954935,0.060135413,0
1.0,0.71710765,0.059602104,0
1.0,0.7764229,0.077012554,0
1.0,0.7673576,0.07290956,0
1.0,0.7758618,0.075537264,0
1.0,0.7837728,0.082579814,0
1.0,0.8219822,0.105081156,0
1.0,0.79140043,0.086083606,0
1.0,0.81104183,0.10517238,0
1.0,0.82521665,0.12005243,0
1.0,0.864965,0.14852303,0
1.0,0.8304418,0.13015926,0
1.0,0.8374153,0.1273106,0
1.0,0.85753274,0.13917202,0
1.0,0.86488634,0.14691481,0
1.0,0.8249688,0.12091957,0
1.0,0.8115475,0.11385408,0
1.0,0.8259808,0.12167153,0
1.0,0.8135112,0.11625422,0
1.0,0.7833137,0.100507975,0
1.0,0.7535599,0.0870627,0
1.0,0.80235815,0.10790613,0
1.0,0.78923756,0.09987868,0
1.0,0.7858073,0.0955724,0
1.0,0.77725536,0.08980377,0
1.0,0.8279542,0.12773111,0
1.0,0.78864455,0.11775687,0
1.0,0.80111974,0.117989145,0
1.0,0.7902051,0.10646352,0
1.0,0.8477752,0.1341776,0
1.0,0.8155326,0.11306834,0
1.0,0.7846291,0.10062395,0
1.0,0.7809527,0.099439465,0
1.0,0.8556571,0.13962,0
1.0,0.8142797,0.11894583,0
1.0,0.81378055,0.11739189,0
1.0,0.7825104,0.10281049,0
1.0,0.8352709,0.12313548,0
1.0,0.80895245,0.10297422,0
1.0,0.8165524,0.10868023,0
1.0,0.80353886,0.093895935,0
1.0,0.8544788,0.1059062,0
1.0,0.82572174,0.09020144,0
1.0,0.83281744,0.08446872,0
1.0,0.7885506,0.0717368,0
1.0,0.82331455,0.0841747,0
1.0,0.8127269,0.079111315,0
1.0,0.8238368,0.081144676,0
1.0,0.7821136,0.071722314,0
1.0,0.79620457,0.07432005,0
1.0,0.7675801,0.06606526,0
1.0,0.7633262,0.06448518,0
1.0,0.70303094,0.053879328,0
1.0,0.7015265,0.054071862,0
1.0,0.6928428,0.053306956,0
1.0,0.7458138,0.059249617,0
1.0,0.6847802,0.056259267,0
1.0,0.6486134,0.05093746,0
1.0,0.6748712,0.03921783,0
1.0,0.6996237,0.0374355,0
1.0,0.69037366,0.03892602,0
1.0,0.6689339,0.037948832,0
1.0,0.6681918,0.038726978,0
1.0,0.6641617,0.041372452,0
1.0,0.650616,0.04418622,0
1.0,0.64050186,0.04560272,0
1.0,0.64883226,0.045709938,0
1.0,0.64407015,0.046735015,0
1.0,0.68035847,0.041572597,0
1.0,0.66524357,0.045877602,0
1.0,0.6597303,0.05026143,0
1.0,0.6299122,0.04923125,0
1.0,0.67733073,0.041381404,0
1.0,0.66098076,0.04247786,0
1.0,0.67884004,0.042835657,0
1.0,0.6634112,0.04465871,0
1.0,0.7476671,0.043328185,0
1.0,0.7021907,0.04204037,0
1.0,0.73591423,0.04356944,0
1.0,0.67892575,0.05089599,0
1.0,0.7502805,0.04582109,0
1.0,0.75288105,0.050311077,0
1.0,0.7831955,0.049225125,0
1.0,0.73385394,0.05359541,0
1.0,0.79565346,0.053831004,0
1.0,0.805032,0.05435532,0
1.0,0.83356684,0.05746475,0
1.0,0.7898564,0.05296374,0
1.0,0.8395552,0.05794049,0
1.0,0.8272231,0.05657703,0
1.0,0.8234627,0.056466755,0
1.0,0.79133624,0.051682938,0
1.0,0.83957773,0.0579184,0
1.0,0.82117695,0.05562663,0
1.0,0.8082758,0.054300483,0
1.0,0.7740394,0.048868336,0
1.0,0.79979247,0.060942765,0
1.0,0.7923801,0.07439032,0
1.0,0.77626395,0.07267004,0
1.0,0.7505102,0.07682425,0
1.0,0.7663836,0.07156116,0
1.0,0.81293195,0.066270664,0
1.0,0.80453414,0.06319534,0
1.0,0.76288277,0.070065364,0
1.0,0.7784953,0.06784698,0
1.0,0.7522586,0.07075251,0
1.0,0.71215993,0.081680685,0
1.0,0.64875245,0.11190579,0
1.0,0.70683783,0.08977202,0
1.0,0.665801,0.10551833,0
1.0,0.6872575,0.09393391,0
1.0,0.61661184,0.12129523,0
1.0,0.6747096,0.09091346,0
1.0,0.64889395,0.09701675,0
1.0,0.69805175,0.07926448,0
1.0,0.5923065,0.122430176,0
1.0,0.6335121,0.1091557,0
1.0,0.6144037,0.13478905,0
1.0,0.68452865,0.105785474,0
1.0,0.59265274,0.16645497,0
1.0,0.65495324,0.1371083,0
1.0,0.61060303,0.17739946,0
1.0,0.6620992,0.14903486,0
1.0,0.56319046,0.21531045,0
1.0,0.6263006,0.16942826,0
1.0,0.5773927,0.20180127,0
1.0,0.72882634,0.12226355,0
1.0,0.75505185,0.11308573,0
1.0,0.77410364,0.09581913,0
1.0,0.78275335,0.07918686,0
1.0,0.86117744,0.07430436,0
1.0,0.81947136,0.07647525,0
1.0,0.76741695,0.08204332,0
1.0,0.7838061,0.079691716,0
1.0,0.84716,0.07677263,0
1.0,0.8250844,0.07615921,0
1.0,0.7692648,0.08149906,0
1.0,0.80443984,0.0778573,0
1.0,0.86784077,0.07438057,0
1.0,0.85674626,0.07346498,0
1.0,0.8043814,0.07591988,0
1.0,0.8470779,0.07813613,0
1.0,0.88067275,0.0786397,0
1.0,0.84722453,0.07526179,0
1.0,0.8023463,0.07536299,0
1.0,0.8202594,0.077843666,0
1.0,0.84950346,0.08355935,0
1.0,0.817851,0.08526264,0
1.0,0.78284085,0.08033379,0
1.0,0.7990705,0.07239436,0
1.0,0.786689,0.06929457,0
1.0,0.6713599,0.05953203,0
1.0,0.6356653,0.0530208,0
1.0,0.62395537,0.041344237,0
1.0,0.6338811,0.03247223,0
1.0,0.60172594,0.034228764,0
1.0,0.6258755,0.033916295,0
1.0,0.6207224,0.030238058,0
1.0,0.62991047,0.02852961,0
1.0,0.6099557,0.03393874,0
1.0,0.6324417,0.033483356,0
1.0,0.643156,0.03550572,0
1.0,0.6552003,0.035183318,0
1.0,0.6378731,0.036619127,0
1.0,0.65061766,0.03556294,0
1.0,0.65739703,0.036003865,0
1.0,0.6250228,0.037456483,0
1.0,0.65510315,0.03915753,0
1.0,0.66760916,0.0382892,0
1.0,0.72488153,0.044587087,0
1.0,0.69541115,0.03777644,0
1.0,0.72660726,0.043486,0
1.0,0.66405404,0.032745272,0
1.0,0.7221569,0.040197097,0
1.0,0.74710244,0.050212126,0
1.0,0.78372943,0.05970778,0
1.0,0.7283141,0.048350766,0
1.0,0.7939769,0.058739476,0
1.0,0.7913936,0.0567946,0
1.0,0.8081925,0.057758436,0
1.0,0.77466863,0.052286692,0
1.0,0.86152744,0.08631376,0
1.0,0.8816375,0.09799713,0
1.0,0.8857131,0.104812175,0
1.0,0.86535037,0.094241075,0
1.0,0.89714396,0.10760766,0
1.0,0.89164704,0.11108726,0
1.0,0.8472609,0.089701325,0
1.0,0.8192927,0.07851626,0
1.0,0.85761267,0.09339735,0
1.0,0.8710603,0.10020963,0
1.0,0.82368374,0.08528569,0
1.0,0.793586,0.085462265,0
1.0,0.8320526,0.10522113,0
1.0,0.8517568,0.115574,0
1.0,0.79237723,0.08498749,0
1.0,0.7924277,0.086933136,0
1.0,0.8085395,0.09506521,0
1.0,0.7879073,0.08286745,0
1.0,0.70887303,0.048953466,0
1.0,0.721327,0.050900027,0
1.0,0.73764485,0.05754658,0
1.0,0.7356005,0.0607793,0
1.0,0.66249007,0.045939185,0
1.0,0.6751782,0.04880391,0
1.0,0.63517433,0.0409492,0
1.0,0.62179255,0.033898525,0
1.0,0.53499824,0.039133914,0
1.0,0.56735075,0.048581358,0
1.0,0.5788476,0.05072385,0
1.0,0.6065667,0.06513614,0
1.0,0.6050448,0.070552275,0
1.0,0.64749044,0.085247174,0
1.0,0.7016406,0.10573323,0
1.0,0.7225818,0.11432873,0
1.0,0.7449847,0.123930946,0
1.0,0.75964046,0.13497645,0
1.0,0.7984255,0.17116022,0
1.0,0.8049214,0.1754327,0
1.0,0.8134013,0.17714438,0
1.0,0.7787778,0.15261972,0
1.0,0.81662524,0.17568386,0
1.0,0.8204309,0.18135518,0
1.0,0.8214458,0.19472757,0
1.0,0.78774583,0.16047767,0
1.0,0.8113417,0.17238286,0
1.0,0.81049526,0.1730006,0
1.0,0.8035526,0.16790918,0
1.0,0.75098264,0.13438648,0
1.0,0.78523284,0.15364337,0
1.0,0.79945236,0.16112351,0
1.0,0.7998075,0.16422686,0
1.0,0.7580253,0.14827636,0
1.0,0.7678673,0.16057833,0
1.0,0.8364213,0.21334934,0
1.0,0.84578365,0.22237332,0
1.0,0.8127141,0.19608703,0
1.0,0.81674284,0.19929928,0
1.0,0.8555145,0.21889792,0
1.0,0.80836093,0.15566331,0
1.0,0.81936425,0.14688197,0
1.0,0.8143093,0.1383352,0
1.0,0.86159486,0.15555516,0
1.0,0.829547,0.1253265,0
1.0,0.86550224,0.15812528,0
1.0,0.87580085,0.1777242,0
1.0,0.91196084,0.20335777,0
1.0,0.892303,0.18537644,0
1.0,0.90826434,0.18945703,0
1.0,0.9005065,0.16914213,0
1.0,0.91656315,0.17800868,0
1.0,0.91495085,0.18178475,0
1.0,0.91123044,0.18027529,0
1.0,0.9090242,0.18067859,0
1.0,0.90630805,0.17838809,0
1.0,0.9030017,0.15526018,0
1.0,0.898717,0.15061784,0
1.0,0.8896368,0.14769012,0
1.0,0.8685072,0.1342243,0
1.0,0.8528264,0.12611076,0
1.0,0.84952307,0.12433484,0
1.0,0.8240119,0.1135273,0
1.0,0.7885606,0.098460004,0
1.0,0.7759253,0.090742916,0
1.0,0.73990965,0.073169254,0
1.0,0.70987606,0.0654702,0
1.0,0.71547526,0.070755884,0
1.0,0.8073829,0.10730401,0
1.0,0.8351962,0.122081004,0
1.0,0.801888,0.11093749,0
1.0,0.8278123,0.12399621,0
1.0,0.867996,0.1450923,0
1.0,0.8417998,0.13191336,0
1.0,0.84625566,0.13355416,0
1.0,0.8692073,0.14220896,0
1.0,0.8803406,0.1458197,0
1.0,0.87901556,0.13132331,0
1.0,0.86437315,0.11144749,0
1.0,0.88413197,0.12310636,0
1.0,0.8913311,0.13471048,0
1.0,0.89524007,0.1424821,0
1.0,0.89585537,0.14471936,0
1.0,0.9026804,0.14794189,0
1.0,0.9033376,0.1433948,0
1.0,0.8979449,0.1396305,0
1.0,0.87921417,0.13626076,0
1.0,0.8800192,0.13668421,0
1.0,0.8828762,0.15678462,0
1.0,0.90666765,0.18241052,0
1.0,0.8937679,0.17096832,0
1.0,0.8821616,0.17757046,0
1.0,0.8419238,0.16820493,0
1.0,0.84400654,0.17137483,0
1.0,0.8056132,0.14410442,0
1.0,0.7900066,0.13469347,0
1.0,0.73654294,0.10648227,0
1.0,0.790195,0.13601345,0
1.0,0.7203412,0.09578949,0
1.0,0.7097069,0.07992786,0
1.0,0.6417278,0.060166452,0
1.0,0.6966189,0.0735144,0
1.0,0.6414695,0.060289167,0
1.0,0.6661409,0.06812735,0
1.0,0.64643663,0.06518026,0
1.0,0.68400174,0.07368931,0
1.0,0.6369728,0.059809983,0
1.0,0.6813471,0.071020305,0
1.0,0.63694346,0.060866304,0
1.0,0.69580775,0.077874854,0
1.0,0.6559434,0.066809975,0
1.0,0.7053373,0.08652923,0
1.0,0.64531773,0.06892109,0
1.0,0.6885502,0.08510931,0
1.0,0.70369476,0.09621251,0
1.0,0.7328184,0.106422365,0
1.0,0.69645685,0.09196673,0
1.0,0.7470546,0.11254856,0
1.0,0.7773846,0.12046176,0
1.0,0.7680022,0.11431099,0
1.0,0.7901053,0.10994458,0
1.0,0.8036835,0.11033535,0
1.0,0.840781,0.14013016,0
1.0,0.8194804,0.13257831,0
1.0,0.86733955,0.15364152,0
1.0,0.8866886,0.16469592,0
1.0,0.90292203,0.17800313,0
1.0,0.9025285,0.17802721,0
1.0,0.9024061,0.17629178,0
1.0,0.890866,0.17266586,0
1.0,0.9137734,0.19246702,0
1.0,0.89288914,0.18847013,0
1.0,0.9281259,0.2242161,0
1.0,0.9109791,0.21818127,0
1.0,0.9296073,0.23204799,0
1.0,0.91302174,0.20792735,0
1.0,0.94850314,0.22903539,0
1.0,0.9292938,0.20847836,0
1.0,0.95022476,0.2214733,0
1.0,0.93905526,0.21068689,0
1.0,0.9622422,0.22303933,0
1.0,0.94463956,0.21129516,0
1.0,0.9462227,0.21287587,0
1.0,0.9206142,0.17999521,0
1.0,0.9360305,0.18161324,0
1.0,0.9184509,0.15678962,0
1.0,0.91636235,0.14525437,0
1.0,0.8843981,0.13420567,0
1.0,0.9066903,0.15158674,0
1.0,0.9062126,0.16001631,0
1.0,0.92065966,0.17430335,0
1.0,0.8671873,0.1385976,0
1.0,0.9211903,0.1714392,0
1.0,0.9219962,0.17069365,0
1.0,0.8923498,0.14309937,0
1.0,0.8543081,0.10697624,0
1.0,0.881151,0.10850015,0
1.0,0.8988717,0.115761176,0
1.0,0.8679921,0.097729236,0
1.0,0.80486,0.073607795,0
1.0,0.8295265,0.081281334,0
1.0,0.84283924,0.07741931,0
1.0,0.7698941,0.051228672,0
1.0,0.6938811,0.040620245,0
1.0,0.7373381,0.03699796,0
1.0,0.77772146,0.038954526,0
1.0,0.7275229,0.03461294,0
1.0,0.70438725,0.034253076,0
1.0,0.74864274,0.035547342,0
1.0,0.79506,0.042653643,0
1.0,0.7451107,0.037740096,0
1.0,0.7040733,0.03428374,0
1.0,0.7234032,0.036095675,0
1.0,0.7093179,0.036431894,0
1.0,0.6286678,0.036500894,0
1.0,0.6076452,0.03699875,0
1.0,0.61210674,0.03444081,0
1.0,0.63529307,0.0358425,0
1.0,0.5930515,0.039095886,0
1.0,0.5556616,0.04891803,0
1.0,0.58044463,0.04743987,0
1.0,0.6162426,0.040845513,0
1.0,0.6181091,0.040249694,0
1.0,0.59181654,0.042852797,0
1.0,0.6298352,0.033787392,0
1.0,0.63200593,0.035335854,0
1.0,0.630848,0.03498672,0
1.0,0.6133418,0.038759988,0
1.0,0.64340067,0.03605088,0
1.0,0.6392472,0.03356577,0
1.0,0.60975075,0.035620827,0
1.0,0.577316,0.041281566,0
1.0,0.6217903,0.034251604,0
1.0,0.6328247,0.030866215,0
1.0,0.61156327,0.035144836,0
1.0,0.5970476,0.036974102,0
1.0,0.6275504,0.038496323,0
1.0,0.6357833,0.042450413,0
1.0,0.6363804,0.04375194,0
1.0,0.6613239,0.04341795,0
1.0,0.6760053,0.045000684,0
1.0,0.69839805,0.043295514,0
1.0,0.67491263,0.044144846,0
1.0,0.6653242,0.045436326,0
1.0,0.68057674,0.043660656,0
1.0,0.6585947,0.046993975,0
1.0,0.6469862,0.050386786,0
1.0,0.6290883,0.05137375,0
1.0,0.6202056,0.053744398,0
1.0,0.62282723,0.049929023,0
1.0,0.6125255,0.05323115,0
1.0,0.6210215,0.047445267,0
1.0,0.6033361,0.048424304,0
1.0,0.61682314,0.0434451,0
1.0,0.63058203,0.041242134,0
1.0,0.61816955,0.04549702,0
1.0,0.594979,0.051926553,0
1.0,0.6025338,0.04860896,0
1.0,0.62276536,0.043381475,0
1.0,0.62138784,0.044448245,0
1.0,0.5922481,0.056587093,0
1.0,0.59863454,0.06397557,0
1.0,0.59031796,0.069144875,0
1.0,0.5517941,0.08446845,0
1.0,0.5536315,0.081909314,0
1.0,0.54919004,0.08257017,0
1.0,0.62565213,0.05280388,0
1.0,0.6741377,0.042590596,0
1.0,0.62843853,0.048489492,0
1.0,0.6675024,0.035488635,0
1.0,0.6874181,0.03226263,0
1.0,0.6756983,0.03139574,0
1.0,0.6282377,0.036322832,0
1.0,0.66262066,0.03169824,0
1.0,0.69258994,0.029596232,0
1.0,0.6662356,0.031227462,0
1.0,0.619574,0.036506977,0
1.0,0.6478999,0.03271012,0
1.0,0.67513984,0.0332573,0
1.0,0.66211087,0.033428602,0
1.0,0.60833955,0.037791133,0
1.0,0.6278157,0.035483144,0
1.0,0.6573884,0.03315721,0
1.0,0.61954665,0.036463205,0
1.0,0.59197223,0.039659448,0
1.0,0.6131587,0.03770565,0
1.0,0.6407125,0.03527631,0
1.0,0.61104953,0.038046647,0
1.0,0.57342404,0.04903973,0
1.0,0.6032664,0.046805903,0
1.0,0.5602111,0.05263824,0
1.0,0.5103929,0.062095232,0
1.0,0.51130885,0.06448077,0
1.0,0.5384585,0.049234618,0
1.0,0.57484746,0.041007377,0
1.0,0.6016113,0.03993267,0
1.0,0.6057468,0.042160004,0
1.0,0.7209397,0.057051204,0
1.0,0.7505181,0.06376864,0
1.0,0.7393178,0.06057004,0
1.0,0.76077694,0.0669255,0
1.0,0.82230115,0.08900924,0
1.0,0.7993048,0.08011295,0
1.0,0.80095917,0.08581715,0
1.0,0.8057617,0.09340927,0
1.0,0.8713555,0.1297831,0
1.0,0.8661553,0.1265316,0
1.0,0.83508843,0.109876834,0
1.0,0.8555672,0.12126166,0
1.0,0.89331883,0.13824952,0
1.0,0.87209666,0.12318352,0
1.0,0.8599913,0.12001765,0
1.0,0.8626124,0.12544253,0
1.0,0.91022253,0.16060181,0
1.0,0.8904395,0.14450288,0
1.0,0.8620255,0.1266875,0
1.0,0.8652281,0.13368967,0
1.0,0.89467853,0.14736643,0
1.0,0.83980703,0.11532846,0
1.0,0.80486345,0.09178628,0
1.0,0.81804067,0.08031304,0
1.0,0.82905924,0.08586135,0
1.0,0.73835903,0.05749612,0
1.0,0.7263346,0.053728513,0
1.0,0.71290624,0.045255892,0
1.0,0.7354337,0.05063668,0
1.0,0.69118196,0.04214639,0
1.0,0.660484,0.037519798,0
1.0,0.6933586,0.042494334,0
1.0,0.7079752,0.046764664,0
1.0,0.66614217,0.03771922,0
1.0,0.6996036,0.04496384,0
1.0,0.7241912,0.051842935,0
1.0,0.7424382,0.058403596,0
1.0,0.6900138,0.042449374,0
1.0,0.69745046,0.04076381,0
1.0,0.7328181,0.04331793,0
1.0,0.7236694,0.03903222,0
1.0,0.67928904,0.02903654,0
1.0,0.68470067,0.030056613,0
1.0,0.7141712,0.03640264,0
1.0,0.72048855,0.03837803,0
1.0,0.688494,0.03016134,0
1.0,0.6810147,0.027650192,0
1.0,0.688908,0.02706469,0
1.0,0.69871277,0.027097814,0
1.0,0.65246975,0.022604337,0
1.0,0.65591437,0.023865007,0
1.0,0.70449466,0.031808633,0
1.0,0.74118906,0.04208053,0
1.0,0.713298,0.035250556,0
1.0,0.7277891,0.038654257,0
1.0,0.7377599,0.044214286,0
1.0,0.70161325,0.037795383,0
1.0,0.64737785,0.028826062,0
1.0,0.67203355,0.032804333,0
1.0,0.6966424,0.036827795,0
1.0,0.67040485,0.037706297,0
1.0,0.6293368,0.032747794,0
1.0,0.66777784,0.032287322,0
1.0,0.69962704,0.03446185,0
1.0,0.6729425,0.030732485,0
1.0,0.6368911,0.030154908,0
1.0,0.6810915,0.030382631,0
1.0,0.70621294,0.033066675,0
1.0,0.6723943,0.031108784,0
1.0,0.6450429,0.033888787,0
1.0,0.7150425,0.04954708,0
1.0,0.7647445,0.06158614,0
1.0,0.73421794,0.05367089,0
1.0,0.72969055,0.05276604,0
1.0,0.77220047,0.06410681,0
1.0,0.75954884,0.063119516,0
1.0,0.7530539,0.061473645,0
1.0,0.7923506,0.074251145,0
1.0,0.8111985,0.085252084,0
1.0,0.8257485,0.09186587,0
1.0,0.8228711,0.088402286,0
1.0,0.817705,0.083866656,0
1.0,0.8304007,0.08723121,0
1.0,0.83286965,0.080462076,0
1.0,0.8450955,0.08116862,0
1.0,0.8757353,0.08879131,0
1.0,0.8638951,0.0849558,0
1.0,0.8721309,0.08556917,0
1.0,0.86941624,0.08002962,0
1.0,0.8927652,0.08769436,0
1.0,0.8647586,0.08021333,0
1.0,0.89399755,0.089653686,0
1.0,0.8829146,0.0853049,0
1.0,0.88974196,0.094514504,0
1.0,0.8315444,0.08218606,0
1.0,0.8598796,0.10303996,0
1.0,0.8943286,0.1253981,0
1.0,0.92188615,0.14562567,0
1.0,0.88578284,0.13719824,0
1.0,0.91429406,0.1495601,0
1.0,0.9267986,0.15413484,0
1.0,0.9145237,0.13755353,0
1.0,0.87996364,0.102082536,0
1.0,0.90158576,0.105858624,0
1.0,0.93100756,0.11775151,0
1.0,0.94217396,0.12050626,0
1.0,0.9182963,0.109967366,0
1.0,0.92106706,0.11228441,0
1.0,0.9320929,0.119822845,0
1.0,0.91312796,0.10782306,0
1.0,0.89974886,0.09817629,0
1.0,0.9029274,0.10248343,0
1.0,0.9190366,0.110440016,0
1.0,0.89728296,0.10461759,0
1.0,0.9001867,0.10491676,0
1.0,0.8859786,0.09804222,0
1.0,0.89162314,0.10108365,0
1.0,0.87848663,0.09485078,0
1.0,0.8933359,0.10066201,0
1.0,0.8846176,0.09281506,0
1.0,0.8612921,0.0821287,0
1.0,0.8151538,0.067452654,0
1.0,0.83654815,0.07544071,0
1.0,0.8101642,0.06711429,0
1.0,0.762131,0.0532875,0
1.0,0.7284778,0.04484663,0
1.0,0.74282104,0.043557458,0
1.0,0.6945181,0.032481372,0
1.0,0.6260477,0.032517157,0
1.0,0.5946874,0.03752175,0
1.0,0.6052158,0.032939337,0
1.0,0.5939803,0.03591666,0
1.0,0.57680404,0.040743448,0
1.0,0.5853355,0.037519835,0
1.0,0.62978333,0.02724034,0
1.0,0.6313357,0.027303422,0
1.0,0.5952009,0.031642176,0
1.0,0.6224945,0.02578967,0
1.0,0.629082,0.024241446,0
1.0,0.6159051,0.02585118,0
1.0,0.5980123,0.028723808,0
1.0,0.6420967,0.027024547,0
1.0,0.6432139,0.030895099,0
1.0,0.6330677,0.036551148,0
1.0,0.63461226,0.045917355,0
1.0,0.68404394,0.041129723,0
1.0,0.6981498,0.039368767,0
1.0,0.6965381,0.038416944,0
1.0,0.6951334,0.038535614,0
1.0,0.7526776,0.036751896,0
1.0,0.77113223,0.03857319,0
1.0,0.7711547,0.03862044,0
1.0,0.76948094,0.03583517,0
1.0,0.81604743,0.042183463,0
1.0,0.7816478,0.035180986,0
1.0,0.7675155,0.033971578,0
1.0,0.766774,0.03781169,0
1.0,0.80778444,0.04350111,0
1.0,0.7827883,0.03900361,0
1.0,0.736393,0.03660421,0
1.0,0.7599738,0.040265523,0
1.0,0.7828845,0.04600081,0
1.0,0.77499,0.05171828,0
1.0,0.7904332,0.057077006,0
1.0,0.8196378,0.05640259,0
1.0,0.80942464,0.05277398,0
1.0,0.8065159,0.050898924,0
1.0,0.78107834,0.058216378,0
1.0,0.75989765,0.06176824,0
1.0,0.7283775,0.068804026,0
1.0,0.72782636,0.06938533,0
1.0,0.7481966,0.0669353,0
1.0,0.7619193,0.068653926,0
1.0,0.77112246,0.06804183,0
1.0,0.78754085,0.06607629,0
1.0,0.78690374,0.06438718,0
1.0,0.8142933,0.058879238,0
1.0,0.7433562,0.060726777,0
1.0,0.7864398,0.05935973,0
1.0,0.82261693,0.06277267,0
1.0,0.8733037,0.07003045,0
1.0,0.8219528,0.07229249,0
1.0,0.84230024,0.0761288,0
1.0,0.88573587,0.08013238,0
1.0,0.9108874,0.080771275,0
1.0,0.86839825,0.08394599,0
1.0,0.8606838,0.084705256,0
1.0,0.8506268,0.085760415,0
1.0,0.87791336,0.07570097,0
1.0,0.8325049,0.081923515,0
1.0,0.83585995,0.08166971,0
1.0,0.8338167,0.08226322,0
1.0,0.8927511,0.075769424,0
1.0,0.83616483,0.07938059,0
1.0,0.8277563,0.0770673,0
1.0,0.8059627,0.07692174,0
1.0,0.85376674,0.067687616,0
1.0,0.7644891,0.08199784,0
1.0,0.7385556,0.086496994,0
1.0,0.7322357,0.07961466,0
1.0,0.7794374,0.069995105,0
1.0,0.7278287,0.08360024,0
1.0,0.709414,0.09692502,0
1.0,0.6609104,0.12290677,0
1.0,0.67846173,0.114468604,0
1.0,0.6339673,0.14062761,0
1.0,0.59993064,0.16256931,0
1.0,0.5748326,0.17788154,0
1.0,0.65220594,0.12799513,0
1.0,0.6352373,0.13931312,0
1.0,0.60937077,0.17022991,0
1.0,0.6465265,0.13952303,0
1.0,0.6376595,0.13197108,0
1.0,0.59953916,0.14493446,0
1.0,0.5692705,0.14912269,0
1.0,0.6192936,0.10656074,0
1.0,0.6798795,0.0786742,0
1.0,0.74698263,0.060342807,0
1.0,0.6860009,0.06968956,0
1.0,0.7845956,0.056633197,0
1.0,0.7738417,0.059379805,0
1.0,0.8071602,0.06143978,0
1.0,0.7759348,0.06561534,0
1.0,0.8779255,0.065675974,0
1.0,0.8632505,0.06117031,0
1.0,0.89225703,0.06316573,0
1.0,0.8532856,0.060381413,0
1.0,0.89884716,0.06410681,0
1.0,0.86023074,0.060791977,0
1.0,0.88352287,0.06227787,0
1.0,0.8480691,0.059500627,0
1.0,0.89554685,0.0642768,0
1.0,0.8256885,0.072164856,0
1.0,0.86026233,0.085745245,0
1.0,0.8598455,0.08154155,0
1.0,0.8574378,0.07847152,0
1.0,0.8459947,0.07624016,0
1.0,0.8480297,0.077649966,0
1.0,0.83820915,0.076072216,0
1.0,0.8477387,0.07977695,0
1.0,0.8017689,0.07330536,0
1.0,0.7838875,0.07171202,0
1.0,0.80077744,0.062075354,0
1.0,0.7710244,0.058813937,0
1.0,0.7419574,0.057548456,0
1.0,0.72623056,0.05616456,0
1.0,0.7094516,0.05193609,0
1.0,0.6181436,0.0644151,0
1.0,0.61632705,0.06630312,0
1.0,0.6328316,0.06352876,0
1.0,0.699063,0.05608562,0
1.0,0.6856822,0.060185604,0
1.0,0.70924234,0.05843185,0
1.0,0.74605274,0.05866944,0
1.0,0.79507095,0.06588397,0
1.0,0.77358866,0.05964817,0
1.0,0.77115595,0.05903601,0
1.0,0.79942983,0.06653392,0
1.0,0.80907243,0.077159375,0
1.0,0.8207742,0.08282445,0
1.0,0.79191184,0.07373023,0
1.0,0.83441204,0.090840384,0
1.0,0.81860685,0.08589141,0
1.0,0.80459297,0.08013361,0
1.0,0.7759971,0.061534695,0
1.0,0.8243432,0.066221766,0
1.0,0.8163799,0.06508571,0
1.0,0.8196617,0.07136157,0
1.0,0.8060933,0.06993511,0
1.0,0.85970134,0.094085395,0
1.0,0.8449723,0.0913364,0
1.0,0.8388551,0.08871242,0
1.0,0.8370859,0.08860125,0
1.0,0.8522985,0.09813073,0
1.0,0.8038273,0.08000024,0
1.0,0.76301205,0.06721921,0
1.0,0.7501888,0.062436007,0
1.0,0.7769336,0.0728556,0
1.0,0.7318294,0.057586428,0
1.0,0.6969782,0.047246628,0
1.0,0.69820046,0.045276158,0
1.0,0.7219508,0.0486369,0
1.0,0.67963004,0.038928524,0
1.0,0.6299149,0.031036975,0
1.0,0.65591776,0.03489861,0
1.0,0.69820005,0.03830512,0
1.0,0.67972314,0.036563072,0
1.0,0.6457337,0.031937253,0
1.0,0.64206207,0.030172877,0
1.0,0.65455794,0.03376285,0
1.0,0.6325612,0.035830993,0
1.0,0.6432524,0.04696081,0
1.0,0.7123837,0.07199931,0
1.0,0.75887823,0.095367715,0
1.0,0.7247591,0.08078085,0
1.0,0.78162473,0.1065952,0
1.0,0.81172186,0.12184952,0
1.0,0.8245134,0.12911238,0
1.0,0.8269769,0.12897006,0
1.0,0.8759373,0.15255311,0
1.0,0.890595,0.1573313,0
1.0,0.9001368,0.15919326,0
1.0,0.8846425,0.14317483,0
1.0,0.90369517,0.14945649,0
1.0,0.9028578,0.14561285,0
1.0,0.9074578,0.14489259,0
1.0,0.89529216,0.13169095,0
1.0,0.912013,0.13414718,0
1.0,0.89527774,0.12423592,0
1.0,0.89530444,0.1258026,0
1.0,0.8813909,0.1259422,0
1.0,0.89326894,0.14122343,0
1.0,0.90638816,0.15539278,0
1.0,0.9173958,0.16468029,0
1.0,0.9082983,0.15990523,0
1.0,0.9156055,0.16316897,0
1.0,0.9077252,0.15125927,0
1.0,0.88456196,0.14883262,0
1.0,0.86497855,0.13974145,0
1.0,0.8534243,0.13208137,0
1.0,0.848076,0.12721215,0
1.0,0.8221875,0.108731985,0
1.0,0.7651121,0.07577931,0
1.0,0.74930465,0.059619486,0
1.0,0.80238956,0.06714121,0
1.0,0.7678022,0.055023514,0
1.0,0.7500872,0.051463995,0
1.0,0.78286046,0.054327577,0
1.0,0.8389399,0.06540504,0
1.0,0.8133209,0.060886268,0
1.0,0.7902835,0.05692704,0
1.0,0.8278886,0.064615294,0
1.0,0.8739476,0.07757171,0
1.0,0.85957015,0.07380163,0
1.0,0.8095095,0.062298995,0
1.0,0.8381936,0.06988406,0
1.0,0.83418244,0.0698158,0
1.0,0.80836874,0.06526348,0
1.0,0.76057357,0.05773996,0
1.0,0.7852723,0.06186079,0
1.0,0.80285746,0.07398018,0
1.0,0.8133243,0.07907748,0
1.0,0.7748581,0.062357545,0
1.0,0.808652,0.061246384,0
1.0,0.8152336,0.062057294,0
1.0,0.81002635,0.058822416,0
1.0,0.77455395,0.052426573,0
1.0,0.79941434,0.055321597,0
1.0,0.7590643,0.055866063,0
1.0,0.78991276,0.05567888,0
1.0,0.8170789,0.06464207,0
1.0,0.857858,0.085708,0
1.0,0.85343194,0.08893308,0
1.0,0.88142145,0.099583924,0
1.0,0.8936507,0.10530403,0
1.0,0.8906523,0.106938586,0
1.0,0.8606301,0.09100628,0
1.0,0.88368446,0.10878781,0
1.0,0.90742475,0.1310223,0
1.0,0.90635127,0.13290635,0
1.0,0.8847298,0.12460242,0
1.0,0.89265156,0.13076743,0
1.0,0.917415,0.14530794,0
1.0,0.91416395,0.15065846,0
1.0,0.87655175,0.13354743,0
1.0,0.8803706,0.1380975,0
1.0,0.8924667,0.15301546,0
1.0,0.8931588,0.15813626,0
1.0,0.8528565,0.13337849,0
1.0,0.85449743,0.13232961,0
1.0,0.8788136,0.14659712,0
1.0,0.8686295,0.13974333,0
1.0,0.8388398,0.117803335,0
1.0,0.8158592,0.11396136,0
1.0,0.82930064,0.13771045,0
1.0,0.8445597,0.15456322,0
1.0,0.8387397,0.15222824,0
1.0,0.79055804,0.123760544,0
1.0,0.8238234,0.14376286,0
1.0,0.8649856,0.17067745,0
1.0,0.8618868,0.16032639,0
1.0,0.8336608,0.1376498,0
1.0,0.85786843,0.15072083,0
1.0,0.884428,0.15977988,0
1.0,0.8891422,0.17324692,0
1.0,0.8749712,0.16436917,0
1.0,0.87444323,0.16315097,0
1.0,0.909922,0.19184889,0
1.0,0.90942216,0.19014233,0
1.0,0.8831393,0.16492252,0
1.0,0.87764984,0.15129922,0
1.0,0.91004556,0.17575818,0
1.0,0.89959335,0.17802036,0
1.0,0.88345814,0.16592446,0
1.0,0.86577785,0.15911226,0
1.0,0.8941148,0.18335691,0
1.0,0.8774059,0.16957973,0
1.0,0.8591337,0.15758318,0
1.0,0.83812994,0.13810673,0
1.0,0.8527369,0.14190137,0
1.0,0.8113251,0.11643492,0
1.0,0.81300074,0.1173432,0
1.0,0.7687816,0.094277665,0
1.0,0.79294044,0.10846095,0
1.0,0.76226884,0.0929375,0
1.0,0.74363995,0.081019945,0
1.0,0.72344923,0.060607728,0
1.0,0.74101156,0.06673986,0
1.0,0.7294413,0.06442052,0
1.0,0.7385636,0.06705639,0
1.0,0.73811126,0.07208673,0
1.0,0.72557974,0.07686831,0
1.0,0.7131272,0.07655254,0
1.0,0.75675786,0.09745303,0
1.0,0.73745215,0.08520663,0
1.0,0.74229187,0.0862568,0
1.0,0.72247213,0.068927094,0
1.0,0.7541119,0.08535166,0
1.0,0.7558446,0.09122622,0
1.0,0.762609,0.10111917,0
1.0,0.7978029,0.12933274,0
1.0,0.8607474,0.17962243,0
1.0,0.8376587,0.16576555,0
1.0,0.8486685,0.17038274,0
1.0,0.8653119,0.1691666,0
1.0,0.87827665,0.17644383,0
1.0,0.86180854,0.16259924,0
1.0,0.8720935,0.16644095,0
1.0,0.8853934,0.17785743,0
1.0,0.89934164,0.19463164,0
1.0,0.88788164,0.19099808,0
1.0,0.8970154,0.21091603,0
1.0,0.9128756,0.24271551,0
1.0,0.92573065,0.25672868,0
1.0,0.92039776,0.24771775,0
1.0,0.9253709,0.25147158,0
1.0,0.9214341,0.24553566,0
1.0,0.9204853,0.24277505,0
1.0,0.92291653,0.25138643,0
1.0,0.9096408,0.2324734,0
1.0,0.91070265,0.223597,0
1.0,0.89478374,0.20928127,0
1.0,0.8895635,0.2010239,0
1.0,0.87775916,0.17571683,0
1.0,0.86744124,0.15858015,0
1.0,0.8315846,0.13509777,0
1.0,0.83181095,0.13627727,0
1.0,0.8137662,0.1327305,0
1.0,0.79636765,0.12307126,0
1.0,0.75373095,0.100121774,0
1.0,0.7566952,0.09894894,0
1.0,0.70978045,0.07460793,0
1.0,0.68924016,0.06731025,0
1.0,0.6283548,0.0541276,0
1.0,0.66086864,0.05762545,0
1.0,0.64022046,0.055689935,0
1.0,0.65411615,0.057943787,0
1.0,0.61145854,0.05646979,0
1.0,0.6537645,0.0649586,0
1.0,0.6394556,0.061239034,0
1.0,0.69117785,0.07046002,0
1.0,0.6130127,0.054860327,0
1.0,0.61051023,0.053879485,0
1.0,0.60792327,0.050666485,0
1.0,0.677068,0.047938265,0
1.0,0.6118971,0.050878465,0
1.0,0.6217243,0.05125406,0
1.0,0.6084633,0.052719936,0
1.0,0.64600945,0.053296573,0
1.0,0.5724142,0.053681336,0
1.0,0.59688395,0.049975954,0
1.0,0.56974196,0.05283964,0
1.0,0.6352737,0.049205914,0
1.0,0.5807686,0.05330587,0
1.0,0.6131009,0.05228536,0
1.0,0.57538074,0.0514663,0
1.0,0.66697156,0.054772656,0
1.0,0.58638066,0.05503785,0
1.0,0.61796254,0.055000857,0
1.0,0.6022635,0.053164255,0
1.0,0.6806152,0.05485161,0
1.0,0.5834925,0.049127027,0
1.0,0.6297605,0.043654233,0
1.0,0.5973069,0.042911068,0
1.0,0.66768694,0.0444313,0
1.0,0.5842381,0.044266406,0
1.0,0.65682536,0.04313627,0
1.0,0.5990305,0.04306203,0
1.0,0.6464775,0.04162296,0
1.0,0.57646257,0.042334527,0
1.0,0.64304215,0.03430505,0
1.0,0.5925824,0.03834802,0
1.0,0.6455093,0.040579427,0
1.0,0.6022698,0.042495184,0
1.0,0.68366176,0.04326736,0
1.0,0.6249786,0.039817568,0
1.0,0.6743084,0.041322406,0
1.0,0.60720694,0.03599112,0
1.0,0.6678055,0.03510896,0
1.0,0.69273067,0.04887899,0
1.0,0.74399626,0.068417266,0
1.0,0.7171221,0.07336431,0
1.0,0.7576781,0.07587008,0
1.0,0.7529075,0.07529266,0
1.0,0.76844877,0.07361793,0
1.0,0.76415527,0.0722726,0
1.0,0.8456259,0.08319391,0
1.0,0.8496469,0.08719576,0
1.0,0.8693119,0.09623656,0
1.0,0.86772066,0.095575795,0
1.0,0.8862459,0.10602693,0
1.0,0.8783986,0.10489333,0
1.0,0.88992316,0.10895902,0
1.0,0.8789904,0.1083008,0
1.0,0.9005739,0.11237849,0
1.0,0.88246006,0.10282709,0
1.0,0.881771,0.103257164,0
1.0,0.86574227,0.09794472,0
1.0,0.8792178,0.10005419,0
1.0,0.8615228,0.094450414,0
1.0,0.86169505,0.09600882,0
1.0,0.8556029,0.09449392,0
1.0,0.86208266,0.09841856,0
1.0,0.8167414,0.0876095,0
1.0,0.80115086,0.07454871,0
1.0,0.782621,0.07236238,0
1.0,0.79589325,0.072067544,0
1.0,0.7149457,0.077637434,0
1.0,0.6984386,0.07988467,0
1.0,0.6759209,0.0865336,0
1.0,0.6276616,0.09860636,0
1.0,0.57365423,0.0973869,0
1.0,0.6100193,0.06583598,0
1.0,0.59963626,0.057931397,0
1.0,0.61772895,0.051300026,0
1.0,0.64859337,0.04855749,0
1.0,0.69141483,0.04602584,0
1.0,0.62864316,0.046166517,0
1.0,0.6192514,0.050959915,0
1.0,0.65813124,0.047237895,0
1.0,0.7179208,0.048290927,0
1.0,0.64382637,0.055151008,0
1.0,0.6157232,0.06307297,0
1.0,0.65438056,0.058888033,0
1.0,0.7070721,0.05210109,0
1.0,0.66533786,0.055886462,0
1.0,0.62831223,0.0625326,0
1.0,0.7070777,0.05017348,0
1.0,0.7933985,0.06050331,0
1.0,0.7808056,0.05993545,0
1.0,0.7344219,0.054251067,0
1.0,0.8177143,0.06657865,0
1.0,0.85445225,0.0738131,0
1.0,0.8091657,0.0607066,0
1.0,0.7746014,0.057517774,0
1.0,0.83203745,0.077461034,0
1.0,0.85450035,0.086416766,0
1.0,0.8206767,0.075288415,0
1.0,0.76557785,0.06105686,0
1.0,0.8293417,0.078999266,0
1.0,0.84094787,0.084495455,0
1.0,0.81070393,0.06856866,0
1.0,0.7940455,0.0638474,0
1.0,0.85089934,0.07995278,0
1.0,0.854654,0.07313445,0
1.0,0.82864094,0.06199519,0
1.0,0.78827655,0.05346903,0
1.0,0.83060145,0.0625369,0
1.0,0.83617026,0.06511554,0
1.0,0.7906302,0.05779383,0
1.0,0.7731872,0.049523003,0
1.0,0.78734297,0.049030997,0
1.0,0.76375824,0.04407396,0
1.0,0.70754564,0.040084247,0
1.0,0.6818929,0.038118213,0
1.0,0.67254627,0.0351872,0
1.0,0.66994923,0.036331043,0
1.0,0.6660604,0.036089096,0
1.0,0.6158495,0.042134106,0
1.0,0.59771955,0.04602301,0
1.0,0.60916716,0.047271006,0
1.0,0.62753713,0.04784152,0
1.0,0.63405305,0.047148757,0
1.0,0.61437136,0.055110015,0
1.0,0.6307263,0.059099164,0
1.0,0.64953256,0.056682047,0
1.0,0.58831286,0.06865261,0
1.0,0.5556012,0.07755336,0
1.0,0.61010695,0.061159056,0
1.0,0.70904064,0.0473555,0
1.0,0.735241,0.047212597,0
1.0,0.7223114,0.04814638,0
1.0,0.77207476,0.053788453,0
1.0,0.8219993,0.06377013,0
1.0,0.7940362,0.05802409,0
1.0,0.73372114,0.050379574,0
1.0,0.7649804,0.05579233,0
1.0,0.81224424,0.06297261,0
1.0,0.7969939,0.06861387,0
1.0,0.74390125,0.05853299,0
1.0,0.7793356,0.06579849,0
1.0,0.82426393,0.078029916,0
1.0,0.8021458,0.06981037,0
1.0,0.7524319,0.061311115,0
1.0,0.75328255,0.06266221,0
1.0,0.77675736,0.06313435,0
1.0,0.73975295,0.05502194,0
1.0,0.68359005,0.051568374,0
1.0,0.68655986,0.050299555,0
1.0,0.72318304,0.05257484,0
1.0,0.7007175,0.04883427,0
1.0,0.6696565,0.04772664,0
1.0,0.6648109,0.04413664,0
1.0,0.6647739,0.043764215,0
1.0,0.6118436,0.040805686,0
1.0,0.5793924,0.03461088,0
1.0,0.5810133,0.02222257,0
1.0,0.56609166,0.021207992,0
1.0,0.5451694,0.021400545,0
1.0,0.5497801,0.023968875,0
1.0,0.5748234,0.023733642,0
1.0,0.5639273,0.024749268,0
1.0,0.54707295,0.02525974,0
1.0,0.54393333,0.02538032,0
1.0,0.56855375,0.025383864,0
1.0,0.55679536,0.026131805,0
1.0,0.5688335,0.026240299,0
1.0,0.5511231,0.027682878,0
1.0,0.60270834,0.024814647,0
1.0,0.61045516,0.03229864,0
1.0,0.63724625,0.032392856,0
1.0,0.6022274,0.027643273,0
1.0,0.66582537,0.046878554,0
1.0,0.62363195,0.037341513,0
1.0,0.6290842,0.038593426,0
1.0,0.5889756,0.038898926,0
1.0,0.62697536,0.045022935,0
1.0,0.5898943,0.038907,0
1.0,0.5812458,0.036713086,0
1.0,0.54256773,0.03343458,0
1.0,0.58588505,0.042657882,0
1.0,0.5931531,0.048742186,0
1.0,0.6282873,0.053338274,0
1.0,0.6313784,0.05314961,0
1.0,0.65652,0.059766233,0
1.0,0.6738313,0.06422469,0
1.0,0.7238484,0.076299995,0
1.0,0.71411306,0.07363886,0
1.0,0.7282363,0.07949797,0
1.0,0.75347126,0.08666915,0
1.0,0.7673311,0.09550122,0
1.0,0.7477663,0.092123106,0
1.0,0.73124117,0.08863865,0
1.0,0.7521212,0.097037464,0
1.0,0.75790554,0.09914366,0
1.0,0.7444047,0.09539007,0
1.0,0.7022031,0.07986435,0
1.0,0.7593565,0.1018907,0
1.0,0.81151164,0.12687619,0
1.0,0.7828459,0.107610285,0
1.0,0.7712992,0.09959182,0
1.0,0.79654765,0.09938644,0
1.0,0.81698036,0.108661816,0
1.0,0.7928892,0.0974933,0
1.0,0.7730482,0.07676993,0
1.0,0.7847051,0.08215499,0
1.0,0.7871258,0.08324098,0
1.0,0.7382824,0.06017737,0
1.0,0.70687556,0.052839458,0
1.0,0.74871236,0.07434172,0
1.0,0.7723979,0.10162744,0
1.0,0.79774016,0.11902976,0
1.0,0.78409576,0.115164384,0
1.0,0.8313948,0.14497204,0
1.0,0.8644617,0.16881096,0
1.0,0.8613241,0.1680341,0
1.0,0.8356802,0.14506912,0
1.0,0.8783974,0.16846715,0
1.0,0.9008654,0.18658058,0
1.0,0.8983063,0.18161452,0
1.0,0.8797153,0.1635496,0
1.0,0.8911003,0.16754752,0
1.0,0.88179785,0.15397735,0
1.0,0.88752025,0.13896573,0
1.0,0.8658452,0.118425444,0
1.0,0.89041275,0.133376,0
1.0,0.8994553,0.13804227,0
1.0,0.9062029,0.13974908,0
1.0,0.8853276,0.12831602,0
1.0,0.8835175,0.12739033,0
1.0,0.893553,0.12810874,0
1.0,0.8857197,0.1213787,0
1.0,0.8679452,0.10906282,0
1.0,0.86442816,0.10454137,0
1.0,0.8627767,0.110409066,0
1.0,0.8231096,0.10014,0
1.0,0.82812566,0.10307993,0
1.0,0.8277887,0.105152726,0
1.0,0.8118312,0.0992363,0
1.0,0.8079202,0.09415361,0
1.0,0.8098277,0.09172142,0
1.0,0.776025,0.06648117,0
1.0,0.7416747,0.03812643,0
1.0,0.7495863,0.035436317,0
1.0,0.76347643,0.034415938,0
1.0,0.77088654,0.03176643,0
1.0,0.74398446,0.027238932,0
1.0,0.74337316,0.032203544,0
1.0,0.7510672,0.03525779,0
1.0,0.779816,0.03915196,0
1.0,0.764382,0.039863482,0
1.0,0.7632513,0.039647147,0
1.0,0.7772418,0.042482983,0
1.0,0.7994389,0.05079674,0
1.0,0.7405131,0.03825382,0
1.0,0.743144,0.043148566,0
1.0,0.7927041,0.053900857,0
1.0,0.7959524,0.055283368,0
1.0,0.7273178,0.04654241,0
1.0,0.73316705,0.046389148,0
1.0,0.7530016,0.047939114,0
1.0,0.7461495,0.05007922,0
1.0,0.69063056,0.05461207,0
1.0,0.6753196,0.061203703,0
1.0,0.71022046,0.06734623,0
1.0,0.7084695,0.06772735,0
1.0,0.66539013,0.07380117,0
1.0,0.63017404,0.081404045,0
1.0,0.6818165,0.0675817,0
1.0,0.6746799,0.071901865,0
1.0,0.6253646,0.08893423,0
1.0,0.6010654,0.100307204,0
1.0,0.63807136,0.0865012,0
1.0,0.60207766,0.101109825,0
1.0,0.55349183,0.12469267,0
1.0,0.54925644,0.12140024,0
1.0,0.61655277,0.09156625,0
1.0,0.6521361,0.08077717,0
1.0,0.63209623,0.08564816,0
1.0,0.6394175,0.08331562,0
1.0,0.67243093,0.088276595,0
1.0,0.6494389,0.1093514,0
1.0,0.69936275,0.093019634,0
1.0,0.7423902,0.08557225,0
1.0,0.7776488,0.07715388,0
1.0,0.7754952,0.07453,0
1.0,0.8082982,0.068187475,0
1.0,0.8299416,0.06373265,0
1.0,0.86449516,0.06292777,0
1.0,0.8594834,0.06358391,0
1.0,0.88101465,0.06362816,0
1.0,0.89246994,0.06477946,0
1.0,0.8977558,0.06959028,0
1.0,0.8632127,0.066785164,0
1.0,0.88461065,0.0682133,0
1.0,0.8856402,0.06583583,0
1.0,0.88619316,0.06026148,0
1.0,0.8586764,0.061144345,0
1.0,0.87623584,0.07088053,0
1.0,0.8742538,0.0711007,0
1.0,0.85176694,0.06635332,0
1.0,0.8031117,0.061261944,0
1.0,0.8238381,0.06344175,0
1.0,0.8211557,0.06330714,0
1.0,0.7961713,0.062539056,0
1.0,0.7529632,0.062722735,0
1.0,0.74284154,0.06379488,0
1.0,0.71061224,0.06803311,0
1.0,0.6537695,0.079213545,0
1.0,0.58800536,0.105100274,0
1.0,0.58543557,0.106285825,0
1.0,0.5870028,0.10266785,0
1.0,0.5380289,0.102941446,0
1.0,0.5364867,0.08543302,0
1.0,0.50012064,0.09083453,0
1.0,0.53779507,0.06234345,0
1.0,0.51070404,0.066447645,0
1.0,0.54247195,0.056683764,0
1.0,0.5109173,0.06904917,0
1.0,0.5599821,0.053262256,0
1.0,0.5396423,0.061798435,0
1.0,0.5688046,0.05418026,0
1.0,0.5481267,0.059384316,0
1.0,0.5831591,0.048155725,0
1.0,0.57282263,0.052498125,0
1.0,0.58367234,0.050706707,0
1.0,0.55801845,0.057297654,0
1.0,0.6011068,0.0449533,0
1.0,0.62024,0.04373815,0
1.0,0.697074,0.041485358,0
1.0,0.6596783,0.04021529,0
1.0,0.7131841,0.039004967,0
1.0,0.72418386,0.037846625,0
1.0,0.746925,0.04179557,0
1.0,0.66868436,0.031986132,0
1.0,0.7555774,0.047574982,0
1.0,0.7332011,0.04626096,0
1.0,0.78263134,0.05949137,0
1.0,0.67838454,0.03497712,0
1.0,0.7417133,0.04729484,0
1.0,0.73042786,0.04684174,0
1.0,0.78426456,0.061651275,0
1.0,0.6959274,0.039347112,0
1.0,0.7812398,0.056193933,0
1.0,0.7375385,0.045074053,0
1.0,0.8001736,0.05830784,0
1.0,0.6759756,0.039841548,0
1.0,0.7536732,0.04465667,0
1.0,0.68751645,0.040185787,0
1.0,0.7732438,0.05201129,0
1.0,0.69760364,0.044779364,0
1.0,0.83180004,0.08154874,0
1.0,0.78887534,0.074854285,0
1.0,0.830085,0.10453001,0
1.0,0.7950137,0.10723707,0
1.0,0.88202536,0.16185382,0
1.0,0.8592045,0.15465496,0
1.0,0.8926226,0.19186726,0
1.0,0.85314953,0.16052176,0
1.0,0.88266796,0.17261517,0
1.0,0.8811522,0.17663145,0
1.0,0.8991437,0.18553534,0
1.0,0.88150114,0.18331707,0
1.0,0.9186418,0.2060011,0
1.0,0.8991771,0.18835884,0
1.0,0.900702,0.19953854,0
1.0,0.85624707,0.16845065,0
1.0,0.87898535,0.17487833,0
1.0,0.86796266,0.16709635,0
1.0,0.8697427,0.17208046,0
1.0,0.8364283,0.17172246,0
1.0,0.8937339,0.22543813,0
1.0,0.8892492,0.22764494,0
1.0,0.8852538,0.23589121,0
1.0,0.8529806,0.21334666,0
1.0,0.8914327,0.24633327,0
1.0,0.85383743,0.23055804,0
1.0,0.82590795,0.21868755,0
1.0,0.73962724,0.15937041,0
1.0,0.80694634,0.21515015,0
1.0,0.74833477,0.17379048,0
1.0,0.72692245,0.15725279,0
1.0,0.6850843,0.13014306,0
1.0,0.7865069,0.2003658,0
1.0,0.7159215,0.14491683,0
1.0,0.6676478,0.109183,0
1.0,0.64386433,0.104265556,0
1.0,0.7330794,0.15611184,0
1.0,0.72538227,0.15653598,0
1.0,0.73851955,0.16841455,0
1.0,0.69797647,0.14440821,0
1.0,0.7961125,0.23446307,0
1.0,0.7690774,0.21859968,0
1.0,0.7847618,0.23181367,0
1.0,0.7189052,0.1871961,0
1.0,0.7605744,0.22177702,0
1.0,0.7176791,0.18906915,0
1.0,0.73877394,0.21639508,0
1.0,0.6683342,0.16564266,0
1.0,0.7010476,0.19140829,0
1.0,0.69036007,0.18243016,0
1.0,0.72671914,0.20949048,0
1.0,0.67557454,0.16430417,0
1.0,0.7078219,0.1864469,0
1.0,0.6987583,0.18405995,0
1.0,0.74343246,0.22121035,0
1.0,0.7200889,0.20669127,0
1.0,0.7600995,0.25094455,0
1.0,0.7265744,0.21650843,0
1.0,0.7837314,0.27521276,0
1.0,0.7422802,0.25303277,0
1.0,0.760503,0.2767551,0
1.0,0.6892744,0.21932027,0
1.0,0.7241823,0.25640845,0
1.0,0.72097605,0.25921744,0
1.0,0.7231468,0.25615937,0
1.0,0.6905974,0.22933683,0
1.0,0.72470623,0.272039,0
1.0,0.7483812,0.27495682,0
1.0,0.7278297,0.2497527,0
1.0,0.7058822,0.2254389,0
1.0,0.72881895,0.233471,0
1.0,0.7481494,0.25352508,0
1.0,0.72542,0.21737567,0
1.0,0.70959693,0.18926206,0
1.0,0.72377163,0.20109814,0
1.0,0.7494876,0.214992,0
1.0,0.7119963,0.19777587,0
1.0,0.7266893,0.2199331,0
1.0,0.75786585,0.2379692,0
1.0,0.77131516,0.26040882,0
1.0,0.7214119,0.21973464,0
1.0,0.7613115,0.26446128,0
1.0,0.78200126,0.29286724,0
1.0,0.80225676,0.31185657,0
1.0,0.7520407,0.27129325,0
1.0,0.7679972,0.2871561,0
1.0,0.7841136,0.3015856,0
1.0,0.80394036,0.3225757,0
1.0,0.75468314,0.26461652,0
1.0,0.76776105,0.27177352,0
1.0,0.80983543,0.2978524,0
1.0,0.8430767,0.3104642,0
1.0,0.8342343,0.28786513,0
1.0,0.82854426,0.2678521,0
1.0,0.86647373,0.29673624,0
1.0,0.8798605,0.29909334,0
1.0,0.8548341,0.27476233,0
1.0,0.83005846,0.25086004,0
1.0,0.86418736,0.27044773,0
1.0,0.8870998,0.30185944,0
1.0,0.878452,0.29407078,0
1.0,0.85409504,0.2660456,0
1.0,0.86537564,0.289372,0
1.0,0.881797,0.30873048,0
1.0,0.8617533,0.2886162,0
1.0,0.8167583,0.26455882,0
1.0,0.82409054,0.2890294,0
1.0,0.8562259,0.32465148,0
1.0,0.8495201,0.29693022,0
1.0,0.8404846,0.2716851,0
1.0,0.8535141,0.27882585,0
1.0,0.87519836,0.2857844,0
1.0,0.87350225,0.27552763,0
1.0,0.86094517,0.25084358,0
1.0,0.83998775,0.22386056,0
1.0,0.84111845,0.22003682,0
1.0,0.8146273,0.1786796,0
1.0,0.7765177,0.14401591,0
1.0,0.7438665,0.117096245,0
1.0,0.77362424,0.1277918,0
1.0,0.7658707,0.12075423,0
1.0,0.74767125,0.110408485,0
1.0,0.72534555,0.10120158,0
1.0,0.74214625,0.11988579,0
1.0,0.728163,0.11453931,0
1.0,0.7492735,0.13147056,0
1.0,0.7238236,0.118575394,0
1.0,0.7540111,0.1392161,0
1.0,0.75728303,0.14308326,0
1.0,0.7742297,0.15411012,0
1.0,0.72776085,0.12158818,0
1.0,0.7468007,0.13167588,0
1.0,0.7449549,0.12912335,0
1.0,0.75696504,0.13552794,0
1.0,0.6903841,0.09093441,0
1.0,0.69887835,0.09176754,0
1.0,0.681532,0.086545154,0
1.0,0.70153886,0.0889251,0
1.0,0.6535559,0.0526234,0
1.0,0.65099263,0.04887179,0
1.0,0.6587175,0.055508327,0
1.0,0.6936492,0.07532956,0
1.0,0.6458233,0.055475466,0
1.0,0.6277348,0.048493832,0
1.0,0.64704823,0.055493105,0
1.0,0.68063956,0.06970616,0
1.0,0.639029,0.052939974,0
1.0,0.62999094,0.04873755,0
1.0,0.63835883,0.050894603,0
1.0,0.610024,0.041148677,0
1.0,0.5831179,0.034138627,0
1.0,0.5604503,0.029216707,0
1.0,0.57082826,0.033198953,0
1.0,0.57859236,0.03553331,0
1.0,0.5603643,0.029788839,0
1.0,0.557393,0.024998887,0
1.0,0.56245995,0.025213443,0
1.0,0.56546557,0.025907945,0
1.0,0.57115555,0.025974285,0
1.0,0.5839406,0.028682001,0
1.0,0.57699,0.026297726,0
1.0,0.58528626,0.028096085,0
1.0,0.5663403,0.026035393,0
1.0,0.6097249,0.035846364,0
1.0,0.6337718,0.043427,0
1.0,0.646318,0.048272204,0
1.0,0.64388615,0.046235554,0
1.0,0.6775723,0.05918298,0
1.0,0.64573693,0.04245529,0
1.0,0.6539144,0.039098784,0
1.0,0.66650766,0.042944085,0
1.0,0.6894043,0.05087039,0
1.0,0.64789045,0.03375698,0
1.0,0.6677473,0.035209913,0
1.0,0.6680579,0.034916755,0
1.0,0.6971983,0.042965565,0
1.0,0.6583575,0.035717286,0
1.0,0.66794854,0.04060039,0
1.0,0.7228569,0.05935692,0
1.0,0.7258614,0.05752994,0
1.0,0.6993199,0.0479303,0
1.0,0.69865006,0.04765314,0
1.0,0.69913024,0.048386652,0
1.0,0.669984,0.043113627,0
1.0,0.6749828,0.045679852,0
1.0,0.7043472,0.05856247,0
1.0,0.7804363,0.09347537,0
1.0,0.73279375,0.068074405,0
1.0,0.72826934,0.065979406,0
1.0,0.76895416,0.083828956,0
1.0,0.8069104,0.10065408,0
1.0,0.8090974,0.09931922,0
1.0,0.8235087,0.10430865,0
1.0,0.8491536,0.11360096,0
1.0,0.85858315,0.10995614,0
1.0,0.8205975,0.087599255,0
1.0,0.8127017,0.07930099,0
1.0,0.8275319,0.08224078,0
1.0,0.84874314,0.08852115,0
1.0,0.82775104,0.07616137,0
1.0,0.8150427,0.071946956,0
1.0,0.82515657,0.07382676,0
1.0,0.80944955,0.069680475,0
1.0,0.7831814,0.06396284,0
1.0,0.7747181,0.066906944,0
1.0,0.80158854,0.07354897,0
1.0,0.8037008,0.07393703,0
1.0,0.79565394,0.069862984,0
1.0,0.754969,0.06520267,0
1.0,0.76714563,0.06866586,0
1.0,0.79797494,0.07389053,0
1.0,0.8343336,0.08456877,0
1.0,0.78181845,0.08883406,0
1.0,0.8008749,0.09500665,0
1.0,0.7926384,0.09281193,0
1.0,0.75032514,0.08921399,0
1.0,0.6744662,0.104347594,0
1.0,0.7419908,0.07891342,0
1.0,0.7989692,0.0668001,0
1.0,0.825867,0.06493549,0
1.0,0.8000763,0.06806442,0
1.0,0.8531303,0.06546912,0
1.0,0.8854107,0.0664233,0
1.0,0.88346344,0.064748906,0
1.0,0.81889874,0.0664012,0
1.0,0.87848246,0.06587879,0
1.0,0.9109061,0.071143165,0
1.0,0.90867347,0.06937027,0
1.0,0.8492366,0.06842998,0
1.0,0.8922334,0.06708182,0
1.0,0.91857463,0.06928614,0
1.0,0.89498067,0.07576278,0
1.0,0.8329018,0.08874585,0
1.0,0.8693745,0.08663341,0
1.0,0.8709807,0.084947616,0
1.0,0.8281151,0.09315112,0
1.0,0.74465114,0.11590432,0
1.0,0.83783627,0.08312063,0
1.0,0.8770412,0.075662814,0
1.0,0.82517177,0.09065292,0
1.0,0.7879015,0.09446281,0
1.0,0.8292979,0.077831395,0
1.0,0.80009896,0.08026568,0
1.0,0.6875428,0.11050934,0
1.0,0.64989126,0.12031754,0
1.0,0.70553684,0.088275254,0
1.0,0.6910777,0.09051269,0
1.0,0.60573745,0.13430704,0
1.0,0.618853,0.12741183,0
1.0,0.64839715,0.120689735,0
1.0,0.61234015,0.15687668,0
1.0,0.5172371,0.23339313,0
1.0,0.5431329,0.21573864,0
1.0,0.55315405,0.2077406,0
1.0,0.54638076,0.21086925,0
1.0,0.49680027,0.26248714,0
1.0,0.5340512,0.24527445,0
1.0,0.54556155,0.24594153,0
1.0,0.53364736,0.24800126,0
1.0,0.47486198,0.30282086,0
1.0,0.524196,0.2540503,0
1.0,0.4789196,0.2901661,0
1.0,0.56888217,0.20398483,0
1.0,0.65136725,0.13406627,0
1.0,0.6419429,0.1285549,0
1.0,0.68602693,0.10028181,0
1.0,0.742779,0.07858293,0
1.0,0.6858395,0.096588224,0
1.0,0.6358134,0.11761445,0
1.0,0.6895449,0.095227376,0
1.0,0.7527282,0.07639392,0
1.0,0.7215479,0.07810212,0
1.0,0.65267193,0.105040535,0
1.0,0.7153215,0.08586617,0
1.0,0.77729744,0.0741974,0
1.0,0.77589846,0.07756959,0
1.0,0.70762163,0.095875,0
1.0,0.7769051,0.07413778,0
1.0,0.81403005,0.068903655,0
1.0,0.8113865,0.06856462,0
1.0,0.758021,0.079223834,0
1.0,0.82755035,0.07404256,0
1.0,0.8708366,0.07303622,0
1.0,0.8821953,0.07508657,0
1.0,0.8342066,0.069710396,0
1.0,0.8776947,0.07377668,0
1.0,0.7987848,0.07079449,0
1.0,0.7568289,0.06760912,0
1.0,0.73093784,0.060256578,0
1.0,0.7646619,0.0493662,0
1.0,0.6976816,0.049112447,0
1.0,0.74441963,0.04902097,0
1.0,0.7359808,0.05111684,0
1.0,0.7758757,0.0538741,0
1.0,0.711203,0.046571307,0
1.0,0.75423,0.05169676,0
1.0,0.7530977,0.054220572,0
1.0,0.7852715,0.054811142,0
1.0,0.7111816,0.054898314,0
1.0,0.73158044,0.056644827,0
1.0,0.7211749,0.05708368,0
1.0,0.8108415,0.06846924,0
1.0,0.8053913,0.08737168,0
1.0,0.8310892,0.096681155,0
1.0,0.8259085,0.09536064,0
1.0,0.8777662,0.11427076,0
1.0,0.8453867,0.098368965,0
1.0,0.82981884,0.091287,0
1.0,0.8310737,0.092565656,0
1.0,0.90213645,0.12143141,0
1.0,0.9046076,0.12117812,0
1.0,0.90731394,0.1221582,0
1.0,0.8957302,0.113354124,0
1.0,0.9255705,0.118848234,0
1.0,0.91717124,0.11004071,0
1.0,0.90811294,0.10561496,0
1.0,0.9078209,0.10661836,0
1.0,0.92347026,0.11555945,0
1.0,0.90717554,0.12035409,0
1.0,0.91231334,0.123284906,0
1.0,0.9193628,0.12846006,0
1.0,0.92565495,0.14000681,0
1.0,0.90674067,0.13114613,0
1.0,0.89663935,0.13105026,0
1.0,0.90672576,0.13323045,0
1.0,0.8924408,0.120020784,0
1.0,0.85300237,0.10510898,0
1.0,0.8041366,0.08768143,0
1.0,0.8428052,0.0980743,0
1.0,0.8253199,0.09310095,0
1.0,0.7987592,0.08435716,0
1.0,0.7753633,0.07524896,0
1.0,0.7972745,0.078659825,0
1.0,0.6965409,0.0627282,0
1.0,0.6607695,0.050870515,0
1.0,0.6080014,0.063907124,0
1.0,0.6642793,0.053888608,0
1.0,0.62229216,0.06388063,0
1.0,0.64363813,0.060716517,0
1.0,0.67067045,0.05788894,0
1.0,0.7327247,0.061511196,0
1.0,0.721785,0.060452364,0
1.0,0.73687714,0.06323935,0
1.0,0.75570506,0.06773612,0
1.0,0.7505532,0.06830596,0
1.0,0.73314625,0.06350589,0
1.0,0.72417927,0.05830404,0
1.0,0.7685824,0.068854794,0
1.0,0.7621741,0.06746362,0
1.0,0.77070266,0.07247621,0
1.0,0.74401367,0.05464833,0
1.0,0.78410107,0.06621061,0
1.0,0.755371,0.062487993,0
1.0,0.7862167,0.069292165,0
1.0,0.7443378,0.055045977,0
1.0,0.7889233,0.06258172,0
1.0,0.7432596,0.05085413,0
1.0,0.7571518,0.05561141,0
1.0,0.7257873,0.04999098,0
1.0,0.76514095,0.060030103,0
1.0,0.722707,0.050077822,0
1.0,0.74726653,0.053090442,0
1.0,0.70827484,0.042333476,0
1.0,0.6938511,0.04559966,0
1.0,0.6406859,0.037942827,0
1.0,0.6668897,0.045553453,0
1.0,0.62056446,0.042529076,0
1.0,0.591885,0.03962506,0
1.0,0.5704718,0.04183073,0
1.0,0.56512576,0.043621957,0
1.0,0.5905608,0.049230255,0
1.0,0.544169,0.05749693,0
1.0,0.5575185,0.054068893,0
1.0,0.5300321,0.060552806,0
1.0,0.5654556,0.050901435,0
1.0,0.5338431,0.06484304,0
1.0,0.5638185,0.05968938,0
1.0,0.5169526,0.07701353,0
1.0,0.5501659,0.0718756,0
1.0,0.5093851,0.08460008,0
1.0,0.57337767,0.06499164,0
1.0,0.5256524,0.08119825,0
1.0,0.5848977,0.06870457,0
1.0,0.60919136,0.06396975,0
1.0,0.63298,0.05932948,0
1.0,0.6105725,0.069085374,0
1.0,0.642334,0.06858569,0
1.0,0.60215104,0.0781389,0
1.0,0.61782175,0.07524608,0
1.0,0.6212835,0.07393605,0
1.0,0.65401286,0.066734135,0
1.0,0.6291079,0.0787382,0
1.0,0.61950296,0.08947687,0
1.0,0.6251395,0.09220442,0
1.0,0.6035543,0.103987455,0
1.0,0.6427747,0.087949604,0
1.0,0.6071882,0.100493506,0
1.0,0.6656425,0.07685686,0
1.0,0.7087661,0.067146465,0
1.0,0.75299525,0.062824205,0
1.0,0.69579375,0.068256065,0
1.0,0.7682393,0.06330762,0
1.0,0.7818828,0.058320124,0
1.0,0.7792766,0.060602527,0
1.0,0.6794412,0.06628679,0
1.0,0.7655798,0.06350842,0
1.0,0.78555495,0.068044156,0
1.0,0.7823673,0.06963633,0
1.0,0.72971493,0.06567611,0
1.0,0.79171205,0.07115249,0
1.0,0.83717775,0.08003315,0
1.0,0.81988776,0.0772768,0
1.0,0.80173165,0.074167356,0
1.0,0.8335852,0.0744609,0
1.0,0.87693954,0.067642726,0
1.0,0.86064863,0.06381574,0
1.0,0.8365999,0.06032821,0
1.0,0.8314971,0.060174346,0
1.0,0.86472344,0.06629442,0
1.0,0.81582564,0.054420564,0
1.0,0.7992814,0.05071487,0
1.0,0.7752963,0.050519176,0
1.0,0.78344804,0.054057933,0
1.0,0.7209106,0.05146297,0
1.0,0.7273676,0.04705923,0
1.0,0.719796,0.050006706,0
1.0,0.7380262,0.050328642,0
1.0,0.74391586,0.05033627,0
1.0,0.74274975,0.050273802,0
1.0,0.7138581,0.04935314,0
1.0,0.69144386,0.051886074,0
1.0,0.73882306,0.05112863,0
1.0,0.7219819,0.051979467,0
1.0,0.72894794,0.053457595,0
1.0,0.66865194,0.056814134,0
1.0,0.70031106,0.05882983,0
1.0,0.6155814,0.08185546,0
1.0,0.61769515,0.081501395,0
1.0,0.55374384,0.10495465,0
1.0,0.6047093,0.08570063,0
1.0,0.58978564,0.091432594,0
1.0,0.6892837,0.06647861,0
1.0,0.66118145,0.067034855,0
1.0,0.6925058,0.061977506,0
1.0,0.6815792,0.062377963,0
1.0,0.74481606,0.06483574,0
1.0,0.6944409,0.0668423,0
1.0,0.7313301,0.06810948,0
1.0,0.7008332,0.06604933,0
1.0,0.7398598,0.06493805,0
1.0,0.6773918,0.06631795,0
1.0,0.68189234,0.07287657,0
1.0,0.6691508,0.0817585,0
1.0,0.72679526,0.07590313,0
1.0,0.6979974,0.08103081,0
1.0,0.63406134,0.102638245,0
1.0,0.639614,0.09959634,0
1.0,0.66098636,0.08950637,0
1.0,0.63461107,0.0946479,0
1.0,0.6602662,0.08699003,0
1.0,0.6752584,0.083954334,0
1.0,0.7160807,0.07867068,0
1.0,0.696,0.08062738,0
1.0,0.6734045,0.086473025,0
1.0,0.63921106,0.09466455,0
1.0,0.64966255,0.08992402,0
1.0,0.609235,0.10005072,0
1.0,0.6105068,0.09155369,0
1.0,0.5783677,0.091445535,0
1.0,0.62101275,0.07964654,0
1.0,0.57758456,0.099308014,0
1.0,0.5711546,0.11630323,0
1.0,0.5379599,0.13595681,0
1.0,0.6040809,0.11080724,0
1.0,0.58544505,0.11877652,0
1.0,0.6307911,0.099604465,0
1.0,0.5779197,0.120939314,0
1.0,0.70039594,0.07609232,0
1.0,0.6983926,0.08337502,0
1.0,0.75269926,0.07664031,0
1.0,0.70701784,0.0808125,0
1.0,0.8104763,0.07991389,0
1.0,0.7837769,0.07903445,0
1.0,0.73702186,0.07284206,0
1.0,0.6698792,0.06519495,0
1.0,0.7931103,0.06983263,0
1.0,0.7863942,0.06993638,0
1.0,0.75750464,0.061869666,0
1.0,0.7219218,0.0598756,0
1.0,0.8186867,0.073237434,0
1.0,0.8213132,0.07359743,0
1.0,0.769261,0.06406368,0
1.0,0.7226161,0.067567214,0
1.0,0.8078468,0.072394975,0
1.0,0.8047339,0.07131089,0
1.0,0.73667073,0.06452032,0
1.0,0.7210467,0.066131406,0
1.0,0.7649422,0.06437197,0
1.0,0.78046024,0.06429233,0
1.0,0.66958374,0.07617911,0
1.0,0.6675069,0.07626486,0
1.0,0.6690912,0.07684968,0
1.0,0.6646848,0.07572607,0
1.0,0.54436266,0.10580228,0
1.0,0.54271513,0.106742665,0
1.0,0.537112,0.11201759,0
1.0,0.5704846,0.096750356,0
1.0,0.5210414,0.12009537,0
1.0,0.5350706,0.112619616,0
1.0,0.5107119,0.12636663,0
1.0,0.5209832,0.12810105,0
1.0,0.49290758,0.1660532,0
1.0,0.47840762,0.19764526,0
1.0,0.50219554,0.18992515,0
1.0,0.51207316,0.1846439,0
1.0,0.5489918,0.16147706,0
1.0,0.5260559,0.17735946,0
1.0,0.62889206,0.11038603,0
1.0,0.61873984,0.1160354,0
1.0,0.6197327,0.113691345,0
1.0,0.5796757,0.13577195,0
1.0,0.63805234,0.109589525,0
1.0,0.5761734,0.14351791,0
1.0,0.59731793,0.12715483,0
1.0,0.57221246,0.13075079,0
1.0,0.6450159,0.09041937,0
1.0,0.56859595,0.1249695,0
1.0,0.5972221,0.109273806,0
1.0,0.56775963,0.12576547,0
1.0,0.64650726,0.08869593,0
1.0,0.59299475,0.111533135,0
1.0,0.62085426,0.099378645,0
1.0,0.59064823,0.11488552,0
1.0,0.6488402,0.08757601,0
1.0,0.5914321,0.107256874,0
1.0,0.6149074,0.096746825,0
1.0,0.59488755,0.10300061,0
1.0,0.6147251,0.08768112,0
1.0,0.5433733,0.12094396,0
1.0,0.52935076,0.1281031,0
1.0,0.554063,0.11614568,0
1.0,0.5507825,0.12748697,0
1.0,0.5785756,0.11406829,0
1.0,0.6301062,0.08538866,0
1.0,0.64128894,0.06698917,0
1.0,0.6995609,0.06072701,0
1.0,0.7026469,0.061677925,0
1.0,0.7157314,0.06155792,0
1.0,0.7748541,0.06796998,0
1.0,0.8105609,0.07457133,0
1.0,0.81857765,0.07443658,0
1.0,0.82259166,0.0814598,0
1.0,0.844984,0.095688656,0
1.0,0.8735541,0.116698295,0
1.0,0.88167495,0.124114886,0
1.0,0.88113946,0.12291543,0
1.0,0.9003942,0.13867223,0
1.0,0.91626567,0.15993893,0
1.0,0.911325,0.17115422,0
1.0,0.89240074,0.17082272,0
1.0,0.8974438,0.17947881,0
1.0,0.9066789,0.18735236,0
1.0,0.90557045,0.1957247,0
1.0,0.87910235,0.19896707,0
1.0,0.876621,0.20426607,0
1.0,0.88108337,0.21226464,0
1.0,0.8557388,0.20270662,0
1.0,0.8075769,0.16843264,0
1.0,0.8175534,0.1754919,0
1.0,0.82612824,0.18209186,0
1.0,0.841149,0.1920798,0
1.0,0.8125434,0.1688464,0
1.0,0.7734791,0.14084627,0
1.0,0.78920555,0.13058409,0
1.0,0.79197514,0.12057489,0
1.0,0.74122,0.09590691,0
1.0,0.7093033,0.08050317,0
1.0,0.7294956,0.094337896,0
1.0,0.7250063,0.12221899,0
1.0,0.71753293,0.13000485,0
1.0,0.7113857,0.13040954,0
1.0,0.7334603,0.15181014,0
1.0,0.7682715,0.18055296,0
1.0,0.7822157,0.19508505,0
1.0,0.76612717,0.18730456,0
1.0,0.76339155,0.18021476,0
1.0,0.8150302,0.21363242,0
1.0,0.8130363,0.2140907,0
1.0,0.81876785,0.2186796,0
1.0,0.81700987,0.20832206,0
1.0,0.8746996,0.24343155,0
1.0,0.8685346,0.2297808,0
1.0,0.87216854,0.22845659,0
1.0,0.8473907,0.21248436,0
1.0,0.85428107,0.21800767,0
1.0,0.8054017,0.16268891,0
1.0,0.8205186,0.16763258,0
1.0,0.78395903,0.15139432,0
1.0,0.81015414,0.1665202,0
1.0,0.7815965,0.15427613,0
1.0,0.83635557,0.1948704,0
1.0,0.7871683,0.16376103,0
1.0,0.8220298,0.19256984,0
1.0,0.7567292,0.15460545,0
1.0,0.7903717,0.18608612,0
1.0,0.73287827,0.14805678,0
1.0,0.7582001,0.16252144,0
1.0,0.6917656,0.122760594,0
1.0,0.74318963,0.1545859,0
1.0,0.6992514,0.12575015,0
1.0,0.7086396,0.101234496,0
1.0,0.6645439,0.072136484,0
1.0,0.69439006,0.0863841,0
1.0,0.64808637,0.06566273,0
1.0,0.6318924,0.05792913,0
1.0,0.5824002,0.04516971,0
1.0,0.60510266,0.045011714,0
1.0,0.5714389,0.042411543,0
1.0,0.5852635,0.04438325,0
1.0,0.5708249,0.042120777,0
1.0,0.59087986,0.0444545,0
1.0,0.55923235,0.04008069,0
1.0,0.57776505,0.04279774,0
1.0,0.55169237,0.03933007,0
1.0,0.5683223,0.040657785,0
1.0,0.5510359,0.039436232,0
1.0,0.5605325,0.04441068,0
1.0,0.5584953,0.041744415,0
1.0,0.5646102,0.04266709,0
1.0,0.5626625,0.045822766,0
1.0,0.55091125,0.04053977,0
1.0,0.5440158,0.039204612,0
1.0,0.5561881,0.0404108,0
1.0,0.57305336,0.044330753,0
1.0,0.5306118,0.040767357,0
1.0,0.538063,0.043691054,0
1.0,0.53946817,0.041245814,0
1.0,0.54395163,0.041507736,0
1.0,0.5115093,0.040920354,0
1.0,0.5323638,0.04346353,0
1.0,0.5316081,0.043356284,0
1.0,0.5425341,0.045245495,0
1.0,0.5058073,0.043233857,0
1.0,0.53559136,0.04556214,0
1.0,0.5671473,0.0469792,0
1.0,0.5569333,0.044087924,0
1.0,0.5460038,0.047133833,0
1.0,0.5360997,0.045511212,0
1.0,0.5472386,0.04903026,0
1.0,0.56890166,0.050675698,0
1.0,0.5479983,0.048583556,0
1.0,0.54802275,0.048631396,0
1.0,0.55590266,0.049424894,0
1.0,0.550249,0.047523666,0
1.0,0.5402177,0.047381856,0
1.0,0.55267644,0.053385124,0
1.0,0.5823599,0.058990918,0
1.0,0.53367865,0.049543,0
1.0,0.5676257,0.04934479,0
1.0,0.5383428,0.04578776,0
1.0,0.56982934,0.051170386,0
1.0,0.527451,0.042706147,0
1.0,0.5690913,0.05858025,0
1.0,0.5916712,0.0649403,0
1.0,0.662597,0.09299175,0
1.0,0.62160516,0.081413105,0
1.0,0.68640393,0.109540306,0
1.0,0.6755659,0.097054206,0
1.0,0.696196,0.109075606,0
1.0,0.6999183,0.10983756,0
1.0,0.73723805,0.12806264,0
1.0,0.752553,0.13952248,0
1.0,0.76755595,0.14662634,0
1.0,0.7432806,0.12522425,0
1.0,0.7663934,0.13808648,0
1.0,0.76631534,0.12815064,0
1.0,0.7666043,0.12772502,0
1.0,0.7614797,0.12517366,0
1.0,0.78035074,0.12402614,0
1.0,0.77355844,0.12643166,0
1.0,0.76724535,0.13248387,0
1.0,0.7884004,0.1409046,0
1.0,0.77494556,0.12668991,0
1.0,0.7906287,0.1367087,0
1.0,0.77784175,0.13840312,0
1.0,0.7771491,0.15129432,0
1.0,0.7617494,0.13745844,0
1.0,0.74461126,0.11860191,0
1.0,0.7149379,0.109466836,0
1.0,0.73494744,0.1205043,0
1.0,0.70706916,0.10990188,0
1.0,0.7431959,0.12488534,0
1.0,0.77321714,0.13671634,0
1.0,0.75097287,0.115253754,0
1.0,0.724306,0.0895675,0
1.0,0.7691007,0.1109551,0
1.0,0.7843612,0.11449202,0
1.0,0.7769981,0.09910795,0
1.0,0.7337844,0.083769515,0
1.0,0.80857885,0.11564524,0
1.0,0.81940675,0.11737338,0
1.0,0.7965738,0.124986105,0
1.0,0.74651545,0.10020226,0
1.0,0.8073959,0.12920788,0
1.0,0.802161,0.17007788,0
1.0,0.73890483,0.137205,0
1.0,0.6761408,0.11038681,0
1.0,0.7415239,0.13987745,0
1.0,0.7449458,0.14174844,0
1.0,0.7074232,0.124916315,0
1.0,0.6294337,0.10037586,0
1.0,0.71066135,0.12240121,0
1.0,0.7102731,0.117138736,0
1.0,0.67643374,0.10561658,0
1.0,0.5816433,0.08777863,0
1.0,0.6249385,0.09854618,0
1.0,0.5578075,0.090246215,0
1.0,0.51839924,0.08734229,0
1.0,0.4308122,0.10883804,0
1.0,0.4830973,0.104149766,0
1.0,0.47084826,0.10979121,0
1.0,0.5975596,0.10236138,0
1.0,0.5860863,0.09294168,0
1.0,0.6069955,0.0976899,0
1.0,0.65239537,0.115225464,0
1.0,0.7224706,0.14113118,0
1.0,0.7089896,0.13355362,0
1.0,0.70268524,0.1284393,0
1.0,0.7449719,0.1454404,0
1.0,0.79555947,0.1733323,0
1.0,0.8029117,0.17234132,0
1.0,0.7706884,0.1561577,0
1.0,0.7979021,0.17023486,0
1.0,0.829262,0.16688693,0
1.0,0.84620816,0.17489132,0
1.0,0.8101385,0.15574,0
1.0,0.85725623,0.13331833,0
1.0,0.8399221,0.1225834,0
1.0,0.86156875,0.13825533,0
1.0,0.811059,0.112189144,0
1.0,0.8494541,0.13283265,0
1.0,0.8404199,0.12712874,0
1.0,0.84836316,0.12758292,0
1.0,0.8172548,0.11775393,0
1.0,0.8076518,0.11938802,0
1.0,0.7287249,0.09119508,0
1.0,0.73822445,0.10056673,0
1.0,0.70312685,0.08781777,0
1.0,0.690996,0.090571985,0
1.0,0.63947755,0.08247848,0
1.0,0.6665325,0.08930762,0
1.0,0.67161125,0.074441895,0
1.0,0.66124415,0.06465234,0
1.0,0.64532834,0.06223237,0
1.0,0.6739545,0.064613685,0
1.0,0.7152137,0.06271118,0
1.0,0.7083409,0.05303793,0
1.0,0.6695847,0.05217705,0
1.0,0.70489556,0.05508595,0
1.0,0.7182536,0.058498904,0
1.0,0.6580507,0.058715418,0
1.0,0.612448,0.06446263,0
1.0,0.6562514,0.06322366,0
1.0,0.66649336,0.060760733,0
1.0,0.61571753,0.06402166,0
1.0,0.5732157,0.06865268,0
1.0,0.61769307,0.0637543,0
1.0,0.63200676,0.0632997,0
1.0,0.6037858,0.0663254,0
1.0,0.5684312,0.06979026,0
1.0,0.59979177,0.06894171,0
1.0,0.6194013,0.07038122,0
1.0,0.58834857,0.07713361,0
1.0,0.5507145,0.08773331,0
1.0,0.55318165,0.08610169,0
1.0,0.5262566,0.0931956,0
1.0,0.46768335,0.114749536,0
1.0,0.46047008,0.122573264,0
1.0,0.444772,0.13503549,0
1.0,0.45729607,0.12831426,0
1.0,0.4213212,0.13270746,0
1.0,0.47528675,0.10168387,0
1.0,0.49582154,0.08735645,0
1.0,0.4942473,0.08349911,0
1.0,0.52435416,0.06925528,0
1.0,0.54718065,0.06403122,0
1.0,0.58142,0.05799352,0
1.0,0.5372808,0.062895164,0
1.0,0.5654681,0.06628989,0
1.0,0.57038397,0.06500426,0
1.0,0.6371947,0.056381665,0
1.0,0.6090723,0.057322584,0
1.0,0.6637376,0.057196856,0
1.0,0.6576438,0.06118696,0
1.0,0.7130036,0.05857639,0
1.0,0.68018955,0.060406726,0
1.0,0.70120835,0.061733,0
1.0,0.662095,0.060019113,0
1.0,0.71169436,0.060527608,0
1.0,0.6845999,0.06103705,0
1.0,0.6995228,0.08171332,0
1.0,0.6696896,0.08311625,0
1.0,0.7669743,0.08738792,0
1.0,0.71975076,0.07964055,0
1.0,0.75652295,0.08365618,0
1.0,0.68661433,0.07426034,0
1.0,0.69201225,0.07661591,0
1.0,0.6928797,0.0765319,0
1.0,0.7677033,0.08664259,0
1.0,0.7383698,0.08341423,0
1.0,0.7425994,0.08382939,0
1.0,0.74905235,0.08021481,0
1.0,0.7693264,0.07525466,0
1.0,0.7354333,0.07020337,0
1.0,0.7102764,0.06762295,0
1.0,0.6936052,0.06761078,0
1.0,0.72722995,0.08244382,0
1.0,0.71109784,0.083193876,0
1.0,0.7299874,0.082198806,0
1.0,0.71151716,0.08807607,0
1.0,0.739427,0.086645834,0
1.0,0.7543957,0.1073239,0
1.0,0.70410323,0.1020855,0
1.0,0.6785125,0.105557255,0
1.0,0.69044,0.104881376,0
1.0,0.67321587,0.10364579,0
1.0,0.5934817,0.10553031,0
1.0,0.5990742,0.104979984,0
1.0,0.59789383,0.10216952,0
1.0,0.5969398,0.10349321,0
1.0,0.566229,0.10244928,0
1.0,0.52727115,0.10996684,0
1.0,0.44605175,0.1222226,0
1.0,0.44570214,0.12553307,0
1.0,0.4034032,0.15724994,0
1.0,0.40358275,0.15634,0
1.0,0.39080322,0.16025138,0
1.0,0.3983976,0.15514192,0
1.0,0.39695325,0.14561675,0
1.0,0.42285067,0.1304118,0
1.0,0.40634558,0.14840798,0
1.0,0.40819386,0.14143527,0
1.0,0.38501653,0.14704044,0
1.0,0.38062403,0.14703953,0
1.0,0.37560982,0.14106101,0
1.0,0.3867663,0.13640434,0
1.0,0.4007349,0.12895875,0
1.0,0.41917357,0.11788463,0
1.0,0.39282802,0.14288789,0
1.0,0.4290319,0.14491713,0
1.0,0.43826026,0.15363835,0
1.0,0.54314727,0.14771912,0
1.0,0.5025243,0.168401,0
1.0,0.5629958,0.13666505,0
1.0,0.55681455,0.13938597,0
1.0,0.67618924,0.10269663,0
1.0,0.6209055,0.111026,0
1.0,0.6325893,0.104039416,0
1.0,0.65076005,0.101005346,0
1.0,0.73095644,0.090655,0
1.0,0.6706954,0.09214988,0
1.0,0.6458388,0.095508195,0
1.0,0.6422876,0.09562978,0
1.0,0.6986177,0.09508621,0
1.0,0.62747216,0.099988356,0
1.0,0.5930589,0.108017415,0
1.0,0.6027019,0.10223349,0
1.0,0.68465096,0.102542534,0
1.0,0.6228578,0.11345957,0
1.0,0.5944331,0.12112909,0
1.0,0.6299024,0.11676674,0
1.0,0.70240235,0.0999187,0
1.0,0.6677129,0.10184632,0
1.0,0.6037104,0.119903624,0
1.0,0.6233937,0.11392714,0
1.0,0.5815123,0.13109699,0
1.0,0.54787046,0.15649644,0
1.0,0.47419676,0.20596042,0
1.0,0.5173159,0.1767718,0
1.0,0.48847315,0.19439603,0
1.0,0.51481426,0.16286275,0
1.0,0.55773634,0.12824243,0
1.0,0.55989987,0.11923641,0
1.0,0.5834675,0.07800333,0
1.0,0.58581424,0.07336044,0
1.0,0.62886745,0.06150327,0
1.0,0.57918817,0.07514944,0
1.0,0.6256511,0.06334685,0
1.0,0.61257464,0.06696011,0
1.0,0.6774236,0.05368174,0
1.0,0.6122158,0.0709642,0
1.0,0.63176405,0.07272376,0
1.0,0.6120296,0.07950009,0
1.0,0.6626477,0.06357312,0
1.0,0.5753589,0.09029738,0
1.0,0.616313,0.07422802,0
1.0,0.5818504,0.09199948,0
1.0,0.6535889,0.066701554,0
1.0,0.5704122,0.0921142,0
1.0,0.60953176,0.06515397,0
1.0,0.58135974,0.07098587,0
1.0,0.64720386,0.06336075,0
1.0,0.5807624,0.07306944,0
1.0,0.6025706,0.075330794,0
1.0,0.55084395,0.088151835,0
1.0,0.56339645,0.08258452,0
1.0,0.5318334,0.08968635,0
1.0,0.53822327,0.086354956,0
1.0,0.51164734,0.07992525,0
1.0,0.53818697,0.06942201,0
1.0,0.52691114,0.078225404,0
1.0,0.538106,0.084440365,0
1.0,0.560207,0.08245015,0
1.0,0.57322013,0.07928351,0
1.0,0.5943436,0.07435052,0
1.0,0.6173038,0.07286751,0
1.0,0.5851623,0.08873756,0
1.0,0.5715022,0.090513214,0
1.0,0.58299714,0.09148981,0
1.0,0.61644125,0.08436462,0
1.0,0.6140646,0.08440079,0
1.0,0.57937807,0.08968197,0
1.0,0.61415434,0.07953766,0
1.0,0.61697936,0.076208584,0
1.0,0.5931065,0.076577015,0
1.0,0.5622372,0.088086426,0
1.0,0.5917283,0.08876175,0
1.0,0.61804694,0.09254843,0
1.0,0.6169978,0.08795619,0
1.0,0.55379325,0.09672882,0
1.0,0.5875423,0.10860555,0
1.0,0.59642625,0.12941135,0
1.0,0.59098876,0.13225922,0
1.0,0.52198833,0.14229842,0
1.0,0.5522349,0.13939996,0
1.0,0.48490638,0.1670222,0
1.0,0.45869768,0.18802467,0
1.0,0.4047866,0.22839421,0
1.0,0.43805152,0.20480143,0
1.0,0.41761327,0.21641564,0
1.0,0.4467135,0.21124935,0
1.0,0.41768923,0.24413182,0
1.0,0.45159137,0.21337692,0
1.0,0.4067057,0.23812164,0
1.0,0.42153132,0.22530647,0
1.0,0.41235062,0.2490159,0
1.0,0.45049918,0.24898103,0
1.0,0.4063444,0.28608224,0
1.0,0.44087797,0.24452172,0
1.0,0.41316655,0.275253,0
1.0,0.44823042,0.2600329,0
1.0,0.40005776,0.3348751,0
1.0,0.41306344,0.32906276,0
1.0,0.39517504,0.3476659,0
1.0,0.4111593,0.3471002,0
1.0,0.3918274,0.39326406,0
1.0,0.41084304,0.40301275,0
1.0,0.40030596,0.40943557,0
1.0,0.42351335,0.37561595,0
1.0,0.402987,0.398413,0
1.0,0.416703,0.40113372,0
1.0,0.4112195,0.42879725,0
1.0,0.42377332,0.39277875,0
1.0,0.38292053,0.40717655,0
1.0,0.39177024,0.39480686,0
1.0,0.39190993,0.402981,0
1.0,0.40271142,0.39918447,0
1.0,0.38850212,0.4204108,0
1.0,0.39022887,0.41144544,0
1.0,0.37162223,0.43938407,0
1.0,0.3758177,0.48869434,0
1.0,0.3762762,0.5233351,0
1.0,0.35686004,0.550684,0
1.0,0.3633983,0.5358422,0
1.0,0.35194036,0.55135155,0
1.0,0.36142594,0.5655367,0
1.0,0.34011105,0.6566562,0
1.0,0.34618276,0.6552034,0
1.0,0.3352146,0.63865584,0
1.0,0.34132183,0.63033116,0
1.0,0.3191312,0.6834415,0
1.0,0.32970676,0.6925442,0
1.0,0.31677812,0.7266346,0
1.0,0.32989392,0.67658585,0
1.0,0.3007577,0.73537445,0
1.0,0.31547147,0.7513766,0
1.0,0.3012252,0.7853656,0
1.0,0.31650853,0.75705385,0
1.0,0.2963848,0.77289283,0
1.0,0.29813525,0.7915201,0
1.0,0.2914059,0.8571305,0
1.0,0.3033644,0.90777755,0
1.0,0.2887865,0.9490498,0
1.0,0.29513404,0.91480637,0
1.0,0.28014356,0.95528835,0
1.0,0.3020622,0.9411386,0
1.0,0.2884727,0.99361134,0
1.0,0.2760526,1.0525998,0
1.0,0.2778548,1.0482767,0
1.0,0.2765882,1.0484706,0
1.0,0.28332892,1.050974,0
1.0,0.27364266,1.1047177,0
1.0,0.28688735,1.0555396,0
1.0,0.29214054,1.0086405,0
1.0,0.29633945,0.9896476,0
1.0,0.28116053,1.0290449,0
1.0,0.29874432,1.0183873,0
1.0,0.30440274,0.99063444,0
1.0,0.31560853,0.91064906,0
1.0,0.2938428,0.94118786,0
1.0,0.31014687,0.9443227,0
1.0,0.31752232,0.9763855,0
1.0,0.32461965,0.9664446,0
1.0,0.3107722,0.96028435,0
1.0,0.32025358,0.90884125,0
1.0,0.33899504,0.8981452,0
1.0,0.31345546,1.0010877,0
1.0,0.29356238,1.0184702,0
1.0,0.29176867,0.9916003,0
1.0,0.29186842,0.9623481,0
1.0,0.28546116,0.962343,0
1.0,0.28788742,0.96969724,0
1.0,0.28813982,0.933674,0
1.0,0.30376157,0.81943095,0
1.0,0.29138136,0.8032875,0
1.0,0.2907883,0.8149067,0
1.0,0.28545678,0.8581053,0
1.0,0.3004134,0.85998356,0
1.0,0.28985167,0.85779834,0
1.0,0.29185772,0.80992764,0
1.0,0.28082943,0.8115906,0
1.0,0.3020449,0.7862909,0
1.0,0.28824228,0.83470166,0
1.0,0.29539376,0.793242,0
1.0,0.27824363,0.7861283,0
1.0,0.28949273,0.7734102,0
1.0,0.27079892,0.8451075,0
1.0,0.2754659,0.8390566,0
1.0,0.261029,0.83167505,0
1.0,0.26575,0.803228,0
1.0,0.26469377,0.79873896,0
1.0,0.27310923,0.797756,0
1.0,0.27364781,0.78961504,0
1.0,0.2754381,0.72535574,0
1.0,0.27247897,0.69959044,0
1.0,0.27568784,0.68807447,0
1.0,0.28365272,0.7082934,0
1.0,0.283731,0.74757934,0
1.0,0.28150526,0.6849867,0
1.0,0.2832064,0.65846974,0
1.0,0.27872935,0.66142464,0
1.0,0.28501436,0.6717573,0
1.0,0.28107393,0.7294315,0
1.0,0.28302103,0.704676,0
1.0,0.2773211,0.6901356,0
1.0,0.2731144,0.70217264,0
1.0,0.26789016,0.7312647,0
1.0,0.26939517,0.74768615,0
1.0,0.26948017,0.7130625,0
1.0,0.27032652,0.65535104,0
1.0,0.26502472,0.64810216,0
1.0,0.2669373,0.6637007,0
1.0,0.26551905,0.6842433,0
1.0,0.27380174,0.648731,0
1.0,0.26646444,0.61545193,0
1.0,0.27654606,0.5857315,0
1.0,0.29220042,0.5710242,0
1.0,0.2813314,0.61931527,0
1.0,0.28853077,0.59469485,0
1.0,0.27621433,0.5873534,0
1.0,0.27857822,0.58447355,0
1.0,0.28261733,0.59032166,0
1.0,0.28952602,0.6173657,0
1.0,0.28764442,0.6113486,0
1.0,0.27922443,0.59977835,0
1.0,0.27742848,0.60210633,0
1.0,0.28039816,0.59643817,0
1.0,0.29016724,0.6031954,0
1.0,0.28890407,0.58752453,0
1.0,0.29603076,0.51611775,0
1.0,0.2958505,0.5034951,0
1.0,0.3021505,0.49561924,0
1.0,0.29867813,0.5112823,0
1.0,0.30228555,0.52957493,0
1.0,0.30605167,0.47455502,0
1.0,0.30744028,0.45020014,0
1.0,0.30598837,0.45370987,0
1.0,0.2997233,0.4888084,0
1.0,0.30034378,0.48652634,0
1.0,0.2939107,0.4652584,0
1.0,0.28071493,0.4555294,0
1.0,0.29098833,0.45172793,0
1.0,0.28289685,0.4971459,0
1.0,0.29334205,0.4810815,0
1.0,0.27625433,0.48120397,0
1.0,0.28455696,0.47451246,0
1.0,0.27621934,0.48585463,0
1.0,0.29506937,0.47434744,0
1.0,0.29272288,0.48995125,0
1.0,0.30554754,0.44192153,0
1.0,0.3025603,0.41155624,0
1.0,0.30613333,0.40587726,0
1.0,0.32920188,0.40301642,0
1.0,0.30846518,0.43195534,0
1.0,0.31894824,0.38979882,0
1.0,0.3045794,0.38070247,0
1.0,0.31619075,0.36056048,0
1.0,0.29752162,0.3829362,0
1.0,0.31428608,0.37633032,0
1.0,0.30744496,0.37632564,0
1.0,0.32895166,0.34516832,0
1.0,0.31776777,0.3558568,0
1.0,0.34464192,0.35237497,0
1.0,0.37593892,0.35186183,0
1.0,0.42097965,0.3188739,0
1.0,0.3996149,0.30819786,0
1.0,0.44688076,0.26323152,0
1.0,0.47050408,0.24904017,0
1.0,0.48571742,0.27501523,0
1.0,0.4266979,0.31293926,0
1.0,0.4489756,0.27807438,0
1.0,0.45480257,0.2708829,0
1.0,0.46430779,0.2634011,0
1.0,0.44743988,0.2821108,0
1.0,0.4368659,0.27986127,0
1.0,0.47090724,0.24151403,0
1.0,0.42111394,0.2747336,0
1.0,0.42746133,0.2695239,0
1.0,0.42182547,0.29434147,0
1.0,0.48607272,0.25181562,0
1.0,0.4578147,0.265539,0
1.0,0.46503848,0.25602177,0
1.0,0.4357804,0.2754301,0
1.0,0.5137751,0.22867653,0
1.0,0.46684948,0.25727046,0
1.0,0.4742842,0.23968026,0
1.0,0.43899313,0.26104236,0
1.0,0.4591314,0.251702,0
1.0,0.37423682,0.3420426,0
1.0,0.40957063,0.30581653,0
1.0,0.3528751,0.35279557,0
1.0,0.3955042,0.30502266,0
1.0,0.40058917,0.29888704,0
1.0,0.41413045,0.29512566,0
1.0,0.41262838,0.28404075,0
1.0,0.41486293,0.25987408,0
1.0,0.4216911,0.24603525,0
1.0,0.44835332,0.22402039,0
1.0,0.4845369,0.20065093,0
1.0,0.46971866,0.20612843,0
1.0,0.5329985,0.13609126,0
1.0,0.49956906,0.13855179,0
1.0,0.53354734,0.14229204,0
1.0,0.50152713,0.1623269,0
1.0,0.5519605,0.1373212,0
1.0,0.5389061,0.1454112,0
1.0,0.57984835,0.11467863,0
1.0,0.5307509,0.13568781,0
1.0,0.5891512,0.10828942,0
1.0,0.60435206,0.12107113,0
1.0,0.72100127,0.10286164,0
1.0,0.6950247,0.09936948,0
1.0,0.7444358,0.1014643,0
1.0,0.7725302,0.10556828,0
1.0,0.82368916,0.12282264,0
1.0,0.7273447,0.09959632,0
1.0,0.7556653,0.10394822,0
1.0,0.8084914,0.116824016,0
1.0,0.8561934,0.14045385,0
1.0,0.7841938,0.12285338,0
1.0,0.8217755,0.1321968,0
1.0,0.82010347,0.13045454,0
1.0,0.845392,0.12391746,0
1.0,0.74693286,0.10471625,0
1.0,0.77669764,0.10633375,0
1.0,0.8162168,0.12255161,0
1.0,0.8404754,0.13200462,0
1.0,0.72065806,0.11644405,0
1.0,0.7659936,0.11944516,0
1.0,0.74752384,0.11695127,0
1.0,0.78320915,0.118347555,0
1.0,0.6566299,0.116877824,0
1.0,0.7285775,0.11384976,0
1.0,0.67616844,0.118891224,0
1.0,0.67210263,0.11171835,0
1.0,0.510483,0.14893804,0
1.0,0.6004747,0.12078925,0
1.0,0.5292743,0.14273997,0
1.0,0.5722179,0.13396005,0
1.0,0.48379922,0.16899148,0
1.0,0.5333244,0.14813398,0
1.0,0.45529094,0.18228358,0
1.0,0.46539044,0.1925138,0
1.0,0.42098984,0.24621122,0
1.0,0.43525007,0.24413916,0
1.0,0.4040823,0.26800156,0
1.0,0.41776562,0.267601,0
1.0,0.40754667,0.30132976,0
1.0,0.43320188,0.28416532,0
1.0,0.4008607,0.33590788,0
1.0,0.4177646,0.30262226,0
1.0,0.40238035,0.3131562,0
1.0,0.42695233,0.30229536,0
1.0,0.41111654,0.30773658,0
1.0,0.45259833,0.2665206,0
1.0,0.44878536,0.2733284,0
1.0,0.4327854,0.30508637,0
1.0,0.42084658,0.35319299,0
1.0,0.4523978,0.39746118,0
1.0,0.48829186,0.39644414,0
1.0,0.5491683,0.33616686,0
1.0,0.536577,0.35999924,0
1.0,0.54938024,0.3917418,0
1.0,0.53302026,0.42546356,0
1.0,0.47420374,0.49609262,0
1.0,0.44538462,0.5336907,0
1.0,0.44640657,0.54010713,0
1.0,0.44568452,0.5532357,0
1.0,0.41516232,0.6188012,0
1.0,0.39324477,0.6593771,0
1.0,0.41080698,0.6278596,0
1.0,0.41482306,0.62912107,0
1.0,0.39817357,0.67793596,0
1.0,0.3862123,0.7227436,0
1.0,0.40870833,0.7119142,0
1.0,0.42246804,0.6896217,0
1.0,0.3759888,0.75475115,0
1.0,0.37139046,0.7989899,0
1.0,0.3623468,0.8499083,0
1.0,0.37659234,0.8155761,0
1.0,0.34775263,0.8839953,0
1.0,0.34557626,0.9201375,0
1.0,0.31293878,1.0122172,0
1.0,0.30633113,1.0405705,0
1.0,0.24772926,1.1705098,0
1.0,0.25068405,1.1968148,0
1.0,0.24077077,1.2395921,0
1.0,0.25964254,1.2299383,0
1.0,0.25970864,1.2204337,0
1.0,0.26851374,1.1742423,0
1.0,0.2733325,1.1197952,0
1.0,0.28849927,1.0524986,0
1.0,0.28643557,1.0946652,0
1.0,0.29002586,1.1165416,0
1.0,0.28700012,1.0816436,0
1.0,0.29791275,1.0562145,0
1.0,0.2899332,1.1087426,0
1.0,0.29479963,1.1315217,0
1.0,0.29035673,1.141479,0
1.0,0.29646775,1.1492109,0
1.0,0.29113027,1.1885941,0
1.0,0.29238823,1.178751,0
1.0,0.29008347,1.202118,0
1.0,0.29935464,1.2416196,0
1.0,0.29213953,1.2670337,0
1.0,0.29029542,1.2761389,0
1.0,0.30182657,1.2668434,0
1.0,0.2930158,1.283109,0
1.0,0.29249373,1.3114583,0
1.0,0.28561372,1.3183467,0
1.0,0.29920483,1.2357982,0
1.0,0.31533358,1.1915045,0
1.0,0.31840616,1.1991725,0
1.0,0.291302,1.2207646,0
1.0,0.30496436,1.1614482,0
1.0,0.29076567,1.2358824,0
1.0,0.28943285,1.277222,0
1.0,0.28161484,1.2899318,0
1.0,0.3045774,1.2718517,0
1.0,0.27805233,1.3449833,0
1.0,0.286124,1.3352017,0
1.0,0.2732806,1.3928664,0
1.0,0.28798363,1.349951,0
1.0,0.26938376,1.3819416,0
1.0,0.27765977,1.3660262,0
1.0,0.26948,1.3797138,0
1.0,0.2817059,1.3497055,0
1.0,0.26555267,1.3853014,0
1.0,0.27742237,1.34582,0
1.0,0.28185064,1.312943,0
1.0,0.29596508,1.278962,0
1.0,0.28498843,1.3293442,0
1.0,0.29850617,1.2813852,0
1.0,0.3028758,1.2673755,0
1.0,0.3159055,1.2582958,0
1.0,0.28763494,1.2668197,0
1.0,0.29530942,1.2305951,0
1.0,0.30785346,1.2208524,0
1.0,0.30667993,1.1679559,0
1.0,0.29175237,1.1923555,0
1.0,0.29483357,1.2138342,0
1.0,0.27745694,1.2535062,0
1.0,0.26474804,1.3035214,0
1.0,0.25227436,1.3752878,0
1.0,0.25078893,1.3732392,0
1.0,0.24233605,1.3828974,0
1.0,0.24440867,1.4243569,0
1.0,0.2375898,1.4163053,0
1.0,0.24244902,1.3453345,0
1.0,0.24078764,1.347116,0
1.0,0.24454416,1.3190432,0
1.0,0.23440592,1.3191268,0
1.0,0.23897196,1.3066738,0
1.0,0.23722398,1.2870021,0
1.0,0.23845173,1.2611215,0
1.0,0.23307687,1.2762036,0
1.0,0.24030031,1.281244,0
1.0,0.24257006,1.2689475,0
1.0,0.24402791,1.2574617,0
1.0,0.24128197,1.2706513,0
1.0,0.24568263,1.265341,0
1.0,0.2586371,1.2543097,0
1.0,0.25804386,1.2826481,0
1.0,0.26877078,1.2220263,0
1.0,0.2667319,1.2020192,0
1.0,0.28655246,1.1815152,0
1.0,0.28577885,1.1817272,0
1.0,0.29836684,1.1684421,0
1.0,0.29800034,1.1858698,0
1.0,0.31315845,1.1198604,0
1.0,0.30415854,1.136666,0
1.0,0.3194018,1.1240163,0
1.0,0.31111827,1.1346338,0
1.0,0.3205496,1.1079336,0
1.0,0.30841792,1.1585206,0
1.0,0.32859683,1.1062424,0
1.0,0.3169501,1.128988,0
1.0,0.33694503,1.1410439,0
1.0,0.32421866,1.1466107,0
1.0,0.33837312,1.1042225,0
1.0,0.32137203,1.1546316,0
1.0,0.33819813,1.1251683,0
1.0,0.31867754,1.1807098,0
1.0,0.33106902,1.1855655,0
1.0,0.31626952,1.2527533,0
1.0,0.32905728,1.232121,0
1.0,0.3191469,1.2798216,0
1.0,0.33589095,1.2910655,0
1.0,0.3310702,1.2809455,0
1.0,0.34736776,1.2269105,0
1.0,0.33752266,1.255779,0
1.0,0.34825477,1.2233748,0
1.0,0.34044757,1.2310085,0
1.0,0.35361633,1.1999934,0
1.0,0.3474476,1.1953284,0
1.0,0.3476922,1.1949105,0
1.0,0.34388578,1.2229784,0
1.0,0.3567503,1.2141807,0
1.0,0.36364746,1.2012626,0
1.0,0.36258918,1.2112858,0
1.0,0.36199033,1.2155905,0
1.0,0.35610873,1.2204822,0
1.0,0.364784,1.2404058,0
1.0,0.35303363,1.3387811,0
1.0,0.3519988,1.3306758,0
1.0,0.34031892,1.3493816,0
1.0,0.3517832,1.3322492,0
1.0,0.3424293,1.341012,0
1.0,0.33376297,1.3363773,0
1.0,0.32727548,1.3023751,0
1.0,0.3405121,1.2352934,0
1.0,0.31119934,1.298274,0
1.0,0.30647743,1.3173425,0
1.0,0.29574233,1.3180788,0
1.0,0.30921045,1.2775695,0
1.0,0.29352865,1.2778704,0
1.0,0.29124954,1.2395753,0
1.0,0.2871163,1.2614663,0
1.0,0.29753074,1.2555431,0
1.0,0.29073954,1.261564,0
1.0,0.29690787,1.245498,0
1.0,0.2879145,1.2702706,0
1.0,0.29431376,1.2512274,0
1.0,0.2853916,1.262689,0
1.0,0.31205222,1.1979203,0
1.0,0.29479095,1.2315936,0
1.0,0.29617375,1.2283887,0
1.0,0.2930705,1.2428377,0
1.0,0.3096816,1.2250419,0
1.0,0.30524036,1.2044027,0
1.0,0.3276005,1.1349562,0
1.0,0.32292524,1.1292026,0
1.0,0.3601106,1.0290933,0
1.0,0.35267633,1.048697,0
1.0,0.35633886,1.0168374,0
1.0,0.3616617,0.92354286,0
1.0,0.3913827,0.86044717,0
1.0,0.38743436,0.8945313,0
1.0,0.39919809,0.85855913,0
1.0,0.4049731,0.84854686,0
1.0,0.43080774,0.8124713,0
1.0,0.41866633,0.8194733,0
1.0,0.42476192,0.8246417,0
1.0,0.41030288,0.8887605,0
1.0,0.4119756,0.9005841,0
1.0,0.393984,0.95203805,0
1.0,0.39357632,0.9490802,0
1.0,0.3878524,0.9612373,0
1.0,0.3748942,1.0046196,0
1.0,0.37307793,1.006455,0
1.0,0.38537556,0.9475734,0
1.0,0.37772706,0.91017073,0
1.0,0.37643382,0.88978046,0
1.0,0.38173157,0.8687825,0
1.0,0.38349345,0.8496991,0
1.0,0.399654,0.8198409,0
1.0,0.38050848,0.8674313,0
1.0,0.40392438,0.83439624,0
1.0,0.39815906,0.85409236,0
1.0,0.4390668,0.78866893,0
1.0,0.43214995,0.7826351,0
1.0,0.47310364,0.7060049,0
1.0,0.43988234,0.7745647,0
1.0,0.4709613,0.7409278,0
1.0,0.42282885,0.84062576,0
1.0,0.42787668,0.86841464,0
1.0,0.39705807,0.937479,0
1.0,0.4331765,0.85984147,0
1.0,0.4129491,0.8762251,0
1.0,0.42965564,0.8156738,0
1.0,0.43812457,0.77862585,0
1.0,0.44654354,0.7653937,0
1.0,0.44624338,0.7850348,0
1.0,0.44217193,0.8065318,0
1.0,0.43370748,0.83010006,0
1.0,0.48341423,0.737945,0
1.0,0.49729684,0.6895874,0
1.0,0.4705555,0.71662575,0
1.0,0.46666554,0.72387433,0
1.0,0.4705044,0.7121066,0
1.0,0.46470657,0.71182203,0
1.0,0.4210283,0.80514765,0
1.0,0.43189728,0.80708474,0
1.0,0.39857796,0.8975328,0
1.0,0.4048776,0.93505025,0
1.0,0.35689434,1.0371628,0
1.0,0.3838412,0.99150634,0
1.0,0.36326283,1.0320239,0
1.0,0.42203742,0.8920771,0
1.0,0.42683196,0.85487145,0
1.0,0.42716292,0.8568979,0
1.0,0.44476613,0.80822706,0
1.0,0.44794458,0.78586376,0
1.0,0.41047257,0.8625841,0
1.0,0.38355848,0.9032773,0
1.0,0.4351427,0.78772056,0
1.0,0.42917705,0.7856796,0
1.0,0.4256889,0.7711633,0
1.0,0.39409795,0.8180591,0
1.0,0.41243193,0.80532444,0
1.0,0.39262417,0.8673045,0
1.0,0.39091793,0.87908196,0
1.0,0.360892,0.9473815,0
1.0,0.39465308,0.89588463,0
1.0,0.3991663,0.8629741,0
1.0,0.40053996,0.83527994,0
1.0,0.36637303,0.8742157,0
1.0,0.42033148,0.7432112,0
1.0,0.40384218,0.7671025,0
1.0,0.41458634,0.7720782,0
1.0,0.3682642,0.8381819,0
1.0,0.4083443,0.76234263,0
1.0,0.37244728,0.8342122,0
1.0,0.3612291,0.8142085,0
1.0,0.35730568,0.7875575,0
1.0,0.3616323,0.7577257,0
1.0,0.37319025,0.7040384,0
1.0,0.37249172,0.6997542,0
1.0,0.36689448,0.7352631,0
1.0,0.3543327,0.78133386,0
1.0,0.36245903,0.76599395,0
1.0,0.35359326,0.78031284,0
1.0,0.35537335,0.76272315,0
1.0,0.34254092,0.78531474,0
1.0,0.340243,0.8178183,0
1.0,0.33727965,0.80604005,0
1.0,0.32558262,0.8058498,0
1.0,0.31948745,0.8100741,0
1.0,0.3216513,0.78960574,0
1.0,0.3456005,0.71416306,0
1.0,0.37071648,0.64598703,0
1.0,0.36657768,0.62960976,0
1.0,0.36923015,0.5907525,0
1.0,0.39234576,0.54178417,0
1.0,0.39141715,0.556723,0
1.0,0.3823449,0.5483843,0
1.0,0.38112685,0.53027713,0
1.0,0.40804738,0.49167338,0
1.0,0.40060845,0.49444208,0
1.0,0.40928257,0.48314798,0
1.0,0.38076472,0.5180958,0
1.0,0.4137181,0.44993114,0
1.0,0.40472996,0.46115988,0
1.0,0.41305572,0.4529451,0
1.0,0.39745948,0.44982117,0
1.0,0.44178024,0.38333207,0
1.0,0.43492973,0.3875885,0
1.0,0.45128635,0.36394575,0
1.0,0.43404195,0.3649326,0
1.0,0.47202796,0.31568313,0
1.0,0.47932044,0.2840709,0
1.0,0.49417496,0.23955855,0
1.0,0.47504517,0.25648403,0
1.0,0.4948591,0.23375358,0
1.0,0.4789152,0.22627649,0
1.0,0.4988347,0.19551146,0
1.0,0.4690618,0.18374892,0
1.0,0.4998092,0.15416312,0
1.0,0.4831564,0.18241729,0
1.0,0.5086246,0.17392811,0
1.0,0.49470088,0.19503054,0
1.0,0.5753846,0.16244401,0
1.0,0.56830347,0.17392069,0
1.0,0.61023545,0.1468131,0
1.0,0.6019976,0.15087494,0
1.0,0.70428723,0.10401987,0
1.0,0.76983756,0.068805516,0
1.0,0.79290706,0.06394439,0
1.0,0.7819739,0.064933866,0
1.0,0.8376812,0.061138872,0
1.0,0.85213035,0.061656676,0
1.0,0.8326567,0.06048316,0
1.0,0.818783,0.059650585,0
1.0,0.8684969,0.062548585,0
1.0,0.8773556,0.0626581,0
1.0,0.85876054,0.059797075,0
1.0,0.8293719,0.056937642,0
1.0,0.86177725,0.059875913,0
1.0,0.8695008,0.060497735,0
1.0,0.84267426,0.05735075,0
1.0,0.82708055,0.05724179,0
1.0,0.8564571,0.06040291,0
1.0,0.85900813,0.06262706,0
1.0,0.8312327,0.061428055,0
1.0,0.799627,0.06497221,0
1.0,0.80667186,0.06452855,0
1.0,0.81018776,0.06589456,0
1.0,0.75235564,0.07423566,0
1.0,0.7721505,0.074994296,0
1.0,0.8301719,0.08968045,0
1.0,0.83317155,0.08376277,0
1.0,0.76031536,0.079409406,0
1.0,0.80736697,0.076309964,0
1.0,0.8051386,0.06389138,0
1.0,0.77346987,0.061130323,0
1.0,0.771961,0.061146904,0
1.0,0.84308934,0.06543533,0
1.0,0.8384629,0.05618057,0
1.0,0.83128273,0.053372413,0
1.0,0.7971764,0.05628629,0
1.0,0.8446723,0.057373405,0
1.0,0.8390055,0.0577386,0
1.0,0.8300187,0.056899242,0
1.0,0.80237466,0.057942457,0
1.0,0.84148353,0.057407342,0
1.0,0.8180913,0.056707665,0
1.0,0.80310297,0.057368007,0
1.0,0.7639125,0.062323887,0
1.0,0.7985487,0.05955029,0
1.0,0.77458537,0.06254923,0
1.0,0.7648714,0.06298712,0
1.0,0.72522813,0.06968603,0
1.0,0.72855055,0.06648742,0
1.0,0.6675893,0.07606361,0
1.0,0.62511396,0.082870886,0
1.0,0.62520236,0.07861951,0
1.0,0.6080847,0.07689253,0
1.0,0.58257914,0.083409004,0
1.0,0.5880212,0.09310736,0
1.0,0.5554458,0.1239901,0
1.0,0.5191433,0.14784391,0
1.0,0.50227773,0.15349136,0
1.0,0.49889204,0.16388458,0
1.0,0.5082291,0.16410488,0
1.0,0.5060467,0.16788682,0
1.0,0.49944195,0.16468687,0
1.0,0.50114024,0.15929127,0
1.0,0.5128055,0.15094256,0
1.0,0.5112438,0.15155247,0
1.0,0.5057765,0.15411595,0
1.0,0.5029024,0.1547702,0
1.0,0.5114072,0.14018106,0
1.0,0.50666183,0.13553508,0
1.0,0.5045577,0.1389915,0
1.0,0.49936345,0.15126456,0
1.0,0.50902563,0.14282294,0
1.0,0.49766362,0.15046287,0
1.0,0.47753364,0.17091745,0
1.0,0.4794791,0.17236751,0
1.0,0.48543063,0.16615005,0
1.0,0.4791905,0.16599108,0
1.0,0.47584328,0.16619268,0
1.0,0.47768885,0.17390606,0
1.0,0.46016333,0.1989162,0
1.0,0.44333193,0.21920511,0
1.0,0.44675624,0.22549805,0
1.0,0.44304132,0.23159291,0
1.0,0.44399917,0.23339045,0
1.0,0.44602168,0.24601859,0
1.0,0.44951278,0.24629816,0
1.0,0.44845408,0.23324026,0
1.0,0.4454638,0.21684836,0
1.0,0.44974297,0.21294367,0
1.0,0.44775683,0.22868648,0
1.0,0.4485215,0.2295242,0
1.0,0.44308156,0.23500407,0
1.0,0.44359207,0.23885892,0
1.0,0.44283736,0.25254375,0
1.0,0.46088883,0.2558324,0
1.0,0.45089182,0.27449214,0
1.0,0.45174134,0.2862789,0
1.0,0.44761765,0.30879682,0
1.0,0.45170987,0.32160065,0
1.0,0.44970334,0.33694026,0
1.0,0.44605485,0.3530174,0
1.0,0.44616827,0.36094826,0
1.0,0.4490254,0.35058826,0
1.0,0.44224215,0.36513197,0
1.0,0.44044855,0.3796808,0
1.0,0.4389285,0.3785395,0
1.0,0.4399455,0.38000315,0
1.0,0.43023533,0.3962956,0
1.0,0.42897037,0.4007032,0
1.0,0.4301209,0.4162185,0
1.0,0.4315448,0.42143923,0
1.0,0.42648852,0.44223934,0
1.0,0.43279493,0.45405146,0
1.0,0.43736473,0.4437256,0
1.0,0.44619885,0.44680166,0
1.0,0.433899,0.48155347,0
1.0,0.43890873,0.4768753,0
1.0,0.4272763,0.5243682,0
1.0,0.40974876,0.5666615,0
1.0,0.39951482,0.59927315,0
1.0,0.4059766,0.61549497,0
1.0,0.3977976,0.6264428,0
1.0,0.39537022,0.6444732,0
1.0,0.38018236,0.67216474,0
1.0,0.39252236,0.6555218,0
1.0,0.37883294,0.6865605,0
1.0,0.38284695,0.6576873,0
1.0,0.37087741,0.6708927,0
1.0,0.38228634,0.65120435,0
1.0,0.370254,0.66198826,0
1.0,0.37207702,0.6717079,0
1.0,0.3620019,0.70189166,0
1.0,0.37248573,0.695614,0
1.0,0.37201843,0.6981319,0
1.0,0.3732899,0.7073462,0
1.0,0.36545357,0.74920785,0
1.0,0.3629929,0.76833034,0
1.0,0.3557755,0.7976556,0
1.0,0.3441314,0.84114707,0
1.0,0.34050164,0.889475,0
1.0,0.3495198,0.90962076,0
1.0,0.3589969,0.89269936,0
1.0,0.35097906,0.9091721,0
1.0,0.3571433,0.88441694,0
1.0,0.36534023,0.8499535,0
1.0,0.38834408,0.8128984,0
1.0,0.3927485,0.7951174,0
1.0,0.39044604,0.7897618,0
1.0,0.4141891,0.7536782,0
1.0,0.4161527,0.7323532,0
1.0,0.40119413,0.75405073,0
1.0,0.40169477,0.75041026,0
1.0,0.43085557,0.692397,0
1.0,0.43358037,0.69078755,0
1.0,0.42237115,0.69949186,0
1.0,0.41569114,0.7171929,0
1.0,0.43784007,0.7008938,0
1.0,0.42164013,0.74988174,0
1.0,0.41927993,0.78263927,0
1.0,0.41270313,0.81289494,0
1.0,0.4385609,0.78685725,0
1.0,0.42371252,0.83816755,0
1.0,0.4272027,0.83169246,0
1.0,0.42171103,0.8258343,0
1.0,0.43940726,0.78972876,0
1.0,0.41417527,0.8346241,0
1.0,0.4287054,0.79562783,0
1.0,0.43738678,0.7557002,0
1.0,0.46064433,0.6993214,0
1.0,0.42984164,0.73572075,0
1.0,0.4356194,0.7265824,0
1.0,0.44136265,0.7050956,0
1.0,0.43170694,0.7105225,0
1.0,0.44999447,0.7011378,0
1.0,0.4721801,0.68738234,0
1.0,0.4856631,0.6783583,0
1.0,0.4612041,0.7192244,0
1.0,0.4885824,0.68191737,0
1.0,0.48582256,0.7045136,0
1.0,0.4679123,0.7331257,0
1.0,0.4392574,0.78347814,0
1.0,0.4562161,0.7655933,0
1.0,0.44738385,0.77170634,0
1.0,0.4352024,0.7814433,0
1.0,0.4119788,0.80473745,0
1.0,0.46824306,0.694486,0
1.0,0.4870121,0.6590798,0
1.0,0.4720294,0.67825735,0
1.0,0.46207497,0.67924595,0
1.0,0.4997724,0.6011434,0
1.0,0.49541104,0.5971511,0
1.0,0.5016163,0.58625305,0
1.0,0.51387244,0.5711057,0
1.0,0.54274315,0.5304295,0
1.0,0.5375709,0.5358911,0
1.0,0.5401863,0.53942454,0
1.0,0.5426412,0.54483294,0
1.0,0.51481885,0.60053384,0
1.0,0.49021292,0.6573014,0
1.0,0.48453683,0.6720221,0
1.0,0.4900331,0.66439277,0
1.0,0.46284,0.7071744,0
1.0,0.47427016,0.66677433,0
1.0,0.5136896,0.5796382,0
1.0,0.546161,0.5131571,0
1.0,0.5269764,0.5188819,0
1.0,0.5536211,0.46548533,0
1.0,0.56309783,0.45189762,0
1.0,0.5746095,0.44469365,0
1.0,0.5180947,0.5080168,0
1.0,0.5287051,0.4761131,0
1.0,0.5491594,0.4451809,0
1.0,0.54638433,0.4350443,0
1.0,0.51042104,0.47276866,0
1.0,0.5229127,0.4704358,0
1.0,0.49463814,0.5163294,0
1.0,0.47184992,0.5550683,0
1.0,0.45582032,0.59352905,0
1.0,0.47337568,0.5830583,0
1.0,0.4565916,0.6061584,0
1.0,0.44784233,0.6219263,0
1.0,0.43773553,0.64036167,0
1.0,0.45828,0.60178614,0
1.0,0.4522701,0.59898806,0
1.0,0.45295858,0.575607,0
1.0,0.4509084,0.5519711,0
1.0,0.4570392,0.5184534,0
1.0,0.43437704,0.5321735,0
1.0,0.4287158,0.5193974,0
1.0,0.42457086,0.49598143,0
1.0,0.42475376,0.47710687,0
1.0,0.41794074,0.47622308,0
1.0,0.41682366,0.47104654,0
1.0,0.4042024,0.48493934,0
1.0,0.39821243,0.49493662,0
1.0,0.3952063,0.5127064,0
1.0,0.39956248,0.51502377,0
1.0,0.40728444,0.5018049,0
1.0,0.41930088,0.48668575,0
1.0,0.4192704,0.4677988,0
1.0,0.4336569,0.4300879,0
1.0,0.42811123,0.43746722,0
1.0,0.45925677,0.39418626,0
1.0,0.43215913,0.4206376,0
1.0,0.45046824,0.40059817,0
1.0,0.43801284,0.39658964,0
1.0,0.46458685,0.34422177,0
1.0,0.43509814,0.3669065,0
1.0,0.45765772,0.34647942,0
1.0,0.44449827,0.37323058,0
1.0,0.4762635,0.3288495,0
1.0,0.46734005,0.35146192,0
1.0,0.49988297,0.32141906,0
1.0,0.50806916,0.29740334,0
1.0,0.5245241,0.2727911,0
1.0,0.5406759,0.24989116,0
1.0,0.6037653,0.19131707,0
1.0,0.54628,0.23929161,0
1.0,0.5780456,0.21944815,0
1.0,0.574439,0.22597112,0
1.0,0.5939332,0.20622402,0
1.0,0.53397167,0.25759518,0
1.0,0.5604356,0.23309731,0
1.0,0.559194,0.23467828,0
1.0,0.5663497,0.23064688,0
1.0,0.51112324,0.28578848,0
1.0,0.51236653,0.2778945,0
1.0,0.5434046,0.23504537,0
1.0,0.556361,0.22421312,0
1.0,0.5112162,0.26567993,0
1.0,0.5236464,0.23734382,0
1.0,0.54810894,0.21538231,0
1.0,0.5519123,0.2154769,0
1.0,0.50775015,0.2558974,0
1.0,0.5176415,0.24984005,0
1.0,0.51547444,0.24976912,0
1.0,0.50435966,0.25716284,0
1.0,0.43964756,0.33003932,0
1.0,0.45346552,0.3289441,0
1.0,0.4449968,0.35556585,0
1.0,0.4292653,0.3609592,0
1.0,0.42559248,0.33642423,0
1.0,0.43006197,0.31447506,0
1.0,0.44969285,0.2795747,0
1.0,0.4354886,0.30215412,0
1.0,0.4375704,0.2924804,0
1.0,0.4141522,0.3258662,0
1.0,0.42979562,0.33833325,0
1.0,0.4132771,0.3495434,0
1.0,0.42203316,0.33996493,0
1.0,0.3940427,0.36087623,0
1.0,0.41894242,0.3186924,0
1.0,0.39574352,0.34873122,0
1.0,0.39925313,0.35700512,0
1.0,0.37802732,0.3882848,0
1.0,0.40014946,0.35901937,0
1.0,0.37686953,0.3795998,0
1.0,0.383569,0.37562647,0
1.0,0.36676326,0.40206015,0
1.0,0.3968972,0.38196164,0
1.0,0.37225246,0.4010928,0
1.0,0.38105378,0.37028134,0
1.0,0.36623868,0.38164312,0
1.0,0.42011133,0.32491863,0
1.0,0.38015422,0.36202213,0
1.0,0.3994704,0.33481833,0
1.0,0.37072045,0.3541419,0
1.0,0.40215534,0.31661293,0
1.0,0.37746763,0.3416617,0
1.0,0.40083712,0.3184291,0
1.0,0.38282424,0.32084152,0
1.0,0.41573748,0.26755047,0
1.0,0.3926745,0.28324088,0
1.0,0.41507986,0.26287,0
1.0,0.41067892,0.26710564,0
1.0,0.4372069,0.23812714,0
1.0,0.42366835,0.21669042,0
1.0,0.44888213,0.19469562,0
1.0,0.441565,0.20283003,0
1.0,0.4664568,0.18283398,0
1.0,0.44346753,0.19980699,0
1.0,0.45265123,0.1851989,0
1.0,0.4288952,0.19730197,0
1.0,0.44410488,0.18676805,0
1.0,0.42665118,0.20551509,0
1.0,0.43290526,0.19654164,0
1.0,0.4136311,0.19612366,0
1.0,0.40202692,0.1968145,0
1.0,0.40047488,0.1946638,0
1.0,0.41031942,0.17464657,0
1.0,0.41037017,0.16509245,0
1.0,0.4654105,0.12469496,0
1.0,0.47615373,0.12452733,0
1.0,0.48777863,0.12085829,0
1.0,0.49507055,0.13056016,0
1.0,0.52603406,0.11612289,0
1.0,0.48499817,0.13152456,0
1.0,0.50170374,0.12763555,0
1.0,0.5502498,0.11228858,0
1.0,0.58425134,0.10804144,0
1.0,0.56790596,0.117805675,0
1.0,0.5408473,0.11824348,0
1.0,0.5654709,0.111186504,0
1.0,0.57782334,0.110239536,0
1.0,0.576079,0.11127573,0
1.0,0.5521367,0.11778271,0
1.0,0.59451467,0.11072774,0
1.0,0.6100278,0.115547456,0
1.0,0.6489981,0.11453028,0
1.0,0.61532253,0.11325595,0
1.0,0.6509735,0.10777295,0
1.0,0.6619305,0.09117237,0
1.0,0.6707034,0.09086374,0
1.0,0.6212416,0.09200249,0
1.0,0.7045682,0.09650593,0
1.0,0.6255228,0.09204996,0
1.0,0.67740065,0.086525984,0
1.0,0.60601383,0.087124884,0
1.0,0.67475384,0.08744155,0
1.0,0.59078866,0.092734866,0
1.0,0.6614045,0.09071839,0
1.0,0.5556521,0.09969585,0
1.0,0.58941436,0.09452429,0
1.0,0.508372,0.10979478,0
1.0,0.57012266,0.086738676,0
1.0,0.50251573,0.11210359,0
1.0,0.55609,0.08370478,0
1.0,0.5021162,0.10042617,0
1.0,0.5583811,0.08181049,0
1.0,0.51153964,0.09392742,0
1.0,0.56049854,0.079800405,0
1.0,0.53513527,0.08205585,0
1.0,0.5928856,0.06888677,0
1.0,0.61740166,0.06833331,0
1.0,0.5987922,0.08011199,0
1.0,0.65253985,0.09440583,0
1.0,0.62342507,0.09735435,0
1.0,0.6293427,0.09724677,0
1.0,0.5482493,0.10754287,0
1.0,0.66806763,0.07936236,0
1.0,0.5938256,0.09141151,0
1.0,0.6394798,0.08151871,0
1.0,0.5607837,0.09084924,0
1.0,0.6769636,0.074246,0
1.0,0.61438847,0.08058649,0
1.0,0.6690679,0.075746946,0
1.0,0.58633596,0.086774096,0
1.0,0.7081848,0.08293126,0
1.0,0.6342884,0.084196374,0
1.0,0.6887713,0.07485084,0
1.0,0.58798504,0.09800798,0
1.0,0.70181954,0.0794535,0
1.0,0.61945647,0.08868951,0
1.0,0.6635571,0.083903,0
1.0,0.5855258,0.09526663,0
1.0,0.6479507,0.08560039,0
1.0,0.54632306,0.10162423,0
1.0,0.54582953,0.09834175,0
1.0,0.5114894,0.107244,0
1.0,0.53461796,0.10829489,0
1.0,0.5116272,0.120967284,0
1.0,0.4936114,0.12697352,0
1.0,0.4590237,0.14297315,0
1.0,0.4560065,0.1483868,0
1.0,0.5148825,0.12016966,0
1.0,0.51807505,0.12426298,0
1.0,0.5180418,0.11549017,0
1.0,0.51232964,0.09291442,0
1.0,0.5158453,0.089101225,0
1.0,0.51522183,0.09904067,0
1.0,0.6005171,0.082930796,0
1.0,0.58916634,0.08618828,0
1.0,0.61227113,0.079921246,0
1.0,0.58939046,0.08485137,0
1.0,0.61328006,0.07992886,0
1.0,0.58281547,0.09458668,0
1.0,0.61515516,0.08944948,0
1.0,0.601138,0.091204844,0
1.0,0.616852,0.0875359,0
1.0,0.6017171,0.087809645,0
1.0,0.6224087,0.0825898,0
1.0,0.6023504,0.09778546,0
1.0,0.6019886,0.086345404,0
1.0,0.5727024,0.104166426,0
1.0,0.58765715,0.09859455,0
1.0,0.58309203,0.09991303,0
1.0,0.6471447,0.08932048,0
1.0,0.6135431,0.09243924,0
1.0,0.6173623,0.09374076,0
1.0,0.5941278,0.097168095,0
1.0,0.68740964,0.09239945,0
1.0,0.6101554,0.09048608,0
1.0,0.6530051,0.08697733,0
1.0,0.6140515,0.08856214,0
1.0,0.64498174,0.084328346,0
1.0,0.5597346,0.08598283,0
1.0,0.5795688,0.08138169,0
1.0,0.5526102,0.08225385,0
1.0,0.65101856,0.07010909,0
1.0,0.57851917,0.07382799,0
1.0,0.59553385,0.07219021,0
1.0,0.5631535,0.06789014,0
1.0,0.6605454,0.064563066,0
1.0,0.5817526,0.06484878,0
1.0,0.6299702,0.06770128,0
1.0,0.5950053,0.064517185,0
1.0,0.6969119,0.0808555,0
1.0,0.6394235,0.06335226,0
1.0,0.6726972,0.07043042,0
1.0,0.62196714,0.056942068,0
1.0,0.67823607,0.06806225,0
1.0,0.61830163,0.060262427,0
1.0,0.63804406,0.06460203,0
1.0,0.6312257,0.05176886,0
1.0,0.66644424,0.066044964,0
1.0,0.62355536,0.040316507,0
1.0,0.63500446,0.04153528,0
1.0,0.59884614,0.039236136,0
1.0,0.62790805,0.042825866,0
1.0,0.58744353,0.03533236,0
1.0,0.62120956,0.04443484,0
1.0,0.5807381,0.037044093,0
1.0,0.611553,0.04104076,0
1.0,0.5663634,0.035825007,0
1.0,0.60687673,0.043661665,0
1.0,0.5786664,0.039029777,0
1.0,0.60546875,0.04669099,0
1.0,0.55971456,0.04363628,0
1.0,0.57462037,0.04781025,0
1.0,0.57520604,0.047966167,0
1.0,0.566813,0.046485096,0
1.0,0.5597632,0.045519136,0
1.0,0.56332695,0.047571123,0
1.0,0.5567204,0.04906868,0
1.0,0.54764295,0.047725827,0
1.0,0.59350276,0.04751398,0
1.0,0.5579161,0.046420075,0
1.0,0.58025295,0.047767833,0
1.0,0.56266195,0.044895045,0
1.0,0.5822187,0.046172656,0
1.0,0.54539466,0.0417305,0
1.0,0.6173498,0.052837092,0
1.0,0.6399068,0.07183926,0
1.0,0.70675063,0.0899529,0
1.0,0.64798063,0.0683728,0
1.0,0.74003446,0.11027576,0
1.0,0.72020465,0.09731924,0
1.0,0.72364545,0.10045579,0
1.0,0.64228845,0.079751894,0
1.0,0.73374766,0.11365088,0
1.0,0.7304739,0.11566581,0
1.0,0.7742778,0.15267566,0
1.0,0.6937824,0.10670033,0
1.0,0.7694974,0.15014654,0
1.0,0.78559303,0.15786465,0
1.0,0.82394266,0.17645068,0
1.0,0.784669,0.15146568,0
1.0,0.8626948,0.20856626,0
1.0,0.84188545,0.19004568,0
1.0,0.8583846,0.19538476,0
1.0,0.84088075,0.17528683,0
1.0,0.8706543,0.19768505,0
1.0,0.8591951,0.20352726,0
1.0,0.88880557,0.2285971,0
1.0,0.8801693,0.2168127,0
1.0,0.88590336,0.22321498,0
1.0,0.8649727,0.20643514,0
1.0,0.84501064,0.21275625,0
1.0,0.84525377,0.22903061,0
1.0,0.8217968,0.20822008,0
1.0,0.8059548,0.19620857,0
1.0,0.7995572,0.19829163,0
1.0,0.8189216,0.21621817,0
1.0,0.7951028,0.19898981,0
1.0,0.77849144,0.16829106,0
1.0,0.75352776,0.15791522,0
1.0,0.77822125,0.17271328,0
1.0,0.7424179,0.17042765,0
1.0,0.7152131,0.15384877,0
1.0,0.6448978,0.12373183,0
1.0,0.64770055,0.11559816,0
1.0,0.5534289,0.10056209,0
1.0,0.52209675,0.10016355,0
1.0,0.44046405,0.104045406,0
1.0,0.4483695,0.10456331,0
1.0,0.41722643,0.111883,0
1.0,0.418724,0.1073671,0
1.0,0.38934255,0.102108404,0
1.0,0.39361826,0.09930154,0
1.0,0.39338475,0.100282885,0
1.0,0.38430166,0.11221999,0
1.0,0.40192842,0.114342704,0
1.0,0.3793036,0.1190269,0
1.0,0.3862158,0.12247217,0
1.0,0.41385144,0.124411866,0
1.0,0.47944266,0.11286904,0
1.0,0.44708446,0.12317321,0
1.0,0.46764976,0.119034596,0
1.0,0.48132625,0.11375691,0
1.0,0.49419126,0.10497104,0
1.0,0.455725,0.12739408,0
1.0,0.4790897,0.12023817,0
1.0,0.49336314,0.116060674,0
1.0,0.5077086,0.111771554,0
1.0,0.48363274,0.12046169,0
1.0,0.51650757,0.11975458,0
1.0,0.52414525,0.13113701,0
1.0,0.5433813,0.11014266,0
1.0,0.51312864,0.11898891,0
1.0,0.5408119,0.094132386,0
1.0,0.5651049,0.09228413,0
1.0,0.55043894,0.10138153,0
1.0,0.51367044,0.11935628,0
1.0,0.51823264,0.109811425,0
1.0,0.5418735,0.09956092,0
1.0,0.5155237,0.11916128,0
1.0,0.50936866,0.13895775,0
1.0,0.50391203,0.14639361,0
1.0,0.48205602,0.16714978,0
1.0,0.42883667,0.21778205,0
1.0,0.43014848,0.22121708,0
1.0,0.42977268,0.22877963,0
1.0,0.42890966,0.22687003,0
1.0,0.43371835,0.21772495,0
1.0,0.44992265,0.20507511,0
1.0,0.48856732,0.18310533,0
1.0,0.4589233,0.19827688,0
1.0,0.49324077,0.1725694,0
1.0,0.4576384,0.20060062,0
1.0,0.47176307,0.1900626,0
1.0,0.45152012,0.21810448,0
1.0,0.5096779,0.18597081,0
1.0,0.46500623,0.20580187,0
1.0,0.49300256,0.1839208,0
1.0,0.44930097,0.22071026,0
1.0,0.50589484,0.1880933,0
1.0,0.4587339,0.23585969,0
1.0,0.49325383,0.20473896,0
1.0,0.45471156,0.23008037,0
1.0,0.50952405,0.18598655,0
1.0,0.46424335,0.2269121,0
1.0,0.5006483,0.20358501,0
1.0,0.4671306,0.22913964,0
1.0,0.5208758,0.1828469,0
1.0,0.4732492,0.21337467,0
1.0,0.49123627,0.1986786,0
1.0,0.47046134,0.21907872,0
1.0,0.5021513,0.18603839,0
1.0,0.45691466,0.20487928,0
1.0,0.45033103,0.20889126,0
1.0,0.44805261,0.20534307,0
1.0,0.45997795,0.18524039,0
1.0,0.4521528,0.20316641,0
1.0,0.46179867,0.19773486,0
1.0,0.4495865,0.2080777,0
1.0,0.45012873,0.21803327,0
1.0,0.44681612,0.23483498,0
1.0,0.45752722,0.24171385,0
1.0,0.45053893,0.263295,0
1.0,0.45799384,0.26433945,0
1.0,0.45790556,0.2704343,0
1.0,0.46678147,0.2652058,0
1.0,0.45943093,0.27184945,0
1.0,0.46137866,0.2737984,0
1.0,0.45213714,0.28394046,0
1.0,0.45639923,0.27873212,0
1.0,0.4500215,0.28353816,0
1.0,0.48344743,0.24011812,0
1.0,0.46439272,0.25208083,0
1.0,0.48851332,0.22868216,0
1.0,0.46456718,0.25118363,0
1.0,0.48159346,0.24365728,0
1.0,0.4588396,0.26743284,0
1.0,0.5157237,0.22223604,0
1.0,0.49072808,0.2574789,0
1.0,0.51370126,0.24960923,0
1.0,0.48041868,0.29245305,0
1.0,0.5342311,0.24354252,0
1.0,0.49372646,0.29498106,0
1.0,0.5089493,0.31195182,0
1.0,0.4666389,0.37881634,0
1.0,0.5040648,0.3466727,0
1.0,0.47087976,0.39989474,0
1.0,0.47391,0.40835056,0
1.0,0.4515402,0.43111488,0
1.0,0.48156324,0.39158356,0
1.0,0.48027214,0.3882802,0
1.0,0.50911826,0.34879023,0
1.0,0.52215105,0.3295892,0
1.0,0.54047936,0.28841794,0
1.0,0.56704074,0.25367868,0
1.0,0.53594124,0.28008282,0
1.0,0.54107004,0.26649582,0
1.0,0.51540697,0.29650998,0
1.0,0.5444952,0.27186865,0
1.0,0.5403649,0.28222138,0
1.0,0.58119756,0.2630055,0
1.0,0.52136785,0.3245155,0
1.0,0.564545,0.2878493,0
1.0,0.55363005,0.30243513,0
1.0,0.5849813,0.2788184,0
1.0,0.50095797,0.37057075,0
1.0,0.5449209,0.31484443,0
1.0,0.53135544,0.3217764,0
1.0,0.5916246,0.26051986,0
1.0,0.5260571,0.31699002,0
1.0,0.56640124,0.27170974,0
1.0,0.5635841,0.26016632,0
1.0,0.58626974,0.23957936,0
1.0,0.5279578,0.30140078,0
1.0,0.54648465,0.27905053,0
1.0,0.5498253,0.25008038,0
1.0,0.5398402,0.24828377,0
1.0,0.51365197,0.27470657,0
1.0,0.49446997,0.2935688,0
1.0,0.51895726,0.27728438,0
1.0,0.52178305,0.27795848,0
1.0,0.51802725,0.27786022,0
1.0,0.5034186,0.29320097,0
1.0,0.5340544,0.2713557,0
1.0,0.48279068,0.3268534,0
1.0,0.474713,0.34189332,0
1.0,0.44303462,0.3741714,0
1.0,0.4634166,0.34864253,0
1.0,0.4350317,0.40286753,0
1.0,0.4578892,0.39036924,0
1.0,0.4485387,0.40504426,0
1.0,0.4814191,0.34536317,0
1.0,0.43873176,0.3698852,0
1.0,0.46099916,0.34479302,0
1.0,0.45558032,0.3474294,0
1.0,0.47887698,0.33201504,0
1.0,0.45127755,0.36225265,0
1.0,0.4637515,0.34273583,0
1.0,0.43752888,0.38478458,0
1.0,0.44488606,0.3810943,0
1.0,0.43768156,0.3964647,0
1.0,0.43755588,0.4085572,0
1.0,0.43664476,0.409291,0
1.0,0.43922955,0.41105717,0
1.0,0.42848343,0.42739415,0
1.0,0.42618993,0.4302997,0
1.0,0.4308583,0.41878647,0
1.0,0.41798368,0.42195484,0
1.0,0.43251342,0.39361626,0
1.0,0.4565774,0.35621136,0
1.0,0.4472065,0.35352516,0
1.0,0.45852607,0.32389843,0
1.0,0.4434058,0.32488596,0
1.0,0.45152012,0.31503186,0
1.0,0.44428822,0.32855675,0
1.0,0.4482241,0.32016215,0
1.0,0.446289,0.315003,0
1.0,0.4457738,0.31518137,0
1.0,0.43635586,0.3286786,0
1.0,0.4476393,0.32418817,0
1.0,0.46678036,0.3130764,0
1.0,0.4737855,0.28982776,0
1.0,0.46809915,0.27901277,0
1.0,0.46986958,0.28695956,0
1.0,0.47304183,0.29223785,0
1.0,0.47028103,0.29640388,0
1.0,0.45328343,0.3219452,0
1.0,0.46442023,0.3045866,0
1.0,0.46798298,0.28933692,0
1.0,0.46929395,0.2806104,0
1.0,0.45138133,0.2903112,0
1.0,0.49034986,0.24682222,0
1.0,0.50026566,0.22951607,0
1.0,0.49252784,0.22594249,0
1.0,0.48279458,0.23023307,0
1.0,0.5186595,0.1973732,0
1.0,0.5014517,0.20356464,0
1.0,0.4943132,0.19851625,0
1.0,0.4901005,0.201197,0
1.0,0.52249235,0.17942424,0
1.0,0.5136758,0.1923531,0
1.0,0.5022316,0.20564331,0
1.0,0.49376452,0.21731374,0
1.0,0.5246828,0.19030082,0
1.0,0.4958829,0.21369423,0
1.0,0.48198834,0.24148515,0
1.0,0.4741779,0.25667477,0
1.0,0.5007289,0.2288354,0
1.0,0.47154224,0.26119328,0
1.0,0.46797797,0.2624272,0
1.0,0.47164384,0.25404575,0
1.0,0.5002313,0.21878864,0
1.0,0.5044159,0.19045441,0
1.0,0.50121725,0.18528327,0
1.0,0.5075607,0.17880398,0
1.0,0.50331056,0.17491764,0
1.0,0.48768425,0.18627992,0
1.0,0.46951675,0.20246902,0
1.0,0.4778075,0.18824509,0
1.0,0.4702529,0.18364348,0
1.0,0.48466775,0.17815802,0
1.0,0.47273505,0.20306528,0
1.0,0.46619183,0.20741211,0
1.0,0.4610378,0.21575744,0
1.0,0.4708286,0.2125468,0
1.0,0.462582,0.21158458,0
1.0,0.4655833,0.20261198,0
1.0,0.4738624,0.19644466,0
1.0,0.47260228,0.19730788,0
1.0,0.47464618,0.19293168,0
1.0,0.461568,0.19739905,0
1.0,0.47987387,0.18185656,0
1.0,0.47917205,0.17636588,0
1.0,0.48644102,0.16874683,0
1.0,0.47231743,0.1735737,0
1.0,0.48193207,0.16099249,0
1.0,0.46179673,0.17691505,0
1.0,0.47239947,0.16731946,0
1.0,0.45208603,0.1717751,0
1.0,0.4634412,0.16407153,0
1.0,0.4492613,0.1707767,0
1.0,0.45979562,0.16685855,0
1.0,0.44410887,0.19031847,0
1.0,0.4595309,0.19698559,0
1.0,0.4428499,0.21829388,0
1.0,0.4572031,0.20567149,0
1.0,0.44314083,0.21772756,0
1.0,0.47273836,0.19211574,0
1.0,0.4718713,0.1894205,0
1.0,0.47455123,0.18324429,0
1.0,0.47043297,0.18082413,0
1.0,0.46573758,0.1881389,0
1.0,0.46827123,0.17932355,0
1.0,0.46093258,0.16786766,0
1.0,0.46975103,0.16095051,0
1.0,0.47369543,0.15607893,0
1.0,0.4733179,0.15354776,0
1.0,0.4650975,0.16882439,0
1.0,0.47510856,0.17541853,0
1.0,0.4939431,0.16500907,0
1.0,0.5150254,0.14720458,0
1.0,0.5090286,0.15206975,0
1.0,0.5221496,0.15121958,0
1.0,0.53426707,0.14922917,0
1.0,0.5296678,0.15420933,0
1.0,0.5135059,0.16178194,0
1.0,0.51639545,0.1563783,0
1.0,0.5258599,0.14988828,0
1.0,0.53350705,0.1464488,0
1.0,0.5142035,0.15142703,0
1.0,0.5245414,0.14264216,0
1.0,0.51097965,0.1495339,0
1.0,0.50266033,0.14937828,0
1.0,0.50209105,0.14475426,0
1.0,0.5049226,0.13850403,0
1.0,0.5182233,0.117533475,0
1.0,0.5110391,0.111969694,0
1.0,0.5052352,0.11954504,0
1.0,0.503461,0.12942071,0
1.0,0.51490116,0.123234466,0
1.0,0.51187354,0.1376338,0
1.0,0.50358474,0.14658625,0
1.0,0.5001651,0.14918315,0
1.0,0.48507515,0.1661939,0
1.0,0.4583483,0.19009924,0
1.0,0.4482754,0.20126061,0
1.0,0.44050327,0.21046449,0
1.0,0.44840094,0.2065218,0
1.0,0.44326493,0.21383335,0
1.0,0.44833758,0.20098548,0
1.0,0.44310236,0.1922926,0
1.0,0.45300716,0.17485723,0
1.0,0.44574752,0.18033835,0
1.0,0.44937283,0.18296543,0
1.0,0.44402587,0.19000395,0
1.0,0.453223,0.19360921,0
1.0,0.4649961,0.18883407,0
1.0,0.47980437,0.17390814,0
1.0,0.48279935,0.17392465,0
1.0,0.4860921,0.17905392,0
1.0,0.4913966,0.18214442,0
1.0,0.48558006,0.19714731,0
1.0,0.47504362,0.21796504,0
1.0,0.47136375,0.22422613,0
1.0,0.48055267,0.22137138,0
1.0,0.48563194,0.23312075,0
1.0,0.47301292,0.24335796,0
1.0,0.47517252,0.23750362,0
1.0,0.47395334,0.25244468,0
1.0,0.47326908,0.26069483,0
1.0,0.4677881,0.26396984,0
1.0,0.46942648,0.27152264,0
1.0,0.47622684,0.25210348,0
1.0,0.47317877,0.2477049,0
1.0,0.46748737,0.25974962,0
1.0,0.46606573,0.26041263,0
1.0,0.469331,0.2583825,0
1.0,0.46661872,0.27171615,0
1.0,0.4588582,0.29230726,0
1.0,0.4575344,0.29964453,0
1.0,0.44840795,0.31300667,0
1.0,0.43246466,0.337395,0
1.0,0.4204074,0.35521674,0
1.0,0.42688504,0.35106486,0
1.0,0.4245387,0.35970205,0
1.0,0.42740387,0.3700543,0
1.0,0.4238889,0.38123468,0
1.0,0.43099174,0.3620582,0
1.0,0.4308461,0.36027837,0
1.0,0.4271513,0.36542067,0
1.0,0.43192732,0.36468494,0
1.0,0.43493322,0.36438805,0
1.0,0.44058377,0.34929532,0
1.0,0.43185726,0.3504336,0
1.0,0.43620715,0.33223635,0
1.0,0.43890524,0.32758412,0
1.0,0.44457918,0.33313853,0
1.0,0.43768364,0.3418675,0
1.0,0.4384513,0.34256577,0
1.0,0.43888494,0.34219056,0
1.0,0.44291472,0.32825834,0
1.0,0.4389866,0.32508588,0
1.0,0.439684,0.3196224,0
1.0,0.44712812,0.30261457,0
1.0,0.43831053,0.31307968,0
1.0,0.43334824,0.3339767,0
1.0,0.43362513,0.35236508,0
1.0,0.45470536,0.33215386,0
1.0,0.46159148,0.31832218,0
1.0,0.4599268,0.30671,0
1.0,0.4827345,0.2668301,0
1.0,0.55816233,0.19376488,0
1.0,0.52055013,0.22901005,0
1.0,0.53958696,0.2122714,0
1.0,0.5276983,0.21992701,0
1.0,0.55924606,0.19718099,0
1.0,0.5192484,0.23017503,0
1.0,0.57143563,0.175762,0
1.0,0.5488157,0.18870574,0
1.0,0.592253,0.15491448,0
1.0,0.5244975,0.20125274,0
1.0,0.56759465,0.1724871,0
1.0,0.54320765,0.19685726,0
1.0,0.5887899,0.15656544,0
1.0,0.530894,0.19809964,0
1.0,0.57086885,0.16364825,0
1.0,0.5506412,0.1776104,0
1.0,0.5869562,0.1528842,0
1.0,0.5338845,0.1808359,0
1.0,0.5663132,0.14208427,0
1.0,0.54653955,0.15133393,0
1.0,0.5530269,0.15132831,0
1.0,0.49025065,0.19938281,0
1.0,0.52279663,0.17303614,0
1.0,0.48475233,0.20393357,0
1.0,0.46816838,0.21419817,0
1.0,0.45287004,0.221907,0
1.0,0.47115692,0.1995516,0
1.0,0.45628163,0.19057685,0
1.0,0.46868205,0.16838309,0
1.0,0.452803,0.1836974,0
1.0,0.44542563,0.19657403,0
1.0,0.44573975,0.20897073,0
1.0,0.44651058,0.21905571,0
1.0,0.44751352,0.20950508,0
1.0,0.44994196,0.20169714,0
1.0,0.44907016,0.20605177,0
1.0,0.4530348,0.19964941,0
1.0,0.45412305,0.19229287,0
1.0,0.46343863,0.18221404,0
1.0,0.46030623,0.17286865,0
1.0,0.4667296,0.15884651,0
1.0,0.46777526,0.15645933,0
1.0,0.49653703,0.12879801,0
1.0,0.49480844,0.11640784,0
1.0,0.505133,0.10782288,0
1.0,0.50193757,0.108003005,0
1.0,0.5157744,0.10439368,0
1.0,0.5168619,0.10267156,0
1.0,0.51404816,0.10060918,0
1.0,0.49645534,0.11127148,0
1.0,0.50807935,0.10621408,0
1.0,0.53589904,0.09434911,0
1.0,0.5315612,0.094804004,0
1.0,0.5233018,0.09591016,0
1.0,0.53141516,0.09025428,0
1.0,0.5569771,0.076789275,0
1.0,0.5466933,0.08201139,0
1.0,0.53409564,0.089943364,0
1.0,0.5317917,0.08687774,0
1.0,0.5573819,0.07265956,0
1.0,0.54257405,0.07827856,0
1.0,0.5392849,0.079081126,0
1.0,0.52647126,0.08004065,0
1.0,0.5556518,0.06035397,0
1.0,0.53543264,0.060299404,0
1.0,0.52706826,0.060063086,0
1.0,0.50179875,0.06795161,0
1.0,0.53284776,0.051480684,0
1.0,0.5141238,0.056667022,0
1.0,0.50884026,0.059462935,0
1.0,0.49372506,0.066526495,0
1.0,0.5188323,0.06328021,0
1.0,0.5125757,0.06737468,0
1.0,0.52929467,0.06279271,0
1.0,0.51702964,0.06890255,0
1.0,0.51785797,0.0679838,0
1.0,0.5221416,0.066509254,0
1.0,0.52911264,0.06431029,0
1.0,0.5194949,0.062447716,0
1.0,0.5244254,0.061235286,0
1.0,0.5290857,0.05939838,0
1.0,0.5295379,0.05447135,0
1.0,0.52504474,0.055901736,0
1.0,0.5286453,0.052121624,0
1.0,0.53241986,0.046791952,0
1.0,0.5210828,0.051375527,0
1.0,0.51965135,0.052527707,0
1.0,0.52519387,0.049144357,0
1.0,0.5348027,0.045402586,0
1.0,0.5333726,0.04416185,0
1.0,0.53148836,0.041492514,0
1.0,0.531296,0.043154832,0
1.0,0.53492093,0.048276097,0
1.0,0.53268164,0.04688789,0
1.0,0.52681786,0.04922567,0
1.0,0.5263867,0.04976309,0
1.0,0.5239873,0.047990955,0
1.0,0.5025786,0.056240235,0
1.0,0.49937892,0.057620108,0
1.0,0.5125532,0.053480048,0
1.0,0.5485128,0.040824663,0
1.0,0.5653807,0.03608107,0
1.0,0.565806,0.034309708,0
1.0,0.5934691,0.024907112,0
1.0,0.6277647,0.02259415,0
1.0,0.62972295,0.022443477,0
1.0,0.5928643,0.022987507,0
1.0,0.6148624,0.021745266,0
1.0,0.6452294,0.02204133,0
1.0,0.6589641,0.022882309,0
1.0,0.6192221,0.021959208,0
1.0,0.6429275,0.022013037,0
1.0,0.6693786,0.023182616,0
1.0,0.67602354,0.024446633,0
1.0,0.63499516,0.022344546,0
1.0,0.67260164,0.024508743,0
1.0,0.68466157,0.027324578,0
1.0,0.6939752,0.03158877,0
1.0,0.655208,0.02809914,0
1.0,0.72021663,0.044832677,0
1.0,0.713473,0.04411511,0
1.0,0.7407574,0.056224078,0
1.0,0.6965259,0.043393906,0
1.0,0.73278517,0.05765304,0
1.0,0.679407,0.040919952,0
1.0,0.6810845,0.04099246,0
1.0,0.6382727,0.030018168,0
1.0,0.6685262,0.038947094,0
1.0,0.62168396,0.02732427,0
1.0,0.6414233,0.03207795,0
1.0,0.6261759,0.027349811,0
1.0,0.6478787,0.028828353,0
1.0,0.6074789,0.019509709,0
1.0,0.61636126,0.020566627,0
1.0,0.59840834,0.017904911,0
1.0,0.6127164,0.019715093,0
1.0,0.5921519,0.017594999,0
1.0,0.6207409,0.023252081,0
1.0,0.61789525,0.023223285,0
1.0,0.6205729,0.026905596,0
1.0,0.62253064,0.02999612,0
1.0,0.6427143,0.035289686,0
1.0,0.6400294,0.03933885,0
1.0,0.599725,0.03733413,0
1.0,0.6131787,0.045920875,0
1.0,0.64200467,0.058190033,0
1.0,0.6375585,0.057688937,0
1.0,0.6310811,0.05617159,0
1.0,0.63023895,0.05646562,0
1.0,0.65155494,0.06606332,0
1.0,0.65115833,0.06551821,0
1.0,0.6502204,0.062739514,0
1.0,0.6307597,0.05497911,0
1.0,0.65738547,0.06607403,0
1.0,0.64469737,0.06260407,0
1.0,0.645509,0.06698829,0
1.0,0.6385956,0.0654569,0
1.0,0.6831166,0.09029855,0
1.0,0.7032744,0.10698668,0
1.0,0.7026953,0.10840881,0
1.0,0.68844503,0.10343507,0
1.0,0.6978516,0.11560486,0
1.0,0.6790923,0.109435305,0
1.0,0.6468851,0.09217548,0
1.0,0.6331862,0.0858472,0
1.0,0.6554159,0.1002664,0
1.0,0.64977247,0.09632866,0
1.0,0.6350548,0.089479774,0
1.0,0.6375229,0.096209735,0
1.0,0.6463038,0.10370183,0
1.0,0.6629971,0.1139444,0
1.0,0.6139227,0.082070105,0
1.0,0.6358397,0.09109804,0
1.0,0.6448868,0.09671576,0
1.0,0.64913,0.09534462,0
1.0,0.60696596,0.06440768,0
1.0,0.629218,0.07264392,0
1.0,0.6472382,0.08232325,0
1.0,0.69491065,0.11434829,0
1.0,0.6798396,0.11333032,0
1.0,0.6972478,0.1322279,0
1.0,0.69648165,0.13423443,0
1.0,0.7319118,0.16109888,0
1.0,0.7283186,0.1598604,0
1.0,0.7209615,0.15441316,0
1.0,0.71367455,0.14839481,0
1.0,0.76942724,0.19009382,0
1.0,0.78487635,0.20018302,0
1.0,0.7672542,0.18399104,0
1.0,0.75938976,0.17336422,0
1.0,0.7842638,0.19049159,0
1.0,0.78442556,0.18789268,0
1.0,0.76551104,0.16838633,0
1.0,0.75904495,0.15878934,0
1.0,0.773439,0.1656892,0
1.0,0.7804621,0.17675555,0
1.0,0.7602642,0.1720162,0
1.0,0.7779272,0.18775241,0
1.0,0.7816806,0.19263394,0
1.0,0.76861626,0.18527159,0
1.0,0.7637669,0.18008521,0
1.0,0.7575597,0.17703,0
1.0,0.73394406,0.16307372,0
1.0,0.69976276,0.14179903,0
1.0,0.6912503,0.14226657,0
1.0,0.68537056,0.14290228,0
1.0,0.6635989,0.13145548,0
1.0,0.6246147,0.10842724,0
1.0,0.63759357,0.11532245,0
1.0,0.64065903,0.115182415,0
1.0,0.6097199,0.09272261,0
1.0,0.5783349,0.07020753,0
1.0,0.6125637,0.083642,0
1.0,0.608505,0.08037221,0
1.0,0.6085489,0.08200425,0
1.0,0.61610335,0.090288594,0
1.0,0.6589822,0.124177955,0
1.0,0.663516,0.1299524,0
1.0,0.65574783,0.124525875,0
1.0,0.6881559,0.14931343,0
1.0,0.679258,0.14472225,0
1.0,0.6332589,0.11598194,0
1.0,0.5984776,0.09613094,0
1.0,0.63887674,0.124509715,0
1.0,0.62708026,0.11983702,0
1.0,0.6101254,0.110012874,0
1.0,0.58952504,0.09995314,0
1.0,0.6385488,0.13140644,0
1.0,0.62746966,0.11857525,0
1.0,0.6154222,0.112324595,0
1.0,0.5902163,0.09698525,0
1.0,0.63840204,0.12875679,0
1.0,0.61703944,0.114058994,0
1.0,0.59854627,0.09842512,0
1.0,0.56739634,0.07887905,0
1.0,0.5967894,0.09566386,0
1.0,0.5638473,0.07548487,0
1.0,0.5529602,0.069781944,0
1.0,0.53048825,0.05880124,0
1.0,0.5405014,0.06355132,0
1.0,0.5079872,0.049454033,0
1.0,0.49630636,0.04576569,0
1.0,0.48452526,0.04391129,0
1.0,0.4845145,0.048082415,0
1.0,0.47952756,0.04813965,0
1.0,0.48628435,0.050896596,0
1.0,0.48498192,0.04978875,0
1.0,0.4906301,0.05111928,0
1.0,0.49066597,0.047544368,0
1.0,0.50150514,0.05078216,0
1.0,0.51038337,0.05492751,0
1.0,0.5216185,0.058700494,0
1.0,0.51426524,0.054971166,0
1.0,0.5260248,0.060861435,0
1.0,0.52307135,0.058273315,0
1.0,0.52784777,0.059706997,0
1.0,0.5211373,0.056895323,0
1.0,0.5353452,0.065089405,0
1.0,0.53368527,0.06576153,0
1.0,0.53483135,0.06594948,0
1.0,0.52674305,0.06149965,0
1.0,0.5410864,0.06850631,0
1.0,0.5361486,0.06717115,0
1.0,0.5329106,0.06581913,0
1.0,0.52187854,0.06027459,0
1.0,0.5327119,0.066740096,0
1.0,0.5273725,0.06471722,0
1.0,0.5287523,0.0653612,0
1.0,0.52371746,0.062418435,0
1.0,0.5342637,0.06666402,0
1.0,0.5281763,0.06267467,0
1.0,0.5213532,0.059164412,0
1.0,0.5117642,0.05558197,0
1.0,0.5170382,0.057968475,0
1.0,0.50078523,0.049243093,0
1.0,0.49109778,0.042340215,0
1.0,0.4891162,0.040247887,0
1.0,0.49382418,0.043126903,0
1.0,0.49250573,0.043468483,0
1.0,0.49059802,0.043735888,0
1.0,0.48940155,0.04428392,0
1.0,0.49450576,0.047406547,0
1.0,0.49149427,0.04768113,0
1.0,0.4869468,0.04719851,0
1.0,0.48318946,0.046451926,0
1.0,0.4857954,0.04907839,0
1.0,0.48648152,0.05085694,0
1.0,0.48674783,0.051994123,0
1.0,0.48568025,0.05172155,0
1.0,0.4914592,0.052487377,0
1.0,0.49354643,0.051693004,0
1.0,0.48975706,0.050095215,0
1.0,0.48501477,0.04760953,0
1.0,0.4868796,0.04929253,0
1.0,0.49156362,0.05215402,0
1.0,0.48952162,0.051750306,0
1.0,0.49359643,0.05462396,0
1.0,0.49765548,0.057213135,0
1.0,0.500721,0.06057951,0
1.0,0.49660417,0.0608633,0
1.0,0.5017506,0.06580213,0
1.0,0.49677733,0.065294296,0
1.0,0.49651352,0.06655975,0
1.0,0.4891239,0.06337911,0
1.0,0.49536583,0.066882044,0
1.0,0.48985803,0.06514144,0
1.0,0.49144027,0.06572707,0
1.0,0.4861392,0.0637172,0
1.0,0.4963697,0.06945367,0
1.0,0.49056554,0.06546319,0
1.0,0.493142,0.06714014,0
1.0,0.48464507,0.063318044,0
1.0,0.49371502,0.068239555,0
1.0,0.48498347,0.06518261,0
1.0,0.48497945,0.066634715,0
1.0,0.47814095,0.06455481,0
1.0,0.48696154,0.070847936,0
1.0,0.4837576,0.06982723,0
1.0,0.48266536,0.06981079,0
1.0,0.4780216,0.06843902,0
1.0,0.4789635,0.070009135,0
1.0,0.4720328,0.06851552,0
1.0,0.4703249,0.06943166,0
1.0,0.46582022,0.06787807,0
1.0,0.46618867,0.069273874,0
1.0,0.4654345,0.06962061,0
1.0,0.46572196,0.0700228,0
1.0,0.4647966,0.06946905,0
1.0,0.4655093,0.06921843,0
1.0,0.46414995,0.0683006,0
1.0,0.46425733,0.068253644,0
1.0,0.46433607,0.06825285,0
1.0,0.46466693,0.06850205,0
1.0,0.46368748,0.06768416,0
1.0,0.46322316,0.06768219,0
1.0,0.46401978,0.06941179,0
1.0,0.46440968,0.070408694,0
1.0,0.46345496,0.07109853,0
1.0,0.46311563,0.07253657,0
1.0,0.46438918,0.07419394,0
1.0,0.46350792,0.0757408,0
1.0,0.4618122,0.07711899,0
1.0,0.46248814,0.07918342,0
1.0,0.46364138,0.081392765,0
1.0,0.46271008,0.082231,0
1.0,0.46297404,0.0829172,0
1.0,0.4639962,0.08313958,0
1.0,0.4653637,0.08362979,0
1.0,0.46433538,0.0818555,0
1.0,0.4637212,0.08073471,0
1.0,0.46422485,0.08169454,0
1.0,0.4650962,0.0820858,0
1.0,0.46404272,0.081125945,0
1.0,0.46426627,0.08106116,0
1.0,0.4643984,0.08083923,0
1.0,0.4651229,0.08212318,0
1.0,0.4638631,0.082586266,0
1.0,0.46448952,0.08388895,0
1.0,0.4644081,0.08537432,0
1.0,0.46497858,0.08742531,0
1.0,0.46426827,0.088941246,0
1.0,0.46461838,0.091358826,0
1.0,0.46489742,0.09346434,0
1.0,0.46575728,0.095187396,0
1.0,0.46607536,0.096033305,0
1.0,0.46599853,0.09700376,0
1.0,0.46553484,0.09753832,0
1.0,0.4655401,0.098368414,0
1.0,0.465701,0.09973288,0
1.0,0.46504942,0.0998431,0
1.0,0.46460456,0.10081366,0
1.0,0.46520448,0.10209008,0
1.0,0.46601337,0.102073014,0
1.0,0.4658478,0.10258663,0
1.0,0.46565402,0.102487564,0
1.0,0.4661083,0.10220586,0
1.0,0.4667877,0.10329433,0
1.0,0.4664339,0.104041845,0
1.0,0.46607882,0.10500485,0
1.0,0.46611235,0.10673305,0
1.0,0.46694422,0.10942667,0
1.0,0.46685597,0.1115253,0
1.0,0.4668325,0.113069244,0
1.0,0.46648642,0.11465871,0
1.0,0.4668065,0.1173719,0
1.0,0.4665819,0.119387254,0
1.0,0.46647787,0.12094343,0
1.0,0.46557885,0.12231942,0
1.0,0.46579653,0.124138966,0
1.0,0.46592626,0.124432005,0
1.0,0.46625137,0.124548554,0
1.0,0.46605822,0.12430385,0
1.0,0.46636432,0.1248434,0
1.0,0.4664691,0.12539093,0
1.0,0.4666733,0.12590837,0
1.0,0.46652493,0.127033,0
1.0,0.4669042,0.1286603,0
1.0,0.46724424,0.13085337,0
1.0,0.46788406,0.13382229,0
1.0,0.46800762,0.13572879,0
1.0,0.46874666,0.13784976,0
1.0,0.4691313,0.13950571,0
1.0,0.4704132,0.14168105,0
1.0,0.47044614,0.14332634,0
1.0,0.4709597,0.14509316,0
1.0,0.47093368,0.14568153,0
1.0,0.47182086,0.14715849,0
1.0,0.47175342,0.14867157,0
1.0,0.471989,0.15042704,0
1.0,0.47181365,0.1518331,0
1.0,0.47273794,0.15397862,0
1.0,0.47312114,0.1551225,0
1.0,0.47363445,0.15663023,0
1.0,0.47368404,0.15795249,0
1.0,0.4746735,0.15972352,0
1.0,0.47494903,0.16089073,0
1.0,0.47562987,0.1620984,0
1.0,0.47590998,0.16337118,0
1.0,0.4764587,0.16518551,0
1.0,0.47648564,0.16616797,0
1.0,0.47695422,0.16770765,0
1.0,0.47749907,0.16943824,0
1.0,0.4776077,0.17128776,0
1.0,0.4776832,0.17323096,0
1.0,0.47790945,0.17471956,0
1.0,0.47879747,0.17722777,0
1.0,0.4781936,0.17800727,0
1.0,0.47836334,0.17881241,0
1.0,0.47886577,0.179939,0
1.0,0.48006028,0.18108195,0
1.0,0.47974652,0.18077819,0
1.0,0.47991493,0.18106395,0
1.0,0.48036003,0.18237025,0
1.0,0.48161897,0.18476394,0
1.0,0.4816816,0.1853231,0
1.0,0.48207843,0.18600851,0
1.0,0.4823302,0.18708707,0
1.0,0.4833065,0.18897541,0
1.0,0.48349336,0.19040087,0
1.0,0.4835595,0.19191375,0
1.0,0.48334655,0.19279924,0
1.0,0.48416993,0.19449866,0
1.0,0.48529458,0.19645838,0
1.0,0.4858513,0.19765301,0
1.0,0.48588955,0.19816245,0
1.0,0.48652896,0.19900951,0
1.0,0.4880643,0.20095624,0
1.0,0.48814762,0.20183685,0
1.0,0.48804152,0.20258309,0
1.0,0.48812264,0.20352916,0
1.0,0.48984697,0.20590092,0
1.0,0.4899351,0.20649746,0
1.0,0.48974487,0.20660368,0
1.0,0.48973504,0.20735434,0
1.0,0.4913977,0.20946565,0
1.0,0.4915265,0.2100253,0
1.0,0.49130785,0.21056134,0
1.0,0.49122867,0.21082655,0
1.0,0.49265987,0.21263407,0
1.0,0.4925755,0.21320938,0
1.0,0.49250117,0.21385139,0
1.0,0.49229163,0.21446368,0
1.0,0.49355042,0.21625856,0
1.0,0.49374428,0.21723104,0
1.0,0.49387312,0.21774596,0
1.0,0.49347016,0.21757556,0
1.0,0.49445271,0.21912184,0
1.0,0.49472952,0.21996921,0
1.0,0.49487498,0.22059062,0
1.0,0.4943925,0.22068629,0
1.0,0.49520943,0.22182158,0
1.0,0.49580136,0.2223899,0
1.0,0.4958832,0.22272412,0
1.0,0.49556264,0.22270198,0
1.0,0.4962897,0.22347268,0
1.0,0.4968834,0.22456694,0
1.0,0.49709505,0.22516418,0
1.0,0.49689046,0.22526382,0
1.0,0.4976811,0.22680305,0
1.0,0.49827114,0.22796568,0
1.0,0.49873647,0.22875756,0
1.0,0.49858424,0.22890446,0
1.0,0.49920282,0.2297102,0
1.0,0.49971324,0.23072463,0
1.0,0.5000539,0.2315469,0
1.0,0.4998559,0.23162064,0
1.0,0.5004257,0.23258147,0
1.0,0.50087494,0.23343548,0
1.0,0.50130284,0.2341468,0
1.0,0.5012435,0.23434062,0
1.0,0.50170964,0.23500597,0
1.0,0.5019539,0.23548426,0
1.0,0.5021707,0.23596317,0
1.0,0.50215036,0.23626354,0
1.0,0.50246584,0.23701149,0
1.0,0.5027163,0.23765951,0
1.0,0.50301015,0.23813997,0
1.0,0.5032985,0.23854867,0
1.0,0.50356776,0.23907553,0
1.0,0.50385225,0.23958084,0
1.0,0.50399613,0.23994716,0
1.0,0.50425595,0.24058002,0
1.0,0.5043801,0.24102214,0
1.0,0.5046128,0.24159417,0
1.0,0.5046049,0.24189478,0
1.0,0.50485575,0.24232304,0
1.0,0.505021,0.2427312,0
1.0,0.5052485,0.24306583,0
1.0,0.50532264,0.24321973,0
1.0,0.5055612,0.24366173,0
1.0,0.5057138,0.24390349,0
1.0,0.5058845,0.24417442,0
1.0,0.5059776,0.24444684,0
1.0,0.5061683,0.24475832,0
1.0,0.50632447,0.24505356,0
1.0,0.5064573,0.24531698,0
1.0,0.50659066,0.2455546,0
1.0,0.5067322,0.24585524,0
